9657,94,1.777797400231307
9657,352,1.1129627523015866
9657,255,0.9922036153203204
9657,77,0.47140452079103173
9657,89,0.4607924524626279
9657,824,0.40882656657586924
9657,200,0.3058859797386657
9657,284,0.11646042432302961
9657,476,0.0
9657,400,0.0
1550,20,0.0
1550,399,0.0
1550,476,0.0
1550,264,0.0
1550,200,0.0
1550,189,0.0
1550,362,0.0
1550,17,0.0
1550,16,0.0
1550,310,0.0
17924,200,9.0
17924,20,8.0
17924,119,7.0
17924,399,6.0
17924,79,5.0
17924,287,4.0
17924,189,4.0
17924,362,3.999999999999999
17924,22,2.999999999999999
17924,255,2.0
4672,119,0.0
4672,399,0.0
4672,476,0.0
4672,264,0.0
4672,200,0.0
4672,189,0.0
4672,362,0.0
4672,17,0.0
4672,16,0.0
4672,310,0.0
8497,119,0.0
8497,20,0.0
8497,399,0.0
8497,476,0.0
8497,264,0.0
8497,189,0.0
8497,362,0.0
8497,17,0.0
8497,16,0.0
8497,310,0.0
9070,94,1.4524469005891474
9070,59,0.9038217425781696
9070,415,0.7559289460184546
9070,20,0.3378109783762211
9070,78,0.05508881747693173
9070,77,0.0
9070,400,0.0
9070,476,0.0
9070,119,-0.14960285148886943
9070,134,-0.34024931140337555
16845,119,0.0
16845,20,0.0
16845,399,0.0
16845,476,0.0
16845,264,0.0
16845,200,0.0
16845,189,0.0
16845,17,0.0
16845,16,0.0
16845,310,0.0
7943,399,25.331082444304897
7943,255,10.31489211540043
7943,287,8.706326709437995
7943,22,8.23399428085472
7943,310,6.1960716171375685
7943,352,4.18790652468568
7943,78,2.751516914602536
7943,416,1.2730841553041716
7943,134,1.1762369192607478
7943,824,1.1168371781441386
8348,399,14.676437679641463
8348,310,10.873482611094497
8348,189,10.349110844287475
8348,20,9.349110844287475
8348,119,9.046155775740509
8348,94,8.404199661764405
8348,287,8.247866251070034
8348,352,7.928571428571428
8348,255,7.373482611094497
8348,79,6.60124459321744
7974,94,19.258446848750562
7974,200,18.19918494029254
7974,310,8.030703403909216
7974,16,4.741654964793712
7974,352,4.38343663792729
7974,22,3.6224341509869458
7974,362,2.8918862917176016
7974,78,2.351640445711049
7974,134,1.8653878783333415
7974,89,1.6792465480985863
19001,399,18.49504338594711
19001,264,18.25460592874094
19001,22,5.318198829255385
19001,352,3.1116518709391907
19001,134,1.765162439985706
19001,824,1.3717031184462236
19001,89,1.1657222152409952
19001,284,0.7435349593838879
19001,416,0.48735456710565844
19001,59,0.1351543326744764
5878,287,4.0541043748930665
5878,352,2.955384941561015
5878,89,2.3999125716859275
5878,59,0.5158198615287061
5878,17,0.5000000000000001
5878,134,0.2977142515456277
5878,415,0.11776030079682893
5878,476,0.0
5878,400,0.0
5878,284,-0.3181612046538449
19049,399,12.614822241031955
19049,189,9.482718620584054
19049,310,8.073338329480425
19049,287,8.039240969310155
19049,200,8.01710192119267
19049,79,6.807050856076319
19049,255,6.723210978740609
19049,16,6.107055724899195
19049,22,4.758867378676793
19049,134,3.115655837856961
1359,264,13.0
1359,119,12.0
1359,200,10.0
1359,20,9.0
1359,94,8.0
1359,287,8.0
1359,189,7.0
1359,310,5.0
1359,16,5.0
1359,255,5.0
8347,119,9.0
8347,189,8.0
8347,399,7.0
8347,362,6.0
8347,287,6.0
8347,264,6.0
8347,200,6.0
8347,16,4.0
8347,255,4.0
8347,79,3.0
19003,20,13.891096220804911
19003,200,12.41069887217718
19003,399,12.139000911179053
19003,310,7.018962522131426
19003,255,6.339761156308759
19003,22,6.130499041527253
19003,352,5.098685340722755
19003,79,4.4627300647435
19003,16,3.144351949697126
19003,59,2.8290413942169357
12415,119,0.0
12415,20,0.0
12415,399,0.0
12415,476,0.0
12415,264,0.0
12415,200,0.0
12415,189,0.0
12415,362,0.0
12415,17,0.0
12415,16,0.0
11894,20,35.20880237755309
11894,287,13.203272072513757
11894,310,10.2060949960002
11894,362,8.823149397459447
11894,16,8.580595183344384
11894,352,6.608983499467635
11894,22,4.893147862271121
11894,78,3.61338844172782
11894,134,2.1290657934139645
11894,59,1.7972514688191192
19000,20,8.316753101213603
19000,79,7.055266502639764
19000,94,4.298137786918699
19000,255,2.7681629093669393
19000,352,2.628831005552077
19000,78,1.3652579860909262
19000,77,0.5000000000000001
19000,19,0.3823595564509362
19000,125,0.3823595564509362
19000,190,0.3823595564509362
19030,362,2.456053263464841
19030,78,0.8675614104456598
19030,19,0.04923659639173309
19030,190,0.04923659639173309
19030,125,0.04923659639173309
19030,476,0.0
19030,400,0.0
19030,17,-0.1147078669352809
19030,77,-0.18898223650461365
19030,416,-0.4210804846100392
4729,20,0.0
4729,399,0.0
4729,476,0.0
4729,264,0.0
4729,200,0.0
4729,189,0.0
4729,362,0.0
4729,17,0.0
4729,16,0.0
4729,310,0.0
18257,20,0.0
18257,399,0.0
18257,476,0.0
18257,264,0.0
18257,200,0.0
18257,189,0.0
18257,362,0.0
18257,17,0.0
18257,16,0.0
18257,310,0.0
5872,255,3.020428894279503
5872,362,2.8486449408737156
5872,16,2.7704929772850564
5872,22,2.4150659806752275
5872,200,2.2111816951831083
5872,287,1.6454368328976443
5872,310,1.533601938936102
5872,134,1.422963044607562
5872,77,1.0000000000000004
5872,824,0.5440468589610647
12414,20,9.75529522400592
12414,119,9.460823800347104
12414,94,8.725614888733555
12414,310,7.8813063375206625
12414,362,6.923995088043409
12414,255,6.553703889531869
12414,287,6.54577887676156
12414,16,4.58605774460735
12414,352,4.445879202995053
12414,22,2.977915154870626
8173,20,0.0
8173,399,0.0
8173,476,0.0
8173,264,0.0
8173,200,0.0
8173,189,0.0
8173,362,0.0
8173,17,0.0
8173,16,0.0
8173,310,0.0
4588,20,0.0
4588,399,0.0
4588,476,0.0
4588,264,0.0
4588,200,0.0
4588,189,0.0
4588,362,0.0
4588,17,0.0
4588,16,0.0
4588,310,0.0
19008,119,0.0
19008,20,0.0
19008,399,0.0
19008,476,0.0
19008,264,0.0
19008,200,0.0
19008,362,0.0
19008,17,0.0
19008,16,0.0
19008,310,0.0
7796,20,0.0
7796,399,0.0
7796,476,0.0
7796,264,0.0
7796,200,0.0
7796,189,0.0
7796,362,0.0
7796,17,0.0
7796,16,0.0
7796,310,0.0
16513,119,0.0
16513,20,0.0
16513,399,0.0
16513,476,0.0
16513,264,0.0
16513,200,0.0
16513,189,0.0
16513,362,0.0
16513,17,0.0
16513,16,0.0
319,20,0.0
319,399,0.0
319,476,0.0
319,264,0.0
319,200,0.0
319,189,0.0
319,362,0.0
319,17,0.0
319,16,0.0
319,310,0.0
4696,20,0.0
4696,399,0.0
4696,476,0.0
4696,264,0.0
4696,200,0.0
4696,189,0.0
4696,362,0.0
4696,17,0.0
4696,16,0.0
4696,310,0.0
11917,119,0.0
11917,20,0.0
11917,399,0.0
11917,476,0.0
11917,264,0.0
11917,200,0.0
11917,189,0.0
11917,362,0.0
11917,17,0.0
11917,16,0.0
5120,264,12.61750194995497
5120,200,8.281682314054564
5120,94,7.324979704064347
5120,189,7.1510856143565675
5120,79,6.769890886587415
5120,399,6.670666950341575
5120,287,5.966789396309039
5120,362,5.858560240848667
5120,352,4.476797443133675
5120,16,3.842251168990064
4304,399,0.0
4304,476,0.0
4304,264,0.0
4304,200,0.0
4304,189,0.0
4304,362,0.0
4304,17,0.0
4304,16,0.0
4304,310,0.0
4304,59,0.0
18260,119,0.0
18260,20,0.0
18260,399,0.0
18260,476,0.0
18260,264,0.0
18260,200,0.0
18260,189,0.0
18260,362,0.0
18260,17,0.0
18260,16,0.0
4,200,16.758686802475875
4,352,8.613158738888648
4,255,8.30359932211541
4,310,7.933168970213826
4,22,7.7103270546291895
4,362,7.13533758731592
4,16,6.24711368287631
4,134,3.1188607479123664
4,59,3.025125608456568
4,78,2.77554054738724
19029,16,2.1677702748471845
19029,287,1.8883882788763975
19029,415,0.9999999999999998
19029,89,0.917662935482247
19029,79,0.0854332103294313
19029,284,0.0
19029,17,0.0
19029,476,0.0
19029,78,0.0
19029,824,0.0
8342,94,14.036800796541147
8342,255,10.453938662000349
8342,352,10.236012848322574
8342,22,6.685166197938091
8342,59,4.61767479561602
8342,78,3.4972829364720757
8342,134,3.2170167857799123
8342,89,2.29663355554988
8342,824,1.424678951728285
8342,416,0.9627761507044729
19048,20,26.470286083861016
19048,189,12.103037273972337
19048,287,10.784552930053154
19048,255,9.954237011838169
19048,16,7.951343439887118
19048,352,7.7285401359806505
19048,310,5.8688971338938885
19048,22,5.723136305528637
19048,78,5.643973668824154
19048,362,5.575283070628547
18251,255,5.102254989823476
18251,20,4.636991297278943
18251,287,3.4266698845176142
18251,78,2.345346329292022
18251,352,2.0470140018767404
18251,16,1.6158530875955324
18251,77,0.9999999999999998
18251,134,0.5532065382625239
18251,125,0.5142594772265799
18251,19,0.5142594772265799
2090,119,0.0
2090,20,0.0
2090,399,0.0
2090,476,0.0
2090,264,0.0
2090,200,0.0
2090,189,0.0
2090,362,0.0
2090,17,0.0
2090,16,0.0
19159,264,22.579219204958985
19159,189,15.141314168865883
19159,79,14.849558649052934
19159,310,14.164302506701304
19159,287,13.573124883084802
19159,255,13.393822673356972
19159,16,8.061096614207127
19159,352,7.426978114215462
19159,362,6.720536502309235
19159,134,5.205716757077964
19018,20,0.0
19018,399,0.0
19018,476,0.0
19018,264,0.0
19018,200,0.0
19018,189,0.0
19018,362,0.0
19018,17,0.0
19018,16,0.0
19018,310,0.0
14223,119,0.0
14223,20,0.0
14223,399,0.0
14223,476,0.0
14223,264,0.0
14223,200,0.0
14223,362,0.0
14223,17,0.0
14223,16,0.0
14223,310,0.0
19534,20,0.0
19534,399,0.0
19534,476,0.0
19534,264,0.0
19534,200,0.0
19534,189,0.0
19534,362,0.0
19534,17,0.0
19534,16,0.0
19534,310,0.0
8289,20,0.0
8289,399,0.0
8289,476,0.0
8289,264,0.0
8289,200,0.0
8289,189,0.0
8289,362,0.0
8289,17,0.0
8289,16,0.0
8289,310,0.0
15596,287,6.0166882041877745
15596,362,4.0011196367483794
15596,200,3.7868339224626677
15596,16,2.786833922462665
15596,310,2.5427628684811197
15596,399,2.176656287508804
15596,134,2.0750939261482637
15596,59,2.020005108671332
15596,119,2.0174593907000222
15596,416,1.9449111825230683
18249,399,0.0
18249,476,0.0
18249,264,0.0
18249,200,0.0
18249,189,0.0
18249,362,0.0
18249,17,0.0
18249,16,0.0
18249,310,0.0
18249,59,0.0
10885,119,0.0
10885,20,0.0
10885,399,0.0
10885,476,0.0
10885,264,0.0
10885,200,0.0
10885,189,0.0
10885,362,0.0
10885,17,0.0
10885,16,0.0
19046,119,0.0
19046,20,0.0
19046,399,0.0
19046,476,0.0
19046,200,0.0
19046,189,0.0
19046,362,0.0
19046,17,0.0
19046,16,0.0
19046,310,0.0
10369,20,0.0
10369,399,0.0
10369,476,0.0
10369,264,0.0
10369,200,0.0
10369,189,0.0
10369,362,0.0
10369,17,0.0
10369,16,0.0
10369,310,0.0
4693,399,0.0
4693,476,0.0
4693,264,0.0
4693,200,0.0
4693,189,0.0
4693,362,0.0
4693,17,0.0
4693,16,0.0
4693,310,0.0
4693,59,0.0
12411,20,25.92229471427427
12411,264,22.870678544651557
12411,189,14.15755935720041
12411,255,11.881069039291702
12411,287,10.653567483057529
12411,16,10.099584995496826
12411,310,9.572301333193089
12411,352,8.07551988434361
12411,362,6.585671541975349
12411,22,4.764218557998984
16398,200,5.0
16398,189,4.0
16398,94,3.0
16398,20,3.0
16398,255,3.0
16398,134,2.0
16398,79,1.9999999999999998
16398,17,1.0000000000000002
16398,362,1.0
16398,16,0.9999999999999998
18259,119,0.0
18259,20,0.0
18259,399,0.0
18259,476,0.0
18259,264,0.0
18259,200,0.0
18259,189,0.0
18259,362,0.0
18259,17,0.0
18259,16,0.0
8543,20,14.250109371657636
8543,189,11.284335660354378
8543,79,10.130004540561496
8543,16,8.23168995842608
8543,310,8.066714911892825
8543,255,7.720989763567911
8543,287,7.684036284273391
8543,352,7.000350004143406
8543,362,5.502902471591568
8543,22,3.894262293437028
19024,415,0.5000000000000001
19024,125,0.0
19024,19,0.0
19024,416,0.0
19024,476,0.0
19024,190,0.0
19024,400,0.0
19024,59,-0.38529213306471904
19024,824,-0.9176629354822472
19024,89,-0.9999999999999998
18256,119,0.0
18256,20,0.0
18256,399,0.0
18256,476,0.0
18256,264,0.0
18256,200,0.0
18256,189,0.0
18256,362,0.0
18256,17,0.0
18256,16,0.0
4634,20,0.0
4634,476,0.0
4634,264,0.0
4634,200,0.0
4634,189,0.0
4634,362,0.0
4634,17,0.0
4634,16,0.0
4634,310,0.0
4634,59,0.0
465,119,0.0
465,20,0.0
465,399,0.0
465,476,0.0
465,264,0.0
465,200,0.0
465,189,0.0
465,362,0.0
465,17,0.0
465,16,0.0
5924,119,0.0
5924,20,0.0
5924,399,0.0
5924,476,0.0
5924,264,0.0
5924,200,0.0
5924,189,0.0
5924,362,0.0
5924,17,0.0
5924,16,0.0
19034,352,4.0
19034,264,4.0
19034,200,4.0
19034,119,1.9999999999999998
19034,310,1.9999999999999998
19034,415,1.0000000000000002
19034,190,1.0
19034,416,1.0
19034,59,1.0
19034,89,1.0
8773,20,0.0
8773,399,0.0
8773,476,0.0
8773,264,0.0
8773,200,0.0
8773,189,0.0
8773,362,0.0
8773,17,0.0
8773,16,0.0
8773,310,0.0
469,119,0.0
469,20,0.0
469,399,0.0
469,476,0.0
469,264,0.0
469,200,0.0
469,189,0.0
469,362,0.0
469,17,0.0
469,16,0.0
18649,119,0.0
18649,20,0.0
18649,399,0.0
18649,476,0.0
18649,264,0.0
18649,200,0.0
18649,189,0.0
18649,362,0.0
18649,17,0.0
18649,16,0.0
19033,119,0.0
19033,20,0.0
19033,399,0.0
19033,476,0.0
19033,264,0.0
19033,189,0.0
19033,362,0.0
19033,17,0.0
19033,16,0.0
19033,310,0.0
4310,20,0.0
4310,399,0.0
4310,476,0.0
4310,264,0.0
4310,200,0.0
4310,189,0.0
4310,362,0.0
4310,17,0.0
4310,16,0.0
4310,310,0.0
5873,119,0.0
5873,20,0.0
5873,399,0.0
5873,476,0.0
5873,264,0.0
5873,200,0.0
5873,189,0.0
5873,362,0.0
5873,17,0.0
5873,16,0.0
11908,119,0.0
11908,20,0.0
11908,476,0.0
11908,264,0.0
11908,200,0.0
11908,189,0.0
11908,362,0.0
11908,17,0.0
11908,16,0.0
11908,310,0.0
18070,119,0.0
18070,20,0.0
18070,399,0.0
18070,476,0.0
18070,264,0.0
18070,200,0.0
18070,189,0.0
18070,362,0.0
18070,17,0.0
18070,16,0.0
14822,119,0.0
14822,399,0.0
14822,476,0.0
14822,264,0.0
14822,200,0.0
14822,189,0.0
14822,362,0.0
14822,17,0.0
14822,16,0.0
14822,310,0.0
18999,399,19.598373178942563
18999,94,16.422425057989706
18999,79,16.05551503491161
18999,264,15.743923732306648
18999,189,11.559466964463677
18999,310,9.111421718044031
18999,255,7.434155034233095
18999,16,6.741071277211844
18999,352,6.273408956553708
18999,362,5.555515034911608
14091,119,0.0
14091,20,0.0
14091,476,0.0
14091,264,0.0
14091,200,0.0
14091,189,0.0
14091,362,0.0
14091,17,0.0
14091,16,0.0
14091,310,0.0
1023,119,0.0
1023,20,0.0
1023,476,0.0
1023,264,0.0
1023,200,0.0
1023,189,0.0
1023,362,0.0
1023,17,0.0
1023,16,0.0
1023,310,0.0
3783,200,7.7374667165314825
3783,189,6.304413426045322
3783,20,5.831661673086142
3783,264,5.071339718290766
3783,287,4.688982236504613
3783,255,4.630821544544619
3783,362,2.193375245281537
3783,79,2.071339718290764
3783,78,2.0
3783,310,1.937446299263082
19913,119,0.0
19913,20,0.0
19913,399,0.0
19913,476,0.0
19913,264,0.0
19913,200,0.0
19913,189,0.0
19913,362,0.0
19913,17,0.0
19913,16,0.0
19012,119,0.0
19012,20,0.0
19012,399,0.0
19012,476,0.0
19012,264,0.0
19012,200,0.0
19012,189,0.0
19012,362,0.0
19012,17,0.0
19012,16,0.0
11918,119,0.0
11918,20,0.0
11918,476,0.0
11918,264,0.0
11918,200,0.0
11918,189,0.0
11918,362,0.0
11918,17,0.0
11918,16,0.0
11918,310,0.0
11912,119,0.0
11912,20,0.0
11912,399,0.0
11912,476,0.0
11912,264,0.0
11912,200,0.0
11912,189,0.0
11912,362,0.0
11912,17,0.0
11912,16,0.0
19022,20,0.0
19022,399,0.0
19022,476,0.0
19022,264,0.0
19022,200,0.0
19022,189,0.0
19022,362,0.0
19022,17,0.0
19022,16,0.0
19022,310,0.0
18250,119,0.0
18250,20,0.0
18250,399,0.0
18250,476,0.0
18250,264,0.0
18250,200,0.0
18250,189,0.0
18250,362,0.0
18250,17,0.0
18250,16,0.0
19028,20,0.0
19028,399,0.0
19028,476,0.0
19028,264,0.0
19028,200,0.0
19028,189,0.0
19028,362,0.0
19028,17,0.0
19028,16,0.0
19028,310,0.0
12350,119,0.0
12350,20,0.0
12350,399,0.0
12350,476,0.0
12350,264,0.0
12350,200,0.0
12350,189,0.0
12350,362,0.0
12350,17,0.0
12350,16,0.0
19021,119,0.0
19021,399,0.0
19021,476,0.0
19021,264,0.0
19021,200,0.0
19021,189,0.0
19021,362,0.0
19021,17,0.0
19021,16,0.0
19021,310,0.0
11911,20,9.0
11911,399,8.0
11911,119,8.0
11911,264,7.0
11911,200,7.0
11911,94,5.000000000000001
11911,189,5.0
11911,255,5.0
11911,310,4.0
11911,362,4.0
80,119,0.0
80,20,0.0
80,399,0.0
80,476,0.0
80,264,0.0
80,189,0.0
80,362,0.0
80,17,0.0
80,16,0.0
80,310,0.0
19043,264,11.796848583597477
19043,287,9.825882464812366
19043,79,6.120197012370328
19043,352,5.8648313860760855
19043,16,5.5752978059192415
19043,310,5.003698380377835
19043,362,4.156215675935473
19043,134,3.1153750458329625
19043,78,3.09842419432916
19043,89,1.2990786942705972
11903,20,7.142908072372034
11903,79,3.382833884197641
11903,287,2.493761022641099
11903,310,2.048703472563016
11903,134,1.798472744811789
11903,94,1.2752545976790086
11903,17,1.0
11903,16,0.7159571129096463
11903,200,0.46623828373870047
11903,824,0.3333333333333333
19044,200,19.376688279273193
19044,189,11.568060906822645
19044,255,10.96196899031821
19044,352,5.6883520277544495
19044,22,5.553901963649311
19044,16,5.457305385447361
19044,78,4.364995217136203
19044,310,4.1467152878316265
19044,362,3.438003319489349
19044,134,2.794642217561062
8335,119,0.0
8335,20,0.0
8335,399,0.0
8335,476,0.0
8335,264,0.0
8335,200,0.0
8335,362,0.0
8335,17,0.0
8335,16,0.0
8335,310,0.0
4633,119,0.0
4633,399,0.0
4633,476,0.0
4633,264,0.0
4633,200,0.0
4633,189,0.0
4633,362,0.0
4633,17,0.0
4633,16,0.0
4633,310,0.0
4448,119,0.0
4448,20,0.0
4448,476,0.0
4448,264,0.0
4448,200,0.0
4448,189,0.0
4448,362,0.0
4448,17,0.0
4448,16,0.0
4448,310,0.0
11899,119,0.0
11899,20,0.0
11899,476,0.0
11899,264,0.0
11899,200,0.0
11899,189,0.0
11899,362,0.0
11899,17,0.0
11899,16,0.0
11899,310,0.0
10748,119,0.0
10748,20,0.0
10748,399,0.0
10748,476,0.0
10748,264,0.0
10748,200,0.0
10748,362,0.0
10748,17,0.0
10748,16,0.0
10748,310,0.0
11901,119,0.0
11901,20,0.0
11901,399,0.0
11901,476,0.0
11901,264,0.0
11901,200,0.0
11901,362,0.0
11901,17,0.0
11901,16,0.0
11901,310,0.0
18230,79,11.252127315628597
18230,189,10.44952423233388
18230,94,9.976806890502335
18230,310,9.91991003394391
18230,264,9.827553799420917
18230,287,9.079614292618755
18230,255,7.731946974045005
18230,352,7.530758705034729
18230,16,5.709064355202107
18230,362,5.030758705034728
11909,119,0.0
11909,20,0.0
11909,476,0.0
11909,264,0.0
11909,200,0.0
11909,189,0.0
11909,362,0.0
11909,17,0.0
11909,16,0.0
11909,310,0.0
7727,20,0.0
7727,399,0.0
7727,476,0.0
7727,264,0.0
7727,200,0.0
7727,189,0.0
7727,362,0.0
7727,17,0.0
7727,16,0.0
7727,310,0.0
11907,119,0.0
11907,20,0.0
11907,399,0.0
11907,476,0.0
11907,264,0.0
11907,200,0.0
11907,189,0.0
11907,362,0.0
11907,17,0.0
11907,16,0.0
6527,200,16.0
6527,399,13.0
6527,20,12.0
6527,264,12.0
6527,94,11.0
6527,287,9.0
6527,189,8.0
6527,16,7.000000000000001
6527,255,7.000000000000001
6527,310,5.000000000000001
19041,119,0.0
19041,20,0.0
19041,399,0.0
19041,476,0.0
19041,264,0.0
19041,200,0.0
19041,189,0.0
19041,362,0.0
19041,17,0.0
19041,16,0.0
8324,119,0.0
8324,20,0.0
8324,399,0.0
8324,476,0.0
8324,264,0.0
8324,200,0.0
8324,362,0.0
8324,17,0.0
8324,16,0.0
8324,310,0.0
11910,119,0.0
11910,20,0.0
11910,399,0.0
11910,476,0.0
11910,264,0.0
11910,200,0.0
11910,189,0.0
11910,362,0.0
11910,17,0.0
11910,16,0.0
502,119,0.0
502,20,0.0
502,476,0.0
502,264,0.0
502,200,0.0
502,189,0.0
502,362,0.0
502,17,0.0
502,16,0.0
502,310,0.0
6973,119,0.0
6973,20,0.0
6973,399,0.0
6973,476,0.0
6973,264,0.0
6973,200,0.0
6973,362,0.0
6973,17,0.0
6973,16,0.0
6973,310,0.0
19042,119,0.0
19042,399,0.0
19042,476,0.0
19042,264,0.0
19042,200,0.0
19042,189,0.0
19042,362,0.0
19042,17,0.0
19042,16,0.0
19042,310,0.0
18185,119,0.0
18185,20,0.0
18185,399,0.0
18185,476,0.0
18185,200,0.0
18185,189,0.0
18185,362,0.0
18185,17,0.0
18185,16,0.0
18185,310,0.0
10265,119,0.0
10265,20,0.0
10265,399,0.0
10265,476,0.0
10265,264,0.0
10265,200,0.0
10265,189,0.0
10265,362,0.0
10265,17,0.0
10265,16,0.0
5606,119,0.0
5606,20,0.0
5606,399,0.0
5606,476,0.0
5606,264,0.0
5606,200,0.0
5606,189,0.0
5606,362,0.0
5606,17,0.0
5606,16,0.0
19004,79,7.158998412499816
19004,352,4.558848022646789
19004,59,4.067127284945163
19004,362,2.7784019215114726
19004,22,1.4128371963951802
19004,89,0.8444217131758954
19004,78,0.7424182796372638
19004,416,0.47679445035448653
19004,190,0.17176148036279057
19004,125,0.17176148036279057
6128,119,0.0
6128,20,0.0
6128,399,0.0
6128,476,0.0
6128,264,0.0
6128,200,0.0
6128,189,0.0
6128,362,0.0
6128,17,0.0
6128,16,0.0
15717,22,4.0
15717,16,4.0
15717,310,4.0
15717,79,3.0
15717,362,3.0
15717,189,3.0
15717,20,3.0
15717,287,2.0
15717,824,2.0
15717,119,2.0
13880,119,0.0
13880,20,0.0
13880,399,0.0
13880,476,0.0
13880,200,0.0
13880,189,0.0
13880,362,0.0
13880,17,0.0
13880,16,0.0
13880,310,0.0
14062,20,0.0
14062,399,0.0
14062,476,0.0
14062,264,0.0
14062,200,0.0
14062,189,0.0
14062,362,0.0
14062,17,0.0
14062,16,0.0
14062,310,0.0
98,119,0.0
98,20,0.0
98,399,0.0
98,476,0.0
98,264,0.0
98,200,0.0
98,189,0.0
98,362,0.0
98,17,0.0
98,16,0.0
12122,119,0.0
12122,20,0.0
12122,399,0.0
12122,476,0.0
12122,200,0.0
12122,189,0.0
12122,362,0.0
12122,17,0.0
12122,16,0.0
12122,310,0.0
11919,119,0.0
11919,20,0.0
11919,399,0.0
11919,476,0.0
11919,264,0.0
11919,200,0.0
11919,189,0.0
11919,362,0.0
11919,17,0.0
11919,16,0.0
19035,119,0.0
19035,20,0.0
19035,399,0.0
19035,476,0.0
19035,264,0.0
19035,200,0.0
19035,189,0.0
19035,362,0.0
19035,17,0.0
19035,16,0.0
6528,264,21.4018893413601
6528,119,19.033855462942753
6528,399,17.783299767228357
6528,200,15.096488017577432
6528,189,12.828398293432937
6528,255,11.212348353359417
6528,287,10.785477540385436
6528,362,7.959148645690721
6528,310,7.849687725246128
6528,352,7.542344550176267
12416,119,0.0
12416,20,0.0
12416,399,0.0
12416,476,0.0
12416,264,0.0
12416,200,0.0
12416,189,0.0
12416,362,0.0
12416,17,0.0
12416,16,0.0
7333,119,0.0
7333,20,0.0
7333,399,0.0
7333,476,0.0
7333,264,0.0
7333,200,0.0
7333,189,0.0
7333,362,0.0
7333,17,0.0
7333,16,0.0
19138,119,0.0
19138,20,0.0
19138,399,0.0
19138,476,0.0
19138,264,0.0
19138,200,0.0
19138,189,0.0
19138,362,0.0
19138,17,0.0
19138,16,0.0
6526,119,0.0
6526,399,0.0
6526,476,0.0
6526,264,0.0
6526,200,0.0
6526,189,0.0
6526,362,0.0
6526,17,0.0
6526,16,0.0
6526,310,0.0
19027,119,0.0
19027,399,0.0
19027,476,0.0
19027,264,0.0
19027,200,0.0
19027,189,0.0
19027,362,0.0
19027,17,0.0
19027,16,0.0
19027,310,0.0
15594,77,0.42640143271122083
15594,415,0.11470786693528091
15594,476,0.0
15594,400,0.0
15594,16,-0.38529213306471943
15594,190,-0.4999999999999999
15594,125,-0.4999999999999999
15594,19,-0.4999999999999999
15594,17,-0.5000000000000001
15594,284,-0.5000000000000002
8917,119,0.0
8917,20,0.0
8917,399,0.0
8917,476,0.0
8917,264,0.0
8917,200,0.0
8917,362,0.0
8917,17,0.0
8917,16,0.0
8917,310,0.0
19011,119,0.0
19011,399,0.0
19011,476,0.0
19011,264,0.0
19011,200,0.0
19011,189,0.0
19011,362,0.0
19011,17,0.0
19011,16,0.0
19011,310,0.0
11904,119,0.0
11904,20,0.0
11904,399,0.0
11904,476,0.0
11904,264,0.0
11904,189,0.0
11904,362,0.0
11904,17,0.0
11904,16,0.0
11904,310,0.0
6553,119,0.0
6553,20,0.0
6553,399,0.0
6553,476,0.0
6553,264,0.0
6553,189,0.0
6553,362,0.0
6553,17,0.0
6553,16,0.0
6553,310,0.0
14738,119,0.0
14738,20,0.0
14738,399,0.0
14738,476,0.0
14738,264,0.0
14738,200,0.0
14738,189,0.0
14738,362,0.0
14738,17,0.0
14738,16,0.0
7645,119,0.0
7645,399,0.0
7645,476,0.0
7645,264,0.0
7645,200,0.0
7645,189,0.0
7645,362,0.0
7645,17,0.0
7645,16,0.0
7645,310,0.0
13564,119,0.0
13564,20,0.0
13564,399,0.0
13564,476,0.0
13564,264,0.0
13564,200,0.0
13564,189,0.0
13564,362,0.0
13564,17,0.0
13564,16,0.0
1013,119,0.0
1013,20,0.0
1013,399,0.0
1013,476,0.0
1013,264,0.0
1013,200,0.0
1013,189,0.0
1013,362,0.0
1013,17,0.0
1013,16,0.0
18231,119,0.0
18231,399,0.0
18231,476,0.0
18231,264,0.0
18231,200,0.0
18231,189,0.0
18231,362,0.0
18231,17,0.0
18231,16,0.0
18231,310,0.0
3736,119,0.0
3736,20,0.0
3736,399,0.0
3736,476,0.0
3736,264,0.0
3736,200,0.0
3736,189,0.0
3736,362,0.0
3736,17,0.0
3736,16,0.0
5119,119,0.0
5119,399,0.0
5119,476,0.0
5119,264,0.0
5119,200,0.0
5119,189,0.0
5119,362,0.0
5119,17,0.0
5119,16,0.0
5119,310,0.0
11915,399,9.675463046420933
11915,352,8.492165042419174
11915,200,7.882097955093206
11915,287,7.850039183890832
11915,119,6.361168894333625
11915,310,5.141162374058515
11915,255,3.5357452120886546
11915,16,3.323073024882719
11915,59,2.62671444418006
11915,362,2.49574618952873
18261,119,0.0
18261,20,0.0
18261,399,0.0
18261,476,0.0
18261,264,0.0
18261,200,0.0
18261,189,0.0
18261,362,0.0
18261,17,0.0
18261,16,0.0
11900,20,0.0
11900,476,0.0
11900,264,0.0
11900,200,0.0
11900,189,0.0
11900,362,0.0
11900,17,0.0
11900,16,0.0
11900,310,0.0
11900,59,0.0
6788,119,0.0
6788,20,0.0
6788,399,0.0
6788,476,0.0
6788,264,0.0
6788,189,0.0
6788,362,0.0
6788,17,0.0
6788,16,0.0
6788,310,0.0
16835,119,0.0
16835,20,0.0
16835,399,0.0
16835,476,0.0
16835,264,0.0
16835,200,0.0
16835,189,0.0
16835,362,0.0
16835,17,0.0
16835,16,0.0
19201,20,0.0
19201,399,0.0
19201,476,0.0
19201,264,0.0
19201,200,0.0
19201,189,0.0
19201,362,0.0
19201,17,0.0
19201,16,0.0
19201,310,0.0
19038,119,0.0
19038,20,0.0
19038,399,0.0
19038,476,0.0
19038,264,0.0
19038,200,0.0
19038,189,0.0
19038,362,0.0
19038,17,0.0
19038,16,0.0
5925,119,0.0
5925,20,0.0
5925,399,0.0
5925,476,0.0
5925,264,0.0
5925,200,0.0
5925,362,0.0
5925,17,0.0
5925,16,0.0
5925,310,0.0
16836,119,0.0
16836,20,0.0
16836,399,0.0
16836,476,0.0
16836,264,0.0
16836,200,0.0
16836,189,0.0
16836,362,0.0
16836,17,0.0
16836,16,0.0
19013,287,6.999999999999998
19013,79,5.0
19013,200,4.999999999999998
19013,352,3.999999999999999
19013,310,3.999999999999999
19013,399,3.9999999999999982
19013,362,3.0
19013,119,2.9999999999999982
19013,416,1.9999999999999996
19013,824,1.9999999999999996
19015,119,0.0
19015,20,0.0
19015,399,0.0
19015,476,0.0
19015,200,0.0
19015,189,0.0
19015,362,0.0
19015,17,0.0
19015,16,0.0
19015,310,0.0
417,119,0.0
417,399,0.0
417,476,0.0
417,264,0.0
417,200,0.0
417,189,0.0
417,362,0.0
417,17,0.0
417,16,0.0
417,310,0.0
19005,287,4.060591054538045
19005,352,3.1244166298726475
19005,200,3.1212079033852813
19005,310,2.7322431439099244
19005,255,2.380345575891102
19005,79,2.3059816957940686
19005,189,2.28414011998116
19005,134,1.625282006149735
19005,59,1.6063971359346139
19005,94,1.242696849990258
14710,119,0.0
14710,20,0.0
14710,399,0.0
14710,476,0.0
14710,264,0.0
14710,200,0.0
14710,189,0.0
14710,362,0.0
14710,17,0.0
14710,16,0.0
9900,20,0.0
9900,399,0.0
9900,476,0.0
9900,264,0.0
9900,200,0.0
9900,189,0.0
9900,362,0.0
9900,17,0.0
9900,16,0.0
9900,310,0.0
10091,264,9.0
10091,94,7.0
10091,79,6.0
10091,362,5.0
10091,310,5.0
10091,287,4.0
10091,189,4.0
10091,200,3.0
10091,16,3.0
10091,399,3.0
6754,119,0.0
6754,20,0.0
6754,399,0.0
6754,476,0.0
6754,264,0.0
6754,189,0.0
6754,362,0.0
6754,17,0.0
6754,16,0.0
6754,310,0.0
19045,20,0.0
19045,399,0.0
19045,476,0.0
19045,264,0.0
19045,200,0.0
19045,189,0.0
19045,362,0.0
19045,17,0.0
19045,16,0.0
19045,310,0.0
418,119,0.0
418,20,0.0
418,399,0.0
418,476,0.0
418,264,0.0
418,200,0.0
418,189,0.0
418,362,0.0
418,17,0.0
418,16,0.0
419,119,0.0
419,399,0.0
419,476,0.0
419,264,0.0
419,200,0.0
419,189,0.0
419,362,0.0
419,17,0.0
419,16,0.0
419,310,0.0
1362,119,0.0
1362,20,0.0
1362,399,0.0
1362,476,0.0
1362,264,0.0
1362,200,0.0
1362,189,0.0
1362,362,0.0
1362,17,0.0
1362,16,0.0
19040,119,0.0
19040,20,0.0
19040,399,0.0
19040,476,0.0
19040,264,0.0
19040,200,0.0
19040,189,0.0
19040,362,0.0
19040,17,0.0
19040,16,0.0
5565,119,0.0
5565,20,0.0
5565,399,0.0
5565,476,0.0
5565,264,0.0
5565,200,0.0
5565,189,0.0
5565,362,0.0
5565,17,0.0
5565,16,0.0
11916,119,0.0
11916,20,0.0
11916,399,0.0
11916,476,0.0
11916,264,0.0
11916,200,0.0
11916,189,0.0
11916,362,0.0
11916,17,0.0
11916,16,0.0
10460,119,0.0
10460,20,0.0
10460,399,0.0
10460,476,0.0
10460,264,0.0
10460,200,0.0
10460,189,0.0
10460,362,0.0
10460,17,0.0
10460,16,0.0
2046,119,0.0
2046,20,0.0
2046,399,0.0
2046,476,0.0
2046,264,0.0
2046,200,0.0
2046,189,0.0
2046,362,0.0
2046,17,0.0
2046,16,0.0
18506,119,0.0
18506,20,0.0
18506,399,0.0
18506,476,0.0
18506,264,0.0
18506,200,0.0
18506,189,0.0
18506,362,0.0
18506,17,0.0
18506,16,0.0
9901,264,14.0
9901,399,9.0
9901,119,8.0
9901,287,6.999999999999999
9901,94,6.0
9901,200,6.0
9901,189,6.0
9901,310,5.0
9901,16,5.0
9901,352,5.0
12009,119,0.0
12009,399,0.0
12009,476,0.0
12009,264,0.0
12009,200,0.0
12009,189,0.0
12009,362,0.0
12009,17,0.0
12009,16,0.0
12009,310,0.0
4449,119,0.0
4449,399,0.0
4449,476,0.0
4449,264,0.0
4449,200,0.0
4449,189,0.0
4449,362,0.0
4449,17,0.0
4449,16,0.0
4449,310,0.0
19026,119,0.0
19026,20,0.0
19026,476,0.0
19026,264,0.0
19026,200,0.0
19026,189,0.0
19026,362,0.0
19026,17,0.0
19026,16,0.0
19026,310,0.0
1361,119,0.0
1361,20,0.0
1361,399,0.0
1361,476,0.0
1361,264,0.0
1361,200,0.0
1361,189,0.0
1361,362,0.0
1361,17,0.0
1361,16,0.0
12412,119,0.0
12412,20,0.0
12412,399,0.0
12412,476,0.0
12412,264,0.0
12412,200,0.0
12412,189,0.0
12412,362,0.0
12412,17,0.0
12412,16,0.0
10461,119,0.0
10461,20,0.0
10461,399,0.0
10461,476,0.0
10461,264,0.0
10461,200,0.0
10461,189,0.0
10461,362,0.0
10461,17,0.0
10461,16,0.0
11711,119,0.0
11711,20,0.0
11711,399,0.0
11711,476,0.0
11711,200,0.0
11711,189,0.0
11711,362,0.0
11711,17,0.0
11711,16,0.0
11711,310,0.0
6323,119,20.97968574663413
6323,94,11.36413120349834
6323,78,2.7549089878165773
6323,134,2.376191926965431
6323,89,1.9482576136172463
6323,284,1.0589023807970568
6323,77,0.6006400760428551
6323,19,0.36663212173099785
6323,190,0.36663212173099785
6323,125,0.36663212173099785
10833,119,0.0
10833,20,0.0
10833,399,0.0
10833,476,0.0
10833,264,0.0
10833,200,0.0
10833,189,0.0
10833,362,0.0
10833,17,0.0
10833,16,0.0
17184,415,0.9999999999999998
17184,59,0.998625428903524
17184,78,0.6726731646460112
17184,134,0.016644922841558385
17184,17,0.0
17184,476,0.0
17184,77,0.0
17184,400,0.0
17184,190,-0.14285714285714285
17184,125,-0.14285714285714285
2418,78,0.9731159072775056
2418,17,0.7035264706814485
2418,284,0.28526201148852814
2418,77,0.1572427255082877
2418,59,0.147508912020212
2418,416,5.80144780511993E-4
2418,476,0.0
2418,400,0.0
2418,119,-0.09233605937749223
2418,16,-0.12414905123180431
15300,20,8.874380145407514
15300,200,5.713572983262134
15300,189,5.335149068238035
15300,94,5.058495534085031
15300,79,3.0689179271882354
15300,310,1.7739484399564887
15300,255,1.724460681397798
15300,287,1.6242221806874448
15300,134,1.6219543498028934
15300,17,0.8660254037844388
9532,119,0.0
9532,20,0.0
9532,399,0.0
9532,476,0.0
9532,264,0.0
9532,200,0.0
9532,189,0.0
9532,362,0.0
9532,17,0.0
9532,16,0.0
11500,399,16.68032525738823
11500,200,7.33718966183106
11500,94,6.55505636572836
11500,362,6.211946159051953
11500,287,5.168454078814522
11500,16,4.577924355733088
11500,22,3.7552459689953928
11500,79,2.243452826743008
11500,134,1.8479003329805088
11500,255,1.7453075015845716
6325,20,0.0
6325,399,0.0
6325,476,0.0
6325,264,0.0
6325,200,0.0
6325,189,0.0
6325,362,0.0
6325,17,0.0
6325,16,0.0
6325,310,0.0
19759,119,0.0
19759,399,0.0
19759,476,0.0
19759,264,0.0
19759,200,0.0
19759,189,0.0
19759,362,0.0
19759,17,0.0
19759,16,0.0
19759,310,0.0
6326,119,0.0
6326,20,0.0
6326,399,0.0
6326,476,0.0
6326,264,0.0
6326,200,0.0
6326,189,0.0
6326,362,0.0
6326,17,0.0
6326,16,0.0
16883,119,0.0
16883,399,0.0
16883,476,0.0
16883,264,0.0
16883,200,0.0
16883,189,0.0
16883,362,0.0
16883,17,0.0
16883,16,0.0
16883,310,0.0
5202,20,0.0
5202,399,0.0
5202,476,0.0
5202,264,0.0
5202,200,0.0
5202,189,0.0
5202,362,0.0
5202,17,0.0
5202,16,0.0
5202,310,0.0
4158,119,0.0
4158,20,0.0
4158,399,0.0
4158,476,0.0
4158,264,0.0
4158,200,0.0
4158,189,0.0
4158,362,0.0
4158,17,0.0
4158,16,0.0
13519,20,0.0
13519,399,0.0
13519,476,0.0
13519,264,0.0
13519,200,0.0
13519,189,0.0
13519,362,0.0
13519,17,0.0
13519,16,0.0
13519,310,0.0
10523,119,0.0
10523,20,0.0
10523,399,0.0
10523,476,0.0
10523,264,0.0
10523,200,0.0
10523,189,0.0
10523,362,0.0
10523,17,0.0
10523,16,0.0
9147,119,0.0
9147,20,0.0
9147,399,0.0
9147,476,0.0
9147,264,0.0
9147,200,0.0
9147,189,0.0
9147,362,0.0
9147,17,0.0
9147,16,0.0
18588,119,0.0
18588,20,0.0
18588,399,0.0
18588,476,0.0
18588,264,0.0
18588,200,0.0
18588,189,0.0
18588,362,0.0
18588,17,0.0
18588,16,0.0
17372,119,0.0
17372,20,0.0
17372,399,0.0
17372,476,0.0
17372,264,0.0
17372,200,0.0
17372,189,0.0
17372,362,0.0
17372,17,0.0
17372,16,0.0
971,94,5.0
971,200,3.0
971,362,1.9999999999999991
971,287,1.9999999999999991
971,22,1.0
971,59,2.220446049250313E-16
971,20,0.0
971,416,0.0
971,476,0.0
971,190,0.0
7245,119,0.0
7245,20,0.0
7245,399,0.0
7245,476,0.0
7245,264,0.0
7245,200,0.0
7245,189,0.0
7245,362,0.0
7245,17,0.0
7245,16,0.0
2952,119,17.886132686131795
2952,79,10.136703585094905
2952,16,4.035421472813374
2952,78,2.8209008067886723
2952,134,2.6786405684711334
2952,284,1.0642023750447056
2952,824,0.9716166310510344
2952,89,0.8478011425412351
2952,77,0.6655122646461624
2952,59,0.1801034115508815
964,59,2.1126483724275653
964,352,0.5721454947328868
964,310,0.2411395276557866
964,415,0.2058527788710052
964,89,0.1751338952000152
964,17,0.16903085094570333
964,134,0.12645293729770546
964,78,0.06449846192508912
964,476,0.0
964,400,0.0
7250,119,0.0
7250,20,0.0
7250,399,0.0
7250,476,0.0
7250,264,0.0
7250,200,0.0
7250,362,0.0
7250,17,0.0
7250,16,0.0
7250,310,0.0
2954,310,9.669673329892934
2954,79,6.645510210563405
2954,189,6.149498431626402
2954,20,6.049284421865851
2954,287,5.048979293568446
2954,352,4.2924438917766325
2954,16,4.021260107065215
2954,94,3.143287391076223
2954,255,2.5456008720478036
2954,362,1.9860657696004251
15304,119,0.0
15304,20,0.0
15304,399,0.0
15304,476,0.0
15304,264,0.0
15304,200,0.0
15304,189,0.0
15304,362,0.0
15304,17,0.0
15304,16,0.0
1103,134,0.9999999999999998
1103,94,0.0
1103,59,0.0
1103,415,0.0
1103,17,0.0
1103,476,0.0
1103,400,0.0
1103,79,-0.9999999999999996
1103,189,-0.9999999999999998
1103,362,-0.9999999999999998
15924,119,0.0
15924,20,0.0
15924,399,0.0
15924,476,0.0
15924,264,0.0
15924,200,0.0
15924,189,0.0
15924,362,0.0
15924,17,0.0
15924,16,0.0
17949,119,0.0
17949,399,0.0
17949,476,0.0
17949,264,0.0
17949,200,0.0
17949,189,0.0
17949,362,0.0
17949,17,0.0
17949,16,0.0
17949,310,0.0
7908,119,0.0
7908,399,0.0
7908,476,0.0
7908,264,0.0
7908,200,0.0
7908,189,0.0
7908,362,0.0
7908,17,0.0
7908,16,0.0
7908,310,0.0
2052,119,0.0
2052,20,0.0
2052,399,0.0
2052,476,0.0
2052,264,0.0
2052,200,0.0
2052,362,0.0
2052,17,0.0
2052,16,0.0
2052,310,0.0
17577,310,6.033753181409475
17577,352,5.033753181409475
17577,287,4.435485940793324
17577,189,4.18574727156307
17577,79,3.051772675347509
17577,134,2.7322418368317116
17577,399,2.3719945126391817
17577,200,2.18574727156307
17577,16,2.051772675347509
17577,78,2.0
969,119,0.0
969,20,0.0
969,399,0.0
969,476,0.0
969,264,0.0
969,200,0.0
969,189,0.0
969,362,0.0
969,17,0.0
969,16,0.0
567,119,0.0
567,399,0.0
567,476,0.0
567,264,0.0
567,200,0.0
567,189,0.0
567,362,0.0
567,17,0.0
567,16,0.0
567,310,0.0
3009,119,0.0
3009,20,0.0
3009,399,0.0
3009,476,0.0
3009,264,0.0
3009,200,0.0
3009,189,0.0
3009,362,0.0
3009,17,0.0
3009,16,0.0
1575,119,0.0
1575,20,0.0
1575,399,0.0
1575,476,0.0
1575,264,0.0
1575,200,0.0
1575,189,0.0
1575,362,0.0
1575,17,0.0
1575,16,0.0
967,119,0.0
967,20,0.0
967,399,0.0
967,476,0.0
967,200,0.0
967,189,0.0
967,362,0.0
967,17,0.0
967,16,0.0
967,310,0.0
7103,119,0.0
7103,20,0.0
7103,399,0.0
7103,476,0.0
7103,200,0.0
7103,189,0.0
7103,362,0.0
7103,17,0.0
7103,16,0.0
7103,310,0.0
15305,119,0.0
15305,20,0.0
15305,399,0.0
15305,476,0.0
15305,264,0.0
15305,200,0.0
15305,189,0.0
15305,362,0.0
15305,17,0.0
15305,16,0.0
11612,20,0.0
11612,399,0.0
11612,476,0.0
11612,264,0.0
11612,200,0.0
11612,189,0.0
11612,362,0.0
11612,17,0.0
11612,16,0.0
11612,310,0.0
968,119,0.0
968,20,0.0
968,399,0.0
968,476,0.0
968,200,0.0
968,189,0.0
968,362,0.0
968,17,0.0
968,16,0.0
968,310,0.0
9928,287,10.136160405929642
9928,78,3.051555226931465
9928,22,2.952754965346765
9928,89,1.2410979513446523
9928,284,0.4415590638772797
9928,416,0.40564270934090285
9928,415,0.2985492387158597
9928,77,0.2545196757423025
9928,125,0.2119103067534368
9928,19,0.2119103067534368
14412,79,15.77484067408809
14412,287,11.986946620147437
14412,310,10.001549634562952
14412,362,9.222808443024046
14412,255,8.98922315242298
14412,16,5.775220311629759
14412,22,5.015629691202144
14412,352,4.891414001456028
14412,134,3.5085908958739953
14412,59,2.5951102271129303
8587,119,17.447443801881718
8587,20,14.99846348522631
8587,264,14.108534061824987
8587,94,11.445630077664362
8587,255,10.635214929351267
8587,79,7.3812440150331575
8587,16,7.28350865787414
8587,352,5.154814417758184
8587,287,4.830848894779891
8587,22,4.69520088033047
9929,20,15.772227648208421
9929,264,15.212850547916396
9929,94,11.867815183875152
9929,189,11.854702713406862
9929,255,11.589928400806206
9929,352,8.410757264854245
9929,16,5.886893507495789
9929,310,4.933823609760995
9929,59,3.211984370476459
9929,89,3.0748508909894787
8026,134,1.5000000000000004
8026,17,0.5000000000000001
8026,415,0.5000000000000001
8026,284,0.01801949393803448
8026,78,2.220446049250313E-16
8026,77,0.0
8026,476,0.0
8026,89,0.0
8026,400,0.0
8026,59,-0.4999999999999999
15067,20,9.618056371610663
15067,255,3.8259939735624986
15067,59,3.2527289254600245
15067,78,1.5189367859444003
15067,200,1.0758250181528959
15067,134,0.9979801989286305
15067,824,0.7957338182835476
15067,77,0.40824829046386296
15067,416,0.37790110548737377
15067,476,0.0
8464,119,6.811017763495386
8464,200,5.811017763495386
8464,79,4.811017763495386
8464,189,4.562469857094905
8464,362,4.562469857094905
8464,264,3.8110177634953857
8464,399,3.5624698570949054
8464,16,2.8110177634953857
8464,287,2.751452093599519
8464,255,1.5624698570949065
13970,119,0.0
13970,399,0.0
13970,476,0.0
13970,264,0.0
13970,200,0.0
13970,189,0.0
13970,362,0.0
13970,17,0.0
13970,16,0.0
13970,310,0.0
10542,20,0.0
10542,399,0.0
10542,476,0.0
10542,264,0.0
10542,200,0.0
10542,189,0.0
10542,362,0.0
10542,17,0.0
10542,16,0.0
10542,310,0.0
8076,119,0.0
8076,20,0.0
8076,399,0.0
8076,476,0.0
8076,264,0.0
8076,200,0.0
8076,189,0.0
8076,362,0.0
8076,17,0.0
8076,16,0.0
7874,119,0.0
7874,20,0.0
7874,476,0.0
7874,264,0.0
7874,200,0.0
7874,189,0.0
7874,362,0.0
7874,17,0.0
7874,16,0.0
7874,310,0.0
8459,79,14.315877455137404
8459,287,7.931314506229727
8459,362,6.9822915409869015
8459,310,6.55942304781269
8459,94,6.10099681182054
8459,352,5.173788302428791
8459,16,4.3823085714193795
8459,59,4.380057848614544
8459,255,4.287747736926875
8459,22,3.6789575329319515
9992,119,4.696860677015065
9992,362,3.6882963877742494
9992,20,3.253765250214485
9992,190,0.7777137710478189
9992,125,0.7777137710478189
9992,19,0.7777137710478189
9992,399,0.3732991727524091
9992,79,0.31273742952824635
9992,255,0.09433002384997913
9992,287,0.06634203797135729
4144,119,14.736593939562898
4144,264,11.786315149835566
4144,20,9.060063426993544
4144,200,7.2579107966798855
4144,287,6.812840789225461
4144,16,6.241855030563816
4144,94,5.201869552879739
4144,255,3.1011508830059524
4144,310,2.886757052200842
4144,352,2.2969438480407485
10638,119,0.0
10638,20,0.0
10638,476,0.0
10638,264,0.0
10638,200,0.0
10638,189,0.0
10638,362,0.0
10638,17,0.0
10638,16,0.0
10638,310,0.0
1090,20,0.0
1090,399,0.0
1090,476,0.0
1090,264,0.0
1090,200,0.0
1090,189,0.0
1090,362,0.0
1090,17,0.0
1090,16,0.0
1090,310,0.0
13717,119,0.0
13717,20,0.0
13717,399,0.0
13717,476,0.0
13717,264,0.0
13717,189,0.0
13717,362,0.0
13717,17,0.0
13717,16,0.0
13717,310,0.0
1110,119,0.0
1110,20,0.0
1110,399,0.0
1110,476,0.0
1110,264,0.0
1110,200,0.0
1110,189,0.0
1110,362,0.0
1110,17,0.0
1110,16,0.0
7852,119,0.0
7852,399,0.0
7852,476,0.0
7852,264,0.0
7852,200,0.0
7852,189,0.0
7852,362,0.0
7852,17,0.0
7852,16,0.0
7852,310,0.0
8461,264,10.152584303892464
8461,119,7.8357582098583425
8461,200,6.321987856474841
8461,16,4.120235492783193
8461,824,1.5520855905273616
8461,59,1.4900584393790834
8461,416,0.6281609625427034
8461,17,0.5679301390639018
8461,352,0.14799809280321552
8461,284,0.06960410071549061
3955,20,0.0
3955,399,0.0
3955,476,0.0
3955,264,0.0
3955,200,0.0
3955,189,0.0
3955,362,0.0
3955,17,0.0
3955,16,0.0
3955,310,0.0
19436,119,0.0
19436,20,0.0
19436,399,0.0
19436,476,0.0
19436,264,0.0
19436,189,0.0
19436,362,0.0
19436,17,0.0
19436,16,0.0
19436,310,0.0
3959,22,2.0000000000000004
3959,415,1.0000000000000002
3959,89,1.0000000000000002
3959,352,1.0
3959,190,0.0
3959,476,0.0
3959,284,0.0
3959,78,0.0
3959,416,0.0
3959,824,0.0
4305,119,0.0
4305,20,0.0
4305,476,0.0
4305,264,0.0
4305,200,0.0
4305,189,0.0
4305,362,0.0
4305,17,0.0
4305,16,0.0
4305,310,0.0
14402,119,0.0
14402,20,0.0
14402,476,0.0
14402,264,0.0
14402,200,0.0
14402,189,0.0
14402,362,0.0
14402,17,0.0
14402,16,0.0
14402,310,0.0
2262,119,0.0
2262,399,0.0
2262,476,0.0
2262,264,0.0
2262,200,0.0
2262,189,0.0
2262,362,0.0
2262,17,0.0
2262,16,0.0
2262,310,0.0
8479,119,0.0
8479,20,0.0
8479,399,0.0
8479,476,0.0
8479,200,0.0
8479,189,0.0
8479,362,0.0
8479,17,0.0
8479,16,0.0
8479,310,0.0
8460,119,0.0
8460,20,0.0
8460,399,0.0
8460,476,0.0
8460,264,0.0
8460,200,0.0
8460,189,0.0
8460,362,0.0
8460,17,0.0
8460,16,0.0
14414,119,0.0
14414,399,0.0
14414,476,0.0
14414,264,0.0
14414,200,0.0
14414,189,0.0
14414,362,0.0
14414,17,0.0
14414,16,0.0
14414,310,0.0
750,119,0.0
750,20,0.0
750,476,0.0
750,264,0.0
750,200,0.0
750,189,0.0
750,362,0.0
750,17,0.0
750,16,0.0
750,310,0.0
6928,119,0.0
6928,20,0.0
6928,399,0.0
6928,476,0.0
6928,200,0.0
6928,189,0.0
6928,362,0.0
6928,17,0.0
6928,16,0.0
6928,310,0.0
19589,119,0.0
19589,20,0.0
19589,399,0.0
19589,476,0.0
19589,264,0.0
19589,200,0.0
19589,189,0.0
19589,362,0.0
19589,17,0.0
19589,16,0.0
8665,20,0.0
8665,399,0.0
8665,476,0.0
8665,264,0.0
8665,200,0.0
8665,189,0.0
8665,362,0.0
8665,17,0.0
8665,16,0.0
8665,310,0.0
752,119,0.0
752,20,0.0
752,399,0.0
752,476,0.0
752,264,0.0
752,200,0.0
752,189,0.0
752,362,0.0
752,17,0.0
752,16,0.0
8664,189,7.397767996996672
8664,264,7.397767996996672
8664,20,6.452856814473604
8664,119,5.92375009834661
8664,200,5.452856814473604
8664,310,5.452856814473604
8664,79,4.507945631950536
8664,352,3.4528568144736047
8664,287,3.41892908117313
8664,362,3.3977679969966728
8666,119,0.0
8666,20,0.0
8666,399,0.0
8666,476,0.0
8666,264,0.0
8666,200,0.0
8666,362,0.0
8666,17,0.0
8666,16,0.0
8666,310,0.0
18715,20,13.716752362518516
18715,264,13.712497075368525
18715,255,7.380057978441287
18715,287,6.3083613155794795
18715,310,4.3771668149661895
18715,79,4.343973877154975
18715,352,3.3733652928328324
18715,78,3.1889822365046125
18715,16,2.3909861309824176
18715,22,1.3852414682373337
2810,119,7.228599521789753
2810,399,6.783688339266686
2810,94,4.862574118005315
2810,79,4.862574118005315
2810,189,4.810936586307506
2810,16,3.810936586307507
2810,20,3.8109365863075064
2810,134,2.8660254037844384
2810,362,2.4449111825230685
2810,287,2.2285995217897536
9479,119,0.0
9479,20,0.0
9479,399,0.0
9479,476,0.0
9479,264,0.0
9479,200,0.0
9479,189,0.0
9479,362,0.0
9479,17,0.0
9479,16,0.0
1113,20,0.0
1113,399,0.0
1113,476,0.0
1113,264,0.0
1113,200,0.0
1113,189,0.0
1113,362,0.0
1113,17,0.0
1113,16,0.0
1113,310,0.0
1112,94,9.850704630999559
1112,287,5.335058201268358
1112,79,5.168496918792016
1112,264,4.993125093855017
1112,362,4.251330990265561
1112,352,4.243646468127605
1112,255,3.9374183081732026
1112,16,3.7559846390337834
1112,22,3.6652554695869615
1112,134,1.9461885006849393
1114,119,0.0
1114,20,0.0
1114,399,0.0
1114,476,0.0
1114,264,0.0
1114,200,0.0
1114,189,0.0
1114,362,0.0
1114,17,0.0
1114,16,0.0
2643,119,0.0
2643,20,0.0
2643,399,0.0
2643,476,0.0
2643,264,0.0
2643,200,0.0
2643,189,0.0
2643,362,0.0
2643,17,0.0
2643,16,0.0
17051,119,0.0
17051,20,0.0
17051,399,0.0
17051,476,0.0
17051,264,0.0
17051,200,0.0
17051,189,0.0
17051,362,0.0
17051,17,0.0
17051,310,0.0
8250,119,0.0
8250,399,0.0
8250,476,0.0
8250,264,0.0
8250,200,0.0
8250,189,0.0
8250,362,0.0
8250,17,0.0
8250,16,0.0
8250,310,0.0
8447,119,0.0
8447,20,0.0
8447,399,0.0
8447,476,0.0
8447,264,0.0
8447,200,0.0
8447,189,0.0
8447,362,0.0
8447,17,0.0
8447,16,0.0
18754,119,0.0
18754,20,0.0
18754,399,0.0
18754,476,0.0
18754,264,0.0
18754,200,0.0
18754,189,0.0
18754,362,0.0
18754,17,0.0
18754,16,0.0
1111,20,5.814623487762224
1111,189,4.814623487762224
1111,399,4.814623487762224
1111,264,3.814623487762224
1111,119,3.814623487762224
1111,255,3.814623487762224
1111,287,2.9878291611472623
1111,362,2.866025403784439
1111,16,2.8538545649317006
1111,79,1.8660254037844388
7875,119,0.0
7875,399,0.0
7875,476,0.0
7875,264,0.0
7875,200,0.0
7875,189,0.0
7875,362,0.0
7875,17,0.0
7875,16,0.0
7875,310,0.0
12369,255,4.0
12369,352,4.0
12369,287,3.0
12369,264,3.0
12369,310,2.0
12369,200,2.0
12369,119,2.0
12369,94,2.0
12369,22,2.0
12369,189,1.0000000000000002
8446,119,0.0
8446,399,0.0
8446,476,0.0
8446,264,0.0
8446,200,0.0
8446,189,0.0
8446,362,0.0
8446,17,0.0
8446,16,0.0
8446,310,0.0
748,119,0.0
748,20,0.0
748,399,0.0
748,476,0.0
748,264,0.0
748,200,0.0
748,362,0.0
748,17,0.0
748,16,0.0
748,310,0.0
9078,119,0.0
9078,20,0.0
9078,399,0.0
9078,476,0.0
9078,200,0.0
9078,189,0.0
9078,362,0.0
9078,17,0.0
9078,16,0.0
9078,310,0.0
10805,119,0.0
10805,20,0.0
10805,399,0.0
10805,476,0.0
10805,264,0.0
10805,200,0.0
10805,189,0.0
10805,362,0.0
10805,17,0.0
10805,16,0.0
12506,119,0.0
12506,20,0.0
12506,399,0.0
12506,476,0.0
12506,264,0.0
12506,200,0.0
12506,189,0.0
12506,362,0.0
12506,17,0.0
12506,16,0.0
2285,20,0.0
2285,399,0.0
2285,476,0.0
2285,264,0.0
2285,200,0.0
2285,189,0.0
2285,362,0.0
2285,17,0.0
2285,16,0.0
2285,310,0.0
8613,119,0.0
8613,20,0.0
8613,399,0.0
8613,476,0.0
8613,264,0.0
8613,200,0.0
8613,189,0.0
8613,362,0.0
8613,17,0.0
8613,16,0.0
2860,20,0.0
2860,399,0.0
2860,476,0.0
2860,264,0.0
2860,200,0.0
2860,189,0.0
2860,362,0.0
2860,17,0.0
2860,16,0.0
2860,310,0.0
12003,119,0.0
12003,20,0.0
12003,399,0.0
12003,476,0.0
12003,264,0.0
12003,200,0.0
12003,362,0.0
12003,17,0.0
12003,16,0.0
12003,310,0.0
3154,200,3.0
3154,20,3.0
3154,310,3.0
3154,134,2.0
3154,94,2.0
3154,352,2.0
3154,22,1.0
3154,16,1.0
3154,362,1.0
3154,78,1.0
8471,119,0.0
8471,20,0.0
8471,399,0.0
8471,476,0.0
8471,264,0.0
8471,200,0.0
8471,189,0.0
8471,362,0.0
8471,17,0.0
8471,310,0.0
8909,119,7.796874931017751
8909,200,6.516503735870494
8909,189,5.720812687326385
8909,255,5.027397534406905
8909,22,4.866025403784439
8909,399,4.728245833668334
8909,362,1.9620520355407587
8909,78,1.0
8909,77,0.9999999999999998
8909,125,0.8660254037844388
8469,119,0.0
8469,20,0.0
8469,399,0.0
8469,476,0.0
8469,264,0.0
8469,189,0.0
8469,362,0.0
8469,17,0.0
8469,16,0.0
8469,310,0.0
8710,119,0.0
8710,20,0.0
8710,476,0.0
8710,200,0.0
8710,189,0.0
8710,362,0.0
8710,17,0.0
8710,16,0.0
8710,310,0.0
8710,59,0.0
16209,119,18.407140464977505
16209,22,7.3718662880545285
16209,255,5.967850706899614
16209,310,5.479734075807912
16209,79,3.036625213285557
16209,78,2.6456367731923143
16209,134,2.3837728710193313
16209,352,2.348785066897353
16209,416,1.1922862533108516
16209,824,1.159425557748243
8695,20,0.0
8695,399,0.0
8695,476,0.0
8695,264,0.0
8695,200,0.0
8695,189,0.0
8695,362,0.0
8695,17,0.0
8695,16,0.0
8695,310,0.0
8681,119,0.0
8681,20,0.0
8681,399,0.0
8681,476,0.0
8681,264,0.0
8681,200,0.0
8681,189,0.0
8681,362,0.0
8681,17,0.0
8681,310,0.0
8618,119,0.0
8618,20,0.0
8618,399,0.0
8618,476,0.0
8618,200,0.0
8618,189,0.0
8618,362,0.0
8618,17,0.0
8618,16,0.0
8618,310,0.0
2847,119,0.0
2847,20,0.0
2847,399,0.0
2847,476,0.0
2847,264,0.0
2847,200,0.0
2847,189,0.0
2847,362,0.0
2847,17,0.0
2847,16,0.0
8764,94,3.9791170254626573
8764,255,2.4665169581545676
8764,16,1.5960418617106824
8764,77,0.8703882797784892
8764,190,0.4689790496105418
8764,19,0.4689790496105418
8764,125,0.4689790496105418
8764,416,0.1217103733687026
8764,476,0.0
8764,17,0.0
8676,119,0.0
8676,20,0.0
8676,399,0.0
8676,476,0.0
8676,200,0.0
8676,189,0.0
8676,362,0.0
8676,17,0.0
8676,16,0.0
8676,310,0.0
8690,399,14.0
8690,119,11.0
8690,310,11.0
8690,264,10.0
8690,189,10.0
8690,287,7.999999999999998
8690,255,6.0
8690,94,6.0
8690,352,6.0
8690,79,4.0
11312,119,0.0
11312,20,0.0
11312,399,0.0
11312,476,0.0
11312,264,0.0
11312,200,0.0
11312,189,0.0
11312,362,0.0
11312,17,0.0
11312,16,0.0
8707,119,0.0
8707,399,0.0
8707,476,0.0
8707,264,0.0
8707,200,0.0
8707,189,0.0
8707,362,0.0
8707,17,0.0
8707,16,0.0
8707,310,0.0
8688,119,8.938663030623115
8688,399,5.923372390376304
8688,287,5.231730412046176
8688,362,4.371296108624684
8688,79,4.096098553067188
8688,352,2.169932573223508
8688,59,1.8696536781505002
8688,310,1.4715524289369617
8688,824,0.9023705365883581
8688,284,0.693262224901111
5492,119,0.0
5492,20,0.0
5492,399,0.0
5492,476,0.0
5492,200,0.0
5492,189,0.0
5492,362,0.0
5492,17,0.0
5492,16,0.0
5492,310,0.0
8705,119,0.0
8705,399,0.0
8705,476,0.0
8705,264,0.0
8705,200,0.0
8705,189,0.0
8705,362,0.0
8705,17,0.0
8705,16,0.0
8705,310,0.0
12205,94,6.278628595544437
12205,79,6.013580148396186
12205,310,5.5373479098245975
12205,20,5.213358110178433
12205,119,5.031434841743135
12205,362,4.486733278312468
12205,287,3.84101538073896
12205,200,3.4943888147005744
12205,352,3.0373479098245975
12205,255,2.9141190199339357
8702,200,16.0
8702,399,13.0
8702,20,12.0
8702,264,12.0
8702,94,11.0
8702,287,9.0
8702,189,8.0
8702,16,7.000000000000001
8702,255,7.000000000000001
8702,310,5.000000000000001
16213,20,0.0
16213,399,0.0
16213,476,0.0
16213,264,0.0
16213,200,0.0
16213,189,0.0
16213,362,0.0
16213,17,0.0
16213,16,0.0
16213,310,0.0
8697,20,22.8337459365245
8697,399,22.109239013126505
8697,119,18.078866029558043
8697,189,13.935022842526829
8697,287,11.651791379714384
8697,16,10.056184214194223
8697,362,7.222025396995889
8697,78,3.945313364292151
8697,134,1.9836275850890528
8697,59,1.9786298837044989
12231,79,11.076047786143803
12231,287,9.952167336829339
12231,94,9.305841259379902
12231,16,5.893446236239579
12231,362,5.315798688761369
12231,352,4.864552020952191
12231,22,4.213364241675744
12231,824,1.200827143988354
12231,416,1.178610326635333
12231,59,1.1276934430839516
8919,119,0.0
8919,20,0.0
8919,399,0.0
8919,476,0.0
8919,264,0.0
8919,200,0.0
8919,189,0.0
8919,362,0.0
8919,17,0.0
8919,16,0.0
8696,399,5.237076947903149
8696,189,4.759960518123319
8696,310,3.907447766631763
8696,94,2.975840067502837
8696,287,2.963315371377635
8696,134,2.816679555149708
8696,352,2.472887119232363
8696,59,2.338912523016802
8696,22,2.022232967867093
8696,255,1.9728871192323627
8703,119,21.103998535144918
8703,264,18.395275546846744
8703,399,16.969321468050577
8703,94,13.55502291461216
8703,287,12.901947157604218
8703,352,10.541661958150312
8703,310,10.328532072104132
8703,255,9.419617224552224
8703,189,8.395275546846749
8703,22,5.506112328852107
8668,119,0.0
8668,399,0.0
8668,476,0.0
8668,264,0.0
8668,200,0.0
8668,189,0.0
8668,362,0.0
8668,17,0.0
8668,16,0.0
8668,310,0.0
8671,352,7.565768612858778
8671,255,6.451060745923497
8671,94,5.572369345059997
8671,310,5.565768612858778
8671,399,4.828725138763277
8671,200,4.714017271827995
8671,79,4.648105677376532
8671,20,3.7963543363457486
8671,89,2.654706409577749
8671,189,2.648105677376532
8669,119,0.0
8669,399,0.0
8669,476,0.0
8669,264,0.0
8669,200,0.0
8669,189,0.0
8669,362,0.0
8669,17,0.0
8669,16,0.0
8669,310,0.0
15528,119,0.0
15528,20,0.0
15528,476,0.0
15528,264,0.0
15528,200,0.0
15528,189,0.0
15528,362,0.0
15528,17,0.0
15528,16,0.0
15528,310,0.0
8704,119,0.0
8704,20,0.0
8704,399,0.0
8704,476,0.0
8704,264,0.0
8704,200,0.0
8704,189,0.0
8704,362,0.0
8704,17,0.0
8704,16,0.0
19628,362,1.0000000000000002
19628,20,1.0000000000000002
19628,134,1.0
19628,94,1.0
19628,310,2.220446049250313E-16
19628,16,2.220446049250313E-16
19628,119,2.220446049250313E-16
19628,200,2.220446049250313E-16
19628,189,2.220446049250313E-16
19628,79,2.220446049250313E-16
8617,119,0.0
8617,20,0.0
8617,399,0.0
8617,476,0.0
8617,200,0.0
8617,189,0.0
8617,362,0.0
8617,17,0.0
8617,16,0.0
8617,310,0.0
8275,119,0.0
8275,20,0.0
8275,399,0.0
8275,476,0.0
8275,264,0.0
8275,200,0.0
8275,189,0.0
8275,362,0.0
8275,17,0.0
8275,16,0.0
8667,119,0.0
8667,20,0.0
8667,399,0.0
8667,476,0.0
8667,264,0.0
8667,189,0.0
8667,362,0.0
8667,17,0.0
8667,16,0.0
8667,310,0.0
2132,119,0.0
2132,20,0.0
2132,399,0.0
2132,476,0.0
2132,200,0.0
2132,189,0.0
2132,362,0.0
2132,17,0.0
2132,16,0.0
2132,310,0.0
16229,119,0.0
16229,20,0.0
16229,399,0.0
16229,476,0.0
16229,264,0.0
16229,200,0.0
16229,189,0.0
16229,17,0.0
16229,16,0.0
16229,310,0.0
8699,119,0.0
8699,20,0.0
8699,399,0.0
8699,476,0.0
8699,264,0.0
8699,200,0.0
8699,189,0.0
8699,362,0.0
8699,17,0.0
8699,16,0.0
9776,119,0.0
9776,20,0.0
9776,399,0.0
9776,476,0.0
9776,264,0.0
9776,189,0.0
9776,362,0.0
9776,17,0.0
9776,16,0.0
9776,310,0.0
14543,399,11.0
14543,20,11.0
14543,189,10.0
14543,264,10.0
14543,255,9.0
14543,119,8.0
14543,79,7.0
14543,352,7.0
14543,287,6.0
14543,362,6.0
8701,399,11.0
8701,119,10.0
8701,94,9.0
8701,20,9.0
8701,200,7.999999999999999
8701,189,6.999999999999999
8701,255,6.999999999999999
8701,310,5.999999999999999
8701,352,5.999999999999999
8701,287,4.999999999999999
8708,119,0.0
8708,20,0.0
8708,399,0.0
8708,476,0.0
8708,264,0.0
8708,200,0.0
8708,189,0.0
8708,362,0.0
8708,17,0.0
8708,16,0.0
16132,119,0.0
16132,20,0.0
16132,399,0.0
16132,476,0.0
16132,264,0.0
16132,200,0.0
16132,189,0.0
16132,362,0.0
16132,17,0.0
16132,16,0.0
7323,119,0.0
7323,20,0.0
7323,399,0.0
7323,476,0.0
7323,264,0.0
7323,200,0.0
7323,189,0.0
7323,362,0.0
7323,17,0.0
7323,16,0.0
16304,119,0.0
16304,20,0.0
16304,399,0.0
16304,476,0.0
16304,200,0.0
16304,189,0.0
16304,362,0.0
16304,17,0.0
16304,16,0.0
16304,310,0.0
6309,119,0.0
6309,20,0.0
6309,399,0.0
6309,476,0.0
6309,200,0.0
6309,189,0.0
6309,362,0.0
6309,17,0.0
6309,16,0.0
6309,310,0.0
12176,119,0.0
12176,20,0.0
12176,399,0.0
12176,476,0.0
12176,200,0.0
12176,189,0.0
12176,362,0.0
12176,17,0.0
12176,16,0.0
12176,310,0.0
10125,119,0.0
10125,20,0.0
10125,399,0.0
10125,476,0.0
10125,264,0.0
10125,200,0.0
10125,189,0.0
10125,362,0.0
10125,17,0.0
10125,16,0.0
8692,119,0.0
8692,20,0.0
8692,399,0.0
8692,476,0.0
8692,264,0.0
8692,200,0.0
8692,189,0.0
8692,362,0.0
8692,17,0.0
8692,16,0.0
8682,119,0.0
8682,20,0.0
8682,399,0.0
8682,476,0.0
8682,264,0.0
8682,200,0.0
8682,362,0.0
8682,17,0.0
8682,16,0.0
8682,310,0.0
8691,264,14.0
8691,399,9.0
8691,119,8.0
8691,287,6.999999999999999
8691,94,6.0
8691,200,6.0
8691,189,6.0
8691,310,5.0
8691,16,5.0
8691,352,5.0
8694,119,0.0
8694,399,0.0
8694,476,0.0
8694,264,0.0
8694,200,0.0
8694,189,0.0
8694,362,0.0
8694,17,0.0
8694,16,0.0
8694,310,0.0
19158,119,0.0
19158,20,0.0
19158,399,0.0
19158,476,0.0
19158,264,0.0
19158,200,0.0
19158,189,0.0
19158,362,0.0
19158,17,0.0
19158,16,0.0
8706,119,0.0
8706,20,0.0
8706,399,0.0
8706,476,0.0
8706,264,0.0
8706,200,0.0
8706,189,0.0
8706,362,0.0
8706,17,0.0
8706,16,0.0
9572,119,0.0
9572,20,0.0
9572,399,0.0
9572,476,0.0
9572,264,0.0
9572,200,0.0
9572,189,0.0
9572,17,0.0
9572,16,0.0
9572,310,0.0
8685,416,0.8436359072125909
8685,190,0.6546536707079772
8685,125,0.6546536707079772
8685,19,0.6546536707079772
8685,415,0.0
8685,400,0.0
8685,476,0.0
8685,284,-0.3227487818819068
8685,824,-0.5043930087769228
8685,17,-0.6933752452815365
18194,119,0.0
18194,399,0.0
18194,476,0.0
18194,264,0.0
18194,200,0.0
18194,189,0.0
18194,362,0.0
18194,17,0.0
18194,16,0.0
18194,310,0.0
18177,119,0.0
18177,20,0.0
18177,399,0.0
18177,476,0.0
18177,264,0.0
18177,189,0.0
18177,362,0.0
18177,17,0.0
18177,16,0.0
18177,310,0.0
16678,119,0.0
16678,20,0.0
16678,399,0.0
16678,476,0.0
16678,264,0.0
16678,200,0.0
16678,189,0.0
16678,362,0.0
16678,17,0.0
16678,16,0.0
8418,94,8.959856408943866
8418,287,8.54167217854522
8418,255,6.4843363981139435
8418,59,4.538657315524099
8418,22,3.9729885734515733
8418,89,3.182057607747525
8418,134,2.154566179050489
8418,362,1.5782593400368299
8418,824,0.9827777319330919
8418,416,0.8500206005375905
8435,20,0.0
8435,399,0.0
8435,476,0.0
8435,264,0.0
8435,200,0.0
8435,189,0.0
8435,362,0.0
8435,17,0.0
8435,16,0.0
8435,310,0.0
745,125,0.9999999999999998
745,17,0.9999999999999998
745,190,0.9999999999999998
745,19,0.9999999999999998
745,77,0.0
745,416,0.0
745,400,0.0
745,476,0.0
745,284,0.0
745,415,-0.9999999999999998
15416,399,11.0
15416,119,10.0
15416,94,9.0
15416,20,9.0
15416,200,8.0
15416,189,7.0
15416,255,7.0
15416,310,6.0
15416,352,6.0
15416,287,5.0
2702,119,0.0
2702,20,0.0
2702,476,0.0
2702,264,0.0
2702,200,0.0
2702,189,0.0
2702,362,0.0
2702,17,0.0
2702,16,0.0
2702,310,0.0
17788,119,0.0
17788,20,0.0
17788,399,0.0
17788,476,0.0
17788,264,0.0
17788,200,0.0
17788,189,0.0
17788,362,0.0
17788,17,0.0
17788,16,0.0
15362,119,0.0
15362,20,0.0
15362,399,0.0
15362,476,0.0
15362,264,0.0
15362,200,0.0
15362,189,0.0
15362,362,0.0
15362,17,0.0
15362,16,0.0
2693,119,0.0
2693,399,0.0
2693,476,0.0
2693,264,0.0
2693,200,0.0
2693,189,0.0
2693,362,0.0
2693,17,0.0
2693,16,0.0
2693,310,0.0
3089,119,0.0
3089,399,0.0
3089,476,0.0
3089,264,0.0
3089,200,0.0
3089,189,0.0
3089,362,0.0
3089,17,0.0
3089,16,0.0
3089,310,0.0
18318,119,0.0
18318,20,0.0
18318,399,0.0
18318,476,0.0
18318,264,0.0
18318,200,0.0
18318,189,0.0
18318,362,0.0
18318,17,0.0
18318,16,0.0
17777,20,27.078820500350293
17777,189,9.029510773618581
17777,16,7.340499565236426
17777,362,4.183991419813368
17777,78,2.969973289787595
17777,59,2.399280281670205
17777,284,1.550187666661491
17777,134,1.4687375188349738
17777,824,0.9501818004331067
17777,416,0.38854982499369245
18752,119,0.0
18752,20,0.0
18752,476,0.0
18752,264,0.0
18752,200,0.0
18752,189,0.0
18752,362,0.0
18752,17,0.0
18752,16,0.0
18752,310,0.0
18108,20,4.0
18108,200,2.999999999999999
18108,399,2.0
18108,79,2.0
18108,416,1.9999999999999996
18108,255,1.9999999999999993
18108,352,1.9999999999999993
18108,59,0.9999999999999998
18108,78,0.9999999999999998
18108,190,0.9999999999999998
510,119,9.162836966009419
510,94,7.758794477100379
510,200,6.4470536170844674
510,22,5.345925824395906
510,189,4.625398120494577
510,16,4.0566093025388374
510,362,3.1099070246812346
510,287,2.7676344049914907
510,352,2.5557665994241674
510,310,1.671098769081743
3891,119,0.0
3891,20,0.0
3891,399,0.0
3891,476,0.0
3891,264,0.0
3891,200,0.0
3891,189,0.0
3891,362,0.0
3891,17,0.0
3891,310,0.0
2694,22,4.0
2694,16,4.0
2694,310,4.0
2694,362,3.000000000000001
2694,79,3.000000000000001
2694,189,3.0
2694,20,3.0
2694,287,2.000000000000001
2694,824,2.0000000000000004
2694,352,2.0
19108,119,0.0
19108,20,0.0
19108,399,0.0
19108,476,0.0
19108,200,0.0
19108,189,0.0
19108,362,0.0
19108,17,0.0
19108,16,0.0
19108,310,0.0
2573,119,0.0
2573,20,0.0
2573,399,0.0
2573,476,0.0
2573,200,0.0
2573,189,0.0
2573,362,0.0
2573,17,0.0
2573,16,0.0
2573,310,0.0
17771,264,8.69243352228374
17771,200,8.2380402568913
17771,189,7.049058020386685
17771,94,6.810936586307507
17771,79,5.598076211353316
17771,255,4.448362468302191
17771,287,4.314387872086631
17771,310,4.3049869664051394
17771,362,3.8660254037844393
17771,16,2.448362468302192
6346,287,6.999999999999998
6346,79,5.0
6346,200,4.999999999999998
6346,352,3.999999999999999
6346,310,3.999999999999999
6346,399,3.9999999999999982
6346,362,3.0
6346,119,2.9999999999999982
6346,416,1.9999999999999996
6346,824,1.9999999999999996
15398,79,2.499999999999999
15398,287,1.4999999999999996
15398,399,1.4999999999999996
15398,200,1.4999999999999993
15398,94,0.49999999999999967
15398,16,0.0
15398,59,0.0
15398,476,0.0
15398,189,0.0
15398,362,0.0
17798,399,24.394799991680582
17798,20,22.44199368030177
17798,264,19.334050438974955
17798,287,14.293700691230764
17798,94,14.013127292616229
17798,189,12.600546267115394
17798,310,11.048646967007894
17798,22,7.823779667125563
17798,16,6.510432710309857
17798,362,4.431247915869925
2998,119,0.0
2998,20,0.0
2998,399,0.0
2998,476,0.0
2998,264,0.0
2998,200,0.0
2998,189,0.0
2998,362,0.0
2998,17,0.0
2998,16,0.0
17790,399,13.28410801317851
17790,264,11.217031317407862
17790,119,9.467944495528664
17790,310,9.416998043654388
17790,352,7.105980280159003
17790,189,6.149953092023228
17790,255,5.3505530284164475
17790,79,5.140247481769563
17790,287,4.764892669847914
17790,16,3.4512652452649517
1147,119,0.0
1147,20,0.0
1147,399,0.0
1147,476,0.0
1147,264,0.0
1147,200,0.0
1147,189,0.0
1147,362,0.0
1147,17,0.0
1147,16,0.0
18357,119,0.0
18357,20,0.0
18357,476,0.0
18357,264,0.0
18357,200,0.0
18357,189,0.0
18357,362,0.0
18357,17,0.0
18357,16,0.0
18357,310,0.0
15543,264,9.0
15543,94,7.0
15543,79,6.0
15543,362,5.0
15543,310,5.0
15543,287,4.0
15543,189,4.0
15543,399,3.0
15543,200,3.0
15543,16,3.0
403,119,0.0
403,20,0.0
403,399,0.0
403,476,0.0
403,264,0.0
403,200,0.0
403,189,0.0
403,362,0.0
403,17,0.0
403,16,0.0
15517,119,0.0
15517,399,0.0
15517,476,0.0
15517,264,0.0
15517,200,0.0
15517,189,0.0
15517,362,0.0
15517,17,0.0
15517,16,0.0
15517,310,0.0
2987,77,0.0
2987,476,0.0
2987,17,0.0
2987,400,0.0
2987,19,-0.9999999999999998
2987,125,-0.9999999999999998
2987,190,-0.9999999999999998
2987,78,-1.0
2987,415,-1.0
2987,284,-1.0
5504,200,4.38529213306472
5504,94,4.102537028082543
5504,399,2.4878291611472623
5504,16,2.385292133064719
5504,362,2.385292133064719
5504,255,2.0
5504,119,1.987829161147263
5504,22,1.5
5504,352,1.5
5504,416,1.5
11469,17,0.0
11469,476,0.0
11469,400,0.0
11469,77,-0.9999999999999998
11469,415,-0.9999999999999998
11469,824,-0.9999999999999998
11469,89,-0.9999999999999998
11469,19,-1.0
11469,190,-1.0
11469,284,-1.0
2994,399,0.0
2994,476,0.0
2994,264,0.0
2994,200,0.0
2994,189,0.0
2994,362,0.0
2994,17,0.0
2994,16,0.0
2994,310,0.0
2994,59,0.0
17802,119,0.0
17802,399,0.0
17802,476,0.0
17802,264,0.0
17802,200,0.0
17802,189,0.0
17802,362,0.0
17802,17,0.0
17802,16,0.0
17802,310,0.0
13583,119,0.0
13583,20,0.0
13583,399,0.0
13583,476,0.0
13583,264,0.0
13583,200,0.0
13583,189,0.0
13583,362,0.0
13583,17,0.0
13583,16,0.0
2986,119,0.0
2986,20,0.0
2986,476,0.0
2986,264,0.0
2986,200,0.0
2986,189,0.0
2986,362,0.0
2986,17,0.0
2986,16,0.0
2986,310,0.0
8395,264,15.232050807568875
8395,310,7.866025403784439
8395,399,6.098076211353318
8395,189,5.921033044073493
8395,94,4.866025403784439
8395,79,3.909093974848701
8395,362,3.8660254037844384
8395,200,3.1889822365046143
8395,255,2.999999999999999
8395,352,2.999999999999999
2423,119,0.0
2423,20,0.0
2423,399,0.0
2423,476,0.0
2423,264,0.0
2423,200,0.0
2423,189,0.0
2423,362,0.0
2423,17,0.0
2423,16,0.0
15338,119,0.0
15338,20,0.0
15338,399,0.0
15338,476,0.0
15338,264,0.0
15338,200,0.0
15338,189,0.0
15338,362,0.0
15338,17,0.0
15338,16,0.0
9636,119,0.0
9636,399,0.0
9636,476,0.0
9636,264,0.0
9636,200,0.0
9636,189,0.0
9636,362,0.0
9636,17,0.0
9636,16,0.0
9636,310,0.0
511,119,0.0
511,476,0.0
511,264,0.0
511,189,0.0
511,362,0.0
511,17,0.0
511,16,0.0
511,310,0.0
511,59,0.0
511,94,0.0
18675,119,0.0
18675,20,0.0
18675,399,0.0
18675,476,0.0
18675,264,0.0
18675,200,0.0
18675,189,0.0
18675,362,0.0
18675,17,0.0
18675,16,0.0
17818,119,11.33297781674398
17818,94,10.65749059396417
17818,20,10.102742006599978
17818,189,8.985458403350385
17818,16,7.05189092736122
17818,310,7.012659850191743
17818,200,6.94622732618091
17818,22,6.931494266224674
17818,352,6.3763750872159655
17818,287,6.275211482794353
1324,77,0.0
1324,78,0.0
1324,284,0.0
1324,17,0.0
1324,476,0.0
1324,400,0.0
1324,89,-0.9999999999999998
1324,59,-0.9999999999999998
1324,134,-0.9999999999999998
1324,415,-0.9999999999999998
512,119,0.0
512,20,0.0
512,476,0.0
512,264,0.0
512,200,0.0
512,189,0.0
512,362,0.0
512,17,0.0
512,16,0.0
512,310,0.0
12055,119,0.0
12055,399,0.0
12055,476,0.0
12055,264,0.0
12055,200,0.0
12055,189,0.0
12055,362,0.0
12055,17,0.0
12055,16,0.0
12055,310,0.0
9638,119,0.0
9638,20,0.0
9638,399,0.0
9638,476,0.0
9638,264,0.0
9638,200,0.0
9638,189,0.0
9638,362,0.0
9638,17,0.0
9638,16,0.0
19346,17,0.9999999999999998
19346,476,0.0
19346,400,0.0
19346,134,-0.25247280480441836
19346,77,-0.7559289460184544
19346,415,-0.9449111825230678
19346,19,-1.0000000000000002
19346,190,-1.0000000000000002
19346,125,-1.0000000000000002
19346,78,-1.5118578920369088
17793,119,0.0
17793,399,0.0
17793,476,0.0
17793,264,0.0
17793,200,0.0
17793,189,0.0
17793,362,0.0
17793,17,0.0
17793,16,0.0
17793,310,0.0
19308,119,0.0
19308,20,0.0
19308,399,0.0
19308,476,0.0
19308,264,0.0
19308,200,0.0
19308,189,0.0
19308,362,0.0
19308,17,0.0
19308,16,0.0
1326,399,20.27228322689659
1326,200,18.953528201028334
1326,287,15.179944306304296
1326,94,14.034583449304463
1326,310,12.313738000954674
1326,352,11.587268631151975
1326,255,11.442108086649096
1326,189,10.201040558364346
1326,362,8.171342901133377
1326,22,7.412206735120947
8540,119,0.0
8540,20,0.0
8540,399,0.0
8540,476,0.0
8540,264,0.0
8540,200,0.0
8540,189,0.0
8540,362,0.0
8540,17,0.0
8540,16,0.0
157,119,0.0
157,399,0.0
157,476,0.0
157,264,0.0
157,200,0.0
157,189,0.0
157,362,0.0
157,17,0.0
157,16,0.0
157,310,0.0
2688,119,0.0
2688,20,0.0
2688,399,0.0
2688,476,0.0
2688,200,0.0
2688,189,0.0
2688,362,0.0
2688,17,0.0
2688,16,0.0
2688,310,0.0
10298,119,0.0
10298,20,0.0
10298,399,0.0
10298,476,0.0
10298,264,0.0
10298,200,0.0
10298,189,0.0
10298,362,0.0
10298,17,0.0
10298,16,0.0
1123,119,0.0
1123,20,0.0
1123,399,0.0
1123,476,0.0
1123,264,0.0
1123,200,0.0
1123,189,0.0
1123,362,0.0
1123,17,0.0
1123,16,0.0
1136,362,4.440892098500626E-16
1136,94,4.440892098500626E-16
1136,22,2.220446049250313E-16
1136,78,2.220446049250313E-16
1136,79,2.220446049250313E-16
1136,824,0.0
1136,17,0.0
1136,476,0.0
1136,284,0.0
1136,77,0.0
1124,119,0.0
1124,20,0.0
1124,476,0.0
1124,264,0.0
1124,200,0.0
1124,189,0.0
1124,362,0.0
1124,17,0.0
1124,16,0.0
1124,310,0.0
352,94,2.4286021106644657
352,119,0.6256470421174998
352,362,0.1256470421174991
352,77,0.0
352,19,0.0
352,476,0.0
352,89,0.0
352,125,0.0
352,190,0.0
352,400,0.0
8422,287,5.732151321756378
8422,352,5.221541552955022
8422,22,3.371739428005106
8422,310,3.2453813361142405
8422,362,2.566759837387891
8422,16,2.3432766094914905
8422,79,2.3040971784591795
8422,59,1.9228101968100018
8422,189,1.7461349968030762
8422,134,1.6378345969697206
2993,399,13.281339088144328
2993,20,8.501469133309662
2993,287,7.062804559011669
2993,310,5.914278331728317
2993,264,5.57331977421252
2993,255,5.359852345619122
2993,189,5.03321898689061
2993,352,3.7687192905622755
2993,16,3.126450683707171
2993,89,2.879554378772471
8539,119,0.0
8539,20,0.0
8539,399,0.0
8539,476,0.0
8539,264,0.0
8539,200,0.0
8539,189,0.0
8539,362,0.0
8539,17,0.0
8539,16,0.0
13511,119,0.0
13511,20,0.0
13511,476,0.0
13511,264,0.0
13511,200,0.0
13511,189,0.0
13511,362,0.0
13511,17,0.0
13511,16,0.0
13511,310,0.0
2689,119,0.0
2689,20,0.0
2689,476,0.0
2689,264,0.0
2689,200,0.0
2689,189,0.0
2689,362,0.0
2689,17,0.0
2689,16,0.0
2689,310,0.0
16633,119,0.0
16633,20,0.0
16633,399,0.0
16633,476,0.0
16633,264,0.0
16633,200,0.0
16633,189,0.0
16633,362,0.0
16633,17,0.0
16633,16,0.0
19347,189,1.0
19347,59,1.0
19347,416,1.0
19347,824,1.0
19347,264,4.440892098500626E-16
19347,362,2.220446049250313E-16
19347,190,0.0
19347,17,0.0
19347,476,0.0
19347,78,0.0
19312,119,0.0
19312,20,0.0
19312,399,0.0
19312,476,0.0
19312,264,0.0
19312,200,0.0
19312,189,0.0
19312,362,0.0
19312,17,0.0
19312,16,0.0
18105,119,0.0
18105,20,0.0
18105,399,0.0
18105,476,0.0
18105,264,0.0
18105,189,0.0
18105,362,0.0
18105,17,0.0
18105,16,0.0
18105,310,0.0
4073,200,6.0
4073,352,4.000000000000001
4073,94,4.000000000000001
4073,255,4.000000000000001
4073,310,4.000000000000001
4073,264,4.000000000000001
4073,119,4.0
4073,287,4.0
4073,399,3.0
4073,89,2.0000000000000004
17778,20,0.0
17778,399,0.0
17778,476,0.0
17778,264,0.0
17778,200,0.0
17778,189,0.0
17778,362,0.0
17778,17,0.0
17778,16,0.0
17778,310,0.0
18669,287,11.410165842370086
18669,79,10.465607698223645
18669,399,9.806953752683125
18669,189,7.445267669439463
18669,362,6.945941518185897
18669,310,6.914505162910862
18669,200,5.972220765094891
18669,255,4.736461782080278
18669,94,4.399529228036265
18669,352,4.327326835353988
4105,119,0.0
4105,20,0.0
4105,399,0.0
4105,476,0.0
4105,264,0.0
4105,200,0.0
4105,189,0.0
4105,362,0.0
4105,17,0.0
4105,16,0.0
358,119,0.0
358,20,0.0
358,399,0.0
358,476,0.0
358,264,0.0
358,189,0.0
358,362,0.0
358,17,0.0
358,16,0.0
358,310,0.0
1047,119,0.0
1047,20,0.0
1047,399,0.0
1047,476,0.0
1047,264,0.0
1047,200,0.0
1047,189,0.0
1047,362,0.0
1047,17,0.0
1047,16,0.0
15342,287,6.213023559945764
15342,362,4.1389034595919645
15342,200,3.9559606286948465
15342,16,2.955960628694847
15342,310,2.676537320817739
15342,399,2.475992066690388
15342,119,2.332280312962748
15342,134,2.1272569525951557
15342,59,2.0880258754256786
15342,189,1.969143793361466
516,264,17.360459442552852
516,255,7.836413681575924
516,189,5.8546211153851715
516,310,3.608542141532066
516,352,3.3517240811439217
516,22,1.619219999501941
516,89,1.1925603992206313
516,77,0.8660254037844385
516,134,0.7550159159308262
516,284,0.6316562251008995
4638,189,6.543555538784755
4638,399,6.216409400462268
4638,255,5.397235668098764
4638,119,4.366050013108772
4638,22,3.7449206059457074
4638,16,3.684014631370248
4638,362,1.227671391832782
4638,78,0.9702146603041684
4638,77,0.7559289460184545
4638,125,0.500945749276035
19107,22,4.0
19107,16,4.0
19107,310,4.0
19107,79,3.0
19107,362,3.0
19107,189,3.0
19107,20,3.0
19107,287,2.0
19107,824,2.0
19107,119,2.0
14253,119,0.0
14253,20,0.0
14253,399,0.0
14253,476,0.0
14253,200,0.0
14253,189,0.0
14253,362,0.0
14253,17,0.0
14253,16,0.0
14253,310,0.0
14905,119,0.0
14905,20,0.0
14905,399,0.0
14905,476,0.0
14905,264,0.0
14905,200,0.0
14905,189,0.0
14905,362,0.0
14905,17,0.0
14905,16,0.0
10289,119,0.0
10289,20,0.0
10289,399,0.0
10289,476,0.0
10289,264,0.0
10289,200,0.0
10289,189,0.0
10289,362,0.0
10289,17,0.0
10289,16,0.0
12841,119,0.0
12841,476,0.0
12841,264,0.0
12841,200,0.0
12841,189,0.0
12841,362,0.0
12841,17,0.0
12841,16,0.0
12841,310,0.0
12841,59,0.0
3281,119,7.999999999999998
3281,94,4.999999999999999
3281,22,4.999999999999999
3281,399,2.999999999999999
3281,255,2.999999999999999
3281,20,2.999999999999999
3281,89,1.9999999999999996
3281,310,1.9999999999999991
3281,287,1.9999999999999991
3281,352,1.9999999999999991
17097,119,0.0
17097,399,0.0
17097,476,0.0
17097,264,0.0
17097,200,0.0
17097,189,0.0
17097,362,0.0
17097,17,0.0
17097,16,0.0
17097,310,0.0
8538,119,0.0
8538,20,0.0
8538,399,0.0
8538,476,0.0
8538,264,0.0
8538,200,0.0
8538,189,0.0
8538,362,0.0
8538,17,0.0
8538,16,0.0
4162,119,0.0
4162,20,0.0
4162,399,0.0
4162,476,0.0
4162,264,0.0
4162,200,0.0
4162,189,0.0
4162,362,0.0
4162,17,0.0
4162,16,0.0
8118,119,0.0
8118,20,0.0
8118,399,0.0
8118,476,0.0
8118,200,0.0
8118,189,0.0
8118,362,0.0
8118,17,0.0
8118,16,0.0
8118,310,0.0
3888,119,0.0
3888,20,0.0
3888,399,0.0
3888,476,0.0
3888,200,0.0
3888,189,0.0
3888,362,0.0
3888,17,0.0
3888,16,0.0
3888,310,0.0
3869,119,0.0
3869,20,0.0
3869,399,0.0
3869,476,0.0
3869,264,0.0
3869,200,0.0
3869,189,0.0
3869,362,0.0
3869,17,0.0
3869,16,0.0
15232,119,0.0
15232,20,0.0
15232,399,0.0
15232,476,0.0
15232,264,0.0
15232,200,0.0
15232,189,0.0
15232,362,0.0
15232,17,0.0
15232,16,0.0
9635,119,0.0
9635,20,0.0
9635,399,0.0
9635,476,0.0
9635,264,0.0
9635,200,0.0
9635,189,0.0
9635,362,0.0
9635,17,0.0
9635,16,0.0
19104,119,0.0
19104,20,0.0
19104,399,0.0
19104,476,0.0
19104,264,0.0
19104,200,0.0
19104,189,0.0
19104,362,0.0
19104,17,0.0
19104,16,0.0
17803,78,0.0
17803,134,0.0
17803,476,0.0
17803,20,0.0
17803,59,0.0
17803,189,0.0
17803,362,0.0
17803,17,0.0
17803,16,0.0
17803,284,0.0
17810,94,11.197543819478147
17810,20,8.65891070061649
17810,399,6.999105942209727
17810,287,5.955694346824606
17810,264,5.8745953557171955
17810,22,4.894064584470741
17810,189,4.004458070849031
17810,310,3.7059518086372334
17810,352,2.762866888158615
17810,89,2.5369895657669668
17807,399,4.0
17807,362,4.0
17807,255,4.0
17807,264,3.0
17807,352,3.0
17807,189,3.0
17807,20,3.0
17807,16,2.0
17807,119,2.0
17807,287,2.0
17808,119,0.0
17808,20,0.0
17808,399,0.0
17808,476,0.0
17808,264,0.0
17808,200,0.0
17808,189,0.0
17808,362,0.0
17808,17,0.0
17808,16,0.0
8290,119,0.0
8290,20,0.0
8290,399,0.0
8290,476,0.0
8290,264,0.0
8290,200,0.0
8290,189,0.0
8290,362,0.0
8290,17,0.0
8290,16,0.0
18670,119,0.0
18670,20,0.0
18670,399,0.0
18670,476,0.0
18670,264,0.0
18670,200,0.0
18670,189,0.0
18670,362,0.0
18670,17,0.0
18670,16,0.0
18674,264,8.414685031869185
18674,94,6.573169769127041
18674,22,3.851268458981097
18674,399,3.664988294052501
18674,255,3.587358196515193
18674,362,2.088509228718392
18674,16,2.088509228718391
18674,189,1.8410743226654378
18674,89,1.7559289460184546
18674,310,1.3036698572485084
9640,20,0.0
9640,399,0.0
9640,476,0.0
9640,264,0.0
9640,200,0.0
9640,189,0.0
9640,362,0.0
9640,17,0.0
9640,16,0.0
9640,310,0.0
16888,119,0.0
16888,20,0.0
16888,399,0.0
16888,476,0.0
16888,264,0.0
16888,200,0.0
16888,189,0.0
16888,362,0.0
16888,17,0.0
16888,16,0.0
42,119,0.0
42,20,0.0
42,476,0.0
42,264,0.0
42,200,0.0
42,189,0.0
42,362,0.0
42,17,0.0
42,16,0.0
42,310,0.0
17018,119,14.02523203329315
17018,200,11.912572390153727
17018,264,7.60677502945855
17018,189,7.522791602864144
17018,287,6.607896242679259
17018,362,6.242609807972092
17018,79,5.333779645689425
17018,16,5.144441511569448
17018,284,0.9999999999999998
17018,134,0.8689912589504487
17009,399,7.0
17009,264,7.0
17009,189,6.0
17009,22,3.999999999999999
17009,20,3.0
17009,119,3.0
17009,352,2.9999999999999996
17009,362,2.999999999999999
17009,310,2.999999999999999
17009,200,2.0
17015,264,9.333299461399466
17015,119,7.944911182523068
17015,20,7.370368784938364
17015,189,7.333299461399466
17015,200,6.888388278876398
17015,255,5.399643441544212
17015,352,2.917662935482247
17015,362,2.8332994613994655
17015,79,2.499999999999999
17015,134,1.5
17012,200,4.463102731951906
17012,255,2.107580971522399
17012,79,1.3234850616084337
17012,125,0.9449111825230679
17012,190,0.9449111825230679
17012,415,0.9449111825230679
17012,19,0.9449111825230679
17012,352,0.5620997088056243
17012,416,0.3000091608860438
17012,476,0.0
15335,399,19.66286830516992
15335,119,15.106748223108788
15335,79,10.536198635741854
15335,310,10.383472320094105
15335,94,6.97539597351529
15335,189,6.6103910991697035
15335,255,6.384540184061924
15335,362,4.879089819642636
15335,22,4.420042751407854
15335,134,4.231291647372414
17801,119,0.0
17801,20,0.0
17801,399,0.0
17801,476,0.0
17801,264,0.0
17801,200,0.0
17801,189,0.0
17801,362,0.0
17801,17,0.0
17801,16,0.0
11208,119,0.0
11208,20,0.0
11208,399,0.0
11208,476,0.0
11208,200,0.0
11208,189,0.0
11208,362,0.0
11208,17,0.0
11208,16,0.0
11208,310,0.0
17791,119,0.0
17791,20,0.0
17791,399,0.0
17791,476,0.0
17791,200,0.0
17791,189,0.0
17791,362,0.0
17791,17,0.0
17791,16,0.0
17791,310,0.0
10272,119,0.0
10272,20,0.0
10272,399,0.0
10272,476,0.0
10272,264,0.0
10272,200,0.0
10272,189,0.0
10272,362,0.0
10272,17,0.0
10272,16,0.0
15034,264,16.159707579898765
15034,399,14.159707579898765
15034,119,12.915636525917218
15034,20,12.104618762421833
15034,189,10.104618762421833
15034,255,9.915636525917218
15034,79,8.915636525917218
15034,310,6.915636525917219
15034,352,5.970725343394151
15034,287,5.1338934190276815
3224,119,0.0
3224,399,0.0
3224,476,0.0
3224,264,0.0
3224,200,0.0
3224,189,0.0
3224,362,0.0
3224,17,0.0
3224,16,0.0
3224,310,0.0
1046,119,6.738251702034333
1046,399,5.942196361939795
1046,264,2.7711487045477003
1046,134,2.7023915307066746
1046,94,2.091969461815622
1046,255,1.7925223617373016
1046,189,1.437833485945741
1046,78,1.1339745962155612
1046,59,1.1153371500051084
1046,824,0.825922344044302
3885,119,0.0
3885,20,0.0
3885,476,0.0
3885,264,0.0
3885,200,0.0
3885,189,0.0
3885,362,0.0
3885,17,0.0
3885,16,0.0
3885,310,0.0
17005,20,0.0
17005,399,0.0
17005,476,0.0
17005,264,0.0
17005,200,0.0
17005,189,0.0
17005,362,0.0
17005,17,0.0
17005,16,0.0
17005,310,0.0
17013,119,0.0
17013,20,0.0
17013,399,0.0
17013,476,0.0
17013,264,0.0
17013,200,0.0
17013,189,0.0
17013,362,0.0
17013,17,0.0
17013,16,0.0
16285,119,0.0
16285,20,0.0
16285,399,0.0
16285,476,0.0
16285,264,0.0
16285,200,0.0
16285,189,0.0
16285,362,0.0
16285,17,0.0
16285,16,0.0
15061,399,0.9999999999999998
15061,200,0.9999999999999998
15061,119,0.9999999999999998
15061,59,0.0
15061,476,0.0
15061,362,0.0
15061,17,0.0
15061,310,0.0
15061,16,0.0
15061,94,0.0
17782,119,0.0
17782,20,0.0
17782,399,0.0
17782,476,0.0
17782,264,0.0
17782,200,0.0
17782,189,0.0
17782,362,0.0
17782,17,0.0
17782,16,0.0
11847,89,2.2690463134071566
11847,79,1.6137029646167829
11847,189,1.2160369437782665
11847,134,0.9021332598049653
11847,352,0.8585821735784813
11847,17,0.8251369970070348
11847,59,0.7947531723732817
11847,264,0.5672987491225712
11847,94,0.45251900674884227
11847,362,0.4112123792826392
17784,119,0.0
17784,399,0.0
17784,476,0.0
17784,264,0.0
17784,200,0.0
17784,189,0.0
17784,362,0.0
17784,17,0.0
17784,16,0.0
17784,310,0.0
15663,119,0.0
15663,20,0.0
15663,399,0.0
15663,476,0.0
15663,264,0.0
15663,200,0.0
15663,189,0.0
15663,362,0.0
15663,17,0.0
15663,16,0.0
2651,119,0.0
2651,20,0.0
2651,399,0.0
2651,476,0.0
2651,200,0.0
2651,189,0.0
2651,362,0.0
2651,17,0.0
2651,16,0.0
2651,310,0.0
8623,264,9.386027167957648
8623,79,6.232050807568877
8623,94,5.755928946018454
8623,287,5.563070335237472
8623,362,5.366025403784438
8623,189,4.683251016994619
8623,16,4.063070335237472
8623,310,3.7263195880588817
8623,200,3.4941876033021257
8623,255,3.3310195276685954
7925,119,11.9919805629116
7925,200,11.249715488962673
7925,399,11.004360733501638
7925,310,9.166394259058562
7925,94,5.1081863757953485
7925,362,5.105492730145289
7925,189,4.243572204279135
7925,22,3.9899039230425872
7925,16,2.8800129889260653
7925,59,2.1202455651222643
15334,20,14.493174112595675
15334,264,12.094168313774645
15334,119,11.324285715909777
15334,399,10.999802112205376
15334,255,9.157238649012115
15334,189,7.541541800080038
15334,310,6.893853538108164
15334,16,6.453746237387945
15334,94,6.2868659752243765
15334,362,5.407567203864476
17022,399,11.0
17022,119,10.0
17022,94,9.0
17022,20,9.0
17022,200,7.999999999999999
17022,189,6.999999999999999
17022,255,6.999999999999999
17022,310,5.999999999999999
17022,352,5.999999999999999
17022,287,4.999999999999999
6347,200,3.8660254037844375
6347,79,2.0
6347,20,1.3660254037844393
6347,416,1.3660254037844386
6347,399,1.3660254037844382
6347,284,0.9999999999999998
6347,415,0.9999999999999998
6347,190,0.8660254037844385
6347,125,0.8660254037844385
6347,19,0.8660254037844385
11209,119,0.0
11209,20,0.0
11209,399,0.0
11209,476,0.0
11209,264,0.0
11209,200,0.0
11209,189,0.0
11209,362,0.0
11209,17,0.0
11209,16,0.0
17772,119,0.0
17772,20,0.0
17772,399,0.0
17772,476,0.0
17772,264,0.0
17772,200,0.0
17772,189,0.0
17772,362,0.0
17772,17,0.0
17772,16,0.0
18111,119,0.0
18111,20,0.0
18111,476,0.0
18111,264,0.0
18111,200,0.0
18111,189,0.0
18111,362,0.0
18111,17,0.0
18111,16,0.0
18111,310,0.0
18678,20,0.0
18678,399,0.0
18678,476,0.0
18678,264,0.0
18678,200,0.0
18678,189,0.0
18678,362,0.0
18678,17,0.0
18678,16,0.0
18678,310,0.0
15993,119,0.0
15993,20,0.0
15993,399,0.0
15993,476,0.0
15993,264,0.0
15993,200,0.0
15993,189,0.0
15993,362,0.0
15993,17,0.0
15993,16,0.0
11609,119,0.0
11609,20,0.0
11609,476,0.0
11609,264,0.0
11609,200,0.0
11609,189,0.0
11609,362,0.0
11609,17,0.0
11609,16,0.0
11609,310,0.0
2456,255,1.0
2456,94,1.0
2456,22,1.0
2456,310,1.0
2456,200,1.0
2456,287,1.0
2456,79,1.0
2456,264,1.0
2456,119,1.0
2456,352,1.0
9639,119,0.0
9639,20,0.0
9639,399,0.0
9639,476,0.0
9639,264,0.0
9639,200,0.0
9639,189,0.0
9639,362,0.0
9639,17,0.0
9639,16,0.0
9641,119,0.0
9641,20,0.0
9641,399,0.0
9641,476,0.0
9641,264,0.0
9641,200,0.0
9641,189,0.0
9641,362,0.0
9641,17,0.0
9641,310,0.0
17006,119,0.0
17006,20,0.0
17006,399,0.0
17006,476,0.0
17006,200,0.0
17006,189,0.0
17006,362,0.0
17006,17,0.0
17006,16,0.0
17006,310,0.0
9634,20,0.0
9634,399,0.0
9634,476,0.0
9634,264,0.0
9634,200,0.0
9634,189,0.0
9634,362,0.0
9634,17,0.0
9634,16,0.0
9634,310,0.0
15991,119,0.0
15991,20,0.0
15991,399,0.0
15991,476,0.0
15991,264,0.0
15991,200,0.0
15991,189,0.0
15991,362,0.0
15991,17,0.0
15991,16,0.0
11608,119,0.0
11608,399,0.0
11608,476,0.0
11608,200,0.0
11608,189,0.0
11608,362,0.0
11608,17,0.0
11608,16,0.0
11608,310,0.0
11608,59,0.0
3011,119,0.0
3011,20,0.0
3011,399,0.0
3011,476,0.0
3011,264,0.0
3011,200,0.0
3011,189,0.0
3011,362,0.0
3011,17,0.0
3011,16,0.0
8429,119,0.0
8429,399,0.0
8429,476,0.0
8429,200,0.0
8429,189,0.0
8429,362,0.0
8429,17,0.0
8429,16,0.0
8429,310,0.0
8429,59,0.0
15992,200,10.55888401456542
15992,399,8.802955068546966
15992,20,8.802955068546966
15992,119,8.0
15992,189,6.9919373050515805
15992,287,6.99193730505158
15992,79,6.944911182523068
15992,362,4.802955068546965
15992,255,4.747866251070034
15992,310,3.7478662510700342
17820,119,0.0
17820,20,0.0
17820,399,0.0
17820,476,0.0
17820,264,0.0
17820,200,0.0
17820,189,0.0
17820,362,0.0
17820,17,0.0
17820,16,0.0
79,119,12.004961295237845
79,200,10.404163619785656
79,94,9.179883213998725
79,287,6.936993281370476
79,20,5.927447200372054
79,189,4.814201296183972
79,255,4.137969553111958
79,16,2.741405103439152
79,89,2.3186430225793107
79,362,1.613371953653071
17779,399,17.034849510149307
17779,94,11.789622606470772
17779,189,11.733914957912413
17779,287,7.737135607611964
17779,79,5.511552552181016
17779,16,5.3909405832515285
17779,362,3.933106481430759
17779,284,1.3360107525161236
17779,416,1.2661523406890174
17779,824,0.6973137249474214
2686,119,0.0
2686,20,0.0
2686,399,0.0
2686,476,0.0
2686,264,0.0
2686,200,0.0
2686,189,0.0
2686,17,0.0
2686,16,0.0
2686,310,0.0
10251,20,0.0
10251,399,0.0
10251,476,0.0
10251,264,0.0
10251,200,0.0
10251,189,0.0
10251,362,0.0
10251,17,0.0
10251,16,0.0
10251,310,0.0
18954,264,15.31079901544243
18954,399,14.720480433164134
18954,119,14.079691037217687
18954,189,10.606939284258509
18954,255,7.830065744722713
18954,79,7.637288311129611
18954,287,6.944911182523068
18954,362,6.527110676175748
18954,16,5.58219949365268
18954,310,5.082199493652679
11611,20,0.0
11611,399,0.0
11611,476,0.0
11611,264,0.0
11611,200,0.0
11611,189,0.0
11611,362,0.0
11611,17,0.0
11611,16,0.0
11611,310,0.0
1435,264,4.999999999999999
1435,200,2.999999999999999
1435,352,2.999999999999999
1435,189,1.9999999999999998
1435,416,1.9999999999999996
1435,255,1.9999999999999993
1435,16,0.9999999999999998
1435,59,0.9999999999999998
1435,78,0.9999999999999998
1435,362,0.9999999999999998
1437,94,1.0
1437,22,1.0
1437,77,1.0
1437,134,0.0
1437,284,0.0
1437,400,0.0
1437,476,0.0
1437,17,0.0
1437,255,-1.0
1437,78,-1.0
15231,119,0.0
15231,20,0.0
15231,399,0.0
15231,476,0.0
15231,264,0.0
15231,200,0.0
15231,189,0.0
15231,362,0.0
15231,17,0.0
15231,16,0.0
1125,119,0.0
1125,20,0.0
1125,399,0.0
1125,476,0.0
1125,264,0.0
1125,200,0.0
1125,189,0.0
1125,362,0.0
1125,17,0.0
1125,16,0.0
17014,119,0.0
17014,20,0.0
17014,399,0.0
17014,476,0.0
17014,264,0.0
17014,200,0.0
17014,189,0.0
17014,362,0.0
17014,17,0.0
17014,16,0.0
11613,200,6.936853792164481
11613,94,6.226985116102856
11613,189,1.6313575156671696
11613,255,1.103450634082149
11613,77,0.9449111825230683
11613,134,0.8311284390147318
11613,362,0.5968399647878626
11613,16,0.368628633321183
11613,17,0.3333333333333333
11613,284,0.16713340474529048
41,119,0.0
41,20,0.0
41,476,0.0
41,264,0.0
41,200,0.0
41,189,0.0
41,362,0.0
41,17,0.0
41,16,0.0
41,310,0.0
8421,399,12.819219325659624
8421,287,11.53526430314579
8421,79,9.973229791962751
8421,200,8.173798592626461
8421,189,7.5945285832323695
8421,362,5.655809814529246
8421,94,4.254974165294961
8421,255,3.8774603080007095
8421,352,3.6325271921533306
8421,16,3.3852509035428078
1327,119,0.0
1327,20,0.0
1327,476,0.0
1327,264,0.0
1327,200,0.0
1327,189,0.0
1327,362,0.0
1327,17,0.0
1327,16,0.0
1327,310,0.0
174,119,0.0
174,20,0.0
174,399,0.0
174,476,0.0
174,264,0.0
174,200,0.0
174,189,0.0
174,362,0.0
174,17,0.0
174,16,0.0
13983,399,10.755928946018454
13983,119,9.755928946018454
13983,20,9.255928946018454
13983,94,9.0
13983,200,7.755928946018455
13983,255,7.5
13983,189,6.755928946018455
13983,352,6.255928946018455
13983,310,5.755928946018455
13983,287,5.5
13986,200,8.0
13986,119,7.000000000000001
13986,264,7.0
13986,310,6.0
13986,94,6.0
13986,189,6.0
13986,352,6.0
13986,287,5.0
13986,399,5.0
13986,20,4.0
744,20,0.0
744,399,0.0
744,476,0.0
744,264,0.0
744,200,0.0
744,189,0.0
744,362,0.0
744,17,0.0
744,16,0.0
744,310,0.0
11207,119,0.0
11207,20,0.0
11207,399,0.0
11207,476,0.0
11207,264,0.0
11207,200,0.0
11207,189,0.0
11207,362,0.0
11207,17,0.0
11207,16,0.0
13985,287,6.999999999999998
13985,79,5.0
13985,200,4.999999999999998
13985,352,3.999999999999999
13985,310,3.999999999999999
13985,399,3.9999999999999982
13985,362,3.0
13985,119,2.9999999999999982
13985,416,1.9999999999999996
13985,824,1.9999999999999996
14343,119,0.0
14343,20,0.0
14343,399,0.0
14343,476,0.0
14343,264,0.0
14343,200,0.0
14343,189,0.0
14343,362,0.0
14343,17,0.0
14343,16,0.0
18680,264,16.71513101648697
18680,399,10.715131016486973
18680,119,9.849105612702534
18680,200,9.715131016486973
18680,287,8.86602540378444
18680,94,7.904194430179465
18680,255,6.770219833963903
18680,310,6.71513101648697
18680,189,5.715131016486971
18680,16,4.715131016486971
18681,264,14.0
18681,399,9.0
18681,119,8.0
18681,287,6.999999999999999
18681,94,6.0
18681,200,6.0
18681,189,6.0
18681,310,5.0
18681,16,5.0
18681,352,5.0
1476,119,0.0
1476,20,0.0
1476,399,0.0
1476,476,0.0
1476,200,0.0
1476,189,0.0
1476,362,0.0
1476,17,0.0
1476,16,0.0
1476,310,0.0
17775,352,7.053092046854666
17775,310,6.604619554897462
17775,200,5.915974854188407
17775,22,5.1760781636319555
17775,16,4.718842872664624
17775,59,4.109214641146937
17775,189,3.7767532181331047
17775,255,3.460949812274542
17775,362,2.948987632564336
17775,89,2.5487888050784573
17822,119,0.0
17822,20,0.0
17822,399,0.0
17822,476,0.0
17822,264,0.0
17822,200,0.0
17822,189,0.0
17822,362,0.0
17822,17,0.0
17822,16,0.0
13981,119,0.0
13981,476,0.0
13981,264,0.0
13981,200,0.0
13981,189,0.0
13981,362,0.0
13981,17,0.0
13981,16,0.0
13981,310,0.0
13981,59,0.0
3134,17,0.0
3134,476,0.0
3134,400,0.0
3134,77,-0.33333333333333337
3134,19,-0.5222329678670935
3134,190,-0.5222329678670935
3134,125,-0.5222329678670935
3134,415,-0.8006407690254358
3134,824,-0.9684959969581863
3134,78,-1.0892622793517879
19106,79,6.8715640043215345
19106,287,2.3522110353854
19106,352,2.175849180120182
19106,89,1.7857142857142856
19106,284,1.542674957012655
19106,824,0.824582080135305
19106,416,0.5022309499679617
19106,190,0.4364357804719848
19106,125,0.4364357804719848
19106,19,0.4364357804719848
13980,20,10.75131753684916
13980,264,9.688779390680416
13980,399,9.136659570218349
13980,94,8.89451815758014
13980,287,8.096713766445653
13980,255,6.55941620363415
13980,189,5.885292133064719
13980,310,4.8034872576156955
13980,16,4.251317536849157
13980,352,4.05941620363415
8625,119,0.0
8625,399,0.0
8625,476,0.0
8625,264,0.0
8625,200,0.0
8625,189,0.0
8625,362,0.0
8625,17,0.0
8625,16,0.0
8625,310,0.0
3828,255,4.0
3828,352,4.0
3828,287,3.0
3828,264,3.0
3828,310,2.0
3828,200,2.0
3828,119,2.0
3828,94,2.0
3828,22,2.0
3828,189,1.0000000000000002
17800,119,0.0
17800,20,0.0
17800,399,0.0
17800,476,0.0
17800,200,0.0
17800,189,0.0
17800,362,0.0
17800,17,0.0
17800,16,0.0
17800,310,0.0
7649,476,0.0
7649,264,0.0
7649,200,0.0
7649,189,0.0
7649,362,0.0
7649,17,0.0
7649,16,0.0
7649,310,0.0
7649,59,0.0
7649,94,0.0
17010,119,0.0
17010,399,0.0
17010,476,0.0
17010,264,0.0
17010,200,0.0
17010,189,0.0
17010,362,0.0
17010,17,0.0
17010,16,0.0
17010,310,0.0
11470,119,0.0
11470,20,0.0
11470,399,0.0
11470,476,0.0
11470,264,0.0
11470,200,0.0
11470,189,0.0
11470,362,0.0
11470,17,0.0
11470,16,0.0
3829,20,0.0
3829,399,0.0
3829,476,0.0
3829,264,0.0
3829,200,0.0
3829,189,0.0
3829,362,0.0
3829,17,0.0
3829,16,0.0
3829,310,0.0
10250,119,0.0
10250,20,0.0
10250,399,0.0
10250,476,0.0
10250,264,0.0
10250,200,0.0
10250,189,0.0
10250,362,0.0
10250,17,0.0
10250,16,0.0
11610,119,0.0
11610,399,0.0
11610,476,0.0
11610,264,0.0
11610,200,0.0
11610,189,0.0
11610,362,0.0
11610,17,0.0
11610,16,0.0
11610,310,0.0
17780,94,2.43874231802849
17780,79,1.2650933730435794
17780,20,1.198871693251367
17780,77,0.5
17780,17,0.4629100498862758
17780,284,0.0896950300688909
17780,89,0.059519843921941984
17780,400,0.0
17780,476,0.0
17780,255,-0.23868073346555763
17672,119,0.0
17672,399,0.0
17672,476,0.0
17672,264,0.0
17672,200,0.0
17672,189,0.0
17672,362,0.0
17672,17,0.0
17672,16,0.0
17672,310,0.0
515,119,0.0
515,399,0.0
515,476,0.0
515,264,0.0
515,200,0.0
515,189,0.0
515,362,0.0
515,17,0.0
515,16,0.0
515,310,0.0
513,119,0.0
513,20,0.0
513,399,0.0
513,476,0.0
513,264,0.0
513,200,0.0
513,189,0.0
513,17,0.0
513,16,0.0
513,310,0.0
1328,119,0.0
1328,399,0.0
1328,476,0.0
1328,264,0.0
1328,200,0.0
1328,189,0.0
1328,362,0.0
1328,17,0.0
1328,16,0.0
1328,310,0.0
18676,399,10.155684833316869
18676,119,9.730663346437614
18676,79,5.136787852781213
18676,189,4.007200079702889
18676,59,2.8338889461658856
18676,362,2.812315487581281
18676,134,2.2377947876773674
18676,78,1.595063317291347
18676,824,1.3919103949407226
18676,89,1.3486334585279487
17785,119,0.0
17785,20,0.0
17785,399,0.0
17785,476,0.0
17785,264,0.0
17785,189,0.0
17785,362,0.0
17785,17,0.0
17785,16,0.0
17785,310,0.0
1325,20,0.0
1325,399,0.0
1325,476,0.0
1325,264,0.0
1325,200,0.0
1325,189,0.0
1325,362,0.0
1325,17,0.0
1325,16,0.0
1325,310,0.0
17786,119,0.0
17786,399,0.0
17786,476,0.0
17786,200,0.0
17786,189,0.0
17786,362,0.0
17786,17,0.0
17786,16,0.0
17786,310,0.0
17786,59,0.0
8622,119,0.0
8622,20,0.0
8622,399,0.0
8622,476,0.0
8622,264,0.0
8622,200,0.0
8622,189,0.0
8622,362,0.0
8622,17,0.0
8622,16,0.0
17008,119,0.0
17008,399,0.0
17008,476,0.0
17008,264,0.0
17008,200,0.0
17008,189,0.0
17008,362,0.0
17008,17,0.0
17008,16,0.0
17008,310,0.0
17017,119,0.0
17017,20,0.0
17017,399,0.0
17017,476,0.0
17017,264,0.0
17017,200,0.0
17017,189,0.0
17017,362,0.0
17017,17,0.0
17017,16,0.0
65,119,0.0
65,20,0.0
65,399,0.0
65,476,0.0
65,264,0.0
65,200,0.0
65,189,0.0
65,362,0.0
65,17,0.0
65,16,0.0
13984,119,0.0
13984,399,0.0
13984,476,0.0
13984,264,0.0
13984,200,0.0
13984,189,0.0
13984,362,0.0
13984,17,0.0
13984,16,0.0
13984,310,0.0
9487,20,0.0
9487,399,0.0
9487,476,0.0
9487,264,0.0
9487,200,0.0
9487,189,0.0
9487,362,0.0
9487,17,0.0
9487,16,0.0
9487,310,0.0
9637,119,0.0
9637,20,0.0
9637,399,0.0
9637,476,0.0
9637,264,0.0
9637,200,0.0
9637,189,0.0
9637,362,0.0
9637,17,0.0
9637,16,0.0
18110,94,1.9999999999999993
18110,125,0.9999999999999998
18110,190,0.9999999999999998
18110,416,0.9999999999999998
18110,19,0.9999999999999998
18110,16,0.9999999999999996
18110,362,0.9999999999999991
18110,79,2.220446049250313E-16
18110,415,0.0
18110,476,0.0
17019,415,0.8892972917998876
17019,89,0.7559289460184545
17019,22,0.3706368129537354
17019,352,0.19710180428427249
17019,59,0.1665641566470467
17019,125,0.0
17019,476,0.0
17019,190,0.0
17019,416,0.0
17019,19,0.0
8537,119,0.0
8537,20,0.0
8537,399,0.0
8537,476,0.0
8537,264,0.0
8537,200,0.0
8537,189,0.0
8537,362,0.0
8537,17,0.0
8537,16,0.0
13987,119,0.0
13987,20,0.0
13987,399,0.0
13987,476,0.0
13987,264,0.0
13987,200,0.0
13987,189,0.0
13987,362,0.0
13987,17,0.0
13987,16,0.0
3883,94,6.851968506697723
3883,22,4.499999999999999
3883,399,3.391914310470421
3883,255,3.2506932313872463
3883,119,2.7029320739658065
3883,189,1.9470031279473539
3883,89,1.4999999999999996
3883,352,1.4070573241746553
3883,78,1.3110177634953861
3883,77,0.9999999999999998
4520,119,0.0
4520,20,0.0
4520,399,0.0
4520,476,0.0
4520,264,0.0
4520,200,0.0
4520,189,0.0
4520,362,0.0
4520,17,0.0
4520,16,0.0
15526,119,0.0
15526,399,0.0
15526,476,0.0
15526,264,0.0
15526,200,0.0
15526,189,0.0
15526,362,0.0
15526,17,0.0
15526,16,0.0
15526,310,0.0
15498,119,0.0
15498,20,0.0
15498,399,0.0
15498,476,0.0
15498,264,0.0
15498,200,0.0
15498,189,0.0
15498,362,0.0
15498,17,0.0
15498,16,0.0
18200,119,0.0
18200,20,0.0
18200,399,0.0
18200,476,0.0
18200,200,0.0
18200,189,0.0
18200,362,0.0
18200,17,0.0
18200,16,0.0
18200,310,0.0
17799,399,11.0
17799,119,10.0
17799,94,9.0
17799,20,9.0
17799,200,7.999999999999999
17799,189,6.999999999999999
17799,255,6.999999999999999
17799,310,5.999999999999999
17799,352,5.999999999999999
17799,287,4.999999999999999
17797,119,0.0
17797,399,0.0
17797,476,0.0
17797,200,0.0
17797,189,0.0
17797,362,0.0
17797,17,0.0
17797,16,0.0
17797,310,0.0
17797,59,0.0
18109,119,0.0
18109,20,0.0
18109,399,0.0
18109,476,0.0
18109,264,0.0
18109,200,0.0
18109,189,0.0
18109,362,0.0
18109,17,0.0
18109,16,0.0
17789,119,0.0
17789,20,0.0
17789,476,0.0
17789,264,0.0
17789,200,0.0
17789,189,0.0
17789,362,0.0
17789,17,0.0
17789,16,0.0
17789,310,0.0
743,20,0.0
743,399,0.0
743,476,0.0
743,264,0.0
743,200,0.0
743,189,0.0
743,362,0.0
743,17,0.0
743,16,0.0
743,310,0.0
1121,119,0.0
1121,20,0.0
1121,399,0.0
1121,476,0.0
1121,264,0.0
1121,200,0.0
1121,189,0.0
1121,362,0.0
1121,17,0.0
1121,16,0.0
7924,119,0.0
7924,20,0.0
7924,399,0.0
7924,476,0.0
7924,264,0.0
7924,200,0.0
7924,189,0.0
7924,362,0.0
7924,17,0.0
7924,16,0.0
6296,119,0.0
6296,20,0.0
6296,399,0.0
6296,476,0.0
6296,264,0.0
6296,200,0.0
6296,189,0.0
6296,362,0.0
6296,17,0.0
6296,16,0.0
17795,119,0.0
17795,399,0.0
17795,476,0.0
17795,264,0.0
17795,200,0.0
17795,189,0.0
17795,362,0.0
17795,17,0.0
17795,16,0.0
17795,310,0.0
10651,119,0.0
10651,20,0.0
10651,399,0.0
10651,476,0.0
10651,264,0.0
10651,189,0.0
10651,362,0.0
10651,17,0.0
10651,16,0.0
10651,310,0.0
7123,119,0.0
7123,20,0.0
7123,399,0.0
7123,476,0.0
7123,264,0.0
7123,200,0.0
7123,189,0.0
7123,362,0.0
7123,17,0.0
7123,16,0.0
16169,200,8.0
16169,264,7.0
16169,399,6.0
16169,352,6.0
16169,189,5.999999999999999
16169,255,5.999999999999999
16169,94,5.999999999999999
16169,20,5.999999999999999
16169,119,5.0
16169,22,4.999999999999999
10286,119,0.0
10286,399,0.0
10286,476,0.0
10286,264,0.0
10286,200,0.0
10286,189,0.0
10286,362,0.0
10286,17,0.0
10286,16,0.0
10286,310,0.0
17011,119,0.0
17011,20,0.0
17011,476,0.0
17011,264,0.0
17011,200,0.0
17011,189,0.0
17011,362,0.0
17011,17,0.0
17011,16,0.0
17011,310,0.0
2687,119,0.0
2687,20,0.0
2687,399,0.0
2687,476,0.0
2687,264,0.0
2687,200,0.0
2687,189,0.0
2687,362,0.0
2687,17,0.0
2687,16,0.0
18106,119,0.0
18106,20,0.0
18106,399,0.0
18106,476,0.0
18106,264,0.0
18106,200,0.0
18106,189,0.0
18106,362,0.0
18106,17,0.0
18106,16,0.0
3884,119,0.0
3884,20,0.0
3884,399,0.0
3884,476,0.0
3884,200,0.0
3884,189,0.0
3884,362,0.0
3884,17,0.0
3884,16,0.0
3884,310,0.0
18955,119,0.0
18955,20,0.0
18955,399,0.0
18955,476,0.0
18955,264,0.0
18955,200,0.0
18955,189,0.0
18955,362,0.0
18955,17,0.0
18955,16,0.0
17023,119,0.0
17023,20,0.0
17023,399,0.0
17023,476,0.0
17023,264,0.0
17023,200,0.0
17023,189,0.0
17023,362,0.0
17023,17,0.0
17023,16,0.0
514,119,0.0
514,399,0.0
514,476,0.0
514,264,0.0
514,200,0.0
514,189,0.0
514,362,0.0
514,17,0.0
514,16,0.0
514,310,0.0
17796,119,0.0
17796,20,0.0
17796,399,0.0
17796,476,0.0
17796,264,0.0
17796,200,0.0
17796,189,0.0
17796,362,0.0
17796,17,0.0
17796,16,0.0
13982,119,0.0
13982,20,0.0
13982,399,0.0
13982,476,0.0
13982,264,0.0
13982,200,0.0
13982,189,0.0
13982,362,0.0
13982,17,0.0
13982,16,0.0
201,20,0.0
201,399,0.0
201,476,0.0
201,264,0.0
201,200,0.0
201,189,0.0
201,362,0.0
201,17,0.0
201,16,0.0
201,310,0.0
12059,119,0.0
12059,399,0.0
12059,476,0.0
12059,264,0.0
12059,200,0.0
12059,189,0.0
12059,362,0.0
12059,17,0.0
12059,16,0.0
12059,310,0.0
18679,119,0.0
18679,399,0.0
18679,476,0.0
18679,264,0.0
18679,200,0.0
18679,189,0.0
18679,362,0.0
18679,17,0.0
18679,16,0.0
18679,310,0.0
5660,119,0.0
5660,20,0.0
5660,399,0.0
5660,476,0.0
5660,264,0.0
5660,200,0.0
5660,189,0.0
5660,362,0.0
5660,17,0.0
5660,16,0.0
15230,119,0.0
15230,20,0.0
15230,399,0.0
15230,476,0.0
15230,264,0.0
15230,200,0.0
15230,189,0.0
15230,362,0.0
15230,17,0.0
15230,16,0.0
3904,119,0.0
3904,399,0.0
3904,476,0.0
3904,264,0.0
3904,200,0.0
3904,189,0.0
3904,362,0.0
3904,17,0.0
3904,16,0.0
3904,310,0.0
15033,119,0.0
15033,20,0.0
15033,399,0.0
15033,476,0.0
15033,264,0.0
15033,200,0.0
15033,189,0.0
15033,362,0.0
15033,17,0.0
15033,16,0.0
17007,119,0.0
17007,399,0.0
17007,476,0.0
17007,264,0.0
17007,200,0.0
17007,189,0.0
17007,362,0.0
17007,17,0.0
17007,16,0.0
17007,310,0.0
17021,119,0.0
17021,399,0.0
17021,476,0.0
17021,264,0.0
17021,200,0.0
17021,189,0.0
17021,362,0.0
17021,17,0.0
17021,16,0.0
17021,310,0.0
1436,22,1.0
1436,77,0.9999999999999998
1436,94,0.9999999999999996
1436,134,0.0
1436,284,0.0
1436,400,0.0
1436,476,0.0
1436,17,0.0
1436,78,-0.9999999999999998
1436,190,-0.9999999999999998
18107,119,0.0
18107,20,0.0
18107,399,0.0
18107,476,0.0
18107,264,0.0
18107,200,0.0
18107,189,0.0
18107,362,0.0
18107,17,0.0
18107,16,0.0
17020,119,0.0
17020,20,0.0
17020,399,0.0
17020,476,0.0
17020,264,0.0
17020,200,0.0
17020,189,0.0
17020,362,0.0
17020,17,0.0
17020,16,0.0
4182,119,0.0
4182,20,0.0
4182,399,0.0
4182,476,0.0
4182,264,0.0
4182,200,0.0
4182,189,0.0
4182,362,0.0
4182,17,0.0
4182,16,0.0
2988,119,0.0
2988,20,0.0
2988,399,0.0
2988,476,0.0
2988,264,0.0
2988,200,0.0
2988,189,0.0
2988,362,0.0
2988,17,0.0
2988,16,0.0
17685,119,0.0
17685,20,0.0
17685,399,0.0
17685,476,0.0
17685,264,0.0
17685,200,0.0
17685,189,0.0
17685,362,0.0
17685,17,0.0
17685,16,0.0
8494,119,0.0
8494,399,0.0
8494,476,0.0
8494,200,0.0
8494,189,0.0
8494,362,0.0
8494,17,0.0
8494,16,0.0
8494,310,0.0
8494,59,0.0
17804,119,0.0
17804,20,0.0
17804,399,0.0
17804,476,0.0
17804,200,0.0
17804,189,0.0
17804,362,0.0
17804,17,0.0
17804,16,0.0
17804,310,0.0
17781,119,0.0
17781,399,0.0
17781,476,0.0
17781,264,0.0
17781,200,0.0
17781,189,0.0
17781,362,0.0
17781,17,0.0
17781,16,0.0
17781,310,0.0
17794,119,0.0
17794,20,0.0
17794,399,0.0
17794,476,0.0
17794,264,0.0
17794,200,0.0
17794,189,0.0
17794,362,0.0
17794,17,0.0
17794,16,0.0
13989,119,0.0
13989,20,0.0
13989,399,0.0
13989,476,0.0
13989,264,0.0
13989,200,0.0
13989,189,0.0
13989,362,0.0
13989,17,0.0
13989,16,0.0
18566,119,0.0
18566,399,0.0
18566,476,0.0
18566,264,0.0
18566,200,0.0
18566,189,0.0
18566,362,0.0
18566,17,0.0
18566,16,0.0
18566,310,0.0
15415,119,0.0
15415,20,0.0
15415,399,0.0
15415,476,0.0
15415,264,0.0
15415,200,0.0
15415,189,0.0
15415,362,0.0
15415,17,0.0
15415,16,0.0
1438,119,0.0
1438,20,0.0
1438,476,0.0
1438,264,0.0
1438,200,0.0
1438,189,0.0
1438,362,0.0
1438,17,0.0
1438,16,0.0
1438,310,0.0
17783,119,0.0
17783,20,0.0
17783,399,0.0
17783,476,0.0
17783,264,0.0
17783,200,0.0
17783,189,0.0
17783,362,0.0
17783,17,0.0
17783,16,0.0
2358,200,6.999999999999999
2358,264,6.999999999999999
2358,255,5.999999999999999
2358,310,4.999999999999999
2358,399,4.999999999999999
2358,20,4.999999999999999
2358,119,3.999999999999999
2358,287,3.999999999999999
2358,94,2.9999999999999996
2358,22,2.9999999999999996
17809,264,14.0
17809,399,9.0
17809,119,8.0
17809,287,6.999999999999999
17809,94,6.0
17809,200,6.0
17809,189,6.0
17809,310,5.0
17809,16,5.0
17809,352,5.0
17773,119,0.0
17773,20,0.0
17773,399,0.0
17773,476,0.0
17773,264,0.0
17773,200,0.0
17773,189,0.0
17773,362,0.0
17773,17,0.0
17773,16,0.0
17774,119,0.0
17774,20,0.0
17774,399,0.0
17774,476,0.0
17774,264,0.0
17774,200,0.0
17774,189,0.0
17774,362,0.0
17774,17,0.0
17774,16,0.0
18671,119,0.0
18671,20,0.0
18671,399,0.0
18671,476,0.0
18671,264,0.0
18671,189,0.0
18671,362,0.0
18671,17,0.0
18671,16,0.0
18671,310,0.0
2842,20,0.0
2842,399,0.0
2842,476,0.0
2842,264,0.0
2842,200,0.0
2842,189,0.0
2842,362,0.0
2842,17,0.0
2842,16,0.0
2842,310,0.0
17770,119,0.0
17770,399,0.0
17770,476,0.0
17770,264,0.0
17770,200,0.0
17770,189,0.0
17770,362,0.0
17770,17,0.0
17770,16,0.0
17770,310,0.0
17194,119,0.0
17194,20,0.0
17194,399,0.0
17194,476,0.0
17194,264,0.0
17194,200,0.0
17194,189,0.0
17194,362,0.0
17194,17,0.0
17194,16,0.0
4938,119,0.0
4938,399,0.0
4938,476,0.0
4938,264,0.0
4938,200,0.0
4938,189,0.0
4938,362,0.0
4938,17,0.0
4938,16,0.0
4938,310,0.0
16286,119,0.0
16286,20,0.0
16286,399,0.0
16286,476,0.0
16286,264,0.0
16286,200,0.0
16286,189,0.0
16286,362,0.0
16286,17,0.0
16286,16,0.0
17016,119,0.0
17016,20,0.0
17016,399,0.0
17016,476,0.0
17016,264,0.0
17016,200,0.0
17016,189,0.0
17016,362,0.0
17016,17,0.0
17016,16,0.0
11614,119,0.0
11614,20,0.0
11614,399,0.0
11614,476,0.0
11614,200,0.0
11614,189,0.0
11614,362,0.0
11614,17,0.0
11614,16,0.0
11614,310,0.0
18677,119,0.0
18677,20,0.0
18677,399,0.0
18677,476,0.0
18677,264,0.0
18677,200,0.0
18677,189,0.0
18677,362,0.0
18677,17,0.0
18677,16,0.0
17490,399,15.459666835133469
17490,200,13.64436024619215
17490,119,11.575621937411
17490,287,11.54075666430898
17490,352,10.51698638217781
17490,94,9.978287813747357
17490,310,9.644360246192154
17490,255,9.290934822134297
17490,189,8.266314595995047
17490,362,5.662379740130186
64,119,0.0
64,20,0.0
64,476,0.0
64,264,0.0
64,200,0.0
64,189,0.0
64,362,0.0
64,17,0.0
64,16,0.0
64,310,0.0
8278,119,0.0
8278,399,0.0
8278,476,0.0
8278,264,0.0
8278,200,0.0
8278,189,0.0
8278,362,0.0
8278,17,0.0
8278,16,0.0
8278,310,0.0
11481,119,0.0
11481,399,0.0
11481,476,0.0
11481,264,0.0
11481,200,0.0
11481,189,0.0
11481,362,0.0
11481,17,0.0
11481,16,0.0
11481,310,0.0
17776,119,0.0
17776,20,0.0
17776,399,0.0
17776,476,0.0
17776,264,0.0
17776,200,0.0
17776,189,0.0
17776,362,0.0
17776,17,0.0
17776,16,0.0
1323,119,0.0
1323,20,0.0
1323,476,0.0
1323,264,0.0
1323,200,0.0
1323,189,0.0
1323,17,0.0
1323,16,0.0
1323,310,0.0
1323,59,0.0
2989,119,0.0
2989,20,0.0
2989,399,0.0
2989,476,0.0
2989,264,0.0
2989,200,0.0
2989,189,0.0
2989,362,0.0
2989,17,0.0
2989,16,0.0
