9657,287,2.0136845655661215
9657,255,0.5956357150696983
9657,416,0.4303613245929722
9657,190,0.3413280743931446
9657,125,0.3413280743931446
9657,19,0.3413280743931446
9657,824,0.31156003875376487
9657,415,0.1745320178497086
9657,77,0.14002800840280097
9657,400,0.0
1550,119,0.0
1550,20,0.0
1550,399,0.0
1550,476,0.0
1550,264,0.0
1550,200,0.0
1550,189,0.0
1550,362,0.0
1550,17,0.0
1550,16,0.0
17924,119,9.0
17924,20,9.0
17924,200,9.0
17924,264,5.0
17924,189,4.0
17924,287,3.0
17924,134,2.9999999999999996
17924,255,2.999999999999999
17924,362,2.999999999999999
17924,310,2.0
4672,119,0.0
4672,20,0.0
4672,399,0.0
4672,476,0.0
4672,264,0.0
4672,200,0.0
4672,189,0.0
4672,362,0.0
4672,17,0.0
4672,16,0.0
8497,119,0.0
8497,20,0.0
8497,399,0.0
8497,476,0.0
8497,264,0.0
8497,200,0.0
8497,189,0.0
8497,362,0.0
8497,17,0.0
8497,16,0.0
9070,200,4.2449471597164194
9070,189,2.173395099903721
9070,94,2.0271615271468626
9070,20,1.9211196131564812
9070,134,1.0018878983635104
9070,287,0.5869746775010434
9070,59,0.38995340436330395
9070,17,0.32871912932571284
9070,476,0.32871912932571284
9070,77,0.0
16845,119,0.0
16845,20,0.0
16845,399,0.0
16845,476,0.0
16845,264,0.0
16845,200,0.0
16845,189,0.0
16845,362,0.0
16845,17,0.0
16845,16,0.0
7943,399,22.306012680577737
7943,255,10.062292398946687
7943,310,5.638149970605386
7943,22,5.347253466830735
7943,352,4.909967714410366
7943,89,3.755797657392349
7943,416,1.3771872436372816
7943,59,1.2780656398035766
7943,824,1.2066256807178637
7943,125,0.7879062462802287
8348,310,5.0
8348,399,4.0
8348,287,4.0
8348,20,4.0
8348,94,4.0
8348,189,3.0
8348,59,2.9999999999999996
8348,200,2.0
8348,79,2.0
8348,22,1.9999999999999996
7974,200,17.711350429036596
7974,310,10.75782930716986
7974,16,6.557050452850698
7974,22,3.953749741909707
7974,362,3.0466477411329036
7974,78,2.7779703079111946
7974,89,2.013567875344779
7974,352,1.7771418325246087
7974,59,1.3960854930124493
7974,134,1.3082926826108205
19001,352,5.180719813279676
19001,22,2.994417179236353
19001,362,2.933515911447194
19001,89,2.3883094594680307
19001,78,1.9798824160936876
19001,59,1.9412027058796617
19001,824,1.1378226024468636
19001,284,0.9160867167557518
19001,416,0.7360808161390491
19001,134,0.27606169089698385
5878,287,2.293797530505155
5878,78,2.0263088056100873
5878,89,0.9950753216583662
5878,352,0.5696365421210939
5878,77,0.0
5878,400,0.0
5878,284,-0.06804138174397713
5878,59,-0.18750423238801972
5878,264,-0.36798982591975027
5878,415,-0.3865103412619628
19049,200,8.928099105414082
19049,287,5.2831139564080285
19049,79,5.011037084410536
19049,16,3.073309961705368
19049,255,2.417435797718649
19049,352,1.7313356652791492
19049,134,1.677090084858784
19049,22,1.4461851279946492
19049,310,1.4211029150250154
19049,362,1.0677615705067778
1359,119,0.0
1359,20,0.0
1359,399,0.0
1359,476,0.0
1359,264,0.0
1359,200,0.0
1359,189,0.0
1359,362,0.0
1359,17,0.0
1359,16,0.0
8347,119,0.0
8347,20,0.0
8347,399,0.0
8347,476,0.0
8347,264,0.0
8347,200,0.0
8347,189,0.0
8347,362,0.0
8347,17,0.0
8347,16,0.0
19003,200,18.51932031198632
19003,255,12.079292716247387
19003,189,8.351234155971104
19003,22,7.210448670657169
19003,352,7.047578361299425
19003,16,5.323577190225369
19003,59,3.664632939985018
19003,89,2.632869228608098
19003,134,1.4418378583897002
19003,416,1.1738351472531647
12415,119,0.0
12415,20,0.0
12415,399,0.0
12415,476,0.0
12415,264,0.0
12415,200,0.0
12415,189,0.0
12415,362,0.0
12415,17,0.0
12415,16,0.0
11894,287,9.939088934605191
11894,310,9.69365206334106
11894,79,9.330475841339126
11894,362,5.619466075569019
11894,352,4.9736195372387
11894,16,4.209539133865678
11894,59,2.0705812038711864
11894,134,2.0317276178935813
11894,22,1.732003590761544
11894,416,1.1882164984117178
19000,264,15.035103826102294
19000,310,7.194219715403062
19000,352,4.51997933215201
19000,255,4.286316336356403
19000,78,3.5603093605697014
19000,189,2.8737403349132613
19000,79,2.7451966930888094
19000,362,2.6588206270580512
19000,16,1.7516101952987073
19000,89,1.6531811995272787
19030,200,11.130956320500157
19030,399,8.804417065462879
19030,287,8.313718945322247
19030,264,7.347254720929179
19030,310,6.917088351705524
19030,255,5.614839500452028
19030,16,5.129058546222784
19030,362,4.9391695389249515
19030,79,4.865103973583177
19030,78,3.3199238085184817
4729,119,0.0
4729,20,0.0
4729,399,0.0
4729,476,0.0
4729,264,0.0
4729,200,0.0
4729,189,0.0
4729,362,0.0
4729,17,0.0
4729,16,0.0
18257,119,0.0
18257,20,0.0
18257,399,0.0
18257,476,0.0
18257,264,0.0
18257,200,0.0
18257,189,0.0
18257,362,0.0
18257,17,0.0
18257,16,0.0
5872,119,5.47645561237579
5872,16,3.6831992131471987
5872,200,3.0874917646968267
5872,255,2.611981641859699
5872,310,2.2838263726967547
5872,362,2.199182927949253
5872,22,2.041025172526465
5872,78,1.9847023265244375
5872,352,1.5058344281796172
5872,287,1.3545155388484422
12414,20,16.979258574620477
12414,189,13.430124051768855
12414,94,11.98074010341356
12414,287,11.742203193156557
12414,310,9.843083840250985
12414,79,9.567857461007995
12414,255,6.523044820450255
12414,352,6.302281122667201
12414,16,5.275545510403442
12414,362,4.430804921889873
8173,119,0.0
8173,20,0.0
8173,399,0.0
8173,476,0.0
8173,264,0.0
8173,200,0.0
8173,189,0.0
8173,362,0.0
8173,17,0.0
8173,16,0.0
4588,119,0.0
4588,20,0.0
4588,399,0.0
4588,476,0.0
4588,264,0.0
4588,200,0.0
4588,189,0.0
4588,362,0.0
4588,17,0.0
4588,16,0.0
19008,119,0.0
19008,20,0.0
19008,399,0.0
19008,476,0.0
19008,264,0.0
19008,200,0.0
19008,189,0.0
19008,362,0.0
19008,17,0.0
19008,16,0.0
7796,119,0.0
7796,20,0.0
7796,399,0.0
7796,476,0.0
7796,264,0.0
7796,200,0.0
7796,189,0.0
7796,362,0.0
7796,17,0.0
7796,16,0.0
16513,119,0.0
16513,20,0.0
16513,399,0.0
16513,476,0.0
16513,264,0.0
16513,200,0.0
16513,189,0.0
16513,362,0.0
16513,17,0.0
16513,16,0.0
319,20,0.0
319,399,0.0
319,476,0.0
319,264,0.0
319,200,0.0
319,189,0.0
319,362,0.0
319,17,0.0
319,16,0.0
319,310,0.0
4696,119,0.0
4696,20,0.0
4696,399,0.0
4696,476,0.0
4696,264,0.0
4696,200,0.0
4696,189,0.0
4696,362,0.0
4696,17,0.0
4696,16,0.0
11917,119,0.0
11917,20,0.0
11917,399,0.0
11917,476,0.0
11917,264,0.0
11917,200,0.0
11917,189,0.0
11917,362,0.0
11917,17,0.0
11917,16,0.0
5120,287,3.5927608703849243
5120,22,2.9826644126189397
5120,264,2.7560101232063356
5120,352,2.377964473009227
5120,119,2.092760870384925
5120,416,1.1889822365046137
5120,399,1.0927608703849252
5120,415,0.9707253433941511
5120,16,0.7147963973756966
5120,200,0.4037786338803109
4304,20,0.0
4304,399,0.0
4304,476,0.0
4304,264,0.0
4304,200,0.0
4304,362,0.0
4304,17,0.0
4304,16,0.0
4304,310,0.0
4304,59,0.0
18260,119,0.0
18260,20,0.0
18260,399,0.0
18260,476,0.0
18260,264,0.0
18260,200,0.0
18260,189,0.0
18260,362,0.0
18260,17,0.0
18260,16,0.0
4,189,12.404175865262147
4,255,10.945381378392133
4,352,8.012977488035773
4,16,7.760486382686279
4,362,6.636781691218596
4,22,5.705213664911491
4,59,4.619609874170371
4,78,3.2221023451312174
4,134,2.0395500506810196
4,416,1.9992559571142903
19029,415,0.9999999999999998
19029,79,2.220446049250313E-16
19029,310,2.220446049250313E-16
19029,94,2.220446049250313E-16
19029,284,0.0
19029,399,0.0
19029,476,0.0
19029,17,0.0
19029,78,0.0
19029,16,0.0
8342,200,12.103643852677155
8342,22,7.368823644153874
8342,255,6.462206313051695
8342,352,4.980937960676956
8342,59,4.407283432284215
8342,78,2.160363088635216
8342,824,1.13135751845661
8342,89,0.846470082896619
8342,284,0.5576970926203548
8342,134,0.5092918020772712
19048,20,35.37658854779863
19048,399,22.08367143060435
19048,287,19.016055191396088
19048,255,14.558534023714541
19048,189,13.758878511873899
19048,310,11.956578342941407
19048,352,10.113773226458342
19048,362,9.722075532195102
19048,16,8.391007231414882
19048,22,8.102676433306923
18251,20,20.11578474394575
18251,119,19.17048494017098
18251,399,16.045105926068857
18251,287,15.69094086331887
18251,189,15.57114103968312
18251,255,12.583313315139405
18251,310,12.040680201387815
18251,79,10.036048122149202
18251,352,9.973733491873974
18251,16,9.373340069720543
2090,20,0.0
2090,399,0.0
2090,476,0.0
2090,264,0.0
2090,200,0.0
2090,189,0.0
2090,362,0.0
2090,17,0.0
2090,16,0.0
2090,310,0.0
19159,264,28.283069066025337
19159,189,15.51255392135127
19159,79,15.297323922141839
19159,287,13.649959023063069
19159,94,12.963282772624868
19159,352,9.887019163408752
19159,310,9.061859227822984
19159,16,7.401265135392525
19159,362,7.325634874758304
19159,255,6.074713243158547
19018,119,0.0
19018,20,0.0
19018,399,0.0
19018,476,0.0
19018,264,0.0
19018,200,0.0
19018,189,0.0
19018,362,0.0
19018,17,0.0
19018,16,0.0
14223,134,0.8415768810140505
14223,284,2.220446049250313E-16
14223,77,0.0
14223,824,0.0
14223,17,0.0
14223,476,0.0
14223,400,0.0
14223,89,-0.18898223650461365
14223,352,-0.20893362206352384
14223,415,-0.23570226039551587
19534,399,24.0
19534,20,19.0
19534,189,15.0
19534,200,15.0
19534,94,12.0
19534,287,10.0
19534,79,8.0
19534,362,7.0
19534,310,6.0
19534,16,6.0
8289,119,0.0
8289,20,0.0
8289,399,0.0
8289,476,0.0
8289,264,0.0
8289,200,0.0
8289,189,0.0
8289,362,0.0
8289,17,0.0
8289,16,0.0
15596,399,5.0
15596,79,4.0
15596,200,3.0
15596,119,3.0
15596,416,3.0
15596,824,2.0
15596,362,2.0
15596,94,1.9999999999999998
15596,190,1.0
15596,89,1.0
18249,20,0.0
18249,399,0.0
18249,476,0.0
18249,264,0.0
18249,200,0.0
18249,189,0.0
18249,362,0.0
18249,17,0.0
18249,16,0.0
18249,310,0.0
10885,119,0.0
10885,20,0.0
10885,399,0.0
10885,476,0.0
10885,264,0.0
10885,200,0.0
10885,189,0.0
10885,362,0.0
10885,17,0.0
10885,16,0.0
19046,119,0.0
19046,20,0.0
19046,399,0.0
19046,476,0.0
19046,264,0.0
19046,200,0.0
19046,189,0.0
19046,362,0.0
19046,17,0.0
19046,16,0.0
10369,119,0.0
10369,20,0.0
10369,399,0.0
10369,476,0.0
10369,264,0.0
10369,200,0.0
10369,189,0.0
10369,362,0.0
10369,17,0.0
10369,16,0.0
4693,119,0.0
4693,399,0.0
4693,476,0.0
4693,264,0.0
4693,200,0.0
4693,189,0.0
4693,362,0.0
4693,17,0.0
4693,16,0.0
4693,310,0.0
12411,264,30.708751202377435
12411,20,30.06337137689697
12411,287,18.839801629079606
12411,94,18.325600406014686
12411,189,15.903362717689934
12411,310,12.433603631262608
12411,255,11.576840486058254
12411,362,10.919038589230913
12411,16,9.834554769922823
12411,352,9.207844247124363
16398,264,15.0
16398,20,14.0
16398,399,13.0
16398,287,12.0
16398,200,11.0
16398,94,9.0
16398,189,7.0
16398,310,7.0
16398,16,6.0
16398,255,5.0
18259,119,0.0
18259,20,0.0
18259,399,0.0
18259,476,0.0
18259,264,0.0
18259,200,0.0
18259,189,0.0
18259,362,0.0
18259,17,0.0
18259,16,0.0
8543,20,0.0
8543,476,0.0
8543,200,0.0
8543,189,0.0
8543,362,0.0
8543,17,0.0
8543,16,0.0
8543,310,0.0
8543,59,0.0
8543,287,0.0
19024,22,1.9999999999999991
19024,125,0.9999999999999998
19024,415,0.9999999999999998
19024,352,0.9999999999999998
19024,190,0.9999999999999998
19024,416,0.9999999999999998
19024,19,0.9999999999999998
19024,400,0.0
19024,89,-2.220446049250313E-16
19024,77,-0.9999999999999998
18256,119,0.0
18256,20,0.0
18256,399,0.0
18256,476,0.0
18256,264,0.0
18256,200,0.0
18256,189,0.0
18256,362,0.0
18256,17,0.0
18256,16,0.0
4634,20,0.0
4634,399,0.0
4634,476,0.0
4634,264,0.0
4634,200,0.0
4634,362,0.0
4634,17,0.0
4634,16,0.0
4634,310,0.0
4634,59,0.0
465,119,0.0
465,20,0.0
465,399,0.0
465,476,0.0
465,264,0.0
465,200,0.0
465,189,0.0
465,362,0.0
465,17,0.0
465,16,0.0
5924,119,0.0
5924,20,0.0
5924,399,0.0
5924,476,0.0
5924,264,0.0
5924,200,0.0
5924,189,0.0
5924,362,0.0
5924,17,0.0
5924,16,0.0
19034,352,2.7840641853963675
19034,416,1.8480059098464046
19034,362,1.3559026836808077
19034,59,1.1294105146883906
19034,190,0.981980506061966
19034,125,0.981980506061966
19034,19,0.981980506061966
19034,824,0.8660254037844387
19034,16,0.7320508075688772
19034,89,0.6726731646460113
8773,119,0.0
8773,20,0.0
8773,399,0.0
8773,476,0.0
8773,264,0.0
8773,200,0.0
8773,189,0.0
8773,362,0.0
8773,17,0.0
8773,16,0.0
469,119,0.0
469,20,0.0
469,399,0.0
469,476,0.0
469,264,0.0
469,200,0.0
469,189,0.0
469,362,0.0
469,17,0.0
469,16,0.0
18649,119,0.0
18649,20,0.0
18649,399,0.0
18649,476,0.0
18649,264,0.0
18649,200,0.0
18649,189,0.0
18649,362,0.0
18649,17,0.0
18649,16,0.0
19033,119,0.0
19033,20,0.0
19033,399,0.0
19033,476,0.0
19033,264,0.0
19033,200,0.0
19033,189,0.0
19033,362,0.0
19033,17,0.0
19033,16,0.0
4310,20,14.0
4310,399,13.0
4310,264,13.0
4310,119,13.0
4310,94,12.0
4310,287,8.0
4310,255,7.999999999999999
4310,16,7.999999999999998
4310,362,7.0
4310,79,5.999999999999999
5873,119,0.0
5873,20,0.0
5873,399,0.0
5873,476,0.0
5873,264,0.0
5873,200,0.0
5873,189,0.0
5873,362,0.0
5873,17,0.0
5873,16,0.0
11908,119,0.0
11908,20,0.0
11908,399,0.0
11908,476,0.0
11908,264,0.0
11908,200,0.0
11908,189,0.0
11908,362,0.0
11908,17,0.0
11908,16,0.0
18070,119,0.0
18070,20,0.0
18070,399,0.0
18070,476,0.0
18070,264,0.0
18070,200,0.0
18070,189,0.0
18070,362,0.0
18070,17,0.0
18070,16,0.0
14822,119,0.0
14822,20,0.0
14822,399,0.0
14822,476,0.0
14822,264,0.0
14822,200,0.0
14822,189,0.0
14822,362,0.0
14822,17,0.0
14822,16,0.0
18999,264,19.747106771094124
18999,189,12.894764407980784
18999,94,11.517976544439463
18999,79,11.168641368493788
18999,362,6.699105518727768
18999,352,6.435821692170596
18999,16,5.848746078401266
18999,310,5.6860005125786595
18999,255,4.2181835913272065
18999,134,2.385869903913782
14091,119,0.0
14091,20,0.0
14091,399,0.0
14091,476,0.0
14091,264,0.0
14091,200,0.0
14091,189,0.0
14091,362,0.0
14091,17,0.0
14091,16,0.0
1023,119,0.0
1023,20,0.0
1023,399,0.0
1023,476,0.0
1023,264,0.0
1023,200,0.0
1023,189,0.0
1023,362,0.0
1023,17,0.0
1023,16,0.0
3783,200,12.0
3783,264,10.0
3783,189,10.0
3783,20,9.0
3783,94,6.0
3783,362,4.000000000000001
3783,134,3.000000000000001
3783,255,3.000000000000001
3783,16,2.000000000000001
3783,287,1.9999999999999998
19913,119,0.0
19913,20,0.0
19913,399,0.0
19913,476,0.0
19913,264,0.0
19913,200,0.0
19913,189,0.0
19913,362,0.0
19913,17,0.0
19913,16,0.0
19012,119,0.0
19012,20,0.0
19012,399,0.0
19012,476,0.0
19012,264,0.0
19012,200,0.0
19012,189,0.0
19012,362,0.0
19012,17,0.0
19012,16,0.0
11918,119,0.0
11918,20,0.0
11918,399,0.0
11918,476,0.0
11918,264,0.0
11918,200,0.0
11918,189,0.0
11918,362,0.0
11918,17,0.0
11918,16,0.0
11912,119,0.0
11912,20,0.0
11912,399,0.0
11912,476,0.0
11912,264,0.0
11912,200,0.0
11912,189,0.0
11912,362,0.0
11912,17,0.0
11912,16,0.0
19022,119,0.0
19022,20,0.0
19022,399,0.0
19022,476,0.0
19022,264,0.0
19022,200,0.0
19022,189,0.0
19022,362,0.0
19022,17,0.0
19022,16,0.0
18250,119,0.0
18250,20,0.0
18250,399,0.0
18250,476,0.0
18250,264,0.0
18250,200,0.0
18250,189,0.0
18250,362,0.0
18250,17,0.0
18250,16,0.0
19028,119,0.0
19028,20,0.0
19028,399,0.0
19028,476,0.0
19028,264,0.0
19028,200,0.0
19028,189,0.0
19028,362,0.0
19028,17,0.0
19028,16,0.0
12350,119,0.0
12350,20,0.0
12350,399,0.0
12350,476,0.0
12350,264,0.0
12350,200,0.0
12350,189,0.0
12350,362,0.0
12350,17,0.0
12350,16,0.0
19021,119,0.0
19021,20,0.0
19021,399,0.0
19021,476,0.0
19021,264,0.0
19021,200,0.0
19021,189,0.0
19021,362,0.0
19021,17,0.0
19021,16,0.0
11911,119,0.0
11911,20,0.0
11911,399,0.0
11911,476,0.0
11911,264,0.0
11911,200,0.0
11911,189,0.0
11911,362,0.0
11911,17,0.0
11911,16,0.0
80,119,0.0
80,20,0.0
80,399,0.0
80,476,0.0
80,264,0.0
80,200,0.0
80,189,0.0
80,362,0.0
80,17,0.0
80,16,0.0
19043,79,9.338699511820371
19043,287,9.26004395841413
19043,255,7.5497374681868745
19043,310,6.243213179501282
19043,352,5.128352399622476
19043,59,3.84155907575764
19043,16,3.121811449371399
19043,78,2.2693785919844958
19043,134,1.6769787480610283
19043,22,1.2695668180472472
11903,399,19.895425571307275
11903,20,13.395425571307282
11903,200,10.273471221504385
11903,94,7.727864486896824
11903,287,7.003795197088488
11903,79,6.503795197088488
11903,310,3.667561084410454
11903,362,3.5508213196170004
11903,16,3.444911182523069
11903,255,3.058884014565421
19044,200,13.674116972737425
19044,189,11.315249436583487
19044,94,9.45158125278901
19044,16,6.861948728210348
19044,362,5.093452546729968
19044,310,5.08808131337623
19044,352,4.134297968723464
19044,255,4.0360571254770585
19044,78,2.4433104379019372
19044,22,2.375242707082414
8335,119,0.0
8335,20,0.0
8335,399,0.0
8335,476,0.0
8335,264,0.0
8335,200,0.0
8335,189,0.0
8335,362,0.0
8335,17,0.0
8335,16,0.0
4633,119,0.0
4633,20,0.0
4633,399,0.0
4633,476,0.0
4633,264,0.0
4633,200,0.0
4633,189,0.0
4633,362,0.0
4633,17,0.0
4633,16,0.0
4448,119,0.0
4448,20,0.0
4448,399,0.0
4448,476,0.0
4448,264,0.0
4448,200,0.0
4448,189,0.0
4448,362,0.0
4448,17,0.0
4448,16,0.0
11899,119,0.0
11899,20,0.0
11899,399,0.0
11899,476,0.0
11899,264,0.0
11899,200,0.0
11899,189,0.0
11899,362,0.0
11899,17,0.0
11899,16,0.0
10748,119,0.0
10748,20,0.0
10748,399,0.0
10748,476,0.0
10748,264,0.0
10748,200,0.0
10748,189,0.0
10748,362,0.0
10748,17,0.0
10748,16,0.0
11901,119,0.0
11901,20,0.0
11901,399,0.0
11901,476,0.0
11901,264,0.0
11901,200,0.0
11901,362,0.0
11901,17,0.0
11901,16,0.0
11901,310,0.0
18230,264,19.58360675058491
18230,287,12.099514621588352
18230,79,11.87187633198357
18230,94,10.714217087669033
18230,352,10.106738972917235
18230,189,9.187274292278154
18230,310,7.86655794965808
18230,255,6.155323847371445
18230,22,5.430142812962025
18230,362,5.260261373393727
11909,119,0.0
11909,20,0.0
11909,399,0.0
11909,476,0.0
11909,264,0.0
11909,200,0.0
11909,189,0.0
11909,362,0.0
11909,17,0.0
11909,16,0.0
7727,119,0.0
7727,20,0.0
7727,399,0.0
7727,476,0.0
7727,264,0.0
7727,200,0.0
7727,189,0.0
7727,362,0.0
7727,17,0.0
7727,16,0.0
11907,20,0.0
11907,399,0.0
11907,476,0.0
11907,264,0.0
11907,200,0.0
11907,362,0.0
11907,17,0.0
11907,16,0.0
11907,310,0.0
11907,59,0.0
6527,119,0.0
6527,20,0.0
6527,399,0.0
6527,476,0.0
6527,264,0.0
6527,200,0.0
6527,189,0.0
6527,362,0.0
6527,17,0.0
6527,16,0.0
19041,119,0.0
19041,20,0.0
19041,399,0.0
19041,476,0.0
19041,264,0.0
19041,200,0.0
19041,189,0.0
19041,362,0.0
19041,17,0.0
19041,16,0.0
8324,119,0.0
8324,20,0.0
8324,399,0.0
8324,476,0.0
8324,264,0.0
8324,200,0.0
8324,189,0.0
8324,362,0.0
8324,17,0.0
8324,16,0.0
11910,119,0.0
11910,20,0.0
11910,399,0.0
11910,476,0.0
11910,264,0.0
11910,200,0.0
11910,189,0.0
11910,362,0.0
11910,17,0.0
11910,16,0.0
502,119,0.0
502,20,0.0
502,399,0.0
502,476,0.0
502,264,0.0
502,200,0.0
502,189,0.0
502,362,0.0
502,17,0.0
502,16,0.0
6973,119,0.0
6973,20,0.0
6973,399,0.0
6973,476,0.0
6973,264,0.0
6973,200,0.0
6973,189,0.0
6973,362,0.0
6973,17,0.0
6973,16,0.0
19042,119,0.0
19042,20,0.0
19042,399,0.0
19042,476,0.0
19042,264,0.0
19042,200,0.0
19042,189,0.0
19042,362,0.0
19042,17,0.0
19042,16,0.0
18185,119,0.0
18185,20,0.0
18185,399,0.0
18185,476,0.0
18185,264,0.0
18185,200,0.0
18185,189,0.0
18185,362,0.0
18185,17,0.0
18185,16,0.0
10265,119,0.0
10265,20,0.0
10265,399,0.0
10265,476,0.0
10265,264,0.0
10265,200,0.0
10265,189,0.0
10265,362,0.0
10265,17,0.0
10265,16,0.0
5606,119,0.0
5606,20,0.0
5606,399,0.0
5606,476,0.0
5606,264,0.0
5606,200,0.0
5606,189,0.0
5606,362,0.0
5606,17,0.0
5606,16,0.0
19004,264,10.795625955621057
19004,352,4.690856578188317
19004,79,3.092597255387058
19004,59,2.9489101528707646
19004,78,1.1544801815428078
19004,416,0.8081815173539808
19004,824,0.5460665393560085
19004,125,0.4691531241936968
19004,19,0.4691531241936968
19004,77,0.44582257006028225
6128,119,0.0
6128,20,0.0
6128,399,0.0
6128,476,0.0
6128,264,0.0
6128,200,0.0
6128,189,0.0
6128,362,0.0
6128,17,0.0
6128,16,0.0
15717,16,2.966085291134374
15717,22,2.6639852740886187
15717,78,2.6459585447084306
15717,59,2.498677163124147
15717,189,1.7101890536407485
15717,352,1.555878139354555
15717,287,1.0308300814253268
15717,824,1.0210563686377832
15717,77,1.0
15717,284,0.8852921330647191
13880,119,0.0
13880,20,0.0
13880,399,0.0
13880,476,0.0
13880,200,0.0
13880,189,0.0
13880,362,0.0
13880,17,0.0
13880,16,0.0
13880,310,0.0
14062,119,0.0
14062,20,0.0
14062,399,0.0
14062,476,0.0
14062,264,0.0
14062,200,0.0
14062,189,0.0
14062,362,0.0
14062,17,0.0
14062,16,0.0
98,119,0.0
98,20,0.0
98,399,0.0
98,476,0.0
98,264,0.0
98,200,0.0
98,189,0.0
98,362,0.0
98,17,0.0
98,16,0.0
12122,119,0.0
12122,20,0.0
12122,399,0.0
12122,476,0.0
12122,264,0.0
12122,200,0.0
12122,189,0.0
12122,362,0.0
12122,17,0.0
12122,16,0.0
11919,119,0.0
11919,20,0.0
11919,399,0.0
11919,476,0.0
11919,264,0.0
11919,200,0.0
11919,189,0.0
11919,362,0.0
11919,17,0.0
11919,16,0.0
19035,119,0.0
19035,399,0.0
19035,476,0.0
19035,264,0.0
19035,200,0.0
19035,189,0.0
19035,362,0.0
19035,17,0.0
19035,16,0.0
19035,310,0.0
6528,119,15.923957037306465
6528,399,15.923957037306465
6528,189,13.423957037306463
6528,200,13.309249170371183
6528,264,11.923957037306463
6528,362,9.596688372997246
6528,287,8.423957037306463
6528,255,7.393612644453965
6528,310,6.923957037306463
6528,59,4.6495415904724195
12416,119,0.0
12416,20,0.0
12416,399,0.0
12416,476,0.0
12416,264,0.0
12416,200,0.0
12416,189,0.0
12416,362,0.0
12416,17,0.0
12416,16,0.0
7333,119,0.0
7333,20,0.0
7333,399,0.0
7333,476,0.0
7333,264,0.0
7333,200,0.0
7333,189,0.0
7333,362,0.0
7333,17,0.0
7333,16,0.0
19138,119,0.0
19138,20,0.0
19138,399,0.0
19138,476,0.0
19138,264,0.0
19138,200,0.0
19138,189,0.0
19138,362,0.0
19138,17,0.0
19138,16,0.0
6526,119,0.0
6526,20,0.0
6526,399,0.0
6526,476,0.0
6526,264,0.0
6526,200,0.0
6526,189,0.0
6526,362,0.0
6526,17,0.0
6526,16,0.0
19027,119,0.0
19027,20,0.0
19027,399,0.0
19027,476,0.0
19027,264,0.0
19027,200,0.0
19027,189,0.0
19027,362,0.0
19027,17,0.0
19027,16,0.0
15594,89,1.0725032396351752
15594,77,0.5
15594,78,0.1787371852560411
15594,352,0.03974139526325704
15594,400,0.0
15594,125,-0.09090909090909091
15594,190,-0.09090909090909091
15594,19,-0.09090909090909091
15594,476,-0.5000000000000001
15594,17,-0.5000000000000001
8917,119,0.0
8917,20,0.0
8917,399,0.0
8917,476,0.0
8917,264,0.0
8917,200,0.0
8917,189,0.0
8917,362,0.0
8917,17,0.0
8917,16,0.0
19011,119,0.0
19011,20,0.0
19011,399,0.0
19011,476,0.0
19011,264,0.0
19011,200,0.0
19011,189,0.0
19011,362,0.0
19011,17,0.0
19011,16,0.0
11904,119,0.0
11904,20,0.0
11904,399,0.0
11904,476,0.0
11904,264,0.0
11904,200,0.0
11904,189,0.0
11904,362,0.0
11904,17,0.0
11904,16,0.0
6553,119,0.0
6553,20,0.0
6553,399,0.0
6553,476,0.0
6553,264,0.0
6553,200,0.0
6553,189,0.0
6553,362,0.0
6553,17,0.0
6553,16,0.0
14738,119,0.0
14738,20,0.0
14738,399,0.0
14738,476,0.0
14738,264,0.0
14738,200,0.0
14738,189,0.0
14738,362,0.0
14738,17,0.0
14738,16,0.0
7645,119,0.0
7645,20,0.0
7645,399,0.0
7645,476,0.0
7645,264,0.0
7645,200,0.0
7645,189,0.0
7645,362,0.0
7645,17,0.0
7645,16,0.0
13564,119,0.0
13564,20,0.0
13564,399,0.0
13564,476,0.0
13564,264,0.0
13564,200,0.0
13564,189,0.0
13564,362,0.0
13564,17,0.0
13564,16,0.0
1013,119,0.0
1013,20,0.0
1013,399,0.0
1013,476,0.0
1013,264,0.0
1013,200,0.0
1013,189,0.0
1013,362,0.0
1013,17,0.0
1013,16,0.0
18231,119,0.0
18231,399,0.0
18231,476,0.0
18231,264,0.0
18231,200,0.0
18231,189,0.0
18231,362,0.0
18231,17,0.0
18231,16,0.0
18231,310,0.0
3736,119,0.0
3736,20,0.0
3736,399,0.0
3736,476,0.0
3736,264,0.0
3736,200,0.0
3736,189,0.0
3736,362,0.0
3736,17,0.0
3736,16,0.0
5119,119,0.0
5119,399,0.0
5119,476,0.0
5119,264,0.0
5119,200,0.0
5119,189,0.0
5119,362,0.0
5119,17,0.0
5119,16,0.0
5119,310,0.0
11915,79,3.773630179007898
11915,89,0.944911182523068
11915,284,0.3453463292920227
11915,416,0.29025751181509096
11915,415,0.0
11915,400,0.0
11915,824,-0.24512734170130987
11915,59,-0.3059056832598289
11915,125,-0.32732683535398854
11915,19,-0.32732683535398854
18261,119,0.0
18261,20,0.0
18261,399,0.0
18261,476,0.0
18261,264,0.0
18261,200,0.0
18261,189,0.0
18261,362,0.0
18261,17,0.0
18261,16,0.0
11900,119,0.0
11900,20,0.0
11900,476,0.0
11900,264,0.0
11900,200,0.0
11900,189,0.0
11900,362,0.0
11900,17,0.0
11900,16,0.0
11900,310,0.0
6788,119,0.0
6788,20,0.0
6788,399,0.0
6788,476,0.0
6788,264,0.0
6788,200,0.0
6788,189,0.0
6788,362,0.0
6788,17,0.0
6788,16,0.0
16835,119,0.0
16835,20,0.0
16835,399,0.0
16835,476,0.0
16835,264,0.0
16835,200,0.0
16835,189,0.0
16835,362,0.0
16835,17,0.0
16835,16,0.0
19201,119,0.0
19201,20,0.0
19201,399,0.0
19201,476,0.0
19201,264,0.0
19201,200,0.0
19201,189,0.0
19201,362,0.0
19201,17,0.0
19201,16,0.0
19038,119,0.0
19038,20,0.0
19038,399,0.0
19038,476,0.0
19038,264,0.0
19038,200,0.0
19038,189,0.0
19038,362,0.0
19038,17,0.0
19038,16,0.0
5925,119,0.0
5925,20,0.0
5925,399,0.0
5925,476,0.0
5925,264,0.0
5925,200,0.0
5925,189,0.0
5925,362,0.0
5925,17,0.0
5925,16,0.0
16836,119,0.0
16836,20,0.0
16836,399,0.0
16836,476,0.0
16836,264,0.0
16836,200,0.0
16836,189,0.0
16836,362,0.0
16836,17,0.0
16836,16,0.0
19013,119,0.0
19013,399,0.0
19013,476,0.0
19013,264,0.0
19013,200,0.0
19013,189,0.0
19013,362,0.0
19013,17,0.0
19013,16,0.0
19013,310,0.0
19015,119,0.0
19015,20,0.0
19015,399,0.0
19015,476,0.0
19015,264,0.0
19015,200,0.0
19015,189,0.0
19015,362,0.0
19015,17,0.0
19015,16,0.0
417,119,0.0
417,20,0.0
417,399,0.0
417,476,0.0
417,264,0.0
417,200,0.0
417,189,0.0
417,362,0.0
417,17,0.0
417,16,0.0
19005,255,3.8529320452975835
19005,22,3.6088609913160377
19005,94,2.4913073262399976
19005,310,2.436218508763064
19005,89,1.9999999999999996
19005,287,1.4362185087630637
19005,134,1.1978920204580774
19005,415,0.9538209664765321
19005,78,0.755928946018454
19005,352,0.6550400248395063
14710,119,0.0
14710,20,0.0
14710,399,0.0
14710,476,0.0
14710,264,0.0
14710,200,0.0
14710,189,0.0
14710,362,0.0
14710,17,0.0
14710,16,0.0
9900,119,0.0
9900,20,0.0
9900,399,0.0
9900,476,0.0
9900,264,0.0
9900,200,0.0
9900,189,0.0
9900,362,0.0
9900,17,0.0
9900,16,0.0
10091,119,0.0
10091,399,0.0
10091,476,0.0
10091,264,0.0
10091,200,0.0
10091,189,0.0
10091,362,0.0
10091,17,0.0
10091,16,0.0
10091,310,0.0
6754,119,0.0
6754,20,0.0
6754,399,0.0
6754,476,0.0
6754,264,0.0
6754,200,0.0
6754,189,0.0
6754,362,0.0
6754,17,0.0
6754,16,0.0
19045,119,0.0
19045,20,0.0
19045,399,0.0
19045,476,0.0
19045,264,0.0
19045,200,0.0
19045,189,0.0
19045,362,0.0
19045,17,0.0
19045,16,0.0
418,119,0.0
418,20,0.0
418,399,0.0
418,476,0.0
418,264,0.0
418,200,0.0
418,189,0.0
418,362,0.0
418,17,0.0
418,16,0.0
419,119,0.0
419,20,0.0
419,399,0.0
419,476,0.0
419,264,0.0
419,200,0.0
419,189,0.0
419,362,0.0
419,17,0.0
419,16,0.0
1362,119,0.0
1362,20,0.0
1362,399,0.0
1362,476,0.0
1362,264,0.0
1362,200,0.0
1362,189,0.0
1362,362,0.0
1362,17,0.0
1362,16,0.0
19040,119,0.0
19040,20,0.0
19040,399,0.0
19040,476,0.0
19040,264,0.0
19040,200,0.0
19040,189,0.0
19040,362,0.0
19040,17,0.0
19040,16,0.0
5565,119,0.0
5565,20,0.0
5565,399,0.0
5565,476,0.0
5565,264,0.0
5565,200,0.0
5565,189,0.0
5565,362,0.0
5565,17,0.0
5565,16,0.0
11916,119,0.0
11916,20,0.0
11916,399,0.0
11916,476,0.0
11916,264,0.0
11916,200,0.0
11916,189,0.0
11916,362,0.0
11916,17,0.0
11916,16,0.0
10460,119,0.0
10460,20,0.0
10460,399,0.0
10460,476,0.0
10460,264,0.0
10460,200,0.0
10460,189,0.0
10460,362,0.0
10460,17,0.0
10460,16,0.0
2046,119,0.0
2046,20,0.0
2046,399,0.0
2046,476,0.0
2046,264,0.0
2046,200,0.0
2046,189,0.0
2046,362,0.0
2046,17,0.0
2046,16,0.0
18506,119,0.0
18506,20,0.0
18506,399,0.0
18506,476,0.0
18506,264,0.0
18506,200,0.0
18506,189,0.0
18506,362,0.0
18506,17,0.0
18506,16,0.0
9901,119,0.0
9901,399,0.0
9901,476,0.0
9901,264,0.0
9901,200,0.0
9901,189,0.0
9901,362,0.0
9901,17,0.0
9901,16,0.0
9901,310,0.0
12009,119,0.0
12009,20,0.0
12009,399,0.0
12009,476,0.0
12009,264,0.0
12009,200,0.0
12009,189,0.0
12009,362,0.0
12009,17,0.0
12009,16,0.0
4449,119,0.0
4449,20,0.0
4449,399,0.0
4449,476,0.0
4449,264,0.0
4449,200,0.0
4449,189,0.0
4449,362,0.0
4449,17,0.0
4449,16,0.0
19026,119,0.0
19026,20,0.0
19026,399,0.0
19026,476,0.0
19026,264,0.0
19026,200,0.0
19026,189,0.0
19026,362,0.0
19026,17,0.0
19026,16,0.0
1361,119,0.0
1361,20,0.0
1361,399,0.0
1361,476,0.0
1361,264,0.0
1361,200,0.0
1361,189,0.0
1361,362,0.0
1361,17,0.0
1361,16,0.0
12412,119,0.0
12412,20,0.0
12412,399,0.0
12412,476,0.0
12412,264,0.0
12412,200,0.0
12412,189,0.0
12412,362,0.0
12412,17,0.0
12412,16,0.0
10461,119,0.0
10461,20,0.0
10461,399,0.0
10461,476,0.0
10461,264,0.0
10461,200,0.0
10461,189,0.0
10461,362,0.0
10461,17,0.0
10461,16,0.0
11711,119,0.0
11711,20,0.0
11711,399,0.0
11711,476,0.0
11711,264,0.0
11711,200,0.0
11711,189,0.0
11711,362,0.0
11711,17,0.0
11711,16,0.0
6323,79,10.650334256947776
6323,78,1.1962499718220956
6323,134,1.0297064568704735
6323,284,1.0204669507928623
6323,89,0.5444416963725578
6323,190,0.5127278740581712
6323,19,0.5127278740581712
6323,125,0.5127278740581712
6323,415,0.45907477211584047
6323,77,0.3832031578603897
10833,119,0.0
10833,20,0.0
10833,399,0.0
10833,476,0.0
10833,264,0.0
10833,200,0.0
10833,189,0.0
10833,362,0.0
10833,17,0.0
10833,16,0.0
17184,89,0.9999999999999998
17184,415,0.0
17184,77,0.0
17184,400,0.0
17184,22,-0.9999999999999993
17184,352,-0.9999999999999996
17184,190,-0.9999999999999998
17184,416,-0.9999999999999998
17184,134,-0.9999999999999998
17184,284,-0.9999999999999998
2418,399,3.6434401552666316
2418,94,3.575090467546228
2418,16,1.6410931444637893
2418,59,1.4858897596413263
2418,78,1.3345453614865197
2418,119,1.1497782247217092
2418,284,0.38175333294696273
2418,416,0.3553341135132607
2418,190,0.33836394755025095
2418,125,0.33836394755025095
15300,200,21.753056209599603
15300,20,19.14977476842555
15300,189,14.284207029261326
15300,94,12.92509187269573
15300,287,11.048110183218208
15300,310,10.100418891773908
15300,16,6.164937950753255
15300,362,4.34061701364316
15300,255,3.9332988559431854
15300,134,2.2324235387100657
9532,119,0.0
9532,20,0.0
9532,399,0.0
9532,476,0.0
9532,264,0.0
9532,200,0.0
9532,189,0.0
9532,362,0.0
9532,17,0.0
9532,16,0.0
11500,264,10.73689753849446
11500,399,9.065751083361752
11500,94,6.679232260751158
11500,16,5.75473594055247
11500,287,5.278963801562991
11500,362,4.4398310538932115
11500,200,4.072374118424786
11500,79,3.372465113400832
11500,59,2.6011018535724917
11500,134,2.051727266144539
6325,119,0.0
6325,20,0.0
6325,399,0.0
6325,476,0.0
6325,264,0.0
6325,200,0.0
6325,189,0.0
6325,362,0.0
6325,17,0.0
6325,16,0.0
19759,119,0.0
19759,20,0.0
19759,399,0.0
19759,476,0.0
19759,264,0.0
19759,200,0.0
19759,189,0.0
19759,362,0.0
19759,17,0.0
19759,16,0.0
6326,119,0.0
6326,20,0.0
6326,399,0.0
6326,476,0.0
6326,264,0.0
6326,200,0.0
6326,189,0.0
6326,362,0.0
6326,17,0.0
6326,16,0.0
16883,119,0.0
16883,20,0.0
16883,399,0.0
16883,476,0.0
16883,264,0.0
16883,200,0.0
16883,189,0.0
16883,362,0.0
16883,17,0.0
16883,16,0.0
5202,119,0.0
5202,20,0.0
5202,399,0.0
5202,476,0.0
5202,264,0.0
5202,200,0.0
5202,189,0.0
5202,362,0.0
5202,17,0.0
5202,16,0.0
4158,119,0.0
4158,20,0.0
4158,399,0.0
4158,476,0.0
4158,264,0.0
4158,200,0.0
4158,189,0.0
4158,362,0.0
4158,17,0.0
4158,16,0.0
13519,119,0.0
13519,20,0.0
13519,399,0.0
13519,476,0.0
13519,264,0.0
13519,200,0.0
13519,189,0.0
13519,362,0.0
13519,17,0.0
13519,16,0.0
10523,119,0.0
10523,20,0.0
10523,399,0.0
10523,476,0.0
10523,264,0.0
10523,200,0.0
10523,189,0.0
10523,362,0.0
10523,17,0.0
10523,16,0.0
9147,119,0.0
9147,20,0.0
9147,399,0.0
9147,476,0.0
9147,264,0.0
9147,200,0.0
9147,189,0.0
9147,362,0.0
9147,17,0.0
9147,16,0.0
18588,119,0.0
18588,20,0.0
18588,399,0.0
18588,476,0.0
18588,264,0.0
18588,200,0.0
18588,189,0.0
18588,362,0.0
18588,17,0.0
18588,16,0.0
17372,119,0.0
17372,20,0.0
17372,399,0.0
17372,476,0.0
17372,264,0.0
17372,200,0.0
17372,189,0.0
17372,362,0.0
17372,17,0.0
17372,16,0.0
971,94,9.0
971,264,8.0
971,119,6.0
971,399,6.0
971,200,5.0
971,287,5.0
971,79,5.0
971,16,4.000000000000001
971,310,4.0
971,362,4.0
7245,119,0.0
7245,20,0.0
7245,399,0.0
7245,476,0.0
7245,264,0.0
7245,200,0.0
7245,189,0.0
7245,362,0.0
7245,17,0.0
7245,16,0.0
2952,189,4.777824678066844
2952,16,3.8063392984770346
2952,134,1.2945930100392948
2952,284,1.1635303594929027
2952,824,0.962588150219224
2952,78,0.735002627949455
2952,77,0.6609789738588475
2952,415,0.4691531241936968
2952,476,0.3413280743931446
2952,17,0.3413280743931446
964,79,3.109308225487675
964,119,2.6472884771349845
964,89,2.2361056335010376
964,352,2.121373134760457
964,78,0.7594271655357447
964,190,0.37274622759633563
964,134,0.17419645955853338
964,284,0.11471392591815913
964,400,0.0
964,416,-0.11036761135460355
7250,119,0.0
7250,20,0.0
7250,399,0.0
7250,476,0.0
7250,264,0.0
7250,200,0.0
7250,189,0.0
7250,362,0.0
7250,17,0.0
7250,16,0.0
2954,20,7.373318341895063
2954,79,5.201457174157355
2954,189,3.6895077783807446
2954,287,3.575466802043774
2954,352,3.342820274076171
2954,310,3.275082361239524
2954,94,3.257081417341661
2954,16,2.496930405463572
2954,255,1.915801232865222
2954,824,1.756417657792558
15304,119,0.0
15304,20,0.0
15304,399,0.0
15304,476,0.0
15304,264,0.0
15304,200,0.0
15304,189,0.0
15304,362,0.0
15304,17,0.0
15304,16,0.0
1103,119,0.0
1103,20,0.0
1103,399,0.0
1103,476,0.0
1103,264,0.0
1103,200,0.0
1103,189,0.0
1103,362,0.0
1103,17,0.0
1103,16,0.0
15924,20,0.0
15924,399,0.0
15924,476,0.0
15924,264,0.0
15924,200,0.0
15924,189,0.0
15924,362,0.0
15924,17,0.0
15924,16,0.0
15924,310,0.0
17949,119,0.0
17949,20,0.0
17949,399,0.0
17949,476,0.0
17949,264,0.0
17949,200,0.0
17949,189,0.0
17949,362,0.0
17949,17,0.0
17949,16,0.0
7908,119,0.0
7908,20,0.0
7908,399,0.0
7908,476,0.0
7908,264,0.0
7908,200,0.0
7908,189,0.0
7908,362,0.0
7908,17,0.0
7908,16,0.0
2052,119,0.0
2052,20,0.0
2052,399,0.0
2052,476,0.0
2052,264,0.0
2052,200,0.0
2052,189,0.0
2052,362,0.0
2052,17,0.0
2052,16,0.0
17577,310,2.8660254037844393
17577,189,1.866025403784439
17577,399,1.866025403784439
17577,94,1.866025403784439
17577,255,1.366025403784439
17577,78,1.0000000000000004
17577,200,0.866025403784439
17577,79,0.8660254037844388
17577,20,0.8660254037844388
17577,134,0.5000000000000002
969,119,0.0
969,20,0.0
969,399,0.0
969,476,0.0
969,264,0.0
969,200,0.0
969,189,0.0
969,362,0.0
969,17,0.0
969,16,0.0
567,119,0.0
567,20,0.0
567,399,0.0
567,476,0.0
567,264,0.0
567,200,0.0
567,189,0.0
567,362,0.0
567,17,0.0
567,16,0.0
3009,119,0.0
3009,20,0.0
3009,399,0.0
3009,476,0.0
3009,264,0.0
3009,200,0.0
3009,189,0.0
3009,362,0.0
3009,17,0.0
3009,16,0.0
1575,119,0.0
1575,20,0.0
1575,399,0.0
1575,476,0.0
1575,264,0.0
1575,200,0.0
1575,189,0.0
1575,362,0.0
1575,17,0.0
1575,16,0.0
967,119,0.0
967,20,0.0
967,399,0.0
967,476,0.0
967,264,0.0
967,200,0.0
967,189,0.0
967,362,0.0
967,17,0.0
967,16,0.0
7103,119,0.0
7103,20,0.0
7103,399,0.0
7103,476,0.0
7103,264,0.0
7103,200,0.0
7103,189,0.0
7103,362,0.0
7103,17,0.0
7103,16,0.0
15305,119,0.0
15305,20,0.0
15305,399,0.0
15305,476,0.0
15305,264,0.0
15305,200,0.0
15305,189,0.0
15305,362,0.0
15305,17,0.0
15305,16,0.0
11612,119,0.0
11612,20,0.0
11612,399,0.0
11612,476,0.0
11612,264,0.0
11612,200,0.0
11612,189,0.0
11612,362,0.0
11612,17,0.0
11612,16,0.0
968,119,0.0
968,20,0.0
968,399,0.0
968,476,0.0
968,264,0.0
968,200,0.0
968,189,0.0
968,362,0.0
968,17,0.0
968,16,0.0
9928,362,6.153431140958033
9928,78,1.4041949227943662
9928,89,1.3532545804618974
9928,416,0.7916940962165085
9928,284,0.44893679429352124
9928,190,0.25378308110086706
9928,415,0.23160585912333265
9928,77,0.1010706718546977
9928,125,0.08475223015516377
9928,19,0.08475223015516377
14412,79,13.478872876496768
14412,287,11.37731142554648
14412,16,6.617581604925426
14412,255,4.959032882808114
14412,352,4.800499228093152
14412,310,4.766305069118919
14412,362,4.69318630458375
14412,59,4.123324072033391
14412,22,1.8228967038016626
14412,416,1.7242931114532367
8587,79,10.322252924061612
8587,287,10.258906989572118
8587,16,7.307260874492066
8587,255,5.824415002353423
8587,310,4.606703597893363
8587,352,3.22137887340202
8587,59,2.641238208354889
8587,134,1.8159146939498116
8587,22,1.3127582949140653
8587,824,1.242588682426423
9929,20,29.31137746721264
9929,94,14.395665218461446
9929,189,12.962032109310195
9929,310,9.017487276186138
9929,352,8.205704959614325
9929,362,7.307226822892483
9929,16,5.459335633587975
9929,22,3.239113044345469
9929,78,2.8302983478565418
9929,59,2.7769646297265913
8026,134,1.0
8026,415,1.0
8026,284,2.220446049250313E-16
8026,125,0.0
8026,89,0.0
8026,476,0.0
8026,352,0.0
8026,190,0.0
8026,17,0.0
8026,19,0.0
15067,119,16.81448484250373
15067,78,1.9767241419976074
15067,89,1.3519835345504396
15067,416,0.9596940775401536
15067,824,0.9208802526275188
15067,134,0.4107251292418214
15067,77,0.2793721183078312
15067,284,0.18889885078672658
15067,125,0.041582527920294536
15067,19,0.041582527920294536
8464,352,1.0
8464,59,2.220446049250313E-16
8464,79,1.1102230246251565E-16
8464,824,0.0
8464,416,0.0
8464,89,0.0
8464,78,0.0
8464,284,0.0
8464,190,0.0
8464,125,0.0
13970,119,0.0
13970,20,0.0
13970,399,0.0
13970,476,0.0
13970,264,0.0
13970,200,0.0
13970,189,0.0
13970,362,0.0
13970,17,0.0
13970,16,0.0
10542,119,0.0
10542,20,0.0
10542,399,0.0
10542,476,0.0
10542,264,0.0
10542,200,0.0
10542,189,0.0
10542,362,0.0
10542,17,0.0
10542,16,0.0
8076,119,0.0
8076,20,0.0
8076,399,0.0
8076,476,0.0
8076,264,0.0
8076,200,0.0
8076,189,0.0
8076,362,0.0
8076,17,0.0
8076,16,0.0
7874,119,0.0
7874,20,0.0
7874,399,0.0
7874,476,0.0
7874,264,0.0
7874,200,0.0
7874,189,0.0
7874,362,0.0
7874,17,0.0
7874,16,0.0
8459,79,12.3555966619038
8459,94,7.128424601628312
8459,352,6.888006606710116
8459,22,4.323722684400086
8459,189,4.262982237265628
8459,59,3.7177634139576687
8459,16,3.6912732030715523
8459,362,3.196092454582285
8459,255,2.2610791153428362
8459,310,2.230747238022177
9992,20,20.0
9992,264,19.0
9992,119,18.0
9992,399,16.0
9992,189,15.0
9992,287,12.0
9992,310,10.0
9992,79,9.0
9992,362,9.0
9992,16,8.999999999999998
4144,94,13.103389357534564
4144,119,12.485592065226523
4144,200,11.270524703994745
4144,287,8.618607943542266
4144,352,2.9803399361282352
4144,310,2.946043459022497
4144,22,2.903302941531285
4144,16,2.3507661575922727
4144,362,2.1212177984600933
4144,89,1.2890315456805104
10638,119,0.0
10638,20,0.0
10638,399,0.0
10638,476,0.0
10638,264,0.0
10638,200,0.0
10638,189,0.0
10638,362,0.0
10638,17,0.0
10638,16,0.0
1090,119,0.0
1090,20,0.0
1090,399,0.0
1090,476,0.0
1090,264,0.0
1090,200,0.0
1090,189,0.0
1090,362,0.0
1090,17,0.0
1090,16,0.0
13717,119,0.0
13717,20,0.0
13717,399,0.0
13717,476,0.0
13717,264,0.0
13717,200,0.0
13717,189,0.0
13717,362,0.0
13717,17,0.0
13717,16,0.0
1110,119,0.0
1110,20,0.0
1110,399,0.0
1110,476,0.0
1110,264,0.0
1110,200,0.0
1110,189,0.0
1110,362,0.0
1110,17,0.0
1110,16,0.0
7852,119,0.0
7852,399,0.0
7852,476,0.0
7852,264,0.0
7852,200,0.0
7852,189,0.0
7852,362,0.0
7852,17,0.0
7852,16,0.0
7852,310,0.0
8461,16,6.16945018685289
8461,310,4.621992206108954
8461,59,3.7481643000563114
8461,78,1.4723585974525857
8461,824,0.9884827163985022
8461,476,0.5723128319476511
8461,17,0.5723128319476511
8461,89,0.4445494935326584
8461,416,0.3990160087987045
8461,352,0.3223383691966053
3955,119,0.0
3955,20,0.0
3955,399,0.0
3955,476,0.0
3955,264,0.0
3955,200,0.0
3955,189,0.0
3955,362,0.0
3955,17,0.0
3955,16,0.0
19436,119,0.0
19436,20,0.0
19436,399,0.0
19436,476,0.0
19436,264,0.0
19436,189,0.0
19436,362,0.0
19436,17,0.0
19436,16,0.0
19436,310,0.0
3959,22,2.000000000000001
3959,415,1.0000000000000002
3959,89,1.0000000000000002
3959,352,1.0
3959,416,1.0
3959,824,1.0
3959,190,0.0
3959,78,0.0
3959,284,0.0
3959,125,0.0
4305,119,0.0
4305,20,0.0
4305,399,0.0
4305,476,0.0
4305,264,0.0
4305,200,0.0
4305,189,0.0
4305,362,0.0
4305,17,0.0
4305,16,0.0
14402,119,0.0
14402,20,0.0
14402,399,0.0
14402,476,0.0
14402,264,0.0
14402,200,0.0
14402,189,0.0
14402,362,0.0
14402,17,0.0
14402,16,0.0
2262,119,0.0
2262,20,0.0
2262,399,0.0
2262,476,0.0
2262,264,0.0
2262,200,0.0
2262,189,0.0
2262,362,0.0
2262,17,0.0
2262,16,0.0
8479,119,0.0
8479,20,0.0
8479,399,0.0
8479,476,0.0
8479,264,0.0
8479,200,0.0
8479,189,0.0
8479,362,0.0
8479,17,0.0
8479,16,0.0
8460,119,0.0
8460,20,0.0
8460,399,0.0
8460,476,0.0
8460,264,0.0
8460,200,0.0
8460,189,0.0
8460,362,0.0
8460,17,0.0
8460,16,0.0
14414,119,0.0
14414,20,0.0
14414,399,0.0
14414,476,0.0
14414,264,0.0
14414,200,0.0
14414,189,0.0
14414,362,0.0
14414,17,0.0
14414,16,0.0
750,119,0.0
750,20,0.0
750,476,0.0
750,264,0.0
750,200,0.0
750,189,0.0
750,362,0.0
750,17,0.0
750,16,0.0
750,310,0.0
6928,119,0.0
6928,20,0.0
6928,399,0.0
6928,476,0.0
6928,264,0.0
6928,200,0.0
6928,189,0.0
6928,362,0.0
6928,17,0.0
6928,16,0.0
19589,119,0.0
19589,20,0.0
19589,399,0.0
19589,476,0.0
19589,264,0.0
19589,200,0.0
19589,189,0.0
19589,362,0.0
19589,17,0.0
19589,16,0.0
8665,119,0.0
8665,20,0.0
8665,399,0.0
8665,476,0.0
8665,264,0.0
8665,200,0.0
8665,189,0.0
8665,362,0.0
8665,17,0.0
8665,16,0.0
752,119,0.0
752,20,0.0
752,399,0.0
752,476,0.0
752,264,0.0
752,200,0.0
752,189,0.0
752,362,0.0
752,17,0.0
752,16,0.0
8664,20,5.634525721885232
8664,287,4.634525721885232
8664,399,4.634525721885232
8664,189,4.634525721885232
8664,310,4.634525721885232
8664,119,3.9798720511772547
8664,200,3.6345257218852316
8664,264,3.6345257218852316
8664,362,3.154653670707977
8664,22,3.154653670707977
8666,119,0.0
8666,20,0.0
8666,399,0.0
8666,476,0.0
8666,264,0.0
8666,200,0.0
8666,189,0.0
8666,362,0.0
8666,17,0.0
8666,16,0.0
18715,264,12.759251042028744
18715,287,7.966665716864863
18715,79,5.5051041301463055
18715,310,5.117685212309791
18715,352,4.495314211396668
18715,362,3.779398883891142
18715,78,2.7899237163888464
18715,16,2.7745652462421204
18715,89,1.5715811205894943
18715,134,1.2516668915508757
2810,399,14.050609603411381
2810,20,12.239591839915995
2810,94,12.050609603411381
2810,264,11.239591839915995
2810,189,10.160706061177367
2810,119,9.723282768057393
2810,287,9.239591839915995
2810,200,8.294680657392927
2810,16,6.971723824672753
2810,362,5.4613014315695505
9479,119,0.0
9479,20,0.0
9479,399,0.0
9479,476,0.0
9479,264,0.0
9479,200,0.0
9479,189,0.0
9479,362,0.0
9479,17,0.0
9479,16,0.0
1113,119,0.0
1113,20,0.0
1113,399,0.0
1113,476,0.0
1113,264,0.0
1113,200,0.0
1113,189,0.0
1113,362,0.0
1113,17,0.0
1113,16,0.0
1112,79,12.414667921340584
1112,94,11.033802105167082
1112,287,8.785834101364994
1112,255,6.966499397156545
1112,352,4.962826945165087
1112,362,3.977899552482829
1112,22,3.6823046591151756
1112,16,2.2591020816192975
1112,78,1.7230215832249778
1112,416,1.2747677952716217
1114,119,0.0
1114,20,0.0
1114,399,0.0
1114,476,0.0
1114,264,0.0
1114,200,0.0
1114,189,0.0
1114,362,0.0
1114,17,0.0
1114,16,0.0
2643,119,0.0
2643,20,0.0
2643,399,0.0
2643,476,0.0
2643,264,0.0
2643,200,0.0
2643,189,0.0
2643,362,0.0
2643,17,0.0
2643,16,0.0
17051,119,0.0
17051,20,0.0
17051,399,0.0
17051,476,0.0
17051,264,0.0
17051,200,0.0
17051,189,0.0
17051,362,0.0
17051,17,0.0
17051,16,0.0
8250,119,0.0
8250,20,0.0
8250,399,0.0
8250,476,0.0
8250,264,0.0
8250,200,0.0
8250,189,0.0
8250,362,0.0
8250,17,0.0
8250,16,0.0
8447,119,0.0
8447,20,0.0
8447,399,0.0
8447,476,0.0
8447,264,0.0
8447,200,0.0
8447,189,0.0
8447,362,0.0
8447,17,0.0
8447,16,0.0
18754,119,0.0
18754,20,0.0
18754,399,0.0
18754,476,0.0
18754,264,0.0
18754,200,0.0
18754,189,0.0
18754,362,0.0
18754,17,0.0
18754,16,0.0
1111,399,3.0
1111,119,3.0
1111,200,3.0
1111,189,3.0
1111,20,3.0
1111,16,3.0
1111,94,3.0
1111,264,2.0
1111,362,2.0
1111,59,2.0
7875,119,0.0
7875,20,0.0
7875,399,0.0
7875,476,0.0
7875,264,0.0
7875,200,0.0
7875,189,0.0
7875,362,0.0
7875,17,0.0
7875,16,0.0
12369,119,0.0
12369,20,0.0
12369,399,0.0
12369,476,0.0
12369,264,0.0
12369,200,0.0
12369,189,0.0
12369,362,0.0
12369,17,0.0
12369,16,0.0
8446,119,0.0
8446,20,0.0
8446,399,0.0
8446,476,0.0
8446,264,0.0
8446,200,0.0
8446,189,0.0
8446,362,0.0
8446,17,0.0
8446,16,0.0
748,119,0.0
748,20,0.0
748,399,0.0
748,476,0.0
748,264,0.0
748,200,0.0
748,189,0.0
748,362,0.0
748,17,0.0
748,16,0.0
9078,119,0.0
9078,20,0.0
9078,399,0.0
9078,476,0.0
9078,264,0.0
9078,200,0.0
9078,189,0.0
9078,362,0.0
9078,17,0.0
9078,16,0.0
10805,119,0.0
10805,20,0.0
10805,399,0.0
10805,476,0.0
10805,264,0.0
10805,200,0.0
10805,189,0.0
10805,362,0.0
10805,17,0.0
10805,16,0.0
12506,119,0.0
12506,20,0.0
12506,399,0.0
12506,476,0.0
12506,264,0.0
12506,200,0.0
12506,189,0.0
12506,362,0.0
12506,17,0.0
12506,16,0.0
2285,119,0.0
2285,20,0.0
2285,399,0.0
2285,476,0.0
2285,264,0.0
2285,200,0.0
2285,189,0.0
2285,362,0.0
2285,17,0.0
2285,16,0.0
8613,119,0.0
8613,20,0.0
8613,399,0.0
8613,476,0.0
8613,264,0.0
8613,200,0.0
8613,189,0.0
8613,362,0.0
8613,17,0.0
8613,16,0.0
2860,119,0.0
2860,20,0.0
2860,399,0.0
2860,476,0.0
2860,264,0.0
2860,200,0.0
2860,189,0.0
2860,362,0.0
2860,17,0.0
2860,16,0.0
12003,119,0.0
12003,20,0.0
12003,399,0.0
12003,476,0.0
12003,264,0.0
12003,200,0.0
12003,362,0.0
12003,17,0.0
12003,16,0.0
12003,310,0.0
3154,119,0.0
3154,20,0.0
3154,399,0.0
3154,476,0.0
3154,264,0.0
3154,200,0.0
3154,189,0.0
3154,362,0.0
3154,17,0.0
3154,16,0.0
8471,119,0.0
8471,20,0.0
8471,399,0.0
8471,476,0.0
8471,264,0.0
8471,200,0.0
8471,189,0.0
8471,362,0.0
8471,17,0.0
8471,16,0.0
8909,399,18.912717389415395
8909,20,13.494617487107146
8909,189,6.276730283652114
8909,79,5.845276559753648
8909,287,5.412872019210688
8909,16,2.3519425908413067
8909,362,2.335024195338039
8909,134,2.3153697753680667
8909,59,1.7948260111305698
8909,255,1.1859996334710496
8469,119,0.0
8469,20,0.0
8469,399,0.0
8469,476,0.0
8469,264,0.0
8469,200,0.0
8469,189,0.0
8469,362,0.0
8469,17,0.0
8469,16,0.0
8710,119,0.0
8710,20,0.0
8710,476,0.0
8710,264,0.0
8710,200,0.0
8710,189,0.0
8710,362,0.0
8710,17,0.0
8710,16,0.0
8710,310,0.0
16209,79,9.746870743725367
16209,362,5.4621545389796875
16209,352,4.753380973238051
16209,255,4.481735986210005
16209,22,3.3924459898193673
16209,416,1.5955712362667815
16209,134,1.5430165531388498
16209,824,1.2429798215900307
16209,125,0.49931276053273543
16209,19,0.49931276053273543
8695,119,0.0
8695,20,0.0
8695,399,0.0
8695,476,0.0
8695,264,0.0
8695,200,0.0
8695,189,0.0
8695,362,0.0
8695,17,0.0
8695,16,0.0
8681,119,0.0
8681,20,0.0
8681,399,0.0
8681,476,0.0
8681,264,0.0
8681,200,0.0
8681,189,0.0
8681,362,0.0
8681,17,0.0
8681,16,0.0
8618,119,0.0
8618,20,0.0
8618,399,0.0
8618,476,0.0
8618,264,0.0
8618,200,0.0
8618,189,0.0
8618,362,0.0
8618,17,0.0
8618,16,0.0
2847,119,0.0
2847,20,0.0
2847,399,0.0
2847,476,0.0
2847,264,0.0
2847,200,0.0
2847,189,0.0
2847,362,0.0
2847,17,0.0
2847,16,0.0
8764,255,5.26638418093841
8764,362,4.728408198634516
8764,59,1.3166383727532638
8764,134,1.0672683896560942
8764,89,0.6690269953892326
8764,77,0.6449148155868303
8764,17,0.44752064228896227
8764,476,0.44752064228896227
8764,416,0.3417176443917157
8764,19,0.24629341258457485
8676,119,0.0
8676,20,0.0
8676,399,0.0
8676,476,0.0
8676,264,0.0
8676,200,0.0
8676,189,0.0
8676,362,0.0
8676,17,0.0
8676,16,0.0
8690,119,13.0
8690,399,11.0
8690,264,10.0
8690,287,8.0
8690,352,8.0
8690,94,6.0
8690,189,6.0
8690,310,5.0
8690,79,5.0
8690,255,2.999999999999999
11312,119,0.0
11312,20,0.0
11312,399,0.0
11312,476,0.0
11312,264,0.0
11312,200,0.0
11312,189,0.0
11312,362,0.0
11312,17,0.0
11312,16,0.0
8707,20,0.0
8707,399,0.0
8707,476,0.0
8707,264,0.0
8707,200,0.0
8707,189,0.0
8707,362,0.0
8707,17,0.0
8707,16,0.0
8707,310,0.0
8688,119,14.929159519005033
8688,399,14.627867751981164
8688,287,9.584724082880332
8688,310,6.080831706634585
8688,362,5.329962417653029
8688,189,5.256227082668875
8688,22,3.6985066190858493
8688,59,2.224409575349904
8688,352,2.0690323801947033
8688,16,2.0059155772231705
5492,119,0.0
5492,20,0.0
5492,399,0.0
5492,476,0.0
5492,264,0.0
5492,200,0.0
5492,189,0.0
5492,362,0.0
5492,17,0.0
5492,16,0.0
8705,119,0.0
8705,20,0.0
8705,399,0.0
8705,476,0.0
8705,264,0.0
8705,200,0.0
8705,189,0.0
8705,362,0.0
8705,17,0.0
8705,16,0.0
12205,20,17.17693919252719
12205,200,10.741494714128674
12205,79,10.289902321198618
12205,189,9.656397517012241
12205,287,7.3032558260145635
12205,362,4.9520155009588205
12205,310,4.187856004872511
12205,255,3.8903485129985507
12205,59,3.7486103782667533
12205,16,3.4056734007650116
8702,20,0.0
8702,399,0.0
8702,476,0.0
8702,264,0.0
8702,200,0.0
8702,189,0.0
8702,362,0.0
8702,17,0.0
8702,16,0.0
8702,310,0.0
16213,119,0.0
16213,20,0.0
16213,399,0.0
16213,476,0.0
16213,264,0.0
16213,200,0.0
16213,189,0.0
16213,362,0.0
16213,17,0.0
16213,16,0.0
8697,399,34.50442225318717
8697,119,34.28925038989427
8697,287,17.696981002665016
8697,255,12.489950476558255
8697,189,11.664682259937326
8697,362,9.222686473336372
8697,16,6.799387580632232
8697,59,4.943169626502697
8697,78,3.72821624002492
8697,134,2.2579822651042702
12231,79,10.526056241624167
12231,287,9.599148867512545
12231,94,7.4734107894809
12231,310,6.057015334721997
12231,352,5.8789756578634735
12231,22,1.7983568762376532
12231,89,1.270937126618148
12231,190,1.0630532705768136
12231,284,0.9334682046342119
12231,77,0.6634034720037773
8919,119,0.0
8919,20,0.0
8919,399,0.0
8919,476,0.0
8919,264,0.0
8919,200,0.0
8919,189,0.0
8919,362,0.0
8919,17,0.0
8919,16,0.0
8696,310,4.417394907466874
8696,399,4.417394907466874
8696,94,3.935414401404908
8696,189,3.435414401404908
8696,287,3.435414401404908
8696,22,2.9819805060619653
8696,59,2.8996434415442125
8696,200,2.632459332857943
8696,352,2.4819805060619657
8696,119,1.6580643032922937
8703,264,23.377903738844324
8703,399,22.432961794019523
8703,287,12.800015517667736
8703,94,12.017073800979926
8703,352,9.323748868872318
8703,22,8.317726510703027
8703,310,8.108076024414695
8703,255,7.720837420499002
8703,189,6.914742638849043
8703,362,5.263763201892538
8668,119,0.0
8668,20,0.0
8668,399,0.0
8668,476,0.0
8668,264,0.0
8668,200,0.0
8668,189,0.0
8668,362,0.0
8668,17,0.0
8668,16,0.0
8671,20,10.5
8671,264,8.5
8671,399,6.0
8671,310,6.0
8671,189,5.5
8671,79,5.5
8671,94,5.0
8671,16,4.0
8671,200,4.0
8671,59,3.0
8669,119,0.0
8669,20,0.0
8669,399,0.0
8669,476,0.0
8669,264,0.0
8669,200,0.0
8669,189,0.0
8669,362,0.0
8669,17,0.0
8669,16,0.0
15528,119,0.0
15528,20,0.0
15528,399,0.0
15528,476,0.0
15528,264,0.0
15528,200,0.0
15528,189,0.0
15528,362,0.0
15528,17,0.0
15528,16,0.0
8704,119,0.0
8704,20,0.0
8704,399,0.0
8704,476,0.0
8704,264,0.0
8704,200,0.0
8704,189,0.0
8704,362,0.0
8704,17,0.0
8704,16,0.0
19628,119,0.0
19628,20,0.0
19628,399,0.0
19628,476,0.0
19628,200,0.0
19628,189,0.0
19628,362,0.0
19628,17,0.0
19628,16,0.0
19628,310,0.0
8617,119,0.0
8617,20,0.0
8617,399,0.0
8617,476,0.0
8617,264,0.0
8617,200,0.0
8617,189,0.0
8617,362,0.0
8617,17,0.0
8617,16,0.0
8275,119,0.0
8275,20,0.0
8275,399,0.0
8275,476,0.0
8275,264,0.0
8275,200,0.0
8275,189,0.0
8275,362,0.0
8275,17,0.0
8275,16,0.0
8667,119,0.0
8667,20,0.0
8667,399,0.0
8667,476,0.0
8667,264,0.0
8667,200,0.0
8667,189,0.0
8667,362,0.0
8667,17,0.0
8667,16,0.0
2132,119,0.0
2132,20,0.0
2132,399,0.0
2132,476,0.0
2132,264,0.0
2132,200,0.0
2132,189,0.0
2132,362,0.0
2132,17,0.0
2132,16,0.0
16229,119,0.0
16229,20,0.0
16229,399,0.0
16229,476,0.0
16229,264,0.0
16229,200,0.0
16229,189,0.0
16229,362,0.0
16229,17,0.0
16229,16,0.0
8699,119,0.0
8699,20,0.0
8699,399,0.0
8699,476,0.0
8699,264,0.0
8699,200,0.0
8699,189,0.0
8699,362,0.0
8699,17,0.0
8699,16,0.0
9776,119,0.0
9776,20,0.0
9776,399,0.0
9776,476,0.0
9776,264,0.0
9776,200,0.0
9776,189,0.0
9776,362,0.0
9776,17,0.0
9776,16,0.0
14543,200,4.0
14543,20,3.0
14543,189,3.0
14543,399,3.0
14543,119,3.0
14543,416,2.0
14543,89,2.0
14543,94,1.9999999999999998
14543,59,1.9999999999999998
14543,287,1.9999999999999998
8701,119,0.0
8701,20,0.0
8701,399,0.0
8701,476,0.0
8701,200,0.0
8701,189,0.0
8701,362,0.0
8701,17,0.0
8701,16,0.0
8701,310,0.0
8708,119,0.0
8708,20,0.0
8708,399,0.0
8708,476,0.0
8708,264,0.0
8708,200,0.0
8708,189,0.0
8708,362,0.0
8708,17,0.0
8708,16,0.0
16132,119,0.0
16132,20,0.0
16132,399,0.0
16132,476,0.0
16132,264,0.0
16132,200,0.0
16132,189,0.0
16132,362,0.0
16132,17,0.0
16132,16,0.0
7323,119,0.0
7323,20,0.0
7323,399,0.0
7323,476,0.0
7323,264,0.0
7323,200,0.0
7323,189,0.0
7323,362,0.0
7323,17,0.0
7323,16,0.0
16304,119,0.0
16304,20,0.0
16304,399,0.0
16304,476,0.0
16304,264,0.0
16304,200,0.0
16304,189,0.0
16304,362,0.0
16304,17,0.0
16304,16,0.0
6309,119,0.0
6309,20,0.0
6309,399,0.0
6309,476,0.0
6309,264,0.0
6309,200,0.0
6309,189,0.0
6309,362,0.0
6309,17,0.0
6309,16,0.0
12176,119,0.0
12176,20,0.0
12176,399,0.0
12176,476,0.0
12176,264,0.0
12176,200,0.0
12176,362,0.0
12176,17,0.0
12176,16,0.0
12176,310,0.0
10125,119,0.0
10125,20,0.0
10125,399,0.0
10125,476,0.0
10125,264,0.0
10125,200,0.0
10125,189,0.0
10125,362,0.0
10125,17,0.0
10125,16,0.0
8692,119,0.0
8692,20,0.0
8692,399,0.0
8692,476,0.0
8692,264,0.0
8692,200,0.0
8692,189,0.0
8692,362,0.0
8692,17,0.0
8692,16,0.0
8682,119,0.0
8682,20,0.0
8682,399,0.0
8682,476,0.0
8682,264,0.0
8682,200,0.0
8682,189,0.0
8682,362,0.0
8682,17,0.0
8682,16,0.0
8691,119,0.0
8691,20,0.0
8691,399,0.0
8691,476,0.0
8691,264,0.0
8691,200,0.0
8691,189,0.0
8691,362,0.0
8691,17,0.0
8691,16,0.0
8694,119,0.0
8694,20,0.0
8694,399,0.0
8694,476,0.0
8694,264,0.0
8694,200,0.0
8694,189,0.0
8694,362,0.0
8694,17,0.0
8694,16,0.0
19158,119,0.0
19158,20,0.0
19158,399,0.0
19158,476,0.0
19158,264,0.0
19158,200,0.0
19158,189,0.0
19158,362,0.0
19158,17,0.0
19158,16,0.0
8706,119,0.0
8706,20,0.0
8706,399,0.0
8706,476,0.0
8706,264,0.0
8706,200,0.0
8706,189,0.0
8706,362,0.0
8706,17,0.0
8706,16,0.0
9572,119,0.0
9572,20,0.0
9572,399,0.0
9572,476,0.0
9572,264,0.0
9572,200,0.0
9572,189,0.0
9572,362,0.0
9572,17,0.0
9572,16,0.0
8685,352,2.554700196225228
8685,89,1.9999999999999996
8685,284,1.2480754415067654
8685,78,0.9999999999999993
8685,19,0.9707253433941508
8685,190,0.9707253433941508
8685,125,0.9707253433941508
8685,416,0.554700196225229
8685,415,0.0
8685,77,0.0
18194,119,0.0
18194,20,0.0
18194,399,0.0
18194,476,0.0
18194,264,0.0
18194,200,0.0
18194,189,0.0
18194,362,0.0
18194,17,0.0
18194,16,0.0
18177,119,0.0
18177,20,0.0
18177,399,0.0
18177,476,0.0
18177,264,0.0
18177,189,0.0
18177,362,0.0
18177,17,0.0
18177,16,0.0
18177,310,0.0
16678,119,0.0
16678,20,0.0
16678,399,0.0
16678,476,0.0
16678,264,0.0
16678,200,0.0
16678,189,0.0
16678,362,0.0
16678,17,0.0
16678,16,0.0
8418,94,9.391836370092449
8418,22,6.427800147175512
8418,255,5.4629905714594535
8418,89,2.053703657161134
8418,190,1.3756241132126743
8418,416,1.3645071592688385
8418,59,1.3416302058943077
8418,134,1.1731018357962348
8418,78,1.1569629043678529
8418,824,0.8545537993551725
8435,119,0.0
8435,20,0.0
8435,399,0.0
8435,476,0.0
8435,264,0.0
8435,200,0.0
8435,189,0.0
8435,362,0.0
8435,17,0.0
8435,16,0.0
745,119,0.0
745,20,0.0
745,399,0.0
745,476,0.0
745,264,0.0
745,200,0.0
745,189,0.0
745,362,0.0
745,17,0.0
745,16,0.0
15416,20,16.0
15416,399,13.0
15416,287,13.0
15416,119,12.0
15416,94,10.0
15416,200,10.0
15416,189,10.0
15416,310,9.0
15416,255,8.0
15416,16,7.0
2702,119,0.0
2702,20,0.0
2702,399,0.0
2702,476,0.0
2702,264,0.0
2702,200,0.0
2702,189,0.0
2702,362,0.0
2702,17,0.0
2702,16,0.0
17788,119,0.0
17788,20,0.0
17788,399,0.0
17788,476,0.0
17788,264,0.0
17788,200,0.0
17788,189,0.0
17788,362,0.0
17788,17,0.0
17788,16,0.0
15362,119,0.0
15362,20,0.0
15362,399,0.0
15362,476,0.0
15362,264,0.0
15362,200,0.0
15362,189,0.0
15362,362,0.0
15362,17,0.0
15362,16,0.0
2693,119,0.0
2693,20,0.0
2693,399,0.0
2693,476,0.0
2693,264,0.0
2693,200,0.0
2693,189,0.0
2693,362,0.0
2693,17,0.0
2693,16,0.0
3089,119,0.0
3089,20,0.0
3089,399,0.0
3089,476,0.0
3089,264,0.0
3089,200,0.0
3089,189,0.0
3089,362,0.0
3089,17,0.0
3089,16,0.0
18318,119,0.0
18318,20,0.0
18318,399,0.0
18318,476,0.0
18318,264,0.0
18318,200,0.0
18318,189,0.0
18318,362,0.0
18318,17,0.0
18318,16,0.0
17777,200,4.000060437523303
17777,362,1.9953021214865534
17777,59,1.1844863184265135
17777,284,0.8626174170104283
17777,416,0.6034275907848136
17777,400,0.5
17777,415,0.24891061385728616
17777,824,0.20624924461758354
17777,125,-0.17698552785060684
17777,19,-0.17698552785060684
18752,119,0.0
18752,20,0.0
18752,399,0.0
18752,476,0.0
18752,264,0.0
18752,200,0.0
18752,189,0.0
18752,362,0.0
18752,17,0.0
18752,16,0.0
18108,119,0.0
18108,20,0.0
18108,399,0.0
18108,476,0.0
18108,264,0.0
18108,200,0.0
18108,189,0.0
18108,362,0.0
18108,17,0.0
18108,16,0.0
510,20,13.893452166095365
510,287,13.111670056331358
510,119,11.956044362400444
510,200,10.52809671502253
510,352,9.340760035433354
510,310,8.529540438991733
510,362,7.375231657127646
510,22,6.886342433992663
510,94,6.855741110312904
510,16,6.529540438991732
3891,119,0.0
3891,20,0.0
3891,399,0.0
3891,476,0.0
3891,264,0.0
3891,200,0.0
3891,189,0.0
3891,362,0.0
3891,17,0.0
3891,16,0.0
2694,119,0.0
2694,20,0.0
2694,399,0.0
2694,476,0.0
2694,200,0.0
2694,189,0.0
2694,362,0.0
2694,17,0.0
2694,16,0.0
2694,310,0.0
19108,119,0.0
19108,20,0.0
19108,399,0.0
19108,476,0.0
19108,264,0.0
19108,200,0.0
19108,189,0.0
19108,362,0.0
19108,17,0.0
19108,16,0.0
2573,119,0.0
2573,20,0.0
2573,399,0.0
2573,476,0.0
2573,264,0.0
2573,200,0.0
2573,189,0.0
2573,362,0.0
2573,17,0.0
2573,16,0.0
17771,264,9.722649901887387
17771,189,9.000000000000002
17771,200,8.000000000000002
17771,94,7.722649901887385
17771,16,6.000000000000001
17771,399,5.722649901887387
17771,287,5.722649901887385
17771,310,2.7226499018873866
17771,79,2.7226499018873866
17771,255,2.7226499018873866
6346,119,0.0
6346,20,0.0
6346,399,0.0
6346,476,0.0
6346,200,0.0
6346,189,0.0
6346,362,0.0
6346,17,0.0
6346,16,0.0
6346,310,0.0
15398,20,2.4999999999999996
15398,352,1.4999999999999998
15398,264,1.4999999999999998
15398,255,1.4999999999999998
15398,200,0.9999999999999998
15398,400,0.9999999999999998
15398,310,0.5
15398,78,0.5
15398,399,0.5
15398,79,0.5
17798,20,17.09909335142405
17798,94,8.551978286978676
17798,310,6.993243762764502
17798,287,6.642855923632373
17798,16,4.8594682764148684
17798,189,4.765179345690463
17798,362,4.730543904418671
17798,399,4.67547380447081
17798,22,3.6724812687925414
17798,79,3.4719512187297656
2998,119,0.0
2998,20,0.0
2998,399,0.0
2998,476,0.0
2998,264,0.0
2998,200,0.0
2998,189,0.0
2998,362,0.0
2998,17,0.0
2998,16,0.0
17790,89,0.9999999999999998
17790,415,0.0
17790,77,0.0
17790,400,0.0
17790,22,-0.9999999999999993
17790,352,-0.9999999999999996
17790,190,-0.9999999999999998
17790,416,-0.9999999999999998
17790,134,-0.9999999999999998
17790,284,-0.9999999999999998
1147,119,0.0
1147,20,0.0
1147,399,0.0
1147,476,0.0
1147,264,0.0
1147,200,0.0
1147,189,0.0
1147,362,0.0
1147,17,0.0
1147,16,0.0
18357,119,0.0
18357,20,0.0
18357,399,0.0
18357,476,0.0
18357,264,0.0
18357,200,0.0
18357,189,0.0
18357,362,0.0
18357,17,0.0
18357,16,0.0
15543,119,0.0
15543,399,0.0
15543,476,0.0
15543,264,0.0
15543,200,0.0
15543,189,0.0
15543,362,0.0
15543,17,0.0
15543,16,0.0
15543,310,0.0
403,20,0.0
403,399,0.0
403,476,0.0
403,264,0.0
403,200,0.0
403,189,0.0
403,362,0.0
403,17,0.0
403,16,0.0
403,310,0.0
15517,119,0.0
15517,20,0.0
15517,399,0.0
15517,476,0.0
15517,264,0.0
15517,200,0.0
15517,189,0.0
15517,362,0.0
15517,17,0.0
15517,16,0.0
2987,119,0.0
2987,20,0.0
2987,476,0.0
2987,264,0.0
2987,200,0.0
2987,189,0.0
2987,362,0.0
2987,17,0.0
2987,16,0.0
2987,310,0.0
5504,264,14.573596101872411
5504,287,6.987463840266173
5504,119,6.92210956762943
5504,200,5.132705601787189
5504,362,2.826360657956444
5504,16,2.74980399652019
5504,255,2.6126623012137946
5504,189,2.371758346323082
5504,94,2.3706440453537745
5504,310,2.250801623527998
11469,119,0.0
11469,20,0.0
11469,399,0.0
11469,476,0.0
11469,264,0.0
11469,189,0.0
11469,362,0.0
11469,17,0.0
11469,16,0.0
11469,310,0.0
2994,20,0.0
2994,399,0.0
2994,476,0.0
2994,264,0.0
2994,200,0.0
2994,189,0.0
2994,362,0.0
2994,17,0.0
2994,16,0.0
2994,310,0.0
17802,119,0.0
17802,20,0.0
17802,476,0.0
17802,264,0.0
17802,200,0.0
17802,189,0.0
17802,362,0.0
17802,17,0.0
17802,16,0.0
17802,310,0.0
13583,119,0.0
13583,20,0.0
13583,399,0.0
13583,476,0.0
13583,264,0.0
13583,200,0.0
13583,189,0.0
13583,362,0.0
13583,17,0.0
13583,16,0.0
2986,119,0.0
2986,20,0.0
2986,399,0.0
2986,476,0.0
2986,264,0.0
2986,200,0.0
2986,189,0.0
2986,362,0.0
2986,17,0.0
2986,16,0.0
8395,264,7.183584145765876
8395,189,4.687035843405696
8395,200,4.487138225775221
8395,399,3.634271217684047
8395,94,3.2698035111760335
8395,79,3.0746371731635316
8395,310,2.0303601558755435
8395,89,1.759807769292369
8395,134,1.6507534551244536
8395,78,1.3924939689446383
2423,119,0.0
2423,20,0.0
2423,399,0.0
2423,476,0.0
2423,264,0.0
2423,200,0.0
2423,189,0.0
2423,362,0.0
2423,17,0.0
2423,16,0.0
15338,119,0.0
15338,20,0.0
15338,399,0.0
15338,476,0.0
15338,264,0.0
15338,200,0.0
15338,189,0.0
15338,362,0.0
15338,17,0.0
15338,16,0.0
9636,119,0.0
9636,20,0.0
9636,399,0.0
9636,476,0.0
9636,264,0.0
9636,200,0.0
9636,189,0.0
9636,362,0.0
9636,17,0.0
9636,16,0.0
511,94,1.523451842218243
511,59,1.380325739445873
511,416,1.17817416127495
511,79,1.0207878768608765
511,824,0.9037634051166814
511,22,0.5110678078962678
511,17,0.33333333333333337
511,476,0.33333333333333337
511,190,0.0
511,415,0.0
18675,119,0.0
18675,20,0.0
18675,399,0.0
18675,476,0.0
18675,264,0.0
18675,200,0.0
18675,189,0.0
18675,362,0.0
18675,17,0.0
18675,16,0.0
17818,264,17.734468584822622
17818,20,14.307347486733999
17818,119,9.252488078760656
17818,189,8.575296679165119
17818,310,8.543962375830045
17818,200,8.509018509454961
17818,94,7.959341576887592
17818,352,7.184537704246822
17818,362,6.220745390826665
17818,16,6.177936972045604
1324,119,0.0
1324,20,0.0
1324,399,0.0
1324,476,0.0
1324,264,0.0
1324,200,0.0
1324,189,0.0
1324,362,0.0
1324,17,0.0
1324,16,0.0
512,119,0.0
512,20,0.0
512,399,0.0
512,476,0.0
512,264,0.0
512,200,0.0
512,189,0.0
512,362,0.0
512,17,0.0
512,16,0.0
12055,119,0.0
12055,20,0.0
12055,399,0.0
12055,476,0.0
12055,264,0.0
12055,200,0.0
12055,189,0.0
12055,362,0.0
12055,17,0.0
12055,16,0.0
9638,119,0.0
9638,20,0.0
9638,399,0.0
9638,476,0.0
9638,264,0.0
9638,200,0.0
9638,189,0.0
9638,362,0.0
9638,17,0.0
9638,16,0.0
19346,415,0.0
19346,400,0.0
19346,77,-0.9999999999999998
19346,476,-0.9999999999999998
19346,125,-0.9999999999999998
19346,19,-0.9999999999999998
19346,17,-0.9999999999999998
19346,89,-0.9999999999999998
19346,190,-0.9999999999999998
19346,416,-1.9999999999999996
17793,119,0.0
17793,20,0.0
17793,399,0.0
17793,476,0.0
17793,264,0.0
17793,200,0.0
17793,189,0.0
17793,362,0.0
17793,17,0.0
17793,16,0.0
19308,119,0.0
19308,20,0.0
19308,399,0.0
19308,476,0.0
19308,264,0.0
19308,200,0.0
19308,189,0.0
19308,362,0.0
19308,17,0.0
19308,16,0.0
1326,399,25.45061244143801
1326,200,23.428086415079143
1326,94,16.773670438875655
1326,189,15.970655814195094
1326,287,14.278068940317569
1326,310,10.568292022930423
1326,16,7.480025671099893
1326,255,6.452097729497071
1326,362,5.602659183726351
1326,22,5.552157533548945
8540,119,0.0
8540,20,0.0
8540,399,0.0
8540,476,0.0
8540,264,0.0
8540,200,0.0
8540,189,0.0
8540,362,0.0
8540,17,0.0
8540,16,0.0
157,119,0.0
157,20,0.0
157,399,0.0
157,476,0.0
157,264,0.0
157,200,0.0
157,189,0.0
157,362,0.0
157,17,0.0
157,16,0.0
2688,119,0.0
2688,20,0.0
2688,399,0.0
2688,476,0.0
2688,264,0.0
2688,200,0.0
2688,189,0.0
2688,362,0.0
2688,17,0.0
2688,16,0.0
10298,119,0.0
10298,20,0.0
10298,399,0.0
10298,476,0.0
10298,264,0.0
10298,200,0.0
10298,189,0.0
10298,362,0.0
10298,17,0.0
10298,16,0.0
1123,119,0.0
1123,20,0.0
1123,399,0.0
1123,476,0.0
1123,264,0.0
1123,200,0.0
1123,189,0.0
1123,362,0.0
1123,17,0.0
1123,16,0.0
1136,119,0.0
1136,20,0.0
1136,399,0.0
1136,476,0.0
1136,264,0.0
1136,200,0.0
1136,189,0.0
1136,362,0.0
1136,17,0.0
1136,16,0.0
1124,119,0.0
1124,20,0.0
1124,476,0.0
1124,264,0.0
1124,200,0.0
1124,189,0.0
1124,362,0.0
1124,17,0.0
1124,16,0.0
1124,310,0.0
352,255,0.4286021106644655
352,78,0.13397459621556118
352,19,0.0
352,89,0.0
352,77,0.0
352,125,0.0
352,190,0.0
352,400,0.0
352,284,-2.220446049250313E-16
352,79,-0.06333519438711399
8422,79,3.5104819030825016
8422,59,1.9397045896100626
8422,416,1.7176950195622076
8422,824,1.6137383304903559
8422,22,1.4545248951759098
8422,352,0.8741679082299041
8422,94,0.5606266714863515
8422,415,0.4335549847620601
8422,190,0.09759000729485333
8422,125,0.09759000729485333
2993,352,1.476842111307299
2993,89,1.3660254037844388
2993,77,0.0
2993,400,0.0
2993,78,-1.1102230246251565E-16
2993,19,-0.3133397807202561
2993,125,-0.3133397807202561
2993,190,-0.3133397807202561
2993,310,-0.38918329247714123
2993,284,-0.5000000000000001
8539,119,0.0
8539,20,0.0
8539,399,0.0
8539,476,0.0
8539,264,0.0
8539,200,0.0
8539,189,0.0
8539,362,0.0
8539,17,0.0
8539,16,0.0
13511,119,0.0
13511,20,0.0
13511,399,0.0
13511,476,0.0
13511,264,0.0
13511,200,0.0
13511,189,0.0
13511,362,0.0
13511,17,0.0
13511,16,0.0
2689,119,0.0
2689,20,0.0
2689,399,0.0
2689,476,0.0
2689,264,0.0
2689,200,0.0
2689,189,0.0
2689,362,0.0
2689,17,0.0
2689,16,0.0
16633,119,0.0
16633,20,0.0
16633,399,0.0
16633,476,0.0
16633,264,0.0
16633,200,0.0
16633,189,0.0
16633,362,0.0
16633,17,0.0
16633,16,0.0
19347,125,0.9999999999999998
19347,416,0.9999999999999998
19347,190,0.9999999999999998
19347,19,0.9999999999999998
19347,17,0.0
19347,476,0.0
19347,89,0.0
19347,415,0.0
19347,134,0.0
19347,284,0.0
19312,119,0.0
19312,20,0.0
19312,399,0.0
19312,476,0.0
19312,264,0.0
19312,200,0.0
19312,189,0.0
19312,362,0.0
19312,17,0.0
19312,16,0.0
18105,119,0.0
18105,20,0.0
18105,399,0.0
18105,476,0.0
18105,264,0.0
18105,200,0.0
18105,189,0.0
18105,362,0.0
18105,17,0.0
18105,16,0.0
4073,119,0.0
4073,20,0.0
4073,399,0.0
4073,476,0.0
4073,264,0.0
4073,200,0.0
4073,189,0.0
4073,362,0.0
4073,17,0.0
4073,16,0.0
17778,119,0.0
17778,20,0.0
17778,399,0.0
17778,476,0.0
17778,264,0.0
17778,200,0.0
17778,189,0.0
17778,362,0.0
17778,17,0.0
17778,16,0.0
18669,399,24.0
18669,20,19.0
18669,189,15.0
18669,200,15.0
18669,94,12.0
18669,287,10.0
18669,79,8.0
18669,362,7.0
18669,310,6.0
18669,16,6.0
4105,119,0.0
4105,20,0.0
4105,399,0.0
4105,476,0.0
4105,264,0.0
4105,200,0.0
4105,189,0.0
4105,362,0.0
4105,17,0.0
4105,16,0.0
358,119,0.0
358,20,0.0
358,399,0.0
358,476,0.0
358,264,0.0
358,200,0.0
358,189,0.0
358,362,0.0
358,17,0.0
358,16,0.0
1047,119,0.0
1047,20,0.0
1047,399,0.0
1047,476,0.0
1047,264,0.0
1047,200,0.0
1047,189,0.0
1047,362,0.0
1047,17,0.0
1047,16,0.0
15342,190,0.9999999999999998
15342,125,0.9999999999999998
15342,19,0.9999999999999998
15342,77,0.0
15342,17,0.0
15342,824,0.0
15342,476,0.0
15342,416,0.0
15342,415,0.0
15342,400,0.0
516,119,9.062791622607909
516,352,4.083199290995903
516,255,3.0931113362926688
516,89,2.1009975808100245
516,22,1.2063698158109382
516,78,1.00642388006126
516,59,0.456767827507913
516,284,0.3291760863997112
516,77,0.2886751345948128
516,400,0.0
4638,264,10.015235388305793
4638,189,9.798092469148049
4638,119,8.867497053373317
4638,399,6.852507639583644
4638,362,4.5595556896109946
4638,16,4.4951768089234765
4638,287,2.756167275178358
4638,78,2.7320508075688776
4638,59,2.0001621464126424
4638,79,1.8930269140836948
19107,119,0.0
19107,20,0.0
19107,399,0.0
19107,476,0.0
19107,200,0.0
19107,189,0.0
19107,362,0.0
19107,17,0.0
19107,16,0.0
19107,310,0.0
14253,119,0.0
14253,20,0.0
14253,399,0.0
14253,476,0.0
14253,264,0.0
14253,200,0.0
14253,189,0.0
14253,362,0.0
14253,17,0.0
14253,16,0.0
14905,119,0.0
14905,20,0.0
14905,399,0.0
14905,476,0.0
14905,264,0.0
14905,200,0.0
14905,189,0.0
14905,362,0.0
14905,17,0.0
14905,16,0.0
10289,119,0.0
10289,20,0.0
10289,399,0.0
10289,476,0.0
10289,200,0.0
10289,189,0.0
10289,362,0.0
10289,17,0.0
10289,16,0.0
10289,310,0.0
12841,119,0.0
12841,20,0.0
12841,476,0.0
12841,264,0.0
12841,200,0.0
12841,189,0.0
12841,362,0.0
12841,17,0.0
12841,16,0.0
12841,310,0.0
3281,119,0.0
3281,20,0.0
3281,399,0.0
3281,476,0.0
3281,264,0.0
3281,189,0.0
3281,362,0.0
3281,17,0.0
3281,16,0.0
3281,310,0.0
17097,119,0.0
17097,20,0.0
17097,399,0.0
17097,476,0.0
17097,264,0.0
17097,200,0.0
17097,189,0.0
17097,362,0.0
17097,17,0.0
17097,16,0.0
8538,119,0.0
8538,20,0.0
8538,399,0.0
8538,476,0.0
8538,264,0.0
8538,200,0.0
8538,189,0.0
8538,362,0.0
8538,17,0.0
8538,16,0.0
4162,119,0.0
4162,20,0.0
4162,399,0.0
4162,476,0.0
4162,264,0.0
4162,200,0.0
4162,189,0.0
4162,362,0.0
4162,17,0.0
4162,16,0.0
8118,119,0.0
8118,20,0.0
8118,399,0.0
8118,476,0.0
8118,264,0.0
8118,200,0.0
8118,189,0.0
8118,362,0.0
8118,17,0.0
8118,16,0.0
3888,119,0.0
3888,20,0.0
3888,399,0.0
3888,476,0.0
3888,264,0.0
3888,200,0.0
3888,189,0.0
3888,362,0.0
3888,17,0.0
3888,16,0.0
3869,119,0.0
3869,20,0.0
3869,399,0.0
3869,476,0.0
3869,264,0.0
3869,200,0.0
3869,189,0.0
3869,362,0.0
3869,17,0.0
3869,16,0.0
15232,200,4.999999999999999
15232,310,3.999999999999999
15232,20,3.999999999999999
15232,287,3.999999999999999
15232,94,2.999999999999999
15232,16,2.999999999999999
15232,399,2.999999999999999
15232,119,2.999999999999999
15232,264,2.999999999999999
15232,362,2.999999999999999
9635,119,0.0
9635,20,0.0
9635,399,0.0
9635,476,0.0
9635,264,0.0
9635,200,0.0
9635,189,0.0
9635,362,0.0
9635,17,0.0
9635,16,0.0
19104,255,1.9999999999999998
19104,264,1.9999999999999998
19104,352,1.9999999999999998
19104,79,1.0
19104,189,1.0
19104,287,1.0
19104,310,1.0
19104,22,1.0
19104,20,1.0
19104,119,0.9999999999999998
17803,94,1.4999999999999998
17803,78,0.5
17803,399,0.5
17803,264,0.4999999999999998
17803,255,0.4999999999999998
17803,59,0.0
17803,16,0.0
17803,362,0.0
17803,476,0.0
17803,17,0.0
17810,20,13.657878138844179
17810,264,11.480616571171982
17810,287,10.623726225322734
17810,399,10.160434375533814
17810,94,8.908944158050586
17810,255,8.270463792174207
17810,22,6.773220105373875
17810,189,6.200191528035533
17810,352,5.285491869429292
17810,78,3.7582852400589917
17807,119,0.0
17807,20,0.0
17807,399,0.0
17807,476,0.0
17807,264,0.0
17807,200,0.0
17807,189,0.0
17807,362,0.0
17807,17,0.0
17807,16,0.0
17808,119,0.0
17808,20,0.0
17808,399,0.0
17808,476,0.0
17808,264,0.0
17808,200,0.0
17808,189,0.0
17808,362,0.0
17808,17,0.0
17808,16,0.0
8290,119,0.0
8290,20,0.0
8290,399,0.0
8290,476,0.0
8290,264,0.0
8290,200,0.0
8290,189,0.0
8290,362,0.0
8290,17,0.0
8290,16,0.0
18670,119,0.0
18670,20,0.0
18670,399,0.0
18670,476,0.0
18670,264,0.0
18670,200,0.0
18670,189,0.0
18670,362,0.0
18670,17,0.0
18670,16,0.0
18674,264,7.2265564279088
18674,16,6.470248533856056
18674,94,6.197872829512736
18674,189,5.954105465407036
18674,287,4.742211642062355
18674,399,4.379869127931983
18674,310,4.301339757807634
18674,78,2.7500234338356373
18674,255,2.6963134584355655
18674,362,2.6532218812281942
9640,119,0.0
9640,20,0.0
9640,399,0.0
9640,476,0.0
9640,264,0.0
9640,200,0.0
9640,189,0.0
9640,362,0.0
9640,17,0.0
9640,16,0.0
16888,119,0.0
16888,20,0.0
16888,399,0.0
16888,476,0.0
16888,264,0.0
16888,200,0.0
16888,189,0.0
16888,362,0.0
16888,17,0.0
16888,16,0.0
42,119,0.0
42,20,0.0
42,399,0.0
42,476,0.0
42,264,0.0
42,200,0.0
42,189,0.0
42,362,0.0
42,17,0.0
42,16,0.0
17018,59,0.5818574914709511
17018,78,0.45974713125282984
17018,476,0.424529482606335
17018,17,0.424529482606335
17018,400,0.0
17018,415,-0.1147078669352809
17018,416,-0.16104023914053467
17018,19,-0.4286075751095582
17018,125,-0.4286075751095582
17018,89,-0.4465032271283421
17009,79,4.0
17009,94,3.0
17009,20,3.0
17009,264,3.0
17009,255,2.0
17009,119,2.0
17009,399,2.0
17009,362,2.0
17009,22,2.0
17009,89,2.0
17015,20,7.810116467167205
17015,79,4.385945723322623
17015,399,4.2568279362628765
17015,119,3.8101164671672034
17015,264,3.566045413185658
17015,310,3.2154697872780416
17015,189,2.0508168709887986
17015,89,2.0077406527937605
17015,200,1.87548412578841
17015,22,1.568909894983938
17012,415,1.0
17012,125,1.0
17012,190,1.0
17012,134,1.0
17012,19,1.0
17012,255,0.9999999999999998
17012,17,0.0
17012,89,0.0
17012,476,0.0
17012,77,0.0
15335,399,21.385978326032482
15335,119,20.800579709580774
15335,94,10.091825360110178
15335,310,8.223638820963895
15335,189,7.952462289673578
15335,255,6.87703185682518
15335,362,5.818771856655488
15335,22,3.3961817355778328
15335,16,3.257893288963573
15335,89,2.0453697995496007
17801,119,0.0
17801,20,0.0
17801,399,0.0
17801,476,0.0
17801,264,0.0
17801,200,0.0
17801,189,0.0
17801,362,0.0
17801,17,0.0
17801,16,0.0
11208,119,0.0
11208,20,0.0
11208,399,0.0
11208,476,0.0
11208,264,0.0
11208,200,0.0
11208,189,0.0
11208,362,0.0
11208,17,0.0
11208,16,0.0
17791,119,0.0
17791,20,0.0
17791,399,0.0
17791,476,0.0
17791,264,0.0
17791,200,0.0
17791,189,0.0
17791,362,0.0
17791,17,0.0
17791,16,0.0
10272,119,0.0
10272,20,0.0
10272,399,0.0
10272,476,0.0
10272,264,0.0
10272,200,0.0
10272,189,0.0
10272,362,0.0
10272,17,0.0
10272,16,0.0
15034,119,5.0
15034,79,4.0
15034,255,4.0
15034,287,3.0
15034,189,3.0
15034,20,3.0
15034,362,2.999999999999999
15034,22,2.0
15034,310,2.0
15034,399,2.0
3224,119,0.0
3224,399,0.0
3224,476,0.0
3224,264,0.0
3224,200,0.0
3224,189,0.0
3224,362,0.0
3224,17,0.0
3224,16,0.0
3224,310,0.0
1046,399,4.87337265431793
1046,94,4.542506541480981
1046,22,2.619161578426587
1046,189,2.497756499111795
1046,255,1.6431783251431216
1046,200,1.4502966798181576
1046,134,1.3977980846486262
1046,59,1.2785718764590892
1046,352,1.0128089926846577
1046,16,0.6582681322056381
3885,119,0.0
3885,20,0.0
3885,399,0.0
3885,476,0.0
3885,264,0.0
3885,200,0.0
3885,189,0.0
3885,362,0.0
3885,17,0.0
3885,16,0.0
17005,119,0.0
17005,20,0.0
17005,399,0.0
17005,476,0.0
17005,264,0.0
17005,200,0.0
17005,189,0.0
17005,362,0.0
17005,17,0.0
17005,16,0.0
17013,119,0.0
17013,20,0.0
17013,399,0.0
17013,476,0.0
17013,264,0.0
17013,200,0.0
17013,189,0.0
17013,362,0.0
17013,17,0.0
17013,16,0.0
16285,119,0.0
16285,20,0.0
16285,399,0.0
16285,476,0.0
16285,264,0.0
16285,200,0.0
16285,189,0.0
16285,362,0.0
16285,17,0.0
16285,16,0.0
15061,119,0.0
15061,20,0.0
15061,399,0.0
15061,476,0.0
15061,264,0.0
15061,200,0.0
15061,189,0.0
15061,362,0.0
15061,17,0.0
15061,16,0.0
17782,89,1.9999999999999996
17782,78,0.9999999999999998
17782,352,0.9999999999999996
17782,77,0.0
17782,19,0.0
17782,415,0.0
17782,190,0.0
17782,125,0.0
17782,400,0.0
17782,284,-0.9999999999999998
11847,89,2.106596081698351
11847,352,0.2507416096692453
11847,400,0.0
11847,284,-0.08532615900106488
11847,134,-0.08817168994745189
11847,415,-0.1058018423787897
11847,77,-0.2961744388795462
11847,476,-0.47140452079103173
11847,17,-0.47140452079103173
11847,16,-0.49586126896706073
17784,119,0.0
17784,20,0.0
17784,399,0.0
17784,476,0.0
17784,264,0.0
17784,200,0.0
17784,189,0.0
17784,362,0.0
17784,17,0.0
17784,16,0.0
15663,119,0.0
15663,20,0.0
15663,399,0.0
15663,476,0.0
15663,200,0.0
15663,189,0.0
15663,362,0.0
15663,17,0.0
15663,16,0.0
15663,310,0.0
2651,119,0.0
2651,399,0.0
2651,476,0.0
2651,264,0.0
2651,200,0.0
2651,189,0.0
2651,362,0.0
2651,17,0.0
2651,16,0.0
2651,310,0.0
8623,264,6.0
8623,79,3.0
8623,16,2.0
8623,59,2.0
8623,824,1.9999999999999998
8623,362,1.9999999999999993
8623,189,1.0
8623,287,4.440892098500626E-16
8623,352,2.220446049250313E-16
8623,17,0.0
7925,200,9.7576747743295
7925,119,8.775565253611902
7925,310,7.9909858000530365
7925,94,5.06378157779238
7925,362,4.547303019007021
7925,22,3.424391875381996
7925,352,3.2153260196944906
7925,189,2.390439594152129
7925,16,1.6169393868397852
7925,284,1.2202193820730238
15334,399,23.510403438897075
15334,264,23.289218249776596
15334,119,20.8618689636807
15334,287,15.868794806598846
15334,189,11.526105506566273
15334,94,11.176490372933472
15334,310,9.859922621096745
15334,255,9.12209233354016
15334,362,6.3578442958951555
15334,22,5.873535304386508
17022,119,0.0
17022,20,0.0
17022,399,0.0
17022,476,0.0
17022,264,0.0
17022,200,0.0
17022,189,0.0
17022,362,0.0
17022,17,0.0
17022,16,0.0
6347,119,6.7320508075688785
6347,20,4.866025403784439
6347,200,4.866025403784439
6347,399,4.366025403784439
6347,79,3.3660254037844375
6347,16,2.5
6347,416,1.8660254037844388
6347,284,1.3660254037844386
6347,255,1.3660254037844382
6347,352,1.2320508075688765
11209,119,0.0
11209,20,0.0
11209,399,0.0
11209,476,0.0
11209,264,0.0
11209,200,0.0
11209,189,0.0
11209,362,0.0
11209,17,0.0
11209,16,0.0
17772,119,0.0
17772,20,0.0
17772,399,0.0
17772,476,0.0
17772,264,0.0
17772,200,0.0
17772,189,0.0
17772,362,0.0
17772,17,0.0
17772,16,0.0
18111,119,0.0
18111,20,0.0
18111,399,0.0
18111,476,0.0
18111,264,0.0
18111,200,0.0
18111,189,0.0
18111,362,0.0
18111,17,0.0
18111,16,0.0
18678,119,0.0
18678,20,0.0
18678,399,0.0
18678,476,0.0
18678,264,0.0
18678,200,0.0
18678,189,0.0
18678,362,0.0
18678,17,0.0
18678,16,0.0
15993,119,0.0
15993,20,0.0
15993,399,0.0
15993,476,0.0
15993,264,0.0
15993,200,0.0
15993,189,0.0
15993,362,0.0
15993,17,0.0
15993,16,0.0
11609,119,0.0
11609,20,0.0
11609,399,0.0
11609,476,0.0
11609,264,0.0
11609,200,0.0
11609,189,0.0
11609,362,0.0
11609,17,0.0
11609,16,0.0
2456,119,0.0
2456,20,0.0
2456,476,0.0
2456,264,0.0
2456,200,0.0
2456,189,0.0
2456,362,0.0
2456,17,0.0
2456,16,0.0
2456,310,0.0
9639,119,0.0
9639,20,0.0
9639,399,0.0
9639,476,0.0
9639,264,0.0
9639,200,0.0
9639,189,0.0
9639,362,0.0
9639,17,0.0
9639,16,0.0
9641,119,0.0
9641,20,0.0
9641,399,0.0
9641,476,0.0
9641,264,0.0
9641,200,0.0
9641,189,0.0
9641,362,0.0
9641,17,0.0
9641,16,0.0
17006,119,0.0
17006,20,0.0
17006,399,0.0
17006,476,0.0
17006,264,0.0
17006,200,0.0
17006,189,0.0
17006,362,0.0
17006,17,0.0
17006,16,0.0
9634,119,0.0
9634,20,0.0
9634,399,0.0
9634,476,0.0
9634,264,0.0
9634,200,0.0
9634,189,0.0
9634,362,0.0
9634,17,0.0
9634,16,0.0
15991,119,0.0
15991,20,0.0
15991,399,0.0
15991,476,0.0
15991,264,0.0
15991,200,0.0
15991,189,0.0
15991,362,0.0
15991,17,0.0
15991,16,0.0
11608,415,0.0
11608,77,0.0
11608,400,0.0
11608,19,-0.5000000000000001
11608,125,-0.5000000000000001
11608,190,-0.5000000000000001
11608,476,-0.5000000000000001
11608,17,-0.5000000000000001
11608,134,-0.512170838852738
11608,78,-0.8660254037844389
3011,119,0.0
3011,20,0.0
3011,399,0.0
3011,476,0.0
3011,264,0.0
3011,200,0.0
3011,189,0.0
3011,362,0.0
3011,17,0.0
3011,16,0.0
8429,119,0.0
8429,20,0.0
8429,399,0.0
8429,476,0.0
8429,200,0.0
8429,189,0.0
8429,362,0.0
8429,17,0.0
8429,16,0.0
8429,310,0.0
15992,352,3.999999999999999
15992,399,2.999999999999999
15992,94,2.999999999999999
15992,310,2.999999999999999
15992,416,1.9999999999999996
15992,200,1.9999999999999991
15992,255,1.9999999999999991
15992,59,0.9999999999999998
15992,190,0.9999999999999998
15992,89,0.9999999999999998
17820,20,13.620624276338681
17820,119,11.663907509412446
17820,287,10.931642039834067
17820,399,9.049199642477166
17820,200,8.071424633861515
17820,189,7.748467801141338
17820,94,6.352889745917061
17820,255,5.931642039834065
17820,310,5.7353321432739595
17820,16,5.3660254037844375
79,264,18.078569518244905
79,20,17.73322318895288
79,287,15.078569518244903
79,200,12.08269892335908
79,119,12.078569518244903
79,94,10.078569518244903
79,310,10.078569518244903
79,189,8.838627869377534
79,255,8.078569518244905
79,362,7.244071053981545
17779,399,7.832845570819909
17779,189,4.67412513671284
17779,79,4.083726040284952
17779,362,3.3970269824648787
17779,16,3.1745973552320677
17779,89,1.7818366665787173
17779,94,1.7140926844618545
17779,134,0.9797318786318945
17779,284,0.6928177974344065
17779,190,0.6609789738588475
2686,119,0.0
2686,20,0.0
2686,399,0.0
2686,476,0.0
2686,264,0.0
2686,200,0.0
2686,189,0.0
2686,362,0.0
2686,17,0.0
2686,16,0.0
10251,119,0.0
10251,20,0.0
10251,399,0.0
10251,476,0.0
10251,264,0.0
10251,200,0.0
10251,189,0.0
10251,362,0.0
10251,17,0.0
10251,16,0.0
18954,119,15.0
18954,399,15.0
18954,200,14.0
18954,189,13.0
18954,264,12.0
18954,362,9.0
18954,287,8.0
18954,16,7.0
18954,255,6.999999999999998
18954,310,6.0
11611,20,0.0
11611,399,0.0
11611,476,0.0
11611,264,0.0
11611,200,0.0
11611,189,0.0
11611,362,0.0
11611,17,0.0
11611,16,0.0
11611,310,0.0
1435,119,0.0
1435,399,0.0
1435,476,0.0
1435,264,0.0
1435,200,0.0
1435,189,0.0
1435,362,0.0
1435,17,0.0
1435,16,0.0
1435,310,0.0
1437,119,0.0
1437,399,0.0
1437,476,0.0
1437,264,0.0
1437,200,0.0
1437,189,0.0
1437,362,0.0
1437,17,0.0
1437,16,0.0
1437,310,0.0
15231,119,0.0
15231,20,0.0
15231,399,0.0
15231,476,0.0
15231,264,0.0
15231,200,0.0
15231,189,0.0
15231,362,0.0
15231,17,0.0
15231,16,0.0
1125,119,0.0
1125,20,0.0
1125,399,0.0
1125,476,0.0
1125,264,0.0
1125,200,0.0
1125,189,0.0
1125,362,0.0
1125,17,0.0
1125,16,0.0
17014,119,0.0
17014,20,0.0
17014,399,0.0
17014,476,0.0
17014,264,0.0
17014,200,0.0
17014,189,0.0
17014,362,0.0
17014,17,0.0
17014,16,0.0
11613,78,1.7440710539815454
11613,16,1.1564680369071805
11613,77,1.0
11613,134,0.6546536707079772
11613,310,0.22372769323684993
11613,476,0.0
11613,17,0.0
11613,415,0.0
11613,400,0.0
11613,284,-2.220446049250313E-16
41,119,0.0
41,20,0.0
41,399,0.0
41,476,0.0
41,264,0.0
41,200,0.0
41,189,0.0
41,362,0.0
41,17,0.0
41,16,0.0
8421,399,19.273875463001875
8421,200,13.345005243200017
8421,94,12.268371426099758
8421,189,10.511976835414881
8421,79,8.217192037313357
8421,255,5.823615684803302
8421,362,5.151169598785774
8421,59,4.440641391766104
8421,22,3.7743061547640995
8421,16,3.035855836026653
1327,119,0.0
1327,20,0.0
1327,399,0.0
1327,476,0.0
1327,264,0.0
1327,200,0.0
1327,189,0.0
1327,362,0.0
1327,17,0.0
1327,16,0.0
174,119,0.0
174,20,0.0
174,399,0.0
174,476,0.0
174,264,0.0
174,200,0.0
174,189,0.0
174,362,0.0
174,17,0.0
174,16,0.0
13983,20,9.86602540378444
13983,264,7.866025403784439
13983,119,6.866025403784439
13983,287,6.866025403784438
13983,310,6.0
13983,399,6.0
13983,94,5.866025403784438
13983,255,4.0
13983,16,3.866025403784439
13983,22,3.0
13986,119,0.0
13986,20,0.0
13986,399,0.0
13986,476,0.0
13986,264,0.0
13986,200,0.0
13986,189,0.0
13986,362,0.0
13986,17,0.0
13986,16,0.0
744,119,0.0
744,20,0.0
744,399,0.0
744,476,0.0
744,264,0.0
744,200,0.0
744,189,0.0
744,362,0.0
744,17,0.0
744,16,0.0
11207,119,0.0
11207,20,0.0
11207,399,0.0
11207,476,0.0
11207,264,0.0
11207,200,0.0
11207,189,0.0
11207,362,0.0
11207,17,0.0
11207,16,0.0
13985,119,0.0
13985,20,0.0
13985,399,0.0
13985,476,0.0
13985,200,0.0
13985,189,0.0
13985,362,0.0
13985,17,0.0
13985,16,0.0
13985,310,0.0
14343,119,0.0
14343,20,0.0
14343,399,0.0
14343,476,0.0
14343,264,0.0
14343,200,0.0
14343,189,0.0
14343,362,0.0
14343,17,0.0
14343,16,0.0
18680,119,0.0
18680,399,0.0
18680,476,0.0
18680,264,0.0
18680,189,0.0
18680,362,0.0
18680,17,0.0
18680,16,0.0
18680,310,0.0
18680,59,0.0
18681,119,15.778206433426664
18681,399,15.167853667258509
18681,287,12.483604461474522
18681,189,9.004033038340681
18681,94,8.00173885797709
18681,79,7.88585176291576
18681,310,7.563500182295485
18681,255,6.3386128846576
18681,16,5.4244699492828445
18681,362,4.8898500568214756
1476,119,0.0
1476,20,0.0
1476,399,0.0
1476,476,0.0
1476,264,0.0
1476,200,0.0
1476,189,0.0
1476,362,0.0
1476,17,0.0
1476,16,0.0
17775,94,8.051341117057868
17775,200,7.670565768731608
17775,22,6.064866210549381
17775,352,4.631127746259932
17775,310,4.554837941375826
17775,59,3.1320634880451763
17775,189,2.3963470567522327
17775,16,2.1836719151229964
17775,255,2.0930188642792054
17775,824,1.3106039078434646
17822,119,0.0
17822,20,0.0
17822,399,0.0
17822,476,0.0
17822,264,0.0
17822,200,0.0
17822,189,0.0
17822,362,0.0
17822,17,0.0
17822,16,0.0
13981,119,0.0
13981,20,0.0
13981,476,0.0
13981,264,0.0
13981,200,0.0
13981,189,0.0
13981,362,0.0
13981,17,0.0
13981,16,0.0
13981,310,0.0
3134,476,0.9999999999999998
3134,17,0.9999999999999998
3134,78,0.0
3134,77,0.0
3134,400,0.0
3134,19,-0.5000000000000001
3134,190,-0.5000000000000001
3134,125,-0.5000000000000001
3134,59,-0.7205766921228922
3134,415,-0.8029550685469662
19106,119,8.351643808465884
19106,200,6.508427409339943
19106,287,5.174235386259703
19106,94,4.925729434053034
19106,352,4.024501188069132
19106,16,3.035550837795447
19106,189,2.4650312459789925
19106,284,1.5960461791299765
19106,59,1.3877898336525425
19106,824,1.0289183067978371
13980,352,1.1623282032899618
13980,59,0.9196043814765638
13980,77,0.5000000000000001
13980,190,0.47140452079103173
13980,125,0.47140452079103173
13980,19,0.47140452079103173
13980,416,0.24591071239018303
13980,362,0.17620065587937028
13980,476,0.0
13980,17,0.0
8625,119,0.0
8625,20,0.0
8625,399,0.0
8625,476,0.0
8625,264,0.0
8625,200,0.0
8625,189,0.0
8625,362,0.0
8625,17,0.0
8625,16,0.0
3828,119,0.0
3828,20,0.0
3828,399,0.0
3828,476,0.0
3828,264,0.0
3828,200,0.0
3828,189,0.0
3828,362,0.0
3828,17,0.0
3828,16,0.0
17800,119,0.0
17800,20,0.0
17800,399,0.0
17800,476,0.0
17800,264,0.0
17800,200,0.0
17800,189,0.0
17800,362,0.0
17800,17,0.0
17800,16,0.0
7649,20,0.0
7649,476,0.0
7649,264,0.0
7649,200,0.0
7649,189,0.0
7649,362,0.0
7649,17,0.0
7649,16,0.0
7649,310,0.0
7649,59,0.0
17010,119,0.0
17010,20,0.0
17010,399,0.0
17010,476,0.0
17010,264,0.0
17010,200,0.0
17010,189,0.0
17010,362,0.0
17010,17,0.0
17010,16,0.0
11470,119,0.0
11470,20,0.0
11470,399,0.0
11470,476,0.0
11470,264,0.0
11470,200,0.0
11470,189,0.0
11470,362,0.0
11470,17,0.0
11470,16,0.0
3829,119,0.0
3829,20,0.0
3829,399,0.0
3829,476,0.0
3829,264,0.0
3829,200,0.0
3829,189,0.0
3829,362,0.0
3829,17,0.0
3829,16,0.0
10250,119,0.0
10250,20,0.0
10250,399,0.0
10250,476,0.0
10250,264,0.0
10250,200,0.0
10250,189,0.0
10250,362,0.0
10250,17,0.0
10250,16,0.0
11610,119,0.0
11610,20,0.0
11610,399,0.0
11610,476,0.0
11610,264,0.0
11610,200,0.0
11610,189,0.0
11610,362,0.0
11610,17,0.0
11610,16,0.0
17780,189,5.243953707574619
17780,94,2.2417607737416265
17780,310,1.8453277495292146
17780,255,1.2454297005790689
17780,78,1.097738957827953
17780,89,1.044617988163305
17780,16,0.9910347827868748
17780,134,0.6885148424042048
17780,77,0.6882472016116852
17780,476,0.6663924874789787
17672,119,0.0
17672,20,0.0
17672,399,0.0
17672,476,0.0
17672,264,0.0
17672,200,0.0
17672,189,0.0
17672,362,0.0
17672,17,0.0
17672,16,0.0
515,119,0.0
515,20,0.0
515,399,0.0
515,476,0.0
515,264,0.0
515,200,0.0
515,189,0.0
515,362,0.0
515,17,0.0
515,16,0.0
513,119,0.0
513,20,0.0
513,399,0.0
513,476,0.0
513,264,0.0
513,200,0.0
513,189,0.0
513,362,0.0
513,17,0.0
513,16,0.0
1328,119,0.0
1328,20,0.0
1328,399,0.0
1328,476,0.0
1328,264,0.0
1328,200,0.0
1328,189,0.0
1328,362,0.0
1328,17,0.0
1328,16,0.0
18676,119,11.148981750650979
18676,264,10.416236669414616
18676,399,7.671056640764068
18676,94,4.168342264263393
18676,22,4.115882236752574
18676,79,3.9865573888723036
18676,16,2.3886139225125946
18676,362,2.063810553752832
18676,189,1.9717986945352124
18676,416,1.782962895563641
17785,119,0.0
17785,20,0.0
17785,399,0.0
17785,476,0.0
17785,189,0.0
17785,362,0.0
17785,17,0.0
17785,16,0.0
17785,310,0.0
17785,59,0.0
1325,119,0.0
1325,20,0.0
1325,399,0.0
1325,476,0.0
1325,264,0.0
1325,200,0.0
1325,189,0.0
1325,362,0.0
1325,17,0.0
1325,16,0.0
17786,399,13.366358255034104
17786,119,12.178911528078494
17786,287,11.10035592913441
17786,200,11.059491408507025
17786,94,10.289115728238194
17786,310,8.090024244541269
17786,255,7.022949815241262
17786,189,6.781193060781247
17786,352,5.915687733088015
17786,16,4.517338185699367
8622,94,4.0
8622,399,4.0
8622,287,3.9999999999999982
8622,119,3.0
8622,264,3.0
8622,255,2.999999999999999
8622,22,2.999999999999999
8622,200,2.0
8622,352,1.9999999999999993
8622,79,1.9999999999999991
17008,119,0.0
17008,20,0.0
17008,399,0.0
17008,476,0.0
17008,264,0.0
17008,200,0.0
17008,189,0.0
17008,362,0.0
17008,17,0.0
17008,16,0.0
17017,119,0.0
17017,20,0.0
17017,399,0.0
17017,476,0.0
17017,264,0.0
17017,200,0.0
17017,189,0.0
17017,362,0.0
17017,17,0.0
17017,16,0.0
65,119,0.0
65,20,0.0
65,399,0.0
65,476,0.0
65,264,0.0
65,200,0.0
65,189,0.0
65,362,0.0
65,17,0.0
65,16,0.0
13984,119,0.0
13984,20,0.0
13984,399,0.0
13984,476,0.0
13984,264,0.0
13984,200,0.0
13984,189,0.0
13984,362,0.0
13984,17,0.0
13984,16,0.0
9487,119,0.0
9487,20,0.0
9487,399,0.0
9487,476,0.0
9487,264,0.0
9487,200,0.0
9487,189,0.0
9487,362,0.0
9487,17,0.0
9487,16,0.0
9637,119,0.0
9637,20,0.0
9637,399,0.0
9637,476,0.0
9637,264,0.0
9637,200,0.0
9637,189,0.0
9637,362,0.0
9637,17,0.0
9637,16,0.0
18110,119,0.0
18110,20,0.0
18110,399,0.0
18110,476,0.0
18110,264,0.0
18110,200,0.0
18110,189,0.0
18110,362,0.0
18110,17,0.0
18110,16,0.0
17019,362,2.436082596235754
17019,59,1.9363216363156228
17019,255,1.396870542443774
17019,78,1.2721607499051102
17019,22,1.1865825461516457
17019,125,0.9459053029269171
17019,19,0.9459053029269171
17019,16,0.8940071640300769
17019,284,0.8660254037844388
17019,415,0.7567450038061341
8537,119,0.0
8537,20,0.0
8537,476,0.0
8537,264,0.0
8537,200,0.0
8537,189,0.0
8537,362,0.0
8537,17,0.0
8537,16,0.0
8537,310,0.0
13987,119,0.0
13987,20,0.0
13987,399,0.0
13987,476,0.0
13987,264,0.0
13987,200,0.0
13987,189,0.0
13987,362,0.0
13987,17,0.0
13987,16,0.0
3883,16,3.606217634492068
3883,22,1.7582117246456632
3883,78,1.5180194939380336
3883,189,1.472243038276508
3883,134,1.2401922307076305
3883,255,1.124237128430102
3883,89,0.8840448977224724
3883,77,0.4999999999999999
3883,287,0.1793259459070351
3883,17,0.0
4520,119,0.0
4520,20,0.0
4520,399,0.0
4520,476,0.0
4520,264,0.0
4520,200,0.0
4520,189,0.0
4520,362,0.0
4520,17,0.0
4520,16,0.0
15526,119,0.0
15526,20,0.0
15526,399,0.0
15526,476,0.0
15526,264,0.0
15526,200,0.0
15526,189,0.0
15526,362,0.0
15526,17,0.0
15526,16,0.0
15498,119,0.0
15498,20,0.0
15498,399,0.0
15498,476,0.0
15498,264,0.0
15498,200,0.0
15498,189,0.0
15498,362,0.0
15498,17,0.0
15498,16,0.0
18200,119,0.0
18200,399,0.0
18200,476,0.0
18200,264,0.0
18200,200,0.0
18200,189,0.0
18200,362,0.0
18200,17,0.0
18200,16,0.0
18200,310,0.0
17799,119,0.0
17799,20,0.0
17799,399,0.0
17799,476,0.0
17799,200,0.0
17799,189,0.0
17799,362,0.0
17799,17,0.0
17799,16,0.0
17799,310,0.0
17797,119,0.0
17797,20,0.0
17797,399,0.0
17797,476,0.0
17797,200,0.0
17797,189,0.0
17797,362,0.0
17797,17,0.0
17797,16,0.0
17797,310,0.0
18109,119,0.0
18109,20,0.0
18109,399,0.0
18109,476,0.0
18109,264,0.0
18109,200,0.0
18109,189,0.0
18109,362,0.0
18109,17,0.0
18109,16,0.0
17789,119,0.0
17789,20,0.0
17789,399,0.0
17789,476,0.0
17789,264,0.0
17789,200,0.0
17789,189,0.0
17789,362,0.0
17789,17,0.0
17789,16,0.0
743,119,0.0
743,20,0.0
743,399,0.0
743,476,0.0
743,264,0.0
743,200,0.0
743,189,0.0
743,362,0.0
743,17,0.0
743,16,0.0
1121,119,0.0
1121,20,0.0
1121,399,0.0
1121,476,0.0
1121,264,0.0
1121,200,0.0
1121,189,0.0
1121,362,0.0
1121,17,0.0
1121,16,0.0
7924,119,0.0
7924,20,0.0
7924,399,0.0
7924,476,0.0
7924,200,0.0
7924,189,0.0
7924,362,0.0
7924,17,0.0
7924,16,0.0
7924,310,0.0
6296,119,0.0
6296,20,0.0
6296,399,0.0
6296,476,0.0
6296,264,0.0
6296,200,0.0
6296,189,0.0
6296,362,0.0
6296,17,0.0
6296,16,0.0
17795,119,0.0
17795,20,0.0
17795,399,0.0
17795,476,0.0
17795,264,0.0
17795,200,0.0
17795,189,0.0
17795,362,0.0
17795,17,0.0
17795,16,0.0
10651,119,0.0
10651,20,0.0
10651,399,0.0
10651,476,0.0
10651,264,0.0
10651,200,0.0
10651,189,0.0
10651,362,0.0
10651,17,0.0
10651,16,0.0
7123,119,0.0
7123,20,0.0
7123,399,0.0
7123,476,0.0
7123,264,0.0
7123,200,0.0
7123,189,0.0
7123,362,0.0
7123,17,0.0
7123,16,0.0
16169,20,11.0
16169,264,10.0
16169,119,9.0
16169,94,9.0
16169,399,9.0
16169,287,9.0
16169,200,8.0
16169,189,6.0
16169,16,5.0
16169,352,5.0
10286,119,0.0
10286,20,0.0
10286,399,0.0
10286,476,0.0
10286,200,0.0
10286,189,0.0
10286,362,0.0
10286,17,0.0
10286,16,0.0
10286,310,0.0
17011,119,0.0
17011,20,0.0
17011,399,0.0
17011,476,0.0
17011,264,0.0
17011,200,0.0
17011,189,0.0
17011,362,0.0
17011,17,0.0
17011,16,0.0
2687,119,0.0
2687,20,0.0
2687,399,0.0
2687,476,0.0
2687,264,0.0
2687,200,0.0
2687,189,0.0
2687,362,0.0
2687,17,0.0
2687,16,0.0
18106,119,0.0
18106,20,0.0
18106,399,0.0
18106,476,0.0
18106,264,0.0
18106,200,0.0
18106,189,0.0
18106,362,0.0
18106,17,0.0
18106,16,0.0
3884,119,0.0
3884,20,0.0
3884,399,0.0
3884,476,0.0
3884,264,0.0
3884,200,0.0
3884,189,0.0
3884,362,0.0
3884,17,0.0
3884,16,0.0
18955,119,0.0
18955,20,0.0
18955,399,0.0
18955,476,0.0
18955,264,0.0
18955,200,0.0
18955,189,0.0
18955,362,0.0
18955,17,0.0
18955,16,0.0
17023,119,0.0
17023,20,0.0
17023,399,0.0
17023,476,0.0
17023,264,0.0
17023,200,0.0
17023,189,0.0
17023,362,0.0
17023,17,0.0
17023,16,0.0
514,119,0.0
514,20,0.0
514,399,0.0
514,476,0.0
514,264,0.0
514,200,0.0
514,189,0.0
514,362,0.0
514,17,0.0
514,16,0.0
17796,119,0.0
17796,20,0.0
17796,399,0.0
17796,476,0.0
17796,264,0.0
17796,200,0.0
17796,189,0.0
17796,362,0.0
17796,17,0.0
17796,16,0.0
13982,119,0.0
13982,20,0.0
13982,399,0.0
13982,476,0.0
13982,264,0.0
13982,200,0.0
13982,189,0.0
13982,362,0.0
13982,17,0.0
13982,16,0.0
201,119,0.0
201,20,0.0
201,399,0.0
201,476,0.0
201,264,0.0
201,200,0.0
201,189,0.0
201,362,0.0
201,17,0.0
201,16,0.0
12059,119,0.0
12059,399,0.0
12059,476,0.0
12059,264,0.0
12059,200,0.0
12059,189,0.0
12059,362,0.0
12059,17,0.0
12059,16,0.0
12059,310,0.0
18679,119,0.0
18679,20,0.0
18679,399,0.0
18679,476,0.0
18679,264,0.0
18679,200,0.0
18679,189,0.0
18679,362,0.0
18679,17,0.0
18679,16,0.0
5660,119,0.0
5660,20,0.0
5660,399,0.0
5660,476,0.0
5660,264,0.0
5660,200,0.0
5660,189,0.0
5660,362,0.0
5660,17,0.0
5660,16,0.0
15230,119,0.0
15230,20,0.0
15230,399,0.0
15230,476,0.0
15230,264,0.0
15230,200,0.0
15230,189,0.0
15230,362,0.0
15230,17,0.0
15230,16,0.0
3904,119,0.0
3904,399,0.0
3904,476,0.0
3904,200,0.0
3904,189,0.0
3904,362,0.0
3904,17,0.0
3904,16,0.0
3904,310,0.0
3904,59,0.0
15033,119,0.0
15033,20,0.0
15033,399,0.0
15033,476,0.0
15033,264,0.0
15033,200,0.0
15033,189,0.0
15033,362,0.0
15033,17,0.0
15033,16,0.0
17007,119,0.0
17007,20,0.0
17007,399,0.0
17007,476,0.0
17007,264,0.0
17007,200,0.0
17007,189,0.0
17007,362,0.0
17007,17,0.0
17007,16,0.0
17021,119,0.0
17021,20,0.0
17021,399,0.0
17021,476,0.0
17021,264,0.0
17021,200,0.0
17021,189,0.0
17021,362,0.0
17021,17,0.0
17021,16,0.0
1436,119,0.0
1436,20,0.0
1436,399,0.0
1436,476,0.0
1436,200,0.0
1436,189,0.0
1436,362,0.0
1436,17,0.0
1436,16,0.0
1436,310,0.0
18107,119,0.0
18107,20,0.0
18107,399,0.0
18107,476,0.0
18107,264,0.0
18107,200,0.0
18107,189,0.0
18107,362,0.0
18107,17,0.0
18107,16,0.0
17020,119,0.0
17020,20,0.0
17020,399,0.0
17020,476,0.0
17020,264,0.0
17020,200,0.0
17020,189,0.0
17020,362,0.0
17020,17,0.0
17020,16,0.0
4182,119,0.0
4182,20,0.0
4182,399,0.0
4182,476,0.0
4182,264,0.0
4182,200,0.0
4182,189,0.0
4182,362,0.0
4182,17,0.0
4182,16,0.0
2988,119,0.0
2988,20,0.0
2988,399,0.0
2988,476,0.0
2988,264,0.0
2988,200,0.0
2988,189,0.0
2988,362,0.0
2988,17,0.0
2988,16,0.0
17685,119,0.0
17685,20,0.0
17685,399,0.0
17685,476,0.0
17685,264,0.0
17685,200,0.0
17685,189,0.0
17685,362,0.0
17685,17,0.0
17685,16,0.0
8494,119,0.0
8494,20,0.0
8494,399,0.0
8494,476,0.0
8494,200,0.0
8494,189,0.0
8494,362,0.0
8494,17,0.0
8494,16,0.0
8494,310,0.0
17804,119,0.0
17804,20,0.0
17804,399,0.0
17804,476,0.0
17804,264,0.0
17804,200,0.0
17804,189,0.0
17804,362,0.0
17804,17,0.0
17804,16,0.0
17781,119,0.0
17781,20,0.0
17781,399,0.0
17781,476,0.0
17781,264,0.0
17781,200,0.0
17781,189,0.0
17781,362,0.0
17781,17,0.0
17781,16,0.0
17794,119,0.0
17794,20,0.0
17794,399,0.0
17794,476,0.0
17794,264,0.0
17794,200,0.0
17794,189,0.0
17794,362,0.0
17794,17,0.0
17794,16,0.0
13989,119,0.0
13989,20,0.0
13989,399,0.0
13989,476,0.0
13989,264,0.0
13989,200,0.0
13989,189,0.0
13989,362,0.0
13989,17,0.0
13989,16,0.0
18566,119,0.0
18566,20,0.0
18566,399,0.0
18566,476,0.0
18566,264,0.0
18566,200,0.0
18566,189,0.0
18566,362,0.0
18566,17,0.0
18566,16,0.0
15415,255,1.6339745962155607
15415,200,1.4999999999999991
15415,416,0.9999999999999998
15415,362,0.9999999999999998
15415,824,0.9999999999999998
15415,77,0.9999999999999998
15415,59,0.9999999999999996
15415,264,0.6339745962155607
15415,189,0.4999999999999998
15415,78,0.1339745962155613
1438,119,0.0
1438,20,0.0
1438,399,0.0
1438,476,0.0
1438,264,0.0
1438,200,0.0
1438,189,0.0
1438,362,0.0
1438,17,0.0
1438,16,0.0
17783,119,0.0
17783,20,0.0
17783,399,0.0
17783,476,0.0
17783,264,0.0
17783,200,0.0
17783,189,0.0
17783,362,0.0
17783,17,0.0
17783,16,0.0
2358,119,0.0
2358,20,0.0
2358,399,0.0
2358,476,0.0
2358,264,0.0
2358,200,0.0
2358,189,0.0
2358,362,0.0
2358,17,0.0
2358,16,0.0
17809,119,0.0
17809,20,0.0
17809,399,0.0
17809,476,0.0
17809,264,0.0
17809,200,0.0
17809,189,0.0
17809,362,0.0
17809,17,0.0
17809,16,0.0
17773,119,0.0
17773,20,0.0
17773,399,0.0
17773,476,0.0
17773,264,0.0
17773,200,0.0
17773,189,0.0
17773,362,0.0
17773,17,0.0
17773,16,0.0
17774,119,0.0
17774,20,0.0
17774,399,0.0
17774,476,0.0
17774,264,0.0
17774,200,0.0
17774,189,0.0
17774,362,0.0
17774,17,0.0
17774,16,0.0
18671,119,0.0
18671,20,0.0
18671,399,0.0
18671,476,0.0
18671,264,0.0
18671,200,0.0
18671,189,0.0
18671,362,0.0
18671,17,0.0
18671,16,0.0
2842,119,0.0
2842,20,0.0
2842,399,0.0
2842,476,0.0
2842,264,0.0
2842,200,0.0
2842,189,0.0
2842,362,0.0
2842,17,0.0
2842,16,0.0
17770,119,0.0
17770,20,0.0
17770,399,0.0
17770,476,0.0
17770,264,0.0
17770,200,0.0
17770,189,0.0
17770,362,0.0
17770,17,0.0
17770,16,0.0
17194,119,0.0
17194,20,0.0
17194,399,0.0
17194,476,0.0
17194,264,0.0
17194,200,0.0
17194,189,0.0
17194,362,0.0
17194,17,0.0
17194,16,0.0
4938,119,0.0
4938,20,0.0
4938,399,0.0
4938,476,0.0
4938,264,0.0
4938,200,0.0
4938,189,0.0
4938,362,0.0
4938,17,0.0
4938,16,0.0
16286,119,0.0
16286,20,0.0
16286,399,0.0
16286,476,0.0
16286,264,0.0
16286,200,0.0
16286,189,0.0
16286,362,0.0
16286,17,0.0
16286,16,0.0
17016,119,0.0
17016,20,0.0
17016,399,0.0
17016,476,0.0
17016,264,0.0
17016,200,0.0
17016,189,0.0
17016,362,0.0
17016,17,0.0
17016,16,0.0
11614,119,0.0
11614,20,0.0
11614,399,0.0
11614,476,0.0
11614,264,0.0
11614,200,0.0
11614,189,0.0
11614,362,0.0
11614,17,0.0
11614,16,0.0
18677,119,0.0
18677,20,0.0
18677,399,0.0
18677,476,0.0
18677,264,0.0
18677,200,0.0
18677,189,0.0
18677,362,0.0
18677,17,0.0
18677,16,0.0
17490,399,5.0
17490,79,4.0
17490,200,3.0
17490,119,3.0
17490,416,2.9999999999999996
17490,94,2.0
17490,824,1.9999999999999996
17490,362,1.9999999999999993
17490,352,1.0000000000000002
17490,89,1.0
64,119,0.0
64,20,0.0
64,399,0.0
64,476,0.0
64,264,0.0
64,200,0.0
64,189,0.0
64,362,0.0
64,17,0.0
64,16,0.0
8278,119,0.0
8278,20,0.0
8278,399,0.0
8278,476,0.0
8278,264,0.0
8278,200,0.0
8278,189,0.0
8278,362,0.0
8278,17,0.0
8278,16,0.0
11481,119,0.0
11481,20,0.0
11481,399,0.0
11481,476,0.0
11481,264,0.0
11481,200,0.0
11481,189,0.0
11481,362,0.0
11481,17,0.0
11481,16,0.0
17776,119,0.0
17776,20,0.0
17776,399,0.0
17776,476,0.0
17776,264,0.0
17776,200,0.0
17776,189,0.0
17776,362,0.0
17776,17,0.0
17776,16,0.0
1323,119,0.0
1323,20,0.0
1323,476,0.0
1323,264,0.0
1323,200,0.0
1323,189,0.0
1323,17,0.0
1323,16,0.0
1323,310,0.0
1323,59,0.0
2989,119,0.0
2989,20,0.0
2989,399,0.0
2989,476,0.0
2989,264,0.0
2989,200,0.0
2989,189,0.0
2989,362,0.0
2989,17,0.0
2989,16,0.0
