9657,189,6.215643322400912
9657,22,2.6374037614395514
9657,255,1.7779385491487805
9657,400,1.0
9657,89,0.8497797589390337
9657,824,0.8101451279733763
9657,416,0.4830295411224414
9657,19,0.3413280743931446
9657,190,0.3413280743931446
9657,125,0.3413280743931446
1550,119,0.0
1550,20,0.0
1550,399,0.0
1550,476,0.0
1550,264,0.0
1550,200,0.0
1550,189,0.0
1550,362,0.0
1550,17,0.0
1550,16,0.0
17924,20,22.0
17924,119,17.0
17924,399,15.0
17924,200,13.0
17924,189,13.0
17924,287,12.0
17924,362,11.0
17924,79,10.0
17924,255,10.0
17924,22,7.0
4672,119,0.0
4672,20,0.0
4672,399,0.0
4672,476,0.0
4672,264,0.0
4672,200,0.0
4672,189,0.0
4672,362,0.0
4672,17,0.0
4672,16,0.0
8497,119,0.0
8497,20,0.0
8497,399,0.0
8497,476,0.0
8497,264,0.0
8497,200,0.0
8497,189,0.0
8497,362,0.0
8497,17,0.0
8497,16,0.0
9070,20,7.863351909355343
9070,200,6.597753571858901
9070,287,5.799796481288543
9070,134,1.6804819357180736
9070,59,1.2132061975145567
9070,400,1.0
9070,255,0.8237376216090553
9070,94,0.7197853550858615
9070,476,0.4859126579037751
9070,17,0.4859126579037751
16845,119,0.0
16845,20,0.0
16845,399,0.0
16845,476,0.0
16845,264,0.0
16845,200,0.0
16845,189,0.0
16845,362,0.0
16845,17,0.0
16845,16,0.0
7943,22,5.319429239394207
7943,255,4.728882349991537
7943,352,4.194881916767734
7943,310,3.6187997657776005
7943,59,1.4546530935975834
7943,416,1.3581529671429162
7943,824,1.2942428539164086
7943,78,1.2738356957142032
7943,134,0.8414110729195756
7943,190,0.6797347067327015
8348,399,15.0
8348,119,15.0
8348,287,13.0
8348,189,12.0
8348,20,12.0
8348,310,11.999999999999998
8348,79,11.0
8348,255,11.0
8348,362,10.0
8348,16,9.0
7974,264,19.56997162716075
7974,310,12.582046131979519
7974,16,7.889395210671155
7974,362,7.514060358717666
7974,352,6.339274562600957
7974,22,4.777229383978746
7974,78,4.117859572709829
7974,89,3.0147756180267105
7974,59,2.4289562365843733
7974,134,2.421070254755927
19001,20,29.307190971599702
19001,352,6.939615358665078
19001,22,6.15151478792803
19001,78,3.1653384253438968
19001,89,1.5108688384561768
19001,59,1.5056744702219853
19001,134,1.475102733658266
19001,824,1.1758801311226748
19001,416,1.1146310414004756
19001,284,0.9870975423377202
5878,352,5.580285652704022
5878,287,5.483507438366276
5878,255,2.1449855349458193
5878,310,1.9807391841018422
5878,89,1.845441261105151
5878,16,1.062692577806028
5878,134,0.7314023339830205
5878,119,0.1723378508015332
5878,415,0.0
5878,400,0.0
19049,352,1.3012321533768183
19049,255,1.0018225234513087
19049,284,0.775783330109413
19049,190,0.6690308509457034
19049,59,0.6177993904565289
19049,134,0.6113683669134936
19049,476,0.5833333333333334
19049,17,0.5833333333333334
19049,824,0.5313185273876591
19049,416,0.5050074814006266
1359,119,0.0
1359,20,0.0
1359,399,0.0
1359,476,0.0
1359,264,0.0
1359,200,0.0
1359,189,0.0
1359,362,0.0
1359,17,0.0
1359,16,0.0
8347,119,0.0
8347,20,0.0
8347,399,0.0
8347,476,0.0
8347,264,0.0
8347,200,0.0
8347,189,0.0
8347,362,0.0
8347,17,0.0
8347,16,0.0
19003,200,16.206695538720485
19003,255,13.529268465936427
19003,352,9.316928274159013
19003,22,7.368770025764827
19003,310,6.956973071786241
19003,16,4.4789609589068835
19003,89,3.730118854750109
19003,59,2.7361054365517523
19003,134,1.9492415842248856
19003,824,1.1871647390954807
12415,119,0.0
12415,20,0.0
12415,399,0.0
12415,476,0.0
12415,264,0.0
12415,200,0.0
12415,189,0.0
12415,362,0.0
12415,17,0.0
12415,16,0.0
11894,119,23.97082422259397
11894,287,21.191658859146294
11894,310,12.094566771463928
11894,352,11.239824203381048
11894,362,8.478753936709005
11894,16,7.187038603078837
11894,22,6.491375382316401
11894,78,6.282194096810721
11894,89,3.4381243044364718
11894,134,3.0783406111070115
19000,79,6.8951940484937575
19000,255,5.4557645687539225
19000,310,4.7004722119721665
19000,352,4.384216597430049
19000,94,4.228287448563093
19000,22,3.555988301950906
19000,78,3.1267470980247727
19000,89,2.2843493260302346
19000,189,1.6003760236611129
19000,16,1.3126463492523555
19030,17,0.88249750329277
19030,476,0.88249750329277
19030,78,0.5386286991748264
19030,59,0.19449138118936915
19030,22,0.14763331298085636
19030,190,0.04923659639173309
19030,19,0.04923659639173309
19030,125,0.04923659639173309
19030,415,0.0
19030,77,0.0
4729,119,0.0
4729,20,0.0
4729,399,0.0
4729,476,0.0
4729,264,0.0
4729,200,0.0
4729,189,0.0
4729,362,0.0
4729,17,0.0
4729,16,0.0
18257,119,0.0
18257,20,0.0
18257,399,0.0
18257,476,0.0
18257,264,0.0
18257,200,0.0
18257,189,0.0
18257,362,0.0
18257,17,0.0
18257,16,0.0
5872,20,0.0
5872,476,0.0
5872,200,0.0
5872,362,0.0
5872,17,0.0
5872,16,0.0
5872,310,0.0
5872,59,0.0
5872,287,0.0
5872,134,0.0
12414,20,18.152757970082824
12414,287,12.693273750315202
12414,94,12.475725906394324
12414,264,12.293978071317486
12414,310,8.529555529581588
12414,255,8.162790834675272
12414,16,8.053822895955612
12414,362,7.001636652509694
12414,79,6.538538376303704
12414,22,5.9254767820129235
8173,119,0.0
8173,20,0.0
8173,399,0.0
8173,476,0.0
8173,264,0.0
8173,200,0.0
8173,189,0.0
8173,362,0.0
8173,17,0.0
8173,16,0.0
4588,119,0.0
4588,20,0.0
4588,399,0.0
4588,476,0.0
4588,264,0.0
4588,200,0.0
4588,189,0.0
4588,362,0.0
4588,17,0.0
4588,16,0.0
19008,119,0.0
19008,20,0.0
19008,399,0.0
19008,476,0.0
19008,264,0.0
19008,200,0.0
19008,189,0.0
19008,362,0.0
19008,17,0.0
19008,16,0.0
7796,119,0.0
7796,20,0.0
7796,399,0.0
7796,476,0.0
7796,264,0.0
7796,200,0.0
7796,189,0.0
7796,362,0.0
7796,17,0.0
7796,16,0.0
16513,119,0.0
16513,20,0.0
16513,399,0.0
16513,476,0.0
16513,264,0.0
16513,200,0.0
16513,189,0.0
16513,362,0.0
16513,17,0.0
16513,16,0.0
319,119,0.0
319,20,0.0
319,399,0.0
319,476,0.0
319,264,0.0
319,200,0.0
319,189,0.0
319,362,0.0
319,17,0.0
319,16,0.0
4696,119,0.0
4696,20,0.0
4696,399,0.0
4696,476,0.0
4696,264,0.0
4696,200,0.0
4696,189,0.0
4696,362,0.0
4696,17,0.0
4696,16,0.0
11917,119,0.0
11917,20,0.0
11917,399,0.0
11917,476,0.0
11917,264,0.0
11917,200,0.0
11917,189,0.0
11917,362,0.0
11917,17,0.0
11917,16,0.0
5120,399,16.929603694094073
5120,287,11.273270283399704
5120,200,10.535360831319284
5120,94,9.834520702777763
5120,16,9.36097724459384
5120,264,8.799901044366644
5120,362,8.383126143646052
5120,22,3.9149743622218685
5120,79,3.7323665724098243
5120,189,3.6157531265773137
4304,119,0.0
4304,399,0.0
4304,476,0.0
4304,264,0.0
4304,200,0.0
4304,362,0.0
4304,17,0.0
4304,16,0.0
4304,310,0.0
4304,59,0.0
18260,119,0.0
18260,20,0.0
18260,399,0.0
18260,476,0.0
18260,264,0.0
18260,200,0.0
18260,189,0.0
18260,362,0.0
18260,17,0.0
18260,16,0.0
4,200,15.512876862000173
4,255,11.436335796070251
4,362,8.124955900670319
4,22,6.578441167252393
4,16,5.928255027453141
4,352,5.859865970539682
4,78,3.2562828518166675
4,59,2.3943414021077025
4,134,2.3477980207102624
4,416,1.772257659516656
19029,78,1.9999999999999998
19029,89,1.0
19029,77,0.0
19029,17,0.0
19029,476,0.0
19029,284,0.0
19029,415,0.0
19029,400,0.0
19029,824,-0.9999999999999998
19029,287,-0.9999999999999998
8342,79,8.614268560170908
8342,255,5.947091428093722
8342,22,5.684730858702609
8342,352,5.031253101488956
8342,59,2.810324675077159
8342,78,2.6567580443686505
8342,824,1.2844538616518117
8342,134,1.1974913696945724
8342,89,0.9810670004069422
8342,190,0.7614716140762444
19048,20,19.072477800150974
19048,287,14.939221006084306
19048,189,11.009293604997177
19048,352,10.43993637418269
19048,94,10.408045796996735
19048,362,9.986015716033812
19048,255,9.777119255807243
19048,310,9.39529123167488
19048,22,5.484067978168444
19048,16,4.669468617722224
18251,78,3.0180194939380343
18251,89,3.0
18251,352,2.809282232715787
18251,22,2.597910499639326
18251,310,1.7519412404669668
18251,79,1.1873278829128946
18251,77,0.9999999999999998
18251,255,0.4432568289313492
18251,17,0.0
18251,476,0.0
2090,119,0.0
2090,20,0.0
2090,399,0.0
2090,476,0.0
2090,264,0.0
2090,200,0.0
2090,189,0.0
2090,362,0.0
2090,17,0.0
2090,16,0.0
19159,264,29.656112406895637
19159,399,28.808131898181102
19159,287,20.400603169464887
19159,189,14.694944412533571
19159,362,12.409150762912873
19159,310,11.598364147128438
19159,255,11.10687636237903
19159,79,10.498577753670638
19159,16,10.486679712227001
19159,22,7.429854501833695
19018,119,0.0
19018,20,0.0
19018,399,0.0
19018,476,0.0
19018,264,0.0
19018,200,0.0
19018,189,0.0
19018,362,0.0
19018,17,0.0
19018,16,0.0
14223,264,3.1516815774517495
14223,362,2.236929471604996
14223,200,1.7270868198338434
14223,16,1.6919052429296022
14223,22,1.0414613994368147
14223,77,0.9999999999999998
14223,824,0.6097642599896904
14223,79,0.24626807926007332
14223,284,0.10976425998969035
14223,17,0.0
19534,20,22.0
19534,119,17.0
19534,399,15.0
19534,200,13.0
19534,189,13.0
19534,287,12.0
19534,362,11.0
19534,79,10.0
19534,255,10.0
19534,22,7.0
8289,119,0.0
8289,20,0.0
8289,399,0.0
8289,476,0.0
8289,264,0.0
8289,200,0.0
8289,189,0.0
8289,362,0.0
8289,17,0.0
8289,16,0.0
15596,399,9.0
15596,200,8.0
15596,79,6.0
15596,189,6.0
15596,119,6.0
15596,94,6.0
15596,255,6.0
15596,352,5.0
15596,287,4.0
15596,310,3.0
18249,20,0.0
18249,399,0.0
18249,476,0.0
18249,264,0.0
18249,200,0.0
18249,189,0.0
18249,362,0.0
18249,17,0.0
18249,16,0.0
18249,310,0.0
10885,119,0.0
10885,20,0.0
10885,399,0.0
10885,476,0.0
10885,264,0.0
10885,200,0.0
10885,189,0.0
10885,362,0.0
10885,17,0.0
10885,16,0.0
19046,119,0.0
19046,20,0.0
19046,399,0.0
19046,476,0.0
19046,264,0.0
19046,200,0.0
19046,189,0.0
19046,362,0.0
19046,17,0.0
19046,16,0.0
10369,119,0.0
10369,20,0.0
10369,399,0.0
10369,476,0.0
10369,264,0.0
10369,200,0.0
10369,189,0.0
10369,362,0.0
10369,17,0.0
10369,16,0.0
4693,119,0.0
4693,399,0.0
4693,476,0.0
4693,264,0.0
4693,200,0.0
4693,189,0.0
4693,362,0.0
4693,17,0.0
4693,16,0.0
4693,310,0.0
12411,264,19.06672161271978
12411,20,17.755554175316156
12411,287,13.889505542242835
12411,189,11.913639617311446
12411,362,10.408455114040086
12411,310,9.594006394815695
12411,255,9.503653298685592
12411,16,8.561919161944019
12411,79,7.858278551735933
12411,22,7.006721788523752
16398,200,10.0
16398,20,9.0
16398,287,6.0
16398,134,3.000000000000001
16398,16,3.0
16398,310,3.0
16398,94,3.0
16398,255,2.000000000000001
16398,59,2.0
16398,362,1.9999999999999998
18259,119,0.0
18259,20,0.0
18259,399,0.0
18259,476,0.0
18259,264,0.0
18259,200,0.0
18259,189,0.0
18259,362,0.0
18259,17,0.0
18259,16,0.0
8543,20,0.0
8543,476,0.0
8543,200,0.0
8543,189,0.0
8543,362,0.0
8543,17,0.0
8543,16,0.0
8543,310,0.0
8543,59,0.0
8543,287,0.0
19024,125,0.9999999999999998
19024,416,0.9999999999999998
19024,89,0.9999999999999998
19024,352,0.9999999999999998
19024,19,0.9999999999999998
19024,190,0.0
19024,415,0.0
19024,400,0.0
19024,255,-5.551115123125783E-16
19024,77,-0.9999999999999998
18256,119,0.0
18256,20,0.0
18256,399,0.0
18256,476,0.0
18256,264,0.0
18256,200,0.0
18256,189,0.0
18256,362,0.0
18256,17,0.0
18256,16,0.0
4634,20,0.0
4634,476,0.0
4634,264,0.0
4634,200,0.0
4634,189,0.0
4634,362,0.0
4634,17,0.0
4634,16,0.0
4634,310,0.0
4634,59,0.0
465,119,0.0
465,20,0.0
465,399,0.0
465,476,0.0
465,264,0.0
465,200,0.0
465,189,0.0
465,362,0.0
465,17,0.0
465,16,0.0
5924,119,0.0
5924,20,0.0
5924,399,0.0
5924,476,0.0
5924,264,0.0
5924,200,0.0
5924,189,0.0
5924,362,0.0
5924,17,0.0
5924,16,0.0
19034,352,5.092135131898054
19034,310,4.8868131414418
19034,399,4.182983662253214
19034,200,4.062748421835044
19034,189,3.3257794409242827
19034,287,2.4080947511270683
19034,79,2.352627117019116
19034,362,1.864478009354736
19034,416,1.792998269557352
19034,78,1.5255972478343007
8773,119,0.0
8773,20,0.0
8773,399,0.0
8773,476,0.0
8773,264,0.0
8773,200,0.0
8773,189,0.0
8773,362,0.0
8773,17,0.0
8773,16,0.0
469,119,0.0
469,20,0.0
469,399,0.0
469,476,0.0
469,264,0.0
469,200,0.0
469,189,0.0
469,362,0.0
469,17,0.0
469,16,0.0
18649,119,0.0
18649,20,0.0
18649,399,0.0
18649,476,0.0
18649,264,0.0
18649,200,0.0
18649,189,0.0
18649,362,0.0
18649,17,0.0
18649,16,0.0
19033,119,0.0
19033,20,0.0
19033,399,0.0
19033,476,0.0
19033,264,0.0
19033,200,0.0
19033,189,0.0
19033,362,0.0
19033,17,0.0
19033,16,0.0
4310,20,0.0
4310,399,0.0
4310,476,0.0
4310,264,0.0
4310,200,0.0
4310,362,0.0
4310,17,0.0
4310,16,0.0
4310,310,0.0
4310,59,0.0
5873,119,0.0
5873,20,0.0
5873,399,0.0
5873,476,0.0
5873,264,0.0
5873,200,0.0
5873,189,0.0
5873,362,0.0
5873,17,0.0
5873,16,0.0
11908,119,0.0
11908,20,0.0
11908,399,0.0
11908,476,0.0
11908,264,0.0
11908,200,0.0
11908,189,0.0
11908,362,0.0
11908,17,0.0
11908,16,0.0
18070,119,0.0
18070,20,0.0
18070,399,0.0
18070,476,0.0
18070,264,0.0
18070,200,0.0
18070,189,0.0
18070,362,0.0
18070,17,0.0
18070,16,0.0
14822,119,0.0
14822,20,0.0
14822,399,0.0
14822,476,0.0
14822,264,0.0
14822,200,0.0
14822,189,0.0
14822,362,0.0
14822,17,0.0
14822,16,0.0
18999,200,5.91517538409709
18999,94,3.78765161618825
18999,362,2.7634245078368354
18999,22,2.2266703139738047
18999,310,2.221821779658959
18999,189,1.7361422418709447
18999,78,1.3847915264187103
18999,264,1.1146167480784046
18999,59,1.1057880730841303
18999,400,0.9999999999999998
14091,119,0.0
14091,20,0.0
14091,399,0.0
14091,476,0.0
14091,264,0.0
14091,200,0.0
14091,189,0.0
14091,362,0.0
14091,17,0.0
14091,16,0.0
1023,119,0.0
1023,20,0.0
1023,399,0.0
1023,476,0.0
1023,264,0.0
1023,200,0.0
1023,189,0.0
1023,362,0.0
1023,17,0.0
1023,16,0.0
3783,20,0.0
3783,399,0.0
3783,476,0.0
3783,264,0.0
3783,200,0.0
3783,189,0.0
3783,362,0.0
3783,17,0.0
3783,16,0.0
3783,310,0.0
19913,119,0.0
19913,20,0.0
19913,399,0.0
19913,476,0.0
19913,264,0.0
19913,200,0.0
19913,189,0.0
19913,362,0.0
19913,17,0.0
19913,16,0.0
19012,119,0.0
19012,20,0.0
19012,399,0.0
19012,476,0.0
19012,264,0.0
19012,200,0.0
19012,189,0.0
19012,362,0.0
19012,17,0.0
19012,16,0.0
11918,119,0.0
11918,20,0.0
11918,399,0.0
11918,476,0.0
11918,264,0.0
11918,200,0.0
11918,189,0.0
11918,362,0.0
11918,17,0.0
11918,16,0.0
11912,119,0.0
11912,20,0.0
11912,399,0.0
11912,476,0.0
11912,264,0.0
11912,200,0.0
11912,189,0.0
11912,362,0.0
11912,17,0.0
11912,16,0.0
19022,119,0.0
19022,20,0.0
19022,399,0.0
19022,476,0.0
19022,264,0.0
19022,200,0.0
19022,189,0.0
19022,362,0.0
19022,17,0.0
19022,16,0.0
18250,119,0.0
18250,20,0.0
18250,399,0.0
18250,476,0.0
18250,264,0.0
18250,200,0.0
18250,189,0.0
18250,362,0.0
18250,17,0.0
18250,16,0.0
19028,119,0.0
19028,20,0.0
19028,399,0.0
19028,476,0.0
19028,264,0.0
19028,200,0.0
19028,189,0.0
19028,362,0.0
19028,17,0.0
19028,16,0.0
12350,119,0.0
12350,20,0.0
12350,399,0.0
12350,476,0.0
12350,264,0.0
12350,200,0.0
12350,189,0.0
12350,362,0.0
12350,17,0.0
12350,16,0.0
19021,119,0.0
19021,20,0.0
19021,399,0.0
19021,476,0.0
19021,264,0.0
19021,200,0.0
19021,189,0.0
19021,362,0.0
19021,17,0.0
19021,16,0.0
11911,119,0.0
11911,20,0.0
11911,399,0.0
11911,476,0.0
11911,264,0.0
11911,200,0.0
11911,189,0.0
11911,362,0.0
11911,17,0.0
11911,16,0.0
80,119,0.0
80,20,0.0
80,399,0.0
80,476,0.0
80,264,0.0
80,200,0.0
80,189,0.0
80,362,0.0
80,17,0.0
80,16,0.0
19043,287,16.842357639677473
19043,310,9.751403643999172
19043,79,9.244249366405272
19043,362,7.8253198854122985
19043,16,7.4502474111852734
19043,352,6.552146453561515
19043,78,4.646126363486852
19043,22,4.175811433715571
19043,134,3.0806334914174722
19043,59,3.033046441721215
11903,399,7.794892373598547
11903,20,7.483874610103161
11903,200,4.794892373598547
11903,287,3.7478662510700325
11903,134,2.4919373050515796
11903,94,2.1609989545708634
11903,22,1.991937305051579
11903,16,1.9449111825230683
11903,255,1.8029550685469664
11903,362,1.5508213196170006
19044,189,7.123067659106492
19044,200,6.701784103643387
19044,22,4.464479099646663
19044,16,3.722533564932432
19044,362,3.5222799170102617
19044,310,3.442204887507149
19044,255,3.2367879334666094
19044,78,1.762160101841536
19044,400,0.9999999999999998
19044,77,0.824529769545218
8335,119,0.0
8335,20,0.0
8335,399,0.0
8335,476,0.0
8335,264,0.0
8335,200,0.0
8335,189,0.0
8335,362,0.0
8335,17,0.0
8335,16,0.0
4633,119,0.0
4633,20,0.0
4633,399,0.0
4633,476,0.0
4633,264,0.0
4633,200,0.0
4633,189,0.0
4633,362,0.0
4633,17,0.0
4633,16,0.0
4448,119,0.0
4448,20,0.0
4448,399,0.0
4448,476,0.0
4448,264,0.0
4448,200,0.0
4448,189,0.0
4448,362,0.0
4448,17,0.0
4448,16,0.0
11899,119,0.0
11899,20,0.0
11899,399,0.0
11899,476,0.0
11899,264,0.0
11899,200,0.0
11899,189,0.0
11899,362,0.0
11899,17,0.0
11899,16,0.0
10748,119,0.0
10748,20,0.0
10748,399,0.0
10748,476,0.0
10748,264,0.0
10748,200,0.0
10748,189,0.0
10748,362,0.0
10748,17,0.0
10748,16,0.0
11901,119,0.0
11901,399,0.0
11901,476,0.0
11901,264,0.0
11901,200,0.0
11901,189,0.0
11901,362,0.0
11901,17,0.0
11901,16,0.0
11901,310,0.0
18230,476,0.0
18230,264,0.0
18230,200,0.0
18230,189,0.0
18230,362,0.0
18230,17,0.0
18230,16,0.0
18230,310,0.0
18230,59,0.0
18230,287,0.0
11909,119,0.0
11909,20,0.0
11909,399,0.0
11909,476,0.0
11909,264,0.0
11909,200,0.0
11909,189,0.0
11909,362,0.0
11909,17,0.0
11909,16,0.0
7727,119,0.0
7727,20,0.0
7727,399,0.0
7727,476,0.0
7727,264,0.0
7727,200,0.0
7727,189,0.0
7727,362,0.0
7727,17,0.0
7727,16,0.0
11907,20,0.0
11907,399,0.0
11907,476,0.0
11907,264,0.0
11907,200,0.0
11907,362,0.0
11907,17,0.0
11907,16,0.0
11907,310,0.0
11907,59,0.0
6527,119,0.0
6527,20,0.0
6527,399,0.0
6527,476,0.0
6527,264,0.0
6527,200,0.0
6527,189,0.0
6527,362,0.0
6527,17,0.0
6527,16,0.0
19041,119,0.0
19041,20,0.0
19041,399,0.0
19041,476,0.0
19041,264,0.0
19041,200,0.0
19041,189,0.0
19041,362,0.0
19041,17,0.0
19041,16,0.0
8324,119,0.0
8324,20,0.0
8324,399,0.0
8324,476,0.0
8324,264,0.0
8324,200,0.0
8324,189,0.0
8324,362,0.0
8324,17,0.0
8324,16,0.0
11910,119,0.0
11910,20,0.0
11910,399,0.0
11910,476,0.0
11910,264,0.0
11910,200,0.0
11910,189,0.0
11910,362,0.0
11910,17,0.0
11910,16,0.0
502,119,0.0
502,20,0.0
502,399,0.0
502,476,0.0
502,264,0.0
502,200,0.0
502,189,0.0
502,362,0.0
502,17,0.0
502,16,0.0
6973,119,0.0
6973,20,0.0
6973,399,0.0
6973,476,0.0
6973,264,0.0
6973,200,0.0
6973,189,0.0
6973,362,0.0
6973,17,0.0
6973,16,0.0
19042,119,0.0
19042,20,0.0
19042,399,0.0
19042,476,0.0
19042,264,0.0
19042,200,0.0
19042,189,0.0
19042,362,0.0
19042,17,0.0
19042,16,0.0
18185,119,0.0
18185,20,0.0
18185,399,0.0
18185,476,0.0
18185,264,0.0
18185,200,0.0
18185,189,0.0
18185,362,0.0
18185,17,0.0
18185,16,0.0
10265,119,0.0
10265,20,0.0
10265,399,0.0
10265,476,0.0
10265,264,0.0
10265,200,0.0
10265,189,0.0
10265,362,0.0
10265,17,0.0
10265,16,0.0
5606,119,0.0
5606,20,0.0
5606,399,0.0
5606,476,0.0
5606,264,0.0
5606,200,0.0
5606,189,0.0
5606,362,0.0
5606,17,0.0
5606,16,0.0
19004,352,5.705382926786244
19004,79,5.14686617315429
19004,78,2.4175173778096672
19004,416,0.7780105052218501
19004,59,0.7128865609364919
19004,824,0.32416284988198274
19004,125,0.31682341123484814
19004,19,0.31682341123484814
19004,77,0.29559878344928797
19004,284,0.19394926013252295
6128,119,0.0
6128,20,0.0
6128,399,0.0
6128,476,0.0
6128,264,0.0
6128,200,0.0
6128,189,0.0
6128,362,0.0
6128,17,0.0
6128,16,0.0
15717,119,11.769632601218156
15717,189,9.372034278618033
15717,22,8.296293665983717
15717,362,7.477769887362559
15717,200,7.034126104491108
15717,16,5.399660078588503
15717,287,5.173483728943527
15717,399,5.071384636656367
15717,310,4.694586638151289
15717,59,4.35028430584012
13880,20,0.0
13880,399,0.0
13880,476,0.0
13880,200,0.0
13880,189,0.0
13880,362,0.0
13880,17,0.0
13880,16,0.0
13880,310,0.0
13880,59,0.0
14062,119,0.0
14062,20,0.0
14062,399,0.0
14062,476,0.0
14062,264,0.0
14062,200,0.0
14062,189,0.0
14062,362,0.0
14062,17,0.0
14062,16,0.0
98,119,0.0
98,20,0.0
98,399,0.0
98,476,0.0
98,264,0.0
98,200,0.0
98,189,0.0
98,362,0.0
98,17,0.0
98,16,0.0
12122,119,0.0
12122,20,0.0
12122,399,0.0
12122,476,0.0
12122,264,0.0
12122,200,0.0
12122,189,0.0
12122,362,0.0
12122,17,0.0
12122,16,0.0
11919,119,0.0
11919,20,0.0
11919,399,0.0
11919,476,0.0
11919,264,0.0
11919,200,0.0
11919,189,0.0
11919,362,0.0
11919,17,0.0
11919,16,0.0
19035,119,0.0
19035,20,0.0
19035,399,0.0
19035,476,0.0
19035,264,0.0
19035,200,0.0
19035,189,0.0
19035,362,0.0
19035,17,0.0
19035,16,0.0
6528,119,23.533663942988888
6528,264,22.494965374558436
6528,399,19.269352334972066
6528,200,17.904335669158076
6528,189,15.26935233497207
6528,287,15.051683436926925
6528,362,12.602997577983517
6528,255,12.213617901873869
6528,16,7.9639610121239315
6528,310,7.683255644052844
12416,119,0.0
12416,20,0.0
12416,399,0.0
12416,476,0.0
12416,264,0.0
12416,200,0.0
12416,189,0.0
12416,362,0.0
12416,17,0.0
12416,16,0.0
7333,119,0.0
7333,20,0.0
7333,399,0.0
7333,476,0.0
7333,264,0.0
7333,200,0.0
7333,189,0.0
7333,362,0.0
7333,17,0.0
7333,16,0.0
19138,119,0.0
19138,20,0.0
19138,399,0.0
19138,476,0.0
19138,264,0.0
19138,200,0.0
19138,189,0.0
19138,362,0.0
19138,17,0.0
19138,16,0.0
6526,119,0.0
6526,20,0.0
6526,399,0.0
6526,476,0.0
6526,264,0.0
6526,200,0.0
6526,189,0.0
6526,362,0.0
6526,17,0.0
6526,16,0.0
19027,119,0.0
19027,20,0.0
19027,399,0.0
19027,476,0.0
19027,264,0.0
19027,200,0.0
19027,189,0.0
19027,362,0.0
19027,17,0.0
19027,16,0.0
15594,264,14.186374434926702
15594,200,13.563837213660026
15594,94,12.23422937512776
15594,399,10.864267501958262
15594,287,10.431260600995579
15594,189,9.443153280696889
15594,255,8.879726674065125
15594,352,7.228244219250683
15594,310,5.620941096250546
15594,362,5.455173527109558
8917,119,0.0
8917,20,0.0
8917,399,0.0
8917,476,0.0
8917,264,0.0
8917,200,0.0
8917,189,0.0
8917,362,0.0
8917,17,0.0
8917,16,0.0
19011,119,0.0
19011,20,0.0
19011,399,0.0
19011,476,0.0
19011,264,0.0
19011,200,0.0
19011,189,0.0
19011,362,0.0
19011,17,0.0
19011,16,0.0
11904,119,0.0
11904,20,0.0
11904,399,0.0
11904,476,0.0
11904,264,0.0
11904,200,0.0
11904,189,0.0
11904,362,0.0
11904,17,0.0
11904,16,0.0
6553,119,0.0
6553,20,0.0
6553,399,0.0
6553,476,0.0
6553,264,0.0
6553,200,0.0
6553,189,0.0
6553,362,0.0
6553,17,0.0
6553,16,0.0
14738,119,0.0
14738,20,0.0
14738,399,0.0
14738,476,0.0
14738,264,0.0
14738,200,0.0
14738,189,0.0
14738,362,0.0
14738,17,0.0
14738,16,0.0
7645,119,0.0
7645,20,0.0
7645,399,0.0
7645,476,0.0
7645,264,0.0
7645,200,0.0
7645,189,0.0
7645,362,0.0
7645,17,0.0
7645,16,0.0
13564,119,0.0
13564,20,0.0
13564,399,0.0
13564,476,0.0
13564,264,0.0
13564,200,0.0
13564,189,0.0
13564,362,0.0
13564,17,0.0
13564,16,0.0
1013,119,0.0
1013,20,0.0
1013,399,0.0
1013,476,0.0
1013,264,0.0
1013,200,0.0
1013,189,0.0
1013,362,0.0
1013,17,0.0
1013,16,0.0
18231,119,0.0
18231,399,0.0
18231,476,0.0
18231,264,0.0
18231,200,0.0
18231,189,0.0
18231,362,0.0
18231,17,0.0
18231,16,0.0
18231,310,0.0
3736,119,0.0
3736,20,0.0
3736,399,0.0
3736,476,0.0
3736,264,0.0
3736,200,0.0
3736,189,0.0
3736,362,0.0
3736,17,0.0
3736,16,0.0
5119,119,0.0
5119,20,0.0
5119,399,0.0
5119,476,0.0
5119,264,0.0
5119,200,0.0
5119,189,0.0
5119,362,0.0
5119,17,0.0
5119,16,0.0
11915,352,3.520767675990373
11915,287,2.365685232942849
11915,310,1.9766874611227845
11915,22,1.6518282909966828
11915,255,1.1220429513008512
11915,89,0.953820966476532
11915,416,0.8110177634953861
11915,134,0.34534632929202314
11915,415,0.0
11915,77,0.0
18261,119,0.0
18261,20,0.0
18261,399,0.0
18261,476,0.0
18261,264,0.0
18261,200,0.0
18261,189,0.0
18261,362,0.0
18261,17,0.0
18261,16,0.0
11900,119,0.0
11900,20,0.0
11900,476,0.0
11900,264,0.0
11900,200,0.0
11900,189,0.0
11900,362,0.0
11900,17,0.0
11900,16,0.0
11900,310,0.0
6788,119,0.0
6788,20,0.0
6788,399,0.0
6788,476,0.0
6788,264,0.0
6788,200,0.0
6788,189,0.0
6788,362,0.0
6788,17,0.0
6788,16,0.0
16835,119,0.0
16835,20,0.0
16835,399,0.0
16835,476,0.0
16835,264,0.0
16835,200,0.0
16835,189,0.0
16835,362,0.0
16835,17,0.0
16835,16,0.0
19201,119,0.0
19201,20,0.0
19201,399,0.0
19201,476,0.0
19201,264,0.0
19201,200,0.0
19201,189,0.0
19201,362,0.0
19201,17,0.0
19201,16,0.0
19038,119,0.0
19038,20,0.0
19038,399,0.0
19038,476,0.0
19038,264,0.0
19038,200,0.0
19038,189,0.0
19038,362,0.0
19038,17,0.0
19038,16,0.0
5925,119,0.0
5925,20,0.0
5925,399,0.0
5925,476,0.0
5925,264,0.0
5925,200,0.0
5925,362,0.0
5925,17,0.0
5925,16,0.0
5925,310,0.0
16836,119,0.0
16836,20,0.0
16836,399,0.0
16836,476,0.0
16836,264,0.0
16836,200,0.0
16836,189,0.0
16836,362,0.0
16836,17,0.0
16836,16,0.0
19013,119,0.0
19013,20,0.0
19013,399,0.0
19013,476,0.0
19013,200,0.0
19013,189,0.0
19013,362,0.0
19013,17,0.0
19013,16,0.0
19013,310,0.0
19015,119,0.0
19015,20,0.0
19015,399,0.0
19015,476,0.0
19015,264,0.0
19015,200,0.0
19015,189,0.0
19015,362,0.0
19015,17,0.0
19015,16,0.0
417,119,0.0
417,20,0.0
417,399,0.0
417,476,0.0
417,264,0.0
417,200,0.0
417,189,0.0
417,362,0.0
417,17,0.0
417,16,0.0
19005,200,6.295319543770836
19005,255,5.6915599146751195
19005,189,4.73574886437917
19005,287,4.563106381826197
19005,94,3.111406709287352
19005,22,2.4474888606935727
19005,352,1.4936678942170412
19005,79,1.1301609710920328
19005,134,1.0365198898356125
19005,310,1.0112164120545108
14710,119,0.0
14710,20,0.0
14710,399,0.0
14710,476,0.0
14710,264,0.0
14710,200,0.0
14710,189,0.0
14710,362,0.0
14710,17,0.0
14710,16,0.0
9900,119,0.0
9900,20,0.0
9900,399,0.0
9900,476,0.0
9900,264,0.0
9900,200,0.0
9900,189,0.0
9900,362,0.0
9900,17,0.0
9900,16,0.0
10091,119,0.0
10091,399,0.0
10091,476,0.0
10091,264,0.0
10091,200,0.0
10091,189,0.0
10091,362,0.0
10091,17,0.0
10091,16,0.0
10091,310,0.0
6754,119,0.0
6754,20,0.0
6754,399,0.0
6754,476,0.0
6754,264,0.0
6754,200,0.0
6754,189,0.0
6754,362,0.0
6754,17,0.0
6754,16,0.0
19045,119,0.0
19045,20,0.0
19045,399,0.0
19045,476,0.0
19045,264,0.0
19045,200,0.0
19045,189,0.0
19045,362,0.0
19045,17,0.0
19045,16,0.0
418,119,0.0
418,20,0.0
418,399,0.0
418,476,0.0
418,264,0.0
418,200,0.0
418,189,0.0
418,362,0.0
418,17,0.0
418,16,0.0
419,119,0.0
419,20,0.0
419,399,0.0
419,476,0.0
419,264,0.0
419,200,0.0
419,189,0.0
419,362,0.0
419,17,0.0
419,16,0.0
1362,119,0.0
1362,20,0.0
1362,399,0.0
1362,476,0.0
1362,264,0.0
1362,200,0.0
1362,189,0.0
1362,362,0.0
1362,17,0.0
1362,16,0.0
19040,119,0.0
19040,20,0.0
19040,399,0.0
19040,476,0.0
19040,264,0.0
19040,200,0.0
19040,189,0.0
19040,362,0.0
19040,17,0.0
19040,16,0.0
5565,119,0.0
5565,20,0.0
5565,399,0.0
5565,476,0.0
5565,264,0.0
5565,200,0.0
5565,189,0.0
5565,362,0.0
5565,17,0.0
5565,16,0.0
11916,119,0.0
11916,20,0.0
11916,399,0.0
11916,476,0.0
11916,264,0.0
11916,200,0.0
11916,189,0.0
11916,362,0.0
11916,17,0.0
11916,16,0.0
10460,119,0.0
10460,20,0.0
10460,399,0.0
10460,476,0.0
10460,264,0.0
10460,200,0.0
10460,189,0.0
10460,362,0.0
10460,17,0.0
10460,16,0.0
2046,119,0.0
2046,20,0.0
2046,399,0.0
2046,476,0.0
2046,264,0.0
2046,200,0.0
2046,189,0.0
2046,362,0.0
2046,17,0.0
2046,16,0.0
18506,119,0.0
18506,20,0.0
18506,399,0.0
18506,476,0.0
18506,264,0.0
18506,200,0.0
18506,189,0.0
18506,362,0.0
18506,17,0.0
18506,16,0.0
9901,119,0.0
9901,20,0.0
9901,399,0.0
9901,476,0.0
9901,264,0.0
9901,200,0.0
9901,189,0.0
9901,362,0.0
9901,17,0.0
9901,16,0.0
12009,119,0.0
12009,20,0.0
12009,399,0.0
12009,476,0.0
12009,264,0.0
12009,200,0.0
12009,189,0.0
12009,362,0.0
12009,17,0.0
12009,16,0.0
4449,119,0.0
4449,20,0.0
4449,399,0.0
4449,476,0.0
4449,264,0.0
4449,200,0.0
4449,189,0.0
4449,362,0.0
4449,17,0.0
4449,16,0.0
19026,119,0.0
19026,20,0.0
19026,399,0.0
19026,476,0.0
19026,264,0.0
19026,200,0.0
19026,189,0.0
19026,362,0.0
19026,17,0.0
19026,16,0.0
1361,119,0.0
1361,20,0.0
1361,399,0.0
1361,476,0.0
1361,264,0.0
1361,200,0.0
1361,189,0.0
1361,362,0.0
1361,17,0.0
1361,16,0.0
12412,119,0.0
12412,20,0.0
12412,399,0.0
12412,476,0.0
12412,264,0.0
12412,200,0.0
12412,189,0.0
12412,362,0.0
12412,17,0.0
12412,16,0.0
10461,119,0.0
10461,20,0.0
10461,399,0.0
10461,476,0.0
10461,264,0.0
10461,200,0.0
10461,189,0.0
10461,362,0.0
10461,17,0.0
10461,16,0.0
11711,119,0.0
11711,20,0.0
11711,399,0.0
11711,476,0.0
11711,264,0.0
11711,200,0.0
11711,189,0.0
11711,362,0.0
11711,17,0.0
11711,16,0.0
6323,310,5.871248371290121
6323,78,2.025307083465989
6323,134,1.9552558710258308
6323,284,1.129631032789205
6323,190,0.6598426243129489
6323,19,0.5500783643232586
6323,125,0.5500783643232586
6323,77,0.3919647479510927
6323,476,0.061385665752399565
6323,17,0.061385665752399565
10833,119,0.0
10833,20,0.0
10833,399,0.0
10833,476,0.0
10833,264,0.0
10833,200,0.0
10833,189,0.0
10833,362,0.0
10833,17,0.0
10833,16,0.0
17184,20,7.0
17184,200,6.0
17184,119,6.0
17184,264,6.0
17184,255,3.999999999999999
17184,310,3.0
17184,287,3.0
17184,78,2.9999999999999996
17184,189,2.999999999999999
17184,362,2.0
2418,119,4.457023400982211
2418,16,2.8062229366522744
2418,399,2.7816825576332
2418,78,1.5881010977756502
2418,94,1.0724510192564223
2418,59,0.9304112081361704
2418,416,0.3811630627088386
2418,284,0.33845087913242805
2418,190,0.33836394755025095
2418,125,0.33836394755025095
15300,20,16.454530333275727
15300,287,11.967951977924818
15300,94,11.106928673039802
15300,310,9.695489703473214
15300,189,8.987183739275403
15300,79,8.663989899079441
15300,22,7.206007881055946
15300,255,6.271154486004845
15300,16,5.93925643696875
15300,78,4.484405160281434
9532,119,0.0
9532,20,0.0
9532,399,0.0
9532,476,0.0
9532,264,0.0
9532,200,0.0
9532,189,0.0
9532,362,0.0
9532,17,0.0
9532,16,0.0
11500,94,11.592338552575281
11500,119,7.607773735028378
11500,22,5.511285989255322
11500,200,5.417695615525458
11500,399,5.395436930336466
11500,362,5.321848855692909
11500,16,4.734188952888384
11500,287,3.128450386015176
11500,79,3.0577490626152306
11500,59,2.814479966403294
6325,119,0.0
6325,20,0.0
6325,399,0.0
6325,476,0.0
6325,264,0.0
6325,200,0.0
6325,189,0.0
6325,362,0.0
6325,17,0.0
6325,16,0.0
19759,119,0.0
19759,20,0.0
19759,399,0.0
19759,476,0.0
19759,264,0.0
19759,200,0.0
19759,189,0.0
19759,362,0.0
19759,17,0.0
19759,16,0.0
6326,119,0.0
6326,20,0.0
6326,399,0.0
6326,476,0.0
6326,264,0.0
6326,200,0.0
6326,189,0.0
6326,362,0.0
6326,17,0.0
6326,16,0.0
16883,119,0.0
16883,20,0.0
16883,399,0.0
16883,476,0.0
16883,264,0.0
16883,200,0.0
16883,189,0.0
16883,362,0.0
16883,17,0.0
16883,16,0.0
5202,119,0.0
5202,20,0.0
5202,399,0.0
5202,476,0.0
5202,264,0.0
5202,200,0.0
5202,189,0.0
5202,362,0.0
5202,17,0.0
5202,16,0.0
4158,119,0.0
4158,20,0.0
4158,399,0.0
4158,476,0.0
4158,264,0.0
4158,200,0.0
4158,189,0.0
4158,362,0.0
4158,17,0.0
4158,16,0.0
13519,119,0.0
13519,20,0.0
13519,399,0.0
13519,476,0.0
13519,264,0.0
13519,200,0.0
13519,189,0.0
13519,362,0.0
13519,17,0.0
13519,16,0.0
10523,119,0.0
10523,20,0.0
10523,399,0.0
10523,476,0.0
10523,264,0.0
10523,200,0.0
10523,189,0.0
10523,362,0.0
10523,17,0.0
10523,16,0.0
9147,119,0.0
9147,20,0.0
9147,399,0.0
9147,476,0.0
9147,264,0.0
9147,200,0.0
9147,189,0.0
9147,362,0.0
9147,17,0.0
9147,16,0.0
18588,119,0.0
18588,20,0.0
18588,399,0.0
18588,476,0.0
18588,264,0.0
18588,200,0.0
18588,189,0.0
18588,362,0.0
18588,17,0.0
18588,16,0.0
17372,119,0.0
17372,20,0.0
17372,399,0.0
17372,476,0.0
17372,264,0.0
17372,200,0.0
17372,189,0.0
17372,362,0.0
17372,17,0.0
17372,16,0.0
971,399,6.0
971,94,5.999999999999998
971,20,5.0
971,200,4.0
971,310,4.0
971,79,3.999999999999999
971,264,3.9999999999999982
971,287,3.0
971,16,2.999999999999999
971,362,2.999999999999999
7245,119,0.0
7245,20,0.0
7245,399,0.0
7245,476,0.0
7245,264,0.0
7245,200,0.0
7245,189,0.0
7245,362,0.0
7245,17,0.0
7245,16,0.0
2952,287,8.131264909867458
2952,59,2.408597326604018
2952,78,2.3573130261998374
2952,16,1.8575606258030908
2952,824,1.155062873643295
2952,134,1.11191235986358
2952,284,0.7589526832476249
2952,77,0.6683495915092551
2952,17,0.3413280743931446
2952,476,0.3413280743931446
964,352,3.195935893465794
964,89,1.978056547783355
964,78,0.5747750663707438
964,125,0.09549697605817344
964,19,0.09549697605817344
964,415,0.0
964,284,-0.06743106265726467
964,77,-0.21821789023599228
964,416,-0.29710571455165546
964,79,-0.5813383974297283
7250,119,0.0
7250,20,0.0
7250,399,0.0
7250,476,0.0
7250,264,0.0
7250,200,0.0
7250,189,0.0
7250,362,0.0
7250,17,0.0
7250,16,0.0
2954,189,6.249658074854159
2954,94,5.87742568192919
2954,362,3.0659092294020294
2954,16,2.292927632293221
2954,310,1.9656641544227804
2954,824,1.4700817742608954
2954,284,1.315479606059002
2954,416,1.039205650538598
2954,77,0.8164965809277259
2954,190,0.6474860847540542
15304,119,0.0
15304,20,0.0
15304,399,0.0
15304,476,0.0
15304,264,0.0
15304,200,0.0
15304,189,0.0
15304,362,0.0
15304,17,0.0
15304,16,0.0
1103,119,0.0
1103,20,0.0
1103,399,0.0
1103,476,0.0
1103,200,0.0
1103,189,0.0
1103,362,0.0
1103,17,0.0
1103,16,0.0
1103,310,0.0
15924,20,0.0
15924,399,0.0
15924,476,0.0
15924,264,0.0
15924,200,0.0
15924,189,0.0
15924,362,0.0
15924,17,0.0
15924,16,0.0
15924,310,0.0
17949,119,0.0
17949,20,0.0
17949,399,0.0
17949,476,0.0
17949,264,0.0
17949,200,0.0
17949,189,0.0
17949,362,0.0
17949,17,0.0
17949,16,0.0
7908,119,0.0
7908,20,0.0
7908,399,0.0
7908,476,0.0
7908,264,0.0
7908,200,0.0
7908,189,0.0
7908,362,0.0
7908,17,0.0
7908,16,0.0
2052,119,0.0
2052,20,0.0
2052,399,0.0
2052,476,0.0
2052,264,0.0
2052,200,0.0
2052,189,0.0
2052,362,0.0
2052,17,0.0
2052,16,0.0
17577,399,7.559322289213698
17577,255,6.541302795275662
17577,79,5.7979738289837925
17577,189,5.291373096782575
17577,352,5.08660209590733
17577,200,4.827271481644818
17577,94,4.704771000875244
17577,287,3.4253476929981357
17577,78,2.0
17577,824,1.8660254037844388
969,119,0.0
969,20,0.0
969,399,0.0
969,476,0.0
969,264,0.0
969,200,0.0
969,189,0.0
969,362,0.0
969,17,0.0
969,16,0.0
567,119,0.0
567,20,0.0
567,399,0.0
567,476,0.0
567,264,0.0
567,200,0.0
567,189,0.0
567,362,0.0
567,17,0.0
567,16,0.0
3009,119,0.0
3009,20,0.0
3009,399,0.0
3009,476,0.0
3009,264,0.0
3009,200,0.0
3009,189,0.0
3009,362,0.0
3009,17,0.0
3009,16,0.0
1575,119,0.0
1575,20,0.0
1575,399,0.0
1575,476,0.0
1575,264,0.0
1575,200,0.0
1575,189,0.0
1575,362,0.0
1575,17,0.0
1575,16,0.0
967,119,0.0
967,20,0.0
967,399,0.0
967,476,0.0
967,264,0.0
967,200,0.0
967,189,0.0
967,362,0.0
967,17,0.0
967,16,0.0
7103,119,0.0
7103,20,0.0
7103,399,0.0
7103,476,0.0
7103,264,0.0
7103,200,0.0
7103,189,0.0
7103,362,0.0
7103,17,0.0
7103,16,0.0
15305,119,0.0
15305,20,0.0
15305,399,0.0
15305,476,0.0
15305,264,0.0
15305,200,0.0
15305,189,0.0
15305,362,0.0
15305,17,0.0
15305,16,0.0
11612,119,0.0
11612,20,0.0
11612,399,0.0
11612,476,0.0
11612,264,0.0
11612,200,0.0
11612,189,0.0
11612,362,0.0
11612,17,0.0
11612,16,0.0
968,119,0.0
968,20,0.0
968,399,0.0
968,476,0.0
968,264,0.0
968,200,0.0
968,189,0.0
968,362,0.0
968,17,0.0
968,16,0.0
9928,94,9.507763671309513
9928,89,4.405107896932354
9928,78,2.1058624125220193
9928,400,0.9999999999999998
9928,416,0.8477004192548908
9928,824,0.29317325919406
9928,284,0.21489759700207553
9928,125,0.13997118049897242
9928,19,0.13997118049897242
9928,77,0.1010706718546977
14412,399,25.750561026563364
14412,287,19.69069767897499
14412,79,12.651065250485354
14412,255,11.898642809599842
14412,310,9.77173525717884
14412,362,8.57113803907852
14412,16,7.7559083659095185
14412,22,7.13529794518063
14412,352,4.993797396247121
14412,59,2.8490010434070365
8587,287,10.849292377048787
8587,310,6.842823124841186
8587,79,6.17254188563764
8587,22,5.895608524998845
8587,16,5.637890400529177
8587,255,5.5724216957685115
8587,59,2.645068108989183
8587,416,1.2948780858414086
8587,824,1.278720108456907
8587,352,1.2199444652973241
9929,20,15.133574851960532
9929,94,9.266211123679437
9929,189,8.270448719564936
9929,79,7.693683091756631
9929,16,5.749697701013173
9929,310,4.540153861970873
9929,78,4.075285862264811
9929,89,3.1304971647020907
9929,362,3.081814521916834
9929,352,2.685838251975508
8026,134,1.0
8026,284,2.220446049250313E-16
8026,77,0.0
8026,415,0.0
8026,89,0.0
8026,476,0.0
8026,17,0.0
8026,400,0.0
8026,352,-1.0
8026,59,-1.0
15067,79,3.2749956705031877
15067,78,1.3402959198356061
15067,416,1.0260003494457548
15067,824,0.8787724660970084
15067,190,0.8153755468444308
15067,77,0.24651472039504885
15067,19,0.12712834523274563
15067,125,0.12712834523274563
15067,17,0.072302429658823
15067,476,0.072302429658823
8464,59,1.0
8464,476,1.0
8464,17,1.0
8464,416,0.0
8464,16,0.0
8464,352,0.0
8464,310,0.0
8464,78,0.0
8464,284,0.0
8464,190,0.0
13970,119,0.0
13970,20,0.0
13970,399,0.0
13970,476,0.0
13970,264,0.0
13970,200,0.0
13970,189,0.0
13970,362,0.0
13970,17,0.0
13970,16,0.0
10542,119,0.0
10542,20,0.0
10542,399,0.0
10542,476,0.0
10542,264,0.0
10542,200,0.0
10542,189,0.0
10542,362,0.0
10542,17,0.0
10542,16,0.0
8076,119,0.0
8076,20,0.0
8076,399,0.0
8076,476,0.0
8076,264,0.0
8076,200,0.0
8076,189,0.0
8076,362,0.0
8076,17,0.0
8076,16,0.0
7874,119,0.0
7874,20,0.0
7874,399,0.0
7874,476,0.0
7874,264,0.0
7874,200,0.0
7874,189,0.0
7874,362,0.0
7874,17,0.0
7874,16,0.0
8459,119,17.136460864169873
8459,79,11.75189467814915
8459,94,11.249488546610717
8459,362,9.342551569675994
8459,255,7.856120601367275
8459,310,5.8413350946263085
8459,352,4.921187741738699
8459,16,4.050571860476429
8459,22,3.813470012669449
8459,416,2.3421238211494466
9992,119,18.0
9992,20,16.0
9992,264,16.0
9992,399,15.0
9992,189,12.0
9992,287,12.0
9992,362,11.0
9992,255,10.0
9992,16,9.0
9992,310,8.0
4144,94,8.70242139088942
4144,287,6.2668740513853916
4144,352,5.835512930065715
4144,200,4.793226239836998
4144,78,2.2293937276614963
4144,89,2.16339097585686
4144,362,1.273981814754344
4144,284,0.9365292313049713
4144,22,0.8646812649553813
4144,824,0.6545682504255663
10638,119,0.0
10638,20,0.0
10638,399,0.0
10638,476,0.0
10638,264,0.0
10638,200,0.0
10638,189,0.0
10638,362,0.0
10638,17,0.0
10638,16,0.0
1090,119,0.0
1090,20,0.0
1090,399,0.0
1090,476,0.0
1090,264,0.0
1090,200,0.0
1090,189,0.0
1090,362,0.0
1090,17,0.0
1090,16,0.0
13717,119,0.0
13717,20,0.0
13717,399,0.0
13717,476,0.0
13717,264,0.0
13717,200,0.0
13717,189,0.0
13717,362,0.0
13717,17,0.0
13717,16,0.0
1110,119,0.0
1110,20,0.0
1110,399,0.0
1110,476,0.0
1110,264,0.0
1110,200,0.0
1110,189,0.0
1110,362,0.0
1110,17,0.0
1110,16,0.0
7852,119,0.0
7852,20,0.0
7852,399,0.0
7852,476,0.0
7852,264,0.0
7852,200,0.0
7852,189,0.0
7852,362,0.0
7852,17,0.0
7852,16,0.0
8461,16,4.951720662227719
8461,310,4.152491560188516
8461,59,2.3393049274428654
8461,89,1.5344519200158069
8461,400,1.0
8461,824,0.9927529012954381
8461,476,0.7455182011241313
8461,17,0.7455182011241313
8461,190,0.6907175320469732
8461,416,0.5485422107189671
3955,119,0.0
3955,20,0.0
3955,399,0.0
3955,476,0.0
3955,264,0.0
3955,200,0.0
3955,189,0.0
3955,362,0.0
3955,17,0.0
3955,16,0.0
19436,119,0.0
19436,20,0.0
19436,399,0.0
19436,476,0.0
19436,200,0.0
19436,189,0.0
19436,362,0.0
19436,17,0.0
19436,16,0.0
19436,310,0.0
3959,79,3.0
3959,416,1.0
3959,824,1.0
3959,352,1.0
3959,284,1.0
3959,125,0.0
3959,415,0.0
3959,89,0.0
3959,190,0.0
3959,19,0.0
4305,119,0.0
4305,20,0.0
4305,399,0.0
4305,476,0.0
4305,264,0.0
4305,200,0.0
4305,189,0.0
4305,362,0.0
4305,17,0.0
4305,16,0.0
14402,119,0.0
14402,20,0.0
14402,399,0.0
14402,476,0.0
14402,264,0.0
14402,200,0.0
14402,189,0.0
14402,362,0.0
14402,17,0.0
14402,16,0.0
2262,119,0.0
2262,20,0.0
2262,399,0.0
2262,476,0.0
2262,264,0.0
2262,200,0.0
2262,189,0.0
2262,362,0.0
2262,17,0.0
2262,16,0.0
8479,119,0.0
8479,20,0.0
8479,399,0.0
8479,476,0.0
8479,264,0.0
8479,200,0.0
8479,189,0.0
8479,362,0.0
8479,17,0.0
8479,16,0.0
8460,119,0.0
8460,20,0.0
8460,399,0.0
8460,476,0.0
8460,264,0.0
8460,200,0.0
8460,189,0.0
8460,362,0.0
8460,17,0.0
8460,16,0.0
14414,119,0.0
14414,20,0.0
14414,399,0.0
14414,476,0.0
14414,264,0.0
14414,200,0.0
14414,189,0.0
14414,362,0.0
14414,17,0.0
14414,16,0.0
750,119,0.0
750,20,0.0
750,399,0.0
750,476,0.0
750,200,0.0
750,189,0.0
750,362,0.0
750,17,0.0
750,16,0.0
750,310,0.0
6928,119,0.0
6928,20,0.0
6928,399,0.0
6928,476,0.0
6928,264,0.0
6928,200,0.0
6928,189,0.0
6928,362,0.0
6928,17,0.0
6928,16,0.0
19589,119,0.0
19589,20,0.0
19589,399,0.0
19589,476,0.0
19589,264,0.0
19589,200,0.0
19589,189,0.0
19589,362,0.0
19589,17,0.0
19589,16,0.0
8665,119,0.0
8665,20,0.0
8665,399,0.0
8665,476,0.0
8665,264,0.0
8665,200,0.0
8665,189,0.0
8665,362,0.0
8665,17,0.0
8665,16,0.0
752,119,0.0
752,20,0.0
752,399,0.0
752,476,0.0
752,264,0.0
752,200,0.0
752,189,0.0
752,362,0.0
752,17,0.0
752,16,0.0
8664,287,4.642103882259886
8664,119,4.642103882259886
8664,20,4.642103882259886
8664,200,4.642103882259886
8664,189,3.9268916885850342
8664,310,3.6601233761979195
8664,264,3.642103882259886
8664,362,3.642103882259886
8664,16,3.642103882259886
8664,22,2.9268916885850342
8666,119,0.0
8666,20,0.0
8666,399,0.0
8666,476,0.0
8666,264,0.0
8666,200,0.0
8666,189,0.0
8666,362,0.0
8666,17,0.0
8666,16,0.0
18715,287,15.150301421280044
18715,189,10.096294929850075
18715,310,7.91871503348311
18715,79,6.404128019110479
18715,16,6.403551549532422
18715,362,5.173639042325463
18715,78,2.9037752994800146
18715,352,2.260343269960428
18715,22,2.1394985881557824
18715,89,1.91843201134022
2810,399,9.99991882281212
2810,119,9.917581758294368
2810,94,8.917581758294368
2810,20,7.9726705757713
2810,264,7.917581758294368
2810,189,6.999918822812119
2810,287,6.917581758294366
2810,79,5.862574118005314
2810,16,4.99991882281212
2810,362,4.49991882281212
9479,119,0.0
9479,20,0.0
9479,399,0.0
9479,476,0.0
9479,264,0.0
9479,200,0.0
9479,189,0.0
9479,362,0.0
9479,17,0.0
9479,16,0.0
1113,119,0.0
1113,20,0.0
1113,399,0.0
1113,476,0.0
1113,264,0.0
1113,200,0.0
1113,189,0.0
1113,362,0.0
1113,17,0.0
1113,16,0.0
1112,255,9.41710641932354
1112,94,9.386958800416757
1112,264,9.282847587979756
1112,79,9.119003071749749
1112,352,8.56018346120223
1112,362,4.347936465349347
1112,16,4.339671802728693
1112,22,3.6657367798864238
1112,89,2.7737621336292317
1112,134,1.9398398544847524
1114,119,0.0
1114,20,0.0
1114,399,0.0
1114,476,0.0
1114,264,0.0
1114,200,0.0
1114,189,0.0
1114,362,0.0
1114,17,0.0
1114,16,0.0
2643,119,0.0
2643,20,0.0
2643,399,0.0
2643,476,0.0
2643,264,0.0
2643,200,0.0
2643,189,0.0
2643,362,0.0
2643,17,0.0
2643,16,0.0
17051,119,0.0
17051,20,0.0
17051,399,0.0
17051,476,0.0
17051,264,0.0
17051,200,0.0
17051,189,0.0
17051,362,0.0
17051,17,0.0
17051,16,0.0
8250,119,0.0
8250,20,0.0
8250,399,0.0
8250,476,0.0
8250,264,0.0
8250,200,0.0
8250,189,0.0
8250,362,0.0
8250,17,0.0
8250,16,0.0
8447,119,0.0
8447,20,0.0
8447,399,0.0
8447,476,0.0
8447,264,0.0
8447,200,0.0
8447,189,0.0
8447,362,0.0
8447,17,0.0
8447,16,0.0
18754,119,0.0
18754,20,0.0
18754,399,0.0
18754,476,0.0
18754,264,0.0
18754,200,0.0
18754,189,0.0
18754,362,0.0
18754,17,0.0
18754,16,0.0
1111,119,0.0
1111,20,0.0
1111,399,0.0
1111,476,0.0
1111,264,0.0
1111,189,0.0
1111,362,0.0
1111,17,0.0
1111,16,0.0
1111,59,0.0
7875,119,0.0
7875,20,0.0
7875,399,0.0
7875,476,0.0
7875,264,0.0
7875,200,0.0
7875,189,0.0
7875,362,0.0
7875,17,0.0
7875,16,0.0
12369,119,0.0
12369,20,0.0
12369,399,0.0
12369,476,0.0
12369,264,0.0
12369,200,0.0
12369,189,0.0
12369,362,0.0
12369,17,0.0
12369,16,0.0
8446,119,0.0
8446,20,0.0
8446,399,0.0
8446,476,0.0
8446,264,0.0
8446,200,0.0
8446,189,0.0
8446,362,0.0
8446,17,0.0
8446,16,0.0
748,119,0.0
748,20,0.0
748,399,0.0
748,476,0.0
748,264,0.0
748,200,0.0
748,189,0.0
748,362,0.0
748,17,0.0
748,16,0.0
9078,119,0.0
9078,20,0.0
9078,399,0.0
9078,476,0.0
9078,264,0.0
9078,200,0.0
9078,189,0.0
9078,362,0.0
9078,17,0.0
9078,16,0.0
10805,119,0.0
10805,20,0.0
10805,399,0.0
10805,476,0.0
10805,264,0.0
10805,200,0.0
10805,189,0.0
10805,362,0.0
10805,17,0.0
10805,16,0.0
12506,119,0.0
12506,20,0.0
12506,399,0.0
12506,476,0.0
12506,264,0.0
12506,200,0.0
12506,189,0.0
12506,362,0.0
12506,17,0.0
12506,16,0.0
2285,119,0.0
2285,20,0.0
2285,399,0.0
2285,476,0.0
2285,264,0.0
2285,200,0.0
2285,189,0.0
2285,362,0.0
2285,17,0.0
2285,16,0.0
8613,119,0.0
8613,20,0.0
8613,399,0.0
8613,476,0.0
8613,264,0.0
8613,200,0.0
8613,189,0.0
8613,362,0.0
8613,17,0.0
8613,16,0.0
2860,119,0.0
2860,20,0.0
2860,399,0.0
2860,476,0.0
2860,264,0.0
2860,200,0.0
2860,189,0.0
2860,362,0.0
2860,17,0.0
2860,16,0.0
12003,119,0.0
12003,20,0.0
12003,399,0.0
12003,476,0.0
12003,264,0.0
12003,200,0.0
12003,362,0.0
12003,17,0.0
12003,16,0.0
12003,310,0.0
3154,119,0.0
3154,20,0.0
3154,399,0.0
3154,476,0.0
3154,200,0.0
3154,189,0.0
3154,362,0.0
3154,17,0.0
3154,16,0.0
3154,310,0.0
8471,119,0.0
8471,20,0.0
8471,399,0.0
8471,476,0.0
8471,264,0.0
8471,200,0.0
8471,189,0.0
8471,362,0.0
8471,17,0.0
8471,16,0.0
8909,399,9.898129191732718
8909,94,7.758501963972897
8909,16,4.738346054070765
8909,189,3.6673533763942716
8909,362,2.383061019424198
8909,310,2.073356039184424
8909,287,1.9824837081831337
8909,59,1.0052779630867383
8909,476,0.9771398364036775
8909,17,0.9771398364036775
8469,119,0.0
8469,20,0.0
8469,399,0.0
8469,476,0.0
8469,264,0.0
8469,189,0.0
8469,362,0.0
8469,17,0.0
8469,16,0.0
8469,310,0.0
8710,119,0.0
8710,20,0.0
8710,399,0.0
8710,476,0.0
8710,200,0.0
8710,189,0.0
8710,362,0.0
8710,17,0.0
8710,16,0.0
8710,310,0.0
16209,189,12.642134095817822
16209,22,6.196377115279748
16209,79,3.6590384786471333
16209,416,1.5792892294074352
16209,255,1.2057873734973834
16209,400,1.0
16209,824,0.9935837821779571
16209,190,0.8348446779110971
16209,352,0.7752662754265924
16209,134,0.7400670753072911
8695,119,0.0
8695,20,0.0
8695,399,0.0
8695,476,0.0
8695,264,0.0
8695,200,0.0
8695,189,0.0
8695,362,0.0
8695,17,0.0
8695,16,0.0
8681,119,0.0
8681,20,0.0
8681,399,0.0
8681,476,0.0
8681,264,0.0
8681,200,0.0
8681,189,0.0
8681,362,0.0
8681,17,0.0
8681,16,0.0
8618,119,0.0
8618,20,0.0
8618,399,0.0
8618,476,0.0
8618,264,0.0
8618,200,0.0
8618,189,0.0
8618,362,0.0
8618,17,0.0
8618,16,0.0
2847,119,0.0
2847,20,0.0
2847,399,0.0
2847,476,0.0
2847,264,0.0
2847,200,0.0
2847,189,0.0
2847,362,0.0
2847,17,0.0
2847,16,0.0
8764,264,10.382962742598908
8764,255,4.575109998940122
8764,79,3.77236254615742
8764,362,3.749514556325544
8764,352,2.0083603895129225
8764,78,1.8833478121392417
8764,59,1.610571946489903
8764,400,0.9999999999999998
8764,824,0.8446557856466829
8764,89,0.7307701727819753
8676,119,0.0
8676,20,0.0
8676,399,0.0
8676,476,0.0
8676,264,0.0
8676,200,0.0
8676,189,0.0
8676,362,0.0
8676,17,0.0
8676,16,0.0
8690,119,5.0
8690,287,5.0
8690,310,4.0
8690,264,4.0
8690,399,4.0
8690,200,4.0
8690,22,3.999999999999999
8690,189,3.999999999999999
8690,362,3.0
8690,59,2.9999999999999996
11312,119,0.0
11312,20,0.0
11312,399,0.0
11312,476,0.0
11312,264,0.0
11312,200,0.0
11312,189,0.0
11312,362,0.0
11312,17,0.0
11312,16,0.0
8707,119,0.0
8707,399,0.0
8707,476,0.0
8707,264,0.0
8707,200,0.0
8707,189,0.0
8707,362,0.0
8707,17,0.0
8707,16,0.0
8707,310,0.0
8688,399,15.17487805797441
8688,119,13.969707108774298
8688,255,9.616342743347523
8688,200,8.752193126590047
8688,189,8.389760183419746
8688,362,7.050748254277994
8688,352,5.123932737085725
8688,16,3.3358860045270466
8688,22,3.069028640203693
8688,78,2.6962182645261725
5492,119,0.0
5492,20,0.0
5492,399,0.0
5492,476,0.0
5492,264,0.0
5492,200,0.0
5492,189,0.0
5492,362,0.0
5492,17,0.0
5492,16,0.0
8705,119,0.0
8705,20,0.0
8705,399,0.0
8705,476,0.0
8705,264,0.0
8705,200,0.0
8705,189,0.0
8705,362,0.0
8705,17,0.0
8705,16,0.0
12205,20,22.98485069399239
12205,399,15.203372957276972
12205,200,11.619058519648274
12205,287,10.474656854536951
12205,255,7.716176559636302
12205,310,6.993120907488021
12205,79,6.844766091129038
12205,362,5.892444712137566
12205,16,4.7928823137649825
12205,78,2.495498979126869
8702,119,0.0
8702,20,0.0
8702,399,0.0
8702,476,0.0
8702,264,0.0
8702,200,0.0
8702,189,0.0
8702,362,0.0
8702,17,0.0
8702,16,0.0
16213,119,0.0
16213,20,0.0
16213,399,0.0
16213,476,0.0
16213,264,0.0
16213,200,0.0
16213,189,0.0
16213,362,0.0
16213,17,0.0
16213,16,0.0
8697,399,20.896788232716307
8697,119,20.388577991660636
8697,200,19.4801970151999
8697,287,16.02634541876901
8697,189,12.112775511221368
8697,362,8.553537414744975
8697,16,5.735124838827569
8697,59,3.1783206398709853
8697,78,2.9349264645116473
8697,89,2.90176047060586
12231,287,11.781233618018705
12231,94,8.617541902673198
12231,189,8.102578023186261
12231,79,7.550400229637123
12231,22,4.440612560183158
12231,352,3.107731579639527
12231,89,1.9791160238868042
12231,78,1.20268893333647
12231,59,1.0770233612254483
12231,400,1.0
8919,119,0.0
8919,20,0.0
8919,399,0.0
8919,476,0.0
8919,264,0.0
8919,200,0.0
8919,189,0.0
8919,362,0.0
8919,17,0.0
8919,16,0.0
8696,20,4.996924560350558
8696,287,3.996924560350558
8696,189,3.1308991565661195
8696,399,3.1308991565661195
8696,94,3.05201337782749
8696,59,2.8109365863075064
8696,22,2.599564853231046
8696,310,2.1308991565661195
8696,78,1.8660254037844388
8696,134,1.7335394494466065
8703,189,7.089511518391635
8703,264,6.671848582909387
8703,255,6.384708957863577
8703,94,6.227871081536305
8703,352,5.672577023162836
8703,200,4.439797775340509
8703,287,3.0895115183916353
8703,89,2.944911182523068
8703,399,1.5929628041707564
8703,416,0.8660254037844387
8668,119,0.0
8668,20,0.0
8668,399,0.0
8668,476,0.0
8668,264,0.0
8668,200,0.0
8668,189,0.0
8668,362,0.0
8668,17,0.0
8668,16,0.0
8671,20,15.815507301360043
8671,399,12.870596118836975
8671,200,10.815507301360045
8671,94,10.508882546641582
8671,287,8.870596118836977
8671,189,8.815507301360045
8671,310,7.361713572195395
8671,255,6.315507301360046
8671,362,5.815507301360046
8671,16,5.172650158502902
8669,119,0.0
8669,20,0.0
8669,399,0.0
8669,476,0.0
8669,264,0.0
8669,200,0.0
8669,189,0.0
8669,362,0.0
8669,17,0.0
8669,16,0.0
15528,119,0.0
15528,20,0.0
15528,399,0.0
15528,476,0.0
15528,264,0.0
15528,200,0.0
15528,189,0.0
15528,362,0.0
15528,17,0.0
15528,16,0.0
8704,119,0.0
8704,20,0.0
8704,399,0.0
8704,476,0.0
8704,264,0.0
8704,200,0.0
8704,189,0.0
8704,362,0.0
8704,17,0.0
8704,16,0.0
19628,119,0.0
19628,20,0.0
19628,399,0.0
19628,476,0.0
19628,200,0.0
19628,189,0.0
19628,362,0.0
19628,17,0.0
19628,16,0.0
19628,310,0.0
8617,119,0.0
8617,20,0.0
8617,399,0.0
8617,476,0.0
8617,264,0.0
8617,200,0.0
8617,189,0.0
8617,362,0.0
8617,17,0.0
8617,16,0.0
8275,119,0.0
8275,20,0.0
8275,399,0.0
8275,476,0.0
8275,264,0.0
8275,200,0.0
8275,189,0.0
8275,362,0.0
8275,17,0.0
8275,16,0.0
8667,119,0.0
8667,20,0.0
8667,399,0.0
8667,476,0.0
8667,264,0.0
8667,200,0.0
8667,189,0.0
8667,362,0.0
8667,17,0.0
8667,16,0.0
2132,119,0.0
2132,20,0.0
2132,399,0.0
2132,476,0.0
2132,264,0.0
2132,200,0.0
2132,189,0.0
2132,362,0.0
2132,17,0.0
2132,16,0.0
16229,119,0.0
16229,20,0.0
16229,399,0.0
16229,476,0.0
16229,264,0.0
16229,200,0.0
16229,189,0.0
16229,362,0.0
16229,17,0.0
16229,16,0.0
8699,119,0.0
8699,20,0.0
8699,399,0.0
8699,476,0.0
8699,264,0.0
8699,200,0.0
8699,189,0.0
8699,362,0.0
8699,17,0.0
8699,16,0.0
9776,119,0.0
9776,20,0.0
9776,399,0.0
9776,476,0.0
9776,264,0.0
9776,200,0.0
9776,189,0.0
9776,362,0.0
9776,17,0.0
9776,16,0.0
14543,119,0.0
14543,20,0.0
14543,399,0.0
14543,476,0.0
14543,189,0.0
14543,362,0.0
14543,17,0.0
14543,16,0.0
14543,310,0.0
14543,59,0.0
8701,119,0.0
8701,20,0.0
8701,399,0.0
8701,476,0.0
8701,264,0.0
8701,200,0.0
8701,189,0.0
8701,362,0.0
8701,17,0.0
8701,16,0.0
8708,119,0.0
8708,20,0.0
8708,399,0.0
8708,476,0.0
8708,264,0.0
8708,200,0.0
8708,189,0.0
8708,362,0.0
8708,17,0.0
8708,16,0.0
16132,119,0.0
16132,20,0.0
16132,399,0.0
16132,476,0.0
16132,264,0.0
16132,200,0.0
16132,189,0.0
16132,362,0.0
16132,17,0.0
16132,16,0.0
7323,119,0.0
7323,20,0.0
7323,399,0.0
7323,476,0.0
7323,264,0.0
7323,200,0.0
7323,189,0.0
7323,362,0.0
7323,17,0.0
7323,16,0.0
16304,119,0.0
16304,20,0.0
16304,399,0.0
16304,476,0.0
16304,264,0.0
16304,200,0.0
16304,189,0.0
16304,362,0.0
16304,17,0.0
16304,16,0.0
6309,119,0.0
6309,20,0.0
6309,399,0.0
6309,476,0.0
6309,264,0.0
6309,200,0.0
6309,189,0.0
6309,362,0.0
6309,17,0.0
6309,16,0.0
12176,119,0.0
12176,20,0.0
12176,399,0.0
12176,476,0.0
12176,200,0.0
12176,189,0.0
12176,362,0.0
12176,17,0.0
12176,16,0.0
12176,310,0.0
10125,119,0.0
10125,20,0.0
10125,399,0.0
10125,476,0.0
10125,264,0.0
10125,200,0.0
10125,189,0.0
10125,362,0.0
10125,17,0.0
10125,16,0.0
8692,119,0.0
8692,20,0.0
8692,399,0.0
8692,476,0.0
8692,264,0.0
8692,200,0.0
8692,189,0.0
8692,362,0.0
8692,17,0.0
8692,16,0.0
8682,119,0.0
8682,20,0.0
8682,399,0.0
8682,476,0.0
8682,264,0.0
8682,200,0.0
8682,189,0.0
8682,362,0.0
8682,17,0.0
8682,16,0.0
8691,119,0.0
8691,20,0.0
8691,399,0.0
8691,476,0.0
8691,264,0.0
8691,200,0.0
8691,189,0.0
8691,362,0.0
8691,17,0.0
8691,16,0.0
8694,119,0.0
8694,20,0.0
8694,399,0.0
8694,476,0.0
8694,264,0.0
8694,200,0.0
8694,189,0.0
8694,362,0.0
8694,17,0.0
8694,16,0.0
19158,119,0.0
19158,20,0.0
19158,399,0.0
19158,476,0.0
19158,264,0.0
19158,200,0.0
19158,189,0.0
19158,362,0.0
19158,17,0.0
19158,16,0.0
8706,119,0.0
8706,20,0.0
8706,399,0.0
8706,476,0.0
8706,264,0.0
8706,200,0.0
8706,189,0.0
8706,362,0.0
8706,17,0.0
8706,16,0.0
9572,119,0.0
9572,20,0.0
9572,399,0.0
9572,476,0.0
9572,264,0.0
9572,200,0.0
9572,189,0.0
9572,362,0.0
9572,17,0.0
9572,16,0.0
8685,284,1.2480754415067654
8685,89,0.9999999999999998
8685,190,0.9707253433941508
8685,19,0.9707253433941508
8685,125,0.9707253433941508
8685,79,0.7587916320969685
8685,352,0.6993594682156931
8685,416,0.554700196225229
8685,415,0.0
8685,77,0.0
18194,119,0.0
18194,20,0.0
18194,399,0.0
18194,476,0.0
18194,264,0.0
18194,200,0.0
18194,189,0.0
18194,362,0.0
18194,17,0.0
18194,16,0.0
18177,119,0.0
18177,20,0.0
18177,399,0.0
18177,476,0.0
18177,264,0.0
18177,200,0.0
18177,189,0.0
18177,362,0.0
18177,17,0.0
18177,16,0.0
16678,119,0.0
16678,20,0.0
16678,399,0.0
16678,476,0.0
16678,264,0.0
16678,200,0.0
16678,189,0.0
16678,362,0.0
16678,17,0.0
16678,16,0.0
8418,79,4.818131310430627
8418,255,4.190599289673965
8418,22,3.1183033536116596
8418,94,2.450460795143302
8418,89,1.6140366655469398
8418,416,1.1994121913585756
8418,824,0.8761007081529701
8418,59,0.7691678258854234
8418,134,0.7194040303919882
8418,190,0.18898223650461363
8435,119,0.0
8435,20,0.0
8435,399,0.0
8435,476,0.0
8435,264,0.0
8435,200,0.0
8435,189,0.0
8435,362,0.0
8435,17,0.0
8435,16,0.0
745,119,0.0
745,20,0.0
745,399,0.0
745,476,0.0
745,264,0.0
745,200,0.0
745,189,0.0
745,362,0.0
745,17,0.0
745,16,0.0
15416,399,8.0
15416,287,8.0
15416,20,8.0
15416,200,8.0
15416,352,8.0
15416,255,7.0
15416,189,6.0
15416,119,6.0
15416,94,5.0
15416,310,4.0
2702,119,0.0
2702,20,0.0
2702,399,0.0
2702,476,0.0
2702,264,0.0
2702,200,0.0
2702,189,0.0
2702,362,0.0
2702,17,0.0
2702,16,0.0
17788,119,0.0
17788,20,0.0
17788,399,0.0
17788,476,0.0
17788,264,0.0
17788,200,0.0
17788,189,0.0
17788,362,0.0
17788,17,0.0
17788,16,0.0
15362,119,0.0
15362,20,0.0
15362,399,0.0
15362,476,0.0
15362,264,0.0
15362,200,0.0
15362,189,0.0
15362,362,0.0
15362,17,0.0
15362,16,0.0
2693,119,0.0
2693,20,0.0
2693,399,0.0
2693,476,0.0
2693,264,0.0
2693,200,0.0
2693,189,0.0
2693,362,0.0
2693,17,0.0
2693,16,0.0
3089,119,0.0
3089,20,0.0
3089,399,0.0
3089,476,0.0
3089,264,0.0
3089,200,0.0
3089,189,0.0
3089,362,0.0
3089,17,0.0
3089,16,0.0
18318,119,0.0
18318,20,0.0
18318,399,0.0
18318,476,0.0
18318,264,0.0
18318,200,0.0
18318,189,0.0
18318,362,0.0
18318,17,0.0
18318,16,0.0
17777,399,16.253295978415107
17777,189,5.272729224232261
17777,362,3.4700240792330517
17777,16,1.429348556990897
17777,134,0.9587326885096432
17777,416,0.8517164523714631
17777,284,0.7632348346585793
17777,59,0.5399692286488602
17777,824,0.5157458740007969
17777,125,0.03444591586931515
18752,119,0.0
18752,20,0.0
18752,399,0.0
18752,476,0.0
18752,264,0.0
18752,200,0.0
18752,189,0.0
18752,362,0.0
18752,17,0.0
18752,16,0.0
18108,119,0.0
18108,20,0.0
18108,399,0.0
18108,476,0.0
18108,264,0.0
18108,200,0.0
18108,189,0.0
18108,362,0.0
18108,17,0.0
18108,16,0.0
510,20,9.427301763771984
510,352,9.38784329414447
510,287,9.17043299537565
510,119,7.452215105139658
510,362,7.359415231880265
510,189,5.942708686222034
510,310,5.577774476244742
510,200,5.471944339953414
510,16,5.0579038873025
510,22,4.689354638722237
3891,119,0.0
3891,20,0.0
3891,399,0.0
3891,476,0.0
3891,264,0.0
3891,200,0.0
3891,189,0.0
3891,362,0.0
3891,17,0.0
3891,16,0.0
2694,119,0.0
2694,20,0.0
2694,476,0.0
2694,264,0.0
2694,200,0.0
2694,189,0.0
2694,362,0.0
2694,17,0.0
2694,16,0.0
2694,310,0.0
19108,119,0.0
19108,20,0.0
19108,399,0.0
19108,476,0.0
19108,264,0.0
19108,200,0.0
19108,189,0.0
19108,362,0.0
19108,17,0.0
19108,16,0.0
2573,119,0.0
2573,20,0.0
2573,399,0.0
2573,476,0.0
2573,264,0.0
2573,200,0.0
2573,189,0.0
2573,362,0.0
2573,17,0.0
2573,16,0.0
17771,94,0.9999999999999998
17771,78,0.49999999999999967
17771,59,0.0
17771,16,0.0
17771,119,0.0
17771,476,0.0
17771,134,0.0
17771,362,0.0
17771,17,0.0
17771,284,0.0
6346,119,0.0
6346,20,0.0
6346,399,0.0
6346,476,0.0
6346,200,0.0
6346,189,0.0
6346,362,0.0
6346,17,0.0
6346,16,0.0
6346,310,0.0
15398,134,1.9999999999999998
15398,399,1.9999999999999993
15398,200,1.4999999999999993
15398,264,1.4999999999999993
15398,400,0.9999999999999998
15398,287,0.49999999999999956
15398,16,2.220446049250313E-16
15398,59,2.220446049250313E-16
15398,189,2.220446049250313E-16
15398,362,2.220446049250313E-16
17798,399,23.63955896874156
17798,20,21.568721238311223
17798,287,17.389965064890077
17798,94,14.705687448164202
17798,189,14.148217779875509
17798,255,11.896886280978485
17798,310,11.808666042249037
17798,362,10.479439225980894
17798,22,9.188819991527518
17798,16,8.899494456935086
2998,119,0.0
2998,20,0.0
2998,399,0.0
2998,476,0.0
2998,264,0.0
2998,200,0.0
2998,189,0.0
2998,362,0.0
2998,17,0.0
2998,16,0.0
17790,89,0.9999999999999998
17790,77,0.0
17790,415,0.0
17790,400,0.0
17790,19,-0.9999999999999998
17790,416,-0.9999999999999998
17790,190,-0.9999999999999998
17790,125,-0.9999999999999998
17790,284,-0.9999999999999998
17790,476,-1.0
1147,119,0.0
1147,20,0.0
1147,399,0.0
1147,476,0.0
1147,264,0.0
1147,200,0.0
1147,189,0.0
1147,362,0.0
1147,17,0.0
1147,16,0.0
18357,119,0.0
18357,20,0.0
18357,399,0.0
18357,476,0.0
18357,264,0.0
18357,200,0.0
18357,189,0.0
18357,362,0.0
18357,17,0.0
18357,16,0.0
15543,20,0.0
15543,399,0.0
15543,476,0.0
15543,264,0.0
15543,200,0.0
15543,189,0.0
15543,362,0.0
15543,17,0.0
15543,16,0.0
15543,310,0.0
403,119,0.0
403,20,0.0
403,399,0.0
403,476,0.0
403,264,0.0
403,200,0.0
403,189,0.0
403,362,0.0
403,17,0.0
403,16,0.0
15517,119,0.0
15517,20,0.0
15517,399,0.0
15517,476,0.0
15517,264,0.0
15517,200,0.0
15517,189,0.0
15517,362,0.0
15517,17,0.0
15517,16,0.0
2987,119,0.0
2987,20,0.0
2987,399,0.0
2987,476,0.0
2987,264,0.0
2987,189,0.0
2987,362,0.0
2987,17,0.0
2987,16,0.0
2987,310,0.0
5504,20,12.011011961603568
5504,264,9.886258425354935
5504,119,9.862432929236508
5504,200,7.193411168005239
5504,255,5.5242305093176585
5504,94,4.190002602394232
5504,189,3.721643533290063
5504,89,2.329771632451063
5504,22,2.191876357456218
5504,310,0.8310717820492721
11469,119,0.0
11469,20,0.0
11469,399,0.0
11469,476,0.0
11469,264,0.0
11469,189,0.0
11469,362,0.0
11469,17,0.0
11469,16,0.0
11469,310,0.0
2994,20,0.0
2994,399,0.0
2994,476,0.0
2994,264,0.0
2994,200,0.0
2994,189,0.0
2994,362,0.0
2994,17,0.0
2994,16,0.0
2994,310,0.0
17802,119,0.0
17802,399,0.0
17802,476,0.0
17802,264,0.0
17802,200,0.0
17802,189,0.0
17802,362,0.0
17802,17,0.0
17802,16,0.0
17802,310,0.0
13583,119,0.0
13583,20,0.0
13583,399,0.0
13583,476,0.0
13583,264,0.0
13583,200,0.0
13583,189,0.0
13583,362,0.0
13583,17,0.0
13583,16,0.0
2986,119,0.0
2986,20,0.0
2986,399,0.0
2986,476,0.0
2986,264,0.0
2986,200,0.0
2986,189,0.0
2986,362,0.0
2986,17,0.0
2986,16,0.0
8395,200,4.430809172843325
8395,255,3.432967092429199
8395,352,2.8942685239987496
8395,89,1.8660254037844384
8395,310,1.5889148662793702
8395,125,0.9999999999999998
8395,19,0.9999999999999998
8395,476,0.5222329678670935
8395,17,0.5222329678670935
8395,134,0.47054794892107743
2423,119,0.0
2423,20,0.0
2423,399,0.0
2423,476,0.0
2423,264,0.0
2423,200,0.0
2423,189,0.0
2423,362,0.0
2423,17,0.0
2423,16,0.0
15338,119,0.0
15338,20,0.0
15338,399,0.0
15338,476,0.0
15338,264,0.0
15338,200,0.0
15338,189,0.0
15338,362,0.0
15338,17,0.0
15338,16,0.0
9636,119,0.0
9636,20,0.0
9636,399,0.0
9636,476,0.0
9636,264,0.0
9636,200,0.0
9636,189,0.0
9636,362,0.0
9636,17,0.0
9636,16,0.0
511,119,0.0
511,476,0.0
511,264,0.0
511,189,0.0
511,362,0.0
511,17,0.0
511,16,0.0
511,310,0.0
511,59,0.0
511,94,0.0
18675,119,0.0
18675,20,0.0
18675,399,0.0
18675,476,0.0
18675,264,0.0
18675,200,0.0
18675,189,0.0
18675,362,0.0
18675,17,0.0
18675,16,0.0
17818,20,15.830127018922191
17818,399,15.080056717415278
17818,200,13.214031313630844
17818,119,10.946082121199721
17818,255,9.348005909846405
17818,352,9.232050807568877
17818,189,9.080056717415282
17818,94,8.312107524984159
17818,16,4.214031313630842
17818,362,4.214031313630842
1324,119,0.0
1324,20,0.0
1324,399,0.0
1324,476,0.0
1324,264,0.0
1324,200,0.0
1324,189,0.0
1324,362,0.0
1324,17,0.0
1324,16,0.0
512,119,0.0
512,20,0.0
512,399,0.0
512,476,0.0
512,264,0.0
512,200,0.0
512,189,0.0
512,362,0.0
512,17,0.0
512,16,0.0
12055,119,0.0
12055,20,0.0
12055,399,0.0
12055,476,0.0
12055,264,0.0
12055,200,0.0
12055,189,0.0
12055,362,0.0
12055,17,0.0
12055,16,0.0
9638,119,0.0
9638,20,0.0
9638,399,0.0
9638,476,0.0
9638,264,0.0
9638,200,0.0
9638,189,0.0
9638,362,0.0
9638,17,0.0
9638,16,0.0
19346,415,0.0
19346,400,0.0
19346,77,-0.9999999999999998
19346,89,-0.9999999999999998
19346,125,-0.9999999999999998
19346,19,-0.9999999999999998
19346,476,-0.9999999999999998
19346,17,-0.9999999999999998
19346,190,-0.9999999999999998
19346,824,-1.9999999999999996
17793,119,0.0
17793,20,0.0
17793,399,0.0
17793,476,0.0
17793,264,0.0
17793,200,0.0
17793,189,0.0
17793,362,0.0
17793,17,0.0
17793,16,0.0
19308,119,0.0
19308,20,0.0
19308,399,0.0
19308,476,0.0
19308,264,0.0
19308,200,0.0
19308,189,0.0
19308,362,0.0
19308,17,0.0
19308,16,0.0
1326,200,22.090675799071246
1326,264,21.94422293511823
1326,287,17.3731380533006
1326,94,15.443982967382322
1326,255,9.250884859266932
1326,310,8.892815429954517
1326,16,8.622791372520485
1326,189,8.401491792678744
1326,362,7.687147533635948
1326,22,6.763951304298263
8540,119,0.0
8540,20,0.0
8540,399,0.0
8540,476,0.0
8540,264,0.0
8540,200,0.0
8540,189,0.0
8540,362,0.0
8540,17,0.0
8540,16,0.0
157,119,0.0
157,20,0.0
157,399,0.0
157,476,0.0
157,264,0.0
157,200,0.0
157,189,0.0
157,362,0.0
157,17,0.0
157,16,0.0
2688,119,0.0
2688,20,0.0
2688,399,0.0
2688,476,0.0
2688,264,0.0
2688,200,0.0
2688,189,0.0
2688,362,0.0
2688,17,0.0
2688,16,0.0
10298,119,0.0
10298,20,0.0
10298,399,0.0
10298,476,0.0
10298,264,0.0
10298,200,0.0
10298,189,0.0
10298,362,0.0
10298,17,0.0
10298,16,0.0
1123,119,0.0
1123,20,0.0
1123,399,0.0
1123,476,0.0
1123,264,0.0
1123,200,0.0
1123,189,0.0
1123,362,0.0
1123,17,0.0
1123,16,0.0
1136,119,0.0
1136,20,0.0
1136,399,0.0
1136,476,0.0
1136,264,0.0
1136,200,0.0
1136,189,0.0
1136,362,0.0
1136,17,0.0
1136,16,0.0
1124,119,0.0
1124,20,0.0
1124,476,0.0
1124,264,0.0
1124,200,0.0
1124,189,0.0
1124,362,0.0
1124,17,0.0
1124,16,0.0
1124,310,0.0
352,79,0.3453463292920227
352,19,0.0
352,89,0.0
352,125,0.0
352,190,0.0
352,77,0.0
352,415,0.0
352,400,0.0
352,284,-0.4999999999999999
352,476,-0.5000000000000001
8422,119,12.535803421756519
8422,79,9.067151932622744
8422,94,8.355497776946574
8422,362,8.338792940247421
8422,287,7.077942311962916
8422,189,6.028880149780372
8422,255,5.167914777972947
8422,352,3.4077355409640573
8422,16,2.895339799146698
8422,824,1.8346248495316815
2993,399,19.058453210060083
2993,20,18.84013839003346
2993,287,12.612308521302433
2993,264,12.141891248409818
2993,189,9.795101959246761
2993,310,8.84472546453018
2993,255,8.001875066813191
2993,362,7.664075761561722
2993,22,7.14476333517707
2993,16,6.395188592591114
8539,119,0.0
8539,20,0.0
8539,399,0.0
8539,476,0.0
8539,264,0.0
8539,200,0.0
8539,189,0.0
8539,362,0.0
8539,17,0.0
8539,16,0.0
13511,119,0.0
13511,20,0.0
13511,399,0.0
13511,476,0.0
13511,264,0.0
13511,200,0.0
13511,189,0.0
13511,362,0.0
13511,17,0.0
13511,16,0.0
2689,119,0.0
2689,20,0.0
2689,399,0.0
2689,476,0.0
2689,264,0.0
2689,200,0.0
2689,189,0.0
2689,362,0.0
2689,17,0.0
2689,16,0.0
16633,119,0.0
16633,20,0.0
16633,399,0.0
16633,476,0.0
16633,264,0.0
16633,200,0.0
16633,189,0.0
16633,362,0.0
16633,17,0.0
16633,16,0.0
19347,416,1.9999999999999998
19347,399,1.0000000000000002
19347,264,1.0000000000000002
19347,824,1.0
19347,59,1.0
19347,362,1.0
19347,190,0.9999999999999998
19347,125,0.9999999999999998
19347,19,0.9999999999999998
19347,189,2.220446049250313E-16
19312,119,0.0
19312,20,0.0
19312,399,0.0
19312,476,0.0
19312,264,0.0
19312,200,0.0
19312,189,0.0
19312,362,0.0
19312,17,0.0
19312,16,0.0
18105,119,0.0
18105,20,0.0
18105,399,0.0
18105,476,0.0
18105,264,0.0
18105,200,0.0
18105,189,0.0
18105,362,0.0
18105,17,0.0
18105,16,0.0
4073,119,0.0
4073,20,0.0
4073,399,0.0
4073,476,0.0
4073,264,0.0
4073,200,0.0
4073,189,0.0
4073,362,0.0
4073,17,0.0
4073,16,0.0
17778,119,0.0
17778,20,0.0
17778,399,0.0
17778,476,0.0
17778,264,0.0
17778,200,0.0
17778,189,0.0
17778,362,0.0
17778,17,0.0
17778,16,0.0
18669,399,12.0
18669,200,9.0
18669,287,9.0
18669,16,7.0
18669,264,7.0
18669,94,7.0
18669,362,6.0
18669,310,4.0
18669,22,3.0
18669,59,2.0
4105,119,0.0
4105,20,0.0
4105,399,0.0
4105,476,0.0
4105,264,0.0
4105,200,0.0
4105,189,0.0
4105,362,0.0
4105,17,0.0
4105,16,0.0
358,119,0.0
358,20,0.0
358,399,0.0
358,476,0.0
358,264,0.0
358,200,0.0
358,189,0.0
358,362,0.0
358,17,0.0
358,16,0.0
1047,119,0.0
1047,20,0.0
1047,399,0.0
1047,476,0.0
1047,264,0.0
1047,200,0.0
1047,189,0.0
1047,362,0.0
1047,17,0.0
1047,16,0.0
15342,19,0.9999999999999998
15342,125,0.9999999999999998
15342,190,0.9999999999999998
15342,416,0.9999999999999998
15342,77,0.0
15342,17,0.0
15342,824,0.0
15342,476,0.0
15342,415,0.0
15342,400,0.0
516,264,16.58290397793367
516,22,5.21713757598776
516,255,4.7065278067608
516,89,3.080471440894831
516,352,1.9429247624987154
516,400,0.9999999999999998
516,190,0.8184297163048866
516,59,0.5869103056427621
516,824,0.5825032272512939
516,77,0.4536964357810803
4638,119,9.839366580310674
4638,189,6.134199427406896
4638,22,4.565024399874649
4638,200,4.444169234620171
4638,362,3.64043634415878
4638,399,3.1128870306626464
4638,287,2.739800354038408
4638,16,2.6568027054089187
4638,310,1.9096729944385782
4638,59,1.4295614017475005
19107,119,0.0
19107,20,0.0
19107,476,0.0
19107,264,0.0
19107,200,0.0
19107,189,0.0
19107,362,0.0
19107,17,0.0
19107,16,0.0
19107,310,0.0
14253,119,0.0
14253,20,0.0
14253,399,0.0
14253,476,0.0
14253,264,0.0
14253,200,0.0
14253,189,0.0
14253,362,0.0
14253,17,0.0
14253,16,0.0
14905,119,0.0
14905,20,0.0
14905,399,0.0
14905,476,0.0
14905,264,0.0
14905,200,0.0
14905,189,0.0
14905,362,0.0
14905,17,0.0
14905,16,0.0
10289,119,0.0
10289,20,0.0
10289,399,0.0
10289,476,0.0
10289,264,0.0
10289,200,0.0
10289,189,0.0
10289,362,0.0
10289,17,0.0
10289,16,0.0
12841,119,0.0
12841,399,0.0
12841,476,0.0
12841,264,0.0
12841,200,0.0
12841,189,0.0
12841,362,0.0
12841,17,0.0
12841,16,0.0
12841,310,0.0
3281,119,0.0
3281,20,0.0
3281,399,0.0
3281,476,0.0
3281,264,0.0
3281,200,0.0
3281,189,0.0
3281,362,0.0
3281,17,0.0
3281,16,0.0
17097,119,0.0
17097,20,0.0
17097,399,0.0
17097,476,0.0
17097,264,0.0
17097,200,0.0
17097,189,0.0
17097,362,0.0
17097,17,0.0
17097,16,0.0
8538,119,0.0
8538,20,0.0
8538,399,0.0
8538,476,0.0
8538,264,0.0
8538,200,0.0
8538,189,0.0
8538,362,0.0
8538,17,0.0
8538,16,0.0
4162,119,0.0
4162,20,0.0
4162,399,0.0
4162,476,0.0
4162,264,0.0
4162,200,0.0
4162,189,0.0
4162,362,0.0
4162,17,0.0
4162,16,0.0
8118,119,0.0
8118,20,0.0
8118,399,0.0
8118,476,0.0
8118,264,0.0
8118,200,0.0
8118,189,0.0
8118,362,0.0
8118,17,0.0
8118,16,0.0
3888,119,0.0
3888,20,0.0
3888,399,0.0
3888,476,0.0
3888,264,0.0
3888,200,0.0
3888,189,0.0
3888,362,0.0
3888,17,0.0
3888,16,0.0
3869,119,0.0
3869,20,0.0
3869,399,0.0
3869,476,0.0
3869,264,0.0
3869,200,0.0
3869,189,0.0
3869,362,0.0
3869,17,0.0
3869,16,0.0
15232,119,0.0
15232,20,0.0
15232,399,0.0
15232,476,0.0
15232,264,0.0
15232,200,0.0
15232,189,0.0
15232,362,0.0
15232,17,0.0
15232,16,0.0
9635,119,0.0
9635,20,0.0
9635,399,0.0
9635,476,0.0
9635,264,0.0
9635,200,0.0
9635,189,0.0
9635,362,0.0
9635,17,0.0
9635,16,0.0
19104,79,1.9999999999999998
19104,264,1.9999999999999998
19104,352,1.9999999999999998
19104,287,1.0
19104,255,1.0
19104,20,1.0
19104,310,1.0
19104,189,1.0
19104,22,1.0
19104,119,0.9999999999999998
17803,200,11.0
17803,20,9.0
17803,287,7.133974596215561
17803,264,3.1339745962155607
17803,16,3.0
17803,134,3.0
17803,310,3.0
17803,94,3.0
17803,255,3.0
17803,362,2.0
17810,20,11.338537549896522
17810,264,9.227346605838841
17810,399,7.541939599704765
17810,189,7.267192734541276
17810,94,7.1372030003371645
17810,287,4.327362644660633
17810,22,4.0140681516709495
17810,89,3.526488383536184
17810,352,3.068052577546463
17810,134,1.6364891361828797
17807,119,0.0
17807,20,0.0
17807,399,0.0
17807,476,0.0
17807,264,0.0
17807,200,0.0
17807,189,0.0
17807,362,0.0
17807,17,0.0
17807,16,0.0
17808,119,0.0
17808,20,0.0
17808,399,0.0
17808,476,0.0
17808,264,0.0
17808,200,0.0
17808,189,0.0
17808,362,0.0
17808,17,0.0
17808,16,0.0
8290,119,0.0
8290,20,0.0
8290,399,0.0
8290,476,0.0
8290,264,0.0
8290,200,0.0
8290,189,0.0
8290,362,0.0
8290,17,0.0
8290,16,0.0
18670,119,0.0
18670,20,0.0
18670,399,0.0
18670,476,0.0
18670,264,0.0
18670,200,0.0
18670,189,0.0
18670,362,0.0
18670,17,0.0
18670,16,0.0
18674,399,20.237001462778323
18674,200,18.843790675652844
18674,287,12.739689698961179
18674,94,11.764314750701388
18674,16,8.446717815632152
18674,189,8.0735039234879
18674,362,7.496329146441253
18674,255,6.150058165530343
18674,22,4.520529868614193
18674,310,3.6338472600018914
9640,119,0.0
9640,20,0.0
9640,399,0.0
9640,476,0.0
9640,264,0.0
9640,200,0.0
9640,189,0.0
9640,362,0.0
9640,17,0.0
9640,16,0.0
16888,119,0.0
16888,20,0.0
16888,399,0.0
16888,476,0.0
16888,264,0.0
16888,200,0.0
16888,189,0.0
16888,362,0.0
16888,17,0.0
16888,16,0.0
42,119,0.0
42,20,0.0
42,399,0.0
42,476,0.0
42,264,0.0
42,200,0.0
42,189,0.0
42,362,0.0
42,17,0.0
42,16,0.0
17018,287,1.0586299205990055
17018,476,0.46475800154488994
17018,17,0.46475800154488994
17018,415,0.0
17018,400,0.0
17018,77,-0.3333333333333333
17018,19,-0.43319174374477093
17018,125,-0.43319174374477093
17018,89,-0.5760151848897641
17018,22,-1.072563251977863
17009,399,4.0
17009,352,3.0
17009,264,3.0
17009,255,2.0
17009,189,2.0
17009,20,2.0
17009,79,2.0
17009,119,2.0
17009,89,2.0
17009,94,1.0
17015,94,3.374869592383054
17015,189,3.3154689433170796
17015,20,3.1829788523637763
17015,264,3.039214729215021
17015,79,3.020702080635525
17015,119,2.4201688829267933
17015,200,2.4201688829267916
17015,89,2.1784464953542026
17015,284,0.5000000000000001
17015,476,0.0
17012,20,6.0
17012,399,5.0
17012,119,4.0
17012,200,3.9999999999999982
17012,79,3.0
17012,94,3.0
17012,78,1.9999999999999996
17012,255,1.9999999999999991
17012,189,1.9999999999999991
17012,77,1.0
15335,399,21.66775188786105
15335,119,17.95137967187376
15335,255,11.22774849649868
15335,189,10.734064977324037
15335,94,10.6367190631852
15335,310,7.543837285643292
15335,362,7.216790392222162
15335,78,3.3858159749728216
15335,16,3.3721671150156807
15335,89,2.991273123293847
17801,119,0.0
17801,20,0.0
17801,399,0.0
17801,476,0.0
17801,264,0.0
17801,200,0.0
17801,189,0.0
17801,362,0.0
17801,17,0.0
17801,16,0.0
11208,119,0.0
11208,20,0.0
11208,399,0.0
11208,476,0.0
11208,264,0.0
11208,200,0.0
11208,189,0.0
11208,362,0.0
11208,17,0.0
11208,16,0.0
17791,119,0.0
17791,20,0.0
17791,399,0.0
17791,476,0.0
17791,264,0.0
17791,200,0.0
17791,189,0.0
17791,362,0.0
17791,17,0.0
17791,16,0.0
10272,119,0.0
10272,20,0.0
10272,399,0.0
10272,476,0.0
10272,264,0.0
10272,200,0.0
10272,189,0.0
10272,362,0.0
10272,17,0.0
10272,16,0.0
15034,119,0.0
15034,20,0.0
15034,399,0.0
15034,476,0.0
15034,264,0.0
15034,200,0.0
15034,189,0.0
15034,362,0.0
15034,17,0.0
15034,310,0.0
3224,119,0.0
3224,20,0.0
3224,399,0.0
3224,476,0.0
3224,264,0.0
3224,200,0.0
3224,189,0.0
3224,362,0.0
3224,17,0.0
3224,16,0.0
1046,399,20.604863261586527
1046,264,14.738327665298026
1046,94,9.552371356522391
1046,255,7.623682909421356
1046,79,6.902908549029928
1046,189,5.944994933278231
1046,352,5.252569708051606
1046,362,3.9354574152952284
1046,16,3.7530381471197507
1046,78,3.1359216885882355
3885,119,0.0
3885,20,0.0
3885,399,0.0
3885,476,0.0
3885,264,0.0
3885,200,0.0
3885,189,0.0
3885,362,0.0
3885,17,0.0
3885,16,0.0
17005,119,0.0
17005,20,0.0
17005,399,0.0
17005,476,0.0
17005,264,0.0
17005,200,0.0
17005,189,0.0
17005,362,0.0
17005,17,0.0
17005,16,0.0
17013,119,0.0
17013,20,0.0
17013,399,0.0
17013,476,0.0
17013,264,0.0
17013,200,0.0
17013,189,0.0
17013,362,0.0
17013,17,0.0
17013,16,0.0
16285,119,0.0
16285,20,0.0
16285,399,0.0
16285,476,0.0
16285,264,0.0
16285,200,0.0
16285,189,0.0
16285,362,0.0
16285,17,0.0
16285,16,0.0
15061,119,0.0
15061,20,0.0
15061,399,0.0
15061,476,0.0
15061,264,0.0
15061,200,0.0
15061,189,0.0
15061,362,0.0
15061,17,0.0
15061,16,0.0
17782,89,0.9999999999999998
17782,352,0.9999999999999996
17782,77,0.0
17782,415,0.0
17782,190,0.0
17782,19,0.0
17782,125,0.0
17782,400,0.0
17782,284,-0.9999999999999998
17782,78,-0.9999999999999999
11847,89,3.089756930680245
11847,134,1.0354594165316169
11847,476,0.29475317237328164
11847,17,0.29475317237328164
11847,255,0.13528036481571737
11847,415,0.0
11847,400,0.0
11847,59,-0.06901726943307662
11847,284,-0.4252232575910644
11847,77,-0.4591311291213252
17784,119,0.0
17784,20,0.0
17784,399,0.0
17784,476,0.0
17784,264,0.0
17784,200,0.0
17784,189,0.0
17784,362,0.0
17784,17,0.0
17784,16,0.0
15663,119,0.0
15663,20,0.0
15663,399,0.0
15663,476,0.0
15663,264,0.0
15663,200,0.0
15663,189,0.0
15663,362,0.0
15663,17,0.0
15663,16,0.0
2651,119,0.0
2651,20,0.0
2651,399,0.0
2651,476,0.0
2651,200,0.0
2651,189,0.0
2651,362,0.0
2651,17,0.0
2651,16,0.0
2651,310,0.0
8623,20,0.0
8623,476,0.0
8623,264,0.0
8623,200,0.0
8623,189,0.0
8623,362,0.0
8623,17,0.0
8623,16,0.0
8623,310,0.0
8623,59,0.0
7925,200,6.844162629314386
7925,310,5.469285433234369
7925,189,4.887197230302301
7925,119,4.839148688325514
7925,22,2.1676345643739428
7925,94,1.6830593618815923
7925,400,0.9999999999999998
7925,416,0.9681376010957048
7925,125,0.8728715609439696
7925,19,0.8728715609439696
15334,119,20.43895074216284
15334,399,18.95955739498638
15334,264,18.119016060856108
15334,94,17.504972551218813
15334,189,12.419469363055217
15334,255,10.158656824456878
15334,310,8.874214583855885
15334,362,7.473191694403524
15334,16,7.1132233759164905
15334,22,6.5322434874895094
17022,119,0.0
17022,20,0.0
17022,399,0.0
17022,476,0.0
17022,264,0.0
17022,200,0.0
17022,189,0.0
17022,362,0.0
17022,17,0.0
17022,16,0.0
6347,119,7.251317536849159
6347,200,6.751317536849159
6347,399,6.251317536849159
6347,20,6.251317536849159
6347,79,3.5
6347,94,3.385292133064719
6347,255,2.385292133064719
6347,416,2.0
6347,310,1.7513175368491571
6347,189,1.7513175368491571
11209,119,0.0
11209,20,0.0
11209,399,0.0
11209,476,0.0
11209,264,0.0
11209,200,0.0
11209,189,0.0
11209,362,0.0
11209,17,0.0
11209,16,0.0
17772,119,0.0
17772,20,0.0
17772,399,0.0
17772,476,0.0
17772,264,0.0
17772,200,0.0
17772,189,0.0
17772,362,0.0
17772,17,0.0
17772,16,0.0
18111,119,0.0
18111,20,0.0
18111,399,0.0
18111,476,0.0
18111,264,0.0
18111,200,0.0
18111,189,0.0
18111,362,0.0
18111,17,0.0
18111,16,0.0
18678,119,0.0
18678,20,0.0
18678,399,0.0
18678,476,0.0
18678,264,0.0
18678,200,0.0
18678,189,0.0
18678,362,0.0
18678,17,0.0
18678,16,0.0
15993,119,0.0
15993,20,0.0
15993,399,0.0
15993,476,0.0
15993,264,0.0
15993,200,0.0
15993,189,0.0
15993,362,0.0
15993,17,0.0
15993,16,0.0
11609,119,0.0
11609,20,0.0
11609,399,0.0
11609,476,0.0
11609,264,0.0
11609,200,0.0
11609,189,0.0
11609,362,0.0
11609,17,0.0
11609,16,0.0
2456,119,0.0
2456,20,0.0
2456,399,0.0
2456,476,0.0
2456,264,0.0
2456,200,0.0
2456,189,0.0
2456,362,0.0
2456,17,0.0
2456,16,0.0
9639,119,0.0
9639,20,0.0
9639,399,0.0
9639,476,0.0
9639,264,0.0
9639,200,0.0
9639,189,0.0
9639,362,0.0
9639,17,0.0
9639,16,0.0
9641,119,0.0
9641,20,0.0
9641,399,0.0
9641,476,0.0
9641,264,0.0
9641,200,0.0
9641,189,0.0
9641,362,0.0
9641,17,0.0
9641,16,0.0
17006,119,0.0
17006,20,0.0
17006,399,0.0
17006,476,0.0
17006,264,0.0
17006,200,0.0
17006,189,0.0
17006,362,0.0
17006,17,0.0
17006,16,0.0
9634,119,0.0
9634,20,0.0
9634,399,0.0
9634,476,0.0
9634,264,0.0
9634,200,0.0
9634,189,0.0
9634,362,0.0
9634,17,0.0
9634,16,0.0
15991,119,0.0
15991,20,0.0
15991,399,0.0
15991,476,0.0
15991,264,0.0
15991,200,0.0
15991,189,0.0
15991,362,0.0
15991,17,0.0
15991,16,0.0
11608,255,3.733298042911123
11608,200,3.4480944402868214
11608,287,2.2754212756408094
11608,352,1.867272639126684
11608,89,0.9999999999999998
11608,119,0.9644035121454235
11608,94,0.8227154261846934
11608,22,0.7332980429111233
11608,134,0.34800590984640434
11608,415,0.0
3011,119,0.0
3011,20,0.0
3011,399,0.0
3011,476,0.0
3011,264,0.0
3011,200,0.0
3011,189,0.0
3011,362,0.0
3011,17,0.0
3011,16,0.0
8429,119,0.0
8429,399,0.0
8429,476,0.0
8429,264,0.0
8429,200,0.0
8429,189,0.0
8429,362,0.0
8429,17,0.0
8429,16,0.0
8429,310,0.0
15992,20,22.0
15992,119,17.0
15992,399,15.0
15992,200,13.0
15992,189,13.0
15992,287,12.0
15992,362,11.0
15992,79,10.0
15992,255,10.0
15992,22,7.0
17820,352,5.785510218646653
17820,287,3.3204487641977387
17820,200,3.2590281065864186
17820,255,2.907312405020398
17820,119,2.813848031996521
17820,22,1.1774030839125889
17820,134,0.8848892592150237
17820,20,0.6509209718523539
17820,310,0.5088884432288991
17820,78,0.29635433634574904
79,399,6.961028465381256
79,200,5.833071855972475
79,189,4.8786914008635005
79,287,4.7573355236559385
79,119,4.518049213370714
79,94,4.334205746320115
79,255,4.2452679496011445
79,20,3.0399873638401704
79,89,2.474683683471708
79,310,2.3599758165364264
17779,94,7.323599748632309
17779,399,7.238627940068657
17779,79,6.554682270967924
17779,189,4.750588158279204
17779,362,3.1351717966796118
17779,16,2.0898903177479324
17779,352,1.9149838717418957
17779,190,1.668349591509255
17779,416,0.9451509795341281
17779,824,0.8766939569070186
2686,119,0.0
2686,20,0.0
2686,399,0.0
2686,476,0.0
2686,264,0.0
2686,200,0.0
2686,189,0.0
2686,362,0.0
2686,17,0.0
2686,16,0.0
10251,119,0.0
10251,20,0.0
10251,399,0.0
10251,476,0.0
10251,264,0.0
10251,200,0.0
10251,189,0.0
10251,362,0.0
10251,17,0.0
10251,16,0.0
18954,119,16.0
18954,399,14.0
18954,264,14.0
18954,200,12.0
18954,189,12.0
18954,362,10.0
18954,287,9.0
18954,255,6.999999999999999
18954,16,6.0
18954,79,4.999999999999998
11611,20,0.0
11611,399,0.0
11611,476,0.0
11611,264,0.0
11611,200,0.0
11611,189,0.0
11611,362,0.0
11611,17,0.0
11611,16,0.0
11611,310,0.0
1435,119,0.0
1435,399,0.0
1435,476,0.0
1435,264,0.0
1435,200,0.0
1435,189,0.0
1435,362,0.0
1435,17,0.0
1435,16,0.0
1435,310,0.0
1437,119,0.0
1437,399,0.0
1437,476,0.0
1437,264,0.0
1437,200,0.0
1437,189,0.0
1437,362,0.0
1437,17,0.0
1437,16,0.0
1437,310,0.0
15231,119,0.0
15231,20,0.0
15231,399,0.0
15231,476,0.0
15231,264,0.0
15231,200,0.0
15231,189,0.0
15231,362,0.0
15231,17,0.0
15231,16,0.0
1125,119,0.0
1125,20,0.0
1125,399,0.0
1125,476,0.0
1125,264,0.0
1125,200,0.0
1125,189,0.0
1125,362,0.0
1125,17,0.0
1125,16,0.0
17014,119,0.0
17014,20,0.0
17014,399,0.0
17014,476,0.0
17014,264,0.0
17014,200,0.0
17014,189,0.0
17014,362,0.0
17014,17,0.0
17014,16,0.0
11613,200,10.47510179431227
11613,287,5.789489666398897
11613,16,4.646768616631406
11613,264,4.183650337677413
11613,310,3.8307199500883424
11613,94,3.7524518924248795
11613,362,3.415701145246288
11613,22,2.5640395809433025
11613,78,1.8660254037844386
11613,59,1.7776575421764378
41,119,0.0
41,20,0.0
41,399,0.0
41,476,0.0
41,264,0.0
41,200,0.0
41,189,0.0
41,362,0.0
41,17,0.0
41,16,0.0
8421,287,10.281106841262087
8421,200,9.775927495909336
8421,94,9.735777778889105
8421,189,7.3706174548615895
8421,362,6.096159135841972
8421,255,5.9902970984629285
8421,16,5.103542819607365
8421,22,3.591299283745582
8421,79,3.0935917355090607
8421,352,2.504852389419516
1327,119,0.0
1327,20,0.0
1327,399,0.0
1327,476,0.0
1327,264,0.0
1327,200,0.0
1327,189,0.0
1327,362,0.0
1327,17,0.0
1327,16,0.0
174,119,0.0
174,20,0.0
174,399,0.0
174,476,0.0
174,264,0.0
174,200,0.0
174,189,0.0
174,362,0.0
174,17,0.0
174,16,0.0
13983,119,15.228171984294963
13983,399,13.255928946018454
13983,189,12.996121176726085
13983,20,12.228171984294963
13983,287,11.987979753587332
13983,79,10.86602540378444
13983,310,9.987979753587332
13983,255,9.732050807568879
13983,362,9.255928946018454
13983,352,8.621954349802893
13986,119,0.0
13986,20,0.0
13986,399,0.0
13986,476,0.0
13986,264,0.0
13986,200,0.0
13986,189,0.0
13986,362,0.0
13986,17,0.0
13986,16,0.0
744,119,0.0
744,20,0.0
744,399,0.0
744,476,0.0
744,264,0.0
744,200,0.0
744,189,0.0
744,362,0.0
744,17,0.0
744,16,0.0
11207,119,0.0
11207,20,0.0
11207,399,0.0
11207,476,0.0
11207,264,0.0
11207,200,0.0
11207,189,0.0
11207,362,0.0
11207,17,0.0
11207,16,0.0
13985,119,0.0
13985,399,0.0
13985,476,0.0
13985,264,0.0
13985,200,0.0
13985,189,0.0
13985,362,0.0
13985,17,0.0
13985,16,0.0
13985,310,0.0
14343,119,0.0
14343,20,0.0
14343,399,0.0
14343,476,0.0
14343,264,0.0
14343,200,0.0
14343,189,0.0
14343,362,0.0
14343,17,0.0
14343,16,0.0
18680,20,5.141221079083173
18680,264,5.007246482867611
18680,94,4.141221079083173
18680,255,3.6412210790831736
18680,287,3.641221079083173
18680,22,3.6412210790831727
18680,119,3.507246482867612
18680,310,2.755928946018454
18680,16,2.385292133064719
18680,189,1.8852921330647185
18681,399,14.476152805151498
18681,119,11.761546142019084
18681,287,10.705980948517178
18681,200,10.508936017064144
18681,94,10.140165356574629
18681,189,7.976152805151498
18681,255,7.960560227756718
18681,362,4.807172332820094
18681,22,4.291579755425315
18681,310,3.4387768900028735
1476,119,0.0
1476,20,0.0
1476,399,0.0
1476,476,0.0
1476,264,0.0
1476,200,0.0
1476,189,0.0
1476,362,0.0
1476,17,0.0
1476,16,0.0
17775,20,14.618462192677534
17775,189,10.23753182490692
17775,94,7.733581713359822
17775,200,7.629711050697091
17775,362,6.6198402633694595
17775,255,4.669080893003041
17775,22,4.049301054260857
17775,16,3.951365545794972
17775,310,3.066811058390991
17775,352,2.7801045367297146
17822,119,0.0
17822,20,0.0
17822,399,0.0
17822,476,0.0
17822,264,0.0
17822,200,0.0
17822,189,0.0
17822,362,0.0
17822,17,0.0
17822,16,0.0
13981,119,0.0
13981,20,0.0
13981,476,0.0
13981,264,0.0
13981,200,0.0
13981,189,0.0
13981,362,0.0
13981,17,0.0
13981,16,0.0
13981,310,0.0
3134,17,0.9999999999999998
3134,476,0.9999999999999998
3134,824,0.029274656605848937
3134,415,0.0
3134,400,0.0
3134,190,-0.5000000000000001
3134,77,-0.5000000000000001
3134,125,-0.5000000000000001
3134,19,-0.5000000000000001
3134,59,-1.6641005886756872
19106,264,8.611831394810073
19106,352,4.914287608189485
19106,94,3.714145824243526
19106,89,1.6366341767699428
19106,22,1.0000170319281783
19106,310,0.9718301296054348
19106,200,0.9350829407256307
19106,287,0.6969673577228317
19106,255,0.6956082668174597
19106,284,0.6858702985570249
13980,352,4.227667178930591
13980,89,1.1900304002278705
13980,59,0.9002755064497777
13980,77,0.5000000000000001
13980,310,0.4949284208430156
13980,78,0.28178210976400775
13980,190,0.19245008972987526
13980,19,0.19245008972987526
13980,125,0.19245008972987526
13980,284,0.0
8625,119,0.0
8625,20,0.0
8625,399,0.0
8625,476,0.0
8625,264,0.0
8625,200,0.0
8625,189,0.0
8625,362,0.0
8625,17,0.0
8625,16,0.0
3828,119,0.0
3828,20,0.0
3828,399,0.0
3828,476,0.0
3828,264,0.0
3828,200,0.0
3828,189,0.0
3828,362,0.0
3828,17,0.0
3828,16,0.0
17800,119,0.0
17800,20,0.0
17800,399,0.0
17800,476,0.0
17800,264,0.0
17800,200,0.0
17800,189,0.0
17800,362,0.0
17800,17,0.0
17800,16,0.0
7649,119,0.0
7649,476,0.0
7649,264,0.0
7649,200,0.0
7649,189,0.0
7649,362,0.0
7649,17,0.0
7649,16,0.0
7649,310,0.0
7649,59,0.0
17010,119,0.0
17010,20,0.0
17010,399,0.0
17010,476,0.0
17010,264,0.0
17010,200,0.0
17010,189,0.0
17010,362,0.0
17010,17,0.0
17010,16,0.0
11470,119,0.0
11470,20,0.0
11470,399,0.0
11470,476,0.0
11470,264,0.0
11470,200,0.0
11470,189,0.0
11470,362,0.0
11470,17,0.0
11470,16,0.0
3829,119,0.0
3829,20,0.0
3829,399,0.0
3829,476,0.0
3829,264,0.0
3829,200,0.0
3829,189,0.0
3829,362,0.0
3829,17,0.0
3829,16,0.0
10250,119,0.0
10250,20,0.0
10250,399,0.0
10250,476,0.0
10250,264,0.0
10250,200,0.0
10250,189,0.0
10250,362,0.0
10250,17,0.0
10250,16,0.0
11610,119,0.0
11610,20,0.0
11610,399,0.0
11610,476,0.0
11610,264,0.0
11610,200,0.0
11610,189,0.0
11610,362,0.0
11610,17,0.0
11610,16,0.0
17780,310,1.809549757520856
17780,89,1.632316315179752
17780,78,1.018494745570817
17780,400,1.0
17780,17,0.5754716981132076
17780,476,0.5754716981132076
17780,94,0.39998529914345093
17780,16,0.3090261990919154
17780,415,0.0
17780,59,-0.3069824875647979
17672,119,0.0
17672,20,0.0
17672,399,0.0
17672,476,0.0
17672,264,0.0
17672,200,0.0
17672,189,0.0
17672,362,0.0
17672,17,0.0
17672,16,0.0
515,119,0.0
515,20,0.0
515,399,0.0
515,476,0.0
515,264,0.0
515,200,0.0
515,189,0.0
515,362,0.0
515,17,0.0
515,16,0.0
513,119,0.0
513,20,0.0
513,399,0.0
513,476,0.0
513,264,0.0
513,200,0.0
513,189,0.0
513,362,0.0
513,17,0.0
513,16,0.0
1328,119,0.0
1328,20,0.0
1328,399,0.0
1328,476,0.0
1328,264,0.0
1328,200,0.0
1328,189,0.0
1328,362,0.0
1328,17,0.0
1328,16,0.0
18676,399,7.5150491269301885
18676,119,5.726892267035134
18676,189,5.571928556364493
18676,310,5.3013052227630215
18676,94,3.6474810154392987
18676,362,2.895946836233531
18676,416,2.3182150675173046
18676,78,1.9319691963279002
18676,79,1.730845398377192
18676,824,1.3820722503265785
17785,264,8.999999999999998
17785,20,7.999999999999999
17785,287,6.999999999999999
17785,119,6.999999999999999
17785,79,5.999999999999999
17785,255,5.999999999999999
17785,310,4.999999999999999
17785,22,4.999999999999999
17785,189,4.999999999999999
17785,362,4.999999999999999
1325,119,0.0
1325,20,0.0
1325,399,0.0
1325,476,0.0
1325,264,0.0
1325,200,0.0
1325,189,0.0
1325,362,0.0
1325,17,0.0
1325,16,0.0
17786,119,0.0
17786,399,0.0
17786,476,0.0
17786,200,0.0
17786,189,0.0
17786,362,0.0
17786,17,0.0
17786,310,0.0
17786,59,0.0
17786,94,0.0
8622,119,0.0
8622,20,0.0
8622,399,0.0
8622,476,0.0
8622,264,0.0
8622,200,0.0
8622,189,0.0
8622,362,0.0
8622,17,0.0
8622,16,0.0
17008,119,0.0
17008,20,0.0
17008,399,0.0
17008,476,0.0
17008,264,0.0
17008,200,0.0
17008,189,0.0
17008,362,0.0
17008,17,0.0
17008,16,0.0
17017,119,0.0
17017,20,0.0
17017,399,0.0
17017,476,0.0
17017,264,0.0
17017,200,0.0
17017,189,0.0
17017,362,0.0
17017,17,0.0
17017,16,0.0
65,119,0.0
65,20,0.0
65,399,0.0
65,476,0.0
65,264,0.0
65,200,0.0
65,189,0.0
65,362,0.0
65,17,0.0
65,16,0.0
13984,119,0.0
13984,20,0.0
13984,399,0.0
13984,476,0.0
13984,264,0.0
13984,200,0.0
13984,189,0.0
13984,362,0.0
13984,17,0.0
13984,16,0.0
9487,119,0.0
9487,20,0.0
9487,399,0.0
9487,476,0.0
9487,264,0.0
9487,200,0.0
9487,189,0.0
9487,362,0.0
9487,17,0.0
9487,16,0.0
9637,119,0.0
9637,20,0.0
9637,399,0.0
9637,476,0.0
9637,264,0.0
9637,200,0.0
9637,189,0.0
9637,362,0.0
9637,17,0.0
9637,16,0.0
18110,119,0.0
18110,399,0.0
18110,476,0.0
18110,264,0.0
18110,200,0.0
18110,189,0.0
18110,362,0.0
18110,17,0.0
18110,16,0.0
18110,310,0.0
17019,189,6.2474945563443
17019,362,4.068084258558094
17019,352,3.793517721161461
17019,255,3.3212398362109177
17019,79,3.098973590165615
17019,59,2.9487785145010137
17019,78,1.696613839195689
17019,416,1.326397590749508
17019,134,1.2865546326922204
17019,824,1.0658349180374913
8537,119,0.0
8537,20,0.0
8537,476,0.0
8537,264,0.0
8537,200,0.0
8537,189,0.0
8537,362,0.0
8537,17,0.0
8537,16,0.0
8537,310,0.0
13987,119,0.0
13987,20,0.0
13987,399,0.0
13987,476,0.0
13987,264,0.0
13987,200,0.0
13987,189,0.0
13987,362,0.0
13987,17,0.0
13987,16,0.0
3883,399,7.133974596215561
3883,200,6.154653670707976
3883,287,5.0206790744924135
3883,189,4.999999999999999
3883,119,4.7886282669235385
3883,94,4.654653670707976
3883,255,4.520679074492414
3883,20,3.5206790744924144
3883,22,2.5206790744924157
3883,310,2.5206790744924152
4520,119,0.0
4520,20,0.0
4520,399,0.0
4520,476,0.0
4520,264,0.0
4520,200,0.0
4520,189,0.0
4520,362,0.0
4520,17,0.0
4520,16,0.0
15526,119,0.0
15526,20,0.0
15526,399,0.0
15526,476,0.0
15526,264,0.0
15526,200,0.0
15526,189,0.0
15526,362,0.0
15526,17,0.0
15526,16,0.0
15498,119,0.0
15498,20,0.0
15498,399,0.0
15498,476,0.0
15498,264,0.0
15498,200,0.0
15498,189,0.0
15498,362,0.0
15498,17,0.0
15498,16,0.0
18200,119,0.0
18200,20,0.0
18200,399,0.0
18200,476,0.0
18200,200,0.0
18200,189,0.0
18200,362,0.0
18200,17,0.0
18200,16,0.0
18200,310,0.0
17799,119,0.0
17799,20,0.0
17799,399,0.0
17799,476,0.0
17799,200,0.0
17799,189,0.0
17799,362,0.0
17799,17,0.0
17799,16,0.0
17799,310,0.0
17797,119,0.0
17797,20,0.0
17797,399,0.0
17797,476,0.0
17797,200,0.0
17797,189,0.0
17797,362,0.0
17797,17,0.0
17797,16,0.0
17797,310,0.0
18109,119,0.0
18109,20,0.0
18109,399,0.0
18109,476,0.0
18109,264,0.0
18109,200,0.0
18109,189,0.0
18109,362,0.0
18109,17,0.0
18109,16,0.0
17789,119,0.0
17789,20,0.0
17789,399,0.0
17789,476,0.0
17789,264,0.0
17789,200,0.0
17789,189,0.0
17789,362,0.0
17789,17,0.0
17789,16,0.0
743,119,0.0
743,20,0.0
743,399,0.0
743,476,0.0
743,264,0.0
743,200,0.0
743,189,0.0
743,362,0.0
743,17,0.0
743,16,0.0
1121,119,0.0
1121,20,0.0
1121,399,0.0
1121,476,0.0
1121,264,0.0
1121,200,0.0
1121,189,0.0
1121,362,0.0
1121,17,0.0
1121,16,0.0
7924,119,0.0
7924,20,0.0
7924,399,0.0
7924,476,0.0
7924,200,0.0
7924,189,0.0
7924,362,0.0
7924,17,0.0
7924,16,0.0
7924,310,0.0
6296,119,0.0
6296,20,0.0
6296,399,0.0
6296,476,0.0
6296,264,0.0
6296,200,0.0
6296,189,0.0
6296,362,0.0
6296,17,0.0
6296,16,0.0
17795,119,0.0
17795,20,0.0
17795,399,0.0
17795,476,0.0
17795,264,0.0
17795,200,0.0
17795,189,0.0
17795,362,0.0
17795,17,0.0
17795,16,0.0
10651,119,0.0
10651,20,0.0
10651,399,0.0
10651,476,0.0
10651,264,0.0
10651,200,0.0
10651,189,0.0
10651,362,0.0
10651,17,0.0
10651,16,0.0
7123,119,0.0
7123,20,0.0
7123,399,0.0
7123,476,0.0
7123,264,0.0
7123,200,0.0
7123,189,0.0
7123,362,0.0
7123,17,0.0
7123,16,0.0
16169,399,8.0
16169,287,7.999999999999999
16169,20,7.999999999999998
16169,200,7.999999999999998
16169,352,7.999999999999998
16169,255,6.999999999999999
16169,119,6.0
16169,189,5.999999999999999
16169,94,4.999999999999999
16169,310,3.999999999999999
10286,94,10.0
10286,264,10.0
10286,119,10.0
10286,399,9.0
10286,287,8.0
10286,189,7.0
10286,200,7.0
10286,352,6.0
10286,255,5.999999999999999
10286,22,4.999999999999999
17011,119,0.0
17011,20,0.0
17011,399,0.0
17011,476,0.0
17011,264,0.0
17011,200,0.0
17011,189,0.0
17011,362,0.0
17011,17,0.0
17011,16,0.0
2687,119,0.0
2687,20,0.0
2687,399,0.0
2687,476,0.0
2687,264,0.0
2687,200,0.0
2687,189,0.0
2687,362,0.0
2687,17,0.0
2687,16,0.0
18106,119,0.0
18106,20,0.0
18106,399,0.0
18106,476,0.0
18106,264,0.0
18106,200,0.0
18106,189,0.0
18106,362,0.0
18106,17,0.0
18106,16,0.0
3884,119,0.0
3884,20,0.0
3884,399,0.0
3884,476,0.0
3884,264,0.0
3884,200,0.0
3884,189,0.0
3884,362,0.0
3884,17,0.0
3884,16,0.0
18955,119,0.0
18955,20,0.0
18955,399,0.0
18955,476,0.0
18955,264,0.0
18955,200,0.0
18955,189,0.0
18955,362,0.0
18955,17,0.0
18955,16,0.0
17023,119,0.0
17023,20,0.0
17023,399,0.0
17023,476,0.0
17023,264,0.0
17023,200,0.0
17023,189,0.0
17023,362,0.0
17023,17,0.0
17023,16,0.0
514,119,0.0
514,20,0.0
514,399,0.0
514,476,0.0
514,264,0.0
514,200,0.0
514,189,0.0
514,362,0.0
514,17,0.0
514,16,0.0
17796,119,0.0
17796,20,0.0
17796,399,0.0
17796,476,0.0
17796,264,0.0
17796,200,0.0
17796,189,0.0
17796,362,0.0
17796,17,0.0
17796,16,0.0
13982,119,0.0
13982,20,0.0
13982,399,0.0
13982,476,0.0
13982,264,0.0
13982,200,0.0
13982,189,0.0
13982,362,0.0
13982,17,0.0
13982,16,0.0
201,119,0.0
201,20,0.0
201,399,0.0
201,476,0.0
201,264,0.0
201,200,0.0
201,189,0.0
201,362,0.0
201,17,0.0
201,16,0.0
12059,119,0.0
12059,399,0.0
12059,476,0.0
12059,264,0.0
12059,200,0.0
12059,189,0.0
12059,362,0.0
12059,17,0.0
12059,16,0.0
12059,310,0.0
18679,119,0.0
18679,399,0.0
18679,476,0.0
18679,264,0.0
18679,200,0.0
18679,189,0.0
18679,362,0.0
18679,17,0.0
18679,16,0.0
18679,310,0.0
5660,119,0.0
5660,20,0.0
5660,399,0.0
5660,476,0.0
5660,264,0.0
5660,200,0.0
5660,189,0.0
5660,362,0.0
5660,17,0.0
5660,16,0.0
15230,119,0.0
15230,20,0.0
15230,399,0.0
15230,476,0.0
15230,264,0.0
15230,200,0.0
15230,189,0.0
15230,362,0.0
15230,17,0.0
15230,16,0.0
3904,119,0.0
3904,20,0.0
3904,399,0.0
3904,476,0.0
3904,200,0.0
3904,189,0.0
3904,362,0.0
3904,17,0.0
3904,16,0.0
3904,310,0.0
15033,119,0.0
15033,20,0.0
15033,399,0.0
15033,476,0.0
15033,264,0.0
15033,200,0.0
15033,189,0.0
15033,362,0.0
15033,17,0.0
15033,16,0.0
17007,119,0.0
17007,20,0.0
17007,399,0.0
17007,476,0.0
17007,264,0.0
17007,200,0.0
17007,189,0.0
17007,362,0.0
17007,17,0.0
17007,16,0.0
17021,119,0.0
17021,20,0.0
17021,399,0.0
17021,476,0.0
17021,264,0.0
17021,200,0.0
17021,189,0.0
17021,362,0.0
17021,17,0.0
17021,16,0.0
1436,119,0.0
1436,399,0.0
1436,476,0.0
1436,264,0.0
1436,200,0.0
1436,189,0.0
1436,362,0.0
1436,17,0.0
1436,16,0.0
1436,310,0.0
18107,119,0.0
18107,20,0.0
18107,399,0.0
18107,476,0.0
18107,264,0.0
18107,200,0.0
18107,189,0.0
18107,362,0.0
18107,17,0.0
18107,16,0.0
17020,119,0.0
17020,20,0.0
17020,399,0.0
17020,476,0.0
17020,264,0.0
17020,200,0.0
17020,189,0.0
17020,362,0.0
17020,17,0.0
17020,16,0.0
4182,119,0.0
4182,20,0.0
4182,399,0.0
4182,476,0.0
4182,264,0.0
4182,200,0.0
4182,189,0.0
4182,362,0.0
4182,17,0.0
4182,16,0.0
2988,119,0.0
2988,20,0.0
2988,399,0.0
2988,476,0.0
2988,264,0.0
2988,200,0.0
2988,189,0.0
2988,362,0.0
2988,17,0.0
2988,16,0.0
17685,119,0.0
17685,20,0.0
17685,399,0.0
17685,476,0.0
17685,264,0.0
17685,200,0.0
17685,189,0.0
17685,362,0.0
17685,17,0.0
17685,16,0.0
8494,119,0.0
8494,20,0.0
8494,399,0.0
8494,476,0.0
8494,200,0.0
8494,189,0.0
8494,362,0.0
8494,17,0.0
8494,16,0.0
8494,310,0.0
17804,119,0.0
17804,20,0.0
17804,399,0.0
17804,476,0.0
17804,264,0.0
17804,200,0.0
17804,189,0.0
17804,362,0.0
17804,17,0.0
17804,16,0.0
17781,119,0.0
17781,20,0.0
17781,399,0.0
17781,476,0.0
17781,264,0.0
17781,200,0.0
17781,189,0.0
17781,362,0.0
17781,17,0.0
17781,16,0.0
17794,119,0.0
17794,20,0.0
17794,399,0.0
17794,476,0.0
17794,264,0.0
17794,200,0.0
17794,189,0.0
17794,362,0.0
17794,17,0.0
17794,16,0.0
13989,119,0.0
13989,20,0.0
13989,399,0.0
13989,476,0.0
13989,264,0.0
13989,200,0.0
13989,189,0.0
13989,362,0.0
13989,17,0.0
13989,16,0.0
18566,119,0.0
18566,20,0.0
18566,399,0.0
18566,476,0.0
18566,264,0.0
18566,200,0.0
18566,189,0.0
18566,362,0.0
18566,17,0.0
18566,16,0.0
15415,264,3.6726731646460116
15415,287,1.6726731646460116
15415,200,1.6726731646460116
15415,352,1.6726731646460116
15415,119,1.6726731646460111
15415,189,1.0000000000000002
15415,399,0.9999999999999998
15415,255,0.6726731646460117
15415,310,0.6726731646460117
15415,22,0.6726731646460117
1438,119,0.0
1438,20,0.0
1438,399,0.0
1438,476,0.0
1438,264,0.0
1438,200,0.0
1438,189,0.0
1438,362,0.0
1438,17,0.0
1438,16,0.0
17783,119,0.0
17783,399,0.0
17783,476,0.0
17783,264,0.0
17783,200,0.0
17783,189,0.0
17783,362,0.0
17783,17,0.0
17783,16,0.0
17783,310,0.0
2358,119,0.0
2358,20,0.0
2358,399,0.0
2358,476,0.0
2358,264,0.0
2358,200,0.0
2358,189,0.0
2358,362,0.0
2358,17,0.0
2358,16,0.0
17809,119,0.0
17809,399,0.0
17809,476,0.0
17809,264,0.0
17809,200,0.0
17809,189,0.0
17809,362,0.0
17809,17,0.0
17809,16,0.0
17809,310,0.0
17773,119,0.0
17773,20,0.0
17773,399,0.0
17773,476,0.0
17773,264,0.0
17773,200,0.0
17773,189,0.0
17773,362,0.0
17773,17,0.0
17773,16,0.0
17774,119,0.0
17774,20,0.0
17774,399,0.0
17774,476,0.0
17774,264,0.0
17774,200,0.0
17774,189,0.0
17774,362,0.0
17774,17,0.0
17774,16,0.0
18671,119,0.0
18671,20,0.0
18671,399,0.0
18671,476,0.0
18671,264,0.0
18671,200,0.0
18671,189,0.0
18671,362,0.0
18671,17,0.0
18671,16,0.0
2842,119,0.0
2842,20,0.0
2842,399,0.0
2842,476,0.0
2842,264,0.0
2842,200,0.0
2842,189,0.0
2842,362,0.0
2842,17,0.0
2842,16,0.0
17770,119,0.0
17770,20,0.0
17770,399,0.0
17770,476,0.0
17770,264,0.0
17770,200,0.0
17770,189,0.0
17770,362,0.0
17770,17,0.0
17770,16,0.0
17194,119,0.0
17194,20,0.0
17194,399,0.0
17194,476,0.0
17194,264,0.0
17194,200,0.0
17194,189,0.0
17194,362,0.0
17194,17,0.0
17194,16,0.0
4938,119,0.0
4938,20,0.0
4938,399,0.0
4938,476,0.0
4938,264,0.0
4938,200,0.0
4938,189,0.0
4938,362,0.0
4938,17,0.0
4938,16,0.0
16286,119,0.0
16286,20,0.0
16286,399,0.0
16286,476,0.0
16286,264,0.0
16286,200,0.0
16286,189,0.0
16286,362,0.0
16286,17,0.0
16286,16,0.0
17016,119,0.0
17016,20,0.0
17016,399,0.0
17016,476,0.0
17016,264,0.0
17016,200,0.0
17016,189,0.0
17016,362,0.0
17016,17,0.0
17016,16,0.0
11614,119,0.0
11614,20,0.0
11614,399,0.0
11614,476,0.0
11614,264,0.0
11614,200,0.0
11614,189,0.0
11614,362,0.0
11614,17,0.0
11614,16,0.0
18677,119,0.0
18677,20,0.0
18677,399,0.0
18677,476,0.0
18677,264,0.0
18677,200,0.0
18677,189,0.0
18677,362,0.0
18677,17,0.0
18677,16,0.0
17490,399,9.0
17490,200,8.0
17490,79,6.0
17490,189,6.0
17490,119,6.0
17490,94,6.0
17490,255,6.0
17490,352,5.0
17490,287,4.0
17490,310,3.0
64,119,0.0
64,20,0.0
64,399,0.0
64,476,0.0
64,264,0.0
64,200,0.0
64,189,0.0
64,362,0.0
64,17,0.0
64,16,0.0
8278,119,0.0
8278,20,0.0
8278,399,0.0
8278,476,0.0
8278,264,0.0
8278,200,0.0
8278,189,0.0
8278,362,0.0
8278,17,0.0
8278,16,0.0
11481,119,0.0
11481,20,0.0
11481,399,0.0
11481,476,0.0
11481,264,0.0
11481,200,0.0
11481,189,0.0
11481,362,0.0
11481,17,0.0
11481,16,0.0
17776,119,0.0
17776,20,0.0
17776,399,0.0
17776,476,0.0
17776,264,0.0
17776,200,0.0
17776,189,0.0
17776,362,0.0
17776,17,0.0
17776,16,0.0
1323,119,0.0
1323,20,0.0
1323,399,0.0
1323,476,0.0
1323,264,0.0
1323,200,0.0
1323,189,0.0
1323,17,0.0
1323,16,0.0
1323,310,0.0
2989,119,0.0
2989,20,0.0
2989,399,0.0
2989,476,0.0
2989,264,0.0
2989,200,0.0
2989,189,0.0
2989,362,0.0
2989,17,0.0
2989,16,0.0
