9657,255,0.7683320746163322
9657,400,0.5000000000000001
9657,824,0.4354532318358856
9657,22,0.43372607186791856
9657,19,0.2678571428571429
9657,415,0.1745320178497086
9657,416,0.14218674869184905
9657,125,0.0
9657,190,-0.06547619047619041
9657,284,-0.11510854041371457
1550,119,0.0
1550,20,0.0
1550,399,0.0
1550,476,0.0
1550,264,0.0
1550,200,0.0
1550,189,0.0
1550,362,0.0
1550,17,0.0
1550,16,0.0
17924,119,0.0
17924,20,0.0
17924,476,0.0
17924,200,0.0
17924,189,0.0
17924,362,0.0
17924,17,0.0
17924,16,0.0
17924,310,0.0
17924,59,0.0
4672,119,0.0
4672,20,0.0
4672,399,0.0
4672,476,0.0
4672,264,0.0
4672,200,0.0
4672,189,0.0
4672,362,0.0
4672,17,0.0
4672,16,0.0
8497,119,0.0
8497,20,0.0
8497,399,0.0
8497,476,0.0
8497,264,0.0
8497,200,0.0
8497,189,0.0
8497,362,0.0
8497,17,0.0
8497,16,0.0
9070,20,6.780298085245832
9070,94,4.096233512271249
9070,399,3.6136314185791676
9070,22,3.2019739740604933
9070,255,2.9875711232532947
9070,200,2.9529712498918457
9070,189,2.770426259036572
9070,287,2.6502626335391546
9070,59,1.4705895735660697
9070,134,1.1486780339877856
16845,119,0.0
16845,20,0.0
16845,399,0.0
16845,476,0.0
16845,264,0.0
16845,200,0.0
16845,189,0.0
16845,362,0.0
16845,17,0.0
16845,16,0.0
7943,255,7.818921625334399
7943,310,4.915297625975634
7943,352,4.450376881679237
7943,22,4.335607657144656
7943,59,2.266893239202617
7943,89,2.0801047446111864
7943,78,1.4921113990274648
7943,416,1.4248706321434232
7943,824,1.2569759221100805
7943,190,0.85041410109072
8348,119,0.0
8348,20,0.0
8348,399,0.0
8348,476,0.0
8348,264,0.0
8348,189,0.0
8348,362,0.0
8348,17,0.0
8348,310,0.0
8348,59,0.0
7974,310,11.287125930629262
7974,189,9.712916219892064
7974,16,8.230061710612354
7974,352,6.920233156112042
7974,362,5.115743926292874
7974,22,4.5641420366794225
7974,78,2.661928527645516
7974,134,1.8565266177066928
7974,89,1.2851898578286984
7974,59,0.8955942185100874
19001,79,7.614634927117896
19001,22,3.6487239513232783
19001,352,1.3892038369539188
19001,78,1.2208971030886269
19001,824,1.0121609567269045
19001,284,0.786245468452446
19001,416,0.77430045205394
19001,59,0.617828397626895
19001,190,0.5263913825430317
19001,89,0.21504306658015482
5878,287,3.694680044850296
5878,352,3.4521847087676862
5878,255,3.0026037710171067
5878,78,2.278596921261881
5878,89,1.5730062961071556
5878,16,1.1541501002543342
5878,400,0.9999999999999998
5878,77,0.5000000000000001
5878,125,0.0
5878,119,-0.0770094727336792
19049,189,6.780260895689414
19049,79,6.1844959840341645
19049,200,5.833982087093066
19049,287,5.750826781026872
19049,16,5.461874212864506
19049,22,5.297898642954341
19049,310,4.718241552911795
19049,255,3.647721909192537
19049,59,2.5061448162082223
19049,824,1.3757165715412776
1359,119,0.0
1359,20,0.0
1359,476,0.0
1359,264,0.0
1359,200,0.0
1359,189,0.0
1359,362,0.0
1359,17,0.0
1359,16,0.0
1359,310,0.0
8347,119,0.0
8347,399,0.0
8347,476,0.0
8347,264,0.0
8347,200,0.0
8347,189,0.0
8347,362,0.0
8347,17,0.0
8347,16,0.0
8347,310,0.0
19003,200,20.819269065781405
19003,255,10.814856406820802
19003,22,7.58521174478253
19003,352,6.010919607266854
19003,16,5.171109267160777
19003,59,3.770537643540785
19003,78,1.6746421210412386
19003,89,1.574224213825356
19003,416,1.353630243324637
19003,824,1.0280245327784594
12415,119,0.0
12415,20,0.0
12415,399,0.0
12415,476,0.0
12415,264,0.0
12415,200,0.0
12415,189,0.0
12415,362,0.0
12415,17,0.0
12415,16,0.0
11894,287,15.302795472787238
11894,310,12.10173198988113
11894,255,10.241264425602383
11894,22,9.587880405784949
11894,16,7.953284716944121
11894,352,7.464016103639008
11894,362,6.796815838459933
11894,59,3.5156134875433227
11894,89,3.3762857355954736
11894,78,2.596647140124637
19000,200,11.262178064725315
19000,22,4.154811842034284
19000,310,4.044657034192049
19000,255,2.091491076688839
19000,189,2.0419873098984658
19000,79,1.9324969934133944
19000,352,1.3052494195025528
19000,400,1.0000000000000002
19000,476,0.5833333333333334
19000,17,0.5833333333333334
19030,415,0.19245008972987526
19030,19,0.14547859349066158
19030,190,0.14547859349066158
19030,125,0.0
19030,77,0.0
19030,400,0.0
19030,824,-0.2038642798875755
19030,17,-0.4082482904638631
19030,476,-0.4082482904638631
19030,416,-0.7506792044159768
4729,119,0.0
4729,20,0.0
4729,399,0.0
4729,476,0.0
4729,264,0.0
4729,200,0.0
4729,189,0.0
4729,362,0.0
4729,17,0.0
4729,16,0.0
18257,119,0.0
18257,20,0.0
18257,399,0.0
18257,476,0.0
18257,264,0.0
18257,200,0.0
18257,189,0.0
18257,362,0.0
18257,17,0.0
18257,16,0.0
5872,362,6.160612118164704
5872,119,5.580287504216965
5872,310,4.417528951191089
5872,255,3.4226665410797743
5872,16,3.023409393315302
5872,22,1.2056118109779852
5872,59,1.1769372621750618
5872,200,1.1182011103235707
5872,77,0.9999999999999998
5872,824,0.8815091045415078
12414,287,11.57963948003503
12414,310,11.511102531607383
12414,20,8.22575835959729
12414,94,8.055305825189016
12414,255,7.66660445508529
12414,362,6.2166154986713895
12414,22,6.113061406290903
12414,79,5.627252950926945
12414,119,4.923887015492623
12414,352,4.812301566555263
8173,119,0.0
8173,20,0.0
8173,399,0.0
8173,476,0.0
8173,264,0.0
8173,200,0.0
8173,189,0.0
8173,362,0.0
8173,17,0.0
8173,16,0.0
4588,119,0.0
4588,20,0.0
4588,399,0.0
4588,476,0.0
4588,264,0.0
4588,200,0.0
4588,189,0.0
4588,362,0.0
4588,17,0.0
4588,16,0.0
19008,119,0.0
19008,20,0.0
19008,399,0.0
19008,476,0.0
19008,264,0.0
19008,200,0.0
19008,189,0.0
19008,362,0.0
19008,17,0.0
19008,16,0.0
7796,119,0.0
7796,20,0.0
7796,399,0.0
7796,476,0.0
7796,264,0.0
7796,200,0.0
7796,189,0.0
7796,362,0.0
7796,17,0.0
7796,16,0.0
16513,119,0.0
16513,20,0.0
16513,399,0.0
16513,476,0.0
16513,264,0.0
16513,200,0.0
16513,189,0.0
16513,362,0.0
16513,17,0.0
16513,16,0.0
319,119,0.0
319,20,0.0
319,399,0.0
319,476,0.0
319,264,0.0
319,200,0.0
319,189,0.0
319,362,0.0
319,17,0.0
319,16,0.0
4696,119,0.0
4696,20,0.0
4696,399,0.0
4696,476,0.0
4696,264,0.0
4696,200,0.0
4696,189,0.0
4696,362,0.0
4696,17,0.0
4696,16,0.0
11917,119,0.0
11917,20,0.0
11917,399,0.0
11917,476,0.0
11917,264,0.0
11917,200,0.0
11917,189,0.0
11917,362,0.0
11917,17,0.0
11917,16,0.0
5120,200,5.437862095562235
5120,264,4.571836691777797
5120,20,4.437862095562235
5120,362,3.437862095562237
5120,399,3.3038874993466756
5120,16,2.7226499018873853
5120,22,2.7152121936748514
5120,352,2.6770431672798254
5120,189,2.437862095562237
5120,59,1.8660254037844388
4304,20,0.0
4304,399,0.0
4304,476,0.0
4304,264,0.0
4304,200,0.0
4304,362,0.0
4304,17,0.0
4304,16,0.0
4304,310,0.0
4304,59,0.0
18260,119,0.0
18260,20,0.0
18260,399,0.0
18260,476,0.0
18260,264,0.0
18260,200,0.0
18260,189,0.0
18260,362,0.0
18260,17,0.0
18260,16,0.0
4,200,21.1321650077333
4,255,9.537093306630826
4,22,8.542345047121511
4,362,8.038964177815052
4,16,5.859087348315798
4,59,4.769859952525988
4,352,4.409928504332399
4,78,2.1868371400714777
4,416,1.7780392066371655
4,824,1.6169582498518782
19029,415,0.9999999999999998
19029,264,4.440892098500626E-16
19029,16,2.220446049250313E-16
19029,824,0.0
19029,78,0.0
19029,476,0.0
19029,17,0.0
19029,134,0.0
19029,284,0.0
19029,125,0.0
8342,22,8.98075769408406
8342,310,8.496590007499352
8342,352,8.281825959289794
8342,255,6.709676291587639
8342,59,5.986145893847878
8342,89,3.748560443034238
8342,78,2.8694241221356673
8342,824,1.2710626865929489
8342,284,0.985502680896541
8342,134,0.9352845227085078
19048,200,17.096697676079238
19048,20,16.386322786534144
19048,255,13.669084458625063
19048,287,11.763277019436062
19048,362,8.369050803358697
19048,310,8.18164811113488
19048,189,7.658700592612085
19048,22,7.60634460641319
19048,16,7.0692138049996585
19048,352,6.942365281508981
18251,264,4.687411826961897
18251,20,4.12175552617086
18251,119,3.669307001574417
18251,255,3.3287572566135095
18251,287,2.403230585598485
18251,22,2.0892185596415374
18251,79,1.8138132023249165
18251,415,0.9999999999999998
18251,134,0.981980506061966
18251,17,0.9819805060619659
2090,20,0.0
2090,399,0.0
2090,476,0.0
2090,264,0.0
2090,200,0.0
2090,189,0.0
2090,362,0.0
2090,17,0.0
2090,16,0.0
2090,310,0.0
19159,119,23.844738096505274
19159,264,21.154106832651568
19159,189,14.50768546615259
19159,287,14.058287300415277
19159,362,14.000016961631676
19159,79,13.839950146330956
19159,310,12.780915148329122
19159,255,10.939872007985619
19159,16,9.666472401491571
19159,352,7.065564738423591
19018,119,0.0
19018,20,0.0
19018,399,0.0
19018,476,0.0
19018,264,0.0
19018,200,0.0
19018,189,0.0
19018,362,0.0
19018,17,0.0
19018,16,0.0
14223,362,1.258984256617821
14223,824,1.0334733753473382
14223,284,0.8333333333333335
14223,16,0.6763156270803964
14223,59,0.6697271554660875
14223,79,0.4954500193907272
14223,416,0.40213756481511675
14223,352,0.045802334222897256
14223,415,0.0
14223,125,0.0
19534,20,0.0
19534,399,0.0
19534,476,0.0
19534,264,0.0
19534,200,0.0
19534,189,0.0
19534,362,0.0
19534,17,0.0
19534,16,0.0
19534,310,0.0
8289,119,0.0
8289,20,0.0
8289,399,0.0
8289,476,0.0
8289,264,0.0
8289,200,0.0
8289,189,0.0
8289,362,0.0
8289,17,0.0
8289,16,0.0
15596,190,0.9999999999999998
15596,19,0.9999999999999998
15596,125,0.0
15596,17,0.0
15596,824,0.0
15596,476,0.0
15596,134,0.0
15596,415,0.0
15596,416,0.0
15596,77,0.0
18249,20,0.0
18249,399,0.0
18249,476,0.0
18249,264,0.0
18249,200,0.0
18249,189,0.0
18249,362,0.0
18249,17,0.0
18249,16,0.0
18249,310,0.0
10885,119,0.0
10885,20,0.0
10885,399,0.0
10885,476,0.0
10885,264,0.0
10885,200,0.0
10885,189,0.0
10885,362,0.0
10885,17,0.0
10885,16,0.0
19046,119,0.0
19046,20,0.0
19046,399,0.0
19046,476,0.0
19046,264,0.0
19046,200,0.0
19046,189,0.0
19046,362,0.0
19046,17,0.0
19046,16,0.0
10369,119,0.0
10369,20,0.0
10369,399,0.0
10369,476,0.0
10369,264,0.0
10369,200,0.0
10369,189,0.0
10369,362,0.0
10369,17,0.0
10369,16,0.0
4693,20,0.0
4693,399,0.0
4693,476,0.0
4693,264,0.0
4693,200,0.0
4693,189,0.0
4693,362,0.0
4693,17,0.0
4693,16,0.0
4693,310,0.0
12411,20,26.888843988417648
12411,264,25.162816956770804
12411,94,16.391373941561646
12411,287,15.662572767577112
12411,189,14.438538747081108
12411,310,13.707163292541372
12411,255,12.738444388327956
12411,362,11.855976224950014
12411,16,9.741477076594768
12411,22,9.181823231348025
16398,399,17.0
16398,20,15.0
16398,264,13.0
16398,200,12.0
16398,94,12.0
16398,189,10.0
16398,362,9.0
16398,287,9.0
16398,310,8.0
16398,16,7.0
18259,119,0.0
18259,20,0.0
18259,399,0.0
18259,476,0.0
18259,264,0.0
18259,200,0.0
18259,189,0.0
18259,362,0.0
18259,17,0.0
18259,16,0.0
8543,20,18.729033473481405
8543,264,16.302447984224866
8543,287,12.777435105225399
8543,189,12.113034796398772
8543,255,11.488008945817517
8543,79,11.010878233196614
8543,310,10.772114201836729
8543,362,9.829295921922505
8543,16,9.363232270456539
8543,22,7.814711578695062
19024,19,0.9999999999999998
19024,89,0.9999999999999998
19024,415,0.9999999999999998
19024,190,0.9999999999999998
19024,416,0.9999999999999998
19024,352,0.0
19024,77,0.0
19024,125,0.0
19024,400,0.0
19024,134,-1.1102230246251565E-16
18256,119,0.0
18256,20,0.0
18256,399,0.0
18256,476,0.0
18256,264,0.0
18256,200,0.0
18256,189,0.0
18256,362,0.0
18256,17,0.0
18256,16,0.0
4634,20,0.0
4634,399,0.0
4634,476,0.0
4634,264,0.0
4634,200,0.0
4634,362,0.0
4634,17,0.0
4634,16,0.0
4634,310,0.0
4634,59,0.0
465,119,0.0
465,20,0.0
465,399,0.0
465,476,0.0
465,264,0.0
465,200,0.0
465,189,0.0
465,362,0.0
465,17,0.0
465,16,0.0
5924,119,0.0
5924,20,0.0
5924,399,0.0
5924,476,0.0
5924,264,0.0
5924,200,0.0
5924,189,0.0
5924,362,0.0
5924,17,0.0
5924,16,0.0
19034,352,6.7337598567895105
19034,399,5.508449040351971
19034,287,5.324711889968773
19034,119,4.551720956009785
19034,79,4.174555295289085
19034,200,3.3771261318048698
19034,189,3.2743708578971695
19034,89,3.0524142418360958
19034,416,2.960768922830523
19034,94,2.656549439681978
8773,119,0.0
8773,20,0.0
8773,399,0.0
8773,476,0.0
8773,264,0.0
8773,200,0.0
8773,189,0.0
8773,362,0.0
8773,17,0.0
8773,16,0.0
469,119,0.0
469,20,0.0
469,399,0.0
469,476,0.0
469,264,0.0
469,200,0.0
469,189,0.0
469,362,0.0
469,17,0.0
469,16,0.0
18649,119,0.0
18649,20,0.0
18649,399,0.0
18649,476,0.0
18649,264,0.0
18649,200,0.0
18649,189,0.0
18649,362,0.0
18649,17,0.0
18649,16,0.0
19033,119,0.0
19033,20,0.0
19033,399,0.0
19033,476,0.0
19033,264,0.0
19033,200,0.0
19033,189,0.0
19033,362,0.0
19033,17,0.0
19033,16,0.0
4310,399,17.0
4310,20,15.0
4310,119,12.0
4310,362,11.0
4310,94,11.0
4310,264,11.0
4310,287,10.0
4310,310,10.0
4310,79,9.0
4310,255,9.0
5873,119,0.0
5873,20,0.0
5873,399,0.0
5873,476,0.0
5873,264,0.0
5873,200,0.0
5873,189,0.0
5873,362,0.0
5873,17,0.0
5873,16,0.0
11908,119,0.0
11908,20,0.0
11908,399,0.0
11908,476,0.0
11908,264,0.0
11908,200,0.0
11908,189,0.0
11908,362,0.0
11908,17,0.0
11908,16,0.0
18070,119,0.0
18070,20,0.0
18070,399,0.0
18070,476,0.0
18070,264,0.0
18070,200,0.0
18070,189,0.0
18070,362,0.0
18070,17,0.0
18070,16,0.0
14822,119,0.0
14822,20,0.0
14822,399,0.0
14822,476,0.0
14822,264,0.0
14822,200,0.0
14822,189,0.0
14822,362,0.0
14822,17,0.0
14822,16,0.0
18999,399,20.741945938084587
18999,264,16.558585589990177
18999,79,14.29531640328203
18999,94,14.103630757009292
18999,189,12.676378100142708
18999,310,12.049277454264496
18999,362,10.486498333989452
18999,352,8.028689102558191
18999,22,7.665359133429067
18999,255,7.400760206649867
14091,119,0.0
14091,20,0.0
14091,399,0.0
14091,476,0.0
14091,264,0.0
14091,200,0.0
14091,189,0.0
14091,362,0.0
14091,17,0.0
14091,16,0.0
1023,119,0.0
1023,20,0.0
1023,399,0.0
1023,476,0.0
1023,264,0.0
1023,200,0.0
1023,189,0.0
1023,362,0.0
1023,17,0.0
1023,16,0.0
3783,200,6.0
3783,20,5.0
3783,94,4.0
3783,189,3.0
3783,264,3.0
3783,310,2.000000000000001
3783,362,2.000000000000001
3783,134,2.0000000000000004
3783,476,1.0000000000000002
3783,17,1.0000000000000002
19913,119,0.0
19913,20,0.0
19913,399,0.0
19913,476,0.0
19913,264,0.0
19913,200,0.0
19913,189,0.0
19913,362,0.0
19913,17,0.0
19913,16,0.0
19012,119,0.0
19012,20,0.0
19012,399,0.0
19012,476,0.0
19012,264,0.0
19012,200,0.0
19012,189,0.0
19012,362,0.0
19012,17,0.0
19012,16,0.0
11918,119,0.0
11918,20,0.0
11918,399,0.0
11918,476,0.0
11918,264,0.0
11918,200,0.0
11918,189,0.0
11918,362,0.0
11918,17,0.0
11918,16,0.0
11912,119,0.0
11912,20,0.0
11912,399,0.0
11912,476,0.0
11912,264,0.0
11912,200,0.0
11912,189,0.0
11912,362,0.0
11912,17,0.0
11912,16,0.0
19022,119,0.0
19022,20,0.0
19022,399,0.0
19022,476,0.0
19022,264,0.0
19022,200,0.0
19022,189,0.0
19022,362,0.0
19022,17,0.0
19022,16,0.0
18250,119,0.0
18250,20,0.0
18250,399,0.0
18250,476,0.0
18250,264,0.0
18250,200,0.0
18250,189,0.0
18250,362,0.0
18250,17,0.0
18250,16,0.0
19028,119,0.0
19028,20,0.0
19028,399,0.0
19028,476,0.0
19028,264,0.0
19028,200,0.0
19028,189,0.0
19028,362,0.0
19028,17,0.0
19028,16,0.0
12350,119,0.0
12350,20,0.0
12350,399,0.0
12350,476,0.0
12350,264,0.0
12350,200,0.0
12350,189,0.0
12350,362,0.0
12350,17,0.0
12350,16,0.0
19021,119,0.0
19021,20,0.0
19021,399,0.0
19021,476,0.0
19021,264,0.0
19021,200,0.0
19021,189,0.0
19021,362,0.0
19021,17,0.0
19021,16,0.0
11911,119,0.0
11911,20,0.0
11911,399,0.0
11911,476,0.0
11911,264,0.0
11911,200,0.0
11911,189,0.0
11911,362,0.0
11911,17,0.0
11911,16,0.0
80,119,0.0
80,20,0.0
80,399,0.0
80,476,0.0
80,264,0.0
80,200,0.0
80,189,0.0
80,362,0.0
80,17,0.0
80,16,0.0
19043,264,13.05780213526127
19043,287,10.709936330445666
19043,310,8.265772290200426
19043,79,6.449746484542599
19043,352,5.564143712390731
19043,22,4.364289583533837
19043,16,3.9750727958192185
19043,78,2.7007760586798515
19043,134,2.213107189720036
19043,59,1.9159187741529933
11903,20,3.001049521665566
11903,200,2.623003871468459
11903,134,1.9449111825230683
11903,310,1.2569784676840223
11903,264,1.2008401285415236
11903,17,1.0000000000000002
11903,476,1.0000000000000002
11903,400,0.9999999999999998
11903,22,0.9003539695810747
11903,78,0.5000000000000001
19044,94,15.464837572959873
19044,200,13.388921814519648
19044,189,10.08813320385266
19044,22,8.715363901685755
19044,16,7.586968784069751
19044,362,7.252940136563614
19044,310,6.618973716593522
19044,255,6.243985719476866
19044,352,4.299070862699642
19044,78,1.799429802402323
8335,119,0.0
8335,20,0.0
8335,399,0.0
8335,476,0.0
8335,264,0.0
8335,200,0.0
8335,189,0.0
8335,362,0.0
8335,17,0.0
8335,16,0.0
4633,119,0.0
4633,20,0.0
4633,399,0.0
4633,476,0.0
4633,264,0.0
4633,200,0.0
4633,189,0.0
4633,362,0.0
4633,17,0.0
4633,16,0.0
4448,119,0.0
4448,20,0.0
4448,399,0.0
4448,476,0.0
4448,264,0.0
4448,200,0.0
4448,189,0.0
4448,362,0.0
4448,17,0.0
4448,16,0.0
11899,119,0.0
11899,20,0.0
11899,399,0.0
11899,476,0.0
11899,264,0.0
11899,200,0.0
11899,189,0.0
11899,362,0.0
11899,17,0.0
11899,16,0.0
10748,119,0.0
10748,20,0.0
10748,399,0.0
10748,476,0.0
10748,264,0.0
10748,200,0.0
10748,189,0.0
10748,362,0.0
10748,17,0.0
10748,16,0.0
11901,119,0.0
11901,20,0.0
11901,399,0.0
11901,476,0.0
11901,264,0.0
11901,200,0.0
11901,362,0.0
11901,17,0.0
11901,16,0.0
11901,310,0.0
18230,119,12.765590458086326
18230,264,12.568022708269094
18230,287,12.124484232851277
18230,189,10.374614056492522
18230,79,10.028944668281932
18230,255,9.628151052411868
18230,310,9.056551644499502
18230,362,8.992966841770269
18230,16,7.974465927845144
18230,352,7.366114101135111
11909,119,0.0
11909,20,0.0
11909,399,0.0
11909,476,0.0
11909,264,0.0
11909,200,0.0
11909,189,0.0
11909,362,0.0
11909,17,0.0
11909,16,0.0
7727,119,0.0
7727,20,0.0
7727,399,0.0
7727,476,0.0
7727,264,0.0
7727,200,0.0
7727,189,0.0
7727,362,0.0
7727,17,0.0
7727,16,0.0
11907,20,0.0
11907,399,0.0
11907,476,0.0
11907,264,0.0
11907,200,0.0
11907,189,0.0
11907,362,0.0
11907,17,0.0
11907,16,0.0
11907,310,0.0
6527,119,0.0
6527,20,0.0
6527,399,0.0
6527,476,0.0
6527,264,0.0
6527,200,0.0
6527,189,0.0
6527,362,0.0
6527,17,0.0
6527,16,0.0
19041,119,0.0
19041,20,0.0
19041,399,0.0
19041,476,0.0
19041,264,0.0
19041,200,0.0
19041,189,0.0
19041,362,0.0
19041,17,0.0
19041,16,0.0
8324,119,0.0
8324,20,0.0
8324,399,0.0
8324,476,0.0
8324,264,0.0
8324,200,0.0
8324,189,0.0
8324,362,0.0
8324,17,0.0
8324,16,0.0
11910,119,0.0
11910,20,0.0
11910,399,0.0
11910,476,0.0
11910,264,0.0
11910,200,0.0
11910,189,0.0
11910,362,0.0
11910,17,0.0
11910,16,0.0
502,119,0.0
502,20,0.0
502,399,0.0
502,476,0.0
502,264,0.0
502,200,0.0
502,189,0.0
502,362,0.0
502,17,0.0
502,16,0.0
6973,119,0.0
6973,20,0.0
6973,399,0.0
6973,476,0.0
6973,264,0.0
6973,200,0.0
6973,189,0.0
6973,362,0.0
6973,17,0.0
6973,16,0.0
19042,119,0.0
19042,20,0.0
19042,399,0.0
19042,476,0.0
19042,264,0.0
19042,200,0.0
19042,189,0.0
19042,362,0.0
19042,17,0.0
19042,16,0.0
18185,119,0.0
18185,20,0.0
18185,399,0.0
18185,476,0.0
18185,264,0.0
18185,200,0.0
18185,189,0.0
18185,362,0.0
18185,17,0.0
18185,16,0.0
10265,119,0.0
10265,20,0.0
10265,399,0.0
10265,476,0.0
10265,264,0.0
10265,200,0.0
10265,189,0.0
10265,362,0.0
10265,17,0.0
10265,16,0.0
5606,119,0.0
5606,20,0.0
5606,399,0.0
5606,476,0.0
5606,264,0.0
5606,200,0.0
5606,189,0.0
5606,362,0.0
5606,17,0.0
5606,16,0.0
19004,399,7.2446396636193935
19004,79,6.5782146048540175
19004,352,5.832768719676633
19004,59,2.1619417174840336
19004,89,1.2318401349588761
19004,416,0.8300943652612033
19004,78,0.5208208415624052
19004,190,0.3987645412962009
19004,19,0.3987645412962009
19004,77,0.3042903097250923
6128,119,0.0
6128,20,0.0
6128,399,0.0
6128,476,0.0
6128,264,0.0
6128,200,0.0
6128,189,0.0
6128,362,0.0
6128,17,0.0
6128,16,0.0
15717,119,11.627789988171326
15717,362,9.405447530347764
15717,264,8.70089829958629
15717,189,8.460536347824696
15717,310,5.871861042152873
15717,200,4.938807751666711
15717,16,4.8554707931063925
15717,79,3.7835743577327516
15717,255,3.4844144862742743
15717,59,3.322191748975322
13880,20,0.0
13880,399,0.0
13880,476,0.0
13880,264,0.0
13880,200,0.0
13880,189,0.0
13880,362,0.0
13880,17,0.0
13880,16,0.0
13880,310,0.0
14062,119,0.0
14062,20,0.0
14062,399,0.0
14062,476,0.0
14062,264,0.0
14062,200,0.0
14062,189,0.0
14062,362,0.0
14062,17,0.0
14062,16,0.0
98,119,0.0
98,20,0.0
98,399,0.0
98,476,0.0
98,264,0.0
98,200,0.0
98,189,0.0
98,362,0.0
98,17,0.0
98,16,0.0
12122,119,0.0
12122,20,0.0
12122,399,0.0
12122,476,0.0
12122,264,0.0
12122,200,0.0
12122,189,0.0
12122,362,0.0
12122,17,0.0
12122,16,0.0
11919,119,0.0
11919,20,0.0
11919,399,0.0
11919,476,0.0
11919,264,0.0
11919,200,0.0
11919,189,0.0
11919,362,0.0
11919,17,0.0
11919,16,0.0
19035,119,0.0
19035,20,0.0
19035,399,0.0
19035,476,0.0
19035,264,0.0
19035,200,0.0
19035,189,0.0
19035,362,0.0
19035,17,0.0
19035,16,0.0
6528,264,15.077923882545242
6528,399,12.57792388254524
6528,94,10.821994936526787
6528,119,10.577923882545239
6528,200,10.077923882545239
6528,287,9.821994936526787
6528,189,6.57792388254524
6528,310,6.57792388254524
6528,352,5.077923882545241
6528,362,4.577923882545241
12416,119,0.0
12416,20,0.0
12416,399,0.0
12416,476,0.0
12416,264,0.0
12416,200,0.0
12416,189,0.0
12416,362,0.0
12416,17,0.0
12416,16,0.0
7333,119,0.0
7333,20,0.0
7333,399,0.0
7333,476,0.0
7333,264,0.0
7333,200,0.0
7333,189,0.0
7333,362,0.0
7333,17,0.0
7333,16,0.0
19138,119,0.0
19138,20,0.0
19138,399,0.0
19138,476,0.0
19138,264,0.0
19138,200,0.0
19138,189,0.0
19138,362,0.0
19138,17,0.0
19138,16,0.0
6526,119,0.0
6526,20,0.0
6526,399,0.0
6526,476,0.0
6526,264,0.0
6526,200,0.0
6526,189,0.0
6526,362,0.0
6526,17,0.0
6526,16,0.0
19027,119,0.0
19027,20,0.0
19027,399,0.0
19027,476,0.0
19027,264,0.0
19027,200,0.0
19027,189,0.0
19027,362,0.0
19027,17,0.0
19027,16,0.0
15594,200,7.894398322777828
15594,16,6.8011125034317494
15594,310,6.565534755719466
15594,255,6.315916229339885
15594,94,5.628290768014729
15594,287,4.579547937327292
15594,352,4.252800979373749
15594,399,4.180669776442075
15594,22,4.130973482190577
15594,362,4.063047634486758
8917,119,0.0
8917,20,0.0
8917,399,0.0
8917,476,0.0
8917,264,0.0
8917,200,0.0
8917,189,0.0
8917,362,0.0
8917,17,0.0
8917,16,0.0
19011,119,0.0
19011,20,0.0
19011,399,0.0
19011,476,0.0
19011,264,0.0
19011,200,0.0
19011,189,0.0
19011,362,0.0
19011,17,0.0
19011,16,0.0
11904,119,0.0
11904,20,0.0
11904,399,0.0
11904,476,0.0
11904,264,0.0
11904,200,0.0
11904,189,0.0
11904,362,0.0
11904,17,0.0
11904,16,0.0
6553,119,0.0
6553,20,0.0
6553,399,0.0
6553,476,0.0
6553,264,0.0
6553,200,0.0
6553,189,0.0
6553,362,0.0
6553,17,0.0
6553,16,0.0
14738,119,0.0
14738,20,0.0
14738,399,0.0
14738,476,0.0
14738,264,0.0
14738,200,0.0
14738,189,0.0
14738,362,0.0
14738,17,0.0
14738,16,0.0
7645,119,0.0
7645,20,0.0
7645,399,0.0
7645,476,0.0
7645,264,0.0
7645,200,0.0
7645,189,0.0
7645,362,0.0
7645,17,0.0
7645,16,0.0
13564,119,0.0
13564,20,0.0
13564,399,0.0
13564,476,0.0
13564,264,0.0
13564,200,0.0
13564,189,0.0
13564,362,0.0
13564,17,0.0
13564,16,0.0
1013,119,0.0
1013,20,0.0
1013,399,0.0
1013,476,0.0
1013,264,0.0
1013,200,0.0
1013,189,0.0
1013,362,0.0
1013,17,0.0
1013,16,0.0
18231,119,0.0
18231,20,0.0
18231,399,0.0
18231,476,0.0
18231,264,0.0
18231,200,0.0
18231,189,0.0
18231,362,0.0
18231,17,0.0
18231,16,0.0
3736,119,0.0
3736,20,0.0
3736,399,0.0
3736,476,0.0
3736,264,0.0
3736,200,0.0
3736,189,0.0
3736,362,0.0
3736,17,0.0
3736,16,0.0
5119,119,0.0
5119,20,0.0
5119,399,0.0
5119,476,0.0
5119,264,0.0
5119,200,0.0
5119,189,0.0
5119,362,0.0
5119,17,0.0
5119,16,0.0
11915,264,5.605504992253534
11915,287,4.559318534419993
11915,352,4.538979630769166
11915,119,2.840747439469494
11915,89,0.953820966476532
11915,284,0.8110177634953866
11915,416,0.7648387299719184
11915,22,0.6402549060796421
11915,399,0.5802826916603134
11915,200,0.44673686778429733
18261,119,0.0
18261,20,0.0
18261,399,0.0
18261,476,0.0
18261,264,0.0
18261,200,0.0
18261,189,0.0
18261,362,0.0
18261,17,0.0
18261,16,0.0
11900,119,0.0
11900,20,0.0
11900,476,0.0
11900,264,0.0
11900,200,0.0
11900,189,0.0
11900,362,0.0
11900,17,0.0
11900,16,0.0
11900,310,0.0
6788,119,0.0
6788,20,0.0
6788,399,0.0
6788,476,0.0
6788,264,0.0
6788,200,0.0
6788,189,0.0
6788,362,0.0
6788,17,0.0
6788,16,0.0
16835,119,0.0
16835,20,0.0
16835,399,0.0
16835,476,0.0
16835,264,0.0
16835,200,0.0
16835,189,0.0
16835,362,0.0
16835,17,0.0
16835,16,0.0
19201,119,0.0
19201,20,0.0
19201,399,0.0
19201,476,0.0
19201,264,0.0
19201,200,0.0
19201,189,0.0
19201,362,0.0
19201,17,0.0
19201,16,0.0
19038,119,0.0
19038,20,0.0
19038,399,0.0
19038,476,0.0
19038,264,0.0
19038,200,0.0
19038,189,0.0
19038,362,0.0
19038,17,0.0
19038,16,0.0
5925,119,0.0
5925,20,0.0
5925,399,0.0
5925,476,0.0
5925,264,0.0
5925,200,0.0
5925,362,0.0
5925,17,0.0
5925,16,0.0
5925,310,0.0
16836,119,0.0
16836,20,0.0
16836,399,0.0
16836,476,0.0
16836,264,0.0
16836,200,0.0
16836,189,0.0
16836,362,0.0
16836,17,0.0
16836,16,0.0
19013,119,0.0
19013,20,0.0
19013,399,0.0
19013,476,0.0
19013,200,0.0
19013,189,0.0
19013,362,0.0
19013,17,0.0
19013,16,0.0
19013,310,0.0
19015,119,0.0
19015,20,0.0
19015,399,0.0
19015,476,0.0
19015,264,0.0
19015,200,0.0
19015,189,0.0
19015,362,0.0
19015,17,0.0
19015,16,0.0
417,119,0.0
417,20,0.0
417,399,0.0
417,476,0.0
417,264,0.0
417,200,0.0
417,189,0.0
417,362,0.0
417,17,0.0
417,16,0.0
19005,200,3.13127368628205
19005,287,2.634194450117551
19005,89,1.193352239138427
19005,415,0.9999999999999998
19005,400,0.9999999999999998
19005,19,0.8660254037844385
19005,310,0.6364251796849587
19005,22,0.18947341586451127
19005,255,0.08925502889780912
19005,17,0.0
14710,119,0.0
14710,20,0.0
14710,399,0.0
14710,476,0.0
14710,264,0.0
14710,200,0.0
14710,189,0.0
14710,362,0.0
14710,17,0.0
14710,16,0.0
9900,119,0.0
9900,20,0.0
9900,399,0.0
9900,476,0.0
9900,264,0.0
9900,200,0.0
9900,189,0.0
9900,362,0.0
9900,17,0.0
9900,16,0.0
10091,119,0.0
10091,399,0.0
10091,476,0.0
10091,264,0.0
10091,200,0.0
10091,189,0.0
10091,362,0.0
10091,17,0.0
10091,16,0.0
10091,310,0.0
6754,119,0.0
6754,20,0.0
6754,399,0.0
6754,476,0.0
6754,264,0.0
6754,200,0.0
6754,189,0.0
6754,362,0.0
6754,17,0.0
6754,16,0.0
19045,119,0.0
19045,20,0.0
19045,399,0.0
19045,476,0.0
19045,264,0.0
19045,200,0.0
19045,189,0.0
19045,362,0.0
19045,17,0.0
19045,16,0.0
418,119,0.0
418,20,0.0
418,399,0.0
418,476,0.0
418,264,0.0
418,200,0.0
418,189,0.0
418,362,0.0
418,17,0.0
418,16,0.0
419,119,0.0
419,20,0.0
419,399,0.0
419,476,0.0
419,264,0.0
419,200,0.0
419,189,0.0
419,362,0.0
419,17,0.0
419,16,0.0
1362,119,0.0
1362,20,0.0
1362,399,0.0
1362,476,0.0
1362,264,0.0
1362,200,0.0
1362,189,0.0
1362,362,0.0
1362,17,0.0
1362,16,0.0
19040,119,0.0
19040,20,0.0
19040,399,0.0
19040,476,0.0
19040,264,0.0
19040,200,0.0
19040,189,0.0
19040,362,0.0
19040,17,0.0
19040,16,0.0
5565,119,0.0
5565,20,0.0
5565,399,0.0
5565,476,0.0
5565,264,0.0
5565,200,0.0
5565,189,0.0
5565,362,0.0
5565,17,0.0
5565,16,0.0
11916,119,0.0
11916,20,0.0
11916,399,0.0
11916,476,0.0
11916,264,0.0
11916,200,0.0
11916,189,0.0
11916,362,0.0
11916,17,0.0
11916,16,0.0
10460,119,0.0
10460,20,0.0
10460,399,0.0
10460,476,0.0
10460,264,0.0
10460,200,0.0
10460,189,0.0
10460,362,0.0
10460,17,0.0
10460,16,0.0
2046,119,0.0
2046,20,0.0
2046,399,0.0
2046,476,0.0
2046,264,0.0
2046,200,0.0
2046,189,0.0
2046,362,0.0
2046,17,0.0
2046,16,0.0
18506,119,0.0
18506,20,0.0
18506,399,0.0
18506,476,0.0
18506,264,0.0
18506,200,0.0
18506,189,0.0
18506,362,0.0
18506,17,0.0
18506,16,0.0
9901,119,0.0
9901,20,0.0
9901,399,0.0
9901,476,0.0
9901,264,0.0
9901,200,0.0
9901,189,0.0
9901,362,0.0
9901,17,0.0
9901,16,0.0
12009,119,0.0
12009,20,0.0
12009,399,0.0
12009,476,0.0
12009,264,0.0
12009,200,0.0
12009,189,0.0
12009,362,0.0
12009,17,0.0
12009,16,0.0
4449,119,0.0
4449,20,0.0
4449,399,0.0
4449,476,0.0
4449,264,0.0
4449,200,0.0
4449,189,0.0
4449,362,0.0
4449,17,0.0
4449,16,0.0
19026,119,0.0
19026,20,0.0
19026,399,0.0
19026,476,0.0
19026,264,0.0
19026,200,0.0
19026,189,0.0
19026,362,0.0
19026,17,0.0
19026,16,0.0
1361,119,0.0
1361,20,0.0
1361,399,0.0
1361,476,0.0
1361,264,0.0
1361,200,0.0
1361,189,0.0
1361,362,0.0
1361,17,0.0
1361,16,0.0
12412,119,0.0
12412,20,0.0
12412,399,0.0
12412,476,0.0
12412,264,0.0
12412,200,0.0
12412,189,0.0
12412,362,0.0
12412,17,0.0
12412,16,0.0
10461,119,0.0
10461,20,0.0
10461,399,0.0
10461,476,0.0
10461,264,0.0
10461,200,0.0
10461,189,0.0
10461,362,0.0
10461,17,0.0
10461,16,0.0
11711,119,0.0
11711,20,0.0
11711,399,0.0
11711,476,0.0
11711,264,0.0
11711,200,0.0
11711,189,0.0
11711,362,0.0
11711,17,0.0
11711,16,0.0
6323,264,23.215145548301766
6323,89,3.238511077846909
6323,134,1.6233387087453341
6323,190,1.1849038797088562
6323,284,1.0959011724971108
6323,78,0.5090162771164268
6323,19,0.4847638376948514
6323,415,0.45620575372025207
6323,77,0.4295502632650628
6323,125,0.0
10833,119,0.0
10833,20,0.0
10833,399,0.0
10833,476,0.0
10833,264,0.0
10833,200,0.0
10833,189,0.0
10833,362,0.0
10833,17,0.0
10833,16,0.0
17184,89,1.9999999999999996
17184,19,0.9999999999999998
17184,400,0.9999999999999998
17184,255,0.9999999999999991
17184,352,0.9999999999999991
17184,22,0.9999999999999991
17184,200,0.9999999999999982
17184,190,0.0
17184,476,0.0
17184,17,0.0
2418,264,2.86735978586281
2418,399,2.091605142613081
2418,16,1.7935201613432572
2418,78,1.477740392255003
2418,284,0.5423261445466404
2418,59,0.4635510212599347
2418,119,0.2956479965379202
2418,416,0.12975755058557725
2418,824,0.09354720936668219
2418,362,0.04574090432337463
15300,20,15.97771480270998
15300,94,12.2922025633737
15300,264,12.198188192760764
15300,310,8.515279451594486
15300,255,7.882443207513951
15300,189,7.152766384028965
15300,287,6.370794261752357
15300,22,5.15450964954656
15300,362,3.96569880718931
15300,16,3.2358969530153594
9532,119,0.0
9532,20,0.0
9532,399,0.0
9532,476,0.0
9532,264,0.0
9532,200,0.0
9532,189,0.0
9532,362,0.0
9532,17,0.0
9532,16,0.0
11500,399,11.520273745488787
11500,264,9.965425059805812
11500,16,7.149879706015143
11500,362,6.1257762971992396
11500,287,5.373605079403077
11500,94,4.34233132230437
11500,200,2.9453357295684253
11500,59,2.4547305601130027
11500,78,1.6741496331433645
11500,79,1.4377471998682099
6325,119,0.0
6325,20,0.0
6325,399,0.0
6325,476,0.0
6325,264,0.0
6325,200,0.0
6325,189,0.0
6325,362,0.0
6325,17,0.0
6325,16,0.0
19759,119,0.0
19759,20,0.0
19759,399,0.0
19759,476,0.0
19759,264,0.0
19759,200,0.0
19759,189,0.0
19759,362,0.0
19759,17,0.0
19759,16,0.0
6326,119,0.0
6326,20,0.0
6326,399,0.0
6326,476,0.0
6326,264,0.0
6326,200,0.0
6326,189,0.0
6326,362,0.0
6326,17,0.0
6326,16,0.0
16883,119,0.0
16883,20,0.0
16883,399,0.0
16883,476,0.0
16883,264,0.0
16883,200,0.0
16883,189,0.0
16883,362,0.0
16883,17,0.0
16883,16,0.0
5202,119,0.0
5202,20,0.0
5202,399,0.0
5202,476,0.0
5202,264,0.0
5202,200,0.0
5202,189,0.0
5202,362,0.0
5202,17,0.0
5202,16,0.0
4158,119,0.0
4158,20,0.0
4158,399,0.0
4158,476,0.0
4158,264,0.0
4158,200,0.0
4158,189,0.0
4158,362,0.0
4158,17,0.0
4158,16,0.0
13519,119,0.0
13519,20,0.0
13519,399,0.0
13519,476,0.0
13519,264,0.0
13519,200,0.0
13519,189,0.0
13519,362,0.0
13519,17,0.0
13519,16,0.0
10523,119,0.0
10523,20,0.0
10523,399,0.0
10523,476,0.0
10523,264,0.0
10523,200,0.0
10523,189,0.0
10523,362,0.0
10523,17,0.0
10523,16,0.0
9147,119,0.0
9147,20,0.0
9147,399,0.0
9147,476,0.0
9147,264,0.0
9147,200,0.0
9147,189,0.0
9147,362,0.0
9147,17,0.0
9147,16,0.0
18588,119,0.0
18588,20,0.0
18588,399,0.0
18588,476,0.0
18588,264,0.0
18588,200,0.0
18588,189,0.0
18588,362,0.0
18588,17,0.0
18588,16,0.0
17372,119,0.0
17372,20,0.0
17372,399,0.0
17372,476,0.0
17372,264,0.0
17372,200,0.0
17372,189,0.0
17372,362,0.0
17372,17,0.0
17372,16,0.0
971,399,9.0
971,264,7.0
971,16,7.0
971,94,5.0
971,310,5.0
971,362,5.0
971,287,4.0
971,200,4.0
971,79,3.999999999999999
971,189,3.0
7245,119,0.0
7245,20,0.0
7245,399,0.0
7245,476,0.0
7245,264,0.0
7245,200,0.0
7245,189,0.0
7245,362,0.0
7245,17,0.0
7245,16,0.0
2952,16,2.016489726750339
2952,134,1.9903089818542554
2952,59,1.934989308545269
2952,824,0.8503054764381994
2952,77,0.6821865008193587
2952,284,0.6343351795376282
2952,400,0.5000000000000001
2952,415,0.3987645412962009
2952,17,0.2678571428571429
2952,476,0.2678571428571429
964,89,2.6911329997271536
964,352,1.425496952051987
964,416,0.2232196707923816
964,284,0.19147361303186436
964,415,0.09819416488312332
964,125,0.0
964,400,0.0
964,19,-0.02337622911060922
964,190,-0.1558294648171136
964,59,-0.2482990857850651
7250,119,0.0
7250,20,0.0
7250,399,0.0
7250,476,0.0
7250,264,0.0
7250,200,0.0
7250,189,0.0
7250,362,0.0
7250,17,0.0
7250,16,0.0
2954,16,4.910451440827724
2954,362,4.376018246135923
2954,189,3.176052838080772
2954,94,1.7196776505546971
2954,78,1.5908868738245474
2954,824,1.5002600396855537
2954,284,1.315479606059002
2954,77,0.9999999999999998
2954,287,0.7590073300693763
2954,310,0.6869712153300886
15304,119,0.0
15304,20,0.0
15304,399,0.0
15304,476,0.0
15304,264,0.0
15304,200,0.0
15304,189,0.0
15304,362,0.0
15304,17,0.0
15304,16,0.0
1103,119,0.0
1103,20,0.0
1103,399,0.0
1103,476,0.0
1103,200,0.0
1103,189,0.0
1103,362,0.0
1103,17,0.0
1103,16,0.0
1103,310,0.0
15924,119,0.0
15924,20,0.0
15924,399,0.0
15924,476,0.0
15924,264,0.0
15924,200,0.0
15924,189,0.0
15924,362,0.0
15924,17,0.0
15924,16,0.0
17949,119,0.0
17949,20,0.0
17949,399,0.0
17949,476,0.0
17949,264,0.0
17949,200,0.0
17949,189,0.0
17949,362,0.0
17949,17,0.0
17949,16,0.0
7908,119,0.0
7908,20,0.0
7908,399,0.0
7908,476,0.0
7908,264,0.0
7908,200,0.0
7908,189,0.0
7908,362,0.0
7908,17,0.0
7908,16,0.0
2052,119,0.0
2052,20,0.0
2052,399,0.0
2052,476,0.0
2052,264,0.0
2052,200,0.0
2052,189,0.0
2052,362,0.0
2052,17,0.0
2052,16,0.0
17577,399,6.2351169621100375
17577,287,6.138211689433371
17577,79,5.755796036602451
17577,200,5.272186285648932
17577,352,4.810884854079383
17577,189,4.272186285648932
17577,94,4.272186285648932
17577,119,3.907790126756046
17577,310,3.2721862856489317
17577,89,3.0
969,119,0.0
969,20,0.0
969,399,0.0
969,476,0.0
969,264,0.0
969,200,0.0
969,189,0.0
969,362,0.0
969,17,0.0
969,16,0.0
567,119,0.0
567,20,0.0
567,399,0.0
567,476,0.0
567,264,0.0
567,200,0.0
567,189,0.0
567,362,0.0
567,17,0.0
567,16,0.0
3009,119,0.0
3009,20,0.0
3009,399,0.0
3009,476,0.0
3009,264,0.0
3009,200,0.0
3009,189,0.0
3009,362,0.0
3009,17,0.0
3009,16,0.0
1575,119,0.0
1575,20,0.0
1575,399,0.0
1575,476,0.0
1575,264,0.0
1575,200,0.0
1575,189,0.0
1575,362,0.0
1575,17,0.0
1575,16,0.0
967,119,0.0
967,20,0.0
967,399,0.0
967,476,0.0
967,264,0.0
967,200,0.0
967,189,0.0
967,362,0.0
967,17,0.0
967,16,0.0
7103,119,0.0
7103,20,0.0
7103,399,0.0
7103,476,0.0
7103,264,0.0
7103,200,0.0
7103,189,0.0
7103,362,0.0
7103,17,0.0
7103,16,0.0
15305,119,0.0
15305,20,0.0
15305,399,0.0
15305,476,0.0
15305,264,0.0
15305,200,0.0
15305,189,0.0
15305,362,0.0
15305,17,0.0
15305,16,0.0
11612,119,0.0
11612,20,0.0
11612,399,0.0
11612,476,0.0
11612,264,0.0
11612,200,0.0
11612,189,0.0
11612,362,0.0
11612,17,0.0
11612,16,0.0
968,119,0.0
968,20,0.0
968,399,0.0
968,476,0.0
968,264,0.0
968,200,0.0
968,189,0.0
968,362,0.0
968,17,0.0
968,16,0.0
9928,89,2.5183664428966366
9928,134,1.2102939184440507
9928,416,1.0175058313455037
9928,400,1.0000000000000002
9928,78,0.4164071708986691
9928,284,0.37086748607915043
9928,415,0.3000381163842628
9928,77,0.1265240518693198
9928,19,0.10627610167351274
9928,125,0.0
14412,200,11.840783549989087
14412,287,9.910943846169488
14412,79,8.334495770244537
14412,362,5.944850863894616
14412,310,5.289951858786161
14412,22,5.011976534289687
14412,16,4.235557508052044
14412,255,4.095995373461082
14412,352,3.2558478329013516
14412,59,2.7283737531375163
8587,287,9.011546685910181
8587,94,8.545662082294191
8587,79,7.495223046128181
8587,16,6.564162678650605
8587,255,4.7360648179993845
8587,22,3.7876652440509666
8587,352,3.0561944065090025
8587,59,2.7425289499340906
8587,78,1.7491577486580687
8587,824,1.0863312137848204
9929,20,22.89449305659145
9929,119,16.578473215189227
9929,94,13.372747624277839
9929,189,8.557215461096932
9929,362,7.626901625923891
9929,352,7.353206424652501
9929,310,6.981536334640865
9929,16,6.390705563803306
9929,78,4.037351327381412
9929,59,1.905766066120677
8026,399,0.0
8026,476,0.0
8026,264,0.0
8026,200,0.0
8026,189,0.0
8026,362,0.0
8026,17,0.0
8026,16,0.0
8026,310,0.0
8026,59,0.0
15067,264,22.158317382322082
15067,89,1.8688259900812698
15067,78,1.2011512940510825
15067,824,1.1820022029529604
15067,416,1.1276378943549374
15067,77,0.3872648356512874
15067,284,0.329744724760764
15067,190,0.2965902335778945
15067,19,0.13646207977280736
15067,125,0.0
8464,399,15.0
8464,119,13.0
8464,189,10.0
8464,200,10.0
8464,362,10.0
8464,264,10.0
8464,310,8.0
8464,255,6.999999999999998
8464,16,6.0
8464,287,6.0
13970,119,0.0
13970,20,0.0
13970,399,0.0
13970,476,0.0
13970,264,0.0
13970,200,0.0
13970,189,0.0
13970,362,0.0
13970,17,0.0
13970,16,0.0
10542,119,0.0
10542,20,0.0
10542,399,0.0
10542,476,0.0
10542,264,0.0
10542,200,0.0
10542,189,0.0
10542,362,0.0
10542,17,0.0
10542,16,0.0
8076,119,0.0
8076,20,0.0
8076,399,0.0
8076,476,0.0
8076,264,0.0
8076,200,0.0
8076,189,0.0
8076,362,0.0
8076,17,0.0
8076,16,0.0
7874,119,0.0
7874,20,0.0
7874,399,0.0
7874,476,0.0
7874,264,0.0
7874,200,0.0
7874,189,0.0
7874,362,0.0
7874,17,0.0
7874,16,0.0
8459,264,14.01401253093578
8459,79,11.70098409040503
8459,94,11.235902971279307
8459,310,8.615765406651105
8459,352,7.163383590956603
8459,255,6.859087310478744
8459,362,6.538416404441504
8459,16,5.944902031921895
8459,22,5.674469730803244
8459,59,3.827323674631708
9992,17,0.9999999999999998
9992,476,0.9999999999999998
9992,125,0.0
9992,824,0.0
9992,400,0.0
9992,77,-0.9999999999999998
9992,190,-0.9999999999999998
9992,59,-0.9999999999999998
9992,19,-0.9999999999999998
9992,415,-1.0
4144,94,15.032161140935273
4144,200,13.131491740749457
4144,287,7.676914001324521
4144,189,7.027198839405008
4144,22,4.692002396777642
4144,362,4.359842281216684
4144,352,3.6371099746385642
4144,16,2.8608132721156387
4144,89,2.4542045290459673
4144,78,2.0476835897396732
10638,119,0.0
10638,20,0.0
10638,399,0.0
10638,476,0.0
10638,264,0.0
10638,200,0.0
10638,189,0.0
10638,362,0.0
10638,17,0.0
10638,16,0.0
1090,119,0.0
1090,20,0.0
1090,399,0.0
1090,476,0.0
1090,264,0.0
1090,200,0.0
1090,189,0.0
1090,362,0.0
1090,17,0.0
1090,16,0.0
13717,119,0.0
13717,20,0.0
13717,399,0.0
13717,476,0.0
13717,264,0.0
13717,200,0.0
13717,189,0.0
13717,362,0.0
13717,17,0.0
13717,16,0.0
1110,119,0.0
1110,20,0.0
1110,399,0.0
1110,476,0.0
1110,264,0.0
1110,200,0.0
1110,189,0.0
1110,362,0.0
1110,17,0.0
1110,16,0.0
7852,119,0.0
7852,20,0.0
7852,399,0.0
7852,476,0.0
7852,264,0.0
7852,200,0.0
7852,189,0.0
7852,362,0.0
7852,17,0.0
7852,16,0.0
8461,16,4.6041571798186585
8461,287,2.196035635912776
8461,59,1.7843929058550558
8461,824,0.9612815673702042
8461,476,0.5420801581664317
8461,17,0.5420801581664317
8461,416,0.4206909282129732
8461,415,0.2582858693318238
8461,284,0.1671202695104385
8461,190,0.15919445398766913
3955,119,0.0
3955,20,0.0
3955,399,0.0
3955,476,0.0
3955,264,0.0
3955,200,0.0
3955,189,0.0
3955,362,0.0
3955,17,0.0
3955,16,0.0
19436,119,0.0
19436,20,0.0
19436,399,0.0
19436,476,0.0
19436,264,0.0
19436,189,0.0
19436,362,0.0
19436,17,0.0
19436,16,0.0
19436,310,0.0
3959,287,9.0
3959,94,6.0
3959,20,5.0
3959,399,4.0
3959,200,3.0
3959,362,3.0
3959,79,3.0
3959,255,2.0
3959,416,2.0
3959,310,1.9999999999999998
4305,119,0.0
4305,20,0.0
4305,399,0.0
4305,476,0.0
4305,264,0.0
4305,200,0.0
4305,189,0.0
4305,362,0.0
4305,17,0.0
4305,16,0.0
14402,119,0.0
14402,20,0.0
14402,399,0.0
14402,476,0.0
14402,264,0.0
14402,200,0.0
14402,189,0.0
14402,362,0.0
14402,17,0.0
14402,16,0.0
2262,119,0.0
2262,20,0.0
2262,399,0.0
2262,476,0.0
2262,264,0.0
2262,200,0.0
2262,189,0.0
2262,362,0.0
2262,17,0.0
2262,16,0.0
8479,119,0.0
8479,20,0.0
8479,399,0.0
8479,476,0.0
8479,264,0.0
8479,200,0.0
8479,189,0.0
8479,362,0.0
8479,17,0.0
8479,16,0.0
8460,119,0.0
8460,20,0.0
8460,399,0.0
8460,476,0.0
8460,264,0.0
8460,200,0.0
8460,189,0.0
8460,362,0.0
8460,17,0.0
8460,16,0.0
14414,119,0.0
14414,20,0.0
14414,399,0.0
14414,476,0.0
14414,264,0.0
14414,200,0.0
14414,189,0.0
14414,362,0.0
14414,17,0.0
14414,16,0.0
750,119,0.0
750,20,0.0
750,399,0.0
750,476,0.0
750,200,0.0
750,189,0.0
750,362,0.0
750,17,0.0
750,16,0.0
750,310,0.0
6928,119,0.0
6928,20,0.0
6928,399,0.0
6928,476,0.0
6928,264,0.0
6928,200,0.0
6928,189,0.0
6928,362,0.0
6928,17,0.0
6928,16,0.0
19589,119,0.0
19589,20,0.0
19589,399,0.0
19589,476,0.0
19589,264,0.0
19589,200,0.0
19589,189,0.0
19589,362,0.0
19589,17,0.0
19589,16,0.0
8665,119,0.0
8665,20,0.0
8665,399,0.0
8665,476,0.0
8665,264,0.0
8665,200,0.0
8665,189,0.0
8665,362,0.0
8665,17,0.0
8665,16,0.0
752,119,0.0
752,20,0.0
752,399,0.0
752,476,0.0
752,264,0.0
752,200,0.0
752,189,0.0
752,362,0.0
752,17,0.0
752,16,0.0
8664,200,4.634525721885232
8664,20,4.634525721885232
8664,287,4.634525721885232
8664,119,4.154653670707977
8664,22,4.154653670707977
8664,189,3.6345257218852316
8664,362,3.6345257218852316
8664,399,3.6345257218852316
8664,264,3.4798720511772547
8664,79,3.154653670707977
8666,119,0.0
8666,20,0.0
8666,399,0.0
8666,476,0.0
8666,264,0.0
8666,200,0.0
8666,189,0.0
8666,362,0.0
8666,17,0.0
8666,16,0.0
18715,20,23.077095517972893
18715,287,10.605603042669864
18715,310,6.9317019082679066
18715,79,6.093069506077374
18715,16,3.204882742190818
18715,362,2.7866098449424372
18715,22,2.710156493608597
18715,134,2.532872755436607
18715,78,2.2720677258381246
18715,59,1.8702301258828755
2810,20,14.144723765424564
2810,399,12.507513385783387
2810,94,11.144723765424564
2810,119,11.126250138694934
2810,264,10.94478911244343
2810,310,9.107654441885664
2810,189,8.508665791525852
2810,287,6.507513385783385
2810,22,6.162167056491363
2810,362,5.526685285463887
9479,119,0.0
9479,20,0.0
9479,399,0.0
9479,476,0.0
9479,264,0.0
9479,200,0.0
9479,189,0.0
9479,362,0.0
9479,17,0.0
9479,16,0.0
1113,119,0.0
1113,20,0.0
1113,399,0.0
1113,476,0.0
1113,264,0.0
1113,200,0.0
1113,189,0.0
1113,362,0.0
1113,17,0.0
1113,16,0.0
1112,264,11.605523821881778
1112,255,9.69280718043232
1112,79,9.320295865898164
1112,352,7.76515492924693
1112,22,5.624927448935605
1112,94,4.965512573148539
1112,16,3.1225433722329994
1112,89,2.8166348474121925
1112,362,2.5484764897756307
1112,78,1.7801249327361663
1114,119,0.0
1114,20,0.0
1114,399,0.0
1114,476,0.0
1114,264,0.0
1114,200,0.0
1114,189,0.0
1114,362,0.0
1114,17,0.0
1114,16,0.0
2643,119,0.0
2643,20,0.0
2643,399,0.0
2643,476,0.0
2643,264,0.0
2643,200,0.0
2643,189,0.0
2643,362,0.0
2643,17,0.0
2643,16,0.0
17051,119,0.0
17051,20,0.0
17051,399,0.0
17051,476,0.0
17051,264,0.0
17051,200,0.0
17051,189,0.0
17051,362,0.0
17051,17,0.0
17051,16,0.0
8250,119,0.0
8250,20,0.0
8250,399,0.0
8250,476,0.0
8250,264,0.0
8250,200,0.0
8250,189,0.0
8250,362,0.0
8250,17,0.0
8250,16,0.0
8447,119,0.0
8447,20,0.0
8447,399,0.0
8447,476,0.0
8447,264,0.0
8447,200,0.0
8447,189,0.0
8447,362,0.0
8447,17,0.0
8447,16,0.0
18754,119,0.0
18754,20,0.0
18754,399,0.0
18754,476,0.0
18754,264,0.0
18754,200,0.0
18754,189,0.0
18754,362,0.0
18754,17,0.0
18754,16,0.0
1111,20,4.0
1111,264,3.0000000000000004
1111,189,3.0000000000000004
1111,362,3.0000000000000004
1111,310,3.0000000000000004
1111,255,3.0000000000000004
1111,119,3.0
1111,16,2.0000000000000004
1111,94,2.0
1111,22,2.0
7875,119,0.0
7875,20,0.0
7875,399,0.0
7875,476,0.0
7875,264,0.0
7875,200,0.0
7875,189,0.0
7875,362,0.0
7875,17,0.0
7875,16,0.0
12369,119,0.0
12369,20,0.0
12369,399,0.0
12369,476,0.0
12369,264,0.0
12369,200,0.0
12369,189,0.0
12369,362,0.0
12369,17,0.0
12369,16,0.0
8446,119,0.0
8446,20,0.0
8446,399,0.0
8446,476,0.0
8446,264,0.0
8446,200,0.0
8446,189,0.0
8446,362,0.0
8446,17,0.0
8446,16,0.0
748,119,0.0
748,20,0.0
748,399,0.0
748,476,0.0
748,264,0.0
748,200,0.0
748,189,0.0
748,362,0.0
748,17,0.0
748,16,0.0
9078,119,0.0
9078,20,0.0
9078,399,0.0
9078,476,0.0
9078,264,0.0
9078,200,0.0
9078,189,0.0
9078,362,0.0
9078,17,0.0
9078,16,0.0
10805,119,0.0
10805,20,0.0
10805,399,0.0
10805,476,0.0
10805,264,0.0
10805,200,0.0
10805,189,0.0
10805,362,0.0
10805,17,0.0
10805,16,0.0
12506,119,0.0
12506,20,0.0
12506,399,0.0
12506,476,0.0
12506,264,0.0
12506,200,0.0
12506,189,0.0
12506,362,0.0
12506,17,0.0
12506,16,0.0
2285,119,0.0
2285,20,0.0
2285,399,0.0
2285,476,0.0
2285,264,0.0
2285,200,0.0
2285,189,0.0
2285,362,0.0
2285,17,0.0
2285,16,0.0
8613,119,0.0
8613,20,0.0
8613,399,0.0
8613,476,0.0
8613,264,0.0
8613,200,0.0
8613,189,0.0
8613,362,0.0
8613,17,0.0
8613,16,0.0
2860,119,0.0
2860,20,0.0
2860,399,0.0
2860,476,0.0
2860,264,0.0
2860,200,0.0
2860,189,0.0
2860,362,0.0
2860,17,0.0
2860,16,0.0
12003,119,0.0
12003,20,0.0
12003,399,0.0
12003,476,0.0
12003,264,0.0
12003,200,0.0
12003,189,0.0
12003,362,0.0
12003,17,0.0
12003,16,0.0
3154,119,0.0
3154,20,0.0
3154,399,0.0
3154,476,0.0
3154,264,0.0
3154,200,0.0
3154,189,0.0
3154,362,0.0
3154,17,0.0
3154,16,0.0
8471,119,0.0
8471,20,0.0
8471,399,0.0
8471,476,0.0
8471,264,0.0
8471,200,0.0
8471,189,0.0
8471,362,0.0
8471,17,0.0
8471,16,0.0
8909,399,14.508232223021423
8909,20,13.07718195336578
8909,287,4.857965024481227
8909,79,4.184358364139261
8909,189,3.410402738248476
8909,59,2.893267050229948
8909,362,2.149005148195309
8909,134,1.5757994460269493
8909,16,1.490716730871905
8909,310,1.3569808502672147
8469,119,0.0
8469,20,0.0
8469,399,0.0
8469,476,0.0
8469,264,0.0
8469,200,0.0
8469,189,0.0
8469,362,0.0
8469,17,0.0
8469,16,0.0
8710,119,0.0
8710,20,0.0
8710,476,0.0
8710,264,0.0
8710,200,0.0
8710,189,0.0
8710,362,0.0
8710,17,0.0
8710,16,0.0
8710,310,0.0
16209,119,20.40770625760546
16209,79,12.12445542845498
16209,255,7.506302664966826
16209,22,4.1534246328205695
16209,352,3.605414234751424
16209,416,1.86633936788931
16209,824,0.9512818422450888
16209,19,0.728492796385774
16209,134,0.6412447126263869
16209,190,0.5544151404300761
8695,119,0.0
8695,20,0.0
8695,399,0.0
8695,476,0.0
8695,264,0.0
8695,200,0.0
8695,189,0.0
8695,362,0.0
8695,17,0.0
8695,16,0.0
8681,119,0.0
8681,20,0.0
8681,399,0.0
8681,476,0.0
8681,264,0.0
8681,200,0.0
8681,189,0.0
8681,362,0.0
8681,17,0.0
8681,16,0.0
8618,119,0.0
8618,20,0.0
8618,399,0.0
8618,476,0.0
8618,264,0.0
8618,200,0.0
8618,189,0.0
8618,362,0.0
8618,17,0.0
8618,16,0.0
2847,119,0.0
2847,20,0.0
2847,399,0.0
2847,476,0.0
2847,264,0.0
2847,200,0.0
2847,189,0.0
2847,362,0.0
2847,17,0.0
2847,16,0.0
8764,255,4.755113986093014
8764,189,3.0935638688225398
8764,362,2.297725141908419
8764,352,1.7491122458939083
8764,77,0.7206037585776719
8764,400,0.6933752452815364
8764,17,0.6216484513712371
8764,476,0.6216484513712371
8764,59,0.4826159425472103
8764,134,0.30002525140546943
8676,119,0.0
8676,20,0.0
8676,399,0.0
8676,476,0.0
8676,264,0.0
8676,200,0.0
8676,189,0.0
8676,362,0.0
8676,17,0.0
8676,16,0.0
8690,17,0.9999999999999998
8690,476,0.9999999999999998
8690,59,0.9999999999999996
8690,78,2.220446049250313E-16
8690,77,0.0
8690,125,0.0
8690,19,0.0
8690,89,0.0
8690,190,0.0
8690,400,0.0
11312,119,0.0
11312,20,0.0
11312,399,0.0
11312,476,0.0
11312,264,0.0
11312,200,0.0
11312,189,0.0
11312,362,0.0
11312,17,0.0
11312,16,0.0
8707,20,0.0
8707,399,0.0
8707,476,0.0
8707,264,0.0
8707,200,0.0
8707,189,0.0
8707,362,0.0
8707,17,0.0
8707,16,0.0
8707,310,0.0
8688,119,8.977127630719835
8688,399,8.798436855414318
8688,200,8.56904602903111
8688,22,6.800398230188042
8688,352,6.456551388021095
8688,362,4.499639488644009
8688,16,4.399321250052391
8688,189,3.7797891374562536
8688,255,3.3426574642160167
8688,78,2.4465580618317633
5492,119,0.0
5492,20,0.0
5492,399,0.0
5492,476,0.0
5492,264,0.0
5492,200,0.0
5492,189,0.0
5492,362,0.0
5492,17,0.0
5492,16,0.0
8705,119,0.0
8705,20,0.0
8705,399,0.0
8705,476,0.0
8705,264,0.0
8705,200,0.0
8705,189,0.0
8705,362,0.0
8705,17,0.0
8705,16,0.0
12205,20,9.549502906834707
12205,200,6.3605813126553645
12205,79,5.545514213032872
12205,94,5.2470150702231555
12205,362,3.935945256047286
12205,287,3.673470727057979
12205,310,3.211599950855807
12205,78,2.9478227998762407
12205,255,1.9729882757519541
12205,59,1.6287506213394862
8702,119,0.0
8702,20,0.0
8702,399,0.0
8702,476,0.0
8702,264,0.0
8702,200,0.0
8702,189,0.0
8702,362,0.0
8702,17,0.0
8702,16,0.0
16213,119,0.0
16213,20,0.0
16213,399,0.0
16213,476,0.0
16213,264,0.0
16213,200,0.0
16213,189,0.0
16213,362,0.0
16213,17,0.0
16213,16,0.0
8697,399,29.613063092567483
8697,119,25.89333946144739
8697,287,16.616251789924593
8697,189,10.390057893279604
8697,352,9.116109932092778
8697,16,8.97892657409293
8697,362,8.969498967200677
8697,78,4.022096807216924
8697,89,3.231150173226603
8697,59,3.1125090792211463
12231,79,7.05324871770919
12231,119,6.608770035538864
12231,287,5.630827314560073
12231,352,5.176776369034943
12231,94,3.199945287637788
12231,22,2.3087406020803396
12231,89,1.785582616726432
12231,78,1.066399667137813
12231,284,0.8162554082506284
12231,416,0.5566507662493565
8919,119,0.0
8919,20,0.0
8919,399,0.0
8919,476,0.0
8919,264,0.0
8919,200,0.0
8919,189,0.0
8919,362,0.0
8919,17,0.0
8919,16,0.0
8696,310,4.480465242704346
8696,119,4.383776869707099
8696,200,4.024089707076732
8696,287,3.8014398051893465
8696,94,3.8014398051893465
8696,362,3.6080645599078105
8696,22,3.54138115512794
8696,59,2.899643441544212
8696,189,2.6080645599078105
8696,79,2.5803051666595804
8703,79,9.331338209699172
8703,399,8.212717276726423
8703,94,7.8137439203785135
8703,352,7.80622491276041
8703,287,7.720726363631314
8703,255,7.660274716749033
8703,264,7.506566278279362
8703,189,5.604625144045306
8703,22,4.824935294692814
8703,310,4.824919808868895
8668,119,0.0
8668,20,0.0
8668,399,0.0
8668,476,0.0
8668,264,0.0
8668,200,0.0
8668,189,0.0
8668,362,0.0
8668,17,0.0
8668,16,0.0
8671,20,8.532566966065243
8671,352,6.134440427863277
8671,79,5.617287230889193
8671,255,4.149854196954432
8671,94,4.118744542231179
8671,200,4.035146330019153
8671,399,3.699624295406947
8671,89,2.917662935482247
8671,189,2.3157894736842106
8671,416,1.8029550685469662
8669,119,0.0
8669,20,0.0
8669,399,0.0
8669,476,0.0
8669,264,0.0
8669,200,0.0
8669,189,0.0
8669,362,0.0
8669,17,0.0
8669,16,0.0
15528,119,0.0
15528,20,0.0
15528,399,0.0
15528,476,0.0
15528,264,0.0
15528,200,0.0
15528,189,0.0
15528,362,0.0
15528,17,0.0
15528,16,0.0
8704,119,0.0
8704,20,0.0
8704,399,0.0
8704,476,0.0
8704,264,0.0
8704,200,0.0
8704,189,0.0
8704,362,0.0
8704,17,0.0
8704,16,0.0
19628,119,0.0
19628,20,0.0
19628,399,0.0
19628,476,0.0
19628,200,0.0
19628,189,0.0
19628,362,0.0
19628,17,0.0
19628,16,0.0
19628,310,0.0
8617,119,0.0
8617,20,0.0
8617,399,0.0
8617,476,0.0
8617,264,0.0
8617,200,0.0
8617,189,0.0
8617,362,0.0
8617,17,0.0
8617,16,0.0
8275,119,0.0
8275,20,0.0
8275,399,0.0
8275,476,0.0
8275,264,0.0
8275,200,0.0
8275,189,0.0
8275,362,0.0
8275,17,0.0
8275,16,0.0
8667,119,0.0
8667,20,0.0
8667,399,0.0
8667,476,0.0
8667,264,0.0
8667,200,0.0
8667,189,0.0
8667,362,0.0
8667,17,0.0
8667,16,0.0
2132,119,0.0
2132,20,0.0
2132,399,0.0
2132,476,0.0
2132,264,0.0
2132,200,0.0
2132,189,0.0
2132,362,0.0
2132,17,0.0
2132,16,0.0
16229,119,0.0
16229,20,0.0
16229,399,0.0
16229,476,0.0
16229,264,0.0
16229,200,0.0
16229,189,0.0
16229,362,0.0
16229,17,0.0
16229,16,0.0
8699,119,0.0
8699,20,0.0
8699,399,0.0
8699,476,0.0
8699,264,0.0
8699,200,0.0
8699,189,0.0
8699,362,0.0
8699,17,0.0
8699,16,0.0
9776,119,0.0
9776,20,0.0
9776,399,0.0
9776,476,0.0
9776,264,0.0
9776,200,0.0
9776,189,0.0
9776,362,0.0
9776,17,0.0
9776,16,0.0
14543,119,0.0
14543,20,0.0
14543,399,0.0
14543,476,0.0
14543,189,0.0
14543,362,0.0
14543,17,0.0
14543,16,0.0
14543,310,0.0
14543,59,0.0
8701,119,0.0
8701,20,0.0
8701,399,0.0
8701,476,0.0
8701,200,0.0
8701,189,0.0
8701,362,0.0
8701,17,0.0
8701,16,0.0
8701,310,0.0
8708,119,0.0
8708,20,0.0
8708,399,0.0
8708,476,0.0
8708,264,0.0
8708,200,0.0
8708,189,0.0
8708,362,0.0
8708,17,0.0
8708,16,0.0
16132,119,0.0
16132,20,0.0
16132,399,0.0
16132,476,0.0
16132,264,0.0
16132,200,0.0
16132,189,0.0
16132,362,0.0
16132,17,0.0
16132,16,0.0
7323,119,0.0
7323,20,0.0
7323,399,0.0
7323,476,0.0
7323,264,0.0
7323,200,0.0
7323,189,0.0
7323,362,0.0
7323,17,0.0
7323,16,0.0
16304,119,0.0
16304,20,0.0
16304,399,0.0
16304,476,0.0
16304,264,0.0
16304,200,0.0
16304,189,0.0
16304,362,0.0
16304,17,0.0
16304,16,0.0
6309,119,0.0
6309,20,0.0
6309,399,0.0
6309,476,0.0
6309,264,0.0
6309,200,0.0
6309,189,0.0
6309,362,0.0
6309,17,0.0
6309,16,0.0
12176,119,0.0
12176,20,0.0
12176,399,0.0
12176,476,0.0
12176,264,0.0
12176,200,0.0
12176,362,0.0
12176,17,0.0
12176,16,0.0
12176,310,0.0
10125,119,0.0
10125,20,0.0
10125,399,0.0
10125,476,0.0
10125,264,0.0
10125,200,0.0
10125,189,0.0
10125,362,0.0
10125,17,0.0
10125,16,0.0
8692,119,0.0
8692,20,0.0
8692,399,0.0
8692,476,0.0
8692,264,0.0
8692,200,0.0
8692,189,0.0
8692,362,0.0
8692,17,0.0
8692,16,0.0
8682,119,0.0
8682,20,0.0
8682,399,0.0
8682,476,0.0
8682,264,0.0
8682,200,0.0
8682,189,0.0
8682,362,0.0
8682,17,0.0
8682,16,0.0
8691,119,0.0
8691,399,0.0
8691,476,0.0
8691,264,0.0
8691,200,0.0
8691,189,0.0
8691,362,0.0
8691,17,0.0
8691,16,0.0
8691,310,0.0
8694,119,0.0
8694,20,0.0
8694,399,0.0
8694,476,0.0
8694,264,0.0
8694,200,0.0
8694,189,0.0
8694,362,0.0
8694,17,0.0
8694,16,0.0
19158,119,0.0
19158,20,0.0
19158,399,0.0
19158,476,0.0
19158,264,0.0
19158,200,0.0
19158,189,0.0
19158,362,0.0
19158,17,0.0
19158,16,0.0
8706,119,0.0
8706,20,0.0
8706,399,0.0
8706,476,0.0
8706,264,0.0
8706,200,0.0
8706,189,0.0
8706,362,0.0
8706,17,0.0
8706,16,0.0
9572,119,0.0
9572,20,0.0
9572,399,0.0
9572,476,0.0
9572,264,0.0
9572,200,0.0
9572,189,0.0
9572,362,0.0
9572,17,0.0
9572,16,0.0
8685,78,0.9999999999999998
8685,284,0.6546536707079772
8685,190,0.4999999999999999
8685,19,0.4999999999999999
8685,416,0.25980776929236926
8685,77,0.0
8685,125,0.0
8685,415,0.0
8685,400,0.0
8685,824,-0.24019223070763066
18194,119,0.0
18194,20,0.0
18194,399,0.0
18194,476,0.0
18194,264,0.0
18194,200,0.0
18194,189,0.0
18194,362,0.0
18194,17,0.0
18194,16,0.0
18177,119,0.0
18177,20,0.0
18177,399,0.0
18177,476,0.0
18177,264,0.0
18177,189,0.0
18177,362,0.0
18177,17,0.0
18177,16,0.0
18177,310,0.0
16678,119,0.0
16678,20,0.0
16678,399,0.0
16678,476,0.0
16678,264,0.0
16678,200,0.0
16678,189,0.0
16678,362,0.0
16678,17,0.0
16678,16,0.0
8418,287,9.963961916611638
8418,22,8.176121370043369
8418,94,7.6094583133152724
8418,255,5.5488755232840585
8418,89,5.174558813415743
8418,59,2.7556633897533627
8418,416,1.2908684007878568
8418,134,1.2413081770730614
8418,824,0.7534480192834927
8418,190,0.6172544117802415
8435,119,0.0
8435,20,0.0
8435,399,0.0
8435,476,0.0
8435,264,0.0
8435,200,0.0
8435,189,0.0
8435,362,0.0
8435,17,0.0
8435,16,0.0
745,119,0.0
745,20,0.0
745,399,0.0
745,476,0.0
745,264,0.0
745,200,0.0
745,189,0.0
745,362,0.0
745,17,0.0
745,16,0.0
15416,119,0.0
15416,20,0.0
15416,399,0.0
15416,476,0.0
15416,264,0.0
15416,189,0.0
15416,362,0.0
15416,17,0.0
15416,16,0.0
15416,310,0.0
2702,119,0.0
2702,20,0.0
2702,399,0.0
2702,476,0.0
2702,264,0.0
2702,200,0.0
2702,189,0.0
2702,362,0.0
2702,17,0.0
2702,16,0.0
17788,119,0.0
17788,20,0.0
17788,399,0.0
17788,476,0.0
17788,264,0.0
17788,200,0.0
17788,189,0.0
17788,362,0.0
17788,17,0.0
17788,16,0.0
15362,119,0.0
15362,20,0.0
15362,399,0.0
15362,476,0.0
15362,264,0.0
15362,200,0.0
15362,189,0.0
15362,362,0.0
15362,17,0.0
15362,16,0.0
2693,119,0.0
2693,20,0.0
2693,399,0.0
2693,476,0.0
2693,264,0.0
2693,200,0.0
2693,189,0.0
2693,362,0.0
2693,17,0.0
2693,16,0.0
3089,119,0.0
3089,20,0.0
3089,399,0.0
3089,476,0.0
3089,264,0.0
3089,200,0.0
3089,189,0.0
3089,362,0.0
3089,17,0.0
3089,16,0.0
18318,119,0.0
18318,20,0.0
18318,399,0.0
18318,476,0.0
18318,264,0.0
18318,200,0.0
18318,189,0.0
18318,362,0.0
18318,17,0.0
18318,16,0.0
17777,119,17.796186760111585
17777,189,7.834798355293021
17777,16,5.580156147641203
17777,362,4.693565557649055
17777,59,3.0105372323057904
17777,134,1.4573901861221348
17777,284,1.3158914235773458
17777,416,1.2725533860587586
17777,400,0.9999999999999998
17777,824,0.7583196235511445
18752,119,0.0
18752,20,0.0
18752,399,0.0
18752,476,0.0
18752,264,0.0
18752,200,0.0
18752,189,0.0
18752,362,0.0
18752,17,0.0
18752,16,0.0
18108,119,0.0
18108,20,0.0
18108,399,0.0
18108,476,0.0
18108,200,0.0
18108,189,0.0
18108,362,0.0
18108,17,0.0
18108,16,0.0
18108,310,0.0
510,16,4.965643201554034
510,362,3.42401878130484
510,22,3.1140773549149463
510,310,2.7361128819057194
510,352,2.122413515154892
510,399,1.7860761869875839
510,119,1.570670459383951
510,287,1.4149645759296634
510,94,1.3470093662313658
510,59,1.3304356527409154
3891,119,0.0
3891,20,0.0
3891,399,0.0
3891,476,0.0
3891,264,0.0
3891,200,0.0
3891,189,0.0
3891,362,0.0
3891,17,0.0
3891,16,0.0
2694,119,0.0
2694,20,0.0
2694,476,0.0
2694,264,0.0
2694,200,0.0
2694,189,0.0
2694,362,0.0
2694,17,0.0
2694,16,0.0
2694,310,0.0
19108,119,0.0
19108,20,0.0
19108,399,0.0
19108,476,0.0
19108,264,0.0
19108,200,0.0
19108,189,0.0
19108,362,0.0
19108,17,0.0
19108,16,0.0
2573,119,0.0
2573,20,0.0
2573,399,0.0
2573,476,0.0
2573,264,0.0
2573,200,0.0
2573,189,0.0
2573,362,0.0
2573,17,0.0
2573,16,0.0
17771,264,0.47072534339415073
17771,78,0.47072534339415073
17771,134,0.0
17771,59,0.0
17771,362,0.0
17771,16,0.0
17771,119,0.0
17771,17,0.0
17771,476,0.0
17771,284,0.0
6346,119,0.0
6346,20,0.0
6346,399,0.0
6346,476,0.0
6346,200,0.0
6346,189,0.0
6346,362,0.0
6346,17,0.0
6346,16,0.0
6346,310,0.0
15398,264,3.909304699291148
15398,200,3.1866547974037625
15398,20,2.3206293936193245
15398,310,2.3206293936193245
15398,362,2.3206293936193245
15398,255,2.3206293936193245
15398,79,2.0096116301239375
15398,399,1.820629393619324
15398,134,1.4285714285714288
15398,189,1.3206293936193245
17798,79,13.826811682737922
17798,20,12.89177233185589
17798,310,11.501563629267585
17798,287,11.483086703704512
17798,94,10.196955897781306
17798,189,9.422359829253363
17798,16,8.986177241718902
17798,399,7.867887009656066
17798,362,6.680103850156215
17798,22,4.946272587400194
2998,119,0.0
2998,20,0.0
2998,399,0.0
2998,476,0.0
2998,264,0.0
2998,200,0.0
2998,189,0.0
2998,362,0.0
2998,17,0.0
2998,16,0.0
17790,89,0.9999999999999998
17790,77,0.0
17790,415,0.0
17790,125,0.0
17790,400,0.0
17790,352,-0.9999999999999996
17790,284,-0.9999999999999998
17790,416,-0.9999999999999998
17790,19,-0.9999999999999998
17790,190,-0.9999999999999998
1147,119,0.0
1147,20,0.0
1147,399,0.0
1147,476,0.0
1147,264,0.0
1147,200,0.0
1147,189,0.0
1147,362,0.0
1147,17,0.0
1147,16,0.0
18357,119,0.0
18357,20,0.0
18357,399,0.0
18357,476,0.0
18357,264,0.0
18357,200,0.0
18357,189,0.0
18357,362,0.0
18357,17,0.0
18357,16,0.0
15543,119,0.0
15543,399,0.0
15543,476,0.0
15543,264,0.0
15543,200,0.0
15543,189,0.0
15543,362,0.0
15543,17,0.0
15543,16,0.0
15543,310,0.0
403,20,0.0
403,399,0.0
403,476,0.0
403,264,0.0
403,200,0.0
403,189,0.0
403,362,0.0
403,17,0.0
403,16,0.0
403,310,0.0
15517,119,0.0
15517,399,0.0
15517,476,0.0
15517,264,0.0
15517,200,0.0
15517,189,0.0
15517,362,0.0
15517,17,0.0
15517,16,0.0
15517,310,0.0
2987,119,0.0
2987,20,0.0
2987,399,0.0
2987,476,0.0
2987,264,0.0
2987,189,0.0
2987,362,0.0
2987,17,0.0
2987,16,0.0
2987,310,0.0
5504,264,5.517639738049798
5504,94,3.935276387525354
5504,79,3.637955361543896
5504,119,2.734081315312226
5504,362,2.376508764611815
5504,22,1.9806230277391654
5504,190,1.7761505257063326
5504,255,1.4321843545425559
5504,200,1.1826717253104715
5504,59,1.118367270567191
11469,119,0.0
11469,20,0.0
11469,399,0.0
11469,476,0.0
11469,264,0.0
11469,189,0.0
11469,362,0.0
11469,17,0.0
11469,16,0.0
11469,310,0.0
2994,119,0.0
2994,399,0.0
2994,476,0.0
2994,264,0.0
2994,200,0.0
2994,189,0.0
2994,362,0.0
2994,17,0.0
2994,16,0.0
2994,310,0.0
17802,119,0.0
17802,399,0.0
17802,476,0.0
17802,264,0.0
17802,200,0.0
17802,189,0.0
17802,362,0.0
17802,17,0.0
17802,16,0.0
17802,310,0.0
13583,119,0.0
13583,20,0.0
13583,399,0.0
13583,476,0.0
13583,264,0.0
13583,200,0.0
13583,189,0.0
13583,362,0.0
13583,17,0.0
13583,16,0.0
2986,119,0.0
2986,20,0.0
2986,399,0.0
2986,476,0.0
2986,264,0.0
2986,200,0.0
2986,189,0.0
2986,362,0.0
2986,17,0.0
2986,16,0.0
8395,399,10.402264745309052
8395,264,7.419339968140617
8395,310,5.434652883332088
8395,189,3.1114918877153155
8395,200,2.961372251785278
8395,89,2.4999999999999996
8395,78,1.5066007322012174
8395,94,1.1769983276872236
8395,79,1.157790339259653
8395,255,0.8418697024243404
2423,119,0.0
2423,20,0.0
2423,399,0.0
2423,476,0.0
2423,264,0.0
2423,200,0.0
2423,189,0.0
2423,362,0.0
2423,17,0.0
2423,16,0.0
15338,119,0.0
15338,20,0.0
15338,399,0.0
15338,476,0.0
15338,264,0.0
15338,200,0.0
15338,189,0.0
15338,362,0.0
15338,17,0.0
15338,16,0.0
9636,119,0.0
9636,20,0.0
9636,399,0.0
9636,476,0.0
9636,264,0.0
9636,200,0.0
9636,189,0.0
9636,362,0.0
9636,17,0.0
9636,16,0.0
511,399,2.668129688619004
511,22,1.6626408476312873
511,119,1.6474425681141893
511,94,1.5629967099421214
511,79,1.4051554231100667
511,824,0.9999999999999998
511,78,0.8132413689387954
511,89,0.5584754935143139
511,476,0.5000000000000001
511,17,0.5000000000000001
18675,119,0.0
18675,20,0.0
18675,399,0.0
18675,476,0.0
18675,264,0.0
18675,200,0.0
18675,189,0.0
18675,362,0.0
18675,17,0.0
18675,16,0.0
17818,119,18.32824337924127
17818,20,17.591507651676075
17818,362,11.012054817803206
17818,200,10.974127411690283
17818,189,10.222972391904989
17818,94,9.603895867018611
17818,255,7.749068369466673
17818,287,7.086353538198367
17818,16,7.041329474409055
17818,310,6.958682272511899
1324,119,0.0
1324,20,0.0
1324,399,0.0
1324,476,0.0
1324,264,0.0
1324,189,0.0
1324,362,0.0
1324,17,0.0
1324,16,0.0
1324,310,0.0
512,119,0.0
512,20,0.0
512,399,0.0
512,476,0.0
512,264,0.0
512,200,0.0
512,189,0.0
512,362,0.0
512,17,0.0
512,16,0.0
12055,119,0.0
12055,20,0.0
12055,399,0.0
12055,476,0.0
12055,264,0.0
12055,200,0.0
12055,189,0.0
12055,362,0.0
12055,17,0.0
12055,16,0.0
9638,119,0.0
9638,20,0.0
9638,399,0.0
9638,476,0.0
9638,264,0.0
9638,200,0.0
9638,189,0.0
9638,362,0.0
9638,17,0.0
9638,16,0.0
19346,125,0.0
19346,77,0.0
19346,415,0.0
19346,400,0.0
19346,19,-0.9999999999999998
19346,824,-0.9999999999999998
19346,476,-0.9999999999999998
19346,190,-0.9999999999999998
19346,89,-0.9999999999999998
19346,17,-0.9999999999999998
17793,119,0.0
17793,20,0.0
17793,399,0.0
17793,476,0.0
17793,264,0.0
17793,200,0.0
17793,189,0.0
17793,362,0.0
17793,17,0.0
17793,16,0.0
19308,119,0.0
19308,20,0.0
19308,399,0.0
19308,476,0.0
19308,264,0.0
19308,200,0.0
19308,189,0.0
19308,362,0.0
19308,17,0.0
19308,16,0.0
1326,119,16.265696629669232
1326,200,12.493928659150862
1326,94,11.081754474635359
1326,287,8.954901725350284
1326,189,8.386410546646104
1326,362,7.166536451095246
1326,22,6.086411879700442
1326,16,5.854554473634738
1326,352,5.788355950411491
1326,255,5.609487193921598
8540,200,7.2870584478579286
8540,20,7.2870584478579286
8540,287,6.098076211353314
8540,255,4.098076211353315
8540,264,4.055007640289051
8540,22,3.098076211353315
8540,16,2.7870584478579294
8540,399,2.7870584478579294
8540,59,2.5980762113533156
8540,119,2.2870584478579294
157,119,0.0
157,20,0.0
157,399,0.0
157,476,0.0
157,264,0.0
157,200,0.0
157,189,0.0
157,362,0.0
157,17,0.0
157,16,0.0
2688,119,0.0
2688,20,0.0
2688,399,0.0
2688,476,0.0
2688,264,0.0
2688,200,0.0
2688,189,0.0
2688,362,0.0
2688,17,0.0
2688,16,0.0
10298,119,0.0
10298,20,0.0
10298,399,0.0
10298,476,0.0
10298,264,0.0
10298,200,0.0
10298,189,0.0
10298,362,0.0
10298,17,0.0
10298,16,0.0
1123,119,0.0
1123,20,0.0
1123,399,0.0
1123,476,0.0
1123,264,0.0
1123,200,0.0
1123,189,0.0
1123,362,0.0
1123,17,0.0
1123,16,0.0
1136,119,0.0
1136,20,0.0
1136,399,0.0
1136,476,0.0
1136,264,0.0
1136,200,0.0
1136,189,0.0
1136,362,0.0
1136,17,0.0
1136,16,0.0
1124,119,0.0
1124,20,0.0
1124,476,0.0
1124,264,0.0
1124,200,0.0
1124,189,0.0
1124,362,0.0
1124,17,0.0
1124,16,0.0
1124,310,0.0
352,255,0.8453463292920232
352,77,0.0
352,125,0.0
352,19,0.0
352,190,0.0
352,89,0.0
352,400,0.0
352,134,-0.2559289460184544
352,415,-0.5000000000000001
352,824,-0.6546536707079772
8422,362,4.8538651652747395
8422,79,4.816686594632891
8422,59,3.5585934349322974
8422,189,3.155097171888615
8422,16,1.9303356259351216
8422,20,1.7706039585057984
8422,416,1.6386801901830175
8422,824,1.5896334048118081
8422,284,1.488672646055393
8422,89,1.043467846189603
2993,399,10.264385474514992
2993,264,9.133740380702752
2993,20,8.737872262367098
2993,200,8.052582058301807
2993,287,5.5630523618206125
2993,255,5.42230015440085
2993,310,5.068868783892584
2993,362,4.57057854609673
2993,16,4.550412316258222
2993,352,2.810033954591285
8539,119,0.0
8539,20,0.0
8539,399,0.0
8539,476,0.0
8539,264,0.0
8539,200,0.0
8539,189,0.0
8539,362,0.0
8539,17,0.0
8539,16,0.0
13511,119,0.0
13511,20,0.0
13511,399,0.0
13511,476,0.0
13511,264,0.0
13511,200,0.0
13511,189,0.0
13511,362,0.0
13511,17,0.0
13511,16,0.0
2689,119,0.0
2689,20,0.0
2689,399,0.0
2689,476,0.0
2689,264,0.0
2689,200,0.0
2689,189,0.0
2689,362,0.0
2689,17,0.0
2689,16,0.0
16633,119,0.0
16633,20,0.0
16633,399,0.0
16633,476,0.0
16633,264,0.0
16633,200,0.0
16633,189,0.0
16633,362,0.0
16633,17,0.0
16633,16,0.0
19347,200,7.0
19347,255,7.0
19347,287,7.0
19347,94,7.0
19347,20,6.000000000000001
19347,310,6.000000000000001
19347,352,6.0
19347,264,5.000000000000001
19347,399,5.0
19347,189,4.0
19312,119,0.0
19312,20,0.0
19312,399,0.0
19312,476,0.0
19312,264,0.0
19312,200,0.0
19312,189,0.0
19312,362,0.0
19312,17,0.0
19312,16,0.0
18105,119,0.0
18105,20,0.0
18105,399,0.0
18105,476,0.0
18105,264,0.0
18105,200,0.0
18105,189,0.0
18105,362,0.0
18105,17,0.0
18105,16,0.0
4073,119,0.0
4073,20,0.0
4073,399,0.0
4073,476,0.0
4073,264,0.0
4073,200,0.0
4073,189,0.0
4073,362,0.0
4073,17,0.0
4073,16,0.0
17778,119,0.0
17778,20,0.0
17778,399,0.0
17778,476,0.0
17778,264,0.0
17778,200,0.0
17778,189,0.0
17778,362,0.0
17778,17,0.0
17778,16,0.0
18669,79,4.0
18669,399,3.0
18669,89,2.9999999999999996
18669,352,2.999999999999999
18669,119,2.0
18669,94,2.0
18669,200,2.0
18669,287,2.0
18669,416,1.9999999999999998
18669,189,1.0000000000000002
4105,119,0.0
4105,20,0.0
4105,399,0.0
4105,476,0.0
4105,264,0.0
4105,200,0.0
4105,189,0.0
4105,362,0.0
4105,17,0.0
4105,16,0.0
358,119,0.0
358,20,0.0
358,399,0.0
358,476,0.0
358,264,0.0
358,200,0.0
358,189,0.0
358,362,0.0
358,17,0.0
358,16,0.0
1047,119,0.0
1047,20,0.0
1047,399,0.0
1047,476,0.0
1047,264,0.0
1047,200,0.0
1047,189,0.0
1047,362,0.0
1047,17,0.0
1047,16,0.0
15342,264,14.0
15342,399,13.0
15342,200,11.0
15342,119,11.0
15342,94,11.0
15342,287,10.0
15342,189,7.0
15342,310,7.0
15342,352,6.0
15342,362,5.0
516,200,5.64597491429512
516,352,3.0888972322678385
516,255,1.8613508925015512
516,89,0.9001507553209789
516,22,0.4885419254576697
516,77,0.1690308509457033
516,284,0.09771888292307288
516,125,0.0
516,400,0.0
516,416,-0.06175036773859671
4638,399,14.609665932929442
4638,264,11.021119848467375
4638,119,9.068056051244486
4638,362,6.43889316749474
4638,189,5.1231374052461085
4638,310,5.0353501911426655
4638,79,3.7579115665607397
4638,22,3.4309196286433683
4638,16,3.231791698019525
4638,59,2.0001621464126424
19107,119,0.0
19107,20,0.0
19107,476,0.0
19107,264,0.0
19107,200,0.0
19107,189,0.0
19107,362,0.0
19107,17,0.0
19107,16,0.0
19107,310,0.0
14253,119,0.0
14253,20,0.0
14253,399,0.0
14253,476,0.0
14253,264,0.0
14253,200,0.0
14253,189,0.0
14253,362,0.0
14253,17,0.0
14253,16,0.0
14905,119,0.0
14905,20,0.0
14905,399,0.0
14905,476,0.0
14905,264,0.0
14905,200,0.0
14905,189,0.0
14905,362,0.0
14905,17,0.0
14905,16,0.0
10289,119,0.0
10289,20,0.0
10289,399,0.0
10289,476,0.0
10289,200,0.0
10289,189,0.0
10289,362,0.0
10289,17,0.0
10289,16,0.0
10289,310,0.0
12841,119,0.0
12841,399,0.0
12841,476,0.0
12841,264,0.0
12841,200,0.0
12841,189,0.0
12841,362,0.0
12841,17,0.0
12841,16,0.0
12841,310,0.0
3281,119,0.0
3281,20,0.0
3281,399,0.0
3281,476,0.0
3281,264,0.0
3281,200,0.0
3281,189,0.0
3281,362,0.0
3281,17,0.0
3281,16,0.0
17097,119,0.0
17097,20,0.0
17097,399,0.0
17097,476,0.0
17097,264,0.0
17097,200,0.0
17097,189,0.0
17097,362,0.0
17097,17,0.0
17097,16,0.0
8538,119,0.0
8538,20,0.0
8538,399,0.0
8538,476,0.0
8538,264,0.0
8538,200,0.0
8538,189,0.0
8538,362,0.0
8538,17,0.0
8538,16,0.0
4162,119,0.0
4162,20,0.0
4162,399,0.0
4162,476,0.0
4162,264,0.0
4162,200,0.0
4162,189,0.0
4162,362,0.0
4162,17,0.0
4162,16,0.0
8118,119,0.0
8118,20,0.0
8118,399,0.0
8118,476,0.0
8118,264,0.0
8118,200,0.0
8118,189,0.0
8118,362,0.0
8118,17,0.0
8118,16,0.0
3888,119,0.0
3888,20,0.0
3888,399,0.0
3888,476,0.0
3888,264,0.0
3888,200,0.0
3888,189,0.0
3888,362,0.0
3888,17,0.0
3888,16,0.0
3869,119,0.0
3869,20,0.0
3869,399,0.0
3869,476,0.0
3869,264,0.0
3869,200,0.0
3869,189,0.0
3869,362,0.0
3869,17,0.0
3869,16,0.0
15232,20,4.999999999999999
15232,287,4.999999999999999
15232,119,3.999999999999999
15232,310,3.999999999999999
15232,200,3.999999999999999
15232,399,3.999999999999999
15232,362,3.999999999999999
15232,16,2.999999999999999
15232,59,2.999999999999999
15232,189,2.999999999999999
9635,119,0.0
9635,20,0.0
9635,399,0.0
9635,476,0.0
9635,264,0.0
9635,200,0.0
9635,189,0.0
9635,362,0.0
9635,17,0.0
9635,16,0.0
19104,22,2.9999999999999996
19104,352,2.9999999999999996
19104,287,1.9999999999999998
19104,20,1.9999999999999998
19104,94,1.9999999999999998
19104,200,1.9999999999999998
19104,255,1.9999999999999998
19104,310,1.9999999999999998
19104,399,1.9999999999999996
19104,189,1.0
17803,200,3.4684890368110626
17803,255,2.6618715603288656
17803,89,1.4999999999999996
17803,22,1.3552468056104032
17803,352,0.7440710539815454
17803,476,0.5000000000000001
17803,19,0.5000000000000001
17803,17,0.5000000000000001
17803,78,0.49999999999999956
17803,134,0.4178005063473215
17810,20,17.186903097556712
17810,399,14.727990654404438
17810,94,13.291529561949025
17810,264,12.451785186872874
17810,287,10.644525565388491
17810,189,10.104502647153284
17810,362,6.179675656984606
17810,22,4.851703358781404
17810,78,4.062443984634248
17810,16,3.528577303063951
17807,119,0.0
17807,20,0.0
17807,399,0.0
17807,476,0.0
17807,264,0.0
17807,200,0.0
17807,189,0.0
17807,362,0.0
17807,17,0.0
17807,16,0.0
17808,119,0.0
17808,20,0.0
17808,399,0.0
17808,476,0.0
17808,264,0.0
17808,200,0.0
17808,189,0.0
17808,362,0.0
17808,17,0.0
17808,16,0.0
8290,119,0.0
8290,20,0.0
8290,399,0.0
8290,476,0.0
8290,264,0.0
8290,200,0.0
8290,189,0.0
8290,362,0.0
8290,17,0.0
8290,16,0.0
18670,119,0.0
18670,20,0.0
18670,399,0.0
18670,476,0.0
18670,264,0.0
18670,200,0.0
18670,189,0.0
18670,362,0.0
18670,17,0.0
18670,16,0.0
18674,17,0.8660254037844385
18674,476,0.8660254037844385
18674,89,0.8110177634953859
18674,824,0.029274656605848937
18674,125,0.0
18674,400,0.0
18674,78,-0.2097081786683036
18674,19,-0.42640143271122083
18674,190,-0.42640143271122083
18674,415,-0.5960395606792697
9640,119,0.0
9640,20,0.0
9640,399,0.0
9640,476,0.0
9640,264,0.0
9640,200,0.0
9640,189,0.0
9640,362,0.0
9640,17,0.0
9640,16,0.0
16888,119,0.0
16888,20,0.0
16888,399,0.0
16888,476,0.0
16888,264,0.0
16888,200,0.0
16888,189,0.0
16888,362,0.0
16888,17,0.0
16888,16,0.0
42,119,0.0
42,20,0.0
42,399,0.0
42,476,0.0
42,264,0.0
42,200,0.0
42,189,0.0
42,362,0.0
42,17,0.0
42,16,0.0
17018,264,1.0284266625166791
17018,59,0.5818574914709511
17018,17,0.424529482606335
17018,476,0.424529482606335
17018,824,0.19021706677939793
17018,125,0.0
17018,400,0.0
17018,415,-0.10466885439780779
17018,19,-0.4286075751095582
17018,119,-0.5849336054067555
17009,352,0.0
17009,79,0.0
17009,284,0.0
17009,119,0.0
17009,134,0.0
17009,22,0.0
17009,255,0.0
17009,476,0.0
17009,17,0.0
17009,416,0.0
17015,89,1.992163802909776
17015,20,0.6142805070884283
17015,264,0.1475595512194967
17015,94,0.05032347827713246
17015,17,0.0
17015,284,0.0
17015,125,0.0
17015,476,0.0
17015,400,0.0
17015,79,-0.22741524108718447
17012,77,0.0
17012,190,0.0
17012,19,0.0
17012,125,0.0
17012,476,0.0
17012,17,0.0
17012,415,0.0
17012,287,0.0
17012,400,0.0
17012,22,-4.440892098500626E-16
15335,399,16.57229518630751
15335,119,11.667618684835366
15335,189,8.74128875838309
15335,94,8.723734529834566
15335,310,7.001497711893224
15335,16,5.331497847104662
15335,22,4.960869714775364
15335,362,4.479528993411963
15335,255,3.995885342026466
15335,89,3.923154380490241
17801,119,0.0
17801,20,0.0
17801,399,0.0
17801,476,0.0
17801,264,0.0
17801,200,0.0
17801,189,0.0
17801,362,0.0
17801,17,0.0
17801,16,0.0
11208,119,0.0
11208,20,0.0
11208,399,0.0
11208,476,0.0
11208,264,0.0
11208,200,0.0
11208,189,0.0
11208,362,0.0
11208,17,0.0
11208,16,0.0
17791,119,0.0
17791,20,0.0
17791,399,0.0
17791,476,0.0
17791,264,0.0
17791,200,0.0
17791,189,0.0
17791,362,0.0
17791,17,0.0
17791,16,0.0
10272,119,0.0
10272,20,0.0
10272,399,0.0
10272,476,0.0
10272,264,0.0
10272,200,0.0
10272,189,0.0
10272,362,0.0
10272,17,0.0
10272,16,0.0
15034,399,18.0
15034,20,18.0
15034,264,15.0
15034,119,15.0
15034,189,12.0
15034,287,12.0
15034,362,12.0
15034,255,12.0
15034,16,10.0
15034,79,10.0
3224,119,0.0
3224,399,0.0
3224,476,0.0
3224,264,0.0
3224,200,0.0
3224,189,0.0
3224,362,0.0
3224,17,0.0
3224,16,0.0
3224,310,0.0
1046,399,10.019141023360772
1046,20,4.636344346923696
1046,16,3.7857301536157135
1046,189,3.707763979917412
1046,94,3.5054272521236047
1046,362,2.7597154198407097
1046,134,1.5175958161431775
1046,255,0.8900043678909637
1046,59,0.8166699920802605
1046,17,0.13483997249264842
3885,119,0.0
3885,20,0.0
3885,399,0.0
3885,476,0.0
3885,264,0.0
3885,200,0.0
3885,189,0.0
3885,362,0.0
3885,17,0.0
3885,16,0.0
17005,119,0.0
17005,20,0.0
17005,399,0.0
17005,476,0.0
17005,264,0.0
17005,200,0.0
17005,189,0.0
17005,362,0.0
17005,17,0.0
17005,16,0.0
17013,119,0.0
17013,20,0.0
17013,399,0.0
17013,476,0.0
17013,264,0.0
17013,200,0.0
17013,189,0.0
17013,362,0.0
17013,17,0.0
17013,16,0.0
16285,119,0.0
16285,20,0.0
16285,399,0.0
16285,476,0.0
16285,264,0.0
16285,200,0.0
16285,189,0.0
16285,362,0.0
16285,17,0.0
16285,16,0.0
15061,119,0.0
15061,20,0.0
15061,399,0.0
15061,476,0.0
15061,200,0.0
15061,189,0.0
15061,362,0.0
15061,17,0.0
15061,16,0.0
15061,310,0.0
17782,399,14.0
17782,20,14.0
17782,119,11.0
17782,287,9.0
17782,94,9.0
17782,200,7.999999999999998
17782,255,6.0
17782,16,5.999999999999999
17782,189,5.999999999999999
17782,362,4.999999999999999
11847,255,1.5747736014899534
11847,89,0.795648345344889
11847,16,0.3830379332634055
11847,134,0.21261649050923415
11847,415,0.08951435925492911
11847,125,0.0
11847,400,0.0
11847,824,-0.05340213953811407
11847,476,-0.33333333333333337
11847,17,-0.33333333333333337
17784,119,0.0
17784,20,0.0
17784,399,0.0
17784,476,0.0
17784,264,0.0
17784,200,0.0
17784,189,0.0
17784,362,0.0
17784,17,0.0
17784,16,0.0
15663,119,0.0
15663,20,0.0
15663,399,0.0
15663,476,0.0
15663,264,0.0
15663,200,0.0
15663,189,0.0
15663,362,0.0
15663,17,0.0
15663,16,0.0
2651,119,0.0
2651,399,0.0
2651,476,0.0
2651,264,0.0
2651,200,0.0
2651,189,0.0
2651,362,0.0
2651,17,0.0
2651,16,0.0
2651,310,0.0
8623,362,7.0
8623,189,6.0
8623,119,5.0
8623,94,4.0
8623,16,4.0
8623,264,4.0
8623,59,3.0
8623,79,2.9999999999999982
8623,310,2.0
8623,824,1.9999999999999998
7925,22,4.3482184477012575
7925,200,1.538395916078068
7925,310,1.3677473127939
7925,400,0.9999999999999998
7925,415,0.8703882797784892
7925,19,0.6788335930269978
7925,416,0.5190793335903188
7925,79,0.39410358636997156
7925,77,0.21248647409244853
7925,189,0.052013969709597596
15334,20,21.88007103067293
15334,264,18.052751400934092
15334,399,16.137434226477218
15334,119,15.54519931813632
15334,94,14.14619351931529
15334,189,13.54519931813632
15334,310,13.024884920178792
15334,16,10.788454314330185
15334,362,10.54519931813632
15334,255,8.01612562734072
17022,119,0.0
17022,20,0.0
17022,399,0.0
17022,476,0.0
17022,264,0.0
17022,200,0.0
17022,189,0.0
17022,362,0.0
17022,17,0.0
17022,16,0.0
6347,119,0.0
6347,20,0.0
6347,476,0.0
6347,264,0.0
6347,200,0.0
6347,189,0.0
6347,17,0.0
6347,16,0.0
6347,310,0.0
6347,59,0.0
11209,119,0.0
11209,20,0.0
11209,399,0.0
11209,476,0.0
11209,264,0.0
11209,200,0.0
11209,189,0.0
11209,362,0.0
11209,17,0.0
11209,16,0.0
17772,119,0.0
17772,20,0.0
17772,399,0.0
17772,476,0.0
17772,264,0.0
17772,200,0.0
17772,189,0.0
17772,362,0.0
17772,17,0.0
17772,16,0.0
18111,119,0.0
18111,20,0.0
18111,399,0.0
18111,476,0.0
18111,264,0.0
18111,200,0.0
18111,189,0.0
18111,362,0.0
18111,17,0.0
18111,16,0.0
18678,119,0.0
18678,20,0.0
18678,399,0.0
18678,476,0.0
18678,264,0.0
18678,200,0.0
18678,189,0.0
18678,362,0.0
18678,17,0.0
18678,16,0.0
15993,119,0.0
15993,20,0.0
15993,399,0.0
15993,476,0.0
15993,264,0.0
15993,200,0.0
15993,189,0.0
15993,362,0.0
15993,17,0.0
15993,16,0.0
11609,119,0.0
11609,20,0.0
11609,399,0.0
11609,476,0.0
11609,264,0.0
11609,200,0.0
11609,189,0.0
11609,362,0.0
11609,17,0.0
11609,16,0.0
2456,119,0.0
2456,20,0.0
2456,476,0.0
2456,264,0.0
2456,200,0.0
2456,189,0.0
2456,362,0.0
2456,17,0.0
2456,16,0.0
2456,310,0.0
9639,119,0.0
9639,20,0.0
9639,399,0.0
9639,476,0.0
9639,264,0.0
9639,200,0.0
9639,189,0.0
9639,362,0.0
9639,17,0.0
9639,16,0.0
9641,119,0.0
9641,20,0.0
9641,399,0.0
9641,476,0.0
9641,264,0.0
9641,200,0.0
9641,189,0.0
9641,362,0.0
9641,17,0.0
9641,16,0.0
17006,119,0.0
17006,20,0.0
17006,399,0.0
17006,476,0.0
17006,264,0.0
17006,200,0.0
17006,189,0.0
17006,362,0.0
17006,17,0.0
17006,16,0.0
9634,119,0.0
9634,20,0.0
9634,399,0.0
9634,476,0.0
9634,264,0.0
9634,200,0.0
9634,189,0.0
9634,362,0.0
9634,17,0.0
9634,16,0.0
15991,119,0.0
15991,20,0.0
15991,399,0.0
15991,476,0.0
15991,264,0.0
15991,200,0.0
15991,189,0.0
15991,362,0.0
15991,17,0.0
15991,16,0.0
11608,22,2.621803757362824
11608,287,1.2491141462875663
11608,255,1.1218037573628228
11608,415,0.9999999999999998
11608,134,0.49999999999999967
11608,77,0.0
11608,125,0.0
11608,400,0.0
11608,200,-0.2442216464216147
11608,94,-0.25088585371243366
3011,119,0.0
3011,20,0.0
3011,399,0.0
3011,476,0.0
3011,264,0.0
3011,200,0.0
3011,189,0.0
3011,362,0.0
3011,17,0.0
3011,16,0.0
8429,119,0.0
8429,399,0.0
8429,476,0.0
8429,264,0.0
8429,200,0.0
8429,189,0.0
8429,362,0.0
8429,17,0.0
8429,16,0.0
8429,310,0.0
15992,20,15.0
15992,119,14.0
15992,399,13.0
15992,200,12.0
15992,79,10.0
15992,189,9.0
15992,287,7.999999999999998
15992,362,6.999999999999998
15992,310,6.0
15992,255,5.999999999999999
17820,20,13.731347657433501
17820,264,13.286436474910433
17820,119,12.915119891416664
17820,189,9.415119891416664
17820,94,8.731347657433501
17820,287,8.684321534904988
17820,362,7.915119891416665
17820,200,7.487276603451955
17820,310,6.731347657433504
17820,16,4.978190226654136
79,20,14.43407722674624
79,399,14.036717519626727
79,119,13.473096039436049
79,94,10.639357812507214
79,200,10.43407722674624
79,287,9.036717519626727
79,189,7.473096039436048
79,16,7.3907589749182945
79,255,6.639357812507214
79,362,6.473096039436047
17779,79,7.886501418014554
17779,189,6.674978622334605
17779,362,3.700002848602497
17779,16,3.6595507729892995
17779,119,2.3360313922550207
17779,94,1.4957441386318178
17779,399,1.1594075427614774
17779,284,1.1160462422562971
17779,416,1.0049664086446761
17779,824,0.8566713613536874
2686,119,0.0
2686,20,0.0
2686,399,0.0
2686,476,0.0
2686,264,0.0
2686,200,0.0
2686,189,0.0
2686,362,0.0
2686,17,0.0
2686,16,0.0
10251,119,0.0
10251,20,0.0
10251,399,0.0
10251,476,0.0
10251,264,0.0
10251,200,0.0
10251,189,0.0
10251,362,0.0
10251,17,0.0
10251,16,0.0
18954,399,15.0
18954,119,13.0
18954,189,10.0
18954,200,10.0
18954,362,10.0
18954,264,10.0
18954,310,8.0
18954,255,6.999999999999998
18954,16,6.0
18954,287,6.0
11611,20,0.0
11611,399,0.0
11611,476,0.0
11611,264,0.0
11611,200,0.0
11611,189,0.0
11611,362,0.0
11611,17,0.0
11611,16,0.0
11611,310,0.0
1435,119,0.0
1435,399,0.0
1435,476,0.0
1435,264,0.0
1435,200,0.0
1435,189,0.0
1435,362,0.0
1435,17,0.0
1435,16,0.0
1435,310,0.0
1437,119,0.0
1437,20,0.0
1437,399,0.0
1437,476,0.0
1437,200,0.0
1437,189,0.0
1437,362,0.0
1437,17,0.0
1437,16,0.0
1437,310,0.0
15231,119,0.0
15231,20,0.0
15231,399,0.0
15231,476,0.0
15231,264,0.0
15231,200,0.0
15231,189,0.0
15231,362,0.0
15231,17,0.0
15231,16,0.0
1125,119,0.0
1125,20,0.0
1125,399,0.0
1125,476,0.0
1125,264,0.0
1125,200,0.0
1125,189,0.0
1125,362,0.0
1125,17,0.0
1125,16,0.0
17014,119,0.0
17014,20,0.0
17014,399,0.0
17014,476,0.0
17014,264,0.0
17014,200,0.0
17014,189,0.0
17014,362,0.0
17014,17,0.0
17014,16,0.0
11613,200,4.270810379991619
11613,16,3.698406148329214
11613,189,3.56803422902859
11613,310,3.1220153537951836
11613,94,2.7763300308744574
11613,264,2.5050107298520876
11613,362,2.2232676229625516
11613,287,1.897177911767022
11613,79,1.4157011452462875
11613,17,1.0000000000000002
41,119,0.0
41,20,0.0
41,399,0.0
41,476,0.0
41,264,0.0
41,200,0.0
41,189,0.0
41,362,0.0
41,17,0.0
41,16,0.0
8421,94,8.941947592317321
8421,287,8.79078685367886
8421,200,8.629609477982308
8421,79,6.687185161338398
8421,16,5.685505538390898
8421,362,4.951089230078153
8421,189,4.909688770610735
8421,22,3.6711192517188085
8421,59,3.628380313416027
8421,352,2.514203143285835
1327,119,0.0
1327,20,0.0
1327,399,0.0
1327,476,0.0
1327,264,0.0
1327,200,0.0
1327,189,0.0
1327,362,0.0
1327,17,0.0
1327,16,0.0
174,119,0.0
174,20,0.0
174,399,0.0
174,476,0.0
174,264,0.0
174,200,0.0
174,189,0.0
174,362,0.0
174,17,0.0
174,16,0.0
13983,255,5.981980506061966
13983,20,5.848005909846405
13983,399,4.848005909846405
13983,264,4.848005909846405
13983,310,4.848005909846405
13983,119,3.8660254037844393
13983,22,2.9819805060619657
13983,287,1.9819805060619655
13983,94,1.9819805060619655
13983,352,1.8480059098464043
13986,119,0.0
13986,20,0.0
13986,399,0.0
13986,476,0.0
13986,264,0.0
13986,200,0.0
13986,189,0.0
13986,362,0.0
13986,17,0.0
13986,16,0.0
744,119,0.0
744,20,0.0
744,399,0.0
744,476,0.0
744,264,0.0
744,200,0.0
744,189,0.0
744,362,0.0
744,17,0.0
744,16,0.0
11207,119,0.0
11207,20,0.0
11207,399,0.0
11207,476,0.0
11207,264,0.0
11207,200,0.0
11207,189,0.0
11207,362,0.0
11207,17,0.0
11207,16,0.0
13985,119,0.0
13985,20,0.0
13985,399,0.0
13985,476,0.0
13985,200,0.0
13985,189,0.0
13985,362,0.0
13985,17,0.0
13985,16,0.0
13985,310,0.0
14343,119,0.0
14343,20,0.0
14343,399,0.0
14343,476,0.0
14343,264,0.0
14343,200,0.0
14343,189,0.0
14343,362,0.0
14343,17,0.0
14343,16,0.0
18680,399,12.243328976379802
18680,264,11.809307341415956
18680,119,11.722649901887385
18680,94,7.397982647087778
18680,287,7.377303572595362
18680,255,6.531957243303339
18680,310,5.397982647087778
18680,189,4.088675305671824
18680,16,2.7226499018873853
18680,362,2.7226499018873853
18681,399,15.94258403090215
18681,287,15.54663888946256
18681,264,15.474743900492431
18681,119,15.409250255935682
18681,189,11.27527565972012
18681,94,11.170228027822759
18681,310,9.656615344532993
18681,255,9.036253431607197
18681,362,7.40925025593568
18681,16,5.887017288068586
1476,119,0.0
1476,20,0.0
1476,399,0.0
1476,476,0.0
1476,264,0.0
1476,200,0.0
1476,189,0.0
1476,362,0.0
1476,17,0.0
1476,16,0.0
17775,200,5.3450649844008495
17775,79,5.331828001301251
17775,94,3.5921886601461157
17775,22,2.503173766314862
17775,59,2.471615758765728
17775,189,2.3282725955910974
17775,362,1.7860135087408453
17775,310,1.7734562280489616
17775,352,1.7189759296087856
17775,78,1.301384521193834
17822,119,0.0
17822,20,0.0
17822,399,0.0
17822,476,0.0
17822,264,0.0
17822,200,0.0
17822,189,0.0
17822,362,0.0
17822,17,0.0
17822,16,0.0
13981,119,0.0
13981,476,0.0
13981,264,0.0
13981,200,0.0
13981,189,0.0
13981,362,0.0
13981,17,0.0
13981,16,0.0
13981,310,0.0
13981,59,0.0
3134,17,0.9999999999999998
3134,476,0.9999999999999998
3134,125,0.0
3134,400,0.0
3134,77,-0.5000000000000001
3134,19,-0.5000000000000001
3134,190,-0.5000000000000001
3134,59,-0.6933752452815365
3134,415,-0.9449111825230683
3134,824,-0.9999999999999998
19106,264,10.806808243462605
19106,200,9.979248768287425
19106,94,7.787945231782418
19106,287,5.435316036081455
19106,352,3.6438938404589027
19106,22,3.498187727524565
19106,189,3.3243788021770904
19106,255,3.2418302362338487
19106,310,3.1080436183560103
19106,16,3.076592853085809
13980,399,6.989402332935254
13980,20,6.98300364466936
13980,264,6.259091782398087
13980,94,3.9245513132406646
13980,310,3.342214248722911
13980,287,2.497932394596694
13980,189,2.2837619172942123
13980,362,2.2014248527764604
13980,78,1.1407893959464501
13980,284,1.0000000000000002
8625,119,0.0
8625,20,0.0
8625,399,0.0
8625,476,0.0
8625,264,0.0
8625,200,0.0
8625,189,0.0
8625,362,0.0
8625,17,0.0
8625,16,0.0
3828,119,0.0
3828,20,0.0
3828,399,0.0
3828,476,0.0
3828,264,0.0
3828,200,0.0
3828,189,0.0
3828,362,0.0
3828,17,0.0
3828,16,0.0
17800,119,0.0
17800,20,0.0
17800,399,0.0
17800,476,0.0
17800,264,0.0
17800,200,0.0
17800,189,0.0
17800,362,0.0
17800,17,0.0
17800,16,0.0
7649,20,0.0
7649,476,0.0
7649,264,0.0
7649,200,0.0
7649,189,0.0
7649,362,0.0
7649,17,0.0
7649,16,0.0
7649,310,0.0
7649,59,0.0
17010,119,0.0
17010,20,0.0
17010,399,0.0
17010,476,0.0
17010,264,0.0
17010,200,0.0
17010,189,0.0
17010,362,0.0
17010,17,0.0
17010,16,0.0
11470,119,0.0
11470,20,0.0
11470,399,0.0
11470,476,0.0
11470,264,0.0
11470,200,0.0
11470,189,0.0
11470,362,0.0
11470,17,0.0
11470,16,0.0
3829,119,0.0
3829,20,0.0
3829,399,0.0
3829,476,0.0
3829,264,0.0
3829,200,0.0
3829,189,0.0
3829,362,0.0
3829,17,0.0
3829,16,0.0
10250,119,0.0
10250,20,0.0
10250,399,0.0
10250,476,0.0
10250,264,0.0
10250,200,0.0
10250,189,0.0
10250,362,0.0
10250,17,0.0
10250,16,0.0
11610,119,0.0
11610,20,0.0
11610,399,0.0
11610,476,0.0
11610,264,0.0
11610,200,0.0
11610,189,0.0
11610,362,0.0
11610,17,0.0
11610,16,0.0
17780,476,0.8819171036881969
17780,17,0.8819171036881969
17780,400,0.8660254037844387
17780,89,0.8196935511951509
17780,125,0.0
17780,19,-0.2666787612158108
17780,77,-0.5000000000000001
17780,824,-0.7956422656397559
17780,415,-0.9622504486493763
17780,284,-1.1530141890326768
17672,119,0.0
17672,20,0.0
17672,399,0.0
17672,476,0.0
17672,264,0.0
17672,200,0.0
17672,189,0.0
17672,362,0.0
17672,17,0.0
17672,16,0.0
515,119,0.0
515,20,0.0
515,399,0.0
515,476,0.0
515,264,0.0
515,200,0.0
515,189,0.0
515,362,0.0
515,17,0.0
515,16,0.0
513,119,0.0
513,20,0.0
513,399,0.0
513,476,0.0
513,264,0.0
513,200,0.0
513,189,0.0
513,362,0.0
513,17,0.0
513,16,0.0
1328,119,0.0
1328,20,0.0
1328,399,0.0
1328,476,0.0
1328,264,0.0
1328,200,0.0
1328,189,0.0
1328,362,0.0
1328,17,0.0
1328,16,0.0
18676,399,8.21313085478405
18676,119,6.443254901144863
18676,189,5.180527853290038
18676,94,4.15679847703394
18676,264,4.139974455973123
18676,79,3.5988634420385646
18676,89,2.537892863217555
18676,78,2.4841459527706373
18676,22,2.295786727727436
18676,416,1.8346004272614493
17785,119,0.0
17785,20,0.0
17785,399,0.0
17785,476,0.0
17785,189,0.0
17785,362,0.0
17785,17,0.0
17785,16,0.0
17785,310,0.0
17785,59,0.0
1325,119,0.0
1325,20,0.0
1325,399,0.0
1325,476,0.0
1325,264,0.0
1325,200,0.0
1325,189,0.0
1325,362,0.0
1325,17,0.0
1325,16,0.0
17786,20,15.99450118949363
17786,399,13.994501189493628
17786,119,12.104678824447491
17786,94,10.99450118949363
17786,287,10.49450118949363
17786,200,9.246037126735159
17786,255,8.091383456027183
17786,189,7.104678824447492
17786,310,6.839847518785652
17786,352,6.701561090981046
8622,134,1.9999999999999996
8622,264,1.9999999999999991
8622,415,0.9999999999999998
8622,78,0.9999999999999998
8622,362,2.220446049250313E-16
8622,125,0.0
8622,284,0.0
8622,476,0.0
8622,17,0.0
8622,400,0.0
17008,119,0.0
17008,20,0.0
17008,399,0.0
17008,476,0.0
17008,264,0.0
17008,200,0.0
17008,189,0.0
17008,362,0.0
17008,17,0.0
17008,16,0.0
17017,119,0.0
17017,20,0.0
17017,399,0.0
17017,476,0.0
17017,264,0.0
17017,200,0.0
17017,189,0.0
17017,362,0.0
17017,17,0.0
17017,16,0.0
65,119,0.0
65,20,0.0
65,399,0.0
65,476,0.0
65,264,0.0
65,200,0.0
65,189,0.0
65,362,0.0
65,17,0.0
65,16,0.0
13984,119,0.0
13984,399,0.0
13984,476,0.0
13984,264,0.0
13984,200,0.0
13984,189,0.0
13984,362,0.0
13984,17,0.0
13984,16,0.0
13984,310,0.0
9487,119,0.0
9487,20,0.0
9487,399,0.0
9487,476,0.0
9487,264,0.0
9487,200,0.0
9487,189,0.0
9487,362,0.0
9487,17,0.0
9487,16,0.0
9637,119,0.0
9637,20,0.0
9637,399,0.0
9637,476,0.0
9637,264,0.0
9637,200,0.0
9637,189,0.0
9637,362,0.0
9637,17,0.0
9637,16,0.0
18110,119,0.0
18110,20,0.0
18110,399,0.0
18110,476,0.0
18110,264,0.0
18110,200,0.0
18110,189,0.0
18110,362,0.0
18110,17,0.0
18110,16,0.0
17019,200,7.23344158668808
17019,255,6.741042746412839
17019,189,5.309068788585455
17019,362,3.304244278319691
17019,399,3.2457830517776016
17019,287,2.6492809873070984
17019,310,2.2203630720914016
17019,59,2.0221181287061833
17019,134,1.7865546326922208
17019,352,1.5496254612579254
8537,119,0.0
8537,20,0.0
8537,399,0.0
8537,476,0.0
8537,264,0.0
8537,200,0.0
8537,189,0.0
8537,362,0.0
8537,17,0.0
8537,16,0.0
13987,119,0.0
13987,20,0.0
13987,399,0.0
13987,476,0.0
13987,264,0.0
13987,200,0.0
13987,189,0.0
13987,362,0.0
13987,17,0.0
13987,16,0.0
3883,200,4.928958168156837
3883,287,4.873950527867785
3883,310,4.251915000877012
3883,399,3.2519150008770112
3883,22,3.062932764372398
3883,255,3.062932764372398
3883,264,2.1969073605879594
3883,119,2.137207133941731
3883,189,2.137207133941731
3883,362,2.137207133941731
4520,119,0.0
4520,20,0.0
4520,399,0.0
4520,476,0.0
4520,264,0.0
4520,200,0.0
4520,189,0.0
4520,362,0.0
4520,17,0.0
4520,16,0.0
15526,119,0.0
15526,20,0.0
15526,399,0.0
15526,476,0.0
15526,264,0.0
15526,200,0.0
15526,189,0.0
15526,362,0.0
15526,17,0.0
15526,16,0.0
15498,119,0.0
15498,20,0.0
15498,399,0.0
15498,476,0.0
15498,264,0.0
15498,200,0.0
15498,189,0.0
15498,362,0.0
15498,17,0.0
15498,16,0.0
18200,119,0.0
18200,399,0.0
18200,476,0.0
18200,264,0.0
18200,200,0.0
18200,189,0.0
18200,362,0.0
18200,17,0.0
18200,16,0.0
18200,310,0.0
17799,119,0.0
17799,20,0.0
17799,399,0.0
17799,476,0.0
17799,200,0.0
17799,189,0.0
17799,362,0.0
17799,17,0.0
17799,16,0.0
17799,310,0.0
17797,119,0.0
17797,399,0.0
17797,476,0.0
17797,264,0.0
17797,200,0.0
17797,189,0.0
17797,362,0.0
17797,17,0.0
17797,16,0.0
17797,310,0.0
18109,119,0.0
18109,20,0.0
18109,399,0.0
18109,476,0.0
18109,264,0.0
18109,200,0.0
18109,189,0.0
18109,362,0.0
18109,17,0.0
18109,16,0.0
17789,119,0.0
17789,20,0.0
17789,399,0.0
17789,476,0.0
17789,264,0.0
17789,200,0.0
17789,189,0.0
17789,362,0.0
17789,17,0.0
17789,16,0.0
743,119,0.0
743,20,0.0
743,399,0.0
743,476,0.0
743,264,0.0
743,200,0.0
743,189,0.0
743,362,0.0
743,17,0.0
743,16,0.0
1121,119,0.0
1121,20,0.0
1121,399,0.0
1121,476,0.0
1121,264,0.0
1121,200,0.0
1121,189,0.0
1121,362,0.0
1121,17,0.0
1121,16,0.0
7924,119,0.0
7924,20,0.0
7924,399,0.0
7924,476,0.0
7924,200,0.0
7924,189,0.0
7924,362,0.0
7924,17,0.0
7924,16,0.0
7924,310,0.0
6296,119,0.0
6296,20,0.0
6296,399,0.0
6296,476,0.0
6296,264,0.0
6296,200,0.0
6296,189,0.0
6296,362,0.0
6296,17,0.0
6296,16,0.0
17795,119,0.0
17795,20,0.0
17795,399,0.0
17795,476,0.0
17795,264,0.0
17795,200,0.0
17795,189,0.0
17795,362,0.0
17795,17,0.0
17795,16,0.0
10651,119,0.0
10651,20,0.0
10651,399,0.0
10651,476,0.0
10651,264,0.0
10651,200,0.0
10651,189,0.0
10651,362,0.0
10651,17,0.0
10651,16,0.0
7123,119,0.0
7123,20,0.0
7123,399,0.0
7123,476,0.0
7123,264,0.0
7123,200,0.0
7123,189,0.0
7123,362,0.0
7123,17,0.0
7123,16,0.0
16169,399,14.0
16169,20,14.0
16169,119,11.0
16169,287,9.0
16169,94,9.0
16169,200,7.999999999999998
16169,255,6.0
16169,16,5.999999999999999
16169,189,5.999999999999999
16169,362,4.999999999999999
10286,79,4.0
10286,399,3.0
10286,89,2.9999999999999996
10286,352,2.999999999999999
10286,119,2.0
10286,94,2.0
10286,200,2.0
10286,287,2.0
10286,416,1.9999999999999998
10286,189,1.0000000000000002
17011,119,0.0
17011,20,0.0
17011,399,0.0
17011,476,0.0
17011,264,0.0
17011,200,0.0
17011,189,0.0
17011,362,0.0
17011,17,0.0
17011,16,0.0
2687,119,0.0
2687,20,0.0
2687,399,0.0
2687,476,0.0
2687,264,0.0
2687,200,0.0
2687,189,0.0
2687,362,0.0
2687,17,0.0
2687,16,0.0
18106,119,0.0
18106,20,0.0
18106,399,0.0
18106,476,0.0
18106,264,0.0
18106,200,0.0
18106,189,0.0
18106,362,0.0
18106,17,0.0
18106,16,0.0
3884,119,0.0
3884,20,0.0
3884,399,0.0
3884,476,0.0
3884,264,0.0
3884,200,0.0
3884,189,0.0
3884,362,0.0
3884,17,0.0
3884,16,0.0
18955,119,0.0
18955,20,0.0
18955,399,0.0
18955,476,0.0
18955,264,0.0
18955,200,0.0
18955,189,0.0
18955,362,0.0
18955,17,0.0
18955,16,0.0
17023,119,0.0
17023,20,0.0
17023,399,0.0
17023,476,0.0
17023,264,0.0
17023,200,0.0
17023,189,0.0
17023,362,0.0
17023,17,0.0
17023,16,0.0
514,119,0.0
514,20,0.0
514,399,0.0
514,476,0.0
514,264,0.0
514,200,0.0
514,189,0.0
514,362,0.0
514,17,0.0
514,16,0.0
17796,119,0.0
17796,20,0.0
17796,399,0.0
17796,476,0.0
17796,264,0.0
17796,200,0.0
17796,189,0.0
17796,362,0.0
17796,17,0.0
17796,16,0.0
13982,119,0.0
13982,20,0.0
13982,399,0.0
13982,476,0.0
13982,264,0.0
13982,200,0.0
13982,189,0.0
13982,362,0.0
13982,17,0.0
13982,16,0.0
201,119,0.0
201,20,0.0
201,399,0.0
201,476,0.0
201,264,0.0
201,200,0.0
201,189,0.0
201,362,0.0
201,17,0.0
201,16,0.0
12059,20,0.0
12059,399,0.0
12059,476,0.0
12059,264,0.0
12059,200,0.0
12059,189,0.0
12059,362,0.0
12059,17,0.0
12059,16,0.0
12059,310,0.0
18679,119,0.0
18679,399,0.0
18679,476,0.0
18679,264,0.0
18679,200,0.0
18679,189,0.0
18679,362,0.0
18679,17,0.0
18679,16,0.0
18679,310,0.0
5660,119,0.0
5660,20,0.0
5660,399,0.0
5660,476,0.0
5660,264,0.0
5660,200,0.0
5660,189,0.0
5660,362,0.0
5660,17,0.0
5660,16,0.0
15230,119,0.0
15230,20,0.0
15230,399,0.0
15230,476,0.0
15230,264,0.0
15230,200,0.0
15230,189,0.0
15230,362,0.0
15230,17,0.0
15230,16,0.0
3904,119,0.0
3904,399,0.0
3904,476,0.0
3904,264,0.0
3904,200,0.0
3904,189,0.0
3904,362,0.0
3904,17,0.0
3904,16,0.0
3904,310,0.0
15033,119,0.0
15033,20,0.0
15033,399,0.0
15033,476,0.0
15033,264,0.0
15033,200,0.0
15033,189,0.0
15033,362,0.0
15033,17,0.0
15033,16,0.0
17007,119,0.0
17007,20,0.0
17007,399,0.0
17007,476,0.0
17007,264,0.0
17007,200,0.0
17007,189,0.0
17007,362,0.0
17007,17,0.0
17007,16,0.0
17021,119,0.0
17021,20,0.0
17021,399,0.0
17021,476,0.0
17021,264,0.0
17021,200,0.0
17021,189,0.0
17021,362,0.0
17021,17,0.0
17021,16,0.0
1436,119,0.0
1436,399,0.0
1436,476,0.0
1436,264,0.0
1436,200,0.0
1436,189,0.0
1436,362,0.0
1436,17,0.0
1436,16,0.0
1436,310,0.0
18107,119,0.0
18107,20,0.0
18107,399,0.0
18107,476,0.0
18107,264,0.0
18107,200,0.0
18107,189,0.0
18107,362,0.0
18107,17,0.0
18107,16,0.0
17020,119,0.0
17020,20,0.0
17020,399,0.0
17020,476,0.0
17020,264,0.0
17020,200,0.0
17020,189,0.0
17020,362,0.0
17020,17,0.0
17020,16,0.0
4182,119,0.0
4182,20,0.0
4182,399,0.0
4182,476,0.0
4182,264,0.0
4182,200,0.0
4182,189,0.0
4182,362,0.0
4182,17,0.0
4182,16,0.0
2988,119,0.0
2988,20,0.0
2988,399,0.0
2988,476,0.0
2988,200,0.0
2988,189,0.0
2988,362,0.0
2988,17,0.0
2988,16,0.0
2988,310,0.0
17685,119,0.0
17685,20,0.0
17685,399,0.0
17685,476,0.0
17685,264,0.0
17685,200,0.0
17685,189,0.0
17685,362,0.0
17685,17,0.0
17685,16,0.0
8494,119,0.0
8494,399,0.0
8494,476,0.0
8494,264,0.0
8494,200,0.0
8494,189,0.0
8494,362,0.0
8494,17,0.0
8494,16,0.0
8494,310,0.0
17804,119,0.0
17804,20,0.0
17804,399,0.0
17804,476,0.0
17804,264,0.0
17804,200,0.0
17804,189,0.0
17804,362,0.0
17804,17,0.0
17804,16,0.0
17781,119,0.0
17781,20,0.0
17781,399,0.0
17781,476,0.0
17781,264,0.0
17781,200,0.0
17781,189,0.0
17781,362,0.0
17781,17,0.0
17781,16,0.0
17794,119,0.0
17794,20,0.0
17794,399,0.0
17794,476,0.0
17794,264,0.0
17794,200,0.0
17794,189,0.0
17794,362,0.0
17794,17,0.0
17794,16,0.0
13989,119,0.0
13989,20,0.0
13989,399,0.0
13989,476,0.0
13989,264,0.0
13989,200,0.0
13989,189,0.0
13989,362,0.0
13989,17,0.0
13989,16,0.0
18566,119,0.0
18566,20,0.0
18566,399,0.0
18566,476,0.0
18566,264,0.0
18566,200,0.0
18566,189,0.0
18566,362,0.0
18566,17,0.0
18566,16,0.0
15415,200,8.255928946018454
15415,20,8.255928946018454
15415,287,6.255928946018454
15415,310,6.255928946018454
15415,399,5.755928946018454
15415,22,5.255928946018454
15415,264,4.755928946018454
15415,189,4.499999999999999
15415,94,4.255928946018454
15415,255,4.255928946018454
1438,119,0.0
1438,20,0.0
1438,399,0.0
1438,476,0.0
1438,264,0.0
1438,200,0.0
1438,189,0.0
1438,362,0.0
1438,17,0.0
1438,16,0.0
17783,119,0.0
17783,399,0.0
17783,476,0.0
17783,264,0.0
17783,200,0.0
17783,189,0.0
17783,362,0.0
17783,17,0.0
17783,16,0.0
17783,310,0.0
2358,119,0.0
2358,20,0.0
2358,399,0.0
2358,476,0.0
2358,264,0.0
2358,200,0.0
2358,189,0.0
2358,362,0.0
2358,17,0.0
2358,16,0.0
17809,119,0.0
17809,399,0.0
17809,476,0.0
17809,264,0.0
17809,200,0.0
17809,189,0.0
17809,362,0.0
17809,17,0.0
17809,16,0.0
17809,310,0.0
17773,119,0.0
17773,20,0.0
17773,399,0.0
17773,476,0.0
17773,264,0.0
17773,200,0.0
17773,189,0.0
17773,362,0.0
17773,17,0.0
17773,16,0.0
17774,119,0.0
17774,20,0.0
17774,399,0.0
17774,476,0.0
17774,264,0.0
17774,200,0.0
17774,189,0.0
17774,362,0.0
17774,17,0.0
17774,16,0.0
18671,119,0.0
18671,20,0.0
18671,399,0.0
18671,476,0.0
18671,264,0.0
18671,200,0.0
18671,189,0.0
18671,362,0.0
18671,17,0.0
18671,16,0.0
2842,119,0.0
2842,20,0.0
2842,399,0.0
2842,476,0.0
2842,264,0.0
2842,200,0.0
2842,189,0.0
2842,362,0.0
2842,17,0.0
2842,16,0.0
17770,119,0.0
17770,20,0.0
17770,399,0.0
17770,476,0.0
17770,264,0.0
17770,200,0.0
17770,189,0.0
17770,362,0.0
17770,17,0.0
17770,16,0.0
17194,119,0.0
17194,20,0.0
17194,399,0.0
17194,476,0.0
17194,264,0.0
17194,200,0.0
17194,189,0.0
17194,362,0.0
17194,17,0.0
17194,16,0.0
4938,119,0.0
4938,20,0.0
4938,399,0.0
4938,476,0.0
4938,264,0.0
4938,200,0.0
4938,189,0.0
4938,362,0.0
4938,17,0.0
4938,16,0.0
16286,119,0.0
16286,20,0.0
16286,399,0.0
16286,476,0.0
16286,264,0.0
16286,200,0.0
16286,189,0.0
16286,362,0.0
16286,17,0.0
16286,16,0.0
17016,119,0.0
17016,20,0.0
17016,399,0.0
17016,476,0.0
17016,264,0.0
17016,200,0.0
17016,189,0.0
17016,362,0.0
17016,17,0.0
17016,16,0.0
11614,119,0.0
11614,20,0.0
11614,399,0.0
11614,476,0.0
11614,264,0.0
11614,200,0.0
11614,189,0.0
11614,362,0.0
11614,17,0.0
11614,16,0.0
18677,119,0.0
18677,20,0.0
18677,399,0.0
18677,476,0.0
18677,264,0.0
18677,200,0.0
18677,189,0.0
18677,362,0.0
18677,17,0.0
18677,16,0.0
17490,399,14.0
17490,20,14.0
17490,119,11.0
17490,287,9.0
17490,94,9.0
17490,200,7.999999999999998
17490,255,6.0
17490,16,5.999999999999999
17490,189,5.999999999999999
17490,362,4.999999999999999
64,119,0.0
64,20,0.0
64,399,0.0
64,476,0.0
64,264,0.0
64,200,0.0
64,189,0.0
64,362,0.0
64,17,0.0
64,16,0.0
8278,119,0.0
8278,20,0.0
8278,399,0.0
8278,476,0.0
8278,264,0.0
8278,200,0.0
8278,189,0.0
8278,362,0.0
8278,17,0.0
8278,16,0.0
11481,119,0.0
11481,20,0.0
11481,399,0.0
11481,476,0.0
11481,264,0.0
11481,200,0.0
11481,189,0.0
11481,362,0.0
11481,17,0.0
11481,16,0.0
17776,119,0.0
17776,20,0.0
17776,399,0.0
17776,476,0.0
17776,264,0.0
17776,200,0.0
17776,189,0.0
17776,362,0.0
17776,17,0.0
17776,16,0.0
1323,119,0.0
1323,20,0.0
1323,399,0.0
1323,476,0.0
1323,264,0.0
1323,200,0.0
1323,189,0.0
1323,17,0.0
1323,16,0.0
1323,310,0.0
2989,119,0.0
2989,20,0.0
2989,399,0.0
2989,476,0.0
2989,264,0.0
2989,200,0.0
2989,189,0.0
2989,362,0.0
2989,17,0.0
2989,16,0.0
