9657,78,1.2731450214210929
9657,89,0.5158408977365045
9657,824,0.16328371045017867
9657,190,0.03857583749052305
9657,19,0.03857583749052305
9657,125,0.03857583749052305
9657,400,0.0
9657,415,0.0
9657,284,-0.0520265981714472
9657,22,-0.08640734487650115
1550,119,0.0
1550,20,0.0
1550,399,0.0
1550,476,0.0
1550,264,0.0
1550,200,0.0
1550,189,0.0
1550,362,0.0
1550,17,0.0
1550,16,0.0
17924,20,13.0
17924,200,11.0
17924,399,11.0
17924,119,11.0
17924,189,9.0
17924,362,7.0
17924,22,7.0
17924,255,6.999999999999999
17924,310,6.0
17924,287,5.999999999999998
4672,119,0.0
4672,20,0.0
4672,399,0.0
4672,476,0.0
4672,264,0.0
4672,200,0.0
4672,189,0.0
4672,362,0.0
4672,17,0.0
4672,16,0.0
8497,119,0.0
8497,20,0.0
8497,399,0.0
8497,476,0.0
8497,264,0.0
8497,200,0.0
8497,189,0.0
8497,362,0.0
8497,17,0.0
8497,16,0.0
9070,16,3.593771575896015
9070,20,3.3756746894738523
9070,134,1.859039590064761
9070,189,1.1122452315288933
9070,476,0.32871912932571284
9070,17,0.32871912932571284
9070,255,0.1538720360891368
9070,415,0.0
9070,77,0.0
9070,400,0.0
16845,119,0.0
16845,20,0.0
16845,399,0.0
16845,476,0.0
16845,264,0.0
16845,200,0.0
16845,189,0.0
16845,362,0.0
16845,17,0.0
16845,16,0.0
7943,255,8.331701919233934
7943,352,6.566847241059822
7943,22,5.944047300331741
7943,310,5.030622372168008
7943,59,2.224326746614599
7943,416,1.7471893228591315
7943,824,1.4256771495160319
7943,134,1.392014085098761
7943,190,0.7271875269576199
7943,125,0.7271875269576199
8348,287,5.0
8348,94,5.0
8348,200,5.0
8348,20,4.0
8348,189,4.0
8348,399,4.0
8348,310,3.999999999999999
8348,79,3.0
8348,362,3.0
8348,22,2.999999999999999
7974,287,13.689805392697144
7974,310,10.446981418990076
7974,16,7.042303979508531
7974,22,5.224003149922909
7974,352,4.63965218258285
7974,78,4.281863517530526
7974,362,3.6429057428775176
7974,89,2.6492463611611123
7974,134,2.551838434971343
7974,59,1.5947712398221903
19001,22,4.550036164479185
19001,352,4.2082654888959
19001,16,3.7648130394978194
19001,78,2.978630689266025
19001,59,2.1401298471618677
19001,824,1.1646421325893652
19001,416,1.1244688230959294
19001,134,0.9112532578539092
19001,284,0.5770535072737513
19001,77,0.17206180040292135
5878,310,5.639545520463217
5878,287,5.572219084384991
5878,119,2.3616128771917664
5878,89,2.0
5878,352,1.6544806784217894
5878,264,1.356136108203052
5878,78,0.8193549808947356
5878,255,0.7796741978868444
5878,16,0.7488140395809513
5878,134,0.5483343429564137
19049,59,2.4613585085585097
19049,287,1.8716087404824178
19049,134,1.6171915200843747
19049,16,1.34322186536036
19049,94,0.7423109202606784
19049,17,0.6495366119157399
19049,476,0.6495366119157399
19049,77,0.5000000000000001
19049,824,0.39941955598701556
19049,284,0.2721655269759086
1359,119,0.0
1359,20,0.0
1359,399,0.0
1359,476,0.0
1359,264,0.0
1359,200,0.0
1359,189,0.0
1359,362,0.0
1359,17,0.0
1359,16,0.0
8347,119,0.0
8347,399,0.0
8347,476,0.0
8347,264,0.0
8347,200,0.0
8347,189,0.0
8347,362,0.0
8347,17,0.0
8347,16,0.0
8347,310,0.0
19003,200,22.655499403452268
19003,264,18.403850789252765
19003,255,13.111853529558884
19003,352,7.222156809895131
19003,22,6.274669710657673
19003,59,3.9468225850169545
19003,16,3.56786531346033
19003,89,2.2770800861353435
19003,134,1.8177180529054444
19003,416,1.5245582061923169
12415,119,0.0
12415,20,0.0
12415,399,0.0
12415,476,0.0
12415,264,0.0
12415,200,0.0
12415,189,0.0
12415,362,0.0
12415,17,0.0
12415,16,0.0
11894,287,18.671290208662345
11894,310,12.34876172280205
11894,255,11.250042072731969
11894,352,8.288148012405296
11894,16,7.598163584804459
11894,22,7.16550465728959
11894,362,6.5872967704893615
11894,78,4.165385615321794
11894,89,3.987655665934145
11894,134,2.755648527265415
19000,310,2.80025624227123
19000,189,2.228675185346649
19000,134,1.9721209071560317
19000,22,1.7297230909226087
19000,89,0.8463524499348971
19000,125,0.4385290096535146
19000,190,0.4385290096535146
19000,19,0.4385290096535146
19000,17,0.12134066792426883
19000,476,0.12134066792426883
19030,362,1.512969594378565
19030,17,0.5991446895152781
19030,476,0.5991446895152781
19030,78,0.47678607253963257
19030,19,0.12657063029731422
19030,190,0.12657063029731422
19030,125,0.12657063029731422
19030,415,0.0
19030,400,0.0
19030,134,-0.13806087153557045
4729,119,0.0
4729,20,0.0
4729,399,0.0
4729,476,0.0
4729,264,0.0
4729,200,0.0
4729,189,0.0
4729,362,0.0
4729,17,0.0
4729,16,0.0
18257,119,0.0
18257,20,0.0
18257,399,0.0
18257,476,0.0
18257,264,0.0
18257,200,0.0
18257,189,0.0
18257,362,0.0
18257,17,0.0
18257,16,0.0
5872,20,0.0
5872,476,0.0
5872,200,0.0
5872,362,0.0
5872,17,0.0
5872,16,0.0
5872,310,0.0
5872,59,0.0
5872,287,0.0
5872,134,0.0
12414,79,9.3970823929
12414,94,9.216134365975408
12414,119,6.921683539962942
12414,310,6.68416632143582
12414,22,6.0717829389989655
12414,287,5.925395974501491
12414,255,5.636187270628228
12414,20,5.2791460526889615
12414,352,4.0948857969395
12414,16,4.025328652438199
8173,119,0.0
8173,20,0.0
8173,399,0.0
8173,476,0.0
8173,264,0.0
8173,200,0.0
8173,189,0.0
8173,362,0.0
8173,17,0.0
8173,16,0.0
4588,119,0.0
4588,20,0.0
4588,399,0.0
4588,476,0.0
4588,264,0.0
4588,200,0.0
4588,189,0.0
4588,362,0.0
4588,17,0.0
4588,16,0.0
19008,119,0.0
19008,20,0.0
19008,399,0.0
19008,476,0.0
19008,264,0.0
19008,200,0.0
19008,189,0.0
19008,362,0.0
19008,17,0.0
19008,16,0.0
7796,119,0.0
7796,20,0.0
7796,399,0.0
7796,476,0.0
7796,264,0.0
7796,200,0.0
7796,189,0.0
7796,362,0.0
7796,17,0.0
7796,16,0.0
16513,119,0.0
16513,20,0.0
16513,399,0.0
16513,476,0.0
16513,264,0.0
16513,200,0.0
16513,189,0.0
16513,362,0.0
16513,17,0.0
16513,16,0.0
319,20,0.0
319,399,0.0
319,476,0.0
319,264,0.0
319,200,0.0
319,189,0.0
319,362,0.0
319,17,0.0
319,16,0.0
319,310,0.0
4696,119,0.0
4696,20,0.0
4696,399,0.0
4696,476,0.0
4696,264,0.0
4696,200,0.0
4696,189,0.0
4696,362,0.0
4696,17,0.0
4696,16,0.0
11917,119,0.0
11917,20,0.0
11917,399,0.0
11917,476,0.0
11917,264,0.0
11917,200,0.0
11917,189,0.0
11917,362,0.0
11917,17,0.0
11917,16,0.0
5120,287,5.592760870384925
5120,264,5.592760870384925
5120,200,4.092760870384925
5120,352,3.6889822365046143
5120,16,3.470725343394151
5120,399,3.403778633880311
5120,22,2.348689816403378
5120,79,1.6220355269907725
5120,416,1.1889822365046137
5120,134,0.47072534339415184
4304,20,0.0
4304,399,0.0
4304,476,0.0
4304,264,0.0
4304,200,0.0
4304,362,0.0
4304,17,0.0
4304,16,0.0
4304,310,0.0
4304,59,0.0
18260,119,0.0
18260,20,0.0
18260,399,0.0
18260,476,0.0
18260,264,0.0
18260,200,0.0
18260,189,0.0
18260,362,0.0
18260,17,0.0
18260,16,0.0
4,94,14.967402076342616
4,362,9.333868123193838
4,255,9.012513919877149
4,352,6.8432443320906815
4,22,6.4703355661620225
4,16,5.291202997906985
4,78,3.760075127653925
4,59,3.735557784222742
4,134,2.1778816908823027
4,416,1.9977918056802115
19029,399,2.0
19029,79,4.440892098500626E-16
19029,200,4.440892098500626E-16
19029,89,0.0
19029,17,0.0
19029,415,0.0
19029,78,0.0
19029,476,0.0
19029,284,0.0
19029,824,0.0
8342,119,22.725869959461487
8342,255,9.194302385294844
8342,352,7.378553034384804
8342,22,5.027622607097949
8342,59,4.060509834388064
8342,89,3.3016876752466047
8342,78,2.4544578361121685
8342,824,1.3512908768563836
8342,284,0.8665234057829186
8342,134,0.3902085127870979
19048,20,19.784620569681138
19048,287,11.705490399150703
19048,94,10.9731903249884
19048,255,10.34197895318999
19048,22,8.607296805604134
19048,310,8.249589279584594
19048,352,8.213312254275342
19048,362,7.471256230672651
19048,189,7.3998495153785235
19048,16,6.287464218664875
18251,119,14.975155920464694
18251,399,13.53164077660168
18251,20,13.421630810156334
18251,287,13.197279104472942
18251,310,12.013350777159117
18251,189,12.008519644196667
18251,79,11.536732733302152
18251,362,9.26325746950909
18251,16,8.668967478212016
18251,255,8.3999046629959
2090,20,0.0
2090,399,0.0
2090,476,0.0
2090,264,0.0
2090,200,0.0
2090,189,0.0
2090,362,0.0
2090,17,0.0
2090,16,0.0
2090,310,0.0
19159,189,8.421474439062887
19159,264,7.9043971664642925
19159,362,7.870605426894873
19159,200,7.342183444976806
19159,255,6.355740200442562
19159,310,5.016762548164494
19159,16,4.022145100271827
19159,287,3.8299863565644268
19159,78,3.7364766115981904
19159,79,2.8618648622419
19018,119,0.0
19018,20,0.0
19018,399,0.0
19018,476,0.0
19018,264,0.0
19018,200,0.0
19018,189,0.0
19018,362,0.0
19018,17,0.0
19018,16,0.0
14223,264,2.6678627519546705
14223,362,1.5240467519547187
14223,77,0.9999999999999998
14223,22,0.8829300432652849
14223,134,0.7789748866705817
14223,824,0.4430975933230237
14223,352,0.4407406782883172
14223,59,0.32668281741931754
14223,17,0.16666666666666663
14223,476,0.16666666666666663
19534,20,13.0
19534,200,11.0
19534,399,11.0
19534,119,11.0
19534,189,9.0
19534,362,7.0
19534,22,7.0
19534,255,7.0
19534,310,6.0
19534,287,6.0
8289,119,0.0
8289,20,0.0
8289,399,0.0
8289,476,0.0
8289,264,0.0
8289,200,0.0
8289,189,0.0
8289,362,0.0
8289,17,0.0
8289,16,0.0
15596,125,0.9999999999999998
15596,190,0.9999999999999998
15596,19,0.9999999999999998
15596,17,0.0
15596,476,0.0
15596,824,0.0
15596,77,0.0
15596,416,0.0
15596,415,0.0
15596,400,0.0
18249,119,0.0
18249,399,0.0
18249,476,0.0
18249,264,0.0
18249,200,0.0
18249,189,0.0
18249,362,0.0
18249,17,0.0
18249,16,0.0
18249,310,0.0
10885,119,0.0
10885,20,0.0
10885,399,0.0
10885,476,0.0
10885,264,0.0
10885,200,0.0
10885,189,0.0
10885,362,0.0
10885,17,0.0
10885,16,0.0
19046,119,0.0
19046,20,0.0
19046,399,0.0
19046,476,0.0
19046,264,0.0
19046,200,0.0
19046,189,0.0
19046,362,0.0
19046,17,0.0
19046,16,0.0
10369,119,0.0
10369,20,0.0
10369,399,0.0
10369,476,0.0
10369,264,0.0
10369,200,0.0
10369,189,0.0
10369,362,0.0
10369,17,0.0
10369,16,0.0
4693,20,0.0
4693,399,0.0
4693,476,0.0
4693,264,0.0
4693,200,0.0
4693,189,0.0
4693,362,0.0
4693,17,0.0
4693,16,0.0
4693,310,0.0
12411,264,24.794802409120056
12411,20,22.713707900111284
12411,287,15.108729526645174
12411,94,12.491334617379147
12411,189,12.119628796145028
12411,310,11.853975791871497
12411,255,11.213248237987735
12411,362,10.389553930698941
12411,16,7.334686601176029
12411,78,7.267864462180776
16398,399,19.0
16398,264,18.0
16398,20,16.0
16398,200,15.0
16398,287,12.0
16398,94,10.0
16398,255,10.0
16398,310,9.0
16398,189,9.0
16398,362,7.0
18259,119,0.0
18259,20,0.0
18259,399,0.0
18259,476,0.0
18259,264,0.0
18259,200,0.0
18259,189,0.0
18259,362,0.0
18259,17,0.0
18259,16,0.0
8543,20,0.0
8543,476,0.0
8543,200,0.0
8543,189,0.0
8543,362,0.0
8543,17,0.0
8543,16,0.0
8543,310,0.0
8543,59,0.0
8543,287,0.0
19024,89,1.9999999999999996
19024,125,0.9999999999999998
19024,416,0.9999999999999998
19024,190,0.9999999999999998
19024,19,0.9999999999999998
19024,824,0.0
19024,415,0.0
19024,284,0.0
19024,400,0.0
19024,77,-0.9999999999999998
18256,119,0.0
18256,20,0.0
18256,399,0.0
18256,476,0.0
18256,264,0.0
18256,200,0.0
18256,189,0.0
18256,362,0.0
18256,17,0.0
18256,16,0.0
4634,119,0.0
4634,20,0.0
4634,476,0.0
4634,264,0.0
4634,200,0.0
4634,362,0.0
4634,17,0.0
4634,16,0.0
4634,310,0.0
4634,59,0.0
465,119,0.0
465,20,0.0
465,399,0.0
465,476,0.0
465,264,0.0
465,200,0.0
465,189,0.0
465,362,0.0
465,17,0.0
465,16,0.0
5924,119,0.0
5924,20,0.0
5924,399,0.0
5924,476,0.0
5924,264,0.0
5924,200,0.0
5924,189,0.0
5924,362,0.0
5924,17,0.0
5924,16,0.0
19034,352,7.374543628850363
19034,59,2.4105826167264324
19034,310,2.034421581991234
19034,200,2.012272682939022
19034,416,1.6546536707079778
19034,16,1.624868331012146
19034,89,1.4234433398029442
19034,94,1.034421581991234
19034,190,1.0000000000000004
19034,125,1.0000000000000004
8773,119,0.0
8773,20,0.0
8773,399,0.0
8773,476,0.0
8773,264,0.0
8773,200,0.0
8773,189,0.0
8773,362,0.0
8773,17,0.0
8773,16,0.0
469,119,0.0
469,20,0.0
469,399,0.0
469,476,0.0
469,264,0.0
469,200,0.0
469,189,0.0
469,362,0.0
469,17,0.0
469,16,0.0
18649,119,0.0
18649,20,0.0
18649,399,0.0
18649,476,0.0
18649,264,0.0
18649,200,0.0
18649,189,0.0
18649,362,0.0
18649,17,0.0
18649,16,0.0
19033,119,0.0
19033,20,0.0
19033,399,0.0
19033,476,0.0
19033,264,0.0
19033,200,0.0
19033,189,0.0
19033,362,0.0
19033,17,0.0
19033,16,0.0
4310,399,16.0
4310,264,16.0
4310,20,15.0
4310,94,13.0
4310,119,12.0
4310,79,11.0
4310,287,9.0
4310,362,8.0
4310,310,7.0
4310,255,7.0
5873,119,0.0
5873,20,0.0
5873,399,0.0
5873,476,0.0
5873,264,0.0
5873,200,0.0
5873,189,0.0
5873,362,0.0
5873,17,0.0
5873,16,0.0
11908,119,0.0
11908,20,0.0
11908,399,0.0
11908,476,0.0
11908,264,0.0
11908,200,0.0
11908,189,0.0
11908,362,0.0
11908,17,0.0
11908,16,0.0
18070,119,0.0
18070,20,0.0
18070,399,0.0
18070,476,0.0
18070,264,0.0
18070,200,0.0
18070,189,0.0
18070,362,0.0
18070,17,0.0
18070,16,0.0
14822,119,0.0
14822,20,0.0
14822,399,0.0
14822,476,0.0
14822,264,0.0
14822,200,0.0
14822,189,0.0
14822,362,0.0
14822,17,0.0
14822,16,0.0
18999,264,11.42027160360701
18999,79,10.484641484643465
18999,119,7.609574924950129
18999,352,6.9656753566022465
18999,94,5.906663860827468
18999,189,5.327110049046091
18999,255,4.901692708949956
18999,22,4.512649413886604
18999,310,4.48579680394632
18999,362,4.184678322637545
14091,119,0.0
14091,20,0.0
14091,399,0.0
14091,476,0.0
14091,264,0.0
14091,200,0.0
14091,189,0.0
14091,362,0.0
14091,17,0.0
14091,16,0.0
1023,119,0.0
1023,20,0.0
1023,399,0.0
1023,476,0.0
1023,264,0.0
1023,200,0.0
1023,189,0.0
1023,362,0.0
1023,17,0.0
1023,16,0.0
3783,189,5.0
3783,119,5.0
3783,362,4.0
3783,20,3.0
3783,200,3.0
3783,264,3.0
3783,134,3.0
3783,78,2.0
3783,59,1.0000000000000004
3783,476,1.0000000000000002
19913,119,0.0
19913,20,0.0
19913,399,0.0
19913,476,0.0
19913,264,0.0
19913,200,0.0
19913,189,0.0
19913,362,0.0
19913,17,0.0
19913,16,0.0
19012,119,0.0
19012,20,0.0
19012,399,0.0
19012,476,0.0
19012,264,0.0
19012,200,0.0
19012,189,0.0
19012,362,0.0
19012,17,0.0
19012,16,0.0
11918,119,0.0
11918,20,0.0
11918,399,0.0
11918,476,0.0
11918,264,0.0
11918,200,0.0
11918,189,0.0
11918,362,0.0
11918,17,0.0
11918,16,0.0
11912,119,0.0
11912,20,0.0
11912,399,0.0
11912,476,0.0
11912,264,0.0
11912,200,0.0
11912,189,0.0
11912,362,0.0
11912,17,0.0
11912,16,0.0
19022,119,0.0
19022,20,0.0
19022,399,0.0
19022,476,0.0
19022,264,0.0
19022,200,0.0
19022,189,0.0
19022,362,0.0
19022,17,0.0
19022,16,0.0
18250,119,0.0
18250,20,0.0
18250,399,0.0
18250,476,0.0
18250,264,0.0
18250,200,0.0
18250,189,0.0
18250,362,0.0
18250,17,0.0
18250,16,0.0
19028,119,0.0
19028,20,0.0
19028,399,0.0
19028,476,0.0
19028,264,0.0
19028,200,0.0
19028,189,0.0
19028,362,0.0
19028,17,0.0
19028,16,0.0
12350,119,0.0
12350,20,0.0
12350,399,0.0
12350,476,0.0
12350,264,0.0
12350,200,0.0
12350,189,0.0
12350,362,0.0
12350,17,0.0
12350,16,0.0
19021,119,0.0
19021,20,0.0
19021,399,0.0
19021,476,0.0
19021,264,0.0
19021,200,0.0
19021,189,0.0
19021,362,0.0
19021,17,0.0
19021,16,0.0
11911,119,0.0
11911,20,0.0
11911,399,0.0
11911,476,0.0
11911,264,0.0
11911,200,0.0
11911,189,0.0
11911,362,0.0
11911,17,0.0
11911,16,0.0
80,119,0.0
80,20,0.0
80,399,0.0
80,476,0.0
80,264,0.0
80,200,0.0
80,189,0.0
80,362,0.0
80,17,0.0
80,16,0.0
19043,20,25.375390496999767
19043,287,15.139226942106626
19043,79,11.450131198537415
19043,310,8.58052022731455
19043,16,6.617619842294481
19043,22,3.295685135981622
19043,352,3.2417094004852984
19043,78,2.8794000387254863
19043,59,2.619893940038237
19043,134,2.3729943289297024
11903,399,9.667744766372218
11903,20,7.167744766372218
11903,362,3.1059101370939324
11903,59,2.6889822365046134
11903,310,2.525604970434352
11903,134,2.49193730505158
11903,287,2.4869064020039007
11903,200,2.171437458686822
11903,255,1.8148129605838756
11903,22,1.3029550685469655
19044,200,12.51032406009592
19044,189,9.879912005458372
19044,94,9.25464555330405
19044,255,7.698506105668818
19044,16,6.212118460168548
19044,362,5.396309480132783
19044,352,4.396799649208814
19044,22,4.158007949779562
19044,310,3.4236787257450434
19044,78,2.146568086660908
8335,119,0.0
8335,20,0.0
8335,399,0.0
8335,476,0.0
8335,264,0.0
8335,200,0.0
8335,189,0.0
8335,362,0.0
8335,17,0.0
8335,16,0.0
4633,119,0.0
4633,20,0.0
4633,399,0.0
4633,476,0.0
4633,264,0.0
4633,200,0.0
4633,189,0.0
4633,362,0.0
4633,17,0.0
4633,16,0.0
4448,119,0.0
4448,20,0.0
4448,399,0.0
4448,476,0.0
4448,264,0.0
4448,200,0.0
4448,189,0.0
4448,362,0.0
4448,17,0.0
4448,16,0.0
11899,119,0.0
11899,20,0.0
11899,399,0.0
11899,476,0.0
11899,264,0.0
11899,200,0.0
11899,189,0.0
11899,362,0.0
11899,17,0.0
11899,16,0.0
10748,119,0.0
10748,20,0.0
10748,399,0.0
10748,476,0.0
10748,264,0.0
10748,200,0.0
10748,189,0.0
10748,362,0.0
10748,17,0.0
10748,16,0.0
11901,119,0.0
11901,20,0.0
11901,399,0.0
11901,476,0.0
11901,264,0.0
11901,200,0.0
11901,362,0.0
11901,17,0.0
11901,16,0.0
11901,310,0.0
18230,264,21.84485981492713
18230,399,18.107868381851052
18230,287,14.204676590912703
18230,79,13.570323409351111
18230,189,11.528472895032873
18230,310,10.662638215901408
18230,255,8.356952840378598
18230,362,7.686671617257288
18230,352,6.965460096088745
18230,16,6.576538006191231
11909,119,0.0
11909,20,0.0
11909,399,0.0
11909,476,0.0
11909,264,0.0
11909,200,0.0
11909,189,0.0
11909,362,0.0
11909,17,0.0
11909,16,0.0
7727,119,0.0
7727,20,0.0
7727,399,0.0
7727,476,0.0
7727,264,0.0
7727,200,0.0
7727,189,0.0
7727,362,0.0
7727,17,0.0
7727,16,0.0
11907,119,0.0
11907,20,0.0
11907,399,0.0
11907,476,0.0
11907,264,0.0
11907,200,0.0
11907,362,0.0
11907,17,0.0
11907,16,0.0
11907,310,0.0
6527,119,0.0
6527,20,0.0
6527,399,0.0
6527,476,0.0
6527,264,0.0
6527,200,0.0
6527,189,0.0
6527,362,0.0
6527,17,0.0
6527,16,0.0
19041,119,0.0
19041,20,0.0
19041,399,0.0
19041,476,0.0
19041,264,0.0
19041,200,0.0
19041,189,0.0
19041,362,0.0
19041,17,0.0
19041,16,0.0
8324,119,0.0
8324,20,0.0
8324,399,0.0
8324,476,0.0
8324,264,0.0
8324,200,0.0
8324,189,0.0
8324,362,0.0
8324,17,0.0
8324,16,0.0
11910,119,0.0
11910,20,0.0
11910,399,0.0
11910,476,0.0
11910,264,0.0
11910,200,0.0
11910,189,0.0
11910,362,0.0
11910,17,0.0
11910,16,0.0
502,119,0.0
502,20,0.0
502,399,0.0
502,476,0.0
502,264,0.0
502,200,0.0
502,189,0.0
502,362,0.0
502,17,0.0
502,16,0.0
6973,119,0.0
6973,20,0.0
6973,399,0.0
6973,476,0.0
6973,264,0.0
6973,200,0.0
6973,189,0.0
6973,362,0.0
6973,17,0.0
6973,16,0.0
19042,119,0.0
19042,20,0.0
19042,399,0.0
19042,476,0.0
19042,264,0.0
19042,200,0.0
19042,189,0.0
19042,362,0.0
19042,17,0.0
19042,16,0.0
18185,119,0.0
18185,20,0.0
18185,399,0.0
18185,476,0.0
18185,264,0.0
18185,200,0.0
18185,189,0.0
18185,362,0.0
18185,17,0.0
18185,16,0.0
10265,119,0.0
10265,20,0.0
10265,399,0.0
10265,476,0.0
10265,264,0.0
10265,200,0.0
10265,189,0.0
10265,362,0.0
10265,17,0.0
10265,16,0.0
5606,119,0.0
5606,20,0.0
5606,399,0.0
5606,476,0.0
5606,264,0.0
5606,200,0.0
5606,189,0.0
5606,362,0.0
5606,17,0.0
5606,16,0.0
19004,79,3.837012385962095
19004,352,3.1364410102323186
19004,78,1.813810091110541
19004,59,1.5348301643036608
19004,416,1.0241192355143944
19004,824,0.5833314268206293
19004,19,0.3987645412962009
19004,190,0.3987645412962009
19004,125,0.3987645412962009
19004,77,0.2940598466564891
6128,119,0.0
6128,20,0.0
6128,399,0.0
6128,476,0.0
6128,264,0.0
6128,200,0.0
6128,189,0.0
6128,362,0.0
6128,17,0.0
6128,16,0.0
15717,119,11.723953183246245
15717,264,9.879348931555967
15717,362,8.578120694993776
15717,189,6.684508050539812
15717,79,6.212176468397215
15717,310,3.9894453893219524
15717,200,3.800463152817338
15717,59,3.322191748975322
15717,255,3.1570876509202854
15717,16,3.099541847087937
13880,20,0.0
13880,399,0.0
13880,476,0.0
13880,264,0.0
13880,200,0.0
13880,189,0.0
13880,362,0.0
13880,17,0.0
13880,16,0.0
13880,310,0.0
14062,119,0.0
14062,20,0.0
14062,399,0.0
14062,476,0.0
14062,264,0.0
14062,200,0.0
14062,189,0.0
14062,362,0.0
14062,17,0.0
14062,16,0.0
98,119,0.0
98,20,0.0
98,399,0.0
98,476,0.0
98,264,0.0
98,200,0.0
98,189,0.0
98,362,0.0
98,17,0.0
98,16,0.0
12122,119,0.0
12122,20,0.0
12122,399,0.0
12122,476,0.0
12122,264,0.0
12122,200,0.0
12122,189,0.0
12122,362,0.0
12122,17,0.0
12122,16,0.0
11919,119,0.0
11919,20,0.0
11919,399,0.0
11919,476,0.0
11919,264,0.0
11919,200,0.0
11919,189,0.0
11919,362,0.0
11919,17,0.0
11919,16,0.0
19035,119,0.0
19035,399,0.0
19035,476,0.0
19035,264,0.0
19035,200,0.0
19035,189,0.0
19035,362,0.0
19035,17,0.0
19035,16,0.0
19035,310,0.0
6528,119,21.65707437044323
6528,399,20.356879994842576
6528,264,20.05632296125712
6528,200,18.681804441106923
6528,287,15.436771000543875
6528,189,13.038484796311495
6528,310,11.472809988419943
6528,362,11.154414789888854
6528,255,11.137332573832161
6528,16,7.515378224029269
12416,119,0.0
12416,20,0.0
12416,399,0.0
12416,476,0.0
12416,264,0.0
12416,200,0.0
12416,189,0.0
12416,362,0.0
12416,17,0.0
12416,16,0.0
7333,119,0.0
7333,20,0.0
7333,399,0.0
7333,476,0.0
7333,264,0.0
7333,200,0.0
7333,189,0.0
7333,362,0.0
7333,17,0.0
7333,16,0.0
19138,119,0.0
19138,20,0.0
19138,399,0.0
19138,476,0.0
19138,264,0.0
19138,200,0.0
19138,189,0.0
19138,362,0.0
19138,17,0.0
19138,16,0.0
6526,119,0.0
6526,20,0.0
6526,399,0.0
6526,476,0.0
6526,264,0.0
6526,200,0.0
6526,189,0.0
6526,362,0.0
6526,17,0.0
6526,16,0.0
19027,119,0.0
19027,20,0.0
19027,399,0.0
19027,476,0.0
19027,264,0.0
19027,200,0.0
19027,189,0.0
19027,362,0.0
19027,17,0.0
19027,16,0.0
15594,22,4.35862072068738
15594,16,4.0089736562302685
15594,352,2.4134914557276455
15594,255,2.2458854950803344
15594,94,1.8582885655310362
15594,287,1.842425752541743
15594,78,1.8375211816775046
15594,200,1.8173524232384641
15594,89,0.7448632361542663
15594,134,0.6317301847981683
8917,119,0.0
8917,20,0.0
8917,399,0.0
8917,476,0.0
8917,264,0.0
8917,200,0.0
8917,189,0.0
8917,362,0.0
8917,17,0.0
8917,16,0.0
19011,119,0.0
19011,20,0.0
19011,399,0.0
19011,476,0.0
19011,264,0.0
19011,200,0.0
19011,189,0.0
19011,362,0.0
19011,17,0.0
19011,16,0.0
11904,119,0.0
11904,20,0.0
11904,399,0.0
11904,476,0.0
11904,264,0.0
11904,200,0.0
11904,189,0.0
11904,362,0.0
11904,17,0.0
11904,16,0.0
6553,119,0.0
6553,20,0.0
6553,399,0.0
6553,476,0.0
6553,264,0.0
6553,200,0.0
6553,189,0.0
6553,362,0.0
6553,17,0.0
6553,16,0.0
14738,119,0.0
14738,20,0.0
14738,399,0.0
14738,476,0.0
14738,264,0.0
14738,200,0.0
14738,189,0.0
14738,362,0.0
14738,17,0.0
14738,16,0.0
7645,119,0.0
7645,20,0.0
7645,399,0.0
7645,476,0.0
7645,264,0.0
7645,200,0.0
7645,189,0.0
7645,362,0.0
7645,17,0.0
7645,16,0.0
13564,119,0.0
13564,20,0.0
13564,399,0.0
13564,476,0.0
13564,264,0.0
13564,200,0.0
13564,189,0.0
13564,362,0.0
13564,17,0.0
13564,16,0.0
1013,119,0.0
1013,20,0.0
1013,399,0.0
1013,476,0.0
1013,264,0.0
1013,200,0.0
1013,189,0.0
1013,362,0.0
1013,17,0.0
1013,16,0.0
18231,119,0.0
18231,399,0.0
18231,476,0.0
18231,264,0.0
18231,200,0.0
18231,189,0.0
18231,362,0.0
18231,17,0.0
18231,16,0.0
18231,310,0.0
3736,119,0.0
3736,20,0.0
3736,399,0.0
3736,476,0.0
3736,264,0.0
3736,200,0.0
3736,189,0.0
3736,362,0.0
3736,17,0.0
3736,16,0.0
5119,119,0.0
5119,399,0.0
5119,476,0.0
5119,264,0.0
5119,200,0.0
5119,189,0.0
5119,362,0.0
5119,17,0.0
5119,16,0.0
5119,310,0.0
11915,399,3.8419653978990436
11915,89,2.4449111825230676
11915,200,2.035317637037478
11915,284,0.9999999999999998
11915,310,0.6464933886663364
11915,287,0.45311814338479683
11915,416,0.29025751181509096
11915,415,0.0
11915,400,0.0
11915,824,-0.24512734170130987
18261,119,0.0
18261,20,0.0
18261,399,0.0
18261,476,0.0
18261,264,0.0
18261,200,0.0
18261,189,0.0
18261,362,0.0
18261,17,0.0
18261,16,0.0
11900,20,0.0
11900,399,0.0
11900,476,0.0
11900,264,0.0
11900,200,0.0
11900,189,0.0
11900,362,0.0
11900,17,0.0
11900,16,0.0
11900,310,0.0
6788,119,0.0
6788,20,0.0
6788,399,0.0
6788,476,0.0
6788,264,0.0
6788,200,0.0
6788,189,0.0
6788,362,0.0
6788,17,0.0
6788,16,0.0
16835,119,0.0
16835,20,0.0
16835,399,0.0
16835,476,0.0
16835,264,0.0
16835,200,0.0
16835,189,0.0
16835,362,0.0
16835,17,0.0
16835,16,0.0
19201,119,0.0
19201,20,0.0
19201,399,0.0
19201,476,0.0
19201,264,0.0
19201,200,0.0
19201,189,0.0
19201,362,0.0
19201,17,0.0
19201,16,0.0
19038,119,0.0
19038,20,0.0
19038,399,0.0
19038,476,0.0
19038,264,0.0
19038,200,0.0
19038,189,0.0
19038,362,0.0
19038,17,0.0
19038,16,0.0
5925,119,0.0
5925,20,0.0
5925,399,0.0
5925,476,0.0
5925,264,0.0
5925,200,0.0
5925,362,0.0
5925,17,0.0
5925,16,0.0
5925,310,0.0
16836,119,0.0
16836,20,0.0
16836,399,0.0
16836,476,0.0
16836,264,0.0
16836,200,0.0
16836,189,0.0
16836,362,0.0
16836,17,0.0
16836,16,0.0
19013,119,0.0
19013,399,0.0
19013,476,0.0
19013,264,0.0
19013,200,0.0
19013,189,0.0
19013,362,0.0
19013,17,0.0
19013,16,0.0
19013,310,0.0
19015,119,0.0
19015,20,0.0
19015,399,0.0
19015,476,0.0
19015,264,0.0
19015,200,0.0
19015,189,0.0
19015,362,0.0
19015,17,0.0
19015,16,0.0
417,119,0.0
417,20,0.0
417,399,0.0
417,476,0.0
417,264,0.0
417,200,0.0
417,189,0.0
417,362,0.0
417,17,0.0
417,16,0.0
19005,399,7.381232032755172
19005,200,5.574747299543331
19005,310,4.651303959740385
19005,255,3.0292684327496158
19005,287,3.019658482066399
19005,89,1.9999999999999998
19005,824,1.7559289460184542
19005,59,1.5945568153959897
19005,189,1.5078005900294913
19005,134,1.3908931518072047
14710,119,0.0
14710,20,0.0
14710,399,0.0
14710,476,0.0
14710,264,0.0
14710,200,0.0
14710,189,0.0
14710,362,0.0
14710,17,0.0
14710,16,0.0
9900,119,0.0
9900,20,0.0
9900,399,0.0
9900,476,0.0
9900,264,0.0
9900,200,0.0
9900,189,0.0
9900,362,0.0
9900,17,0.0
9900,16,0.0
10091,20,0.0
10091,399,0.0
10091,476,0.0
10091,264,0.0
10091,200,0.0
10091,189,0.0
10091,362,0.0
10091,17,0.0
10091,16,0.0
10091,310,0.0
6754,119,0.0
6754,20,0.0
6754,399,0.0
6754,476,0.0
6754,264,0.0
6754,200,0.0
6754,189,0.0
6754,362,0.0
6754,17,0.0
6754,16,0.0
19045,119,0.0
19045,20,0.0
19045,399,0.0
19045,476,0.0
19045,264,0.0
19045,200,0.0
19045,189,0.0
19045,362,0.0
19045,17,0.0
19045,16,0.0
418,119,0.0
418,20,0.0
418,399,0.0
418,476,0.0
418,264,0.0
418,200,0.0
418,189,0.0
418,362,0.0
418,17,0.0
418,16,0.0
419,119,0.0
419,20,0.0
419,399,0.0
419,476,0.0
419,264,0.0
419,200,0.0
419,189,0.0
419,362,0.0
419,17,0.0
419,16,0.0
1362,119,0.0
1362,20,0.0
1362,399,0.0
1362,476,0.0
1362,264,0.0
1362,200,0.0
1362,189,0.0
1362,362,0.0
1362,17,0.0
1362,16,0.0
19040,119,0.0
19040,20,0.0
19040,399,0.0
19040,476,0.0
19040,264,0.0
19040,200,0.0
19040,189,0.0
19040,362,0.0
19040,17,0.0
19040,16,0.0
5565,119,0.0
5565,20,0.0
5565,399,0.0
5565,476,0.0
5565,264,0.0
5565,200,0.0
5565,189,0.0
5565,362,0.0
5565,17,0.0
5565,16,0.0
11916,119,0.0
11916,20,0.0
11916,399,0.0
11916,476,0.0
11916,264,0.0
11916,200,0.0
11916,189,0.0
11916,362,0.0
11916,17,0.0
11916,16,0.0
10460,119,0.0
10460,20,0.0
10460,399,0.0
10460,476,0.0
10460,264,0.0
10460,200,0.0
10460,189,0.0
10460,362,0.0
10460,17,0.0
10460,16,0.0
2046,119,0.0
2046,20,0.0
2046,399,0.0
2046,476,0.0
2046,264,0.0
2046,200,0.0
2046,189,0.0
2046,362,0.0
2046,17,0.0
2046,16,0.0
18506,119,0.0
18506,20,0.0
18506,399,0.0
18506,476,0.0
18506,264,0.0
18506,200,0.0
18506,189,0.0
18506,362,0.0
18506,17,0.0
18506,16,0.0
9901,119,0.0
9901,20,0.0
9901,399,0.0
9901,476,0.0
9901,264,0.0
9901,200,0.0
9901,189,0.0
9901,362,0.0
9901,17,0.0
9901,16,0.0
12009,119,0.0
12009,20,0.0
12009,399,0.0
12009,476,0.0
12009,264,0.0
12009,200,0.0
12009,189,0.0
12009,362,0.0
12009,17,0.0
12009,16,0.0
4449,119,0.0
4449,20,0.0
4449,399,0.0
4449,476,0.0
4449,264,0.0
4449,200,0.0
4449,189,0.0
4449,362,0.0
4449,17,0.0
4449,16,0.0
19026,119,0.0
19026,20,0.0
19026,399,0.0
19026,476,0.0
19026,264,0.0
19026,200,0.0
19026,189,0.0
19026,362,0.0
19026,17,0.0
19026,16,0.0
1361,119,0.0
1361,20,0.0
1361,399,0.0
1361,476,0.0
1361,264,0.0
1361,200,0.0
1361,189,0.0
1361,362,0.0
1361,17,0.0
1361,16,0.0
12412,119,0.0
12412,20,0.0
12412,399,0.0
12412,476,0.0
12412,264,0.0
12412,200,0.0
12412,189,0.0
12412,362,0.0
12412,17,0.0
12412,16,0.0
10461,119,0.0
10461,20,0.0
10461,399,0.0
10461,476,0.0
10461,264,0.0
10461,200,0.0
10461,189,0.0
10461,362,0.0
10461,17,0.0
10461,16,0.0
11711,119,0.0
11711,20,0.0
11711,399,0.0
11711,476,0.0
11711,264,0.0
11711,200,0.0
11711,189,0.0
11711,362,0.0
11711,17,0.0
11711,16,0.0
6323,189,10.243928565297928
6323,78,1.3968317084793458
6323,134,1.092413581544926
6323,19,0.7153027548444665
6323,190,0.7153027548444665
6323,125,0.7153027548444665
6323,284,0.6064227223007326
6323,77,0.4345240946267408
6323,476,0.038582117643188175
6323,17,0.038582117643188175
10833,119,0.0
10833,20,0.0
10833,399,0.0
10833,476,0.0
10833,264,0.0
10833,200,0.0
10833,189,0.0
10833,362,0.0
10833,17,0.0
10833,16,0.0
17184,89,2.999999999999999
17184,200,2.0
17184,134,0.9999999999999998
17184,255,0.9999999999999991
17184,22,0.9999999999999991
17184,415,0.0
17184,190,0.0
17184,476,0.0
17184,284,0.0
17184,17,0.0
2418,59,1.0427386454603438
2418,16,0.9444141186373691
2418,284,0.38052119532359524
2418,77,0.10889310129609417
2418,476,0.0795355953719722
2418,17,0.0795355953719722
2418,19,0.06537204504606135
2418,125,0.06537204504606135
2418,190,0.06537204504606135
2418,416,0.058430417444036584
15300,20,33.370224030581184
15300,399,31.06710591941227
15300,189,20.47660349503972
15300,287,18.568244636386833
15300,310,16.898877171252543
15300,94,15.909068073306162
15300,255,13.971457349620053
15300,362,12.666045837665328
15300,22,12.205810988084247
15300,16,9.499134590446229
9532,119,0.0
9532,20,0.0
9532,399,0.0
9532,476,0.0
9532,264,0.0
9532,200,0.0
9532,189,0.0
9532,362,0.0
9532,17,0.0
9532,16,0.0
11500,399,10.48777639492803
11500,264,7.150743485068681
11500,94,6.878146264006094
11500,362,5.983046335863367
11500,79,4.7210469627128715
11500,200,4.076078849416254
11500,16,3.8990140394699964
11500,287,3.271251025358648
11500,134,2.0552068317199907
11500,22,1.9680817206020473
6325,119,0.0
6325,20,0.0
6325,399,0.0
6325,476,0.0
6325,264,0.0
6325,200,0.0
6325,189,0.0
6325,362,0.0
6325,17,0.0
6325,16,0.0
19759,119,0.0
19759,20,0.0
19759,399,0.0
19759,476,0.0
19759,264,0.0
19759,200,0.0
19759,189,0.0
19759,362,0.0
19759,17,0.0
19759,16,0.0
6326,119,0.0
6326,20,0.0
6326,399,0.0
6326,476,0.0
6326,264,0.0
6326,200,0.0
6326,189,0.0
6326,362,0.0
6326,17,0.0
6326,16,0.0
16883,119,0.0
16883,20,0.0
16883,399,0.0
16883,476,0.0
16883,264,0.0
16883,200,0.0
16883,189,0.0
16883,362,0.0
16883,17,0.0
16883,16,0.0
5202,119,0.0
5202,20,0.0
5202,399,0.0
5202,476,0.0
5202,264,0.0
5202,200,0.0
5202,189,0.0
5202,362,0.0
5202,17,0.0
5202,16,0.0
4158,119,0.0
4158,20,0.0
4158,399,0.0
4158,476,0.0
4158,264,0.0
4158,200,0.0
4158,189,0.0
4158,362,0.0
4158,17,0.0
4158,16,0.0
13519,20,0.0
13519,399,0.0
13519,476,0.0
13519,264,0.0
13519,200,0.0
13519,189,0.0
13519,362,0.0
13519,17,0.0
13519,16,0.0
13519,310,0.0
10523,119,0.0
10523,20,0.0
10523,399,0.0
10523,476,0.0
10523,264,0.0
10523,200,0.0
10523,189,0.0
10523,362,0.0
10523,17,0.0
10523,16,0.0
9147,119,0.0
9147,20,0.0
9147,399,0.0
9147,476,0.0
9147,264,0.0
9147,200,0.0
9147,189,0.0
9147,362,0.0
9147,17,0.0
9147,16,0.0
18588,119,0.0
18588,20,0.0
18588,399,0.0
18588,476,0.0
18588,264,0.0
18588,200,0.0
18588,189,0.0
18588,362,0.0
18588,17,0.0
18588,16,0.0
17372,119,0.0
17372,20,0.0
17372,399,0.0
17372,476,0.0
17372,264,0.0
17372,200,0.0
17372,189,0.0
17372,362,0.0
17372,17,0.0
17372,16,0.0
971,287,6.0
971,200,3.0
971,79,2.999999999999999
971,78,1.9999999999999996
971,94,1.9999999999999991
971,310,1.0
971,352,1.0
971,22,1.0
971,16,0.9999999999999998
971,416,0.9999999999999998
7245,119,0.0
7245,20,0.0
7245,399,0.0
7245,476,0.0
7245,264,0.0
7245,200,0.0
7245,189,0.0
7245,362,0.0
7245,17,0.0
7245,16,0.0
2952,399,11.795548944753676
2952,16,2.4204861503341206
2952,824,1.525644303833456
2952,59,1.2687607659459055
2952,78,1.1490468539393404
2952,77,0.7745966692414833
2952,284,0.48415565029437346
2952,476,0.03857583749052305
2952,17,0.03857583749052305
2952,415,0.0
964,89,1.4567941821645518
964,59,0.7386594357690658
964,17,0.26731773937461606
964,476,0.26731773937461606
964,416,0.22228052971827586
964,284,0.1887759614897078
964,190,0.05298129428260175
964,125,0.05298129428260175
964,19,0.05298129428260175
964,415,0.0
7250,119,0.0
7250,20,0.0
7250,399,0.0
7250,476,0.0
7250,264,0.0
7250,200,0.0
7250,189,0.0
7250,362,0.0
7250,17,0.0
7250,16,0.0
2954,310,7.84922934562359
2954,200,7.738305626863308
2954,287,7.171457814100956
2954,94,6.891478006640812
2954,189,6.8351672156001255
2954,20,6.458298286781432
2954,362,4.795063733573396
2954,255,4.343573794414466
2954,79,3.8504018714211155
2954,352,3.7224041710575104
15304,119,0.0
15304,20,0.0
15304,399,0.0
15304,476,0.0
15304,264,0.0
15304,200,0.0
15304,189,0.0
15304,362,0.0
15304,17,0.0
15304,16,0.0
1103,119,0.0
1103,20,0.0
1103,399,0.0
1103,476,0.0
1103,200,0.0
1103,189,0.0
1103,362,0.0
1103,17,0.0
1103,16,0.0
1103,310,0.0
15924,119,0.0
15924,20,0.0
15924,399,0.0
15924,476,0.0
15924,264,0.0
15924,200,0.0
15924,189,0.0
15924,362,0.0
15924,17,0.0
15924,16,0.0
17949,119,0.0
17949,20,0.0
17949,399,0.0
17949,476,0.0
17949,264,0.0
17949,200,0.0
17949,189,0.0
17949,362,0.0
17949,17,0.0
17949,16,0.0
7908,119,0.0
7908,20,0.0
7908,399,0.0
7908,476,0.0
7908,264,0.0
7908,200,0.0
7908,189,0.0
7908,362,0.0
7908,17,0.0
7908,16,0.0
2052,119,0.0
2052,20,0.0
2052,399,0.0
2052,476,0.0
2052,264,0.0
2052,200,0.0
2052,189,0.0
2052,362,0.0
2052,17,0.0
2052,16,0.0
17577,22,2.5
17577,255,2.2857142857142856
17577,310,1.596732049209672
17577,352,1.285714285714286
17577,79,1.2857142857142854
17577,134,1.2857142857142854
17577,287,0.5967320492096717
17577,416,0.5000000000000001
17577,824,0.5000000000000001
17577,190,0.0
969,119,0.0
969,20,0.0
969,399,0.0
969,476,0.0
969,264,0.0
969,200,0.0
969,362,0.0
969,17,0.0
969,16,0.0
969,310,0.0
567,119,0.0
567,20,0.0
567,399,0.0
567,476,0.0
567,264,0.0
567,200,0.0
567,189,0.0
567,362,0.0
567,17,0.0
567,16,0.0
3009,119,0.0
3009,20,0.0
3009,399,0.0
3009,476,0.0
3009,264,0.0
3009,200,0.0
3009,189,0.0
3009,362,0.0
3009,17,0.0
3009,16,0.0
1575,119,0.0
1575,20,0.0
1575,399,0.0
1575,476,0.0
1575,264,0.0
1575,200,0.0
1575,189,0.0
1575,362,0.0
1575,17,0.0
1575,16,0.0
967,119,0.0
967,20,0.0
967,399,0.0
967,476,0.0
967,264,0.0
967,200,0.0
967,189,0.0
967,362,0.0
967,17,0.0
967,16,0.0
7103,119,0.0
7103,20,0.0
7103,399,0.0
7103,476,0.0
7103,264,0.0
7103,200,0.0
7103,189,0.0
7103,362,0.0
7103,17,0.0
7103,16,0.0
15305,119,0.0
15305,20,0.0
15305,399,0.0
15305,476,0.0
15305,264,0.0
15305,200,0.0
15305,189,0.0
15305,362,0.0
15305,17,0.0
15305,16,0.0
11612,119,0.0
11612,20,0.0
11612,399,0.0
11612,476,0.0
11612,264,0.0
11612,200,0.0
11612,189,0.0
11612,362,0.0
11612,17,0.0
11612,16,0.0
968,119,0.0
968,20,0.0
968,399,0.0
968,476,0.0
968,264,0.0
968,200,0.0
968,189,0.0
968,362,0.0
968,17,0.0
968,16,0.0
9928,22,5.715775964122255
9928,89,3.397643671736233
9928,78,1.9280335479864212
9928,416,0.8207937473421218
9928,284,0.4840210121733675
9928,77,0.09418318683622559
9928,19,0.0877306802385309
9928,190,0.0877306802385309
9928,125,0.0877306802385309
9928,415,0.0
14412,119,13.315346522144925
14412,287,11.32673950128225
14412,362,9.259770919800589
14412,310,7.959027763575094
14412,79,7.831730029052467
14412,255,7.805893934675652
14412,352,5.023570767104349
14412,16,4.279412650282783
14412,22,3.75991383523305
14412,59,3.7246037803385565
8587,287,10.217162749890052
8587,79,9.0770486516574
8587,310,6.8053851088533
8587,255,6.381172936915092
8587,16,4.7242579861302705
8587,22,4.615945356038478
8587,78,3.1854569874362073
8587,134,2.7102525800227277
8587,352,1.7254337390115937
8587,59,1.5836533959165977
9929,20,19.24310423397244
9929,200,14.479361732411151
9929,189,7.339745094549256
9929,94,7.058595979200149
9929,352,4.0702905736828345
9929,362,4.016096090588115
9929,89,3.910693361200734
9929,16,3.7002115895989904
9929,310,3.557362509899309
9929,78,3.078963931036199
8026,134,4.0
8026,476,1.0000000000000002
8026,17,1.0000000000000002
8026,255,0.9999999999999998
8026,59,0.9999999999999998
8026,20,0.9999999999999996
8026,264,0.9999999999999996
8026,362,8.881784197001252E-16
8026,284,0.0
8026,415,0.0
15067,362,6.7982679829747354
15067,78,3.093438001896552
15067,134,1.6567953568777747
15067,416,1.1750818650545336
15067,824,0.9823937241032994
15067,77,0.4061811972299616
15067,190,0.17781297738221796
15067,19,0.17781297738221796
15067,125,0.17781297738221796
15067,284,0.049898745904341346
8464,352,1.0
8464,59,2.220446049250313E-16
8464,79,1.1102230246251565E-16
8464,89,0.0
8464,415,0.0
8464,416,0.0
8464,190,0.0
8464,78,0.0
8464,284,0.0
8464,824,0.0
13970,119,0.0
13970,20,0.0
13970,399,0.0
13970,476,0.0
13970,264,0.0
13970,200,0.0
13970,189,0.0
13970,362,0.0
13970,17,0.0
13970,16,0.0
10542,119,0.0
10542,20,0.0
10542,399,0.0
10542,476,0.0
10542,264,0.0
10542,200,0.0
10542,189,0.0
10542,362,0.0
10542,17,0.0
10542,16,0.0
8076,119,0.0
8076,20,0.0
8076,399,0.0
8076,476,0.0
8076,264,0.0
8076,200,0.0
8076,189,0.0
8076,362,0.0
8076,17,0.0
8076,16,0.0
7874,119,0.0
7874,20,0.0
7874,399,0.0
7874,476,0.0
7874,264,0.0
7874,200,0.0
7874,189,0.0
7874,362,0.0
7874,17,0.0
7874,16,0.0
8459,200,7.325514385047711
8459,94,5.746058922003895
8459,362,5.0812768726274165
8459,310,4.884039556832507
8459,59,2.645976313176435
8459,78,2.4867858768337525
8459,255,2.4517408748364975
8459,416,2.065459226786339
8459,824,1.7239573715013374
8459,284,0.9103664774626048
9992,17,0.9999999999999998
9992,476,0.9999999999999998
9992,415,0.0
9992,400,0.0
9992,824,-2.220446049250313E-16
9992,77,-0.9999999999999998
9992,19,-0.9999999999999998
9992,284,-0.9999999999999998
9992,125,-0.9999999999999998
9992,190,-0.9999999999999998
4144,200,12.014047513699126
4144,94,11.998230005587335
4144,287,7.6606690012783325
4144,362,6.361198354610813
4144,78,5.311822639473779
4144,189,5.150169197530122
4144,310,2.829621800406934
4144,352,2.463367294706237
4144,16,2.169326818208936
4144,824,1.2799492288734573
10638,119,0.0
10638,20,0.0
10638,399,0.0
10638,476,0.0
10638,264,0.0
10638,200,0.0
10638,189,0.0
10638,362,0.0
10638,17,0.0
10638,16,0.0
1090,119,0.0
1090,20,0.0
1090,399,0.0
1090,476,0.0
1090,264,0.0
1090,200,0.0
1090,189,0.0
1090,362,0.0
1090,17,0.0
1090,16,0.0
13717,119,0.0
13717,20,0.0
13717,399,0.0
13717,476,0.0
13717,264,0.0
13717,200,0.0
13717,189,0.0
13717,362,0.0
13717,17,0.0
13717,16,0.0
1110,119,0.0
1110,20,0.0
1110,399,0.0
1110,476,0.0
1110,264,0.0
1110,200,0.0
1110,189,0.0
1110,362,0.0
1110,17,0.0
1110,16,0.0
7852,119,0.0
7852,399,0.0
7852,476,0.0
7852,264,0.0
7852,200,0.0
7852,189,0.0
7852,362,0.0
7852,17,0.0
7852,16,0.0
7852,310,0.0
8461,200,7.107427986137489
8461,59,3.8067584237982715
8461,16,3.656501220674625
8461,78,1.320298166940453
8461,824,1.0275427403391046
8461,89,1.0229940109364135
8461,476,0.6757243606797977
8461,17,0.6757243606797977
8461,416,0.4682476527788986
8461,284,0.033151701181754645
3955,119,0.0
3955,20,0.0
3955,399,0.0
3955,476,0.0
3955,264,0.0
3955,200,0.0
3955,189,0.0
3955,362,0.0
3955,17,0.0
3955,16,0.0
19436,119,0.0
19436,20,0.0
19436,399,0.0
19436,476,0.0
19436,264,0.0
19436,189,0.0
19436,362,0.0
19436,17,0.0
19436,16,0.0
19436,310,0.0
3959,287,6.0
3959,200,3.0
3959,79,3.0
3959,78,2.0
3959,94,1.9999999999999998
3959,190,1.0
3959,416,1.0
3959,352,1.0
3959,22,1.0
3959,125,1.0
4305,119,0.0
4305,20,0.0
4305,399,0.0
4305,476,0.0
4305,264,0.0
4305,200,0.0
4305,189,0.0
4305,362,0.0
4305,17,0.0
4305,16,0.0
14402,119,0.0
14402,20,0.0
14402,399,0.0
14402,476,0.0
14402,264,0.0
14402,200,0.0
14402,189,0.0
14402,362,0.0
14402,17,0.0
14402,16,0.0
2262,119,0.0
2262,20,0.0
2262,399,0.0
2262,476,0.0
2262,264,0.0
2262,200,0.0
2262,189,0.0
2262,362,0.0
2262,17,0.0
2262,16,0.0
8479,119,0.0
8479,20,0.0
8479,399,0.0
8479,476,0.0
8479,264,0.0
8479,200,0.0
8479,189,0.0
8479,362,0.0
8479,17,0.0
8479,16,0.0
8460,119,0.0
8460,20,0.0
8460,399,0.0
8460,476,0.0
8460,264,0.0
8460,200,0.0
8460,189,0.0
8460,362,0.0
8460,17,0.0
8460,16,0.0
14414,119,0.0
14414,20,0.0
14414,399,0.0
14414,476,0.0
14414,264,0.0
14414,200,0.0
14414,189,0.0
14414,362,0.0
14414,17,0.0
14414,16,0.0
750,119,0.0
750,20,0.0
750,399,0.0
750,476,0.0
750,200,0.0
750,189,0.0
750,362,0.0
750,17,0.0
750,16,0.0
750,310,0.0
6928,119,0.0
6928,20,0.0
6928,399,0.0
6928,476,0.0
6928,264,0.0
6928,200,0.0
6928,189,0.0
6928,362,0.0
6928,17,0.0
6928,16,0.0
19589,119,0.0
19589,20,0.0
19589,399,0.0
19589,476,0.0
19589,264,0.0
19589,200,0.0
19589,189,0.0
19589,362,0.0
19589,17,0.0
19589,16,0.0
8665,119,0.0
8665,20,0.0
8665,399,0.0
8665,476,0.0
8665,264,0.0
8665,200,0.0
8665,189,0.0
8665,362,0.0
8665,17,0.0
8665,16,0.0
752,119,0.0
752,20,0.0
752,399,0.0
752,476,0.0
752,264,0.0
752,200,0.0
752,189,0.0
752,362,0.0
752,17,0.0
752,16,0.0
8664,119,5.624084388321852
8664,264,4.719889958142387
8664,20,4.624084388321853
8664,79,3.908872194647001
8664,255,3.908872194647001
8664,16,3.8130666248264653
8664,200,3.624084388321852
8664,287,3.624084388321852
8664,310,3.624084388321852
8664,22,2.9268916885850342
8666,119,0.0
8666,20,0.0
8666,399,0.0
8666,476,0.0
8666,264,0.0
8666,200,0.0
8666,189,0.0
8666,362,0.0
8666,17,0.0
8666,16,0.0
18715,287,7.179778985677133
18715,94,5.66910454663272
18715,310,4.772521538653084
18715,79,3.731829466739647
18715,362,1.8530108494766004
18715,78,1.4343795374208237
18715,134,1.3722126028908455
18715,89,1.2598547046701922
18715,16,0.9456303565714737
18715,284,0.4662524041201569
2810,20,7.10061437489661
2810,119,5.96663977868105
2810,399,4.789596611401226
2810,189,4.122035526990773
2810,287,4.1006143748966135
2810,94,4.1006143748966135
2810,264,4.100614374896613
2810,78,3.2559289460184546
2810,362,2.5336676653827723
2810,16,2.033667665382772
9479,119,0.0
9479,20,0.0
9479,399,0.0
9479,476,0.0
9479,264,0.0
9479,200,0.0
9479,189,0.0
9479,362,0.0
9479,17,0.0
9479,16,0.0
1113,119,0.0
1113,20,0.0
1113,399,0.0
1113,476,0.0
1113,264,0.0
1113,200,0.0
1113,189,0.0
1113,362,0.0
1113,17,0.0
1113,16,0.0
1112,94,8.128695309798518
1112,79,6.49121955287745
1112,255,5.9741908833632085
1112,22,4.623914167296192
1112,362,3.6019746603455287
1112,16,3.433157291869447
1112,78,2.992839691146198
1112,89,2.497733173806436
1112,416,1.4848108212438762
1112,352,1.4487500206480213
1114,119,0.0
1114,20,0.0
1114,399,0.0
1114,476,0.0
1114,264,0.0
1114,200,0.0
1114,189,0.0
1114,362,0.0
1114,17,0.0
1114,16,0.0
2643,119,0.0
2643,20,0.0
2643,399,0.0
2643,476,0.0
2643,264,0.0
2643,200,0.0
2643,189,0.0
2643,362,0.0
2643,17,0.0
2643,16,0.0
17051,119,0.0
17051,20,0.0
17051,399,0.0
17051,476,0.0
17051,264,0.0
17051,200,0.0
17051,189,0.0
17051,362,0.0
17051,17,0.0
17051,16,0.0
8250,119,0.0
8250,20,0.0
8250,399,0.0
8250,476,0.0
8250,264,0.0
8250,200,0.0
8250,189,0.0
8250,362,0.0
8250,17,0.0
8250,16,0.0
8447,119,0.0
8447,20,0.0
8447,399,0.0
8447,476,0.0
8447,264,0.0
8447,200,0.0
8447,189,0.0
8447,362,0.0
8447,17,0.0
8447,16,0.0
18754,119,0.0
18754,20,0.0
18754,399,0.0
18754,476,0.0
18754,264,0.0
18754,200,0.0
18754,189,0.0
18754,362,0.0
18754,17,0.0
18754,16,0.0
1111,119,3.0
1111,94,2.0
1111,264,2.0
1111,399,2.0
1111,20,2.0
1111,310,2.0
1111,189,2.0
1111,362,2.0
1111,16,2.0
1111,287,2.0
7875,119,0.0
7875,20,0.0
7875,399,0.0
7875,476,0.0
7875,264,0.0
7875,200,0.0
7875,189,0.0
7875,362,0.0
7875,17,0.0
7875,16,0.0
12369,119,0.0
12369,20,0.0
12369,399,0.0
12369,476,0.0
12369,264,0.0
12369,200,0.0
12369,189,0.0
12369,362,0.0
12369,17,0.0
12369,16,0.0
8446,119,0.0
8446,20,0.0
8446,399,0.0
8446,476,0.0
8446,264,0.0
8446,200,0.0
8446,189,0.0
8446,362,0.0
8446,17,0.0
8446,16,0.0
748,119,0.0
748,20,0.0
748,399,0.0
748,476,0.0
748,264,0.0
748,200,0.0
748,189,0.0
748,362,0.0
748,17,0.0
748,16,0.0
9078,119,0.0
9078,20,0.0
9078,399,0.0
9078,476,0.0
9078,264,0.0
9078,200,0.0
9078,189,0.0
9078,362,0.0
9078,17,0.0
9078,16,0.0
10805,119,0.0
10805,20,0.0
10805,399,0.0
10805,476,0.0
10805,264,0.0
10805,200,0.0
10805,189,0.0
10805,362,0.0
10805,17,0.0
10805,16,0.0
12506,119,0.0
12506,20,0.0
12506,399,0.0
12506,476,0.0
12506,264,0.0
12506,200,0.0
12506,189,0.0
12506,362,0.0
12506,17,0.0
12506,16,0.0
2285,119,0.0
2285,20,0.0
2285,399,0.0
2285,476,0.0
2285,264,0.0
2285,200,0.0
2285,189,0.0
2285,362,0.0
2285,17,0.0
2285,16,0.0
8613,119,0.0
8613,20,0.0
8613,399,0.0
8613,476,0.0
8613,264,0.0
8613,200,0.0
8613,189,0.0
8613,362,0.0
8613,17,0.0
8613,16,0.0
2860,119,0.0
2860,20,0.0
2860,399,0.0
2860,476,0.0
2860,264,0.0
2860,200,0.0
2860,189,0.0
2860,362,0.0
2860,17,0.0
2860,16,0.0
12003,119,0.0
12003,20,0.0
12003,399,0.0
12003,476,0.0
12003,264,0.0
12003,200,0.0
12003,362,0.0
12003,17,0.0
12003,16,0.0
12003,310,0.0
3154,119,0.0
3154,20,0.0
3154,399,0.0
3154,476,0.0
3154,264,0.0
3154,200,0.0
3154,189,0.0
3154,362,0.0
3154,17,0.0
3154,16,0.0
8471,119,0.0
8471,20,0.0
8471,399,0.0
8471,476,0.0
8471,264,0.0
8471,200,0.0
8471,189,0.0
8471,362,0.0
8471,17,0.0
8471,16,0.0
8909,399,12.494134243364694
8909,189,10.96970311552833
8909,200,6.226097030814042
8909,255,5.375505073546931
8909,362,5.16936216185213
8909,310,5.166797465562759
8909,287,4.998085005878886
8909,79,4.4323869447940325
8909,16,2.9719693256177147
8909,59,2.1895121328480807
8469,119,0.0
8469,20,0.0
8469,399,0.0
8469,476,0.0
8469,264,0.0
8469,189,0.0
8469,362,0.0
8469,17,0.0
8469,16,0.0
8469,310,0.0
8710,119,0.0
8710,20,0.0
8710,476,0.0
8710,264,0.0
8710,200,0.0
8710,189,0.0
8710,362,0.0
8710,17,0.0
8710,16,0.0
8710,310,0.0
16209,264,20.00601937024273
16209,79,15.00946534487592
16209,352,4.782777325038412
16209,22,3.536459595190622
16209,255,3.404832420184901
16209,134,2.28835117172969
16209,416,1.565717821058217
16209,824,1.149832893625462
16209,284,0.5542869676919991
16209,190,0.5138093031466051
8695,119,0.0
8695,20,0.0
8695,399,0.0
8695,476,0.0
8695,264,0.0
8695,200,0.0
8695,189,0.0
8695,362,0.0
8695,17,0.0
8695,16,0.0
8681,119,0.0
8681,20,0.0
8681,399,0.0
8681,476,0.0
8681,264,0.0
8681,200,0.0
8681,189,0.0
8681,362,0.0
8681,17,0.0
8681,16,0.0
8618,119,0.0
8618,20,0.0
8618,399,0.0
8618,476,0.0
8618,264,0.0
8618,200,0.0
8618,189,0.0
8618,362,0.0
8618,17,0.0
8618,16,0.0
2847,119,0.0
2847,20,0.0
2847,399,0.0
2847,476,0.0
2847,264,0.0
2847,200,0.0
2847,189,0.0
2847,362,0.0
2847,17,0.0
2847,16,0.0
8764,119,9.697489497702376
8764,79,5.55039641788702
8764,255,5.538235458152095
8764,352,2.674506095830044
8764,78,2.311920038889847
8764,77,0.8728715609439697
8764,362,0.6459202029055879
8764,416,0.30425675462234636
8764,125,0.273505383503131
8764,19,0.273505383503131
8676,119,0.0
8676,20,0.0
8676,399,0.0
8676,476,0.0
8676,264,0.0
8676,200,0.0
8676,189,0.0
8676,362,0.0
8676,17,0.0
8676,16,0.0
8690,77,0.0
8690,125,0.0
8690,19,0.0
8690,415,0.0
8690,190,0.0
8690,189,0.0
8690,89,0.0
8690,17,0.0
8690,476,0.0
8690,400,0.0
11312,119,0.0
11312,20,0.0
11312,399,0.0
11312,476,0.0
11312,264,0.0
11312,200,0.0
11312,189,0.0
11312,362,0.0
11312,17,0.0
11312,16,0.0
8707,119,0.0
8707,399,0.0
8707,476,0.0
8707,264,0.0
8707,200,0.0
8707,189,0.0
8707,362,0.0
8707,17,0.0
8707,16,0.0
8707,310,0.0
8688,399,6.749183892240218
8688,255,3.457251094606854
8688,352,3.4110447881800905
8688,362,2.442534403554875
8688,189,2.0863443622140796
8688,119,1.6875537922045456
8688,16,1.3008552354985028
8688,22,1.1436230453318947
8688,824,1.0381950685028678
8688,416,0.9445452849904485
5492,119,0.0
5492,20,0.0
5492,399,0.0
5492,476,0.0
5492,264,0.0
5492,200,0.0
5492,189,0.0
5492,362,0.0
5492,17,0.0
5492,16,0.0
8705,119,0.0
8705,20,0.0
8705,399,0.0
8705,476,0.0
8705,264,0.0
8705,200,0.0
8705,189,0.0
8705,362,0.0
8705,17,0.0
8705,16,0.0
12205,20,16.763090834198053
12205,119,12.304572146815879
12205,200,11.582148899441355
12205,287,7.3820459252893755
12205,255,6.4659763509030945
12205,310,6.399894908778153
12205,362,5.819199415135792
12205,79,5.368490953661542
12205,78,3.871585398404658
12205,352,3.6875086841093627
8702,119,0.0
8702,20,0.0
8702,399,0.0
8702,476,0.0
8702,264,0.0
8702,200,0.0
8702,189,0.0
8702,362,0.0
8702,17,0.0
8702,16,0.0
16213,119,0.0
16213,20,0.0
16213,399,0.0
16213,476,0.0
16213,264,0.0
16213,200,0.0
16213,189,0.0
16213,362,0.0
16213,17,0.0
16213,16,0.0
8697,399,17.132314593091348
8697,119,12.905406775947732
8697,189,10.586200849420994
8697,362,9.02205723366219
8697,287,8.717420103577691
8697,16,5.172004521167772
8697,79,3.6969672514627145
8697,89,2.4143568564803286
8697,59,2.3742851436851033
8697,78,2.2135846086141315
12231,94,2.2193671730044127
12231,200,1.3360073215608599
12231,22,1.031916212971815
12231,287,0.8431961111282058
12231,89,0.6712686733363256
12231,17,0.6606009951323752
12231,476,0.6606009951323752
12231,77,0.5773502691896257
12231,415,0.0
12231,400,0.0
8919,119,0.0
8919,20,0.0
8919,399,0.0
8919,476,0.0
8919,264,0.0
8919,200,0.0
8919,189,0.0
8919,362,0.0
8919,17,0.0
8919,16,0.0
8696,310,4.130899156566119
8696,399,4.112879662628085
8696,189,4.1128796626280835
8696,94,3.9789050664125227
8696,287,3.9789050664125227
8696,20,3.1128796626280835
8696,200,2.9789050664125227
8696,59,2.9449111825230676
8696,22,2.654653670707977
8696,255,1.7335394494466068
8703,20,26.379131348551955
8703,264,25.927076967030725
8703,399,25.259822982707412
8703,287,16.48930898350582
8703,189,15.258977285321667
8703,94,14.489308983505818
8703,255,12.873435058416174
8703,310,12.318346240939242
8703,362,10.806488348902334
8703,22,7.329896551415199
8668,119,0.0
8668,20,0.0
8668,399,0.0
8668,476,0.0
8668,264,0.0
8668,200,0.0
8668,189,0.0
8668,362,0.0
8668,17,0.0
8668,16,0.0
8671,399,21.29096309206065
8671,20,16.934290405594936
8671,189,13.259244668385685
8671,200,12.318594162568612
8671,310,7.947491869997371
8671,94,7.3744982545783415
8671,362,7.17085259092409
8671,255,4.593962848105911
8671,16,4.296639655823118
8671,59,3.3864455435663614
8669,119,0.0
8669,20,0.0
8669,399,0.0
8669,476,0.0
8669,264,0.0
8669,200,0.0
8669,189,0.0
8669,362,0.0
8669,17,0.0
8669,16,0.0
15528,119,0.0
15528,20,0.0
15528,399,0.0
15528,476,0.0
15528,264,0.0
15528,200,0.0
15528,189,0.0
15528,362,0.0
15528,17,0.0
15528,16,0.0
8704,119,0.0
8704,20,0.0
8704,399,0.0
8704,476,0.0
8704,264,0.0
8704,200,0.0
8704,189,0.0
8704,362,0.0
8704,17,0.0
8704,16,0.0
19628,119,0.0
19628,20,0.0
19628,399,0.0
19628,476,0.0
19628,200,0.0
19628,189,0.0
19628,362,0.0
19628,17,0.0
19628,16,0.0
19628,310,0.0
8617,119,0.0
8617,20,0.0
8617,399,0.0
8617,476,0.0
8617,264,0.0
8617,200,0.0
8617,189,0.0
8617,362,0.0
8617,17,0.0
8617,16,0.0
8275,119,0.0
8275,20,0.0
8275,399,0.0
8275,476,0.0
8275,264,0.0
8275,200,0.0
8275,189,0.0
8275,362,0.0
8275,17,0.0
8275,16,0.0
8667,119,0.0
8667,20,0.0
8667,399,0.0
8667,476,0.0
8667,264,0.0
8667,200,0.0
8667,189,0.0
8667,362,0.0
8667,17,0.0
8667,16,0.0
2132,119,0.0
2132,20,0.0
2132,399,0.0
2132,476,0.0
2132,264,0.0
2132,200,0.0
2132,189,0.0
2132,362,0.0
2132,17,0.0
2132,16,0.0
16229,119,0.0
16229,20,0.0
16229,399,0.0
16229,476,0.0
16229,264,0.0
16229,200,0.0
16229,189,0.0
16229,362,0.0
16229,17,0.0
16229,16,0.0
8699,119,0.0
8699,20,0.0
8699,399,0.0
8699,476,0.0
8699,264,0.0
8699,200,0.0
8699,189,0.0
8699,362,0.0
8699,17,0.0
8699,16,0.0
9776,119,0.0
9776,20,0.0
9776,399,0.0
9776,476,0.0
9776,264,0.0
9776,200,0.0
9776,189,0.0
9776,362,0.0
9776,17,0.0
9776,16,0.0
14543,119,0.0
14543,20,0.0
14543,399,0.0
14543,476,0.0
14543,189,0.0
14543,362,0.0
14543,17,0.0
14543,16,0.0
14543,310,0.0
14543,59,0.0
8701,119,0.0
8701,20,0.0
8701,399,0.0
8701,476,0.0
8701,200,0.0
8701,189,0.0
8701,362,0.0
8701,17,0.0
8701,16,0.0
8701,310,0.0
8708,119,0.0
8708,20,0.0
8708,399,0.0
8708,476,0.0
8708,264,0.0
8708,200,0.0
8708,189,0.0
8708,362,0.0
8708,17,0.0
8708,16,0.0
16132,119,0.0
16132,20,0.0
16132,399,0.0
16132,476,0.0
16132,264,0.0
16132,200,0.0
16132,189,0.0
16132,362,0.0
16132,17,0.0
16132,16,0.0
7323,119,0.0
7323,20,0.0
7323,399,0.0
7323,476,0.0
7323,264,0.0
7323,200,0.0
7323,189,0.0
7323,362,0.0
7323,17,0.0
7323,16,0.0
16304,119,0.0
16304,20,0.0
16304,399,0.0
16304,476,0.0
16304,264,0.0
16304,200,0.0
16304,189,0.0
16304,362,0.0
16304,17,0.0
16304,16,0.0
6309,119,0.0
6309,20,0.0
6309,399,0.0
6309,476,0.0
6309,264,0.0
6309,200,0.0
6309,189,0.0
6309,362,0.0
6309,17,0.0
6309,16,0.0
12176,119,0.0
12176,20,0.0
12176,399,0.0
12176,476,0.0
12176,200,0.0
12176,189,0.0
12176,362,0.0
12176,17,0.0
12176,16,0.0
12176,310,0.0
10125,119,0.0
10125,20,0.0
10125,399,0.0
10125,476,0.0
10125,264,0.0
10125,200,0.0
10125,189,0.0
10125,362,0.0
10125,17,0.0
10125,16,0.0
8692,119,0.0
8692,20,0.0
8692,399,0.0
8692,476,0.0
8692,264,0.0
8692,200,0.0
8692,189,0.0
8692,362,0.0
8692,17,0.0
8692,16,0.0
8682,119,0.0
8682,20,0.0
8682,399,0.0
8682,476,0.0
8682,264,0.0
8682,200,0.0
8682,189,0.0
8682,362,0.0
8682,17,0.0
8682,16,0.0
8691,119,0.0
8691,20,0.0
8691,399,0.0
8691,476,0.0
8691,264,0.0
8691,200,0.0
8691,189,0.0
8691,362,0.0
8691,17,0.0
8691,16,0.0
8694,119,0.0
8694,20,0.0
8694,399,0.0
8694,476,0.0
8694,264,0.0
8694,200,0.0
8694,189,0.0
8694,362,0.0
8694,17,0.0
8694,16,0.0
19158,119,0.0
19158,20,0.0
19158,399,0.0
19158,476,0.0
19158,264,0.0
19158,200,0.0
19158,189,0.0
19158,362,0.0
19158,17,0.0
19158,16,0.0
8706,119,0.0
8706,20,0.0
8706,399,0.0
8706,476,0.0
8706,264,0.0
8706,200,0.0
8706,189,0.0
8706,362,0.0
8706,17,0.0
8706,16,0.0
9572,119,0.0
9572,20,0.0
9572,399,0.0
9572,476,0.0
9572,264,0.0
9572,200,0.0
9572,189,0.0
9572,362,0.0
9572,17,0.0
9572,16,0.0
8685,416,1.2773500981126147
8685,78,1.2480754415067654
8685,89,0.9999999999999998
8685,190,0.9707253433941508
8685,19,0.9707253433941508
8685,125,0.9707253433941508
8685,352,0.6700848116098443
8685,284,0.2773500981126145
8685,415,0.0
8685,77,0.0
18194,119,0.0
18194,20,0.0
18194,399,0.0
18194,476,0.0
18194,264,0.0
18194,200,0.0
18194,189,0.0
18194,362,0.0
18194,17,0.0
18194,16,0.0
18177,119,0.0
18177,20,0.0
18177,399,0.0
18177,476,0.0
18177,264,0.0
18177,189,0.0
18177,362,0.0
18177,17,0.0
18177,16,0.0
18177,310,0.0
16678,119,0.0
16678,20,0.0
16678,399,0.0
16678,476,0.0
16678,264,0.0
16678,200,0.0
16678,189,0.0
16678,362,0.0
16678,17,0.0
16678,16,0.0
8418,189,12.534056494412546
8418,94,12.36976796420339
8418,255,8.334667262964434
8418,22,7.692792269213793
8418,59,3.220775009628512
8418,89,3.028193195489413
8418,416,1.9571017783780245
8418,134,1.474685963741144
8418,824,1.4093777908476985
8418,190,0.48415565029437346
8435,119,0.0
8435,20,0.0
8435,399,0.0
8435,476,0.0
8435,264,0.0
8435,200,0.0
8435,189,0.0
8435,362,0.0
8435,17,0.0
8435,16,0.0
745,119,0.0
745,20,0.0
745,476,0.0
745,264,0.0
745,200,0.0
745,189,0.0
745,362,0.0
745,17,0.0
745,16,0.0
745,310,0.0
15416,119,0.0
15416,20,0.0
15416,399,0.0
15416,476,0.0
15416,264,0.0
15416,189,0.0
15416,362,0.0
15416,17,0.0
15416,16,0.0
15416,310,0.0
2702,119,0.0
2702,20,0.0
2702,399,0.0
2702,476,0.0
2702,264,0.0
2702,200,0.0
2702,189,0.0
2702,362,0.0
2702,17,0.0
2702,16,0.0
17788,119,0.0
17788,20,0.0
17788,399,0.0
17788,476,0.0
17788,264,0.0
17788,200,0.0
17788,189,0.0
17788,362,0.0
17788,17,0.0
17788,16,0.0
15362,119,0.0
15362,20,0.0
15362,399,0.0
15362,476,0.0
15362,264,0.0
15362,200,0.0
15362,189,0.0
15362,362,0.0
15362,17,0.0
15362,16,0.0
2693,119,0.0
2693,20,0.0
2693,399,0.0
2693,476,0.0
2693,264,0.0
2693,200,0.0
2693,189,0.0
2693,362,0.0
2693,17,0.0
2693,16,0.0
3089,119,0.0
3089,20,0.0
3089,399,0.0
3089,476,0.0
3089,264,0.0
3089,200,0.0
3089,189,0.0
3089,362,0.0
3089,17,0.0
3089,16,0.0
18318,119,0.0
18318,20,0.0
18318,399,0.0
18318,476,0.0
18318,264,0.0
18318,200,0.0
18318,189,0.0
18318,362,0.0
18318,17,0.0
18318,16,0.0
17777,362,4.664158268861579
17777,352,3.784570891338536
17777,189,3.2459955823877378
17777,16,1.7636523870386052
17777,59,1.5341868899362787
17777,416,1.3801756157398812
17777,824,0.932469529232251
17777,284,0.7171371656006361
17777,134,0.23336108894583574
17777,190,0.013495043168856526
18752,119,0.0
18752,20,0.0
18752,399,0.0
18752,476,0.0
18752,264,0.0
18752,200,0.0
18752,189,0.0
18752,362,0.0
18752,17,0.0
18752,16,0.0
18108,119,0.0
18108,20,0.0
18108,399,0.0
18108,476,0.0
18108,200,0.0
18108,189,0.0
18108,362,0.0
18108,17,0.0
18108,16,0.0
18108,310,0.0
510,22,7.612079209609551
510,16,4.577275168869022
510,119,2.494396527299818
510,352,2.2955629220250415
510,94,1.18129123543374
510,78,1.1750706638276522
510,77,1.0000000000000002
510,59,0.7530853835512898
510,134,0.5907687772050453
510,287,0.3446148314751625
3891,119,0.0
3891,20,0.0
3891,399,0.0
3891,476,0.0
3891,264,0.0
3891,200,0.0
3891,189,0.0
3891,362,0.0
3891,17,0.0
3891,16,0.0
2694,119,0.0
2694,20,0.0
2694,476,0.0
2694,264,0.0
2694,200,0.0
2694,189,0.0
2694,362,0.0
2694,17,0.0
2694,16,0.0
2694,310,0.0
19108,119,0.0
19108,20,0.0
19108,399,0.0
19108,476,0.0
19108,264,0.0
19108,200,0.0
19108,189,0.0
19108,362,0.0
19108,17,0.0
19108,16,0.0
2573,119,0.0
2573,20,0.0
2573,399,0.0
2573,476,0.0
2573,264,0.0
2573,200,0.0
2573,189,0.0
2573,362,0.0
2573,17,0.0
2573,16,0.0
17771,189,6.0
17771,20,5.47250125061613
17771,362,5.0
17771,264,3.7519245584932364
17771,200,3.722649901887385
17771,94,3.722649901887385
17771,134,3.000000000000001
17771,255,1.7226499018873855
17771,476,1.0000000000000002
17771,17,1.0000000000000002
6346,119,0.0
6346,20,0.0
6346,399,0.0
6346,476,0.0
6346,200,0.0
6346,189,0.0
6346,362,0.0
6346,17,0.0
6346,16,0.0
6346,310,0.0
15398,399,2.499999999999999
15398,134,0.9999999999999998
15398,79,0.49999999999999956
15398,94,0.49999999999999956
15398,264,0.49999999999999956
15398,17,0.0
15398,284,0.0
15398,189,0.0
15398,415,0.0
15398,476,0.0
17798,20,9.682919344515401
17798,200,7.350509353233193
17798,16,6.513653440598667
17798,22,6.481207335262118
17798,399,6.445170093956381
17798,287,5.6592313268488095
17798,94,5.593854652998305
17798,78,3.7154854460730946
17798,310,2.6940233344357427
17798,362,2.0846545071185503
2998,119,0.0
2998,20,0.0
2998,399,0.0
2998,476,0.0
2998,264,0.0
2998,200,0.0
2998,189,0.0
2998,362,0.0
2998,17,0.0
2998,16,0.0
17790,264,19.0
17790,20,17.0
17790,399,15.0
17790,189,14.0
17790,119,13.0
17790,287,13.0
17790,362,11.0
17790,310,11.0
17790,255,10.0
17790,79,9.0
1147,119,0.0
1147,20,0.0
1147,399,0.0
1147,476,0.0
1147,264,0.0
1147,200,0.0
1147,189,0.0
1147,362,0.0
1147,17,0.0
1147,16,0.0
18357,119,0.0
18357,20,0.0
18357,399,0.0
18357,476,0.0
18357,264,0.0
18357,200,0.0
18357,189,0.0
18357,362,0.0
18357,17,0.0
18357,16,0.0
15543,20,0.0
15543,399,0.0
15543,476,0.0
15543,264,0.0
15543,200,0.0
15543,189,0.0
15543,362,0.0
15543,17,0.0
15543,16,0.0
15543,310,0.0
403,119,0.0
403,20,0.0
403,399,0.0
403,476,0.0
403,264,0.0
403,200,0.0
403,189,0.0
403,362,0.0
403,17,0.0
403,16,0.0
15517,119,0.0
15517,20,0.0
15517,399,0.0
15517,476,0.0
15517,264,0.0
15517,200,0.0
15517,189,0.0
15517,362,0.0
15517,17,0.0
15517,16,0.0
2987,119,0.0
2987,20,0.0
2987,476,0.0
2987,264,0.0
2987,200,0.0
2987,189,0.0
2987,362,0.0
2987,17,0.0
2987,16,0.0
2987,310,0.0
5504,16,5.935711387879424
5504,255,4.72993766487232
5504,94,4.3205664541914155
5504,362,4.130225519525703
5504,200,3.728272590684048
5504,399,3.6676116030082326
5504,119,2.707109017587543
5504,78,2.5545898014430235
5504,189,2.2613070534671627
5504,264,2.147489968129193
11469,119,0.0
11469,20,0.0
11469,399,0.0
11469,476,0.0
11469,264,0.0
11469,200,0.0
11469,189,0.0
11469,362,0.0
11469,17,0.0
11469,16,0.0
2994,20,0.0
2994,399,0.0
2994,476,0.0
2994,264,0.0
2994,200,0.0
2994,189,0.0
2994,362,0.0
2994,17,0.0
2994,16,0.0
2994,310,0.0
17802,119,0.0
17802,20,0.0
17802,476,0.0
17802,264,0.0
17802,200,0.0
17802,189,0.0
17802,362,0.0
17802,17,0.0
17802,16,0.0
17802,310,0.0
13583,119,0.0
13583,20,0.0
13583,399,0.0
13583,476,0.0
13583,264,0.0
13583,200,0.0
13583,189,0.0
13583,362,0.0
13583,17,0.0
13583,16,0.0
2986,119,0.0
2986,20,0.0
2986,399,0.0
2986,476,0.0
2986,264,0.0
2986,200,0.0
2986,189,0.0
2986,362,0.0
2986,17,0.0
2986,16,0.0
8395,189,5.178733142686474
8395,20,3.9354230680020024
8395,134,2.197913023630772
8395,264,1.8912620985901096
8395,362,1.799541111477119
8395,89,1.2440710539815454
8395,94,1.208927678031855
8395,476,0.8660254037844387
8395,17,0.8660254037844387
8395,415,0.0
2423,119,0.0
2423,20,0.0
2423,399,0.0
2423,476,0.0
2423,264,0.0
2423,200,0.0
2423,189,0.0
2423,362,0.0
2423,17,0.0
2423,16,0.0
15338,119,0.0
15338,20,0.0
15338,399,0.0
15338,476,0.0
15338,264,0.0
15338,200,0.0
15338,189,0.0
15338,362,0.0
15338,17,0.0
15338,16,0.0
9636,119,0.0
9636,20,0.0
9636,399,0.0
9636,476,0.0
9636,264,0.0
9636,200,0.0
9636,189,0.0
9636,362,0.0
9636,17,0.0
9636,16,0.0
511,119,0.0
511,476,0.0
511,264,0.0
511,189,0.0
511,362,0.0
511,17,0.0
511,16,0.0
511,310,0.0
511,59,0.0
511,94,0.0
18675,119,0.0
18675,20,0.0
18675,399,0.0
18675,476,0.0
18675,264,0.0
18675,200,0.0
18675,189,0.0
18675,362,0.0
18675,17,0.0
18675,16,0.0
17818,119,18.25321162101985
17818,20,17.81948979073001
17818,264,15.380585485034196
17818,94,11.337509284668043
17818,200,11.056104679826056
17818,189,10.40425275941066
17818,310,9.87457860820694
17818,362,9.337509284668043
17818,352,8.617794229504206
17818,255,7.460294528650378
1324,119,0.0
1324,20,0.0
1324,399,0.0
1324,476,0.0
1324,264,0.0
1324,189,0.0
1324,362,0.0
1324,17,0.0
1324,16,0.0
1324,310,0.0
512,119,0.0
512,20,0.0
512,399,0.0
512,476,0.0
512,264,0.0
512,200,0.0
512,189,0.0
512,362,0.0
512,17,0.0
512,16,0.0
12055,119,0.0
12055,20,0.0
12055,399,0.0
12055,476,0.0
12055,264,0.0
12055,200,0.0
12055,189,0.0
12055,362,0.0
12055,17,0.0
12055,16,0.0
9638,119,0.0
9638,20,0.0
9638,399,0.0
9638,476,0.0
9638,264,0.0
9638,200,0.0
9638,189,0.0
9638,362,0.0
9638,17,0.0
9638,16,0.0
19346,17,1.0
19346,476,1.0
19346,415,0.0
19346,77,0.0
19346,400,0.0
19346,134,-1.0
19346,824,-1.0
19346,190,-1.0000000000000002
19346,284,-1.0000000000000002
19346,59,-1.0000000000000002
17793,119,0.0
17793,20,0.0
17793,399,0.0
17793,476,0.0
17793,264,0.0
17793,200,0.0
17793,189,0.0
17793,362,0.0
17793,17,0.0
17793,16,0.0
19308,119,0.0
19308,20,0.0
19308,399,0.0
19308,476,0.0
19308,264,0.0
19308,200,0.0
19308,189,0.0
19308,362,0.0
19308,17,0.0
19308,16,0.0
1326,264,20.11464153599169
1326,200,20.099509706005787
1326,287,13.157711407565131
1326,94,12.364874073944865
1326,189,12.074136897322205
1326,255,10.162348087587905
1326,362,10.01363079192932
1326,310,9.641969958505346
1326,352,6.485222104849681
1326,16,6.323911427501263
8540,20,9.098076211353316
8540,287,8.098076211353316
8540,200,7.098076211353315
8540,264,6.732050807568877
8540,119,5.732050807568877
8540,310,5.232050807568877
8540,399,4.732050807568877
8540,22,4.366025403784438
8540,94,4.232050807568877
8540,16,3.7320508075688767
157,119,0.0
157,20,0.0
157,399,0.0
157,476,0.0
157,264,0.0
157,200,0.0
157,189,0.0
157,362,0.0
157,17,0.0
157,16,0.0
2688,119,0.0
2688,20,0.0
2688,399,0.0
2688,476,0.0
2688,264,0.0
2688,200,0.0
2688,189,0.0
2688,362,0.0
2688,17,0.0
2688,16,0.0
10298,119,0.0
10298,20,0.0
10298,399,0.0
10298,476,0.0
10298,264,0.0
10298,200,0.0
10298,189,0.0
10298,362,0.0
10298,17,0.0
10298,16,0.0
1123,119,0.0
1123,20,0.0
1123,399,0.0
1123,476,0.0
1123,264,0.0
1123,200,0.0
1123,189,0.0
1123,362,0.0
1123,17,0.0
1123,16,0.0
1136,119,0.0
1136,399,0.0
1136,476,0.0
1136,264,0.0
1136,200,0.0
1136,189,0.0
1136,362,0.0
1136,17,0.0
1136,16,0.0
1136,310,0.0
1124,119,0.0
1124,20,0.0
1124,476,0.0
1124,264,0.0
1124,200,0.0
1124,189,0.0
1124,362,0.0
1124,17,0.0
1124,16,0.0
1124,310,0.0
352,77,0.0
352,19,0.0
352,415,0.0
352,125,0.0
352,476,0.0
352,190,0.0
352,17,0.0
352,89,0.0
352,400,0.0
352,824,-0.6546536707079772
8422,362,8.774948701498909
8422,119,7.141449074060288
8422,287,6.977220567187701
8422,189,6.687840562335951
8422,94,6.681232338478141
8422,310,4.255508140506949
8422,59,3.574350460637766
8422,16,3.565023366598953
8422,352,3.024950644264921
8422,79,2.458903337687299
2993,399,11.055733030812313
2993,264,8.891009868899486
2993,79,8.825870220304454
2993,20,7.467879109408756
2993,287,5.743026270648597
2993,189,5.130609219231591
2993,310,3.5365319539984936
2993,255,2.433924709238699
2993,134,2.052217805050487
2993,352,1.9292440001706892
8539,119,0.0
8539,20,0.0
8539,399,0.0
8539,476,0.0
8539,264,0.0
8539,200,0.0
8539,189,0.0
8539,362,0.0
8539,17,0.0
8539,16,0.0
13511,119,0.0
13511,20,0.0
13511,399,0.0
13511,476,0.0
13511,264,0.0
13511,200,0.0
13511,189,0.0
13511,362,0.0
13511,17,0.0
13511,16,0.0
2689,119,0.0
2689,20,0.0
2689,399,0.0
2689,476,0.0
2689,264,0.0
2689,200,0.0
2689,189,0.0
2689,362,0.0
2689,17,0.0
2689,16,0.0
16633,119,0.0
16633,20,0.0
16633,399,0.0
16633,476,0.0
16633,264,0.0
16633,200,0.0
16633,189,0.0
16633,362,0.0
16633,17,0.0
16633,16,0.0
19347,416,1.9999999999999998
19347,352,1.0
19347,362,1.0
19347,824,1.0
19347,190,0.9999999999999998
19347,125,0.9999999999999998
19347,19,0.9999999999999998
19347,59,2.220446049250313E-16
19347,476,0.0
19347,415,0.0
19312,119,0.0
19312,20,0.0
19312,399,0.0
19312,476,0.0
19312,264,0.0
19312,200,0.0
19312,189,0.0
19312,362,0.0
19312,17,0.0
19312,16,0.0
18105,119,0.0
18105,20,0.0
18105,399,0.0
18105,476,0.0
18105,264,0.0
18105,200,0.0
18105,189,0.0
18105,362,0.0
18105,17,0.0
18105,16,0.0
4073,119,0.0
4073,20,0.0
4073,399,0.0
4073,476,0.0
4073,264,0.0
4073,200,0.0
4073,189,0.0
4073,362,0.0
4073,17,0.0
4073,16,0.0
17778,119,0.0
17778,20,0.0
17778,399,0.0
17778,476,0.0
17778,264,0.0
17778,200,0.0
17778,189,0.0
17778,362,0.0
17778,17,0.0
17778,16,0.0
18669,399,10.0
18669,189,8.0
18669,94,8.0
18669,362,7.0
18669,264,7.0
18669,200,6.0
18669,79,5.0
18669,16,4.0
18669,310,3.0
18669,287,3.0
4105,119,0.0
4105,20,0.0
4105,399,0.0
4105,476,0.0
4105,264,0.0
4105,200,0.0
4105,189,0.0
4105,362,0.0
4105,17,0.0
4105,16,0.0
358,119,0.0
358,20,0.0
358,399,0.0
358,476,0.0
358,264,0.0
358,200,0.0
358,189,0.0
358,362,0.0
358,17,0.0
358,16,0.0
1047,119,0.0
1047,20,0.0
1047,399,0.0
1047,476,0.0
1047,264,0.0
1047,200,0.0
1047,189,0.0
1047,362,0.0
1047,17,0.0
1047,16,0.0
15342,200,8.0
15342,399,8.0
15342,310,5.0
15342,287,3.0
15342,416,3.0
15342,89,2.0
15342,362,2.0
15342,824,1.9999999999999998
15342,119,1.9999999999999998
15342,78,1.0
516,255,4.7619891265067045
516,352,4.52827895449753
516,22,3.599764955851958
516,310,3.428909321891269
516,78,2.7198196204005454
516,89,1.2781513991555002
516,134,0.9464176472120036
516,77,0.3282439759448872
516,284,0.1520437949203139
516,415,0.0
4638,119,8.262787320937077
4638,399,6.577454602758467
4638,362,6.170141677282983
4638,189,6.129082878323583
4638,264,3.7751671765685106
4638,79,3.4935375470187946
4638,78,3.0907930010164177
4638,59,3.000162146412642
4638,134,1.2148592356998127
4638,16,1.1507383232823427
19107,119,0.0
19107,20,0.0
19107,476,0.0
19107,264,0.0
19107,200,0.0
19107,189,0.0
19107,362,0.0
19107,17,0.0
19107,16,0.0
19107,310,0.0
14253,119,0.0
14253,20,0.0
14253,399,0.0
14253,476,0.0
14253,264,0.0
14253,200,0.0
14253,189,0.0
14253,362,0.0
14253,17,0.0
14253,16,0.0
14905,119,0.0
14905,20,0.0
14905,399,0.0
14905,476,0.0
14905,264,0.0
14905,200,0.0
14905,189,0.0
14905,362,0.0
14905,17,0.0
14905,16,0.0
10289,119,0.0
10289,20,0.0
10289,399,0.0
10289,476,0.0
10289,200,0.0
10289,189,0.0
10289,362,0.0
10289,17,0.0
10289,16,0.0
10289,310,0.0
12841,119,0.0
12841,399,0.0
12841,476,0.0
12841,264,0.0
12841,200,0.0
12841,189,0.0
12841,362,0.0
12841,17,0.0
12841,16,0.0
12841,310,0.0
3281,119,0.0
3281,20,0.0
3281,399,0.0
3281,476,0.0
3281,264,0.0
3281,200,0.0
3281,189,0.0
3281,362,0.0
3281,17,0.0
3281,16,0.0
17097,119,0.0
17097,20,0.0
17097,399,0.0
17097,476,0.0
17097,264,0.0
17097,200,0.0
17097,189,0.0
17097,362,0.0
17097,17,0.0
17097,16,0.0
8538,119,0.0
8538,20,0.0
8538,399,0.0
8538,476,0.0
8538,264,0.0
8538,200,0.0
8538,189,0.0
8538,362,0.0
8538,17,0.0
8538,16,0.0
4162,119,0.0
4162,20,0.0
4162,399,0.0
4162,476,0.0
4162,264,0.0
4162,200,0.0
4162,189,0.0
4162,362,0.0
4162,17,0.0
4162,16,0.0
8118,119,0.0
8118,20,0.0
8118,399,0.0
8118,476,0.0
8118,264,0.0
8118,200,0.0
8118,189,0.0
8118,362,0.0
8118,17,0.0
8118,16,0.0
3888,119,0.0
3888,20,0.0
3888,399,0.0
3888,476,0.0
3888,264,0.0
3888,200,0.0
3888,189,0.0
3888,362,0.0
3888,17,0.0
3888,16,0.0
3869,119,0.0
3869,20,0.0
3869,399,0.0
3869,476,0.0
3869,264,0.0
3869,200,0.0
3869,189,0.0
3869,362,0.0
3869,17,0.0
3869,16,0.0
15232,119,0.0
15232,20,0.0
15232,399,0.0
15232,476,0.0
15232,264,0.0
15232,200,0.0
15232,189,0.0
15232,362,0.0
15232,17,0.0
15232,16,0.0
9635,119,0.0
9635,20,0.0
9635,399,0.0
9635,476,0.0
9635,264,0.0
9635,200,0.0
9635,189,0.0
9635,362,0.0
9635,17,0.0
9635,16,0.0
19104,287,1.0
19104,22,1.0
19104,94,1.0
19104,264,1.0
19104,189,1.0
19104,79,1.0
19104,20,1.0
19104,310,1.0
19104,352,1.0
19104,362,0.0
17803,255,3.4205035941173607
17803,134,1.803092639412041
17803,189,1.239372880520756
17803,200,1.1948310977093308
17803,16,0.6473826809842984
17803,287,0.5307795867312071
17803,17,0.5000000000000001
17803,476,0.5000000000000001
17803,310,0.2478534356144575
17803,284,0.0
17810,20,13.659650663756732
17810,399,10.861386494658369
17810,264,10.212119319331794
17810,287,9.94963033167696
17810,94,8.430125836688049
17810,189,6.323190081294637
17810,352,3.637632855073388
17810,362,3.2902131629861415
17810,78,2.9241966813179765
17810,89,2.371743570839406
17807,119,0.0
17807,20,0.0
17807,399,0.0
17807,476,0.0
17807,264,0.0
17807,200,0.0
17807,189,0.0
17807,362,0.0
17807,17,0.0
17807,16,0.0
17808,119,0.0
17808,20,0.0
17808,399,0.0
17808,476,0.0
17808,264,0.0
17808,200,0.0
17808,189,0.0
17808,362,0.0
17808,17,0.0
17808,16,0.0
8290,119,0.0
8290,20,0.0
8290,399,0.0
8290,476,0.0
8290,264,0.0
8290,200,0.0
8290,189,0.0
8290,362,0.0
8290,17,0.0
8290,16,0.0
18670,119,0.0
18670,20,0.0
18670,399,0.0
18670,476,0.0
18670,264,0.0
18670,200,0.0
18670,189,0.0
18670,362,0.0
18670,17,0.0
18670,16,0.0
18674,17,0.8660254037844385
18674,476,0.8660254037844385
18674,134,0.019068635962877556
18674,415,0.0
18674,400,0.0
18674,78,-0.1601793558115906
18674,824,-0.20710678118654757
18674,284,-0.2886751345948129
18674,125,-0.42640143271122083
18674,19,-0.42640143271122083
9640,119,0.0
9640,20,0.0
9640,399,0.0
9640,476,0.0
9640,264,0.0
9640,200,0.0
9640,189,0.0
9640,362,0.0
9640,17,0.0
9640,16,0.0
16888,119,0.0
16888,20,0.0
16888,399,0.0
16888,476,0.0
16888,264,0.0
16888,200,0.0
16888,189,0.0
16888,362,0.0
16888,17,0.0
16888,16,0.0
42,119,0.0
42,20,0.0
42,399,0.0
42,476,0.0
42,264,0.0
42,200,0.0
42,189,0.0
42,362,0.0
42,17,0.0
42,16,0.0
17018,119,3.8591937978633863
17018,22,3.0781867647001615
17018,399,2.9133312526759614
17018,59,1.2276898726060566
17018,134,0.7841076518966228
17018,17,0.46475800154488994
17018,476,0.46475800154488994
17018,415,0.0
17018,77,0.0
17018,400,0.0
17009,399,5.0
17009,79,5.0
17009,20,4.0
17009,264,4.0
17009,119,3.0
17009,362,2.0
17009,94,2.0
17009,310,2.0
17009,89,2.0
17009,189,1.0
17015,119,4.233814604301817
17015,20,3.1805260733974876
17015,264,3.1162302571327363
17015,476,1.0
17015,17,1.0
17015,200,0.9108577715816379
17015,89,0.6666666666666667
17015,284,0.0
17015,415,0.0
17015,77,0.0
17012,125,0.0
17012,77,0.0
17012,19,0.0
17012,415,0.0
17012,190,0.0
17012,400,0.0
17012,134,-2.220446049250313E-16
17012,824,-1.0
17012,89,-1.0
17012,284,-1.0
15335,264,19.781873580082575
15335,399,19.65120568423715
15335,119,15.98141419970177
15335,310,10.244145237176651
15335,189,9.719240778502316
15335,94,8.397604582600456
15335,362,4.912663549248605
15335,78,3.952279638836563
15335,22,3.8148540676539744
15335,16,3.4444902640648447
17801,119,0.0
17801,20,0.0
17801,399,0.0
17801,476,0.0
17801,264,0.0
17801,200,0.0
17801,189,0.0
17801,362,0.0
17801,17,0.0
17801,16,0.0
11208,119,0.0
11208,20,0.0
11208,399,0.0
11208,476,0.0
11208,264,0.0
11208,200,0.0
11208,189,0.0
11208,362,0.0
11208,17,0.0
11208,16,0.0
17791,119,0.0
17791,20,0.0
17791,399,0.0
17791,476,0.0
17791,264,0.0
17791,200,0.0
17791,189,0.0
17791,362,0.0
17791,17,0.0
17791,16,0.0
10272,119,0.0
10272,20,0.0
10272,399,0.0
10272,476,0.0
10272,264,0.0
10272,200,0.0
10272,189,0.0
10272,362,0.0
10272,17,0.0
10272,16,0.0
15034,119,0.0
15034,20,0.0
15034,399,0.0
15034,476,0.0
15034,264,0.0
15034,200,0.0
15034,189,0.0
15034,362,0.0
15034,17,0.0
15034,310,0.0
3224,119,0.0
3224,20,0.0
3224,399,0.0
3224,476,0.0
3224,264,0.0
3224,200,0.0
3224,189,0.0
3224,362,0.0
3224,17,0.0
3224,16,0.0
1046,399,16.561308016959572
1046,79,9.79432147083322
1046,189,9.68447520117015
1046,94,9.219813848786847
1046,287,6.953791305364434
1046,255,6.596261804671323
1046,16,5.6385290363671885
1046,362,5.342208713988061
1046,22,4.740877074244618
1046,352,3.0591857329905756
3885,119,0.0
3885,20,0.0
3885,399,0.0
3885,476,0.0
3885,264,0.0
3885,200,0.0
3885,189,0.0
3885,362,0.0
3885,17,0.0
3885,16,0.0
17005,119,0.0
17005,20,0.0
17005,399,0.0
17005,476,0.0
17005,264,0.0
17005,200,0.0
17005,189,0.0
17005,362,0.0
17005,17,0.0
17005,16,0.0
17013,119,0.0
17013,20,0.0
17013,399,0.0
17013,476,0.0
17013,264,0.0
17013,200,0.0
17013,189,0.0
17013,362,0.0
17013,17,0.0
17013,16,0.0
16285,119,0.0
16285,20,0.0
16285,399,0.0
16285,476,0.0
16285,264,0.0
16285,200,0.0
16285,189,0.0
16285,362,0.0
16285,17,0.0
16285,16,0.0
15061,119,0.0
15061,20,0.0
15061,399,0.0
15061,476,0.0
15061,264,0.0
15061,200,0.0
15061,189,0.0
15061,362,0.0
15061,17,0.0
15061,16,0.0
17782,399,15.0
17782,119,15.0
17782,20,15.0
17782,200,12.0
17782,287,10.0
17782,94,8.999999999999998
17782,255,8.0
17782,189,7.999999999999998
17782,16,6.999999999999999
17782,310,5.999999999999999
11847,79,2.9256841332517673
11847,89,1.9119324954109351
11847,255,1.341556263340772
11847,134,1.0667527288308727
11847,94,0.48212869877456566
11847,17,0.32274861218395146
11847,476,0.32274861218395146
11847,415,0.0
11847,400,0.0
11847,284,-0.29277002188455997
17784,119,0.0
17784,20,0.0
17784,399,0.0
17784,476,0.0
17784,264,0.0
17784,200,0.0
17784,189,0.0
17784,362,0.0
17784,17,0.0
17784,16,0.0
15663,119,0.0
15663,20,0.0
15663,399,0.0
15663,476,0.0
15663,200,0.0
15663,189,0.0
15663,362,0.0
15663,17,0.0
15663,16,0.0
15663,310,0.0
2651,119,0.0
2651,399,0.0
2651,476,0.0
2651,264,0.0
2651,200,0.0
2651,189,0.0
2651,362,0.0
2651,17,0.0
2651,16,0.0
2651,310,0.0
8623,399,10.0
8623,189,8.0
8623,94,8.0
8623,362,7.0
8623,264,7.0
8623,200,6.0
8623,79,5.0
8623,16,4.0
8623,310,3.0
8623,287,3.0
7925,200,11.9542104249474
7925,310,6.863101677822986
7925,352,4.609015429116131
7925,189,3.072827551622596
7925,22,2.622173163210519
7925,119,2.5412540148724014
7925,94,1.6004328377050678
7925,416,0.8446820952389744
7925,362,0.6746003257153027
7925,284,0.5628590807898424
15334,399,9.871488885422963
15334,200,9.810318264074963
15334,94,8.940643643278095
15334,119,8.494001745373156
15334,264,8.132698893923905
15334,255,7.396686193633061
15334,16,6.537004448062756
15334,189,5.7879609487136605
15334,362,4.749939542405583
15334,78,3.2293628659443225
17022,119,0.0
17022,20,0.0
17022,399,0.0
17022,476,0.0
17022,200,0.0
17022,189,0.0
17022,362,0.0
17022,17,0.0
17022,16,0.0
17022,310,0.0
6347,20,8.26179097033933
6347,119,8.005862024320876
6347,310,5.3407579262658365
6347,287,4.706783330050277
6347,79,4.206783330050275
6347,189,3.395765566554891
6347,200,3.3214911969855567
6347,94,3.206783330050274
6347,78,2.8660254037844384
6347,255,2.5966868722842884
11209,119,0.0
11209,20,0.0
11209,399,0.0
11209,476,0.0
11209,264,0.0
11209,200,0.0
11209,189,0.0
11209,362,0.0
11209,17,0.0
11209,16,0.0
17772,119,0.0
17772,20,0.0
17772,399,0.0
17772,476,0.0
17772,264,0.0
17772,200,0.0
17772,189,0.0
17772,362,0.0
17772,17,0.0
17772,16,0.0
18111,119,0.0
18111,20,0.0
18111,399,0.0
18111,476,0.0
18111,264,0.0
18111,200,0.0
18111,189,0.0
18111,362,0.0
18111,17,0.0
18111,16,0.0
18678,119,0.0
18678,20,0.0
18678,399,0.0
18678,476,0.0
18678,264,0.0
18678,200,0.0
18678,189,0.0
18678,362,0.0
18678,17,0.0
18678,16,0.0
15993,119,0.0
15993,20,0.0
15993,399,0.0
15993,476,0.0
15993,264,0.0
15993,200,0.0
15993,189,0.0
15993,362,0.0
15993,17,0.0
15993,16,0.0
11609,119,0.0
11609,20,0.0
11609,399,0.0
11609,476,0.0
11609,264,0.0
11609,200,0.0
11609,189,0.0
11609,362,0.0
11609,17,0.0
11609,16,0.0
2456,119,0.0
2456,20,0.0
2456,476,0.0
2456,264,0.0
2456,200,0.0
2456,189,0.0
2456,362,0.0
2456,17,0.0
2456,16,0.0
2456,310,0.0
9639,119,0.0
9639,20,0.0
9639,399,0.0
9639,476,0.0
9639,264,0.0
9639,200,0.0
9639,189,0.0
9639,362,0.0
9639,17,0.0
9639,16,0.0
9641,119,0.0
9641,20,0.0
9641,399,0.0
9641,476,0.0
9641,264,0.0
9641,200,0.0
9641,189,0.0
9641,362,0.0
9641,17,0.0
9641,16,0.0
17006,119,0.0
17006,20,0.0
17006,399,0.0
17006,476,0.0
17006,264,0.0
17006,200,0.0
17006,189,0.0
17006,362,0.0
17006,17,0.0
17006,16,0.0
9634,119,0.0
9634,20,0.0
9634,399,0.0
9634,476,0.0
9634,264,0.0
9634,200,0.0
9634,189,0.0
9634,362,0.0
9634,17,0.0
9634,16,0.0
15991,119,0.0
15991,20,0.0
15991,399,0.0
15991,476,0.0
15991,264,0.0
15991,200,0.0
15991,189,0.0
15991,362,0.0
15991,17,0.0
15991,16,0.0
11608,200,6.1414466794252505
11608,255,4.843394500677108
11608,89,1.8660254037844382
11608,22,1.617342940633596
11608,134,0.848005909846404
11608,287,0.6414466794252478
11608,352,0.36727263912668473
11608,415,0.0
11608,77,0.0
11608,284,0.0
3011,119,0.0
3011,20,0.0
3011,399,0.0
3011,476,0.0
3011,264,0.0
3011,200,0.0
3011,189,0.0
3011,362,0.0
3011,17,0.0
3011,16,0.0
8429,119,0.0
8429,20,0.0
8429,399,0.0
8429,476,0.0
8429,200,0.0
8429,189,0.0
8429,362,0.0
8429,17,0.0
8429,16,0.0
8429,310,0.0
15992,20,13.0
15992,200,11.0
15992,399,11.0
15992,119,11.0
15992,189,9.0
15992,362,7.0
15992,22,7.0
15992,255,6.999999999999999
15992,310,6.0
15992,287,5.999999999999998
17820,119,9.14587296568951
17820,287,5.930277516121681
17820,200,4.752442407614154
17820,16,4.305509504377472
17820,20,3.359860676508397
17820,255,2.8859821616375925
17820,310,2.3705541385859146
17820,94,2.323219089699668
17820,134,2.196016506257746
17820,189,2.1224085101231625
79,119,18.767199297948963
79,20,18.767199297948963
79,287,17.767199297948963
79,264,17.767199297948963
79,200,13.767199297948963
79,94,10.767199297948963
79,255,10.767199297948963
79,189,9.838627869377534
79,310,9.767199297948963
79,362,8.767199297948965
17779,79,12.093092442434655
17779,189,7.1880858768485
17779,94,6.815890549375772
17779,399,6.575904145476816
17779,16,3.7219251785055114
17779,310,2.470537477636525
17779,362,2.3004110123814128
17779,416,1.1023504084284788
17779,824,0.9300435263564664
17779,190,0.7745966692414833
2686,119,0.0
2686,20,0.0
2686,399,0.0
2686,476,0.0
2686,264,0.0
2686,200,0.0
2686,189,0.0
2686,362,0.0
2686,17,0.0
2686,16,0.0
10251,119,0.0
10251,20,0.0
10251,399,0.0
10251,476,0.0
10251,264,0.0
10251,200,0.0
10251,189,0.0
10251,362,0.0
10251,17,0.0
10251,16,0.0
18954,119,13.0
18954,399,10.0
18954,200,9.0
18954,189,9.0
18954,264,9.0
18954,362,8.0
18954,310,6.0
18954,287,6.0
18954,255,5.999999999999999
18954,79,5.999999999999998
11611,20,0.0
11611,399,0.0
11611,476,0.0
11611,264,0.0
11611,200,0.0
11611,189,0.0
11611,362,0.0
11611,17,0.0
11611,16,0.0
11611,310,0.0
1435,119,0.0
1435,399,0.0
1435,476,0.0
1435,264,0.0
1435,200,0.0
1435,189,0.0
1435,362,0.0
1435,17,0.0
1435,16,0.0
1435,310,0.0
1437,119,0.0
1437,399,0.0
1437,476,0.0
1437,264,0.0
1437,200,0.0
1437,189,0.0
1437,362,0.0
1437,17,0.0
1437,16,0.0
1437,310,0.0
15231,119,0.0
15231,20,0.0
15231,399,0.0
15231,476,0.0
15231,264,0.0
15231,200,0.0
15231,189,0.0
15231,362,0.0
15231,17,0.0
15231,16,0.0
1125,119,0.0
1125,20,0.0
1125,399,0.0
1125,476,0.0
1125,264,0.0
1125,200,0.0
1125,189,0.0
1125,362,0.0
1125,17,0.0
1125,16,0.0
17014,119,0.0
17014,20,0.0
17014,399,0.0
17014,476,0.0
17014,264,0.0
17014,200,0.0
17014,189,0.0
17014,362,0.0
17014,17,0.0
17014,16,0.0
11613,16,2.7412346814035837
11613,79,1.945097285260159
11613,134,1.0241925883386056
11613,94,0.9877982438866844
11613,77,0.9449111825230683
11613,189,0.4043941336103012
11613,59,0.18898223650461388
11613,476,0.18898223650461363
11613,17,0.18898223650461363
11613,352,0.1889822365046132
41,119,0.0
41,20,0.0
41,399,0.0
41,476,0.0
41,264,0.0
41,200,0.0
41,189,0.0
41,362,0.0
41,17,0.0
41,16,0.0
8421,94,11.124197276805793
8421,200,9.544945348666717
8421,189,8.15053154866548
8421,362,7.517740158896492
8421,287,7.18204530076997
8421,255,4.289878036451997
8421,59,3.1322785329785403
8421,16,2.7955982018809875
8421,78,2.459277953024983
8421,824,1.5879874155179856
1327,119,0.0
1327,20,0.0
1327,399,0.0
1327,476,0.0
1327,264,0.0
1327,200,0.0
1327,189,0.0
1327,362,0.0
1327,17,0.0
1327,16,0.0
174,119,0.0
174,20,0.0
174,399,0.0
174,476,0.0
174,264,0.0
174,200,0.0
174,189,0.0
174,362,0.0
174,17,0.0
174,16,0.0
13983,20,8.714031313630844
13983,399,7.714031313630844
13983,119,7.714031313630844
13983,264,6.714031313630844
13983,287,5.714031313630843
13983,189,4.866025403784438
13983,94,3.848005909846404
13983,310,2.848005909846405
13983,16,2.7320508075688776
13983,89,1.981980506061966
13986,119,0.0
13986,20,0.0
13986,399,0.0
13986,476,0.0
13986,264,0.0
13986,200,0.0
13986,189,0.0
13986,362,0.0
13986,17,0.0
13986,16,0.0
744,119,0.0
744,20,0.0
744,399,0.0
744,476,0.0
744,264,0.0
744,200,0.0
744,189,0.0
744,362,0.0
744,17,0.0
744,16,0.0
11207,119,0.0
11207,20,0.0
11207,399,0.0
11207,476,0.0
11207,264,0.0
11207,200,0.0
11207,189,0.0
11207,362,0.0
11207,17,0.0
11207,16,0.0
13985,119,0.0
13985,399,0.0
13985,476,0.0
13985,264,0.0
13985,200,0.0
13985,189,0.0
13985,362,0.0
13985,17,0.0
13985,16,0.0
13985,310,0.0
14343,119,0.0
14343,20,0.0
14343,399,0.0
14343,476,0.0
14343,264,0.0
14343,200,0.0
14343,189,0.0
14343,362,0.0
14343,17,0.0
14343,16,0.0
18680,119,10.377303572595363
18680,399,9.2433289763798
18680,264,7.877303572595361
18680,287,6.377303572595362
18680,94,4.743328976379801
18680,310,4.377303572595363
18680,78,4.154653670707977
18680,255,3.8773035725953626
18680,189,3.8660254037844384
18680,16,2.2226499018873858
18681,399,20.274126601342793
18681,119,19.265009048368412
18681,287,15.408157449915624
18681,189,12.380061488191181
18681,94,12.00619308253916
18681,255,10.2983324791091
18681,310,9.92546563592654
18681,352,8.35249641862104
18681,22,8.314869171801929
18681,16,7.776936822240551
1476,119,0.0
1476,20,0.0
1476,399,0.0
1476,476,0.0
1476,264,0.0
1476,200,0.0
1476,189,0.0
1476,362,0.0
1476,17,0.0
1476,16,0.0
17775,200,6.531947884193121
17775,310,5.3709299444754475
17775,189,3.555666957831505
17775,94,3.2025896158663176
17775,362,3.0778049255165287
17775,59,2.3190738186662196
17775,78,1.8417334694613339
17775,416,1.5373717715284525
17775,824,1.5324752926170082
17775,352,0.849986280866067
17822,119,0.0
17822,20,0.0
17822,399,0.0
17822,476,0.0
17822,264,0.0
17822,200,0.0
17822,189,0.0
17822,362,0.0
17822,17,0.0
17822,16,0.0
13981,119,0.0
13981,476,0.0
13981,264,0.0
13981,200,0.0
13981,189,0.0
13981,362,0.0
13981,17,0.0
13981,16,0.0
13981,310,0.0
13981,59,0.0
3134,17,1.0
3134,476,1.0
3134,415,0.0
3134,400,0.0
3134,77,-0.5000000000000001
3134,284,-0.7559289460184545
3134,19,-0.8660254037844385
3134,125,-0.8660254037844385
3134,190,-0.8660254037844385
3134,134,-0.91106220328103
19106,200,1.9031526214677486
19106,94,1.6897275417396787
19106,416,1.3696681722798951
19106,824,1.063248372166212
19106,190,0.6396021490668313
19106,125,0.6396021490668313
19106,19,0.6396021490668313
19106,310,0.5846994010225259
19106,284,0.5151221963699317
19106,352,0.4170816066191194
13980,352,2.3787241907433962
13980,16,0.8850867020852708
13980,77,0.5222329678670935
13980,19,0.47140452079103173
13980,190,0.47140452079103173
13980,125,0.47140452079103173
13980,416,0.24591071239018303
13980,134,0.24019223070763052
13980,89,0.08305069938382204
13980,17,0.0
8625,119,0.0
8625,20,0.0
8625,399,0.0
8625,476,0.0
8625,264,0.0
8625,200,0.0
8625,189,0.0
8625,362,0.0
8625,17,0.0
8625,16,0.0
3828,119,0.0
3828,20,0.0
3828,399,0.0
3828,476,0.0
3828,264,0.0
3828,200,0.0
3828,189,0.0
3828,362,0.0
3828,17,0.0
3828,16,0.0
17800,119,0.0
17800,20,0.0
17800,399,0.0
17800,476,0.0
17800,264,0.0
17800,200,0.0
17800,189,0.0
17800,362,0.0
17800,17,0.0
17800,16,0.0
7649,119,0.0
7649,476,0.0
7649,264,0.0
7649,200,0.0
7649,189,0.0
7649,362,0.0
7649,17,0.0
7649,16,0.0
7649,310,0.0
7649,59,0.0
17010,119,0.0
17010,20,0.0
17010,399,0.0
17010,476,0.0
17010,264,0.0
17010,200,0.0
17010,189,0.0
17010,362,0.0
17010,17,0.0
17010,16,0.0
11470,119,0.0
11470,20,0.0
11470,399,0.0
11470,476,0.0
11470,264,0.0
11470,200,0.0
11470,189,0.0
11470,362,0.0
11470,17,0.0
11470,16,0.0
3829,119,0.0
3829,20,0.0
3829,399,0.0
3829,476,0.0
3829,264,0.0
3829,200,0.0
3829,189,0.0
3829,362,0.0
3829,17,0.0
3829,16,0.0
10250,119,0.0
10250,20,0.0
10250,399,0.0
10250,476,0.0
10250,264,0.0
10250,200,0.0
10250,189,0.0
10250,362,0.0
10250,17,0.0
10250,16,0.0
11610,119,0.0
11610,20,0.0
11610,399,0.0
11610,476,0.0
11610,264,0.0
11610,200,0.0
11610,189,0.0
11610,362,0.0
11610,17,0.0
11610,16,0.0
17780,134,2.290975008496574
17780,89,1.576351522572971
17780,17,0.5754716981132076
17780,476,0.5754716981132076
17780,189,0.4871259948282485
17780,415,0.0
17780,400,0.0
17780,284,-0.3664631325590233
17780,77,-0.381528726074437
17780,19,-0.7745966692414833
17672,119,0.0
17672,20,0.0
17672,399,0.0
17672,476,0.0
17672,264,0.0
17672,200,0.0
17672,189,0.0
17672,362,0.0
17672,17,0.0
17672,16,0.0
515,119,0.0
515,20,0.0
515,399,0.0
515,476,0.0
515,264,0.0
515,200,0.0
515,189,0.0
515,362,0.0
515,17,0.0
515,16,0.0
513,119,0.0
513,20,0.0
513,399,0.0
513,476,0.0
513,264,0.0
513,200,0.0
513,189,0.0
513,362,0.0
513,17,0.0
513,16,0.0
1328,119,0.0
1328,20,0.0
1328,399,0.0
1328,476,0.0
1328,264,0.0
1328,200,0.0
1328,189,0.0
1328,362,0.0
1328,17,0.0
1328,16,0.0
18676,399,13.132481477350296
18676,189,5.108484093022931
18676,119,4.583267627303581
18676,255,4.301585631156956
18676,94,3.5930422403155466
18676,362,2.0321031124152737
18676,416,1.782280608941051
18676,89,1.7028319840203043
18676,78,1.6988124798403819
18676,79,1.6974097673453992
17785,287,2.999999999999999
17785,20,2.999999999999999
17785,200,2.999999999999999
17785,78,1.9999999999999996
17785,416,1.9999999999999996
17785,310,1.9999999999999993
17785,119,1.9999999999999993
17785,22,1.9999999999999993
17785,362,1.9999999999999993
17785,399,0.9999999999999998
1325,119,0.0
1325,20,0.0
1325,399,0.0
1325,476,0.0
1325,264,0.0
1325,200,0.0
1325,189,0.0
1325,362,0.0
1325,17,0.0
1325,16,0.0
17786,119,14.434249169272897
17786,20,13.745266932768283
17786,399,12.4342491692729
17786,200,11.245266932768283
17786,287,8.69017811529135
17786,255,8.086220253283381
17786,94,7.745266932768281
17786,189,6.467022416911879
17786,310,5.3972380167787675
17786,362,4.467076535037132
8622,119,0.0
8622,20,0.0
8622,399,0.0
8622,476,0.0
8622,264,0.0
8622,200,0.0
8622,189,0.0
8622,362,0.0
8622,17,0.0
8622,16,0.0
17008,119,0.0
17008,20,0.0
17008,399,0.0
17008,476,0.0
17008,264,0.0
17008,200,0.0
17008,189,0.0
17008,362,0.0
17008,17,0.0
17008,16,0.0
17017,119,0.0
17017,20,0.0
17017,399,0.0
17017,476,0.0
17017,264,0.0
17017,200,0.0
17017,189,0.0
17017,362,0.0
17017,17,0.0
17017,16,0.0
65,119,0.0
65,20,0.0
65,399,0.0
65,476,0.0
65,264,0.0
65,200,0.0
65,189,0.0
65,362,0.0
65,17,0.0
65,16,0.0
13984,119,0.0
13984,20,0.0
13984,399,0.0
13984,476,0.0
13984,264,0.0
13984,200,0.0
13984,189,0.0
13984,362,0.0
13984,17,0.0
13984,16,0.0
9487,119,0.0
9487,20,0.0
9487,399,0.0
9487,476,0.0
9487,264,0.0
9487,200,0.0
9487,189,0.0
9487,362,0.0
9487,17,0.0
9487,16,0.0
9637,119,0.0
9637,20,0.0
9637,399,0.0
9637,476,0.0
9637,264,0.0
9637,200,0.0
9637,189,0.0
9637,362,0.0
9637,17,0.0
9637,16,0.0
18110,119,0.0
18110,20,0.0
18110,399,0.0
18110,476,0.0
18110,264,0.0
18110,200,0.0
18110,189,0.0
18110,362,0.0
18110,17,0.0
18110,16,0.0
17019,78,3.671047538082508
17019,255,3.4187503713111695
17019,200,2.957825806292874
17019,362,1.8696255595426299
17019,824,1.6881490886065598
17019,416,1.623077218502077
17019,310,1.3746457627907327
17019,352,1.103321666521135
17019,190,0.9459053029269171
17019,125,0.9459053029269171
8537,119,0.0
8537,20,0.0
8537,476,0.0
8537,264,0.0
8537,200,0.0
8537,189,0.0
8537,362,0.0
8537,17,0.0
8537,16,0.0
8537,310,0.0
13987,119,0.0
13987,20,0.0
13987,399,0.0
13987,476,0.0
13987,264,0.0
13987,200,0.0
13987,189,0.0
13987,362,0.0
13987,17,0.0
13987,16,0.0
3883,22,5.88529213306472
3883,119,5.259186949597106
3883,16,3.792349457239375
3883,255,2.635985364451966
3883,94,1.9065696305814066
3883,78,1.1963098965601053
3883,287,1.1225527728271627
3883,59,1.0960395606792699
3883,189,1.021277497516685
3883,77,0.9999999999999998
4520,119,0.0
4520,20,0.0
4520,399,0.0
4520,476,0.0
4520,264,0.0
4520,200,0.0
4520,189,0.0
4520,362,0.0
4520,17,0.0
4520,16,0.0
15526,119,0.0
15526,20,0.0
15526,399,0.0
15526,476,0.0
15526,264,0.0
15526,200,0.0
15526,189,0.0
15526,362,0.0
15526,17,0.0
15526,16,0.0
15498,119,0.0
15498,20,0.0
15498,399,0.0
15498,476,0.0
15498,264,0.0
15498,200,0.0
15498,189,0.0
15498,362,0.0
15498,17,0.0
15498,16,0.0
18200,119,0.0
18200,399,0.0
18200,476,0.0
18200,264,0.0
18200,200,0.0
18200,189,0.0
18200,362,0.0
18200,17,0.0
18200,16,0.0
18200,310,0.0
17799,119,0.0
17799,20,0.0
17799,399,0.0
17799,476,0.0
17799,200,0.0
17799,189,0.0
17799,362,0.0
17799,17,0.0
17799,16,0.0
17799,310,0.0
17797,119,0.0
17797,399,0.0
17797,476,0.0
17797,264,0.0
17797,200,0.0
17797,189,0.0
17797,362,0.0
17797,17,0.0
17797,16,0.0
17797,310,0.0
18109,119,0.0
18109,20,0.0
18109,399,0.0
18109,476,0.0
18109,264,0.0
18109,200,0.0
18109,189,0.0
18109,362,0.0
18109,17,0.0
18109,16,0.0
17789,119,0.0
17789,20,0.0
17789,399,0.0
17789,476,0.0
17789,264,0.0
17789,200,0.0
17789,189,0.0
17789,362,0.0
17789,17,0.0
17789,16,0.0
743,119,0.0
743,20,0.0
743,399,0.0
743,476,0.0
743,264,0.0
743,200,0.0
743,189,0.0
743,362,0.0
743,17,0.0
743,16,0.0
1121,119,0.0
1121,20,0.0
1121,399,0.0
1121,476,0.0
1121,264,0.0
1121,200,0.0
1121,189,0.0
1121,362,0.0
1121,17,0.0
1121,16,0.0
7924,119,0.0
7924,20,0.0
7924,399,0.0
7924,476,0.0
7924,264,0.0
7924,200,0.0
7924,189,0.0
7924,362,0.0
7924,17,0.0
7924,16,0.0
6296,119,0.0
6296,20,0.0
6296,399,0.0
6296,476,0.0
6296,264,0.0
6296,200,0.0
6296,189,0.0
6296,362,0.0
6296,17,0.0
6296,16,0.0
17795,119,0.0
17795,20,0.0
17795,399,0.0
17795,476,0.0
17795,264,0.0
17795,200,0.0
17795,189,0.0
17795,362,0.0
17795,17,0.0
17795,16,0.0
10651,119,0.0
10651,20,0.0
10651,399,0.0
10651,476,0.0
10651,264,0.0
10651,200,0.0
10651,189,0.0
10651,362,0.0
10651,17,0.0
10651,16,0.0
7123,119,0.0
7123,20,0.0
7123,399,0.0
7123,476,0.0
7123,264,0.0
7123,200,0.0
7123,189,0.0
7123,362,0.0
7123,17,0.0
7123,16,0.0
16169,399,15.0
16169,119,15.0
16169,20,15.0
16169,200,12.0
16169,287,10.0
16169,94,8.999999999999998
16169,255,8.0
16169,189,7.999999999999998
16169,16,6.999999999999999
16169,310,5.999999999999999
10286,119,0.0
10286,20,0.0
10286,399,0.0
10286,476,0.0
10286,200,0.0
10286,189,0.0
10286,362,0.0
10286,17,0.0
10286,16,0.0
10286,310,0.0
17011,119,0.0
17011,20,0.0
17011,399,0.0
17011,476,0.0
17011,264,0.0
17011,200,0.0
17011,189,0.0
17011,362,0.0
17011,17,0.0
17011,16,0.0
2687,119,0.0
2687,20,0.0
2687,399,0.0
2687,476,0.0
2687,264,0.0
2687,200,0.0
2687,189,0.0
2687,362,0.0
2687,17,0.0
2687,16,0.0
18106,119,0.0
18106,20,0.0
18106,399,0.0
18106,476,0.0
18106,264,0.0
18106,200,0.0
18106,189,0.0
18106,362,0.0
18106,17,0.0
18106,16,0.0
3884,119,0.0
3884,20,0.0
3884,399,0.0
3884,476,0.0
3884,264,0.0
3884,200,0.0
3884,189,0.0
3884,362,0.0
3884,17,0.0
3884,16,0.0
18955,119,0.0
18955,20,0.0
18955,399,0.0
18955,476,0.0
18955,264,0.0
18955,200,0.0
18955,189,0.0
18955,362,0.0
18955,17,0.0
18955,16,0.0
17023,119,0.0
17023,20,0.0
17023,399,0.0
17023,476,0.0
17023,264,0.0
17023,200,0.0
17023,189,0.0
17023,362,0.0
17023,17,0.0
17023,16,0.0
514,119,0.0
514,20,0.0
514,399,0.0
514,476,0.0
514,264,0.0
514,200,0.0
514,189,0.0
514,362,0.0
514,17,0.0
514,16,0.0
17796,119,0.0
17796,20,0.0
17796,399,0.0
17796,476,0.0
17796,264,0.0
17796,200,0.0
17796,189,0.0
17796,362,0.0
17796,17,0.0
17796,16,0.0
13982,119,0.0
13982,20,0.0
13982,399,0.0
13982,476,0.0
13982,264,0.0
13982,200,0.0
13982,189,0.0
13982,362,0.0
13982,17,0.0
13982,16,0.0
201,119,0.0
201,20,0.0
201,399,0.0
201,476,0.0
201,264,0.0
201,200,0.0
201,189,0.0
201,362,0.0
201,17,0.0
201,16,0.0
12059,119,0.0
12059,399,0.0
12059,476,0.0
12059,264,0.0
12059,200,0.0
12059,189,0.0
12059,362,0.0
12059,17,0.0
12059,16,0.0
12059,310,0.0
18679,119,0.0
18679,20,0.0
18679,399,0.0
18679,476,0.0
18679,264,0.0
18679,200,0.0
18679,189,0.0
18679,362,0.0
18679,17,0.0
18679,16,0.0
5660,119,0.0
5660,20,0.0
5660,399,0.0
5660,476,0.0
5660,264,0.0
5660,200,0.0
5660,189,0.0
5660,362,0.0
5660,17,0.0
5660,16,0.0
15230,119,0.0
15230,20,0.0
15230,399,0.0
15230,476,0.0
15230,264,0.0
15230,200,0.0
15230,189,0.0
15230,362,0.0
15230,17,0.0
15230,16,0.0
3904,119,0.0
3904,399,0.0
3904,476,0.0
3904,200,0.0
3904,189,0.0
3904,362,0.0
3904,17,0.0
3904,16,0.0
3904,310,0.0
3904,59,0.0
15033,119,0.0
15033,20,0.0
15033,399,0.0
15033,476,0.0
15033,264,0.0
15033,200,0.0
15033,189,0.0
15033,362,0.0
15033,17,0.0
15033,16,0.0
17007,119,0.0
17007,20,0.0
17007,399,0.0
17007,476,0.0
17007,264,0.0
17007,200,0.0
17007,189,0.0
17007,362,0.0
17007,17,0.0
17007,16,0.0
17021,119,0.0
17021,20,0.0
17021,399,0.0
17021,476,0.0
17021,264,0.0
17021,200,0.0
17021,189,0.0
17021,362,0.0
17021,17,0.0
17021,16,0.0
1436,119,0.0
1436,399,0.0
1436,476,0.0
1436,264,0.0
1436,200,0.0
1436,189,0.0
1436,362,0.0
1436,17,0.0
1436,16,0.0
1436,310,0.0
18107,119,0.0
18107,20,0.0
18107,399,0.0
18107,476,0.0
18107,264,0.0
18107,200,0.0
18107,189,0.0
18107,362,0.0
18107,17,0.0
18107,16,0.0
17020,119,0.0
17020,20,0.0
17020,399,0.0
17020,476,0.0
17020,264,0.0
17020,200,0.0
17020,189,0.0
17020,362,0.0
17020,17,0.0
17020,16,0.0
4182,119,0.0
4182,20,0.0
4182,399,0.0
4182,476,0.0
4182,264,0.0
4182,200,0.0
4182,189,0.0
4182,362,0.0
4182,17,0.0
4182,16,0.0
2988,119,0.0
2988,20,0.0
2988,399,0.0
2988,476,0.0
2988,200,0.0
2988,189,0.0
2988,362,0.0
2988,17,0.0
2988,16,0.0
2988,310,0.0
17685,119,0.0
17685,20,0.0
17685,399,0.0
17685,476,0.0
17685,264,0.0
17685,200,0.0
17685,189,0.0
17685,362,0.0
17685,17,0.0
17685,16,0.0
8494,119,0.0
8494,399,0.0
8494,476,0.0
8494,264,0.0
8494,200,0.0
8494,189,0.0
8494,362,0.0
8494,17,0.0
8494,16,0.0
8494,310,0.0
17804,119,0.0
17804,20,0.0
17804,399,0.0
17804,476,0.0
17804,264,0.0
17804,200,0.0
17804,189,0.0
17804,362,0.0
17804,17,0.0
17804,16,0.0
17781,119,0.0
17781,20,0.0
17781,399,0.0
17781,476,0.0
17781,264,0.0
17781,200,0.0
17781,189,0.0
17781,362,0.0
17781,17,0.0
17781,16,0.0
17794,119,0.0
17794,20,0.0
17794,399,0.0
17794,476,0.0
17794,264,0.0
17794,200,0.0
17794,189,0.0
17794,362,0.0
17794,17,0.0
17794,16,0.0
13989,119,0.0
13989,20,0.0
13989,399,0.0
13989,476,0.0
13989,264,0.0
13989,200,0.0
13989,189,0.0
13989,362,0.0
13989,17,0.0
13989,16,0.0
18566,119,0.0
18566,20,0.0
18566,399,0.0
18566,476,0.0
18566,264,0.0
18566,200,0.0
18566,189,0.0
18566,362,0.0
18566,17,0.0
18566,16,0.0
15415,264,2.1726731646460116
15415,352,2.0
15415,287,1.1726731646460116
15415,255,1.1726731646460111
15415,189,1.0000000000000002
15415,310,0.6726731646460117
15415,22,0.6726731646460117
15415,200,0.6726731646460117
15415,94,0.6726731646460117
15415,78,0.17267316464601146
1438,119,0.0
1438,20,0.0
1438,399,0.0
1438,476,0.0
1438,264,0.0
1438,200,0.0
1438,189,0.0
1438,362,0.0
1438,17,0.0
1438,16,0.0
17783,119,0.0
17783,20,0.0
17783,399,0.0
17783,476,0.0
17783,264,0.0
17783,200,0.0
17783,189,0.0
17783,362,0.0
17783,17,0.0
17783,16,0.0
2358,119,0.0
2358,20,0.0
2358,399,0.0
2358,476,0.0
2358,264,0.0
2358,200,0.0
2358,189,0.0
2358,362,0.0
2358,17,0.0
2358,16,0.0
17809,119,0.0
17809,399,0.0
17809,476,0.0
17809,264,0.0
17809,200,0.0
17809,189,0.0
17809,362,0.0
17809,17,0.0
17809,16,0.0
17809,310,0.0
17773,119,0.0
17773,20,0.0
17773,399,0.0
17773,476,0.0
17773,264,0.0
17773,200,0.0
17773,189,0.0
17773,362,0.0
17773,17,0.0
17773,16,0.0
17774,119,0.0
17774,20,0.0
17774,399,0.0
17774,476,0.0
17774,264,0.0
17774,200,0.0
17774,189,0.0
17774,362,0.0
17774,17,0.0
17774,16,0.0
18671,119,0.0
18671,20,0.0
18671,399,0.0
18671,476,0.0
18671,264,0.0
18671,200,0.0
18671,189,0.0
18671,362,0.0
18671,17,0.0
18671,16,0.0
2842,119,0.0
2842,20,0.0
2842,399,0.0
2842,476,0.0
2842,264,0.0
2842,200,0.0
2842,189,0.0
2842,362,0.0
2842,17,0.0
2842,16,0.0
17770,119,0.0
17770,20,0.0
17770,399,0.0
17770,476,0.0
17770,264,0.0
17770,200,0.0
17770,189,0.0
17770,362,0.0
17770,17,0.0
17770,16,0.0
17194,119,0.0
17194,20,0.0
17194,399,0.0
17194,476,0.0
17194,264,0.0
17194,200,0.0
17194,189,0.0
17194,362,0.0
17194,17,0.0
17194,16,0.0
4938,119,0.0
4938,20,0.0
4938,399,0.0
4938,476,0.0
4938,264,0.0
4938,200,0.0
4938,189,0.0
4938,362,0.0
4938,17,0.0
4938,16,0.0
16286,119,0.0
16286,20,0.0
16286,399,0.0
16286,476,0.0
16286,264,0.0
16286,200,0.0
16286,189,0.0
16286,362,0.0
16286,17,0.0
16286,16,0.0
17016,119,0.0
17016,20,0.0
17016,399,0.0
17016,476,0.0
17016,264,0.0
17016,200,0.0
17016,189,0.0
17016,362,0.0
17016,17,0.0
17016,16,0.0
11614,119,0.0
11614,20,0.0
11614,399,0.0
11614,476,0.0
11614,264,0.0
11614,200,0.0
11614,189,0.0
11614,362,0.0
11614,17,0.0
11614,16,0.0
18677,119,0.0
18677,20,0.0
18677,399,0.0
18677,476,0.0
18677,264,0.0
18677,200,0.0
18677,189,0.0
18677,362,0.0
18677,17,0.0
18677,16,0.0
17490,399,13.0
17490,200,12.0
17490,264,12.0
17490,119,11.0
17490,287,10.0
17490,94,8.0
17490,310,6.0
17490,189,6.0
17490,255,6.0
17490,352,5.0
64,119,0.0
64,20,0.0
64,399,0.0
64,476,0.0
64,264,0.0
64,200,0.0
64,189,0.0
64,362,0.0
64,17,0.0
64,16,0.0
8278,119,0.0
8278,20,0.0
8278,399,0.0
8278,476,0.0
8278,264,0.0
8278,200,0.0
8278,189,0.0
8278,362,0.0
8278,17,0.0
8278,16,0.0
11481,119,0.0
11481,20,0.0
11481,399,0.0
11481,476,0.0
11481,264,0.0
11481,200,0.0
11481,189,0.0
11481,362,0.0
11481,17,0.0
11481,16,0.0
17776,119,0.0
17776,20,0.0
17776,399,0.0
17776,476,0.0
17776,264,0.0
17776,200,0.0
17776,189,0.0
17776,362,0.0
17776,17,0.0
17776,16,0.0
1323,119,0.0
1323,20,0.0
1323,476,0.0
1323,264,0.0
1323,200,0.0
1323,189,0.0
1323,362,0.0
1323,17,0.0
1323,16,0.0
1323,310,0.0
2989,119,0.0
2989,20,0.0
2989,399,0.0
2989,476,0.0
2989,264,0.0
2989,200,0.0
2989,189,0.0
2989,362,0.0
2989,17,0.0
2989,16,0.0
