17,13739,-96761.83918538799
17,6936,-96761.83918538799
17,17531,-96762.31616510704
17,1226,-96762.69990385203
17,4012,-96762.69990385203
17,18810,-96762.69990385203
17,11324,-96762.69990385203
17,10686,-96762.69990385203
17,10354,-96762.69990385203
17,16668,-96762.69990385203
22,12555,-2328.0236342606877
22,679,-2328.1480322539664
22,2810,-2328.1480322539664
22,9928,-2328.163262958753
22,2919,-2328.1797364362574
22,8464,-2328.1797364362574
22,10876,-2328.1797364362574
22,18843,-2328.1797364362574
22,10542,-2328.1797364362574
22,16071,-2328.1797364362574
5,18285,99486.03889081097
5,7691,99485.96837560108
5,19320,99485.39806686452
5,19093,99485.39806686452
5,12857,99485.39806686452
5,11550,99485.39806686452
5,16356,99485.39806686452
5,755,99485.39806686452
5,16758,99485.39806686452
5,19483,99485.39806686452
2,7691,104642.2467977156
2,10472,104642.02665867587
2,18285,104641.00403808185
2,2972,104640.7115826382
2,4,104640.36931526073
2,755,104640.32663168898
2,6791,104640.32663168898
2,16356,104640.32663168898
2,12857,104640.32663168898
2,19483,104640.32663168898
41,13739,-42645.616609567835
41,6936,-42645.616609567835
41,16311,-42646.568154438326
41,11979,-42646.568154438326
41,13842,-42646.568154438326
41,8970,-42646.568154438326
41,7811,-42646.568154438326
41,17415,-42646.568154438326
41,2664,-42647.50954931266
41,144,-42647.50954931266
50,12555,-212.1934705761305
50,16071,-212.25679166143527
50,6832,-212.25679166143527
50,18843,-212.25679166143527
50,2919,-212.25679166143527
50,10542,-212.25679166143527
50,8464,-212.25679166143527
50,10876,-212.25679166143527
50,5851,-212.25679166143527
50,11988,-212.2888210567544
38,13739,-73821.85014017732
38,6936,-73821.85014017732
38,17531,-73822.89800468698
38,2649,-73823.2692205938
38,363,-73823.2692205938
38,17648,-73823.2692205938
38,10354,-73823.46682877466
38,11324,-73823.46682877466
38,10686,-73823.46682877466
38,4012,-73823.46682877466
10,7691,29343.986833872477
10,16209,29343.44790558613
10,12187,29343.439912397618
10,2044,29343.439912397618
10,17837,29343.16583643311
10,12231,29342.85103749545
10,10472,29342.50833779834
10,14694,29342.19283159981
10,12224,29342.19283159981
10,1221,29342.158661678433
27,12299,-251.66390547986884
27,12555,-251.75499490232255
27,6669,-251.85037486628335
27,1265,-251.9251820757754
27,6832,-251.93703587853815
27,10542,-251.93703587853815
27,18843,-251.93703587853815
27,8464,-251.93703587853815
27,2919,-251.93703587853815
27,10876,-251.93703587853815
35,19320,-2035.5078998628578
35,16356,-2035.5078998628578
35,12857,-2035.5078998628578
35,11550,-2035.5078998628578
35,19093,-2035.5078998628578
35,6791,-2035.5078998628578
35,16758,-2035.5078998628578
35,19483,-2035.5078998628578
35,755,-2035.5078998628578
35,15171,-2035.5078998628578
15,12555,2684.9373371840766
15,16071,2684.7143111967707
15,6832,2684.7143111967707
15,10876,2684.7143111967707
15,2919,2684.7143111967707
15,10542,2684.7143111967707
15,8464,2684.7143111967707
15,18843,2684.7143111967707
15,5851,2684.7143111967707
15,11988,2684.5861831496177
16,16209,-6843.020357016736
16,16678,-6843.816726242774
16,1265,-6843.999955727959
16,14412,-6844.039296822986
16,4183,-6844.089527703763
16,15102,-6844.144618556253
16,6323,-6844.161975912226
16,397,-6844.201324458292
16,1221,-6844.227054911164
16,5624,-6844.227054911164
30,13739,-130152.05776991931
30,6936,-130152.05776991931
30,1226,-130153.28924594875
30,10686,-130153.28924594875
30,4012,-130153.28924594875
30,18810,-130153.28924594875
30,10354,-130153.28924594875
30,11324,-130153.28924594875
30,16668,-130153.28924594875
30,2649,-130153.29935370671
42,17531,-19100.04753708023
42,679,-19101.1839356813
42,2810,-19101.1839356813
42,12555,-19101.254836404776
42,13739,-19101.333532964825
42,6936,-19101.333532964825
42,8530,-19101.36799431011
42,18063,-19101.506968004585
42,363,-19101.675627109595
42,17648,-19101.675627109595
44,1265,6856.239276281842
44,2972,6855.928215281099
44,15102,6855.350325591091
44,18157,6854.785144004341
44,11624,6854.785144004341
44,6323,6854.644152613204
44,9928,6854.610849828045
44,5681,6854.5478099452885
44,397,6854.540971616865
44,2740,6854.478524191192
34,7691,25674.470265517637
34,2972,25673.974415126286
34,7753,25672.57141076497
34,8418,25672.3592627084
34,18285,25672.28781086061
34,14621,25672.238551858405
34,7531,25672.238551858405
34,11188,25672.144867814743
34,11151,25672.10058460546
34,9493,25672.078398234386
33,17531,-42899.43019838026
33,6936,-42899.99339796555
33,13739,-42899.99339796555
33,679,-42900.16938609519
33,2810,-42900.16938609519
33,363,-42900.1783694451
33,2649,-42900.1783694451
33,17648,-42900.1783694451
33,10354,-42900.382862923725
33,11324,-42900.382862923725
48,7691,46771.01154620049
48,9818,46769.409990443964
48,10472,46769.36493383569
48,18157,46769.33942423767
48,11624,46769.33942423767
48,18285,46769.133417456644
48,8738,46768.98613060621
48,7531,46768.7670150504
48,14621,46768.7670150504
48,2972,46768.75204731157
4,18167,6758.220315064456
4,11988,6758.220315064456
4,6832,6758.2161042992375
4,16071,6758.2161042992375
4,2919,6758.2161042992375
4,18843,6758.2161042992375
4,8464,6758.2161042992375
4,10542,6758.2161042992375
4,10876,6758.2161042992375
4,5851,6758.2161042992375
46,17531,-84467.5322817635
46,6936,-84467.80918474199
46,13739,-84467.80918474199
46,363,-84468.0981327848
46,17648,-84468.0981327848
46,2649,-84468.0981327848
46,10686,-84468.41850002954
46,10354,-84468.41850002954
46,11324,-84468.41850002954
46,4012,-84468.41850002954
45,8418,-0.0012442327059831906
45,16332,-0.0012499280873361784
45,3243,-0.0012499280873361784
45,12744,-0.0012499280873361784
45,799,-0.0012499280873361784
45,4248,-0.0012499280873361784
45,4437,-0.0012699497871991644
45,11398,-0.0012716043999910264
45,18916,-0.0012716043999910264
45,110,-0.0012716043999910264
29,6323,0.010487950507956407
29,14412,0.010417108385092608
29,397,0.010415979292059603
29,7691,0.010380065496941943
29,15102,0.009724524512014339
29,3243,0.009483924794112085
29,799,0.009483924794112085
29,4248,0.009483924794112085
29,16332,0.009483924794112085
29,12744,0.009483924794112085
37,17531,-87873.77000808036
37,6936,-87874.00390342093
37,13739,-87874.00390342093
37,363,-87874.4346220718
37,2649,-87874.4346220718
37,17648,-87874.4346220718
37,10354,-87874.44094457667
37,11324,-87874.44094457667
37,10686,-87874.44094457667
37,4012,-87874.44094457667
18,14852,-16036.094276336895
18,14329,-16036.094276336895
18,873,-16036.119277854275
18,3384,-16036.119277854275
18,15757,-16036.119277854275
18,17531,-16036.372358859517
18,8336,-16036.414964191405
18,10686,-16036.521501558804
18,4012,-16036.521501558804
18,10354,-16036.521501558804
36,7691,75516.1968775492
36,10472,75516.1758853251
36,2972,75515.68342451617
36,18285,75514.95944334863
36,12129,75514.78085167427
36,19483,75514.70380841021
36,755,75514.70380841021
36,16356,75514.70380841021
36,16758,75514.70380841021
36,12857,75514.70380841021
11,10472,24016.489916404404
11,2972,24016.255964338052
11,18285,24016.118012117542
11,14694,24015.863753226426
11,12224,24015.863753226426
11,7531,24015.827412958955
11,14621,24015.827412958955
11,8764,24015.45586940556
11,11188,24015.370843096025
11,7359,24015.359456325474
31,12299,51006.651107412064
31,18285,51006.16204286396
31,19754,51006.085003949
31,2972,51005.89212839384
31,19483,51005.74501159109
31,755,51005.74501159109
31,19093,51005.74501159109
31,6791,51005.74501159109
31,12857,51005.74501159109
31,16758,51005.74501159109
9,672,-3.857378774615051E-4
9,2972,-9.733200667579704E-4
9,10868,-0.0010545015061855945
9,14970,-0.0010545015061855945
9,7385,-0.0010545015061855945
9,622,-0.0010545015061855945
9,14851,-0.0010545015061855945
9,16085,-0.0010545015061855945
9,5950,-0.0010545015061855945
9,11794,-0.0010545015061855945
1,17531,-63965.84410451015
1,13739,-63965.879637084174
1,6936,-63965.879637084174
1,1226,-63966.14727940655
1,18810,-63966.14727940655
1,10354,-63966.14727940655
1,10686,-63966.14727940655
1,4012,-63966.14727940655
1,11324,-63966.14727940655
1,16668,-63966.14727940655
49,4248,0.008812359309412205
49,799,0.008812359309412205
49,12744,0.008812359309412205
49,16332,0.008812359309412205
49,3243,0.008812359309412205
49,1356,0.007499160312751968
49,7691,0.007361416654279292
49,441,0.006842611135604238
49,2093,0.006842611135604238
49,10213,0.006842611135604238
