448,125,5.0
448,415,5.0
448,284,5.0
448,190,5.0
448,19,5.0
448,416,4.948683298050514
448,89,4.899989317135585
448,352,4.863288448893204
448,22,4.8175382277119985
448,79,4.814164936475641
444,125,1.0
444,824,1.0
444,77,1.0
444,19,1.0
444,415,1.0
444,416,1.0
444,400,1.0
444,190,0.9805806756909201
444,22,0.9725975251592748
444,94,0.9561196596541313
450,125,3.0
450,476,3.0
450,17,3.0
450,284,3.0
450,19,3.0
450,190,2.98058067569092
450,134,2.9615384615384617
450,416,2.8431104890504297
450,352,2.8222830014716624
450,59,2.759753784125494
445,77,1.0
445,19,1.0
445,416,1.0
445,125,1.0
445,476,1.0
445,415,1.0
445,17,1.0
445,284,1.0
445,400,1.0
445,190,0.9805806756909201
446,119,0.0
446,20,0.0
446,399,0.0
446,476,0.0
446,264,0.0
446,200,0.0
446,189,0.0
446,362,0.0
446,17,0.0
446,16,0.0
447,125,4.0
447,19,4.0
447,190,3.96116135138184
447,416,3.8431104890504297
447,352,3.7709324330676934
447,59,3.7658754356412496
447,134,3.7647702334289557
447,22,3.652645847694721
447,189,3.604228672212654
447,78,3.5921222278045795
449,415,1.0
449,89,1.0
449,125,1.0
449,284,1.0
449,190,1.0
449,17,1.0
449,476,1.0
449,19,1.0
449,352,0.9707253433941511
449,78,0.970142500145332
515,125,5.0
515,19,5.0
515,17,5.0
515,415,5.0
515,476,5.0
515,190,5.0
515,77,5.0
515,89,4.951306019085071
515,416,4.948683298050514
515,59,4.915211055354307
525,190,2.0
525,19,2.0
525,125,2.0
525,284,2.0
525,17,2.0
525,476,2.0
525,416,2.0
525,77,2.0
525,134,1.9072647087265548
525,89,1.8674247289086598
517,190,5.0
517,416,5.0
517,415,5.0
517,125,5.0
517,284,5.0
517,19,5.0
517,89,4.913133883841342
517,59,4.883936466392598
517,134,4.724768822803394
517,352,4.683246568275354
620,125,5.0
620,415,5.0
620,190,5.0
620,17,5.0
620,284,5.0
620,476,5.0
620,416,5.0
620,19,5.0
620,134,4.961538461538462
620,59,4.900668599427671
494,415,5.0
494,17,5.0
494,476,5.0
494,125,5.0
494,19,5.0
494,190,4.98058067569092
494,416,4.948683298050514
494,59,4.944485711960155
494,134,4.925162573197893
494,89,4.865529000193948
656,125,5.0
656,476,5.0
656,17,5.0
656,284,5.0
656,19,5.0
656,190,4.96116135138184
656,416,4.84311048905043
656,134,4.793465202855413
656,89,4.739655932217133
656,352,4.656178373576165
466,134,2.0
466,125,2.0
466,19,2.0
466,190,1.9805806756909201
466,59,1.9799578870122228
466,89,1.9545952534940585
466,416,1.9486832980505138
466,352,1.9081655217342532
466,78,1.9061286063624647
466,22,1.8761423749153967
524,415,2.0
524,476,2.0
524,284,2.0
524,17,2.0
524,125,2.0
524,19,2.0
524,190,1.9805806756909201
524,134,1.9230769230769231
524,416,1.8944271909999157
524,89,1.8431104890504297
621,125,5.0
621,19,5.0
621,416,5.0
621,284,5.0
621,17,5.0
621,476,5.0
621,77,5.0
621,190,4.98058067569092
621,59,4.9408768750308365
621,134,4.925162573197893
571,125,1.0
571,824,1.0
571,77,1.0
571,19,1.0
571,415,1.0
571,416,1.0
571,400,1.0
571,190,0.9805806756909201
571,22,0.9725975251592748
571,94,0.9561196596541313
545,125,5.0
545,415,5.0
545,416,5.0
545,476,5.0
545,17,5.0
545,190,5.0
545,284,5.0
545,19,5.0
545,134,4.923076923076923
545,59,4.8618944210489605
619,125,5.0
619,284,5.0
619,19,5.0
619,190,4.96116135138184
619,416,4.948683298050514
619,134,4.817504114076839
619,89,4.739655932217133
619,352,4.702121538356012
619,59,4.609900574382656
619,189,4.548769329229653
641,415,4.0
641,125,4.0
641,19,4.0
641,190,3.96116135138184
641,416,3.8944271909999157
641,89,3.8550840735139853
641,79,3.7085532459216153
641,94,3.646390991796358
641,59,3.612836672748186
641,352,3.5732468391084082
487,125,1.0
487,824,1.0
487,77,1.0
487,19,1.0
487,415,1.0
487,416,1.0
487,400,1.0
487,190,0.9805806756909201
487,22,0.9725975251592748
487,94,0.9561196596541313
611,125,1.0
611,824,1.0
611,77,1.0
611,19,1.0
611,415,1.0
611,416,1.0
611,400,1.0
611,190,0.9805806756909201
611,22,0.9725975251592748
611,94,0.9561196596541313
492,125,5.0
492,19,5.0
492,190,4.94174202707276
492,416,4.84311048905043
492,89,4.732072794434956
492,94,4.622316231041656
492,134,4.621278958693278
492,352,4.57352047931009
492,79,4.513059900362431
492,22,4.453974986053492
570,125,5.0
570,19,5.0
570,190,4.96116135138184
570,416,4.84311048905043
570,89,4.763970172075362
570,94,4.611941316108964
570,79,4.58547794256813
570,59,4.580294559760409
570,134,4.567005205881371
570,352,4.556407523474781
519,125,1.0
519,824,1.0
519,77,1.0
519,19,1.0
519,415,1.0
519,416,1.0
519,400,1.0
519,190,0.9805806756909201
519,22,0.9725975251592748
519,94,0.9561196596541313
481,125,1.0
481,824,1.0
481,77,1.0
481,19,1.0
481,415,1.0
481,416,1.0
481,400,1.0
481,190,0.9805806756909201
481,22,0.9725975251592748
481,94,0.9561196596541313
625,125,1.0
625,824,1.0
625,415,1.0
625,284,1.0
625,190,1.0
625,89,1.0
625,17,1.0
625,476,1.0
625,19,1.0
625,59,0.9847319278346618
514,119,0.0
514,20,0.0
514,399,0.0
514,476,0.0
514,264,0.0
514,200,0.0
514,189,0.0
514,362,0.0
514,17,0.0
514,16,0.0
593,125,1.0
593,824,1.0
593,77,1.0
593,19,1.0
593,415,1.0
593,416,1.0
593,400,1.0
593,190,0.9805806756909201
593,22,0.9725975251592748
593,94,0.9561196596541313
454,824,2.0
454,415,2.0
454,125,2.0
454,19,2.0
454,190,1.9805806756909201
454,416,1.8944271909999157
454,352,1.8921396511002402
454,399,1.8625590096858398
454,22,1.8525527893450888
454,59,1.846717343976282
486,125,1.0
486,824,1.0
486,77,1.0
486,19,1.0
486,415,1.0
486,416,1.0
486,400,1.0
486,190,0.9805806756909201
486,22,0.9725975251592748
486,94,0.9561196596541313
561,125,1.0
561,415,1.0
561,190,1.0
561,824,1.0
561,284,1.0
561,476,1.0
561,17,1.0
561,19,1.0
561,59,0.9797958971132713
561,134,0.9615384615384616
489,415,2.0
489,416,2.0
489,134,1.9615384615384617
489,89,1.8973665961010275
489,362,1.8238278479040186
489,189,1.819920430595014
489,78,1.8149754027344462
489,94,1.8130616663168242
489,352,1.7941351331698399
489,287,1.7873821210381209
477,125,2.0
477,415,2.0
477,824,2.0
477,19,2.0
477,190,1.9805806756909201
477,89,1.9258200997725514
477,22,1.8945519708885636
477,416,1.8944271909999157
477,94,1.8657069954645902
477,59,1.8516533746976727
613,125,1.0
613,415,1.0
613,190,1.0
613,824,1.0
613,284,1.0
613,476,1.0
613,17,1.0
613,19,1.0
613,59,0.9797958971132713
613,134,0.9615384615384616
451,19,5.0
451,125,5.0
451,416,5.0
451,415,5.0
451,190,5.0
451,476,5.0
451,17,5.0
451,284,5.0
451,77,5.0
451,89,4.913133883841342
640,415,2.0
640,416,2.0
640,89,1.8745033978230652
640,94,1.8736518703387255
640,134,1.8703882797784892
640,352,1.8471524671647903
640,399,1.83202504630838
640,59,1.8156047449135246
640,22,1.8152623657770885
640,189,1.8151398205674218
523,190,5.0
523,415,5.0
523,125,5.0
523,17,5.0
523,476,5.0
523,284,5.0
523,19,5.0
523,89,4.954595253494058
523,59,4.920672772144108
523,134,4.886701034736355
655,125,4.0
655,19,4.0
655,190,3.96116135138184
655,416,3.8431104890504297
655,134,3.831926741316951
655,352,3.765739354521389
655,89,3.677816687384358
655,59,3.6266752309885044
655,287,3.5909684170492566
655,189,3.589134467418398
608,125,3.0
608,476,3.0
608,17,3.0
608,284,3.0
608,19,3.0
608,190,2.98058067569092
608,59,2.9084370821760075
608,134,2.8688031702650165
608,89,2.8457332100849873
608,416,2.8431104890504297
471,824,2.0
471,415,2.0
471,125,2.0
471,19,2.0
471,190,1.9805806756909201
471,416,1.8944271909999157
471,352,1.8921396511002402
471,399,1.8625590096858398
471,22,1.8525527893450888
471,59,1.846717343976282
658,125,4.0
658,19,4.0
658,416,3.948683298050514
658,190,3.9417420270727606
658,89,3.8258094169081365
658,134,3.7391914500435055
658,79,3.6909900084827636
658,94,3.66102126883734
658,352,3.6511012427725085
658,189,3.6081442412672105
633,125,1.0
633,824,1.0
633,77,1.0
633,19,1.0
633,415,1.0
633,416,1.0
633,400,1.0
633,190,0.9805806756909201
633,22,0.9725975251592748
633,94,0.9561196596541313
579,125,5.0
579,19,5.0
579,352,4.726458477603555
579,189,4.660516426858553
579,79,4.618980914258728
579,287,4.582360509307508
579,264,4.528129952926739
579,362,4.4688069512964335
579,310,4.38970972037623
579,200,4.367462649320303
661,125,1.0
661,19,1.0
661,284,1.0
661,134,1.0
661,190,1.0
661,416,1.0
661,17,1.0
661,476,1.0
661,77,1.0
661,94,0.9368621670933953
520,119,0.0
520,20,0.0
520,399,0.0
520,476,0.0
520,264,0.0
520,200,0.0
520,189,0.0
520,362,0.0
520,17,0.0
520,16,0.0
589,125,2.0
589,19,2.0
589,476,2.0
589,17,2.0
589,284,2.0
589,416,2.0
589,77,2.0
589,190,1.9805806756909201
589,134,1.9615384615384617
589,89,1.8355273512682533
606,125,1.0
606,824,1.0
606,77,1.0
606,19,1.0
606,415,1.0
606,416,1.0
606,400,1.0
606,190,0.9805806756909201
606,22,0.9725975251592748
606,94,0.9561196596541313
541,77,1.0
541,19,1.0
541,416,1.0
541,125,1.0
541,476,1.0
541,415,1.0
541,17,1.0
541,284,1.0
541,400,1.0
541,190,0.9805806756909201
654,125,1.0
654,19,1.0
654,284,1.0
654,134,1.0
654,190,1.0
654,416,1.0
654,17,1.0
654,476,1.0
654,77,1.0
654,94,0.9368621670933953
536,119,0.0
536,20,0.0
536,399,0.0
536,476,0.0
536,264,0.0
536,200,0.0
536,189,0.0
536,362,0.0
536,17,0.0
536,16,0.0
484,415,2.0
484,476,2.0
484,284,2.0
484,17,2.0
484,125,2.0
484,19,2.0
484,190,1.9805806756909201
484,134,1.9230769230769231
484,416,1.8944271909999157
484,89,1.8431104890504297
567,125,5.0
567,19,5.0
567,190,4.96116135138184
567,416,4.84311048905043
567,59,4.775358529039019
567,89,4.755423219957446
567,134,4.7391914500435055
567,352,4.673631236053961
567,78,4.5246286104402325
567,189,4.5148368615470575
592,134,2.0
592,125,2.0
592,19,2.0
592,190,1.9805806756909201
592,59,1.9799578870122228
592,89,1.9545952534940585
592,416,1.9486832980505138
592,352,1.9081655217342532
592,78,1.9061286063624647
592,22,1.8761423749153967
612,59,2.0
612,77,2.0
612,352,1.9381633935294806
612,362,1.9323929487947082
612,79,1.9255166714060543
612,399,1.8567543098718073
612,189,1.8394738416233711
612,287,1.8155604581279854
612,20,1.7846009157253495
612,94,1.7779817743196884
526,125,4.0
526,19,4.0
526,190,3.96116135138184
526,416,3.8431104890504297
526,134,3.831926741316951
526,352,3.765739354521389
526,89,3.677816687384358
526,59,3.6266752309885044
526,287,3.5909684170492566
526,189,3.589134467418398
636,19,2.0
636,415,2.0
636,125,2.0
636,476,2.0
636,17,2.0
636,284,2.0
636,416,2.0
636,77,2.0
636,190,1.9805806756909201
636,89,1.9292639737414339
610,824,1.0
610,284,1.0
610,59,1.0
610,77,1.0
610,79,0.9827076298239908
610,352,0.9819805060619657
610,362,0.970142500145332
610,22,0.9428090415820635
610,20,0.9254762227411248
610,399,0.9234209765384739
483,824,3.0
483,125,3.0
483,19,3.0
483,190,2.9611613513818402
483,89,2.8965454431667026
483,416,2.8431104890504297
483,59,2.831611261709895
483,22,2.8278853042218968
483,94,2.7899246083160305
483,352,2.753361564282704
458,125,1.0
458,190,1.0
458,416,1.0
458,19,1.0
458,415,1.0
458,476,1.0
458,17,1.0
458,77,1.0
458,59,0.9761870601839528
458,134,0.9636241116594315
496,125,1.0
496,190,1.0
496,416,1.0
496,19,1.0
496,415,1.0
496,476,1.0
496,17,1.0
496,77,1.0
496,59,0.9761870601839528
496,134,0.9636241116594315
643,134,3.0
643,416,3.0
643,89,2.7977777999176294
643,352,2.7895988975551886
643,59,2.748683298050514
643,94,2.7343496419638034
643,362,2.727150536954225
643,287,2.698204227875231
643,399,2.6860379934137057
643,78,2.6837775398717048
527,119,0.0
527,20,0.0
527,399,0.0
527,476,0.0
527,264,0.0
527,200,0.0
527,189,0.0
527,362,0.0
527,17,0.0
527,16,0.0
459,125,1.0
459,415,1.0
459,190,1.0
459,824,1.0
459,284,1.0
459,476,1.0
459,17,1.0
459,19,1.0
459,59,0.9797958971132713
459,134,0.9615384615384616
617,125,1.0
617,824,1.0
617,77,1.0
617,19,1.0
617,415,1.0
617,416,1.0
617,400,1.0
617,190,0.9805806756909201
617,22,0.9725975251592748
617,94,0.9561196596541313
642,19,1.0
642,415,1.0
642,190,1.0
642,125,1.0
642,284,1.0
642,416,1.0
642,17,1.0
642,476,1.0
642,77,1.0
642,89,0.9805806756909202
478,125,3.0
478,415,3.0
478,19,3.0
478,190,2.98058067569092
478,89,2.9064007754634718
478,416,2.8944271909999157
478,79,2.801847458681132
478,59,2.800336672748186
478,94,2.7508615361641287
478,352,2.6828078200536325
493,125,1.0
493,415,1.0
493,190,1.0
493,824,1.0
493,284,1.0
493,476,1.0
493,17,1.0
493,19,1.0
493,59,0.9797958971132713
493,134,0.9615384615384616
554,19,1.0
554,125,1.0
554,824,1.0
554,476,1.0
554,134,1.0
554,17,1.0
554,284,1.0
554,400,1.0
554,190,0.9805806756909201
554,59,0.9799578870122228
602,125,1.0
602,415,1.0
602,190,1.0
602,824,1.0
602,284,1.0
602,476,1.0
602,17,1.0
602,19,1.0
602,59,0.9797958971132713
602,134,0.9615384615384616
584,119,0.0
584,20,0.0
584,399,0.0
584,476,0.0
584,264,0.0
584,200,0.0
584,189,0.0
584,362,0.0
584,17,0.0
584,16,0.0
618,415,5.0
618,284,5.0
618,125,5.0
618,19,5.0
618,416,4.948683298050514
618,190,4.94174202707276
618,89,4.825809416908136
618,59,4.7224708627874135
618,134,4.6871001321392445
618,352,4.639977463160216
577,19,1.0
577,125,1.0
577,824,1.0
577,476,1.0
577,134,1.0
577,17,1.0
577,284,1.0
577,400,1.0
577,190,0.9805806756909201
577,59,0.9799578870122228
464,19,1.0
464,125,1.0
464,824,1.0
464,476,1.0
464,134,1.0
464,17,1.0
464,284,1.0
464,400,1.0
464,190,0.9805806756909201
464,59,0.9799578870122228
474,19,2.0
474,824,2.0
474,125,2.0
474,400,2.0
474,190,1.9611613513818402
474,416,1.9486832980505138
474,22,1.9059308584926082
474,89,1.8965454431667026
474,352,1.8873361604982655
474,94,1.8803372725055714
663,416,1.0
663,59,1.0
663,415,1.0
663,134,1.0
663,77,1.0
663,119,0.9725975251592748
663,362,0.9622504486493763
663,89,0.9622504486493763
663,352,0.9561828874675149
663,79,0.9428090415820635
628,119,0.0
628,20,0.0
628,399,0.0
628,476,0.0
628,264,0.0
628,200,0.0
628,189,0.0
628,362,0.0
628,17,0.0
628,16,0.0
562,19,1.0
562,125,1.0
562,824,1.0
562,476,1.0
562,134,1.0
562,17,1.0
562,284,1.0
562,400,1.0
562,190,0.9805806756909201
562,59,0.9799578870122228
558,119,0.0
558,20,0.0
558,399,0.0
558,476,0.0
558,264,0.0
558,200,0.0
558,189,0.0
558,362,0.0
558,17,0.0
558,16,0.0
635,125,1.0
635,824,1.0
635,77,1.0
635,19,1.0
635,415,1.0
635,416,1.0
635,400,1.0
635,190,0.9805806756909201
635,22,0.9725975251592748
635,94,0.9561196596541313
607,125,1.0
607,824,1.0
607,77,1.0
607,19,1.0
607,415,1.0
607,416,1.0
607,400,1.0
607,190,0.9805806756909201
607,22,0.9725975251592748
607,94,0.9561196596541313
639,125,1.0
639,824,1.0
639,77,1.0
639,19,1.0
639,415,1.0
639,416,1.0
639,400,1.0
639,190,0.9805806756909201
639,22,0.9725975251592748
639,94,0.9561196596541313
566,125,1.0
566,415,1.0
566,190,1.0
566,824,1.0
566,284,1.0
566,476,1.0
566,17,1.0
566,19,1.0
566,59,0.9797958971132713
566,134,0.9615384615384616
634,77,1.0
634,19,1.0
634,416,1.0
634,125,1.0
634,476,1.0
634,415,1.0
634,17,1.0
634,284,1.0
634,400,1.0
634,190,0.9805806756909201
557,125,1.0
557,190,1.0
557,416,1.0
557,134,1.0
557,59,1.0
557,19,1.0
557,89,0.9838699100999074
557,78,0.9827076298239908
557,200,0.9791238294461818
557,352,0.9642857142857143
452,19,1.0
452,415,1.0
452,190,1.0
452,125,1.0
452,284,1.0
452,416,1.0
452,17,1.0
452,476,1.0
452,77,1.0
452,89,0.9805806756909202
651,416,5.0
651,415,5.0
651,125,5.0
651,17,5.0
651,190,5.0
651,476,5.0
651,284,5.0
651,19,5.0
651,89,4.877947271791948
651,134,4.853834765067958
551,824,3.0
551,125,3.0
551,19,3.0
551,190,2.9611613513818402
551,89,2.8965454431667026
551,416,2.8431104890504297
551,59,2.831611261709895
551,22,2.8278853042218968
551,94,2.7899246083160305
551,352,2.753361564282704
652,125,4.0
652,284,4.0
652,19,4.0
652,190,3.98058067569092
652,416,3.8944271909999157
652,134,3.817504114076839
652,89,3.7299545422681692
652,352,3.7052243969125227
652,79,3.5959767802808784
652,78,3.5883183102039435
522,125,1.0
522,824,1.0
522,415,1.0
522,284,1.0
522,190,1.0
522,89,1.0
522,17,1.0
522,476,1.0
522,19,1.0
522,59,0.9847319278346618
482,77,1.0
482,19,1.0
482,416,1.0
482,125,1.0
482,476,1.0
482,415,1.0
482,17,1.0
482,284,1.0
482,400,1.0
482,190,0.9805806756909201
479,119,0.0
479,20,0.0
479,399,0.0
479,476,0.0
479,264,0.0
479,200,0.0
479,189,0.0
479,362,0.0
479,17,0.0
479,16,0.0
547,119,0.0
547,20,0.0
547,399,0.0
547,476,0.0
547,264,0.0
547,200,0.0
547,189,0.0
547,362,0.0
547,17,0.0
547,16,0.0
540,125,1.0
540,824,1.0
540,415,1.0
540,284,1.0
540,190,1.0
540,89,1.0
540,17,1.0
540,476,1.0
540,19,1.0
540,59,0.9847319278346618
549,77,1.0
549,19,1.0
549,416,1.0
549,125,1.0
549,476,1.0
549,415,1.0
549,17,1.0
549,284,1.0
549,400,1.0
549,190,0.9805806756909201
604,125,4.0
604,19,4.0
604,190,3.9417420270727606
604,416,3.8431104890504297
604,134,3.7934652028554128
604,89,3.739655932217132
604,352,3.726458477603555
604,189,3.660516426858553
604,22,3.645010815662647
604,59,3.6391752309885046
555,19,1.0
555,125,1.0
555,824,1.0
555,476,1.0
555,134,1.0
555,17,1.0
555,284,1.0
555,400,1.0
555,190,0.9805806756909201
555,59,0.9799578870122228
513,125,1.0
513,824,1.0
513,77,1.0
513,19,1.0
513,415,1.0
513,416,1.0
513,400,1.0
513,190,0.9805806756909201
513,22,0.9725975251592748
513,94,0.9561196596541313
553,415,3.0
553,125,3.0
553,824,3.0
553,19,3.0
553,190,2.98058067569092
553,59,2.8314492718109436
553,89,2.820247290772467
553,416,2.7888543819998315
553,22,2.7745072350743776
553,399,2.759874935231991
500,125,2.0
500,416,2.0
500,19,2.0
500,190,1.9805806756909201
500,22,1.9154065667413382
500,89,1.9096900098724587
500,352,1.9077420673354408
500,134,1.8703882797784892
500,59,1.8669214468630106
500,94,1.8632343948762766
649,119,0.0
649,20,0.0
649,399,0.0
649,476,0.0
649,264,0.0
649,200,0.0
649,189,0.0
649,362,0.0
649,17,0.0
649,16,0.0
521,119,0.0
521,20,0.0
521,399,0.0
521,476,0.0
521,264,0.0
521,200,0.0
521,189,0.0
521,362,0.0
521,17,0.0
521,16,0.0
556,119,0.0
556,20,0.0
556,399,0.0
556,476,0.0
556,264,0.0
556,200,0.0
556,189,0.0
556,362,0.0
556,17,0.0
556,16,0.0
460,19,1.0
460,125,1.0
460,824,1.0
460,476,1.0
460,134,1.0
460,17,1.0
460,284,1.0
460,400,1.0
460,190,0.9805806756909201
460,59,0.9799578870122228
506,125,1.0
506,824,1.0
506,415,1.0
506,284,1.0
506,190,1.0
506,89,1.0
506,17,1.0
506,476,1.0
506,19,1.0
506,59,0.9847319278346618
650,119,0.0
650,20,0.0
650,399,0.0
650,476,0.0
650,264,0.0
650,200,0.0
650,189,0.0
650,362,0.0
650,17,0.0
650,16,0.0
603,125,1.0
603,19,1.0
603,284,1.0
603,134,1.0
603,190,1.0
603,416,1.0
603,17,1.0
603,476,1.0
603,77,1.0
603,94,0.9368621670933953
534,119,0.0
534,20,0.0
534,399,0.0
534,476,0.0
534,264,0.0
534,200,0.0
534,189,0.0
534,362,0.0
534,17,0.0
534,16,0.0
491,352,1.0
491,255,1.0
491,22,1.0
491,79,1.0
491,399,1.0
491,264,1.0
491,476,1.0
491,17,1.0
491,415,1.0
491,59,0.9805806756909202
622,476,5.0
622,125,5.0
622,19,5.0
622,190,5.0
622,416,5.0
622,284,5.0
622,17,5.0
622,77,5.0
622,89,4.942831124340296
622,59,4.921295560822806
498,125,1.0
498,190,1.0
498,416,1.0
498,134,1.0
498,59,1.0
498,19,1.0
498,89,0.9838699100999074
498,78,0.9827076298239908
498,200,0.9791238294461818
498,352,0.9642857142857143
591,125,4.0
591,17,4.0
591,284,4.0
591,476,4.0
591,19,4.0
591,190,3.96116135138184
591,134,3.9230769230769234
591,416,3.8431104890504297
591,352,3.712722020526438
591,89,3.70067988566232
575,125,3.0
575,19,3.0
575,190,2.98058067569092
575,416,2.8944271909999157
575,134,2.831926741316951
575,352,2.82185954707285
575,399,2.7215800202922313
575,89,2.7070913439902067
575,287,2.692859899106423
575,189,2.6918185418722462
576,125,1.0
576,824,1.0
576,77,1.0
576,19,1.0
576,415,1.0
576,416,1.0
576,400,1.0
576,190,0.9805806756909201
576,22,0.9725975251592748
576,94,0.9561196596541313
453,125,1.0
453,190,1.0
453,416,1.0
453,19,1.0
453,415,1.0
453,476,1.0
453,17,1.0
453,77,1.0
453,59,0.9761870601839528
453,134,0.9636241116594315
565,125,1.0
565,19,1.0
565,284,1.0
565,134,1.0
565,190,1.0
565,416,1.0
565,17,1.0
565,476,1.0
565,77,1.0
565,94,0.9368621670933953
563,119,0.0
563,20,0.0
563,399,0.0
563,476,0.0
563,264,0.0
563,200,0.0
563,189,0.0
563,362,0.0
563,17,0.0
563,16,0.0
644,415,2.0
644,476,2.0
644,284,2.0
644,17,2.0
644,125,2.0
644,19,2.0
644,190,1.9805806756909201
644,134,1.9230769230769231
644,416,1.8944271909999157
644,89,1.8431104890504297
501,59,2.9359787845807865
501,134,2.8854082324127734
501,352,2.8387891121087794
501,416,2.7888543819998315
501,200,2.7865643219671528
501,399,2.775765589228807
501,78,2.771604946332613
501,264,2.70071035316972
501,119,2.6960685089419
501,189,2.6842691920123176
572,416,1.0
572,19,1.0
572,190,1.0
572,134,1.0
572,59,1.0
572,89,1.0
572,125,1.0
572,77,1.0
572,78,0.9819805060619657
572,362,0.9707253433941511
508,119,0.0
508,20,0.0
508,399,0.0
508,476,0.0
508,264,0.0
508,200,0.0
508,189,0.0
508,362,0.0
508,17,0.0
508,16,0.0
657,125,1.0
657,415,1.0
657,190,1.0
657,824,1.0
657,284,1.0
657,476,1.0
657,17,1.0
657,19,1.0
657,59,0.9797958971132713
657,134,0.9615384615384616
499,77,1.0
499,19,1.0
499,416,1.0
499,125,1.0
499,476,1.0
499,415,1.0
499,17,1.0
499,284,1.0
499,400,1.0
499,190,0.9805806756909201
638,119,0.0
638,20,0.0
638,399,0.0
638,476,0.0
638,264,0.0
638,200,0.0
638,189,0.0
638,362,0.0
638,17,0.0
638,16,0.0
587,416,4.0
587,125,4.0
587,19,4.0
587,190,3.96116135138184
587,134,3.831926741316951
587,89,3.7452173611407122
587,352,3.727900982362826
587,94,3.695626017601902
587,189,3.63773026606071
587,399,3.5855227855914995
528,125,1.0
528,824,1.0
528,415,1.0
528,284,1.0
528,190,1.0
528,89,1.0
528,17,1.0
528,476,1.0
528,19,1.0
528,59,0.9847319278346618
627,77,1.0
627,19,1.0
627,416,1.0
627,125,1.0
627,476,1.0
627,415,1.0
627,17,1.0
627,284,1.0
627,400,1.0
627,190,0.9805806756909201
552,19,1.0
552,415,1.0
552,190,1.0
552,125,1.0
552,284,1.0
552,416,1.0
552,17,1.0
552,476,1.0
552,77,1.0
552,89,0.9805806756909202
502,19,1.0
502,415,1.0
502,190,1.0
502,125,1.0
502,284,1.0
502,416,1.0
502,17,1.0
502,476,1.0
502,77,1.0
502,89,0.9805806756909202
583,119,0.0
583,20,0.0
583,399,0.0
583,476,0.0
583,264,0.0
583,200,0.0
583,189,0.0
583,362,0.0
583,17,0.0
583,16,0.0
511,119,0.0
511,20,0.0
511,399,0.0
511,476,0.0
511,264,0.0
511,200,0.0
511,189,0.0
511,362,0.0
511,17,0.0
511,16,0.0
574,125,1.0
574,19,1.0
574,284,1.0
574,134,1.0
574,190,1.0
574,416,1.0
574,17,1.0
574,476,1.0
574,77,1.0
574,94,0.9368621670933953
462,119,0.0
462,20,0.0
462,399,0.0
462,476,0.0
462,264,0.0
462,200,0.0
462,189,0.0
462,362,0.0
462,17,0.0
462,16,0.0
605,125,1.0
605,415,1.0
605,190,1.0
605,824,1.0
605,284,1.0
605,476,1.0
605,17,1.0
605,19,1.0
605,59,0.9797958971132713
605,134,0.9615384615384616
473,119,0.0
473,20,0.0
473,399,0.0
473,476,0.0
473,264,0.0
473,200,0.0
473,189,0.0
473,362,0.0
473,17,0.0
473,16,0.0
488,125,2.0
488,416,2.0
488,19,2.0
488,190,1.9805806756909201
488,134,1.9615384615384617
488,89,1.9325532081504213
488,78,1.9081838525651156
488,189,1.8554990599989225
488,352,1.8547247333404902
488,200,1.8412309007450616
559,125,3.0
559,476,3.0
559,17,3.0
559,284,3.0
559,19,3.0
559,190,2.98058067569092
559,134,2.9230769230769234
559,416,2.8944271909999157
559,352,2.7688422130778996
559,89,2.7299545422681692
614,125,1.0
614,190,1.0
614,416,1.0
614,134,1.0
614,59,1.0
614,19,1.0
614,89,0.9838699100999074
614,78,0.9827076298239908
614,200,0.9791238294461818
614,352,0.9642857142857143
548,19,2.0
548,824,2.0
548,125,2.0
548,400,2.0
548,190,1.9611613513818402
548,416,1.9486832980505138
548,22,1.9059308584926082
548,89,1.8965454431667026
548,352,1.8873361604982655
548,94,1.8803372725055714
505,119,0.0
505,20,0.0
505,399,0.0
505,476,0.0
505,264,0.0
505,200,0.0
505,189,0.0
505,362,0.0
505,17,0.0
505,16,0.0
596,125,1.0
596,190,1.0
596,416,1.0
596,134,1.0
596,59,1.0
596,19,1.0
596,89,0.9838699100999074
596,78,0.9827076298239908
596,200,0.9791238294461818
596,352,0.9642857142857143
659,125,1.0
659,824,1.0
659,77,1.0
659,19,1.0
659,415,1.0
659,416,1.0
659,400,1.0
659,190,0.9805806756909201
659,22,0.9725975251592748
659,94,0.9561196596541313
647,125,1.0
647,190,1.0
647,416,1.0
647,19,1.0
647,415,1.0
647,476,1.0
647,17,1.0
647,77,1.0
647,59,0.9761870601839528
647,134,0.9636241116594315
497,824,2.0
497,190,2.0
497,125,2.0
497,415,2.0
497,284,2.0
497,17,2.0
497,476,2.0
497,19,2.0
497,59,1.964527824947933
497,89,1.8944271909999157
597,125,1.0
597,190,1.0
597,416,1.0
597,134,1.0
597,59,1.0
597,19,1.0
597,89,0.9838699100999074
597,78,0.9827076298239908
597,200,0.9791238294461818
597,352,0.9642857142857143
629,125,2.0
629,19,2.0
629,476,2.0
629,17,2.0
629,284,2.0
629,416,2.0
629,77,2.0
629,190,1.9805806756909201
629,134,1.9615384615384617
629,89,1.8355273512682533
631,125,1.0
631,19,1.0
631,284,1.0
631,134,1.0
631,190,1.0
631,416,1.0
631,17,1.0
631,476,1.0
631,77,1.0
631,94,0.9368621670933953
455,77,1.0
455,19,1.0
455,416,1.0
455,125,1.0
455,476,1.0
455,415,1.0
455,17,1.0
455,284,1.0
455,400,1.0
455,190,0.9805806756909201
623,125,4.0
623,284,4.0
623,17,4.0
623,476,4.0
623,19,4.0
623,190,3.96116135138184
623,134,3.892296303529496
623,416,3.8431104890504297
623,89,3.8062526946624047
623,352,3.7347640658700754
581,125,1.0
581,415,1.0
581,190,1.0
581,824,1.0
581,284,1.0
581,476,1.0
581,17,1.0
581,19,1.0
581,59,0.9797958971132713
581,134,0.9615384615384616
531,824,2.0
531,415,2.0
531,125,2.0
531,19,2.0
531,190,1.9805806756909201
531,416,1.8944271909999157
531,352,1.8921396511002402
531,399,1.8625590096858398
531,22,1.8525527893450888
531,59,1.846717343976282
533,77,1.0
533,19,1.0
533,416,1.0
533,125,1.0
533,476,1.0
533,415,1.0
533,17,1.0
533,284,1.0
533,400,1.0
533,190,0.9805806756909201
503,119,0.0
503,20,0.0
503,399,0.0
503,476,0.0
503,264,0.0
503,200,0.0
503,189,0.0
503,362,0.0
503,17,0.0
503,16,0.0
653,125,1.0
653,824,1.0
653,77,1.0
653,19,1.0
653,415,1.0
653,416,1.0
653,400,1.0
653,190,0.9805806756909201
653,22,0.9725975251592748
653,94,0.9561196596541313
456,19,1.0
456,415,1.0
456,190,1.0
456,125,1.0
456,284,1.0
456,416,1.0
456,17,1.0
456,476,1.0
456,77,1.0
456,89,0.9805806756909202
457,77,1.0
457,19,1.0
457,416,1.0
457,125,1.0
457,476,1.0
457,415,1.0
457,17,1.0
457,284,1.0
457,400,1.0
457,190,0.9805806756909201
468,125,1.0
468,190,1.0
468,416,1.0
468,134,1.0
468,59,1.0
468,19,1.0
468,89,0.9838699100999074
468,78,0.9827076298239908
468,200,0.9791238294461818
468,352,0.9642857142857143
648,19,1.0
648,125,1.0
648,824,1.0
648,476,1.0
648,134,1.0
648,17,1.0
648,284,1.0
648,400,1.0
648,190,0.9805806756909201
648,59,0.9799578870122228
490,19,1.0
490,415,1.0
490,190,1.0
490,125,1.0
490,284,1.0
490,416,1.0
490,17,1.0
490,476,1.0
490,77,1.0
490,89,0.9805806756909202
560,190,2.0
560,125,2.0
560,19,2.0
560,59,1.9797958971132714
560,134,1.9615384615384617
560,352,1.912969012336228
560,416,1.8944271909999157
560,78,1.8807341399578652
560,89,1.8782971010998233
560,200,1.86427837014572
537,125,1.0
537,415,1.0
537,190,1.0
537,824,1.0
537,284,1.0
537,476,1.0
537,17,1.0
537,19,1.0
537,59,0.9797958971132713
537,134,0.9615384615384616
470,125,1.0
470,415,1.0
470,190,1.0
470,824,1.0
470,284,1.0
470,476,1.0
470,17,1.0
470,19,1.0
470,59,0.9797958971132713
470,134,0.9615384615384616
616,125,1.0
616,415,1.0
616,190,1.0
616,824,1.0
616,284,1.0
616,476,1.0
616,17,1.0
616,19,1.0
616,59,0.9797958971132713
616,134,0.9615384615384616
532,125,2.0
532,416,2.0
532,19,2.0
532,190,1.9805806756909201
532,134,1.9615384615384617
532,89,1.9325532081504213
532,78,1.9081838525651156
532,189,1.8554990599989225
532,352,1.8547247333404902
532,200,1.8412309007450616
564,77,1.0
564,19,1.0
564,416,1.0
564,125,1.0
564,476,1.0
564,415,1.0
564,17,1.0
564,284,1.0
564,400,1.0
564,190,0.9805806756909201
480,77,1.0
480,19,1.0
480,416,1.0
480,125,1.0
480,476,1.0
480,415,1.0
480,17,1.0
480,284,1.0
480,400,1.0
480,190,0.9805806756909201
637,119,0.0
637,20,0.0
637,399,0.0
637,476,0.0
637,264,0.0
637,200,0.0
637,189,0.0
637,362,0.0
637,17,0.0
637,16,0.0
467,119,0.0
467,20,0.0
467,399,0.0
467,476,0.0
467,264,0.0
467,200,0.0
467,189,0.0
467,362,0.0
467,17,0.0
467,16,0.0
568,125,1.0
568,190,1.0
568,416,1.0
568,19,1.0
568,415,1.0
568,476,1.0
568,17,1.0
568,77,1.0
568,59,0.9761870601839528
568,134,0.9636241116594315
538,125,1.0
538,190,1.0
538,416,1.0
538,19,1.0
538,415,1.0
538,476,1.0
538,17,1.0
538,77,1.0
538,59,0.9761870601839528
538,134,0.9636241116594315
544,125,1.0
544,19,1.0
544,284,1.0
544,134,1.0
544,190,1.0
544,416,1.0
544,17,1.0
544,476,1.0
544,77,1.0
544,94,0.9368621670933953
667,19,5.0
667,415,5.0
667,190,5.0
667,125,5.0
667,134,5.0
667,17,5.0
667,476,5.0
667,284,5.0
667,77,5.0
667,89,4.98058067569092
671,190,2.0
671,125,2.0
671,19,2.0
671,59,1.9797958971132714
671,134,1.9615384615384617
671,352,1.912969012336228
671,416,1.8944271909999157
671,78,1.8807341399578652
671,89,1.8782971010998233
671,200,1.86427837014572
675,125,3.0
675,284,3.0
675,17,3.0
675,476,3.0
675,19,3.0
675,190,2.9611613513818402
675,134,2.9230769230769234
675,416,2.8431104890504297
675,89,2.8138358324445805
675,352,2.7830021245538283
664,19,5.0
664,125,5.0
664,284,5.0
664,415,5.0
664,416,5.0
664,476,5.0
664,17,5.0
664,190,5.0
664,134,5.0
664,77,5.0
674,125,4.0
674,19,4.0
674,190,3.96116135138184
674,416,3.948683298050514
674,89,3.8609960289575302
674,59,3.795562631925747
674,134,3.777652988505044
674,352,3.7249479380034467
674,94,3.6726065484272548
674,78,3.6266021003063575
670,19,1.0
670,125,1.0
670,824,1.0
670,476,1.0
670,134,1.0
670,17,1.0
670,284,1.0
670,400,1.0
670,190,0.9805806756909201
670,59,0.9799578870122228
673,125,3.0
673,19,3.0
673,416,3.0
673,415,3.0
673,77,3.0
673,190,2.9611613513818402
673,134,2.7955508529763824
673,352,2.7467663012797794
673,94,2.706932937573833
673,189,2.6900293744506185
668,125,1.0
668,824,1.0
668,77,1.0
668,19,1.0
668,415,1.0
668,416,1.0
668,400,1.0
668,190,0.9805806756909201
668,22,0.9725975251592748
668,94,0.9561196596541313
676,77,1.0
676,19,1.0
676,416,1.0
676,125,1.0
676,476,1.0
676,415,1.0
676,17,1.0
676,284,1.0
676,400,1.0
676,190,0.9805806756909201
669,416,1.0
669,59,1.0
669,415,1.0
669,134,1.0
669,77,1.0
669,119,0.9725975251592748
669,362,0.9622504486493763
669,89,0.9622504486493763
669,352,0.9561828874675149
669,79,0.9428090415820635
439,77,1.0
439,19,1.0
439,416,1.0
439,125,1.0
439,476,1.0
439,415,1.0
439,17,1.0
439,284,1.0
439,400,1.0
439,190,0.9805806756909201
426,125,1.0
426,824,1.0
426,77,1.0
426,19,1.0
426,415,1.0
426,416,1.0
426,400,1.0
426,190,0.9805806756909201
426,22,0.9725975251592748
426,94,0.9561196596541313
424,125,1.0
424,190,1.0
424,416,1.0
424,134,1.0
424,59,1.0
424,19,1.0
424,89,0.9838699100999074
424,78,0.9827076298239908
424,200,0.9791238294461818
424,352,0.9642857142857143
435,824,2.0
435,415,2.0
435,125,2.0
435,19,2.0
435,190,1.9805806756909201
435,416,1.8944271909999157
435,352,1.8921396511002402
435,399,1.8625590096858398
435,22,1.8525527893450888
435,59,1.846717343976282
433,125,1.0
433,190,1.0
433,416,1.0
433,134,1.0
433,59,1.0
433,19,1.0
433,89,0.9838699100999074
433,78,0.9827076298239908
433,200,0.9791238294461818
433,352,0.9642857142857143
432,416,1.0
432,59,1.0
432,415,1.0
432,134,1.0
432,77,1.0
432,119,0.9725975251592748
432,362,0.9622504486493763
432,89,0.9622504486493763
432,352,0.9561828874675149
432,79,0.9428090415820635
443,125,1.0
443,190,1.0
443,416,1.0
443,134,1.0
443,59,1.0
443,19,1.0
443,89,0.9838699100999074
443,78,0.9827076298239908
443,200,0.9791238294461818
443,352,0.9642857142857143
440,19,1.0
440,415,1.0
440,190,1.0
440,125,1.0
440,284,1.0
440,416,1.0
440,17,1.0
440,476,1.0
440,77,1.0
440,89,0.9805806756909202
415,125,3.0
415,415,3.0
415,19,3.0
415,190,2.9611613513818402
415,416,2.8944271909999157
415,89,2.874503397823065
415,94,2.76123645109682
415,22,2.7536766638727883
415,79,2.7294294164754334
415,399,2.7150787657359556
429,125,1.0
429,89,1.0
429,415,1.0
429,416,1.0
429,19,1.0
429,284,1.0
429,190,1.0
429,77,1.0
429,59,0.9707253433941511
429,352,0.9363821838346235
420,416,5.0
420,476,5.0
420,415,5.0
420,17,5.0
420,284,5.0
420,77,5.0
420,89,4.983869910099908
420,134,4.963624111659431
420,59,4.944485711960155
420,78,4.783727835310887
411,125,5.0
411,284,5.0
411,476,5.0
411,17,5.0
411,415,5.0
411,19,5.0
411,190,4.98058067569092
411,416,4.948683298050514
411,59,4.869356070194622
411,89,4.825809416908136
430,125,1.0
430,824,1.0
430,415,1.0
430,284,1.0
430,190,1.0
430,89,1.0
430,17,1.0
430,476,1.0
430,19,1.0
430,59,0.9847319278346618
422,416,4.948683298050514
422,134,4.942119137229382
422,352,4.77323894393839
422,89,4.694323243084332
422,94,4.692524792344468
422,189,4.657615464612045
422,79,4.654675220618646
422,78,4.643175559157982
422,362,4.562067749782098
422,287,4.542684995291476
436,125,1.0
436,190,1.0
436,416,1.0
436,134,1.0
436,59,1.0
436,19,1.0
436,89,0.9838699100999074
436,78,0.9827076298239908
436,200,0.9791238294461818
436,352,0.9642857142857143
417,125,2.0
417,190,2.0
417,19,2.0
417,416,2.0
417,134,2.0
417,77,2.0
417,89,1.8868440532177395
417,94,1.8855454651439092
417,79,1.8391772633774086
417,78,1.8334498243582857
438,824,2.0
438,415,2.0
438,125,2.0
438,19,2.0
438,190,1.9805806756909201
438,416,1.8944271909999157
438,352,1.8921396511002402
438,399,1.8625590096858398
438,22,1.8525527893450888
438,59,1.846717343976282
442,119,0.0
442,20,0.0
442,399,0.0
442,476,0.0
442,264,0.0
442,200,0.0
442,189,0.0
442,362,0.0
442,17,0.0
442,16,0.0
431,119,0.0
431,20,0.0
431,399,0.0
431,476,0.0
431,264,0.0
431,200,0.0
431,189,0.0
431,362,0.0
431,17,0.0
431,16,0.0
419,125,1.0
419,824,1.0
419,415,1.0
419,284,1.0
419,190,1.0
419,89,1.0
419,17,1.0
419,476,1.0
419,19,1.0
419,59,0.9847319278346618
441,125,3.0
441,17,3.0
441,476,3.0
441,284,3.0
441,19,3.0
441,190,2.98058067569092
441,416,2.8944271909999157
441,134,2.892296303529496
441,89,2.8355273512682535
441,352,2.7908842584215368
414,17,2.0
414,476,2.0
414,79,1.9263021722341551
414,22,1.9219544457292888
414,78,1.9175193958940824
414,94,1.8893832329237301
414,362,1.8888893015627155
414,399,1.877273812558374
414,352,1.8660254037844388
414,287,1.8589782457652513
410,77,1.0
410,19,1.0
410,416,1.0
410,125,1.0
410,476,1.0
410,415,1.0
410,17,1.0
410,284,1.0
410,400,1.0
410,190,0.9805806756909201
423,125,1.0
423,190,1.0
423,416,1.0
423,19,1.0
423,415,1.0
423,476,1.0
423,17,1.0
423,77,1.0
423,59,0.9761870601839528
423,134,0.9636241116594315
418,19,1.0
418,415,1.0
418,190,1.0
418,125,1.0
418,284,1.0
418,416,1.0
418,17,1.0
418,476,1.0
418,77,1.0
418,89,0.9805806756909202
412,119,0.0
412,20,0.0
412,399,0.0
412,476,0.0
412,264,0.0
412,200,0.0
412,189,0.0
412,362,0.0
412,17,0.0
412,16,0.0
428,125,1.0
428,19,1.0
428,284,1.0
428,134,1.0
428,190,1.0
428,416,1.0
428,17,1.0
428,476,1.0
428,77,1.0
428,94,0.9368621670933953
437,125,1.0
437,190,1.0
437,416,1.0
437,134,1.0
437,59,1.0
437,19,1.0
437,89,0.9838699100999074
437,78,0.9827076298239908
437,200,0.9791238294461818
437,352,0.9642857142857143
434,125,1.0
434,824,1.0
434,77,1.0
434,19,1.0
434,415,1.0
434,416,1.0
434,400,1.0
434,190,0.9805806756909201
434,22,0.9725975251592748
434,94,0.9561196596541313
413,125,1.0
413,19,1.0
413,284,1.0
413,134,1.0
413,190,1.0
413,416,1.0
413,17,1.0
413,476,1.0
413,77,1.0
413,94,0.9368621670933953
44,19,5.0
44,125,5.0
44,476,5.0
44,190,5.0
44,415,5.0
44,17,5.0
44,284,5.0
44,416,5.0
44,77,5.0
44,89,4.91093374669989
57,59,4.811407158823167
57,352,4.684025368395184
57,22,4.650649609989775
57,79,4.62128492907639
57,287,4.51404097152424
57,362,4.494535196851731
57,20,4.489640240499675
57,255,4.441962477308143
57,16,4.392253590878155
57,264,4.337386420483819
38,190,5.0
38,19,5.0
38,416,5.0
38,415,5.0
38,17,5.0
38,125,5.0
38,476,5.0
38,284,5.0
38,77,5.0
38,134,4.886701034736355
45,416,5.0
45,125,5.0
45,19,5.0
45,190,4.98058067569092
45,134,4.907264708726554
45,89,4.883859227235493
45,59,4.848049826507402
45,352,4.717723954591213
45,94,4.655954614530854
45,78,4.625315979211445
28,125,2.0
28,77,2.0
28,19,2.0
28,416,2.0
28,415,2.0
28,400,2.0
28,190,1.9611613513818402
28,89,1.8745033978230652
28,189,1.853613165501943
28,94,1.8516491152863614
61,19,5.0
61,415,5.0
61,125,5.0
61,476,5.0
61,190,5.0
61,416,5.0
61,284,5.0
61,17,5.0
61,77,5.0
61,134,4.944204787350352
36,476,3.0
36,17,3.0
36,415,3.0
36,352,2.8391223171052897
36,264,2.8368899461572474
36,79,2.8138205224626285
36,399,2.803639056206845
36,59,2.7728765728041918
36,22,2.7390799571700386
36,255,2.7231654738133355
54,77,1.0
54,19,1.0
54,416,1.0
54,125,1.0
54,476,1.0
54,415,1.0
54,17,1.0
54,284,1.0
54,400,1.0
54,190,0.9805806756909201
47,125,1.0
47,824,1.0
47,77,1.0
47,19,1.0
47,415,1.0
47,416,1.0
47,400,1.0
47,190,0.9805806756909201
47,22,0.9725975251592748
47,94,0.9561196596541313
29,352,1.0
29,255,1.0
29,22,1.0
29,79,1.0
29,399,1.0
29,264,1.0
29,476,1.0
29,17,1.0
29,415,1.0
29,59,0.9805806756909202
26,19,1.0
26,125,1.0
26,824,1.0
26,476,1.0
26,134,1.0
26,17,1.0
26,284,1.0
26,400,1.0
26,190,0.9805806756909201
26,59,0.9799578870122228
33,125,5.0
33,19,5.0
33,190,4.96116135138184
33,416,4.948683298050514
33,89,4.763970172075362
33,134,4.67208017950496
33,352,4.626764303524966
33,94,4.623576944545798
33,79,4.56644047906053
33,59,4.566287975319899
46,284,2.0
46,190,2.0
46,125,2.0
46,17,2.0
46,476,2.0
46,19,2.0
46,134,1.9615384615384617
46,416,1.8944271909999157
46,352,1.8784031940231236
46,287,1.7997495711760338
21,125,5.0
21,416,5.0
21,19,5.0
21,190,4.96116135138184
21,134,4.831926741316951
21,89,4.807056605973486
21,352,4.631597096477891
21,94,4.627216108464725
21,59,4.612836672748186
21,78,4.566671746748839
48,19,1.0
48,125,1.0
48,824,1.0
48,476,1.0
48,134,1.0
48,17,1.0
48,284,1.0
48,400,1.0
48,190,0.9805806756909201
48,59,0.9799578870122228
7,125,1.0
7,824,1.0
7,77,1.0
7,19,1.0
7,415,1.0
7,416,1.0
7,400,1.0
7,190,0.9805806756909201
7,22,0.9725975251592748
7,94,0.9561196596541313
53,19,1.0
53,415,1.0
53,190,1.0
53,125,1.0
53,284,1.0
53,416,1.0
53,17,1.0
53,476,1.0
53,77,1.0
53,89,0.9805806756909202
8,77,1.0
8,19,1.0
8,416,1.0
8,125,1.0
8,476,1.0
8,415,1.0
8,17,1.0
8,284,1.0
8,400,1.0
8,190,0.9805806756909201
25,415,2.0
25,476,2.0
25,284,2.0
25,17,2.0
25,125,2.0
25,19,2.0
25,190,1.9805806756909201
25,134,1.9230769230769231
25,416,1.8944271909999157
25,89,1.8431104890504297
35,125,5.0
35,415,5.0
35,19,5.0
35,17,5.0
35,416,5.0
35,476,5.0
35,284,5.0
35,77,5.0
35,190,4.98058067569092
35,134,4.961538461538462
19,119,0.0
19,20,0.0
19,399,0.0
19,476,0.0
19,264,0.0
19,200,0.0
19,189,0.0
19,362,0.0
19,17,0.0
19,16,0.0
69,190,2.0
69,19,2.0
69,125,2.0
69,284,2.0
69,17,2.0
69,476,2.0
69,416,2.0
69,77,2.0
69,134,1.9072647087265548
69,89,1.8674247289086598
20,125,2.0
20,415,2.0
20,824,2.0
20,19,2.0
20,190,1.9805806756909201
20,89,1.9258200997725514
20,22,1.8945519708885636
20,416,1.8944271909999157
20,94,1.8657069954645902
20,59,1.8516533746976727
23,19,1.0
23,125,1.0
23,824,1.0
23,476,1.0
23,134,1.0
23,17,1.0
23,284,1.0
23,400,1.0
23,190,0.9805806756909201
23,59,0.9799578870122228
56,19,1.0
56,125,1.0
56,824,1.0
56,476,1.0
56,134,1.0
56,17,1.0
56,284,1.0
56,400,1.0
56,190,0.9805806756909201
56,59,0.9799578870122228
14,77,1.0
14,19,1.0
14,416,1.0
14,125,1.0
14,476,1.0
14,415,1.0
14,17,1.0
14,284,1.0
14,400,1.0
14,190,0.9805806756909201
37,125,1.0
37,19,1.0
37,284,1.0
37,134,1.0
37,190,1.0
37,416,1.0
37,17,1.0
37,476,1.0
37,77,1.0
37,94,0.9368621670933953
34,416,1.0
34,59,1.0
34,415,1.0
34,134,1.0
34,77,1.0
34,119,0.9725975251592748
34,362,0.9622504486493763
34,89,0.9622504486493763
34,352,0.9561828874675149
34,79,0.9428090415820635
58,77,1.0
58,19,1.0
58,416,1.0
58,125,1.0
58,476,1.0
58,415,1.0
58,17,1.0
58,284,1.0
58,400,1.0
58,190,0.9805806756909201
4,125,1.0
4,19,1.0
4,284,1.0
4,134,1.0
4,190,1.0
4,416,1.0
4,17,1.0
4,476,1.0
4,77,1.0
4,94,0.9368621670933953
24,125,1.0
24,19,1.0
24,284,1.0
24,134,1.0
24,190,1.0
24,416,1.0
24,17,1.0
24,476,1.0
24,77,1.0
24,94,0.9368621670933953
70,125,1.0
70,190,1.0
70,416,1.0
70,19,1.0
70,415,1.0
70,476,1.0
70,17,1.0
70,77,1.0
70,59,0.9761870601839528
70,134,0.9636241116594315
40,119,0.0
40,20,0.0
40,399,0.0
40,476,0.0
40,264,0.0
40,200,0.0
40,189,0.0
40,362,0.0
40,17,0.0
40,16,0.0
6,125,1.0
6,19,1.0
6,284,1.0
6,134,1.0
6,190,1.0
6,416,1.0
6,17,1.0
6,476,1.0
6,77,1.0
6,94,0.9368621670933953
39,19,1.0
39,125,1.0
39,824,1.0
39,476,1.0
39,134,1.0
39,17,1.0
39,284,1.0
39,400,1.0
39,190,0.9805806756909201
39,59,0.9799578870122228
41,125,1.0
41,824,1.0
41,415,1.0
41,284,1.0
41,190,1.0
41,89,1.0
41,17,1.0
41,476,1.0
41,19,1.0
41,59,0.9847319278346618
66,125,5.0
66,476,5.0
66,17,5.0
66,284,5.0
66,19,5.0
66,190,4.96116135138184
66,416,4.948683298050514
66,134,4.830341631803478
66,89,4.720236607908053
66,352,4.656178373576165
17,416,4.0
17,59,3.8735536562849804
17,134,3.870888820385986
17,78,3.6829759346402633
17,352,3.654178820795522
17,94,3.5650853088937486
17,16,3.560509345237297
17,287,3.520420055775631
17,189,3.5106570742321934
17,264,3.5065180741481004
43,125,1.0
43,89,1.0
43,415,1.0
43,416,1.0
43,19,1.0
43,284,1.0
43,190,1.0
43,77,1.0
43,59,0.9707253433941511
43,352,0.9363821838346235
11,125,1.0
11,824,1.0
11,77,1.0
11,19,1.0
11,415,1.0
11,416,1.0
11,400,1.0
11,190,0.9805806756909201
11,22,0.9725975251592748
11,94,0.9561196596541313
10,17,5.0
10,476,5.0
10,125,5.0
10,19,5.0
10,190,4.98058067569092
10,416,4.948683298050514
10,134,4.851469496076907
10,352,4.7228528164310495
10,79,4.670019022059734
10,78,4.647536360394049
12,352,1.0
12,255,1.0
12,22,1.0
12,79,1.0
12,399,1.0
12,264,1.0
12,476,1.0
12,17,1.0
12,415,1.0
12,59,0.9805806756909202
16,19,1.0
16,415,1.0
16,190,1.0
16,125,1.0
16,284,1.0
16,416,1.0
16,17,1.0
16,476,1.0
16,77,1.0
16,89,0.9805806756909202
64,284,1.0
64,476,1.0
64,17,1.0
64,415,1.0
64,59,0.9561828874675149
64,399,0.9428090415820634
64,352,0.9258200997725514
64,134,0.9238697708743119
64,200,0.9222859518214328
64,416,0.8944271909999159
30,77,1.0
30,19,1.0
30,416,1.0
30,125,1.0
30,476,1.0
30,415,1.0
30,17,1.0
30,284,1.0
30,400,1.0
30,190,0.9805806756909201
32,125,1.0
32,19,1.0
32,284,1.0
32,134,1.0
32,190,1.0
32,416,1.0
32,17,1.0
32,476,1.0
32,77,1.0
32,94,0.9368621670933953
68,119,0.0
68,20,0.0
68,399,0.0
68,476,0.0
68,264,0.0
68,200,0.0
68,189,0.0
68,362,0.0
68,17,0.0
68,16,0.0
9,17,3.0
9,476,3.0
9,415,3.0
9,59,2.905451033925387
9,79,2.849512109224671
9,352,2.786196992394744
9,264,2.7716265250564063
9,16,2.732035290524043
9,255,2.7218156189614544
9,20,2.7198109791354996
27,77,1.0
27,19,1.0
27,416,1.0
27,125,1.0
27,476,1.0
27,415,1.0
27,17,1.0
27,284,1.0
27,400,1.0
27,190,0.9805806756909201
50,119,0.0
50,20,0.0
50,399,0.0
50,476,0.0
50,264,0.0
50,200,0.0
50,189,0.0
50,362,0.0
50,17,0.0
50,16,0.0
31,77,1.0
31,19,1.0
31,416,1.0
31,125,1.0
31,476,1.0
31,415,1.0
31,17,1.0
31,284,1.0
31,400,1.0
31,190,0.9805806756909201
2,125,1.0
2,824,1.0
2,415,1.0
2,284,1.0
2,190,1.0
2,89,1.0
2,17,1.0
2,476,1.0
2,19,1.0
2,59,0.9847319278346618
42,119,0.0
42,20,0.0
42,399,0.0
42,476,0.0
42,264,0.0
42,200,0.0
42,189,0.0
42,362,0.0
42,17,0.0
42,16,0.0
49,352,1.0
49,287,1.0
49,79,1.0
49,94,1.0
49,264,1.0
49,200,1.0
49,189,1.0
49,362,1.0
49,310,1.0
49,125,1.0
51,287,1.0
51,94,1.0
51,119,1.0
51,16,1.0
51,310,1.0
51,200,1.0
51,189,1.0
51,362,1.0
51,20,1.0
51,134,1.0
15,119,0.0
15,20,0.0
15,399,0.0
15,476,0.0
15,264,0.0
15,200,0.0
15,189,0.0
15,362,0.0
15,17,0.0
15,16,0.0
689,189,1.0
689,362,1.0
689,287,1.0
689,352,1.0
689,79,0.9838699100999074
689,200,0.9805806756909202
689,399,0.9707253433941511
689,22,0.9622504486493763
689,20,0.9486832980505138
689,255,0.9486832980505138
679,125,1.0
679,824,1.0
679,77,1.0
679,19,1.0
679,415,1.0
679,416,1.0
679,400,1.0
679,190,0.9805806756909201
679,22,0.9725975251592748
679,94,0.9561196596541313
740,125,2.0
740,190,2.0
740,19,2.0
740,59,1.9847319278346618
740,89,1.9838699100999073
740,78,1.9002270257180731
740,416,1.8944271909999157
740,22,1.864763487311352
740,200,1.8363389796652982
740,20,1.8359026750052507
680,134,2.0
680,416,2.0
680,94,1.8543943777779894
680,89,1.8355273512682533
680,352,1.8334160100876737
680,287,1.7959900287798698
680,310,1.778645409891498
680,16,1.775275058787758
680,362,1.7649000883048487
680,399,1.7527046600803722
688,284,1.0
688,476,1.0
688,17,1.0
688,415,1.0
688,59,0.9561828874675149
688,399,0.9428090415820634
688,352,0.9258200997725514
688,134,0.9238697708743119
688,200,0.9222859518214328
688,416,0.8944271909999159
730,125,4.0
730,416,4.0
730,19,4.0
730,77,4.0
730,190,3.96116135138184
730,89,3.741928126731725
730,134,3.7391914500435055
730,94,3.673665823079295
730,79,3.657142622779155
730,352,3.6369413312965793
686,190,2.0
686,125,2.0
686,416,2.0
686,19,2.0
686,89,1.9644505857908277
686,59,1.9486832980505138
686,134,1.9072647087265548
686,78,1.8990495636470262
686,352,1.8376117775051815
686,94,1.7922692759216836
727,19,1.0
727,125,1.0
727,824,1.0
727,476,1.0
727,134,1.0
727,17,1.0
727,284,1.0
727,400,1.0
727,190,0.9805806756909201
727,59,0.9799578870122228
751,19,5.0
751,125,5.0
751,190,5.0
751,415,5.0
751,824,5.0
751,476,5.0
751,284,5.0
751,17,5.0
751,416,5.0
751,77,5.0
692,476,3.0
692,17,3.0
692,352,2.874503397823065
692,134,2.8659889081036938
692,399,2.8469845414457264
692,78,2.7888973165086224
692,79,2.7731401390065837
692,200,2.756123790571485
692,255,2.7525339305382355
692,189,2.7426989476128245
713,125,1.0
713,824,1.0
713,77,1.0
713,19,1.0
713,415,1.0
713,416,1.0
713,400,1.0
713,190,0.9805806756909201
713,22,0.9725975251592748
713,94,0.9561196596541313
702,284,1.0
702,476,1.0
702,17,1.0
702,415,1.0
702,59,0.9561828874675149
702,399,0.9428090415820634
702,352,0.9258200997725514
702,134,0.9238697708743119
702,200,0.9222859518214328
702,416,0.8944271909999159
691,119,0.0
691,20,0.0
691,399,0.0
691,476,0.0
691,264,0.0
691,200,0.0
691,189,0.0
691,362,0.0
691,17,0.0
691,16,0.0
678,119,0.0
678,20,0.0
678,399,0.0
678,476,0.0
678,264,0.0
678,200,0.0
678,189,0.0
678,362,0.0
678,17,0.0
678,16,0.0
728,19,5.0
728,415,5.0
728,125,5.0
728,17,5.0
728,416,5.0
728,476,5.0
728,284,5.0
728,77,5.0
728,190,4.98058067569092
728,59,4.911440228526037
700,119,0.0
700,20,0.0
700,399,0.0
700,476,0.0
700,264,0.0
700,200,0.0
700,189,0.0
700,362,0.0
700,17,0.0
700,16,0.0
708,476,3.0
708,17,3.0
708,284,3.0
708,415,3.0
708,416,2.8944271909999157
708,134,2.7926729411393283
708,79,2.751855020471104
708,78,2.7326889629389077
708,59,2.7173661855180287
708,352,2.689585182046794
738,352,1.0
738,255,1.0
738,22,1.0
738,79,1.0
738,399,1.0
738,264,1.0
738,476,1.0
738,17,1.0
738,415,1.0
738,59,0.9805806756909202
725,125,1.0
725,824,1.0
725,77,1.0
725,19,1.0
725,415,1.0
725,416,1.0
725,400,1.0
725,190,0.9805806756909201
725,22,0.9725975251592748
725,94,0.9561196596541313
706,416,4.0
706,125,4.0
706,190,4.0
706,19,4.0
706,89,3.851294639008567
706,134,3.8016918997264706
706,59,3.719408641444665
706,352,3.703713857312415
706,78,3.66386514097597
706,94,3.6503544072623715
681,125,1.0
681,19,1.0
681,284,1.0
681,134,1.0
681,190,1.0
681,416,1.0
681,17,1.0
681,476,1.0
681,77,1.0
681,94,0.9368621670933953
723,119,0.0
723,20,0.0
723,399,0.0
723,476,0.0
723,264,0.0
723,200,0.0
723,189,0.0
723,362,0.0
723,17,0.0
723,16,0.0
742,125,4.0
742,19,4.0
742,190,3.96116135138184
742,416,3.8431104890504297
742,134,3.831926741316951
742,352,3.765739354521389
742,89,3.677816687384358
742,59,3.6266752309885044
742,287,3.5909684170492566
742,189,3.589134467418398
720,125,2.0
720,416,2.0
720,19,2.0
720,190,1.9805806756909201
720,22,1.9154065667413382
720,89,1.9096900098724587
720,352,1.9077420673354408
720,134,1.8703882797784892
720,59,1.8669214468630106
720,94,1.8632343948762766
753,119,0.0
753,20,0.0
753,399,0.0
753,476,0.0
753,264,0.0
753,200,0.0
753,189,0.0
753,362,0.0
753,17,0.0
753,16,0.0
715,416,5.0
715,134,4.961538461538462
715,59,4.897366596101028
715,89,4.875384332490718
715,78,4.74931533403218
715,362,4.601540431447467
715,399,4.559057168406561
715,94,4.554014240289021
715,189,4.534202452342896
715,287,4.533243212694661
743,416,5.0
743,125,5.0
743,17,5.0
743,415,5.0
743,476,5.0
743,284,5.0
743,19,5.0
743,190,4.98058067569092
743,134,4.925162573197893
743,89,4.868091939495179
731,125,1.0
731,190,1.0
731,416,1.0
731,134,1.0
731,59,1.0
731,19,1.0
731,89,0.9838699100999074
731,78,0.9827076298239908
731,200,0.9791238294461818
731,352,0.9642857142857143
714,17,3.0
714,476,3.0
714,284,3.0
714,134,2.8546276128653463
714,352,2.8262653391393124
714,416,2.7888543819998315
714,399,2.7367770421969126
714,78,2.7124826248164
714,59,2.698991929049578
714,255,2.6796517551364607
721,59,3.7961854206044445
721,352,3.781068130554908
721,94,3.709927397114276
721,22,3.6854601078281584
721,399,3.6780806500840386
721,20,3.590367551083972
721,264,3.5889805493085905
721,16,3.5557085187671564
721,287,3.5333347614798876
721,255,3.531030003924579
694,119,0.0
694,20,0.0
694,399,0.0
694,476,0.0
694,264,0.0
694,200,0.0
694,189,0.0
694,362,0.0
694,17,0.0
694,16,0.0
696,416,3.0
696,415,3.0
696,77,3.0
696,89,2.888070548421928
696,59,2.837646790257162
696,352,2.836021424351865
696,399,2.7697832481105666
696,134,2.764815470778405
696,94,2.7572978880872383
696,79,2.7464952073094135
695,77,1.0
695,19,1.0
695,416,1.0
695,125,1.0
695,476,1.0
695,415,1.0
695,17,1.0
695,284,1.0
695,400,1.0
695,190,0.9805806756909201
749,19,1.0
749,125,1.0
749,824,1.0
749,476,1.0
749,134,1.0
749,17,1.0
749,284,1.0
749,400,1.0
749,190,0.9805806756909201
749,59,0.9799578870122228
722,119,0.0
722,20,0.0
722,399,0.0
722,476,0.0
722,264,0.0
722,200,0.0
722,189,0.0
722,362,0.0
722,17,0.0
722,16,0.0
767,79,1.0
767,78,1.0
767,22,1.0
767,476,1.0
767,17,1.0
767,352,1.0
767,189,0.9847319278346618
767,134,0.9805806756909202
767,399,0.9799578870122228
767,94,0.9797958971132713
690,125,1.0
690,19,1.0
690,284,1.0
690,134,1.0
690,190,1.0
690,416,1.0
690,17,1.0
690,476,1.0
690,77,1.0
690,94,0.9368621670933953
685,125,1.0
685,89,1.0
685,415,1.0
685,416,1.0
685,19,1.0
685,284,1.0
685,190,1.0
685,77,1.0
685,59,0.9707253433941511
685,352,0.9363821838346235
693,19,1.0
693,415,1.0
693,190,1.0
693,125,1.0
693,284,1.0
693,416,1.0
693,17,1.0
693,476,1.0
693,77,1.0
693,89,0.9805806756909202
677,125,1.0
677,19,1.0
677,284,1.0
677,134,1.0
677,190,1.0
677,416,1.0
677,17,1.0
677,476,1.0
677,77,1.0
677,94,0.9368621670933953
755,119,0.0
755,20,0.0
755,399,0.0
755,476,0.0
755,264,0.0
755,200,0.0
755,189,0.0
755,362,0.0
755,17,0.0
755,16,0.0
717,125,1.0
717,190,1.0
717,416,1.0
717,134,1.0
717,59,1.0
717,19,1.0
717,89,0.9838699100999074
717,78,0.9827076298239908
717,200,0.9791238294461818
717,352,0.9642857142857143
733,19,1.0
733,415,1.0
733,190,1.0
733,125,1.0
733,284,1.0
733,416,1.0
733,17,1.0
733,476,1.0
733,77,1.0
733,89,0.9805806756909202
744,19,3.0
744,190,3.0
744,416,3.0
744,17,3.0
744,476,3.0
744,125,3.0
744,77,3.0
744,134,2.8708888203859866
744,59,2.7248703582344667
744,79,2.7244036583163656
719,134,2.0
719,190,2.0
719,416,2.0
719,125,2.0
719,19,2.0
719,352,1.8940056102583243
719,89,1.8707139633176468
719,200,1.860993833499979
719,94,1.8439769023155406
719,78,1.834176948120311
726,125,1.0
726,824,1.0
726,77,1.0
726,19,1.0
726,415,1.0
726,416,1.0
726,400,1.0
726,190,0.9805806756909201
726,22,0.9725975251592748
726,94,0.9561196596541313
750,79,1.0
750,78,1.0
750,22,1.0
750,476,1.0
750,17,1.0
750,352,1.0
750,189,0.9847319278346618
750,134,0.9805806756909202
750,399,0.9799578870122228
750,94,0.9797958971132713
684,125,1.0
684,89,1.0
684,415,1.0
684,416,1.0
684,19,1.0
684,284,1.0
684,190,1.0
684,77,1.0
684,59,0.9707253433941511
684,352,0.9363821838346235
756,125,1.0
756,19,1.0
756,284,1.0
756,134,1.0
756,190,1.0
756,416,1.0
756,17,1.0
756,476,1.0
756,77,1.0
756,94,0.9368621670933953
683,125,1.0
683,19,1.0
683,284,1.0
683,134,1.0
683,190,1.0
683,416,1.0
683,17,1.0
683,476,1.0
683,77,1.0
683,94,0.9368621670933953
741,125,1.0
741,824,1.0
741,415,1.0
741,284,1.0
741,190,1.0
741,89,1.0
741,17,1.0
741,476,1.0
741,19,1.0
741,59,0.9847319278346618
734,119,0.0
734,20,0.0
734,399,0.0
734,476,0.0
734,264,0.0
734,200,0.0
734,189,0.0
734,362,0.0
734,17,0.0
734,16,0.0
710,125,1.0
710,190,1.0
710,416,1.0
710,134,1.0
710,59,1.0
710,19,1.0
710,89,0.9838699100999074
710,78,0.9827076298239908
710,200,0.9791238294461818
710,352,0.9642857142857143
703,125,1.0
703,824,1.0
703,415,1.0
703,284,1.0
703,190,1.0
703,89,1.0
703,17,1.0
703,476,1.0
703,19,1.0
703,59,0.9847319278346618
709,125,1.0
709,190,1.0
709,416,1.0
709,134,1.0
709,59,1.0
709,19,1.0
709,89,0.9838699100999074
709,78,0.9827076298239908
709,200,0.9791238294461818
709,352,0.9642857142857143
712,77,1.0
712,19,1.0
712,416,1.0
712,125,1.0
712,476,1.0
712,415,1.0
712,17,1.0
712,284,1.0
712,400,1.0
712,190,0.9805806756909201
766,125,1.0
766,190,1.0
766,416,1.0
766,134,1.0
766,59,1.0
766,19,1.0
766,89,0.9838699100999074
766,78,0.9827076298239908
766,200,0.9791238294461818
766,352,0.9642857142857143
724,125,1.0
724,190,1.0
724,416,1.0
724,134,1.0
724,59,1.0
724,19,1.0
724,89,0.9838699100999074
724,78,0.9827076298239908
724,200,0.9791238294461818
724,352,0.9642857142857143
732,415,1.0
732,89,1.0
732,125,1.0
732,284,1.0
732,190,1.0
732,17,1.0
732,476,1.0
732,19,1.0
732,352,0.9707253433941511
732,78,0.970142500145332
704,125,1.0
704,824,1.0
704,77,1.0
704,19,1.0
704,415,1.0
704,416,1.0
704,400,1.0
704,190,0.9805806756909201
704,22,0.9725975251592748
704,94,0.9561196596541313
764,77,1.0
764,19,1.0
764,416,1.0
764,125,1.0
764,476,1.0
764,415,1.0
764,17,1.0
764,284,1.0
764,400,1.0
764,190,0.9805806756909201
763,19,2.0
763,415,2.0
763,284,2.0
763,125,2.0
763,416,2.0
763,190,2.0
763,77,2.0
763,89,1.9805806756909203
763,59,1.9194086414446647
763,79,1.8863885381727366
762,416,1.0
762,415,1.0
762,134,1.0
762,59,0.9486832980505138
762,89,0.9486832980505138
762,362,0.9333333333333333
762,94,0.9175322106845942
762,287,0.917463421851129
762,352,0.9036961141150639
762,399,0.8936836494739803
199,19,5.0
199,190,5.0
199,416,5.0
199,125,5.0
199,17,5.0
199,415,5.0
199,476,5.0
199,284,5.0
199,77,5.0
199,89,4.983869910099908
206,125,1.0
206,824,1.0
206,77,1.0
206,19,1.0
206,415,1.0
206,416,1.0
206,400,1.0
206,190,0.9805806756909201
206,22,0.9725975251592748
206,94,0.9561196596541313
103,125,2.0
103,476,2.0
103,17,2.0
103,19,2.0
103,190,1.9805806756909201
103,134,1.9636241116594315
103,59,1.9561449471961756
103,416,1.9486832980505138
103,352,1.8567507366238158
103,16,1.8286886094103614
286,125,3.0
286,416,3.0
286,190,3.0
286,19,3.0
286,134,2.907264708726555
286,89,2.851294639008567
286,352,2.7673316734777913
286,78,2.7505188819433464
286,59,2.748683298050514
286,94,2.7291314430150786
145,19,1.0
145,125,1.0
145,824,1.0
145,476,1.0
145,134,1.0
145,17,1.0
145,284,1.0
145,400,1.0
145,190,0.9805806756909201
145,59,0.9799578870122228
345,125,1.0
345,89,1.0
345,415,1.0
345,416,1.0
345,19,1.0
345,284,1.0
345,190,1.0
345,77,1.0
345,59,0.9707253433941511
345,352,0.9363821838346235
282,416,1.0
282,415,1.0
282,134,1.0
282,59,0.9486832980505138
282,89,0.9486832980505138
282,362,0.9333333333333333
282,94,0.9175322106845942
282,287,0.917463421851129
282,352,0.9036961141150639
282,399,0.8936836494739803
143,119,0.0
143,20,0.0
143,399,0.0
143,476,0.0
143,264,0.0
143,200,0.0
143,189,0.0
143,362,0.0
143,17,0.0
143,16,0.0
160,119,0.0
160,20,0.0
160,399,0.0
160,476,0.0
160,264,0.0
160,200,0.0
160,189,0.0
160,362,0.0
160,17,0.0
160,16,0.0
381,77,1.0
381,19,1.0
381,416,1.0
381,125,1.0
381,476,1.0
381,415,1.0
381,17,1.0
381,284,1.0
381,400,1.0
381,190,0.9805806756909201
335,125,5.0
335,415,5.0
335,284,5.0
335,416,5.0
335,19,5.0
335,190,5.0
335,77,5.0
335,59,4.955982957297224
335,134,4.925162573197893
335,89,4.913133883841342
398,19,1.0
398,125,1.0
398,824,1.0
398,476,1.0
398,134,1.0
398,17,1.0
398,284,1.0
398,400,1.0
398,190,0.9805806756909201
398,59,0.9799578870122228
375,19,2.0
375,284,2.0
375,125,2.0
375,190,2.0
375,416,2.0
375,77,2.0
375,134,1.8944271909999157
375,89,1.8868440532177395
375,352,1.8661020798072334
375,94,1.858085131340688
91,125,3.0
91,416,3.0
91,19,3.0
91,190,2.98058067569092
91,134,2.9615384615384617
91,89,2.819397261368161
91,352,2.7844446293131
91,78,2.7596531708614354
91,94,2.7395063579477705
91,200,2.7231009047988586
172,284,1.0
172,476,1.0
172,17,1.0
172,415,1.0
172,59,0.9561828874675149
172,399,0.9428090415820634
172,352,0.9258200997725514
172,134,0.9238697708743119
172,200,0.9222859518214328
172,416,0.8944271909999159
144,119,0.0
144,20,0.0
144,399,0.0
144,476,0.0
144,264,0.0
144,200,0.0
144,189,0.0
144,362,0.0
144,17,0.0
144,16,0.0
405,125,1.0
405,19,1.0
405,284,1.0
405,134,1.0
405,190,1.0
405,416,1.0
405,17,1.0
405,476,1.0
405,77,1.0
405,94,0.9368621670933953
133,125,1.0
133,19,1.0
133,284,1.0
133,134,1.0
133,190,1.0
133,416,1.0
133,17,1.0
133,476,1.0
133,77,1.0
133,94,0.9368621670933953
329,352,1.943879807448539
329,362,1.934946990008457
329,287,1.8981085179428336
329,189,1.8973159255461511
329,22,1.8955837819827095
329,79,1.8926088448952112
329,119,1.8641614966069513
329,255,1.8423669475244941
329,20,1.8281047414059186
329,94,1.818644803851356
185,125,2.0
185,19,2.0
185,476,2.0
185,17,2.0
185,284,2.0
185,416,2.0
185,77,2.0
185,190,1.9805806756909201
185,134,1.9615384615384617
185,89,1.8355273512682533
283,352,3.8483225385677553
283,399,3.7666176864133245
283,189,3.7559580592769226
283,79,3.7302151439049114
283,287,3.7165474912730434
283,362,3.6056158953666673
283,20,3.563353677673116
283,255,3.5594042436789226
283,200,3.4249894763448276
283,264,3.4228902053216044
355,94,4.653624526482551
355,287,4.6254825405448825
355,399,4.605651207757462
355,79,4.567048010004124
355,362,4.5624942974885645
355,189,4.538980152676473
355,22,4.50066069074135
355,20,4.40479959030403
355,200,4.357904191904299
355,416,4.0
157,119,0.0
157,20,0.0
157,399,0.0
157,476,0.0
157,264,0.0
157,200,0.0
157,189,0.0
157,362,0.0
157,17,0.0
157,16,0.0
347,190,2.0
347,125,2.0
347,284,2.0
347,415,2.0
347,17,2.0
347,476,2.0
347,19,2.0
347,59,1.928479195163785
347,416,1.8944271909999157
347,79,1.8862385646683273
115,416,1.0
115,415,1.0
115,134,1.0
115,59,0.9486832980505138
115,89,0.9486832980505138
115,362,0.9333333333333333
115,94,0.9175322106845942
115,287,0.917463421851129
115,352,0.9036961141150639
115,399,0.8936836494739803
385,19,1.0
385,125,1.0
385,824,1.0
385,476,1.0
385,134,1.0
385,17,1.0
385,284,1.0
385,400,1.0
385,190,0.9805806756909201
385,59,0.9799578870122228
291,125,2.0
291,77,2.0
291,19,2.0
291,416,2.0
291,415,2.0
291,400,2.0
291,190,1.9611613513818402
291,89,1.8745033978230652
291,189,1.853613165501943
291,94,1.8516491152863614
89,125,2.0
89,416,2.0
89,19,2.0
89,190,1.9805806756909201
89,22,1.9154065667413382
89,89,1.9096900098724587
89,352,1.9077420673354408
89,134,1.8703882797784892
89,59,1.8669214468630106
89,94,1.8632343948762766
288,415,3.0
288,416,3.0
288,89,2.8973665961010275
288,134,2.8559656525383774
288,94,2.734284630564117
288,59,2.7319086414446647
288,352,2.730517317004463
288,78,2.7283216617670702
288,189,2.708173332966114
288,362,2.706007387873486
148,476,2.0
148,17,2.0
148,284,2.0
148,125,2.0
148,19,2.0
148,190,1.9805806756909201
148,89,1.9513060190850713
148,416,1.9486832980505138
148,59,1.9286411850627365
148,134,1.9072647087265548
182,125,4.0
182,19,4.0
182,190,3.96116135138184
182,416,3.948683298050514
182,89,3.919408641444665
182,134,3.8559656525383774
182,59,3.7631832304063737
182,78,3.7442239643741884
182,94,3.6896533307814767
182,79,3.686995145048056
237,19,1.0
237,415,1.0
237,190,1.0
237,125,1.0
237,284,1.0
237,416,1.0
237,17,1.0
237,476,1.0
237,77,1.0
237,89,0.9805806756909202
153,77,1.0
153,19,1.0
153,416,1.0
153,125,1.0
153,476,1.0
153,415,1.0
153,17,1.0
153,284,1.0
153,400,1.0
153,190,0.9805806756909201
359,19,1.0
359,125,1.0
359,824,1.0
359,476,1.0
359,134,1.0
359,17,1.0
359,284,1.0
359,400,1.0
359,190,0.9805806756909201
359,59,0.9799578870122228
255,125,1.0
255,19,1.0
255,284,1.0
255,134,1.0
255,190,1.0
255,416,1.0
255,17,1.0
255,476,1.0
255,77,1.0
255,94,0.9368621670933953
147,119,0.0
147,20,0.0
147,399,0.0
147,476,0.0
147,264,0.0
147,200,0.0
147,189,0.0
147,362,0.0
147,17,0.0
147,16,0.0
198,416,4.84311048905043
198,134,4.650223703191179
198,352,4.639977463160216
198,59,4.5862875647368995
198,94,4.5637563590517605
198,189,4.487561677386898
198,79,4.485156291547575
198,78,4.457245824807829
198,362,4.414083117750735
198,22,4.41287088565152
131,125,1.0
131,190,1.0
131,416,1.0
131,134,1.0
131,59,1.0
131,19,1.0
131,89,0.9838699100999074
131,78,0.9827076298239908
131,200,0.9791238294461818
131,352,0.9642857142857143
280,19,1.0
280,125,1.0
280,824,1.0
280,476,1.0
280,134,1.0
280,17,1.0
280,284,1.0
280,400,1.0
280,190,0.9805806756909201
280,59,0.9799578870122228
219,119,0.0
219,20,0.0
219,399,0.0
219,476,0.0
219,264,0.0
219,200,0.0
219,189,0.0
219,362,0.0
219,17,0.0
219,16,0.0
92,125,5.0
92,284,5.0
92,19,5.0
92,190,4.96116135138184
92,416,4.948683298050514
92,89,4.786833370353325
92,134,4.763230361264933
92,79,4.576724809300218
92,352,4.573746969530015
92,94,4.562986740523897
391,125,1.0
391,824,1.0
391,77,1.0
391,19,1.0
391,415,1.0
391,416,1.0
391,400,1.0
391,190,0.9805806756909201
391,22,0.9725975251592748
391,94,0.9561196596541313
366,125,4.0
366,19,4.0
366,190,3.98058067569092
366,416,3.948683298050514
366,134,3.8944271909999157
366,89,3.841439306711798
366,352,3.7742676015414864
366,59,3.7506832304063735
366,94,3.689417479414274
366,78,3.6709441836914083
119,19,2.0
119,415,2.0
119,284,2.0
119,125,2.0
119,416,2.0
119,190,2.0
119,77,2.0
119,89,1.9805806756909203
119,59,1.9194086414446647
119,79,1.8863885381727366
93,19,1.0
93,125,1.0
93,824,1.0
93,476,1.0
93,134,1.0
93,17,1.0
93,284,1.0
93,400,1.0
93,190,0.9805806756909201
93,59,0.9799578870122228
247,77,1.0
247,19,1.0
247,416,1.0
247,125,1.0
247,476,1.0
247,415,1.0
247,17,1.0
247,284,1.0
247,400,1.0
247,190,0.9805806756909201
221,119,0.0
221,20,0.0
221,399,0.0
221,476,0.0
221,264,0.0
221,200,0.0
221,189,0.0
221,362,0.0
221,17,0.0
221,16,0.0
408,125,1.0
408,824,1.0
408,77,1.0
408,19,1.0
408,415,1.0
408,416,1.0
408,400,1.0
408,190,0.9805806756909201
408,22,0.9725975251592748
408,94,0.9561196596541313
350,77,1.0
350,19,1.0
350,416,1.0
350,125,1.0
350,476,1.0
350,415,1.0
350,17,1.0
350,284,1.0
350,400,1.0
350,190,0.9805806756909201
406,125,1.0
406,190,1.0
406,416,1.0
406,134,1.0
406,59,1.0
406,19,1.0
406,89,0.9838699100999074
406,78,0.9827076298239908
406,200,0.9791238294461818
406,352,0.9642857142857143
121,125,3.0
121,19,3.0
121,134,2.9615384615384617
121,190,2.9611613513818402
121,416,2.948683298050514
121,89,2.903278551544572
121,78,2.8316048291035893
121,352,2.798604540789029
121,59,2.7924578870122225
121,189,2.752814985545074
212,416,3.0
212,134,2.9636241116594313
212,59,2.9248703582344664
212,362,2.7929511731126606
212,78,2.765906877055203
212,94,2.7214993310225792
212,287,2.7110049970606718
212,399,2.705642516433376
212,16,2.698018089403977
212,79,2.6822533735902163
80,77,1.0
80,19,1.0
80,416,1.0
80,125,1.0
80,476,1.0
80,415,1.0
80,17,1.0
80,284,1.0
80,400,1.0
80,190,0.9805806756909201
140,125,1.0
140,19,1.0
140,284,1.0
140,134,1.0
140,190,1.0
140,416,1.0
140,17,1.0
140,476,1.0
140,77,1.0
140,94,0.9368621670933953
230,125,1.0
230,89,1.0
230,415,1.0
230,416,1.0
230,19,1.0
230,284,1.0
230,190,1.0
230,77,1.0
230,59,0.9707253433941511
230,352,0.9363821838346235
110,119,0.0
110,20,0.0
110,399,0.0
110,476,0.0
110,264,0.0
110,200,0.0
110,189,0.0
110,362,0.0
110,17,0.0
110,16,0.0
114,77,1.0
114,19,1.0
114,416,1.0
114,125,1.0
114,476,1.0
114,415,1.0
114,17,1.0
114,284,1.0
114,400,1.0
114,190,0.9805806756909201
111,134,2.0
111,416,1.9486832980505138
111,59,1.9286411850627365
111,89,1.9194086414446647
111,362,1.8682803233417906
111,352,1.8475759215636027
111,94,1.8417498235360343
111,16,1.8291274633851906
111,287,1.8155719397939625
111,78,1.8129201565317952
86,476,4.0
86,17,4.0
86,415,4.0
86,134,3.8105708056106664
86,416,3.7888543819998315
86,59,3.724665844764739
86,352,3.6778133460531177
86,264,3.6156031041444874
86,399,3.614527157299765
86,78,3.608800730249663
203,125,5.0
203,19,5.0
203,416,4.948683298050514
203,190,4.94174202707276
203,134,4.7391914500435055
203,89,4.7126534701258755
203,94,4.597883435930735
203,352,4.580821138745118
203,79,4.565881557574458
203,16,4.477377351237706
152,59,3.928479195163785
152,416,3.8944271909999157
152,134,3.8688031702650165
152,89,3.8211282254401198
152,352,3.74247796302321
152,78,3.7398851153629638
152,189,3.615059103993019
152,119,3.6143393606817504
152,399,3.597290199434412
152,287,3.569234405892237
211,125,1.0
211,190,1.0
211,416,1.0
211,134,1.0
211,59,1.0
211,19,1.0
211,89,0.9838699100999074
211,78,0.9827076298239908
211,200,0.9791238294461818
211,352,0.9642857142857143
253,19,1.0
253,125,1.0
253,824,1.0
253,476,1.0
253,134,1.0
253,17,1.0
253,284,1.0
253,400,1.0
253,190,0.9805806756909201
253,59,0.9799578870122228
141,119,0.0
141,20,0.0
141,399,0.0
141,476,0.0
141,264,0.0
141,200,0.0
141,189,0.0
141,362,0.0
141,17,0.0
141,16,0.0
300,125,1.0
300,190,1.0
300,416,1.0
300,134,1.0
300,59,1.0
300,19,1.0
300,89,0.9838699100999074
300,78,0.9827076298239908
300,200,0.9791238294461818
300,352,0.9642857142857143
409,416,2.0
409,134,2.0
409,59,2.0
409,89,1.9461203587492837
409,78,1.9255166714060543
409,352,1.920468601753229
409,119,1.86901898216007
409,189,1.8482566179634436
409,399,1.842072268128637
409,287,1.8094789078219162
407,119,0.0
407,20,0.0
407,399,0.0
407,476,0.0
407,264,0.0
407,200,0.0
407,189,0.0
407,362,0.0
407,17,0.0
407,16,0.0
372,119,0.0
372,20,0.0
372,399,0.0
372,476,0.0
372,264,0.0
372,200,0.0
372,189,0.0
372,362,0.0
372,17,0.0
372,16,0.0
174,416,2.0
174,134,2.0
174,59,2.0
174,89,1.9461203587492837
174,78,1.9255166714060543
174,352,1.920468601753229
174,119,1.86901898216007
174,189,1.8482566179634436
174,399,1.842072268128637
174,287,1.8094789078219162
336,119,0.0
336,20,0.0
336,399,0.0
336,476,0.0
336,264,0.0
336,200,0.0
336,189,0.0
336,362,0.0
336,17,0.0
336,16,0.0
387,19,3.0
387,416,3.0
387,125,3.0
387,77,3.0
387,190,2.9611613513818402
387,134,2.831926741316951
387,94,2.7885112823797567
387,352,2.763615268077112
387,89,2.7613474510408045
387,189,2.711428093826555
175,125,1.0
175,190,1.0
175,416,1.0
175,19,1.0
175,415,1.0
175,476,1.0
175,17,1.0
175,77,1.0
175,59,0.9761870601839528
175,134,0.9636241116594315
88,119,0.0
88,20,0.0
88,399,0.0
88,476,0.0
88,264,0.0
88,200,0.0
88,189,0.0
88,362,0.0
88,17,0.0
88,16,0.0
107,79,1.0
107,78,1.0
107,22,1.0
107,476,1.0
107,17,1.0
107,352,1.0
107,189,0.9847319278346618
107,134,0.9805806756909202
107,399,0.9799578870122228
107,94,0.9797958971132713
281,125,1.0
281,190,1.0
281,416,1.0
281,134,1.0
281,59,1.0
281,19,1.0
281,89,0.9838699100999074
281,78,0.9827076298239908
281,200,0.9791238294461818
281,352,0.9642857142857143
97,19,5.0
97,190,5.0
97,415,5.0
97,125,5.0
97,17,5.0
97,416,5.0
97,476,5.0
97,284,5.0
97,77,5.0
97,89,4.951306019085071
179,416,3.0
179,415,3.0
179,89,2.877947271791948
179,134,2.8688031702650165
179,79,2.733408996212678
179,78,2.731317336557481
179,59,2.7098665961010275
179,94,2.6982162070163627
179,16,2.688402702187166
179,189,2.6771355808141304
404,125,2.0
404,476,2.0
404,17,2.0
404,284,2.0
404,134,2.0
404,19,2.0
404,190,1.9805806756909201
404,416,1.9486832980505138
404,352,1.873599703421149
404,94,1.8610797799448355
267,125,1.0
267,19,1.0
267,284,1.0
267,134,1.0
267,190,1.0
267,416,1.0
267,17,1.0
267,476,1.0
267,77,1.0
267,94,0.9368621670933953
270,125,1.0
270,190,1.0
270,416,1.0
270,134,1.0
270,59,1.0
270,19,1.0
270,89,0.9838699100999074
270,78,0.9827076298239908
270,200,0.9791238294461818
270,352,0.9642857142857143
229,125,1.0
229,19,1.0
229,284,1.0
229,134,1.0
229,190,1.0
229,416,1.0
229,17,1.0
229,476,1.0
229,77,1.0
229,94,0.9368621670933953
252,19,2.0
252,125,2.0
252,17,2.0
252,476,2.0
252,284,2.0
252,400,2.0
252,134,1.9615384615384617
252,190,1.9611613513818402
252,416,1.9486832980505138
252,89,1.9194086414446647
163,190,2.0
163,125,2.0
163,416,2.0
163,19,2.0
163,89,1.9644505857908277
163,59,1.9486832980505138
163,134,1.9072647087265548
163,78,1.8990495636470262
163,352,1.8376117775051815
163,94,1.7922692759216836
321,77,1.0
321,19,1.0
321,416,1.0
321,125,1.0
321,476,1.0
321,415,1.0
321,17,1.0
321,284,1.0
321,400,1.0
321,190,0.9805806756909201
210,125,1.0
210,190,1.0
210,416,1.0
210,19,1.0
210,415,1.0
210,476,1.0
210,17,1.0
210,77,1.0
210,59,0.9761870601839528
210,134,0.9636241116594315
176,119,0.0
176,20,0.0
176,399,0.0
176,476,0.0
176,264,0.0
176,200,0.0
176,189,0.0
176,362,0.0
176,17,0.0
176,16,0.0
194,125,1.0
194,19,1.0
194,284,1.0
194,134,1.0
194,190,1.0
194,416,1.0
194,17,1.0
194,476,1.0
194,77,1.0
194,94,0.9368621670933953
171,125,1.0
171,19,1.0
171,284,1.0
171,134,1.0
171,190,1.0
171,416,1.0
171,17,1.0
171,476,1.0
171,77,1.0
171,94,0.9368621670933953
166,19,1.0
166,125,1.0
166,824,1.0
166,476,1.0
166,134,1.0
166,17,1.0
166,284,1.0
166,400,1.0
166,190,0.9805806756909201
166,59,0.9799578870122228
277,416,3.0
277,89,2.948683298050514
277,59,2.919408641444665
277,134,2.8944271909999157
277,94,2.7874384729824007
277,362,2.7862382166969515
277,78,2.784825945087911
277,399,2.735671974865353
277,79,2.719129802538282
277,22,2.70106192718069
218,125,1.0
218,190,1.0
218,416,1.0
218,134,1.0
218,59,1.0
218,19,1.0
218,89,0.9838699100999074
218,78,0.9827076298239908
218,200,0.9791238294461818
218,352,0.9642857142857143
402,352,2.8376117775051815
402,189,2.7835173224532714
402,287,2.7457972425495827
402,20,2.7174961565898768
402,399,2.71046459664379
402,94,2.6866964669215996
402,22,2.6751130313182596
402,362,2.6570991859598436
402,264,2.6436056063632307
402,255,2.6291894076490925
360,125,3.0
360,19,3.0
360,416,2.948683298050514
360,190,2.9417420270727606
360,89,2.845228741217216
360,134,2.831926741316951
360,352,2.7777751795530414
360,94,2.7758667281378013
360,22,2.765055551476833
360,189,2.750929091048094
365,415,4.0
365,416,3.8944271909999157
365,59,3.829736543752495
365,134,3.7947585912602984
365,352,3.615713206282359
365,78,3.5911391111910205
365,79,3.563116892535122
365,362,3.5465558286309906
365,399,3.535572069021236
365,94,3.5246372403382704
362,190,2.0
362,415,2.0
362,125,2.0
362,476,2.0
362,17,2.0
362,19,2.0
362,59,1.9559829572972243
362,134,1.925162573197893
362,416,1.8944271909999157
362,352,1.8615542272257906
363,416,2.0
363,415,2.0
363,134,1.9636241116594315
363,59,1.9248703582344666
363,362,1.8222258297185094
363,352,1.8165670432903407
363,78,1.7839263709932371
363,287,1.7746228132260482
363,94,1.7728160329720655
363,16,1.7721979896314255
196,125,1.0
196,824,1.0
196,77,1.0
196,19,1.0
196,415,1.0
196,416,1.0
196,400,1.0
196,190,0.9805806756909201
196,22,0.9725975251592748
196,94,0.9561196596541313
388,125,1.0
388,824,1.0
388,77,1.0
388,19,1.0
388,415,1.0
388,416,1.0
388,400,1.0
388,190,0.9805806756909201
388,22,0.9725975251592748
388,94,0.9561196596541313
390,416,5.0
390,125,5.0
390,19,5.0
390,190,4.96116135138184
390,134,4.7391914500435055
390,89,4.725798036831632
390,352,4.601227045582293
390,94,4.5807805583014405
390,189,4.494945416279826
390,78,4.480126664805328
223,125,1.0
223,824,1.0
223,77,1.0
223,19,1.0
223,415,1.0
223,416,1.0
223,400,1.0
223,190,0.9805806756909201
223,22,0.9725975251592748
223,94,0.9561196596541313
301,416,1.0
301,415,1.0
301,134,1.0
301,59,0.9486832980505138
301,89,0.9486832980505138
301,362,0.9333333333333333
301,94,0.9175322106845942
301,287,0.917463421851129
301,352,0.9036961141150639
301,399,0.8936836494739803
73,19,1.0
73,125,1.0
73,824,1.0
73,476,1.0
73,134,1.0
73,17,1.0
73,284,1.0
73,400,1.0
73,190,0.9805806756909201
73,59,0.9799578870122228
315,59,4.68605365628498
315,79,4.586504905815159
315,352,4.56231263162655
315,362,4.527599635934448
315,16,4.465153076390212
315,94,4.451526539437708
315,189,4.431071185656888
315,287,4.396420305268691
315,399,4.395605447333051
315,264,4.383123622416578
306,284,3.0
306,59,2.9505212405074226
306,352,2.867045987947103
306,79,2.797087073772691
306,399,2.7457471073327477
306,22,2.724978504863239
306,255,2.7244948125290445
306,189,2.7153596340756416
306,20,2.6909243775603464
306,362,2.668818621042525
312,59,4.879162425570159
312,352,4.714621909510706
312,79,4.553405388094008
312,362,4.537098944384316
312,189,4.50339910245204
312,22,4.500976678814386
312,119,4.442226838865778
312,264,4.385879102924847
312,20,4.375979084044492
312,16,4.3684326220504825
309,284,3.0
309,125,3.0
309,19,3.0
309,190,2.98058067569092
309,416,2.948683298050514
309,134,2.8944271909999157
309,89,2.8575693966118907
309,352,2.8099818872557725
309,94,2.7823027441921284
309,59,2.7506832304063735
279,125,5.0
279,416,5.0
279,19,5.0
279,190,4.98058067569092
279,89,4.913133883841342
279,134,4.868803170265016
279,59,4.868091939495179
279,78,4.71985255148274
279,94,4.590082663836776
279,399,4.523832353016061
358,352,1.9642857142857144
358,200,1.959704505137102
358,189,1.9263021722341551
358,287,1.9072647087265548
358,22,1.9050594902314397
358,399,1.8794642781894546
358,20,1.855389085290997
358,119,1.8222415567733465
358,362,1.8123623944599232
358,94,1.801541926222061
233,125,1.0
233,19,1.0
233,284,1.0
233,134,1.0
233,190,1.0
233,416,1.0
233,17,1.0
233,476,1.0
233,77,1.0
233,94,0.9368621670933953
348,125,1.0
348,19,1.0
348,284,1.0
348,134,1.0
348,190,1.0
348,416,1.0
348,17,1.0
348,476,1.0
348,77,1.0
348,94,0.9368621670933953
227,119,0.0
227,20,0.0
227,399,0.0
227,476,0.0
227,264,0.0
227,200,0.0
227,189,0.0
227,362,0.0
227,17,0.0
227,16,0.0
273,284,2.0
273,17,2.0
273,476,2.0
273,415,2.0
273,59,1.9048661855180287
273,416,1.8944271909999157
273,79,1.8451492332306203
273,134,1.8311344796008666
273,78,1.807212740197783
273,352,1.7991461629920185
162,416,1.0
162,415,1.0
162,134,1.0
162,59,0.9486832980505138
162,89,0.9486832980505138
162,362,0.9333333333333333
162,94,0.9175322106845942
162,287,0.917463421851129
162,352,0.9036961141150639
162,399,0.8936836494739803
106,125,4.0
106,19,4.0
106,416,4.0
106,77,4.0
106,190,3.98058067569092
106,134,3.7284395824378365
106,352,3.722429362032237
106,94,3.669488613282291
106,59,3.6138338504411145
106,399,3.5635499848944816
169,119,0.0
169,20,0.0
169,399,0.0
169,476,0.0
169,264,0.0
169,200,0.0
169,189,0.0
169,362,0.0
169,17,0.0
169,16,0.0
302,125,1.0
302,824,1.0
302,77,1.0
302,19,1.0
302,415,1.0
302,416,1.0
302,400,1.0
302,190,0.9805806756909201
302,22,0.9725975251592748
302,94,0.9561196596541313
310,125,1.0
310,190,1.0
310,416,1.0
310,134,1.0
310,59,1.0
310,19,1.0
310,89,0.9838699100999074
310,78,0.9827076298239908
310,200,0.9791238294461818
310,352,0.9642857142857143
298,119,0.0
298,20,0.0
298,399,0.0
298,476,0.0
298,264,0.0
298,200,0.0
298,189,0.0
298,362,0.0
298,17,0.0
298,16,0.0
274,352,1.9297198959726098
274,287,1.878526606928741
274,200,1.8624506797447173
274,79,1.858761459191602
274,189,1.857814928324612
274,20,1.848711077114366
274,362,1.8315667549715153
274,94,1.8312893580933112
274,399,1.8297463540005428
274,255,1.8086832980505139
340,125,3.0
340,416,3.0
340,19,3.0
340,190,2.98058067569092
340,134,2.8703882797784894
340,352,2.8374619633080504
340,94,2.800096561969672
340,89,2.7965340630901983
340,189,2.708533378295942
340,399,2.706101342236095
246,19,5.0
246,125,5.0
246,284,5.0
246,416,5.0
246,77,5.0
246,190,4.96116135138184
246,59,4.926870290590326
246,134,4.925162573197893
246,89,4.768503143311781
246,352,4.748145280785253
342,77,1.0
342,19,1.0
342,416,1.0
342,125,1.0
342,476,1.0
342,415,1.0
342,17,1.0
342,284,1.0
342,400,1.0
342,190,0.9805806756909201
292,284,2.0
292,190,2.0
292,125,2.0
292,17,2.0
292,476,2.0
292,19,2.0
292,134,1.9615384615384617
292,416,1.8944271909999157
292,352,1.8784031940231236
292,287,1.7997495711760338
135,125,2.0
135,19,2.0
135,476,2.0
135,17,2.0
135,284,2.0
135,416,2.0
135,77,2.0
135,190,1.9805806756909201
135,134,1.9615384615384617
135,89,1.8355273512682533
214,19,2.0
214,125,2.0
214,17,2.0
214,476,2.0
214,284,2.0
214,400,2.0
214,134,1.9615384615384617
214,190,1.9611613513818402
214,416,1.9486832980505138
214,89,1.9194086414446647
192,125,5.0
192,134,5.0
192,416,5.0
192,19,5.0
192,190,4.98058067569092
192,59,4.950683230406374
192,89,4.903278551544572
192,362,4.691327706850741
192,22,4.677348503060337
192,94,4.648518252927236
278,125,5.0
278,416,5.0
278,19,5.0
278,190,4.98058067569092
278,89,4.913133883841342
278,134,4.763230361264933
278,59,4.731908641444665
278,78,4.71985255148274
278,94,4.55770499385172
278,189,4.466992516373578
319,134,2.0
319,190,2.0
319,416,2.0
319,125,2.0
319,19,2.0
319,352,1.8940056102583243
319,89,1.8707139633176468
319,200,1.860993833499979
319,94,1.8439769023155406
319,78,1.834176948120311
186,284,3.0
186,125,3.0
186,19,3.0
186,190,2.98058067569092
186,89,2.970725343394151
186,59,2.8934922719884373
186,352,2.8509873346773134
186,416,2.8431104890504297
186,134,2.8251850329909503
186,78,2.80690973571643
234,416,1.0
234,59,1.0
234,415,1.0
234,134,1.0
234,77,1.0
234,119,0.9725975251592748
234,362,0.9622504486493763
234,89,0.9622504486493763
234,352,0.9561828874675149
234,79,0.9428090415820635
330,416,1.0
330,59,1.0
330,415,1.0
330,134,1.0
330,77,1.0
330,119,0.9725975251592748
330,362,0.9622504486493763
330,89,0.9622504486493763
330,352,0.9561828874675149
330,79,0.9428090415820635
378,19,1.0
378,125,1.0
378,824,1.0
378,476,1.0
378,134,1.0
378,17,1.0
378,284,1.0
378,400,1.0
378,190,0.9805806756909201
378,59,0.9799578870122228
394,125,1.0
394,824,1.0
394,77,1.0
394,19,1.0
394,415,1.0
394,416,1.0
394,400,1.0
394,190,0.9805806756909201
394,22,0.9725975251592748
394,94,0.9561196596541313
295,416,1.0
295,19,1.0
295,190,1.0
295,134,1.0
295,59,1.0
295,89,1.0
295,125,1.0
295,77,1.0
295,78,0.9819805060619657
295,362,0.9707253433941511
241,19,1.0
241,125,1.0
241,824,1.0
241,476,1.0
241,134,1.0
241,17,1.0
241,284,1.0
241,400,1.0
241,190,0.9805806756909201
241,59,0.9799578870122228
132,119,0.0
132,20,0.0
132,399,0.0
132,476,0.0
132,264,0.0
132,200,0.0
132,189,0.0
132,362,0.0
132,17,0.0
132,16,0.0
222,284,1.0
222,476,1.0
222,17,1.0
222,415,1.0
222,59,0.9561828874675149
222,399,0.9428090415820634
222,352,0.9258200997725514
222,134,0.9238697708743119
222,200,0.9222859518214328
222,416,0.8944271909999159
224,284,1.0
224,476,1.0
224,17,1.0
224,415,1.0
224,59,0.9561828874675149
224,399,0.9428090415820634
224,352,0.9258200997725514
224,134,0.9238697708743119
224,200,0.9222859518214328
224,416,0.8944271909999159
303,125,1.0
303,19,1.0
303,284,1.0
303,134,1.0
303,190,1.0
303,416,1.0
303,17,1.0
303,476,1.0
303,77,1.0
303,94,0.9368621670933953
217,125,1.0
217,824,1.0
217,77,1.0
217,19,1.0
217,415,1.0
217,416,1.0
217,400,1.0
217,190,0.9805806756909201
217,22,0.9725975251592748
217,94,0.9561196596541313
293,119,0.0
293,20,0.0
293,399,0.0
293,476,0.0
293,264,0.0
293,200,0.0
293,189,0.0
293,362,0.0
293,17,0.0
293,16,0.0
240,17,3.0
240,476,3.0
240,125,3.0
240,19,3.0
240,190,2.9611613513818402
240,416,2.948683298050514
240,134,2.925162573197893
240,59,2.768644947196176
240,352,2.747189755678592
240,78,2.7433243902795144
158,19,1.0
158,125,1.0
158,824,1.0
158,476,1.0
158,134,1.0
158,17,1.0
158,284,1.0
158,400,1.0
158,190,0.9805806756909201
158,59,0.9799578870122228
204,125,2.0
204,19,2.0
204,476,2.0
204,17,2.0
204,284,2.0
204,416,2.0
204,77,2.0
204,190,1.9805806756909201
204,134,1.9615384615384617
204,89,1.8355273512682533
294,134,2.9615384615384617
294,416,2.8944271909999157
294,352,2.8345860814906385
294,59,2.7797958971132717
294,119,2.7609361809765054
294,89,2.7435216928670316
294,79,2.7248153258959036
294,399,2.7165719567911655
294,287,2.7019637702713952
294,78,2.692304870012258
367,352,4.7940683051743775
367,189,4.603387471834207
367,287,4.586114032693491
367,119,4.56539947493012
367,94,4.542576970352711
367,362,4.541126588089272
367,20,4.493963000694478
367,200,4.442628368732055
367,255,4.392611167668321
367,134,4.0
77,125,3.0
77,190,3.0
77,134,3.0
77,416,3.0
77,19,3.0
77,89,2.870713963317647
77,78,2.8161574541822763
77,59,2.8
77,94,2.7926602003660546
77,200,2.734319896719446
337,125,5.0
337,284,5.0
337,416,5.0
337,190,5.0
337,415,5.0
337,19,5.0
337,59,4.946912403578104
337,134,4.925162573197893
337,89,4.89151442239081
337,79,4.7761909238645055
138,415,1.0
138,89,1.0
138,125,1.0
138,284,1.0
138,190,1.0
138,17,1.0
138,476,1.0
138,19,1.0
138,352,0.9707253433941511
138,78,0.970142500145332
226,125,1.0
226,824,1.0
226,77,1.0
226,19,1.0
226,415,1.0
226,416,1.0
226,400,1.0
226,190,0.9805806756909201
226,22,0.9725975251592748
226,94,0.9561196596541313
399,415,2.0
399,476,2.0
399,284,2.0
399,17,2.0
399,125,2.0
399,19,2.0
399,190,1.9805806756909201
399,134,1.9230769230769231
399,416,1.8944271909999157
399,89,1.8431104890504297
243,19,1.0
243,415,1.0
243,190,1.0
243,125,1.0
243,284,1.0
243,416,1.0
243,17,1.0
243,476,1.0
243,77,1.0
243,89,0.9805806756909202
124,77,1.0
124,19,1.0
124,416,1.0
124,125,1.0
124,476,1.0
124,415,1.0
124,17,1.0
124,284,1.0
124,400,1.0
124,190,0.9805806756909201
126,125,2.0
126,19,2.0
126,476,2.0
126,17,2.0
126,284,2.0
126,416,2.0
126,77,2.0
126,190,1.9805806756909201
126,134,1.9615384615384617
126,89,1.8355273512682533
276,125,1.0
276,190,1.0
276,416,1.0
276,134,1.0
276,59,1.0
276,19,1.0
276,89,0.9838699100999074
276,78,0.9827076298239908
276,200,0.9791238294461818
276,352,0.9642857142857143
112,415,1.0
112,89,1.0
112,125,1.0
112,284,1.0
112,190,1.0
112,17,1.0
112,476,1.0
112,19,1.0
112,352,0.9707253433941511
112,78,0.970142500145332
311,119,0.0
311,20,0.0
311,399,0.0
311,476,0.0
311,264,0.0
311,200,0.0
311,189,0.0
311,362,0.0
311,17,0.0
311,16,0.0
244,125,3.0
244,17,3.0
244,284,3.0
244,476,3.0
244,19,3.0
244,134,2.9615384615384617
244,190,2.9611613513818402
244,416,2.948683298050514
244,89,2.8062526946624042
244,352,2.7640387224759246
72,19,1.0
72,125,1.0
72,824,1.0
72,476,1.0
72,134,1.0
72,17,1.0
72,284,1.0
72,400,1.0
72,190,0.9805806756909201
72,59,0.9799578870122228
202,19,5.0
202,416,5.0
202,125,5.0
202,77,5.0
202,190,4.96116135138184
202,134,4.819589764197809
202,89,4.732072794434956
202,352,4.666309169480775
202,94,4.63395185947849
202,59,4.606291737453337
122,19,1.0
122,125,1.0
122,824,1.0
122,476,1.0
122,134,1.0
122,17,1.0
122,284,1.0
122,400,1.0
122,190,0.9805806756909201
122,59,0.9799578870122228
81,415,1.0
81,89,1.0
81,125,1.0
81,284,1.0
81,190,1.0
81,17,1.0
81,476,1.0
81,19,1.0
81,352,0.9707253433941511
81,78,0.970142500145332
261,352,3.749312179539757
261,59,3.748683298050514
261,94,3.627157953148953
261,20,3.59431686034434
261,16,3.5681387989652498
261,189,3.5588516466719655
261,287,3.5376701085109477
261,399,3.522181240394505
261,310,3.4730630034799113
261,362,3.458808441076691
264,416,2.0
264,134,2.0
264,59,1.9486832980505138
264,89,1.9325532081504213
264,78,1.8722068098173121
264,352,1.867981828400778
264,287,1.8247281305776837
264,94,1.8246469459067396
264,189,1.8170257150644016
264,200,1.8120505595187475
102,125,1.0
102,824,1.0
102,77,1.0
102,19,1.0
102,415,1.0
102,416,1.0
102,400,1.0
102,190,0.9805806756909201
102,22,0.9725975251592748
102,94,0.9561196596541313
232,119,0.0
232,20,0.0
232,399,0.0
232,476,0.0
232,264,0.0
232,200,0.0
232,189,0.0
232,362,0.0
232,17,0.0
232,16,0.0
263,125,1.0
263,19,1.0
263,284,1.0
263,134,1.0
263,190,1.0
263,416,1.0
263,17,1.0
263,476,1.0
263,77,1.0
263,94,0.9368621670933953
268,119,0.0
268,20,0.0
268,399,0.0
268,476,0.0
268,264,0.0
268,200,0.0
268,189,0.0
268,362,0.0
268,17,0.0
268,16,0.0
396,416,4.0
396,125,4.0
396,19,4.0
396,190,3.98058067569092
396,89,3.9131338838413416
396,134,3.8688031702650165
396,78,3.8065062924501163
396,59,3.761183298050514
396,94,3.6364820296044273
396,16,3.5939297839410287
397,125,5.0
397,416,5.0
397,19,5.0
397,190,4.98058067569092
397,134,4.868803170265016
397,89,4.799977937059081
397,78,4.657975610746436
397,94,4.573344196697823
397,59,4.561183298050514
397,16,4.482886420925659
129,125,1.0
129,19,1.0
129,284,1.0
129,134,1.0
129,190,1.0
129,416,1.0
129,17,1.0
129,476,1.0
129,77,1.0
129,94,0.9368621670933953
333,125,5.0
333,19,5.0
333,416,4.948683298050514
333,190,4.94174202707276
333,134,4.831926741316951
333,352,4.78134177075659
333,189,4.677231263282249
333,22,4.670115041708272
333,94,4.619843630453342
333,287,4.577010161528518
369,416,1.0
369,19,1.0
369,190,1.0
369,134,1.0
369,59,1.0
369,89,1.0
369,125,1.0
369,77,1.0
369,78,0.9819805060619657
369,362,0.9707253433941511
259,284,3.0
259,125,3.0
259,19,3.0
259,190,2.9611613513818402
259,416,2.948683298050514
259,89,2.919408641444665
259,134,2.8559656525383774
259,352,2.7707010103379384
259,59,2.7631832304063737
259,78,2.7622434583122226
161,415,2.0
161,416,2.0
161,134,1.9615384615384617
161,89,1.8973665961010275
161,362,1.8238278479040186
161,189,1.819920430595014
161,78,1.8149754027344462
161,94,1.8130616663168242
161,352,1.7941351331698399
161,287,1.7873821210381209
403,125,5.0
403,19,5.0
403,190,4.96116135138184
403,416,4.894427190999916
403,134,4.762684583307985
403,89,4.745217361140712
403,352,4.698626325756978
403,189,4.583810526041362
403,78,4.533927231127626
403,399,4.520469775599957
258,415,3.0
258,416,3.0
258,134,2.8703882797784894
258,89,2.8367538464724413
258,59,2.8156047449135246
258,352,2.8033353546323054
258,399,2.765358379641713
258,94,2.7536071345245396
258,189,2.737094266296711
258,362,2.722452647772274
215,77,1.0
215,19,1.0
215,416,1.0
215,125,1.0
215,476,1.0
215,415,1.0
215,17,1.0
215,284,1.0
215,400,1.0
215,190,0.9805806756909201
164,189,1.0
164,362,1.0
164,287,1.0
164,352,1.0
164,79,0.9838699100999074
164,200,0.9805806756909202
164,399,0.9707253433941511
164,22,0.9622504486493763
164,20,0.9486832980505138
164,255,0.9486832980505138
357,125,1.0
357,19,1.0
357,284,1.0
357,134,1.0
357,190,1.0
357,416,1.0
357,17,1.0
357,476,1.0
357,77,1.0
357,94,0.9368621670933953
190,19,3.0
190,125,3.0
190,400,3.0
190,416,2.948683298050514
190,190,2.9417420270727606
190,89,2.845228741217216
190,134,2.831926741316951
190,352,2.7777751795530414
190,94,2.7758667281378013
190,22,2.765055551476833
307,77,1.0
307,19,1.0
307,416,1.0
307,125,1.0
307,476,1.0
307,415,1.0
307,17,1.0
307,284,1.0
307,400,1.0
307,190,0.9805806756909201
238,189,1.0
238,362,1.0
238,287,1.0
238,352,1.0
238,79,0.9838699100999074
238,200,0.9805806756909202
238,399,0.9707253433941511
238,22,0.9622504486493763
238,20,0.9486832980505138
238,255,0.9486832980505138
165,125,1.0
165,824,1.0
165,77,1.0
165,19,1.0
165,415,1.0
165,416,1.0
165,400,1.0
165,190,0.9805806756909201
165,22,0.9725975251592748
165,94,0.9561196596541313
225,125,1.0
225,824,1.0
225,77,1.0
225,19,1.0
225,415,1.0
225,416,1.0
225,400,1.0
225,190,0.9805806756909201
225,22,0.9725975251592748
225,94,0.9561196596541313
242,77,1.0
242,19,1.0
242,416,1.0
242,125,1.0
242,476,1.0
242,415,1.0
242,17,1.0
242,284,1.0
242,400,1.0
242,190,0.9805806756909201
338,125,4.0
338,284,4.0
338,17,4.0
338,476,4.0
338,19,4.0
338,190,3.96116135138184
338,416,3.948683298050514
338,134,3.8688031702650165
338,89,3.7868333703533246
338,79,3.669460100573663
326,77,1.0
326,19,1.0
326,416,1.0
326,125,1.0
326,476,1.0
326,415,1.0
326,17,1.0
326,284,1.0
326,400,1.0
326,190,0.9805806756909201
96,119,0.0
96,20,0.0
96,399,0.0
96,476,0.0
96,264,0.0
96,200,0.0
96,189,0.0
96,362,0.0
96,17,0.0
96,16,0.0
94,415,1.0
94,89,1.0
94,125,1.0
94,284,1.0
94,190,1.0
94,17,1.0
94,476,1.0
94,19,1.0
94,352,0.9707253433941511
94,78,0.970142500145332
123,77,1.0
123,19,1.0
123,416,1.0
123,125,1.0
123,476,1.0
123,415,1.0
123,17,1.0
123,284,1.0
123,400,1.0
123,190,0.9805806756909201
392,416,4.0
392,415,4.0
392,89,3.877947271791948
392,134,3.7632303612649323
392,59,3.6805919394951783
392,78,3.6446635955901057
392,79,3.640673704939233
392,94,3.6194391712636556
392,352,3.60384338022393
392,189,3.5653884831852305
343,19,3.0
343,125,3.0
343,416,3.0
343,190,3.0
343,77,3.0
343,134,2.907264708726555
343,89,2.86742472890866
343,79,2.8183010928235905
343,94,2.7707000058434472
343,78,2.749791758181321
120,125,1.0
120,824,1.0
120,77,1.0
120,19,1.0
120,415,1.0
120,416,1.0
120,400,1.0
120,190,0.9805806756909201
120,22,0.9725975251592748
120,94,0.9561196596541313
344,59,2.9561828874675147
344,134,2.9238697708743118
344,416,2.8944271909999157
344,352,2.8462887015257805
344,78,2.8163874777808022
344,399,2.7848813097107
344,119,2.7125463744470433
344,189,2.6966363019311475
344,200,2.671463322354435
344,362,2.65420605052186
213,416,3.0
213,415,3.0
213,77,3.0
213,134,2.925162573197893
213,59,2.788687060183953
213,78,2.762712455323104
213,352,2.7594928356975674
213,362,2.7416374596052373
213,79,2.719903108601036
213,189,2.6875675424427317
305,77,1.0
305,19,1.0
305,416,1.0
305,125,1.0
305,476,1.0
305,415,1.0
305,17,1.0
305,284,1.0
305,400,1.0
305,190,0.9805806756909201
314,77,1.0
314,19,1.0
314,416,1.0
314,125,1.0
314,476,1.0
314,415,1.0
314,17,1.0
314,284,1.0
314,400,1.0
314,190,0.9805806756909201
75,125,1.0
75,89,1.0
75,415,1.0
75,416,1.0
75,19,1.0
75,284,1.0
75,190,1.0
75,77,1.0
75,59,0.9707253433941511
75,352,0.9363821838346235
262,125,2.0
262,416,2.0
262,19,2.0
262,190,1.9805806756909201
262,134,1.9615384615384617
262,89,1.9325532081504213
262,78,1.9081838525651156
262,189,1.8554990599989225
262,352,1.8547247333404902
262,200,1.8412309007450616
216,119,0.0
216,20,0.0
216,399,0.0
216,476,0.0
216,264,0.0
216,200,0.0
216,189,0.0
216,362,0.0
216,17,0.0
216,16,0.0
220,416,1.0
220,19,1.0
220,190,1.0
220,134,1.0
220,59,1.0
220,89,1.0
220,125,1.0
220,77,1.0
220,78,0.9819805060619657
220,362,0.9707253433941511
377,77,1.0
377,19,1.0
377,416,1.0
377,125,1.0
377,476,1.0
377,415,1.0
377,17,1.0
377,284,1.0
377,400,1.0
377,190,0.9805806756909201
316,125,3.0
316,284,3.0
316,17,3.0
316,476,3.0
316,19,3.0
316,190,2.9611613513818402
316,134,2.9230769230769234
316,416,2.8431104890504297
316,89,2.8138358324445805
316,352,2.7830021245538283
209,125,2.0
209,476,2.0
209,284,2.0
209,17,2.0
209,824,2.0
209,19,2.0
209,190,1.9805806756909201
209,134,1.9615384615384617
209,59,1.959753784125494
209,119,1.894461056488531
265,125,1.0
265,190,1.0
265,416,1.0
265,134,1.0
265,59,1.0
265,19,1.0
265,89,0.9838699100999074
265,78,0.9827076298239908
265,200,0.9791238294461818
265,352,0.9642857142857143
167,416,4.0
167,125,4.0
167,19,4.0
167,190,3.98058067569092
167,134,3.9615384615384617
167,89,3.8193972613681604
167,78,3.741633676923401
167,94,3.6881896559982845
167,59,3.6125
167,200,3.596426968018326
178,125,1.0
178,824,1.0
178,77,1.0
178,19,1.0
178,415,1.0
178,416,1.0
178,400,1.0
178,190,0.9805806756909201
178,22,0.9725975251592748
178,94,0.9561196596541313
289,77,1.0
289,19,1.0
289,416,1.0
289,125,1.0
289,476,1.0
289,415,1.0
289,17,1.0
289,284,1.0
289,400,1.0
289,190,0.9805806756909201
287,125,1.0
287,19,1.0
287,284,1.0
287,134,1.0
287,190,1.0
287,416,1.0
287,17,1.0
287,476,1.0
287,77,1.0
287,94,0.9368621670933953
380,125,2.0
380,19,2.0
380,476,2.0
380,17,2.0
380,284,2.0
380,416,2.0
380,77,2.0
380,190,1.9805806756909201
380,134,1.9615384615384617
380,89,1.8355273512682533
356,134,2.0
356,190,2.0
356,416,2.0
356,125,2.0
356,19,2.0
356,352,1.8940056102583243
356,89,1.8707139633176468
356,200,1.860993833499979
356,94,1.8439769023155406
356,78,1.834176948120311
354,125,2.0
354,19,2.0
354,476,2.0
354,17,2.0
354,284,2.0
354,416,2.0
354,77,2.0
354,190,1.9805806756909201
354,134,1.9615384615384617
354,89,1.8355273512682533
376,416,2.0
376,415,2.0
376,77,2.0
376,59,1.9707253433941512
376,89,1.9622504486493764
376,134,1.8944271909999157
376,352,1.8925650713021382
376,119,1.865707853089664
376,78,1.8561553006146876
376,79,1.8500737503086182
346,19,1.0
346,125,1.0
346,824,1.0
346,476,1.0
346,134,1.0
346,17,1.0
346,284,1.0
346,400,1.0
346,190,0.9805806756909201
346,59,0.9799578870122228
101,125,1.0
101,824,1.0
101,77,1.0
101,19,1.0
101,415,1.0
101,416,1.0
101,400,1.0
101,190,0.9805806756909201
101,22,0.9725975251592748
101,94,0.9561196596541313
109,824,1.0
109,284,1.0
109,59,1.0
109,77,1.0
109,79,0.9827076298239908
109,352,0.9819805060619657
109,362,0.970142500145332
109,22,0.9428090415820635
109,20,0.9254762227411248
109,399,0.9234209765384739
191,134,2.0
191,190,2.0
191,416,2.0
191,125,2.0
191,19,2.0
191,352,1.8940056102583243
191,89,1.8707139633176468
191,200,1.860993833499979
191,94,1.8439769023155406
191,78,1.834176948120311
184,134,2.0
184,416,2.0
184,415,2.0
184,59,1.9486832980505138
184,89,1.91093374669989
184,362,1.8955837819827095
184,352,1.8598790015825788
184,78,1.832308221575385
184,399,1.8270169828073137
184,119,1.8231214194852756
352,119,0.0
352,20,0.0
352,399,0.0
352,476,0.0
352,264,0.0
352,200,0.0
352,189,0.0
352,362,0.0
352,17,0.0
352,16,0.0
231,19,1.0
231,415,1.0
231,190,1.0
231,125,1.0
231,284,1.0
231,416,1.0
231,17,1.0
231,476,1.0
231,77,1.0
231,89,0.9805806756909202
187,416,1.0
187,19,1.0
187,190,1.0
187,134,1.0
187,59,1.0
187,89,1.0
187,125,1.0
187,77,1.0
187,78,0.9819805060619657
187,362,0.9707253433941511
297,190,3.0
297,416,3.0
297,125,3.0
297,19,3.0
297,134,2.9636241116594313
297,352,2.8068765394336013
297,59,2.776187060183953
297,78,2.7286041391202267
297,20,2.702899012602494
297,94,2.699260724603012
228,125,3.0
228,416,3.0
228,19,3.0
228,190,2.98058067569092
228,134,2.9615384615384617
228,89,2.819397261368161
228,352,2.7844446293131
228,78,2.7596531708614354
228,94,2.7395063579477705
228,200,2.7231009047988586
308,19,1.0
308,125,1.0
308,824,1.0
308,476,1.0
308,134,1.0
308,17,1.0
308,284,1.0
308,400,1.0
308,190,0.9805806756909201
308,59,0.9799578870122228
139,125,1.0
139,19,1.0
139,284,1.0
139,134,1.0
139,190,1.0
139,416,1.0
139,17,1.0
139,476,1.0
139,77,1.0
139,94,0.9368621670933953
373,119,0.0
373,20,0.0
373,399,0.0
373,476,0.0
373,264,0.0
373,200,0.0
373,189,0.0
373,362,0.0
373,17,0.0
373,16,0.0
168,125,1.0
168,19,1.0
168,284,1.0
168,134,1.0
168,190,1.0
168,416,1.0
168,17,1.0
168,476,1.0
168,77,1.0
168,94,0.9368621670933953
400,416,1.0
400,59,1.0
400,415,1.0
400,134,1.0
400,77,1.0
400,119,0.9725975251592748
400,362,0.9622504486493763
400,89,0.9622504486493763
400,352,0.9561828874675149
400,79,0.9428090415820635
320,416,1.0
320,415,1.0
320,134,1.0
320,59,0.9486832980505138
320,89,0.9486832980505138
320,362,0.9333333333333333
320,94,0.9175322106845942
320,287,0.917463421851129
320,352,0.9036961141150639
320,399,0.8936836494739803
95,119,0.0
95,20,0.0
95,399,0.0
95,476,0.0
95,264,0.0
95,200,0.0
95,189,0.0
95,362,0.0
95,17,0.0
95,16,0.0
353,125,1.0
353,19,1.0
353,284,1.0
353,134,1.0
353,190,1.0
353,416,1.0
353,17,1.0
353,476,1.0
353,77,1.0
353,94,0.9368621670933953
260,125,1.0
260,190,1.0
260,416,1.0
260,134,1.0
260,59,1.0
260,19,1.0
260,89,0.9838699100999074
260,78,0.9827076298239908
260,200,0.9791238294461818
260,352,0.9642857142857143
83,119,0.0
83,20,0.0
83,399,0.0
83,476,0.0
83,264,0.0
83,200,0.0
83,189,0.0
83,362,0.0
83,17,0.0
83,16,0.0
250,125,2.0
250,77,2.0
250,19,2.0
250,416,2.0
250,415,2.0
250,400,2.0
250,190,1.9611613513818402
250,89,1.8745033978230652
250,189,1.853613165501943
250,94,1.8516491152863614
395,125,2.0
395,416,2.0
395,19,2.0
395,190,1.9805806756909201
395,134,1.9615384615384617
395,89,1.9325532081504213
395,78,1.9081838525651156
395,189,1.8554990599989225
395,352,1.8547247333404902
395,200,1.8412309007450616
183,416,1.0
183,19,1.0
183,190,1.0
183,134,1.0
183,59,1.0
183,89,1.0
183,125,1.0
183,77,1.0
183,78,0.9819805060619657
183,362,0.9707253433941511
275,416,1.0
275,19,1.0
275,190,1.0
275,134,1.0
275,59,1.0
275,89,1.0
275,125,1.0
275,77,1.0
275,78,0.9819805060619657
275,362,0.9707253433941511
173,125,2.0
173,19,2.0
173,476,2.0
173,17,2.0
173,284,2.0
173,416,2.0
173,77,2.0
173,190,1.9805806756909201
173,134,1.9615384615384617
173,89,1.8355273512682533
272,824,1.0
272,284,1.0
272,59,1.0
272,77,1.0
272,79,0.9827076298239908
272,352,0.9819805060619657
272,362,0.970142500145332
272,22,0.9428090415820635
272,20,0.9254762227411248
272,399,0.9234209765384739
304,119,0.0
304,20,0.0
304,399,0.0
304,476,0.0
304,264,0.0
304,200,0.0
304,189,0.0
304,362,0.0
304,17,0.0
304,16,0.0
318,119,0.0
318,20,0.0
318,399,0.0
318,476,0.0
318,264,0.0
318,200,0.0
318,189,0.0
318,362,0.0
318,17,0.0
318,16,0.0
125,125,2.0
125,19,2.0
125,476,2.0
125,17,2.0
125,284,2.0
125,416,2.0
125,77,2.0
125,190,1.9805806756909201
125,134,1.9615384615384617
125,89,1.8355273512682533
374,125,1.0
374,190,1.0
374,416,1.0
374,134,1.0
374,59,1.0
374,19,1.0
374,89,0.9838699100999074
374,78,0.9827076298239908
374,200,0.9791238294461818
374,352,0.9642857142857143
317,119,0.0
317,20,0.0
317,399,0.0
317,476,0.0
317,264,0.0
317,200,0.0
317,189,0.0
317,362,0.0
317,17,0.0
317,16,0.0
177,119,0.0
177,20,0.0
177,399,0.0
177,476,0.0
177,264,0.0
177,200,0.0
177,189,0.0
177,362,0.0
177,17,0.0
177,16,0.0
149,134,2.0
149,190,2.0
149,416,2.0
149,125,2.0
149,19,2.0
149,352,1.8940056102583243
149,89,1.8707139633176468
149,200,1.860993833499979
149,94,1.8439769023155406
149,78,1.834176948120311
327,416,1.0
327,415,1.0
327,134,1.0
327,59,0.9486832980505138
327,89,0.9486832980505138
327,362,0.9333333333333333
327,94,0.9175322106845942
327,287,0.917463421851129
327,352,0.9036961141150639
327,399,0.8936836494739803
207,125,2.0
207,19,2.0
207,476,2.0
207,17,2.0
207,284,2.0
207,416,2.0
207,77,2.0
207,190,1.9805806756909201
207,134,1.9615384615384617
207,89,1.8355273512682533
361,119,0.0
361,20,0.0
361,399,0.0
361,476,0.0
361,264,0.0
361,200,0.0
361,189,0.0
361,362,0.0
361,17,0.0
361,16,0.0
339,77,1.0
339,19,1.0
339,416,1.0
339,125,1.0
339,476,1.0
339,415,1.0
339,17,1.0
339,284,1.0
339,400,1.0
339,190,0.9805806756909201
351,125,1.0
351,89,1.0
351,415,1.0
351,416,1.0
351,19,1.0
351,284,1.0
351,190,1.0
351,77,1.0
351,59,0.9707253433941511
351,352,0.9363821838346235
266,125,1.0
266,190,1.0
266,416,1.0
266,134,1.0
266,59,1.0
266,19,1.0
266,89,0.9838699100999074
266,78,0.9827076298239908
266,200,0.9791238294461818
266,352,0.9642857142857143
386,77,1.0
386,19,1.0
386,416,1.0
386,125,1.0
386,476,1.0
386,415,1.0
386,17,1.0
386,284,1.0
386,400,1.0
386,190,0.9805806756909201
285,125,3.0
285,416,3.0
285,19,3.0
285,190,2.98058067569092
285,134,2.9615384615384617
285,89,2.932553208150421
285,78,2.8901643586270813
285,59,2.8125
285,22,2.758116622033803
285,94,2.7513274889048893
127,19,1.0
127,125,1.0
127,824,1.0
127,476,1.0
127,134,1.0
127,17,1.0
127,284,1.0
127,400,1.0
127,190,0.9805806756909201
127,59,0.9799578870122228
341,77,1.0
341,19,1.0
341,416,1.0
341,125,1.0
341,476,1.0
341,415,1.0
341,17,1.0
341,284,1.0
341,400,1.0
341,190,0.9805806756909201
130,125,1.0
130,190,1.0
130,416,1.0
130,134,1.0
130,59,1.0
130,19,1.0
130,89,0.9838699100999074
130,78,0.9827076298239908
130,200,0.9791238294461818
130,352,0.9642857142857143
364,125,1.0
364,190,1.0
364,416,1.0
364,134,1.0
364,59,1.0
364,19,1.0
364,89,0.9838699100999074
364,78,0.9827076298239908
364,200,0.9791238294461818
364,352,0.9642857142857143
331,125,1.0
331,19,1.0
331,284,1.0
331,134,1.0
331,190,1.0
331,416,1.0
331,17,1.0
331,476,1.0
331,77,1.0
331,94,0.9368621670933953
332,416,1.0
332,415,1.0
332,134,1.0
332,59,0.9486832980505138
332,89,0.9486832980505138
332,362,0.9333333333333333
332,94,0.9175322106845942
332,287,0.917463421851129
332,352,0.9036961141150639
332,399,0.8936836494739803
389,119,0.0
389,20,0.0
389,399,0.0
389,476,0.0
389,264,0.0
389,200,0.0
389,189,0.0
389,362,0.0
389,17,0.0
389,16,0.0
146,125,1.0
146,824,1.0
146,77,1.0
146,19,1.0
146,415,1.0
146,416,1.0
146,400,1.0
146,190,0.9805806756909201
146,22,0.9725975251592748
146,94,0.9561196596541313
328,77,1.0
328,19,1.0
328,416,1.0
328,125,1.0
328,476,1.0
328,415,1.0
328,17,1.0
328,284,1.0
328,400,1.0
328,190,0.9805806756909201
322,77,1.0
322,19,1.0
322,416,1.0
322,125,1.0
322,476,1.0
322,415,1.0
322,17,1.0
322,284,1.0
322,400,1.0
322,190,0.9805806756909201
181,77,1.0
181,19,1.0
181,416,1.0
181,125,1.0
181,476,1.0
181,415,1.0
181,17,1.0
181,284,1.0
181,400,1.0
181,190,0.9805806756909201
299,416,2.0
299,190,2.0
299,125,2.0
299,19,2.0
299,89,1.9838699100999073
299,59,1.9707253433941512
299,352,1.9006678981203378
299,78,1.8960538888566147
299,134,1.8944271909999157
299,22,1.845023240677425
313,125,1.0
313,190,1.0
313,416,1.0
313,134,1.0
313,59,1.0
313,19,1.0
313,89,0.9838699100999074
313,78,0.9827076298239908
313,200,0.9791238294461818
313,352,0.9642857142857143
245,125,1.0
245,19,1.0
245,284,1.0
245,134,1.0
245,190,1.0
245,416,1.0
245,17,1.0
245,476,1.0
245,77,1.0
245,94,0.9368621670933953
393,416,1.0
393,59,1.0
393,415,1.0
393,134,1.0
393,77,1.0
393,119,0.9725975251592748
393,362,0.9622504486493763
393,89,0.9622504486493763
393,352,0.9561828874675149
393,79,0.9428090415820635
324,125,2.0
324,19,2.0
324,476,2.0
324,17,2.0
324,284,2.0
324,416,2.0
324,77,2.0
324,190,1.9805806756909201
324,134,1.9615384615384617
324,89,1.8355273512682533
74,19,1.0
74,125,1.0
74,824,1.0
74,476,1.0
74,134,1.0
74,17,1.0
74,284,1.0
74,400,1.0
74,190,0.9805806756909201
74,59,0.9799578870122228
195,77,1.0
195,19,1.0
195,416,1.0
195,125,1.0
195,476,1.0
195,415,1.0
195,17,1.0
195,284,1.0
195,400,1.0
195,190,0.9805806756909201
239,77,1.0
239,19,1.0
239,416,1.0
239,125,1.0
239,476,1.0
239,415,1.0
239,17,1.0
239,284,1.0
239,400,1.0
239,190,0.9805806756909201
334,19,1.0
334,125,1.0
334,824,1.0
334,476,1.0
334,134,1.0
334,17,1.0
334,284,1.0
334,400,1.0
334,190,0.9805806756909201
334,59,0.9799578870122228
118,352,2.9146051508426902
118,22,2.857834230632086
118,189,2.843396185526803
118,287,2.780288057912301
118,255,2.7757002808578273
118,20,2.7185992559766037
118,79,2.7049712393551344
118,119,2.691030362396516
118,200,2.656317785645176
118,94,2.6351413847790823
150,125,1.0
150,190,1.0
150,416,1.0
150,19,1.0
150,415,1.0
150,476,1.0
150,17,1.0
150,77,1.0
150,59,0.9761870601839528
150,134,0.9636241116594315
