9657,20,1932.0
9657,119,1536.0
9657,79,1224.0
9657,255,564.0
9657,22,396.0
9657,352,324.0
9657,89,204.0
9657,78,144.0
9657,190,36.0
9657,416,24.0
1550,20,161.0
1550,264,137.0
1550,399,106.0
1550,79,102.0
1550,200,86.0
1550,94,82.0
1550,287,55.0
1550,189,51.0
1550,255,47.0
1550,310,44.0
17924,20,322.0
17924,264,274.0
17924,119,256.0
17924,79,204.0
17924,200,172.0
17924,287,110.0
17924,189,102.0
17924,255,94.0
17924,310,88.0
17924,22,66.0
4672,119,0.0
4672,20,0.0
4672,399,0.0
4672,476,0.0
4672,264,0.0
4672,200,0.0
4672,189,0.0
4672,362,0.0
4672,17,0.0
4672,16,0.0
8497,20,161.0
8497,264,137.0
8497,119,128.0
8497,399,106.0
8497,79,102.0
8497,94,82.0
8497,287,55.0
8497,189,51.0
8497,255,47.0
8497,310,44.0
9070,20,805.0
9070,119,640.0
9070,79,510.0
9070,200,430.0
9070,94,410.0
9070,287,275.0
9070,189,255.0
9070,255,235.0
9070,22,165.0
9070,352,135.0
16845,119,0.0
16845,20,0.0
16845,399,0.0
16845,476,0.0
16845,264,0.0
16845,200,0.0
16845,189,0.0
16845,362,0.0
16845,17,0.0
16845,16,0.0
7943,399,848.0
7943,79,816.0
7943,94,656.0
7943,189,408.0
7943,255,376.0
7943,310,352.0
7943,22,264.0
7943,352,216.0
7943,89,136.0
7943,78,96.0
8348,20,483.0
8348,119,384.0
8348,399,318.0
8348,79,306.0
8348,94,246.0
8348,287,165.0
8348,189,153.0
8348,255,141.0
8348,310,132.0
8348,22,99.0
7974,20,1288.0
7974,200,688.0
7974,310,352.0
7974,22,264.0
7974,16,224.0
7974,352,216.0
7974,362,208.0
7974,89,136.0
7974,78,96.0
7974,59,88.0
19001,287,550.0
19001,255,470.0
19001,22,330.0
19001,16,280.0
19001,352,270.0
19001,89,170.0
19001,78,120.0
19001,59,110.0
19001,134,90.0
19001,190,30.0
5878,264,1096.0
5878,119,1024.0
5878,287,440.0
5878,255,376.0
5878,16,224.0
5878,352,216.0
5878,362,208.0
5878,89,136.0
5878,78,96.0
5878,59,88.0
19049,119,640.0
19049,79,510.0
19049,200,430.0
19049,94,410.0
19049,287,275.0
19049,255,235.0
19049,310,220.0
19049,22,165.0
19049,16,140.0
19049,352,135.0
1359,20,161.0
1359,264,137.0
1359,119,128.0
1359,399,106.0
1359,200,86.0
1359,94,82.0
1359,287,55.0
1359,189,51.0
1359,255,47.0
1359,310,44.0
8347,20,161.0
8347,264,137.0
8347,119,128.0
8347,399,106.0
8347,79,102.0
8347,200,86.0
8347,287,55.0
8347,189,51.0
8347,255,47.0
8347,310,44.0
19003,200,946.0
19003,255,517.0
19003,22,363.0
19003,16,308.0
19003,352,297.0
19003,89,187.0
19003,59,121.0
19003,134,99.0
19003,190,33.0
19003,416,22.0
12415,119,0.0
12415,20,0.0
12415,399,0.0
12415,476,0.0
12415,264,0.0
12415,200,0.0
12415,189,0.0
12415,362,0.0
12415,17,0.0
12415,16,0.0
11894,119,1024.0
11894,287,440.0
11894,310,352.0
11894,22,264.0
11894,16,224.0
11894,352,216.0
11894,362,208.0
11894,89,136.0
11894,78,96.0
11894,59,88.0
19000,119,768.0
19000,79,612.0
19000,189,306.0
19000,255,282.0
19000,310,264.0
19000,22,198.0
19000,16,168.0
19000,352,162.0
19000,362,156.0
19000,89,102.0
19030,264,685.0
19030,399,530.0
19030,79,510.0
19030,287,275.0
19030,255,235.0
19030,310,220.0
19030,22,165.0
19030,16,140.0
19030,352,135.0
19030,362,130.0
4729,20,161.0
4729,264,137.0
4729,399,106.0
4729,79,102.0
4729,200,86.0
4729,94,82.0
4729,287,55.0
4729,189,51.0
4729,255,47.0
4729,310,44.0
18257,20,161.0
18257,264,137.0
18257,399,106.0
18257,79,102.0
18257,200,86.0
18257,94,82.0
18257,287,55.0
18257,189,51.0
18257,255,47.0
18257,310,44.0
5872,79,510.0
5872,200,430.0
5872,94,410.0
5872,287,275.0
5872,255,235.0
5872,310,220.0
5872,22,165.0
5872,16,140.0
5872,352,135.0
5872,362,130.0
12414,20,644.0
12414,79,408.0
12414,200,344.0
12414,94,328.0
12414,287,220.0
12414,255,188.0
12414,310,176.0
12414,22,132.0
12414,16,112.0
12414,352,108.0
8173,20,161.0
8173,264,137.0
8173,399,106.0
8173,79,102.0
8173,200,86.0
8173,94,82.0
8173,287,55.0
8173,189,51.0
8173,255,47.0
8173,310,44.0
4588,20,161.0
4588,264,137.0
4588,399,106.0
4588,79,102.0
4588,200,86.0
4588,94,82.0
4588,287,55.0
4588,189,51.0
4588,255,47.0
4588,310,44.0
19008,20,161.0
19008,264,137.0
19008,119,128.0
19008,399,106.0
19008,79,102.0
19008,200,86.0
19008,94,82.0
19008,287,55.0
19008,255,47.0
19008,310,44.0
7796,20,161.0
7796,264,137.0
7796,399,106.0
7796,79,102.0
7796,200,86.0
7796,94,82.0
7796,287,55.0
7796,189,51.0
7796,255,47.0
7796,310,44.0
16513,20,161.0
16513,264,137.0
16513,399,106.0
16513,79,102.0
16513,200,86.0
16513,94,82.0
16513,287,55.0
16513,189,51.0
16513,255,47.0
16513,310,44.0
319,20,161.0
319,264,137.0
319,399,106.0
319,79,102.0
319,200,86.0
319,94,82.0
319,287,55.0
319,189,51.0
319,255,47.0
319,310,44.0
4696,20,161.0
4696,264,137.0
4696,399,106.0
4696,79,102.0
4696,200,86.0
4696,94,82.0
4696,287,55.0
4696,189,51.0
4696,255,47.0
4696,310,44.0
11917,20,161.0
11917,264,137.0
11917,119,128.0
11917,399,106.0
11917,79,102.0
11917,200,86.0
11917,287,55.0
11917,189,51.0
11917,255,47.0
11917,310,44.0
5120,264,548.0
5120,399,424.0
5120,79,408.0
5120,200,344.0
5120,94,328.0
5120,287,220.0
5120,189,204.0
5120,22,132.0
5120,16,112.0
5120,352,108.0
4304,264,411.0
4304,399,318.0
4304,79,306.0
4304,200,258.0
4304,94,246.0
4304,287,165.0
4304,255,141.0
4304,310,132.0
4304,22,99.0
4304,16,84.0
18260,20,161.0
18260,264,137.0
18260,119,128.0
18260,399,106.0
18260,79,102.0
18260,200,86.0
18260,287,55.0
18260,189,51.0
18260,255,47.0
18260,310,44.0
4,200,774.0
4,255,423.0
4,22,297.0
4,16,252.0
4,352,243.0
4,362,234.0
4,89,153.0
4,78,108.0
4,59,99.0
4,134,81.0
19029,20,322.0
19029,264,274.0
19029,119,256.0
19029,399,212.0
19029,79,204.0
19029,200,172.0
19029,287,110.0
19029,189,102.0
19029,310,88.0
19029,22,66.0
8342,79,918.0
8342,94,738.0
8342,287,495.0
8342,255,423.0
8342,22,297.0
8342,352,243.0
8342,362,234.0
8342,89,153.0
8342,78,108.0
8342,59,99.0
19048,20,805.0
19048,79,510.0
19048,287,275.0
19048,189,255.0
19048,255,235.0
19048,310,220.0
19048,22,165.0
19048,16,140.0
19048,352,135.0
19048,362,130.0
18251,20,644.0
18251,119,512.0
18251,79,408.0
18251,287,220.0
18251,189,204.0
18251,255,188.0
18251,310,176.0
18251,22,132.0
18251,16,112.0
18251,352,108.0
2090,20,322.0
2090,264,274.0
2090,399,212.0
2090,79,204.0
2090,200,172.0
2090,287,110.0
2090,189,102.0
2090,255,94.0
2090,310,88.0
2090,22,66.0
19159,264,685.0
19159,79,510.0
19159,287,275.0
19159,189,255.0
19159,255,235.0
19159,310,220.0
19159,22,165.0
19159,16,140.0
19159,352,135.0
19159,362,130.0
19018,20,161.0
19018,264,137.0
19018,399,106.0
19018,79,102.0
19018,200,86.0
19018,94,82.0
19018,287,55.0
19018,189,51.0
19018,255,47.0
19018,310,44.0
14223,264,822.0
14223,79,612.0
14223,200,516.0
14223,287,330.0
14223,255,282.0
14223,310,264.0
14223,22,198.0
14223,16,168.0
14223,352,162.0
14223,362,156.0
19534,20,483.0
19534,399,318.0
19534,79,306.0
19534,200,258.0
19534,287,165.0
19534,189,153.0
19534,255,141.0
19534,310,132.0
19534,22,99.0
19534,16,84.0
8289,20,161.0
8289,264,137.0
8289,399,106.0
8289,79,102.0
8289,200,86.0
8289,94,82.0
8289,287,55.0
8289,189,51.0
8289,255,47.0
8289,310,44.0
15596,264,274.0
15596,119,256.0
15596,399,212.0
15596,200,172.0
15596,94,164.0
15596,287,110.0
15596,189,102.0
15596,255,94.0
15596,310,88.0
15596,22,66.0
18249,264,274.0
18249,399,212.0
18249,79,204.0
18249,200,172.0
18249,94,164.0
18249,287,110.0
18249,189,102.0
18249,255,94.0
18249,310,88.0
18249,22,66.0
10885,264,137.0
10885,119,128.0
10885,399,106.0
10885,79,102.0
10885,200,86.0
10885,94,82.0
10885,287,55.0
10885,189,51.0
10885,255,47.0
10885,310,44.0
19046,20,161.0
19046,119,128.0
19046,399,106.0
19046,79,102.0
19046,200,86.0
19046,94,82.0
19046,287,55.0
19046,189,51.0
19046,255,47.0
19046,310,44.0
10369,119,0.0
10369,20,0.0
10369,399,0.0
10369,476,0.0
10369,264,0.0
10369,200,0.0
10369,189,0.0
10369,362,0.0
10369,17,0.0
10369,16,0.0
4693,264,411.0
4693,399,318.0
4693,79,306.0
4693,200,258.0
4693,287,165.0
4693,189,153.0
4693,255,141.0
4693,310,132.0
4693,22,99.0
4693,16,84.0
12411,20,805.0
12411,264,685.0
12411,287,275.0
12411,189,255.0
12411,255,235.0
12411,310,220.0
12411,22,165.0
12411,16,140.0
12411,352,135.0
12411,362,130.0
16398,20,483.0
16398,264,411.0
16398,200,258.0
16398,94,246.0
16398,287,165.0
16398,189,153.0
16398,255,141.0
16398,310,132.0
16398,22,99.0
16398,16,84.0
18259,20,161.0
18259,264,137.0
18259,119,128.0
18259,399,106.0
18259,79,102.0
18259,200,86.0
18259,94,82.0
18259,287,55.0
18259,189,51.0
18259,255,47.0
8543,20,805.0
8543,79,510.0
8543,287,275.0
8543,189,255.0
8543,255,235.0
8543,310,220.0
8543,22,165.0
8543,16,140.0
8543,352,135.0
8543,362,130.0
19024,264,411.0
19024,399,318.0
19024,79,306.0
19024,94,246.0
19024,287,165.0
19024,189,153.0
19024,255,141.0
19024,310,132.0
19024,22,99.0
19024,16,84.0
18256,20,161.0
18256,264,137.0
18256,119,128.0
18256,399,106.0
18256,79,102.0
18256,200,86.0
18256,94,82.0
18256,287,55.0
18256,189,51.0
18256,255,47.0
4634,20,483.0
4634,264,411.0
4634,79,306.0
4634,200,258.0
4634,94,246.0
4634,287,165.0
4634,255,141.0
4634,310,132.0
4634,22,99.0
4634,16,84.0
465,20,161.0
465,264,137.0
465,119,128.0
465,399,106.0
465,79,102.0
465,200,86.0
465,94,82.0
465,287,55.0
465,189,51.0
465,255,47.0
5924,20,161.0
5924,264,137.0
5924,119,128.0
5924,399,106.0
5924,79,102.0
5924,200,86.0
5924,94,82.0
5924,287,55.0
5924,189,51.0
5924,255,47.0
19034,119,512.0
19034,399,424.0
19034,79,408.0
19034,200,344.0
19034,94,328.0
19034,287,220.0
19034,189,204.0
19034,310,176.0
19034,16,112.0
19034,352,108.0
8773,119,0.0
8773,20,0.0
8773,399,0.0
8773,476,0.0
8773,264,0.0
8773,200,0.0
8773,189,0.0
8773,362,0.0
8773,17,0.0
8773,16,0.0
469,20,161.0
469,264,137.0
469,119,128.0
469,399,106.0
469,79,102.0
469,200,86.0
469,287,55.0
469,189,51.0
469,255,47.0
469,310,44.0
18649,20,161.0
18649,264,137.0
18649,399,106.0
18649,79,102.0
18649,200,86.0
18649,94,82.0
18649,287,55.0
18649,189,51.0
18649,255,47.0
18649,310,44.0
19033,20,161.0
19033,264,137.0
19033,119,128.0
19033,399,106.0
19033,79,102.0
19033,94,82.0
19033,287,55.0
19033,189,51.0
19033,255,47.0
19033,310,44.0
4310,20,322.0
4310,264,274.0
4310,399,212.0
4310,79,204.0
4310,200,172.0
4310,94,164.0
4310,287,110.0
4310,255,94.0
4310,310,88.0
4310,22,66.0
5873,20,161.0
5873,264,137.0
5873,119,128.0
5873,399,106.0
5873,79,102.0
5873,200,86.0
5873,287,55.0
5873,189,51.0
5873,255,47.0
5873,310,44.0
11908,20,161.0
11908,264,137.0
11908,119,128.0
11908,79,102.0
11908,200,86.0
11908,94,82.0
11908,287,55.0
11908,189,51.0
11908,255,47.0
11908,310,44.0
18070,119,0.0
18070,20,0.0
18070,399,0.0
18070,476,0.0
18070,264,0.0
18070,200,0.0
18070,189,0.0
18070,362,0.0
18070,17,0.0
18070,16,0.0
14822,264,137.0
14822,119,128.0
14822,399,106.0
14822,79,102.0
14822,200,86.0
14822,94,82.0
14822,287,55.0
14822,189,51.0
14822,255,47.0
14822,310,44.0
18999,264,685.0
18999,79,510.0
18999,94,410.0
18999,189,255.0
18999,255,235.0
18999,310,220.0
18999,22,165.0
18999,16,140.0
18999,352,135.0
18999,362,130.0
14091,20,161.0
14091,264,137.0
14091,119,128.0
14091,79,102.0
14091,200,86.0
14091,94,82.0
14091,287,55.0
14091,189,51.0
14091,255,47.0
14091,310,44.0
1023,20,161.0
1023,264,137.0
1023,119,128.0
1023,79,102.0
1023,200,86.0
1023,94,82.0
1023,287,55.0
1023,189,51.0
1023,255,47.0
1023,310,44.0
3783,20,483.0
3783,264,411.0
3783,79,306.0
3783,200,258.0
3783,287,165.0
3783,189,153.0
3783,255,141.0
3783,310,132.0
3783,22,99.0
3783,16,84.0
19913,119,0.0
19913,20,0.0
19913,399,0.0
19913,476,0.0
19913,264,0.0
19913,200,0.0
19913,189,0.0
19913,362,0.0
19913,17,0.0
19913,16,0.0
19012,20,161.0
19012,264,137.0
19012,119,128.0
19012,399,106.0
19012,79,102.0
19012,200,86.0
19012,287,55.0
19012,189,51.0
19012,255,47.0
19012,310,44.0
11918,119,0.0
11918,20,0.0
11918,399,0.0
11918,476,0.0
11918,264,0.0
11918,200,0.0
11918,189,0.0
11918,362,0.0
11918,17,0.0
11918,16,0.0
11912,20,161.0
11912,264,137.0
11912,119,128.0
11912,399,106.0
11912,79,102.0
11912,200,86.0
11912,287,55.0
11912,189,51.0
11912,255,47.0
11912,310,44.0
19022,119,0.0
19022,20,0.0
19022,399,0.0
19022,476,0.0
19022,264,0.0
19022,200,0.0
19022,189,0.0
19022,362,0.0
19022,17,0.0
19022,16,0.0
18250,20,161.0
18250,264,137.0
18250,399,106.0
18250,79,102.0
18250,200,86.0
18250,94,82.0
18250,287,55.0
18250,189,51.0
18250,255,47.0
18250,310,44.0
19028,20,161.0
19028,264,137.0
19028,399,106.0
19028,79,102.0
19028,200,86.0
19028,94,82.0
19028,287,55.0
19028,189,51.0
19028,255,47.0
19028,310,44.0
12350,20,161.0
12350,264,137.0
12350,119,128.0
12350,399,106.0
12350,79,102.0
12350,200,86.0
12350,287,55.0
12350,189,51.0
12350,255,47.0
12350,310,44.0
19021,264,137.0
19021,119,128.0
19021,399,106.0
19021,79,102.0
19021,200,86.0
19021,94,82.0
19021,287,55.0
19021,189,51.0
19021,255,47.0
19021,310,44.0
11911,20,322.0
11911,264,274.0
11911,119,256.0
11911,399,212.0
11911,200,172.0
11911,94,164.0
11911,189,102.0
11911,255,94.0
11911,310,88.0
11911,22,66.0
80,20,161.0
80,264,137.0
80,119,128.0
80,399,106.0
80,79,102.0
80,94,82.0
80,287,55.0
80,189,51.0
80,255,47.0
80,310,44.0
19043,20,1288.0
19043,79,816.0
19043,287,440.0
19043,310,352.0
19043,22,264.0
19043,16,224.0
19043,352,216.0
19043,89,136.0
19043,78,96.0
19043,59,88.0
11903,20,483.0
11903,264,411.0
11903,79,306.0
11903,200,258.0
11903,94,246.0
11903,287,165.0
11903,255,141.0
11903,310,132.0
11903,22,99.0
11903,16,84.0
19044,20,805.0
19044,200,430.0
19044,94,410.0
19044,189,255.0
19044,255,235.0
19044,310,220.0
19044,22,165.0
19044,16,140.0
19044,352,135.0
19044,362,130.0
8335,20,161.0
8335,264,137.0
8335,119,128.0
8335,399,106.0
8335,79,102.0
8335,200,86.0
8335,94,82.0
8335,287,55.0
8335,255,47.0
8335,310,44.0
4633,264,137.0
4633,119,128.0
4633,399,106.0
4633,79,102.0
4633,200,86.0
4633,94,82.0
4633,287,55.0
4633,189,51.0
4633,255,47.0
4633,310,44.0
4448,20,161.0
4448,264,137.0
4448,119,128.0
4448,79,102.0
4448,200,86.0
4448,94,82.0
4448,287,55.0
4448,189,51.0
4448,255,47.0
4448,310,44.0
11899,119,0.0
11899,20,0.0
11899,399,0.0
11899,476,0.0
11899,264,0.0
11899,200,0.0
11899,189,0.0
11899,362,0.0
11899,17,0.0
11899,16,0.0
10748,20,161.0
10748,264,137.0
10748,119,128.0
10748,399,106.0
10748,79,102.0
10748,200,86.0
10748,94,82.0
10748,287,55.0
10748,255,47.0
10748,310,44.0
11901,20,161.0
11901,264,137.0
11901,119,128.0
11901,399,106.0
11901,79,102.0
11901,200,86.0
11901,94,82.0
11901,287,55.0
11901,255,47.0
11901,310,44.0
18230,264,685.0
18230,79,510.0
18230,287,275.0
18230,189,255.0
18230,255,235.0
18230,310,220.0
18230,22,165.0
18230,16,140.0
18230,352,135.0
18230,362,130.0
11909,20,161.0
11909,264,137.0
11909,119,128.0
11909,79,102.0
11909,200,86.0
11909,94,82.0
11909,287,55.0
11909,189,51.0
11909,255,47.0
11909,310,44.0
7727,20,161.0
7727,264,137.0
7727,399,106.0
7727,79,102.0
7727,200,86.0
7727,94,82.0
7727,287,55.0
7727,189,51.0
7727,255,47.0
7727,310,44.0
11907,20,322.0
11907,264,274.0
11907,119,256.0
11907,399,212.0
11907,79,204.0
11907,200,172.0
11907,287,110.0
11907,255,94.0
11907,310,88.0
11907,22,66.0
6527,20,322.0
6527,264,274.0
6527,399,212.0
6527,200,172.0
6527,94,164.0
6527,287,110.0
6527,189,102.0
6527,255,94.0
6527,310,88.0
6527,22,66.0
19041,20,161.0
19041,264,137.0
19041,119,128.0
19041,399,106.0
19041,200,86.0
19041,94,82.0
19041,287,55.0
19041,189,51.0
19041,255,47.0
19041,310,44.0
8324,20,161.0
8324,264,137.0
8324,119,128.0
8324,399,106.0
8324,79,102.0
8324,200,86.0
8324,94,82.0
8324,287,55.0
8324,255,47.0
8324,310,44.0
11910,20,161.0
11910,264,137.0
11910,119,128.0
11910,399,106.0
11910,79,102.0
11910,200,86.0
11910,287,55.0
11910,189,51.0
11910,255,47.0
11910,310,44.0
502,20,161.0
502,264,137.0
502,119,128.0
502,79,102.0
502,200,86.0
502,94,82.0
502,287,55.0
502,189,51.0
502,255,47.0
502,310,44.0
6973,20,161.0
6973,264,137.0
6973,119,128.0
6973,399,106.0
6973,79,102.0
6973,200,86.0
6973,94,82.0
6973,287,55.0
6973,255,47.0
6973,310,44.0
19042,264,137.0
19042,119,128.0
19042,399,106.0
19042,79,102.0
19042,200,86.0
19042,94,82.0
19042,287,55.0
19042,189,51.0
19042,255,47.0
19042,310,44.0
18185,119,0.0
18185,20,0.0
18185,399,0.0
18185,476,0.0
18185,264,0.0
18185,200,0.0
18185,189,0.0
18185,362,0.0
18185,17,0.0
18185,16,0.0
10265,20,161.0
10265,264,137.0
10265,119,128.0
10265,399,106.0
10265,79,102.0
10265,200,86.0
10265,287,55.0
10265,189,51.0
10265,255,47.0
10265,310,44.0
5606,20,161.0
5606,264,137.0
5606,119,128.0
5606,399,106.0
5606,79,102.0
5606,200,86.0
5606,94,82.0
5606,287,55.0
5606,189,51.0
5606,255,47.0
19004,399,1272.0
19004,79,1224.0
19004,310,528.0
19004,352,324.0
19004,89,204.0
19004,78,144.0
19004,59,132.0
19004,190,36.0
19004,284,24.0
19004,416,24.0
6128,20,161.0
6128,264,137.0
6128,119,128.0
6128,399,106.0
6128,200,86.0
6128,94,82.0
6128,287,55.0
6128,189,51.0
6128,255,47.0
6128,310,44.0
15717,20,322.0
15717,264,274.0
15717,119,256.0
15717,79,204.0
15717,200,172.0
15717,287,110.0
15717,189,102.0
15717,255,94.0
15717,310,88.0
15717,22,66.0
13880,20,483.0
13880,399,318.0
13880,79,306.0
13880,200,258.0
13880,287,165.0
13880,189,153.0
13880,255,141.0
13880,310,132.0
13880,22,99.0
13880,16,84.0
14062,119,0.0
14062,20,0.0
14062,399,0.0
14062,476,0.0
14062,264,0.0
14062,200,0.0
14062,189,0.0
14062,362,0.0
14062,17,0.0
14062,16,0.0
98,20,161.0
98,264,137.0
98,119,128.0
98,399,106.0
98,79,102.0
98,200,86.0
98,94,82.0
98,287,55.0
98,189,51.0
98,255,47.0
12122,20,161.0
12122,119,128.0
12122,399,106.0
12122,79,102.0
12122,200,86.0
12122,94,82.0
12122,287,55.0
12122,189,51.0
12122,255,47.0
12122,310,44.0
11919,20,161.0
11919,264,137.0
11919,119,128.0
11919,399,106.0
11919,79,102.0
11919,200,86.0
11919,287,55.0
11919,189,51.0
11919,255,47.0
11919,310,44.0
19035,264,274.0
19035,119,256.0
19035,399,212.0
19035,79,204.0
19035,200,172.0
19035,287,110.0
19035,189,102.0
19035,255,94.0
19035,310,88.0
19035,22,66.0
6528,264,411.0
6528,119,384.0
6528,399,318.0
6528,200,258.0
6528,94,246.0
6528,287,165.0
6528,189,153.0
6528,255,141.0
6528,310,132.0
6528,22,99.0
12416,20,161.0
12416,264,137.0
12416,119,128.0
12416,399,106.0
12416,79,102.0
12416,200,86.0
12416,94,82.0
12416,287,55.0
12416,189,51.0
12416,255,47.0
7333,20,161.0
7333,264,137.0
7333,119,128.0
7333,399,106.0
7333,200,86.0
7333,94,82.0
7333,287,55.0
7333,189,51.0
7333,255,47.0
7333,310,44.0
19138,20,161.0
19138,264,137.0
19138,119,128.0
19138,399,106.0
19138,79,102.0
19138,200,86.0
19138,287,55.0
19138,189,51.0
19138,255,47.0
19138,310,44.0
6526,119,0.0
6526,20,0.0
6526,399,0.0
6526,476,0.0
6526,264,0.0
6526,200,0.0
6526,189,0.0
6526,362,0.0
6526,17,0.0
6526,16,0.0
19027,264,137.0
19027,119,128.0
19027,399,106.0
19027,79,102.0
19027,200,86.0
19027,94,82.0
19027,287,55.0
19027,189,51.0
19027,255,47.0
19027,310,44.0
15594,20,322.0
15594,119,256.0
15594,399,212.0
15594,200,172.0
15594,94,164.0
15594,287,110.0
15594,189,102.0
15594,255,94.0
15594,310,88.0
15594,22,66.0
8917,20,161.0
8917,264,137.0
8917,119,128.0
8917,399,106.0
8917,79,102.0
8917,200,86.0
8917,94,82.0
8917,287,55.0
8917,255,47.0
8917,310,44.0
19011,264,137.0
19011,119,128.0
19011,399,106.0
19011,79,102.0
19011,200,86.0
19011,94,82.0
19011,287,55.0
19011,189,51.0
19011,255,47.0
19011,310,44.0
11904,20,161.0
11904,264,137.0
11904,119,128.0
11904,399,106.0
11904,79,102.0
11904,94,82.0
11904,287,55.0
11904,189,51.0
11904,255,47.0
11904,310,44.0
6553,20,161.0
6553,264,137.0
6553,119,128.0
6553,399,106.0
6553,79,102.0
6553,94,82.0
6553,287,55.0
6553,189,51.0
6553,255,47.0
6553,310,44.0
14738,20,161.0
14738,264,137.0
14738,119,128.0
14738,399,106.0
14738,200,86.0
14738,94,82.0
14738,287,55.0
14738,189,51.0
14738,255,47.0
14738,310,44.0
7645,264,137.0
7645,119,128.0
7645,399,106.0
7645,79,102.0
7645,200,86.0
7645,94,82.0
7645,287,55.0
7645,189,51.0
7645,255,47.0
7645,310,44.0
13564,20,161.0
13564,119,128.0
13564,399,106.0
13564,79,102.0
13564,200,86.0
13564,94,82.0
13564,287,55.0
13564,189,51.0
13564,255,47.0
13564,310,44.0
1013,20,161.0
1013,264,137.0
1013,119,128.0
1013,399,106.0
1013,200,86.0
1013,94,82.0
1013,287,55.0
1013,189,51.0
1013,255,47.0
1013,310,44.0
18231,264,274.0
18231,119,256.0
18231,399,212.0
18231,79,204.0
18231,200,172.0
18231,287,110.0
18231,189,102.0
18231,255,94.0
18231,310,88.0
18231,22,66.0
3736,119,0.0
3736,20,0.0
3736,399,0.0
3736,476,0.0
3736,264,0.0
3736,200,0.0
3736,189,0.0
3736,362,0.0
3736,17,0.0
3736,16,0.0
5119,264,274.0
5119,119,256.0
5119,399,212.0
5119,200,172.0
5119,94,164.0
5119,287,110.0
5119,189,102.0
5119,255,94.0
5119,310,88.0
5119,22,66.0
11915,119,384.0
11915,399,318.0
11915,79,306.0
11915,200,258.0
11915,287,165.0
11915,189,153.0
11915,255,141.0
11915,310,132.0
11915,22,99.0
11915,16,84.0
18261,20,161.0
18261,264,137.0
18261,119,128.0
18261,399,106.0
18261,200,86.0
18261,94,82.0
18261,287,55.0
18261,189,51.0
18261,255,47.0
18261,310,44.0
11900,20,161.0
11900,264,137.0
11900,119,128.0
11900,79,102.0
11900,200,86.0
11900,94,82.0
11900,287,55.0
11900,189,51.0
11900,255,47.0
11900,310,44.0
6788,20,161.0
6788,264,137.0
6788,119,128.0
6788,399,106.0
6788,79,102.0
6788,94,82.0
6788,287,55.0
6788,189,51.0
6788,255,47.0
6788,310,44.0
16835,20,161.0
16835,264,137.0
16835,119,128.0
16835,399,106.0
16835,200,86.0
16835,94,82.0
16835,287,55.0
16835,189,51.0
16835,255,47.0
16835,310,44.0
19201,20,161.0
19201,264,137.0
19201,399,106.0
19201,79,102.0
19201,200,86.0
19201,94,82.0
19201,287,55.0
19201,189,51.0
19201,255,47.0
19201,310,44.0
19038,20,161.0
19038,264,137.0
19038,119,128.0
19038,399,106.0
19038,79,102.0
19038,200,86.0
19038,94,82.0
19038,287,55.0
19038,189,51.0
19038,255,47.0
5925,20,161.0
5925,264,137.0
5925,119,128.0
5925,399,106.0
5925,79,102.0
5925,200,86.0
5925,94,82.0
5925,287,55.0
5925,255,47.0
5925,310,44.0
16836,119,0.0
16836,20,0.0
16836,399,0.0
16836,476,0.0
16836,264,0.0
16836,200,0.0
16836,189,0.0
16836,362,0.0
16836,17,0.0
16836,16,0.0
19013,119,0.0
19013,20,0.0
19013,399,0.0
19013,476,0.0
19013,264,0.0
19013,200,0.0
19013,189,0.0
19013,362,0.0
19013,17,0.0
19013,16,0.0
19015,20,161.0
19015,119,128.0
19015,399,106.0
19015,79,102.0
19015,200,86.0
19015,94,82.0
19015,287,55.0
19015,189,51.0
19015,255,47.0
19015,310,44.0
417,119,0.0
417,20,0.0
417,399,0.0
417,476,0.0
417,264,0.0
417,200,0.0
417,189,0.0
417,362,0.0
417,17,0.0
417,16,0.0
19005,119,512.0
19005,79,408.0
19005,200,344.0
19005,94,328.0
19005,287,220.0
19005,189,204.0
19005,255,188.0
19005,310,176.0
19005,22,132.0
19005,16,112.0
14710,20,161.0
14710,264,137.0
14710,119,128.0
14710,399,106.0
14710,79,102.0
14710,200,86.0
14710,287,55.0
14710,189,51.0
14710,255,47.0
14710,310,44.0
9900,20,322.0
9900,264,274.0
9900,399,212.0
9900,79,204.0
9900,200,172.0
9900,287,110.0
9900,189,102.0
9900,255,94.0
9900,310,88.0
9900,22,66.0
10091,264,274.0
10091,399,212.0
10091,79,204.0
10091,200,172.0
10091,94,164.0
10091,287,110.0
10091,189,102.0
10091,255,94.0
10091,310,88.0
10091,22,66.0
6754,20,161.0
6754,264,137.0
6754,119,128.0
6754,399,106.0
6754,79,102.0
6754,94,82.0
6754,287,55.0
6754,189,51.0
6754,255,47.0
6754,310,44.0
19045,20,161.0
19045,264,137.0
19045,399,106.0
19045,79,102.0
19045,200,86.0
19045,94,82.0
19045,287,55.0
19045,189,51.0
19045,255,47.0
19045,310,44.0
418,20,161.0
418,264,137.0
418,119,128.0
418,399,106.0
418,79,102.0
418,94,82.0
418,287,55.0
418,189,51.0
418,255,47.0
418,310,44.0
419,264,137.0
419,119,128.0
419,399,106.0
419,79,102.0
419,200,86.0
419,94,82.0
419,287,55.0
419,189,51.0
419,255,47.0
419,310,44.0
1362,119,0.0
1362,20,0.0
1362,399,0.0
1362,476,0.0
1362,264,0.0
1362,200,0.0
1362,189,0.0
1362,362,0.0
1362,17,0.0
1362,16,0.0
19040,119,0.0
19040,20,0.0
19040,399,0.0
19040,476,0.0
19040,264,0.0
19040,200,0.0
19040,189,0.0
19040,362,0.0
19040,17,0.0
19040,16,0.0
5565,20,161.0
5565,264,137.0
5565,119,128.0
5565,399,106.0
5565,79,102.0
5565,94,82.0
5565,287,55.0
5565,189,51.0
5565,255,47.0
5565,310,44.0
11916,20,322.0
11916,264,274.0
11916,119,256.0
11916,399,212.0
11916,200,172.0
11916,287,110.0
11916,189,102.0
11916,255,94.0
11916,310,88.0
11916,22,66.0
10460,119,0.0
10460,20,0.0
10460,399,0.0
10460,476,0.0
10460,264,0.0
10460,200,0.0
10460,189,0.0
10460,362,0.0
10460,17,0.0
10460,16,0.0
2046,119,0.0
2046,20,0.0
2046,399,0.0
2046,476,0.0
2046,264,0.0
2046,200,0.0
2046,189,0.0
2046,362,0.0
2046,17,0.0
2046,16,0.0
18506,20,161.0
18506,264,137.0
18506,119,128.0
18506,399,106.0
18506,79,102.0
18506,200,86.0
18506,287,55.0
18506,189,51.0
18506,255,47.0
18506,310,44.0
9901,264,274.0
9901,119,256.0
9901,399,212.0
9901,200,172.0
9901,94,164.0
9901,287,110.0
9901,189,102.0
9901,255,94.0
9901,310,88.0
9901,22,66.0
12009,264,137.0
12009,119,128.0
12009,399,106.0
12009,79,102.0
12009,200,86.0
12009,94,82.0
12009,287,55.0
12009,189,51.0
12009,255,47.0
12009,310,44.0
4449,264,137.0
4449,119,128.0
4449,399,106.0
4449,79,102.0
4449,200,86.0
4449,94,82.0
4449,287,55.0
4449,189,51.0
4449,255,47.0
4449,310,44.0
19026,20,161.0
19026,264,137.0
19026,119,128.0
19026,79,102.0
19026,200,86.0
19026,94,82.0
19026,287,55.0
19026,189,51.0
19026,255,47.0
19026,310,44.0
1361,20,161.0
1361,264,137.0
1361,119,128.0
1361,399,106.0
1361,200,86.0
1361,94,82.0
1361,287,55.0
1361,189,51.0
1361,255,47.0
1361,310,44.0
12412,20,161.0
12412,264,137.0
12412,119,128.0
12412,399,106.0
12412,79,102.0
12412,200,86.0
12412,94,82.0
12412,287,55.0
12412,189,51.0
12412,255,47.0
10461,119,0.0
10461,20,0.0
10461,399,0.0
10461,476,0.0
10461,264,0.0
10461,200,0.0
10461,189,0.0
10461,362,0.0
10461,17,0.0
10461,16,0.0
11711,20,161.0
11711,119,128.0
11711,399,106.0
11711,79,102.0
11711,200,86.0
11711,94,82.0
11711,287,55.0
11711,189,51.0
11711,255,47.0
11711,310,44.0
6323,20,1932.0
6323,264,1644.0
6323,16,336.0
6323,352,324.0
6323,89,204.0
6323,78,144.0
6323,59,132.0
6323,134,108.0
6323,190,36.0
6323,284,24.0
10833,20,322.0
10833,264,274.0
10833,119,256.0
10833,399,212.0
10833,200,172.0
10833,287,110.0
10833,189,102.0
10833,255,94.0
10833,310,88.0
10833,22,66.0
17184,20,161.0
17184,264,137.0
17184,119,128.0
17184,79,102.0
17184,200,86.0
17184,94,82.0
17184,287,55.0
17184,189,51.0
17184,255,47.0
17184,310,44.0
2418,20,1771.0
2418,119,1408.0
2418,399,1166.0
2418,16,308.0
2418,362,286.0
2418,78,132.0
2418,59,121.0
2418,134,99.0
2418,190,33.0
2418,416,22.0
15300,20,644.0
15300,119,512.0
15300,94,328.0
15300,287,220.0
15300,189,204.0
15300,255,188.0
15300,310,176.0
15300,22,132.0
15300,16,112.0
15300,352,108.0
9532,119,0.0
9532,20,0.0
9532,399,0.0
9532,476,0.0
9532,264,0.0
9532,200,0.0
9532,189,0.0
9532,362,0.0
9532,17,0.0
9532,16,0.0
11500,264,548.0
11500,399,424.0
11500,79,408.0
11500,200,344.0
11500,94,328.0
11500,287,220.0
11500,255,188.0
11500,22,132.0
11500,16,112.0
11500,352,108.0
6325,20,161.0
6325,264,137.0
6325,399,106.0
6325,79,102.0
6325,200,86.0
6325,94,82.0
6325,287,55.0
6325,189,51.0
6325,255,47.0
6325,310,44.0
19759,264,137.0
19759,119,128.0
19759,399,106.0
19759,79,102.0
19759,200,86.0
19759,94,82.0
19759,287,55.0
19759,189,51.0
19759,255,47.0
19759,310,44.0
6326,20,161.0
6326,264,137.0
6326,119,128.0
6326,399,106.0
6326,79,102.0
6326,200,86.0
6326,94,82.0
6326,287,55.0
6326,189,51.0
6326,255,47.0
16883,119,0.0
16883,20,0.0
16883,399,0.0
16883,476,0.0
16883,264,0.0
16883,200,0.0
16883,189,0.0
16883,362,0.0
16883,17,0.0
16883,16,0.0
5202,119,0.0
5202,20,0.0
5202,399,0.0
5202,476,0.0
5202,264,0.0
5202,200,0.0
5202,189,0.0
5202,362,0.0
5202,17,0.0
5202,16,0.0
4158,20,161.0
4158,264,137.0
4158,119,128.0
4158,399,106.0
4158,200,86.0
4158,94,82.0
4158,287,55.0
4158,189,51.0
4158,255,47.0
4158,310,44.0
13519,20,322.0
13519,264,274.0
13519,399,212.0
13519,79,204.0
13519,200,172.0
13519,287,110.0
13519,189,102.0
13519,255,94.0
13519,310,88.0
13519,22,66.0
10523,20,161.0
10523,264,137.0
10523,119,128.0
10523,399,106.0
10523,200,86.0
10523,94,82.0
10523,287,55.0
10523,189,51.0
10523,255,47.0
10523,310,44.0
9147,20,161.0
9147,264,137.0
9147,119,128.0
9147,399,106.0
9147,79,102.0
9147,200,86.0
9147,94,82.0
9147,287,55.0
9147,189,51.0
9147,255,47.0
18588,119,0.0
18588,20,0.0
18588,399,0.0
18588,476,0.0
18588,264,0.0
18588,200,0.0
18588,189,0.0
18588,362,0.0
18588,17,0.0
18588,16,0.0
17372,20,161.0
17372,264,137.0
17372,119,128.0
17372,399,106.0
17372,79,102.0
17372,94,82.0
17372,287,55.0
17372,189,51.0
17372,255,47.0
17372,310,44.0
971,264,411.0
971,399,318.0
971,79,306.0
971,200,258.0
971,94,246.0
971,287,165.0
971,255,141.0
971,310,132.0
971,22,99.0
971,16,84.0
7245,20,161.0
7245,264,137.0
7245,119,128.0
7245,399,106.0
7245,79,102.0
7245,200,86.0
7245,94,82.0
7245,189,51.0
7245,255,47.0
7245,310,44.0
2952,189,765.0
2952,310,660.0
2952,16,420.0
2952,89,255.0
2952,78,180.0
2952,59,165.0
2952,134,135.0
2952,416,30.0
2952,284,30.0
2952,415,15.0
964,79,816.0
964,94,656.0
964,255,376.0
964,22,264.0
964,16,224.0
964,352,216.0
964,362,208.0
964,89,136.0
964,78,96.0
964,59,88.0
7250,20,161.0
7250,264,137.0
7250,119,128.0
7250,399,106.0
7250,79,102.0
7250,200,86.0
7250,94,82.0
7250,287,55.0
7250,255,47.0
7250,310,44.0
2954,79,510.0
2954,200,430.0
2954,94,410.0
2954,287,275.0
2954,189,255.0
2954,255,235.0
2954,310,220.0
2954,22,165.0
2954,16,140.0
2954,352,135.0
15304,20,161.0
15304,264,137.0
15304,119,128.0
15304,399,106.0
15304,200,86.0
15304,94,82.0
15304,287,55.0
15304,189,51.0
15304,255,47.0
15304,310,44.0
1103,20,322.0
1103,119,256.0
1103,399,212.0
1103,79,204.0
1103,200,172.0
1103,94,164.0
1103,287,110.0
1103,189,102.0
1103,255,94.0
1103,310,88.0
15924,20,161.0
15924,264,137.0
15924,119,128.0
15924,399,106.0
15924,79,102.0
15924,200,86.0
15924,287,55.0
15924,189,51.0
15924,255,47.0
15924,310,44.0
17949,264,137.0
17949,119,128.0
17949,399,106.0
17949,79,102.0
17949,200,86.0
17949,94,82.0
17949,287,55.0
17949,189,51.0
17949,255,47.0
17949,310,44.0
7908,264,137.0
7908,119,128.0
7908,399,106.0
7908,79,102.0
7908,200,86.0
7908,94,82.0
7908,287,55.0
7908,189,51.0
7908,255,47.0
7908,310,44.0
2052,119,0.0
2052,20,0.0
2052,399,0.0
2052,476,0.0
2052,264,0.0
2052,200,0.0
2052,189,0.0
2052,362,0.0
2052,17,0.0
2052,16,0.0
17577,20,322.0
17577,119,256.0
17577,399,212.0
17577,79,204.0
17577,200,172.0
17577,94,164.0
17577,287,110.0
17577,189,102.0
17577,255,94.0
17577,310,88.0
969,119,0.0
969,20,0.0
969,399,0.0
969,476,0.0
969,264,0.0
969,200,0.0
969,189,0.0
969,362,0.0
969,17,0.0
969,16,0.0
567,264,137.0
567,119,128.0
567,399,106.0
567,79,102.0
567,200,86.0
567,94,82.0
567,287,55.0
567,189,51.0
567,255,47.0
567,310,44.0
3009,20,161.0
3009,264,137.0
3009,119,128.0
3009,399,106.0
3009,79,102.0
3009,200,86.0
3009,94,82.0
3009,287,55.0
3009,189,51.0
3009,255,47.0
1575,20,161.0
1575,264,137.0
1575,119,128.0
1575,399,106.0
1575,79,102.0
1575,94,82.0
1575,287,55.0
1575,189,51.0
1575,255,47.0
1575,310,44.0
967,20,161.0
967,119,128.0
967,399,106.0
967,79,102.0
967,200,86.0
967,94,82.0
967,287,55.0
967,189,51.0
967,255,47.0
967,310,44.0
7103,20,161.0
7103,119,128.0
7103,399,106.0
7103,79,102.0
7103,200,86.0
7103,94,82.0
7103,287,55.0
7103,189,51.0
7103,255,47.0
7103,310,44.0
15305,20,161.0
15305,264,137.0
15305,119,128.0
15305,399,106.0
15305,200,86.0
15305,94,82.0
15305,287,55.0
15305,189,51.0
15305,255,47.0
15305,310,44.0
11612,20,161.0
11612,264,137.0
11612,399,106.0
11612,79,102.0
11612,200,86.0
11612,94,82.0
11612,287,55.0
11612,189,51.0
11612,255,47.0
11612,310,44.0
968,20,161.0
968,119,128.0
968,399,106.0
968,79,102.0
968,200,86.0
968,94,82.0
968,287,55.0
968,189,51.0
968,255,47.0
968,310,44.0
9928,79,1428.0
9928,189,714.0
9928,310,616.0
9928,89,238.0
9928,78,168.0
9928,190,42.0
9928,416,28.0
9928,284,28.0
9928,415,14.0
9928,17,14.0
14412,20,966.0
14412,399,636.0
14412,79,612.0
14412,200,516.0
14412,287,330.0
14412,255,282.0
14412,310,264.0
14412,22,198.0
14412,16,168.0
14412,352,162.0
8587,399,636.0
8587,79,612.0
8587,200,516.0
8587,287,330.0
8587,189,306.0
8587,255,282.0
8587,22,198.0
8587,16,168.0
8587,352,162.0
8587,89,102.0
9929,20,1127.0
9929,94,574.0
9929,287,385.0
9929,189,357.0
9929,310,308.0
9929,16,196.0
9929,352,189.0
9929,362,182.0
9929,89,119.0
9929,78,84.0
8026,264,411.0
8026,399,318.0
8026,79,306.0
8026,200,258.0
8026,94,246.0
8026,287,165.0
8026,255,141.0
8026,310,132.0
8026,22,99.0
8026,16,84.0
15067,20,2093.0
15067,399,1378.0
15067,255,611.0
15067,89,221.0
15067,78,156.0
15067,134,117.0
15067,190,39.0
15067,416,26.0
15067,284,26.0
15067,415,13.0
8464,264,274.0
8464,119,256.0
8464,399,212.0
8464,79,204.0
8464,200,172.0
8464,94,164.0
8464,287,110.0
8464,189,102.0
8464,255,94.0
8464,310,88.0
13970,264,137.0
13970,119,128.0
13970,399,106.0
13970,79,102.0
13970,200,86.0
13970,94,82.0
13970,287,55.0
13970,189,51.0
13970,255,47.0
13970,310,44.0
10542,119,0.0
10542,20,0.0
10542,399,0.0
10542,476,0.0
10542,264,0.0
10542,200,0.0
10542,189,0.0
10542,362,0.0
10542,17,0.0
10542,16,0.0
8076,119,0.0
8076,20,0.0
8076,399,0.0
8076,476,0.0
8076,264,0.0
8076,200,0.0
8076,189,0.0
8076,362,0.0
8076,17,0.0
8076,16,0.0
7874,20,161.0
7874,264,137.0
7874,119,128.0
7874,79,102.0
7874,200,86.0
7874,94,82.0
7874,287,55.0
7874,189,51.0
7874,255,47.0
7874,310,44.0
8459,264,685.0
8459,79,510.0
8459,94,410.0
8459,189,255.0
8459,255,235.0
8459,310,220.0
8459,22,165.0
8459,16,140.0
8459,352,135.0
8459,362,130.0
9992,20,322.0
9992,119,256.0
9992,399,212.0
9992,79,204.0
9992,200,172.0
9992,287,110.0
9992,189,102.0
9992,255,94.0
9992,310,88.0
9992,22,66.0
4144,399,530.0
4144,79,510.0
4144,200,430.0
4144,94,410.0
4144,287,275.0
4144,189,255.0
4144,310,220.0
4144,22,165.0
4144,16,140.0
4144,352,135.0
10638,20,161.0
10638,264,137.0
10638,119,128.0
10638,79,102.0
10638,200,86.0
10638,94,82.0
10638,287,55.0
10638,189,51.0
10638,255,47.0
10638,310,44.0
1090,119,0.0
1090,20,0.0
1090,399,0.0
1090,476,0.0
1090,264,0.0
1090,200,0.0
1090,189,0.0
1090,362,0.0
1090,17,0.0
1090,16,0.0
13717,119,0.0
13717,20,0.0
13717,399,0.0
13717,476,0.0
13717,264,0.0
13717,200,0.0
13717,189,0.0
13717,362,0.0
13717,17,0.0
13717,16,0.0
1110,264,137.0
1110,119,128.0
1110,399,106.0
1110,79,102.0
1110,200,86.0
1110,94,82.0
1110,287,55.0
1110,189,51.0
1110,255,47.0
1110,310,44.0
7852,20,161.0
7852,264,137.0
7852,119,128.0
7852,399,106.0
7852,79,102.0
7852,200,86.0
7852,287,55.0
7852,189,51.0
7852,255,47.0
7852,310,44.0
8461,189,612.0
8461,16,336.0
8461,352,324.0
8461,89,204.0
8461,78,144.0
8461,59,132.0
8461,134,108.0
8461,190,36.0
8461,284,24.0
8461,416,24.0
3955,119,0.0
3955,20,0.0
3955,399,0.0
3955,476,0.0
3955,264,0.0
3955,200,0.0
3955,189,0.0
3955,362,0.0
3955,17,0.0
3955,16,0.0
19436,20,322.0
19436,119,256.0
19436,399,212.0
19436,79,204.0
19436,94,164.0
19436,287,110.0
19436,189,102.0
19436,255,94.0
19436,310,88.0
19436,22,66.0
3959,20,483.0
3959,264,411.0
3959,79,306.0
3959,200,258.0
3959,94,246.0
3959,287,165.0
3959,255,141.0
3959,310,132.0
3959,22,99.0
3959,16,84.0
4305,20,161.0
4305,264,137.0
4305,119,128.0
4305,79,102.0
4305,200,86.0
4305,94,82.0
4305,287,55.0
4305,189,51.0
4305,255,47.0
4305,310,44.0
14402,20,161.0
14402,264,137.0
14402,119,128.0
14402,79,102.0
14402,200,86.0
14402,94,82.0
14402,287,55.0
14402,189,51.0
14402,255,47.0
14402,310,44.0
2262,264,137.0
2262,119,128.0
2262,399,106.0
2262,79,102.0
2262,200,86.0
2262,94,82.0
2262,287,55.0
2262,189,51.0
2262,255,47.0
2262,310,44.0
8479,20,161.0
8479,119,128.0
8479,399,106.0
8479,79,102.0
8479,200,86.0
8479,94,82.0
8479,287,55.0
8479,189,51.0
8479,255,47.0
8479,310,44.0
8460,119,0.0
8460,20,0.0
8460,399,0.0
8460,476,0.0
8460,264,0.0
8460,200,0.0
8460,189,0.0
8460,362,0.0
8460,17,0.0
8460,16,0.0
14414,119,0.0
14414,20,0.0
14414,399,0.0
14414,476,0.0
14414,264,0.0
14414,200,0.0
14414,189,0.0
14414,362,0.0
14414,17,0.0
14414,16,0.0
750,20,161.0
750,264,137.0
750,119,128.0
750,79,102.0
750,200,86.0
750,94,82.0
750,287,55.0
750,189,51.0
750,255,47.0
750,310,44.0
6928,20,161.0
6928,119,128.0
6928,399,106.0
6928,79,102.0
6928,200,86.0
6928,94,82.0
6928,287,55.0
6928,189,51.0
6928,255,47.0
6928,310,44.0
19589,20,161.0
19589,264,137.0
19589,119,128.0
19589,399,106.0
19589,79,102.0
19589,200,86.0
19589,94,82.0
19589,287,55.0
19589,189,51.0
19589,255,47.0
8665,20,161.0
8665,264,137.0
8665,399,106.0
8665,79,102.0
8665,200,86.0
8665,94,82.0
8665,287,55.0
8665,189,51.0
8665,255,47.0
8665,310,44.0
752,20,161.0
752,119,128.0
752,399,106.0
752,79,102.0
752,200,86.0
752,94,82.0
752,287,55.0
752,189,51.0
752,255,47.0
752,310,44.0
8664,20,644.0
8664,264,548.0
8664,119,512.0
8664,79,408.0
8664,200,344.0
8664,287,220.0
8664,189,204.0
8664,255,188.0
8664,310,176.0
8664,22,132.0
8666,20,161.0
8666,264,137.0
8666,119,128.0
8666,399,106.0
8666,79,102.0
8666,200,86.0
8666,94,82.0
8666,287,55.0
8666,255,47.0
8666,310,44.0
18715,264,822.0
18715,399,636.0
18715,79,612.0
18715,287,330.0
18715,310,264.0
18715,22,198.0
18715,16,168.0
18715,352,162.0
18715,362,156.0
18715,89,102.0
2810,20,483.0
2810,264,411.0
2810,119,384.0
2810,399,318.0
2810,94,246.0
2810,287,165.0
2810,189,153.0
2810,310,132.0
2810,22,99.0
2810,16,84.0
9479,20,161.0
9479,264,137.0
9479,119,128.0
9479,399,106.0
9479,79,102.0
9479,200,86.0
9479,94,82.0
9479,189,51.0
9479,255,47.0
9479,310,44.0
1113,119,0.0
1113,20,0.0
1113,399,0.0
1113,476,0.0
1113,264,0.0
1113,200,0.0
1113,189,0.0
1113,362,0.0
1113,17,0.0
1113,16,0.0
1112,79,918.0
1112,94,738.0
1112,255,423.0
1112,22,297.0
1112,16,252.0
1112,352,243.0
1112,362,234.0
1112,89,153.0
1112,78,108.0
1112,134,81.0
1114,20,161.0
1114,264,137.0
1114,119,128.0
1114,399,106.0
1114,79,102.0
1114,200,86.0
1114,94,82.0
1114,287,55.0
1114,189,51.0
1114,255,47.0
2643,20,161.0
2643,264,137.0
2643,119,128.0
2643,399,106.0
2643,79,102.0
2643,94,82.0
2643,287,55.0
2643,189,51.0
2643,255,47.0
2643,310,44.0
17051,20,161.0
17051,264,137.0
17051,119,128.0
17051,399,106.0
17051,79,102.0
17051,200,86.0
17051,94,82.0
17051,287,55.0
17051,189,51.0
17051,255,47.0
8250,264,137.0
8250,119,128.0
8250,399,106.0
8250,79,102.0
8250,200,86.0
8250,94,82.0
8250,287,55.0
8250,189,51.0
8250,255,47.0
8250,310,44.0
8447,20,161.0
8447,119,128.0
8447,399,106.0
8447,79,102.0
8447,200,86.0
8447,94,82.0
8447,287,55.0
8447,189,51.0
8447,255,47.0
8447,310,44.0
18754,20,161.0
18754,264,137.0
18754,119,128.0
18754,399,106.0
18754,200,86.0
18754,94,82.0
18754,287,55.0
18754,189,51.0
18754,255,47.0
18754,310,44.0
1111,20,483.0
1111,264,411.0
1111,119,384.0
1111,399,318.0
1111,79,306.0
1111,94,246.0
1111,287,165.0
1111,189,153.0
1111,255,141.0
1111,22,99.0
7875,119,0.0
7875,20,0.0
7875,399,0.0
7875,476,0.0
7875,264,0.0
7875,200,0.0
7875,189,0.0
7875,362,0.0
7875,17,0.0
7875,16,0.0
12369,20,161.0
12369,264,137.0
12369,119,128.0
12369,399,106.0
12369,200,86.0
12369,94,82.0
12369,287,55.0
12369,189,51.0
12369,255,47.0
12369,310,44.0
8446,264,137.0
8446,119,128.0
8446,399,106.0
8446,79,102.0
8446,200,86.0
8446,94,82.0
8446,287,55.0
8446,189,51.0
8446,255,47.0
8446,310,44.0
748,20,161.0
748,264,137.0
748,119,128.0
748,399,106.0
748,79,102.0
748,200,86.0
748,94,82.0
748,287,55.0
748,255,47.0
748,310,44.0
9078,20,161.0
9078,119,128.0
9078,399,106.0
9078,79,102.0
9078,200,86.0
9078,94,82.0
9078,287,55.0
9078,189,51.0
9078,255,47.0
9078,310,44.0
10805,20,161.0
10805,264,137.0
10805,119,128.0
10805,399,106.0
10805,79,102.0
10805,200,86.0
10805,94,82.0
10805,287,55.0
10805,189,51.0
10805,255,47.0
12506,20,161.0
12506,264,137.0
12506,119,128.0
12506,399,106.0
12506,79,102.0
12506,200,86.0
12506,94,82.0
12506,287,55.0
12506,189,51.0
12506,255,47.0
2285,20,161.0
2285,264,137.0
2285,399,106.0
2285,79,102.0
2285,200,86.0
2285,94,82.0
2285,287,55.0
2285,189,51.0
2285,255,47.0
2285,310,44.0
8613,20,161.0
8613,264,137.0
8613,119,128.0
8613,399,106.0
8613,79,102.0
8613,200,86.0
8613,94,82.0
8613,287,55.0
8613,189,51.0
8613,255,47.0
2860,20,161.0
2860,264,137.0
2860,399,106.0
2860,79,102.0
2860,200,86.0
2860,94,82.0
2860,287,55.0
2860,189,51.0
2860,255,47.0
2860,310,44.0
12003,20,322.0
12003,264,274.0
12003,119,256.0
12003,399,212.0
12003,200,172.0
12003,94,164.0
12003,287,110.0
12003,255,94.0
12003,310,88.0
12003,22,66.0
3154,20,322.0
3154,119,256.0
3154,399,212.0
3154,79,204.0
3154,200,172.0
3154,94,164.0
3154,287,110.0
3154,189,102.0
3154,310,88.0
3154,22,66.0
8471,20,161.0
8471,264,137.0
8471,119,128.0
8471,399,106.0
8471,79,102.0
8471,200,86.0
8471,94,82.0
8471,287,55.0
8471,189,51.0
8471,255,47.0
8909,20,483.0
8909,399,318.0
8909,79,306.0
8909,200,258.0
8909,287,165.0
8909,189,153.0
8909,255,141.0
8909,310,132.0
8909,22,99.0
8909,16,84.0
8469,119,0.0
8469,20,0.0
8469,399,0.0
8469,476,0.0
8469,264,0.0
8469,200,0.0
8469,189,0.0
8469,362,0.0
8469,17,0.0
8469,16,0.0
8710,20,161.0
8710,119,128.0
8710,399,106.0
8710,79,102.0
8710,200,86.0
8710,94,82.0
8710,287,55.0
8710,189,51.0
8710,255,47.0
8710,310,44.0
16209,399,1272.0
16209,79,1224.0
16209,255,564.0
16209,22,396.0
16209,352,324.0
16209,89,204.0
16209,134,108.0
16209,190,36.0
16209,284,24.0
16209,416,24.0
8695,20,161.0
8695,264,137.0
8695,399,106.0
8695,79,102.0
8695,200,86.0
8695,94,82.0
8695,287,55.0
8695,189,51.0
8695,255,47.0
8695,310,44.0
8681,20,161.0
8681,264,137.0
8681,119,128.0
8681,399,106.0
8681,79,102.0
8681,200,86.0
8681,94,82.0
8681,287,55.0
8681,189,51.0
8681,255,47.0
8618,20,161.0
8618,119,128.0
8618,399,106.0
8618,79,102.0
8618,200,86.0
8618,94,82.0
8618,287,55.0
8618,189,51.0
8618,255,47.0
8618,310,44.0
2847,20,161.0
2847,264,137.0
2847,119,128.0
2847,399,106.0
2847,79,102.0
2847,200,86.0
2847,94,82.0
2847,287,55.0
2847,189,51.0
2847,255,47.0
8764,264,1370.0
8764,79,1020.0
8764,255,470.0
8764,352,270.0
8764,362,260.0
8764,89,170.0
8764,78,120.0
8764,59,110.0
8764,134,90.0
8764,190,30.0
8676,20,161.0
8676,119,128.0
8676,399,106.0
8676,79,102.0
8676,200,86.0
8676,94,82.0
8676,287,55.0
8676,189,51.0
8676,255,47.0
8676,310,44.0
8690,264,411.0
8690,119,384.0
8690,399,318.0
8690,79,306.0
8690,94,246.0
8690,287,165.0
8690,189,153.0
8690,255,141.0
8690,310,132.0
8690,22,99.0
11312,119,0.0
11312,20,0.0
11312,399,0.0
11312,476,0.0
11312,264,0.0
11312,200,0.0
11312,189,0.0
11312,362,0.0
11312,17,0.0
11312,16,0.0
8707,264,137.0
8707,119,128.0
8707,399,106.0
8707,79,102.0
8707,200,86.0
8707,94,82.0
8707,287,55.0
8707,189,51.0
8707,255,47.0
8707,310,44.0
8688,119,640.0
8688,399,530.0
8688,79,510.0
8688,189,255.0
8688,255,235.0
8688,310,220.0
8688,22,165.0
8688,16,140.0
8688,352,135.0
8688,362,130.0
5492,20,161.0
5492,119,128.0
5492,399,106.0
5492,79,102.0
5492,200,86.0
5492,94,82.0
5492,287,55.0
5492,189,51.0
5492,255,47.0
5492,310,44.0
8705,264,137.0
8705,119,128.0
8705,399,106.0
8705,79,102.0
8705,200,86.0
8705,94,82.0
8705,287,55.0
8705,189,51.0
8705,255,47.0
8705,310,44.0
12205,20,966.0
12205,79,612.0
12205,200,516.0
12205,287,330.0
12205,255,282.0
12205,310,264.0
12205,16,168.0
12205,352,162.0
12205,362,156.0
12205,89,102.0
8702,20,322.0
8702,264,274.0
8702,399,212.0
8702,200,172.0
8702,94,164.0
8702,287,110.0
8702,189,102.0
8702,255,94.0
8702,310,88.0
8702,22,66.0
16213,20,161.0
16213,264,137.0
16213,399,106.0
16213,79,102.0
16213,200,86.0
16213,94,82.0
16213,287,55.0
16213,189,51.0
16213,255,47.0
16213,310,44.0
8697,119,896.0
8697,399,742.0
8697,200,602.0
8697,287,385.0
8697,189,357.0
8697,16,196.0
8697,352,189.0
8697,362,182.0
8697,89,119.0
8697,78,84.0
12231,264,1096.0
12231,399,848.0
12231,79,816.0
12231,94,656.0
12231,287,440.0
12231,310,352.0
12231,22,264.0
12231,352,216.0
12231,89,136.0
12231,78,96.0
8919,119,0.0
8919,20,0.0
8919,399,0.0
8919,476,0.0
8919,264,0.0
8919,200,0.0
8919,189,0.0
8919,362,0.0
8919,17,0.0
8919,16,0.0
8696,119,384.0
8696,399,318.0
8696,79,306.0
8696,200,258.0
8696,94,246.0
8696,287,165.0
8696,189,153.0
8696,255,141.0
8696,310,132.0
8696,22,99.0
8703,264,685.0
8703,399,530.0
8703,94,410.0
8703,287,275.0
8703,189,255.0
8703,255,235.0
8703,310,220.0
8703,22,165.0
8703,16,140.0
8703,352,135.0
8668,264,137.0
8668,119,128.0
8668,399,106.0
8668,79,102.0
8668,200,86.0
8668,94,82.0
8668,287,55.0
8668,189,51.0
8668,255,47.0
8668,310,44.0
8671,20,483.0
8671,399,318.0
8671,79,306.0
8671,200,258.0
8671,94,246.0
8671,189,153.0
8671,255,141.0
8671,310,132.0
8671,22,99.0
8671,16,84.0
8669,119,0.0
8669,20,0.0
8669,399,0.0
8669,476,0.0
8669,264,0.0
8669,200,0.0
8669,189,0.0
8669,362,0.0
8669,17,0.0
8669,16,0.0
15528,119,0.0
15528,20,0.0
15528,399,0.0
15528,476,0.0
15528,264,0.0
15528,200,0.0
15528,189,0.0
15528,362,0.0
15528,17,0.0
15528,16,0.0
8704,20,161.0
8704,264,137.0
8704,119,128.0
8704,399,106.0
8704,79,102.0
8704,200,86.0
8704,94,82.0
8704,189,51.0
8704,255,47.0
8704,310,44.0
19628,20,161.0
19628,264,137.0
19628,119,128.0
19628,399,106.0
19628,79,102.0
19628,200,86.0
19628,94,82.0
19628,287,55.0
19628,189,51.0
19628,255,47.0
8617,20,161.0
8617,119,128.0
8617,399,106.0
8617,79,102.0
8617,200,86.0
8617,94,82.0
8617,287,55.0
8617,189,51.0
8617,255,47.0
8617,310,44.0
8275,119,0.0
8275,20,0.0
8275,399,0.0
8275,476,0.0
8275,264,0.0
8275,200,0.0
8275,189,0.0
8275,362,0.0
8275,17,0.0
8275,16,0.0
8667,20,161.0
8667,264,137.0
8667,119,128.0
8667,399,106.0
8667,79,102.0
8667,94,82.0
8667,287,55.0
8667,189,51.0
8667,255,47.0
8667,310,44.0
2132,20,161.0
2132,119,128.0
2132,399,106.0
2132,79,102.0
2132,200,86.0
2132,94,82.0
2132,287,55.0
2132,189,51.0
2132,255,47.0
2132,310,44.0
16229,20,161.0
16229,264,137.0
16229,119,128.0
16229,399,106.0
16229,79,102.0
16229,200,86.0
16229,94,82.0
16229,287,55.0
16229,189,51.0
16229,255,47.0
8699,20,161.0
8699,264,137.0
8699,119,128.0
8699,399,106.0
8699,200,86.0
8699,94,82.0
8699,287,55.0
8699,189,51.0
8699,255,47.0
8699,310,44.0
9776,20,161.0
9776,264,137.0
9776,119,128.0
9776,399,106.0
9776,79,102.0
9776,94,82.0
9776,287,55.0
9776,189,51.0
9776,255,47.0
9776,310,44.0
14543,20,483.0
14543,119,384.0
14543,399,318.0
14543,79,306.0
14543,94,246.0
14543,287,165.0
14543,189,153.0
14543,255,141.0
14543,22,99.0
14543,16,84.0
8701,20,161.0
8701,264,137.0
8701,119,128.0
8701,399,106.0
8701,200,86.0
8701,94,82.0
8701,287,55.0
8701,189,51.0
8701,255,47.0
8701,310,44.0
8708,119,0.0
8708,20,0.0
8708,399,0.0
8708,476,0.0
8708,264,0.0
8708,200,0.0
8708,189,0.0
8708,362,0.0
8708,17,0.0
8708,16,0.0
16132,20,161.0
16132,264,137.0
16132,119,128.0
16132,399,106.0
16132,79,102.0
16132,200,86.0
16132,94,82.0
16132,287,55.0
16132,189,51.0
16132,255,47.0
7323,20,161.0
7323,264,137.0
7323,119,128.0
7323,399,106.0
7323,79,102.0
7323,200,86.0
7323,94,82.0
7323,189,51.0
7323,255,47.0
7323,310,44.0
16304,119,0.0
16304,20,0.0
16304,399,0.0
16304,476,0.0
16304,264,0.0
16304,200,0.0
16304,189,0.0
16304,362,0.0
16304,17,0.0
16304,16,0.0
6309,20,161.0
6309,119,128.0
6309,399,106.0
6309,79,102.0
6309,200,86.0
6309,94,82.0
6309,287,55.0
6309,189,51.0
6309,255,47.0
6309,310,44.0
12176,20,322.0
12176,119,256.0
12176,399,212.0
12176,79,204.0
12176,200,172.0
12176,94,164.0
12176,287,110.0
12176,255,94.0
12176,310,88.0
12176,22,66.0
10125,119,0.0
10125,20,0.0
10125,399,0.0
10125,476,0.0
10125,264,0.0
10125,200,0.0
10125,189,0.0
10125,362,0.0
10125,17,0.0
10125,16,0.0
8692,20,161.0
8692,264,137.0
8692,119,128.0
8692,399,106.0
8692,200,86.0
8692,94,82.0
8692,287,55.0
8692,189,51.0
8692,255,47.0
8692,310,44.0
8682,20,161.0
8682,264,137.0
8682,119,128.0
8682,399,106.0
8682,79,102.0
8682,200,86.0
8682,94,82.0
8682,287,55.0
8682,255,47.0
8682,310,44.0
8691,20,161.0
8691,264,137.0
8691,119,128.0
8691,399,106.0
8691,200,86.0
8691,94,82.0
8691,287,55.0
8691,189,51.0
8691,255,47.0
8691,310,44.0
8694,264,137.0
8694,119,128.0
8694,399,106.0
8694,79,102.0
8694,200,86.0
8694,94,82.0
8694,287,55.0
8694,189,51.0
8694,255,47.0
8694,310,44.0
19158,20,161.0
19158,264,137.0
19158,119,128.0
19158,399,106.0
19158,200,86.0
19158,94,82.0
19158,287,55.0
19158,189,51.0
19158,255,47.0
19158,310,44.0
8706,20,161.0
8706,264,137.0
8706,119,128.0
8706,399,106.0
8706,200,86.0
8706,94,82.0
8706,287,55.0
8706,189,51.0
8706,255,47.0
8706,310,44.0
9572,20,161.0
9572,264,137.0
9572,119,128.0
9572,399,106.0
9572,79,102.0
9572,200,86.0
9572,94,82.0
9572,287,55.0
9572,189,51.0
9572,255,47.0
8685,20,644.0
8685,399,424.0
8685,79,408.0
8685,94,328.0
8685,287,220.0
8685,189,204.0
8685,255,188.0
8685,310,176.0
8685,22,132.0
8685,16,112.0
18194,264,137.0
18194,119,128.0
18194,399,106.0
18194,79,102.0
18194,200,86.0
18194,94,82.0
18194,287,55.0
18194,189,51.0
18194,255,47.0
18194,310,44.0
18177,20,322.0
18177,264,274.0
18177,119,256.0
18177,399,212.0
18177,79,204.0
18177,94,164.0
18177,189,102.0
18177,255,94.0
18177,310,88.0
18177,22,66.0
16678,20,161.0
16678,264,137.0
16678,119,128.0
16678,399,106.0
16678,79,102.0
16678,200,86.0
16678,94,82.0
16678,287,55.0
16678,189,51.0
16678,310,44.0
8418,119,1536.0
8418,94,984.0
8418,255,564.0
8418,22,396.0
8418,89,204.0
8418,78,144.0
8418,59,132.0
8418,134,108.0
8418,190,36.0
8418,416,24.0
8435,20,161.0
8435,264,137.0
8435,399,106.0
8435,79,102.0
8435,200,86.0
8435,94,82.0
8435,287,55.0
8435,189,51.0
8435,255,47.0
8435,310,44.0
745,20,322.0
745,264,274.0
745,119,256.0
745,79,204.0
745,200,172.0
745,94,164.0
745,287,110.0
745,189,102.0
745,255,94.0
745,22,66.0
15416,20,322.0
15416,264,274.0
15416,119,256.0
15416,399,212.0
15416,94,164.0
15416,287,110.0
15416,189,102.0
15416,255,94.0
15416,310,88.0
15416,22,66.0
2702,20,161.0
2702,264,137.0
2702,119,128.0
2702,79,102.0
2702,200,86.0
2702,94,82.0
2702,287,55.0
2702,189,51.0
2702,255,47.0
2702,310,44.0
17788,20,161.0
17788,264,137.0
17788,119,128.0
17788,399,106.0
17788,79,102.0
17788,200,86.0
17788,94,82.0
17788,189,51.0
17788,255,47.0
17788,310,44.0
15362,119,0.0
15362,20,0.0
15362,399,0.0
15362,476,0.0
15362,264,0.0
15362,200,0.0
15362,189,0.0
15362,362,0.0
15362,17,0.0
15362,16,0.0
2693,264,137.0
2693,119,128.0
2693,399,106.0
2693,79,102.0
2693,200,86.0
2693,94,82.0
2693,287,55.0
2693,189,51.0
2693,255,47.0
2693,310,44.0
3089,264,137.0
3089,119,128.0
3089,399,106.0
3089,79,102.0
3089,200,86.0
3089,94,82.0
3089,287,55.0
3089,189,51.0
3089,255,47.0
3089,310,44.0
18318,264,137.0
18318,119,128.0
18318,399,106.0
18318,79,102.0
18318,200,86.0
18318,94,82.0
18318,287,55.0
18318,189,51.0
18318,255,47.0
18318,310,44.0
17777,399,1272.0
17777,189,612.0
17777,16,336.0
17777,362,312.0
17777,89,204.0
17777,59,132.0
17777,134,108.0
17777,190,36.0
17777,284,24.0
17777,416,24.0
18752,20,161.0
18752,264,137.0
18752,119,128.0
18752,79,102.0
18752,200,86.0
18752,94,82.0
18752,287,55.0
18752,189,51.0
18752,255,47.0
18752,310,44.0
18108,20,322.0
18108,119,256.0
18108,399,212.0
18108,79,204.0
18108,200,172.0
18108,94,164.0
18108,189,102.0
18108,255,94.0
18108,310,88.0
18108,22,66.0
510,20,322.0
510,119,256.0
510,399,212.0
510,200,172.0
510,94,164.0
510,287,110.0
510,189,102.0
510,255,94.0
510,310,88.0
510,22,66.0
3891,20,161.0
3891,264,137.0
3891,119,128.0
3891,399,106.0
3891,79,102.0
3891,200,86.0
3891,94,82.0
3891,287,55.0
3891,189,51.0
3891,255,47.0
2694,20,161.0
2694,119,128.0
2694,399,106.0
2694,79,102.0
2694,200,86.0
2694,94,82.0
2694,287,55.0
2694,189,51.0
2694,255,47.0
2694,310,44.0
19108,20,161.0
19108,119,128.0
19108,399,106.0
19108,79,102.0
19108,200,86.0
19108,94,82.0
19108,287,55.0
19108,189,51.0
19108,255,47.0
19108,310,44.0
2573,119,0.0
2573,20,0.0
2573,399,0.0
2573,476,0.0
2573,264,0.0
2573,200,0.0
2573,189,0.0
2573,362,0.0
2573,17,0.0
2573,16,0.0
17771,264,411.0
17771,399,318.0
17771,79,306.0
17771,200,258.0
17771,94,246.0
17771,287,165.0
17771,189,153.0
17771,255,141.0
17771,310,132.0
17771,22,99.0
6346,119,0.0
6346,20,0.0
6346,399,0.0
6346,476,0.0
6346,264,0.0
6346,200,0.0
6346,189,0.0
6346,362,0.0
6346,17,0.0
6346,16,0.0
15398,20,483.0
15398,264,411.0
15398,399,318.0
15398,79,306.0
15398,200,258.0
15398,287,165.0
15398,189,153.0
15398,255,141.0
15398,310,132.0
15398,22,99.0
17798,20,1127.0
17798,399,742.0
17798,94,574.0
17798,287,385.0
17798,189,357.0
17798,310,308.0
17798,22,231.0
17798,16,196.0
17798,362,182.0
17798,78,84.0
2998,20,161.0
2998,264,137.0
2998,119,128.0
2998,399,106.0
2998,200,86.0
2998,94,82.0
2998,287,55.0
2998,189,51.0
2998,255,47.0
2998,310,44.0
17790,264,411.0
17790,119,384.0
17790,399,318.0
17790,79,306.0
17790,287,165.0
17790,189,153.0
17790,255,141.0
17790,310,132.0
17790,22,99.0
17790,16,84.0
1147,119,0.0
1147,20,0.0
1147,399,0.0
1147,476,0.0
1147,264,0.0
1147,200,0.0
1147,189,0.0
1147,362,0.0
1147,17,0.0
1147,16,0.0
18357,20,161.0
18357,264,137.0
18357,119,128.0
18357,79,102.0
18357,200,86.0
18357,94,82.0
18357,287,55.0
18357,189,51.0
18357,255,47.0
18357,310,44.0
15543,264,274.0
15543,399,212.0
15543,79,204.0
15543,200,172.0
15543,94,164.0
15543,287,110.0
15543,189,102.0
15543,255,94.0
15543,310,88.0
15543,22,66.0
403,20,322.0
403,264,274.0
403,399,212.0
403,200,172.0
403,94,164.0
403,287,110.0
403,189,102.0
403,255,94.0
403,310,88.0
403,22,66.0
15517,20,322.0
15517,264,274.0
15517,119,256.0
15517,399,212.0
15517,79,204.0
15517,200,172.0
15517,94,164.0
15517,189,102.0
15517,310,88.0
15517,22,66.0
2987,20,322.0
2987,264,274.0
2987,119,256.0
2987,79,204.0
2987,94,164.0
2987,287,110.0
2987,189,102.0
2987,255,94.0
2987,310,88.0
2987,22,66.0
5504,20,483.0
5504,264,411.0
5504,119,384.0
5504,399,318.0
5504,200,258.0
5504,94,246.0
5504,189,153.0
5504,255,141.0
5504,310,132.0
5504,22,99.0
11469,20,161.0
11469,264,137.0
11469,119,128.0
11469,399,106.0
11469,79,102.0
11469,200,86.0
11469,94,82.0
11469,287,55.0
11469,189,51.0
11469,255,47.0
2994,264,274.0
2994,399,212.0
2994,79,204.0
2994,200,172.0
2994,94,164.0
2994,287,110.0
2994,189,102.0
2994,255,94.0
2994,310,88.0
2994,22,66.0
17802,264,274.0
17802,119,256.0
17802,79,204.0
17802,200,172.0
17802,94,164.0
17802,287,110.0
17802,189,102.0
17802,255,94.0
17802,310,88.0
17802,22,66.0
13583,20,161.0
13583,119,128.0
13583,399,106.0
13583,79,102.0
13583,200,86.0
13583,94,82.0
13583,287,55.0
13583,189,51.0
13583,255,47.0
13583,310,44.0
2986,20,161.0
2986,264,137.0
2986,119,128.0
2986,79,102.0
2986,200,86.0
2986,94,82.0
2986,287,55.0
2986,189,51.0
2986,255,47.0
2986,310,44.0
8395,264,685.0
8395,79,510.0
8395,200,430.0
8395,94,410.0
8395,189,255.0
8395,255,235.0
8395,310,220.0
8395,22,165.0
8395,352,135.0
8395,362,130.0
2423,119,0.0
2423,20,0.0
2423,399,0.0
2423,476,0.0
2423,264,0.0
2423,200,0.0
2423,189,0.0
2423,362,0.0
2423,17,0.0
2423,16,0.0
15338,20,161.0
15338,264,137.0
15338,119,128.0
15338,79,102.0
15338,200,86.0
15338,94,82.0
15338,287,55.0
15338,189,51.0
15338,255,47.0
15338,310,44.0
9636,264,137.0
9636,119,128.0
9636,399,106.0
9636,79,102.0
9636,200,86.0
9636,94,82.0
9636,287,55.0
9636,189,51.0
9636,255,47.0
9636,310,44.0
511,264,411.0
511,119,384.0
511,79,306.0
511,94,246.0
511,287,165.0
511,189,153.0
511,255,141.0
511,310,132.0
511,22,99.0
511,16,84.0
18675,20,161.0
18675,264,137.0
18675,399,106.0
18675,79,102.0
18675,200,86.0
18675,94,82.0
18675,287,55.0
18675,189,51.0
18675,255,47.0
18675,310,44.0
17818,20,644.0
17818,119,512.0
17818,200,344.0
17818,94,328.0
17818,189,204.0
17818,255,188.0
17818,310,176.0
17818,22,132.0
17818,16,112.0
17818,352,108.0
1324,20,322.0
1324,264,274.0
1324,119,256.0
1324,399,212.0
1324,79,204.0
1324,94,164.0
1324,189,102.0
1324,255,94.0
1324,310,88.0
1324,22,66.0
512,20,161.0
512,264,137.0
512,119,128.0
512,79,102.0
512,200,86.0
512,94,82.0
512,287,55.0
512,189,51.0
512,255,47.0
512,310,44.0
12055,264,137.0
12055,119,128.0
12055,399,106.0
12055,79,102.0
12055,200,86.0
12055,94,82.0
12055,287,55.0
12055,189,51.0
12055,255,47.0
12055,310,44.0
9638,20,161.0
9638,264,137.0
9638,119,128.0
9638,399,106.0
9638,79,102.0
9638,200,86.0
9638,94,82.0
9638,287,55.0
9638,189,51.0
9638,310,44.0
19346,20,322.0
19346,264,274.0
19346,399,212.0
19346,79,204.0
19346,94,164.0
19346,287,110.0
19346,189,102.0
19346,255,94.0
19346,310,88.0
19346,22,66.0
17793,264,137.0
17793,119,128.0
17793,399,106.0
17793,79,102.0
17793,200,86.0
17793,94,82.0
17793,287,55.0
17793,189,51.0
17793,255,47.0
17793,310,44.0
19308,20,161.0
19308,264,137.0
19308,119,128.0
19308,399,106.0
19308,79,102.0
19308,200,86.0
19308,94,82.0
19308,287,55.0
19308,189,51.0
19308,255,47.0
1326,119,256.0
1326,399,212.0
1326,79,204.0
1326,200,172.0
1326,94,164.0
1326,287,110.0
1326,189,102.0
1326,255,94.0
1326,310,88.0
1326,22,66.0
8540,20,483.0
8540,264,411.0
8540,119,384.0
8540,399,318.0
8540,200,258.0
8540,94,246.0
8540,287,165.0
8540,189,153.0
8540,310,132.0
8540,22,99.0
157,264,137.0
157,119,128.0
157,399,106.0
157,79,102.0
157,200,86.0
157,94,82.0
157,287,55.0
157,189,51.0
157,255,47.0
157,310,44.0
2688,20,161.0
2688,119,128.0
2688,399,106.0
2688,79,102.0
2688,200,86.0
2688,94,82.0
2688,287,55.0
2688,189,51.0
2688,255,47.0
2688,310,44.0
10298,20,161.0
10298,264,137.0
10298,119,128.0
10298,399,106.0
10298,79,102.0
10298,200,86.0
10298,94,82.0
10298,189,51.0
10298,255,47.0
10298,310,44.0
1123,20,161.0
1123,264,137.0
1123,119,128.0
1123,399,106.0
1123,79,102.0
1123,200,86.0
1123,94,82.0
1123,287,55.0
1123,189,51.0
1123,255,47.0
1136,264,137.0
1136,119,128.0
1136,399,106.0
1136,79,102.0
1136,200,86.0
1136,94,82.0
1136,287,55.0
1136,189,51.0
1136,255,47.0
1136,310,44.0
1124,20,322.0
1124,264,274.0
1124,119,256.0
1124,79,204.0
1124,200,172.0
1124,94,164.0
1124,287,110.0
1124,189,102.0
1124,310,88.0
1124,22,66.0
352,264,411.0
352,119,384.0
352,399,318.0
352,79,306.0
352,200,258.0
352,287,165.0
352,189,153.0
352,255,141.0
352,310,132.0
352,22,99.0
8422,264,548.0
8422,79,408.0
8422,94,328.0
8422,287,220.0
8422,189,204.0
8422,255,188.0
8422,310,176.0
8422,22,132.0
8422,16,112.0
8422,352,108.0
2993,20,644.0
2993,264,548.0
2993,119,512.0
2993,399,424.0
2993,287,220.0
2993,189,204.0
2993,255,188.0
2993,310,176.0
2993,16,112.0
2993,352,108.0
8539,20,161.0
8539,264,137.0
8539,119,128.0
8539,399,106.0
8539,200,86.0
8539,94,82.0
8539,287,55.0
8539,189,51.0
8539,255,47.0
8539,310,44.0
13511,20,161.0
13511,264,137.0
13511,119,128.0
13511,79,102.0
13511,200,86.0
13511,94,82.0
13511,287,55.0
13511,189,51.0
13511,255,47.0
13511,310,44.0
2689,20,161.0
2689,264,137.0
2689,119,128.0
2689,79,102.0
2689,200,86.0
2689,94,82.0
2689,287,55.0
2689,189,51.0
2689,255,47.0
2689,310,44.0
16633,20,161.0
16633,264,137.0
16633,119,128.0
16633,399,106.0
16633,200,86.0
16633,94,82.0
16633,287,55.0
16633,189,51.0
16633,255,47.0
16633,310,44.0
19347,20,161.0
19347,264,137.0
19347,119,128.0
19347,399,106.0
19347,200,86.0
19347,94,82.0
19347,287,55.0
19347,189,51.0
19347,255,47.0
19347,310,44.0
19312,20,161.0
19312,264,137.0
19312,119,128.0
19312,399,106.0
19312,79,102.0
19312,200,86.0
19312,94,82.0
19312,287,55.0
19312,189,51.0
19312,255,47.0
18105,119,0.0
18105,20,0.0
18105,399,0.0
18105,476,0.0
18105,264,0.0
18105,200,0.0
18105,189,0.0
18105,362,0.0
18105,17,0.0
18105,16,0.0
4073,20,322.0
4073,264,274.0
4073,119,256.0
4073,399,212.0
4073,200,172.0
4073,94,164.0
4073,287,110.0
4073,189,102.0
4073,255,94.0
4073,310,88.0
17778,20,161.0
17778,264,137.0
17778,399,106.0
17778,79,102.0
17778,200,86.0
17778,94,82.0
17778,287,55.0
17778,189,51.0
17778,255,47.0
17778,310,44.0
18669,399,318.0
18669,79,306.0
18669,200,258.0
18669,94,246.0
18669,287,165.0
18669,189,153.0
18669,255,141.0
18669,310,132.0
18669,22,99.0
18669,16,84.0
4105,119,0.0
4105,20,0.0
4105,399,0.0
4105,476,0.0
4105,264,0.0
4105,200,0.0
4105,189,0.0
4105,362,0.0
4105,17,0.0
4105,16,0.0
358,20,161.0
358,264,137.0
358,119,128.0
358,399,106.0
358,79,102.0
358,94,82.0
358,287,55.0
358,189,51.0
358,255,47.0
358,310,44.0
1047,20,161.0
1047,264,137.0
1047,119,128.0
1047,399,106.0
1047,79,102.0
1047,200,86.0
1047,94,82.0
1047,287,55.0
1047,189,51.0
1047,255,47.0
15342,119,384.0
15342,399,318.0
15342,200,258.0
15342,94,246.0
15342,287,165.0
15342,189,153.0
15342,255,141.0
15342,310,132.0
15342,22,99.0
15342,16,84.0
516,200,860.0
516,255,470.0
516,22,330.0
516,352,270.0
516,362,260.0
516,89,170.0
516,78,120.0
516,59,110.0
516,134,90.0
516,190,30.0
4638,119,512.0
4638,399,424.0
4638,79,408.0
4638,200,344.0
4638,287,220.0
4638,189,204.0
4638,310,176.0
4638,22,132.0
4638,16,112.0
4638,352,108.0
19107,20,161.0
19107,264,137.0
19107,119,128.0
19107,79,102.0
19107,200,86.0
19107,94,82.0
19107,287,55.0
19107,189,51.0
19107,255,47.0
19107,310,44.0
14253,20,161.0
14253,119,128.0
14253,399,106.0
14253,79,102.0
14253,200,86.0
14253,94,82.0
14253,287,55.0
14253,189,51.0
14253,255,47.0
14253,310,44.0
14905,20,161.0
14905,264,137.0
14905,119,128.0
14905,399,106.0
14905,200,86.0
14905,94,82.0
14905,287,55.0
14905,189,51.0
14905,255,47.0
14905,310,44.0
10289,20,322.0
10289,119,256.0
10289,399,212.0
10289,79,204.0
10289,200,172.0
10289,94,164.0
10289,287,110.0
10289,189,102.0
10289,310,88.0
10289,22,66.0
12841,264,274.0
12841,119,256.0
12841,79,204.0
12841,200,172.0
12841,94,164.0
12841,287,110.0
12841,189,102.0
12841,255,94.0
12841,310,88.0
12841,22,66.0
3281,20,161.0
3281,264,137.0
3281,119,128.0
3281,399,106.0
3281,79,102.0
3281,94,82.0
3281,287,55.0
3281,189,51.0
3281,255,47.0
3281,310,44.0
17097,119,0.0
17097,20,0.0
17097,399,0.0
17097,476,0.0
17097,264,0.0
17097,200,0.0
17097,189,0.0
17097,362,0.0
17097,17,0.0
17097,16,0.0
8538,20,161.0
8538,264,137.0
8538,119,128.0
8538,399,106.0
8538,79,102.0
8538,200,86.0
8538,94,82.0
8538,287,55.0
8538,189,51.0
8538,255,47.0
4162,20,161.0
4162,264,137.0
4162,119,128.0
4162,399,106.0
4162,79,102.0
4162,200,86.0
4162,94,82.0
4162,287,55.0
4162,189,51.0
4162,255,47.0
8118,20,161.0
8118,119,128.0
8118,399,106.0
8118,79,102.0
8118,200,86.0
8118,94,82.0
8118,287,55.0
8118,189,51.0
8118,255,47.0
8118,310,44.0
3888,20,161.0
3888,119,128.0
3888,399,106.0
3888,79,102.0
3888,200,86.0
3888,94,82.0
3888,287,55.0
3888,189,51.0
3888,255,47.0
3888,310,44.0
3869,20,322.0
3869,264,274.0
3869,119,256.0
3869,79,204.0
3869,200,172.0
3869,94,164.0
3869,287,110.0
3869,189,102.0
3869,255,94.0
3869,310,88.0
15232,20,322.0
15232,264,274.0
15232,119,256.0
15232,399,212.0
15232,79,204.0
15232,200,172.0
15232,94,164.0
15232,189,102.0
15232,310,88.0
15232,22,66.0
9635,20,161.0
9635,264,137.0
9635,119,128.0
9635,399,106.0
9635,200,86.0
9635,94,82.0
9635,287,55.0
9635,189,51.0
9635,255,47.0
9635,310,44.0
19104,20,322.0
19104,264,274.0
19104,119,256.0
19104,399,212.0
19104,200,172.0
19104,94,164.0
19104,287,110.0
19104,189,102.0
19104,255,94.0
19104,310,88.0
17803,264,685.0
17803,79,510.0
17803,200,430.0
17803,94,410.0
17803,287,275.0
17803,189,255.0
17803,255,235.0
17803,310,220.0
17803,22,165.0
17803,16,140.0
17810,20,644.0
17810,264,548.0
17810,119,512.0
17810,399,424.0
17810,94,328.0
17810,287,220.0
17810,189,204.0
17810,310,176.0
17810,22,132.0
17810,352,108.0
17807,20,161.0
17807,264,137.0
17807,119,128.0
17807,399,106.0
17807,79,102.0
17807,200,86.0
17807,287,55.0
17807,189,51.0
17807,255,47.0
17807,310,44.0
17808,20,161.0
17808,264,137.0
17808,119,128.0
17808,399,106.0
17808,79,102.0
17808,200,86.0
17808,94,82.0
17808,287,55.0
17808,189,51.0
17808,310,44.0
8290,20,161.0
8290,264,137.0
8290,399,106.0
8290,79,102.0
8290,200,86.0
8290,94,82.0
8290,287,55.0
8290,189,51.0
8290,255,47.0
8290,310,44.0
18670,20,161.0
18670,264,137.0
18670,399,106.0
18670,79,102.0
18670,200,86.0
18670,94,82.0
18670,287,55.0
18670,189,51.0
18670,255,47.0
18670,310,44.0
18674,20,483.0
18674,399,318.0
18674,79,306.0
18674,94,246.0
18674,287,165.0
18674,189,153.0
18674,255,141.0
18674,310,132.0
18674,22,99.0
18674,16,84.0
9640,20,161.0
9640,264,137.0
9640,399,106.0
9640,79,102.0
9640,200,86.0
9640,94,82.0
9640,287,55.0
9640,189,51.0
9640,255,47.0
9640,310,44.0
16888,20,161.0
16888,264,137.0
16888,119,128.0
16888,399,106.0
16888,79,102.0
16888,200,86.0
16888,94,82.0
16888,287,55.0
16888,189,51.0
16888,310,44.0
42,20,161.0
42,264,137.0
42,119,128.0
42,79,102.0
42,200,86.0
42,94,82.0
42,287,55.0
42,189,51.0
42,255,47.0
42,310,44.0
17018,264,685.0
17018,119,640.0
17018,79,510.0
17018,287,275.0
17018,189,255.0
17018,255,235.0
17018,22,165.0
17018,16,140.0
17018,352,135.0
17018,362,130.0
17009,20,161.0
17009,264,137.0
17009,119,128.0
17009,399,106.0
17009,79,102.0
17009,200,86.0
17009,287,55.0
17009,189,51.0
17009,255,47.0
17009,310,44.0
17015,20,644.0
17015,264,548.0
17015,119,512.0
17015,79,408.0
17015,200,344.0
17015,94,328.0
17015,189,204.0
17015,310,176.0
17015,22,132.0
17015,16,112.0
17012,20,161.0
17012,264,137.0
17012,119,128.0
17012,79,102.0
17012,200,86.0
17012,94,82.0
17012,287,55.0
17012,189,51.0
17012,255,47.0
17012,310,44.0
15335,264,685.0
15335,119,640.0
15335,399,530.0
15335,94,410.0
15335,189,255.0
15335,310,220.0
15335,22,165.0
15335,16,140.0
15335,352,135.0
15335,362,130.0
17801,20,322.0
17801,264,274.0
17801,119,256.0
17801,399,212.0
17801,200,172.0
17801,94,164.0
17801,287,110.0
17801,189,102.0
17801,255,94.0
17801,310,88.0
11208,119,0.0
11208,20,0.0
11208,399,0.0
11208,476,0.0
11208,264,0.0
11208,200,0.0
11208,189,0.0
11208,362,0.0
11208,17,0.0
11208,16,0.0
17791,20,161.0
17791,119,128.0
17791,399,106.0
17791,79,102.0
17791,200,86.0
17791,94,82.0
17791,287,55.0
17791,189,51.0
17791,255,47.0
17791,310,44.0
10272,20,161.0
10272,264,137.0
10272,119,128.0
10272,399,106.0
10272,79,102.0
10272,200,86.0
10272,94,82.0
10272,287,55.0
10272,189,51.0
10272,310,44.0
15034,20,483.0
15034,264,411.0
15034,119,384.0
15034,399,318.0
15034,79,306.0
15034,287,165.0
15034,189,153.0
15034,255,141.0
15034,310,132.0
15034,22,99.0
3224,264,274.0
3224,119,256.0
3224,399,212.0
3224,79,204.0
3224,200,172.0
3224,94,164.0
3224,287,110.0
3224,189,102.0
3224,310,88.0
3224,22,66.0
1046,119,512.0
1046,399,424.0
1046,79,408.0
1046,200,344.0
1046,94,328.0
1046,189,204.0
1046,255,188.0
1046,22,132.0
1046,16,112.0
1046,352,108.0
3885,119,0.0
3885,20,0.0
3885,399,0.0
3885,476,0.0
3885,264,0.0
3885,200,0.0
3885,189,0.0
3885,362,0.0
3885,17,0.0
3885,16,0.0
17005,119,0.0
17005,20,0.0
17005,399,0.0
17005,476,0.0
17005,264,0.0
17005,200,0.0
17005,189,0.0
17005,362,0.0
17005,17,0.0
17005,16,0.0
17013,20,161.0
17013,264,137.0
17013,119,128.0
17013,399,106.0
17013,200,86.0
17013,94,82.0
17013,287,55.0
17013,189,51.0
17013,255,47.0
17013,310,44.0
16285,20,161.0
16285,264,137.0
16285,119,128.0
16285,399,106.0
16285,200,86.0
16285,94,82.0
16285,287,55.0
16285,189,51.0
16285,255,47.0
16285,310,44.0
15061,20,161.0
15061,264,137.0
15061,119,128.0
15061,399,106.0
15061,79,102.0
15061,200,86.0
15061,94,82.0
15061,287,55.0
15061,189,51.0
15061,255,47.0
17782,20,161.0
17782,264,137.0
17782,399,106.0
17782,79,102.0
17782,200,86.0
17782,94,82.0
17782,287,55.0
17782,189,51.0
17782,255,47.0
17782,310,44.0
11847,79,816.0
11847,200,688.0
11847,94,656.0
11847,189,408.0
11847,255,376.0
11847,16,224.0
11847,352,216.0
11847,362,208.0
11847,89,136.0
11847,59,88.0
17784,264,137.0
17784,119,128.0
17784,399,106.0
17784,79,102.0
17784,200,86.0
17784,94,82.0
17784,287,55.0
17784,189,51.0
17784,255,47.0
17784,310,44.0
15663,20,322.0
15663,119,256.0
15663,399,212.0
15663,79,204.0
15663,200,172.0
15663,287,110.0
15663,189,102.0
15663,255,94.0
15663,310,88.0
15663,22,66.0
2651,264,137.0
2651,119,128.0
2651,399,106.0
2651,79,102.0
2651,200,86.0
2651,94,82.0
2651,287,55.0
2651,189,51.0
2651,255,47.0
2651,310,44.0
8623,264,411.0
8623,79,306.0
8623,200,258.0
8623,94,246.0
8623,287,165.0
8623,189,153.0
8623,255,141.0
8623,310,132.0
8623,22,99.0
8623,16,84.0
7925,119,1024.0
7925,200,688.0
7925,94,656.0
7925,189,408.0
7925,310,352.0
7925,22,264.0
7925,16,224.0
7925,352,216.0
7925,362,208.0
7925,59,88.0
15334,264,411.0
15334,119,384.0
15334,399,318.0
15334,79,306.0
15334,94,246.0
15334,189,153.0
15334,255,141.0
15334,310,132.0
15334,22,99.0
15334,16,84.0
17022,20,161.0
17022,119,128.0
17022,399,106.0
17022,79,102.0
17022,200,86.0
17022,94,82.0
17022,287,55.0
17022,189,51.0
17022,255,47.0
17022,310,44.0
6347,20,483.0
6347,119,384.0
6347,79,306.0
6347,200,258.0
6347,94,246.0
6347,189,153.0
6347,255,141.0
6347,310,132.0
6347,22,99.0
6347,16,84.0
11209,20,161.0
11209,264,137.0
11209,119,128.0
11209,399,106.0
11209,79,102.0
11209,200,86.0
11209,94,82.0
11209,287,55.0
11209,189,51.0
11209,255,47.0
17772,20,161.0
17772,264,137.0
17772,119,128.0
17772,399,106.0
17772,79,102.0
17772,200,86.0
17772,94,82.0
17772,287,55.0
17772,189,51.0
17772,255,47.0
18111,20,161.0
18111,264,137.0
18111,119,128.0
18111,79,102.0
18111,200,86.0
18111,94,82.0
18111,287,55.0
18111,189,51.0
18111,255,47.0
18111,310,44.0
18678,20,161.0
18678,264,137.0
18678,399,106.0
18678,79,102.0
18678,200,86.0
18678,94,82.0
18678,287,55.0
18678,189,51.0
18678,255,47.0
18678,310,44.0
15993,20,161.0
15993,264,137.0
15993,119,128.0
15993,399,106.0
15993,79,102.0
15993,200,86.0
15993,94,82.0
15993,287,55.0
15993,189,51.0
15993,255,47.0
11609,20,161.0
11609,264,137.0
11609,119,128.0
11609,79,102.0
11609,200,86.0
11609,94,82.0
11609,287,55.0
11609,189,51.0
11609,255,47.0
11609,310,44.0
2456,20,161.0
2456,264,137.0
2456,119,128.0
2456,399,106.0
2456,79,102.0
2456,200,86.0
2456,94,82.0
2456,287,55.0
2456,189,51.0
2456,255,47.0
9639,20,161.0
9639,264,137.0
9639,119,128.0
9639,399,106.0
9639,79,102.0
9639,200,86.0
9639,94,82.0
9639,287,55.0
9639,189,51.0
9639,255,47.0
9641,20,161.0
9641,264,137.0
9641,119,128.0
9641,399,106.0
9641,79,102.0
9641,200,86.0
9641,94,82.0
9641,287,55.0
9641,189,51.0
9641,255,47.0
17006,20,161.0
17006,119,128.0
17006,399,106.0
17006,79,102.0
17006,200,86.0
17006,94,82.0
17006,287,55.0
17006,189,51.0
17006,255,47.0
17006,310,44.0
9634,119,0.0
9634,20,0.0
9634,399,0.0
9634,476,0.0
9634,264,0.0
9634,200,0.0
9634,189,0.0
9634,362,0.0
9634,17,0.0
9634,16,0.0
15991,20,161.0
15991,264,137.0
15991,119,128.0
15991,399,106.0
15991,79,102.0
15991,200,86.0
15991,94,82.0
15991,189,51.0
15991,255,47.0
15991,310,44.0
11608,119,384.0
11608,399,318.0
11608,79,306.0
11608,200,258.0
11608,94,246.0
11608,287,165.0
11608,189,153.0
11608,255,141.0
11608,22,99.0
11608,16,84.0
3011,20,161.0
3011,264,137.0
3011,119,128.0
3011,79,102.0
3011,200,86.0
3011,94,82.0
3011,287,55.0
3011,189,51.0
3011,255,47.0
3011,310,44.0
8429,119,256.0
8429,399,212.0
8429,79,204.0
8429,200,172.0
8429,94,164.0
8429,287,110.0
8429,189,102.0
8429,255,94.0
8429,310,88.0
8429,22,66.0
15992,20,322.0
15992,119,256.0
15992,399,212.0
15992,79,204.0
15992,200,172.0
15992,287,110.0
15992,189,102.0
15992,255,94.0
15992,310,88.0
15992,22,66.0
17820,20,644.0
17820,119,512.0
17820,200,344.0
17820,94,328.0
17820,287,220.0
17820,189,204.0
17820,255,188.0
17820,310,176.0
17820,22,132.0
17820,16,112.0
79,20,483.0
79,119,384.0
79,79,306.0
79,200,258.0
79,94,246.0
79,287,165.0
79,189,153.0
79,255,141.0
79,310,132.0
79,22,99.0
17779,20,1449.0
17779,399,954.0
17779,79,918.0
17779,200,774.0
17779,94,738.0
17779,189,459.0
17779,16,252.0
17779,362,234.0
17779,89,153.0
17779,59,99.0
2686,20,161.0
2686,264,137.0
2686,119,128.0
2686,399,106.0
2686,79,102.0
2686,200,86.0
2686,94,82.0
2686,287,55.0
2686,189,51.0
2686,255,47.0
10251,20,161.0
10251,264,137.0
10251,399,106.0
10251,79,102.0
10251,200,86.0
10251,94,82.0
10251,287,55.0
10251,189,51.0
10251,255,47.0
10251,310,44.0
18954,264,411.0
18954,119,384.0
18954,399,318.0
18954,79,306.0
18954,287,165.0
18954,189,153.0
18954,255,141.0
18954,310,132.0
18954,22,99.0
18954,16,84.0
11611,20,322.0
11611,264,274.0
11611,399,212.0
11611,79,204.0
11611,94,164.0
11611,287,110.0
11611,189,102.0
11611,255,94.0
11611,310,88.0
11611,22,66.0
1435,264,137.0
1435,119,128.0
1435,399,106.0
1435,79,102.0
1435,200,86.0
1435,94,82.0
1435,287,55.0
1435,189,51.0
1435,255,47.0
1435,310,44.0
1437,119,256.0
1437,399,212.0
1437,79,204.0
1437,200,172.0
1437,94,164.0
1437,287,110.0
1437,189,102.0
1437,255,94.0
1437,310,88.0
1437,22,66.0
15231,20,161.0
15231,264,137.0
15231,119,128.0
15231,399,106.0
15231,200,86.0
15231,94,82.0
15231,287,55.0
15231,189,51.0
15231,255,47.0
15231,310,44.0
1125,119,0.0
1125,20,0.0
1125,399,0.0
1125,476,0.0
1125,264,0.0
1125,200,0.0
1125,189,0.0
1125,362,0.0
1125,17,0.0
1125,16,0.0
17014,20,161.0
17014,264,137.0
17014,119,128.0
17014,399,106.0
17014,79,102.0
17014,200,86.0
17014,94,82.0
17014,287,55.0
17014,189,51.0
17014,255,47.0
11613,79,408.0
11613,200,344.0
11613,94,328.0
11613,287,220.0
11613,189,204.0
11613,255,188.0
11613,310,176.0
11613,22,132.0
11613,16,112.0
11613,352,108.0
41,20,161.0
41,264,137.0
41,119,128.0
41,79,102.0
41,200,86.0
41,94,82.0
41,287,55.0
41,189,51.0
41,255,47.0
41,310,44.0
8421,79,612.0
8421,200,516.0
8421,94,492.0
8421,189,306.0
8421,255,282.0
8421,22,198.0
8421,16,168.0
8421,352,162.0
8421,362,156.0
8421,89,102.0
1327,20,161.0
1327,264,137.0
1327,119,128.0
1327,79,102.0
1327,200,86.0
1327,94,82.0
1327,287,55.0
1327,189,51.0
1327,255,47.0
1327,310,44.0
174,20,161.0
174,264,137.0
174,119,128.0
174,399,106.0
174,79,102.0
174,200,86.0
174,94,82.0
174,287,55.0
174,189,51.0
174,255,47.0
13983,20,322.0
13983,119,256.0
13983,399,212.0
13983,79,204.0
13983,94,164.0
13983,287,110.0
13983,189,102.0
13983,255,94.0
13983,310,88.0
13983,22,66.0
13986,20,322.0
13986,264,274.0
13986,119,256.0
13986,399,212.0
13986,200,172.0
13986,94,164.0
13986,287,110.0
13986,189,102.0
13986,310,88.0
13986,22,66.0
744,20,161.0
744,264,137.0
744,399,106.0
744,79,102.0
744,200,86.0
744,94,82.0
744,287,55.0
744,189,51.0
744,255,47.0
744,310,44.0
11207,119,0.0
11207,20,0.0
11207,399,0.0
11207,476,0.0
11207,264,0.0
11207,200,0.0
11207,189,0.0
11207,362,0.0
11207,17,0.0
11207,16,0.0
13985,119,256.0
13985,399,212.0
13985,79,204.0
13985,200,172.0
13985,94,164.0
13985,287,110.0
13985,189,102.0
13985,255,94.0
13985,310,88.0
13985,22,66.0
14343,20,161.0
14343,264,137.0
14343,119,128.0
14343,399,106.0
14343,200,86.0
14343,94,82.0
14343,287,55.0
14343,189,51.0
14343,255,47.0
14343,310,44.0
18680,264,548.0
18680,119,512.0
18680,399,424.0
18680,94,328.0
18680,287,220.0
18680,189,204.0
18680,255,188.0
18680,310,176.0
18680,22,132.0
18680,16,112.0
18681,119,640.0
18681,399,530.0
18681,94,410.0
18681,287,275.0
18681,189,255.0
18681,255,235.0
18681,310,220.0
18681,22,165.0
18681,16,140.0
18681,362,130.0
1476,20,161.0
1476,119,128.0
1476,399,106.0
1476,79,102.0
1476,200,86.0
1476,94,82.0
1476,287,55.0
1476,189,51.0
1476,255,47.0
1476,310,44.0
17775,20,966.0
17775,200,516.0
17775,94,492.0
17775,189,306.0
17775,255,282.0
17775,310,264.0
17775,22,198.0
17775,16,168.0
17775,352,162.0
17775,362,156.0
17822,119,0.0
17822,20,0.0
17822,399,0.0
17822,476,0.0
17822,264,0.0
17822,200,0.0
17822,189,0.0
17822,362,0.0
17822,17,0.0
17822,16,0.0
13981,264,411.0
13981,119,384.0
13981,79,306.0
13981,200,258.0
13981,94,246.0
13981,189,153.0
13981,255,141.0
13981,310,132.0
13981,22,99.0
13981,16,84.0
3134,20,322.0
3134,264,274.0
3134,119,256.0
3134,399,212.0
3134,79,204.0
3134,94,164.0
3134,287,110.0
3134,189,102.0
3134,310,88.0
3134,22,66.0
19106,200,516.0
19106,94,492.0
19106,287,330.0
19106,189,306.0
19106,255,282.0
19106,310,264.0
19106,22,198.0
19106,16,168.0
19106,352,162.0
19106,89,102.0
13980,20,483.0
13980,264,411.0
13980,119,384.0
13980,399,318.0
13980,200,258.0
13980,94,246.0
13980,287,165.0
13980,189,153.0
13980,310,132.0
13980,16,84.0
8625,264,137.0
8625,119,128.0
8625,399,106.0
8625,79,102.0
8625,200,86.0
8625,94,82.0
8625,287,55.0
8625,189,51.0
8625,255,47.0
8625,310,44.0
3828,20,161.0
3828,264,137.0
3828,119,128.0
3828,399,106.0
3828,79,102.0
3828,200,86.0
3828,94,82.0
3828,287,55.0
3828,189,51.0
3828,255,47.0
17800,20,161.0
17800,119,128.0
17800,399,106.0
17800,79,102.0
17800,200,86.0
17800,94,82.0
17800,287,55.0
17800,189,51.0
17800,255,47.0
17800,310,44.0
7649,264,411.0
7649,79,306.0
7649,200,258.0
7649,94,246.0
7649,287,165.0
7649,189,153.0
7649,255,141.0
7649,310,132.0
7649,22,99.0
7649,16,84.0
17010,119,0.0
17010,20,0.0
17010,399,0.0
17010,476,0.0
17010,264,0.0
17010,200,0.0
17010,189,0.0
17010,362,0.0
17010,17,0.0
17010,16,0.0
11470,20,161.0
11470,264,137.0
11470,119,128.0
11470,399,106.0
11470,79,102.0
11470,200,86.0
11470,94,82.0
11470,287,55.0
11470,189,51.0
11470,255,47.0
3829,119,0.0
3829,20,0.0
3829,399,0.0
3829,476,0.0
3829,264,0.0
3829,200,0.0
3829,189,0.0
3829,362,0.0
3829,17,0.0
3829,16,0.0
10250,20,161.0
10250,264,137.0
10250,399,106.0
10250,79,102.0
10250,200,86.0
10250,94,82.0
10250,287,55.0
10250,189,51.0
10250,255,47.0
10250,310,44.0
11610,264,137.0
11610,119,128.0
11610,399,106.0
11610,79,102.0
11610,200,86.0
11610,94,82.0
11610,287,55.0
11610,189,51.0
11610,255,47.0
11610,310,44.0
17780,79,612.0
17780,94,492.0
17780,189,306.0
17780,255,282.0
17780,310,264.0
17780,22,198.0
17780,16,168.0
17780,352,162.0
17780,362,156.0
17780,89,102.0
17672,264,137.0
17672,119,128.0
17672,399,106.0
17672,79,102.0
17672,200,86.0
17672,94,82.0
17672,287,55.0
17672,189,51.0
17672,255,47.0
17672,310,44.0
515,264,137.0
515,119,128.0
515,399,106.0
515,79,102.0
515,200,86.0
515,94,82.0
515,287,55.0
515,189,51.0
515,255,47.0
515,310,44.0
513,119,0.0
513,20,0.0
513,399,0.0
513,476,0.0
513,264,0.0
513,200,0.0
513,189,0.0
513,362,0.0
513,17,0.0
513,16,0.0
1328,264,137.0
1328,119,128.0
1328,399,106.0
1328,79,102.0
1328,200,86.0
1328,94,82.0
1328,287,55.0
1328,189,51.0
1328,255,47.0
1328,310,44.0
18676,119,768.0
18676,399,636.0
18676,79,612.0
18676,200,516.0
18676,94,492.0
18676,189,306.0
18676,22,198.0
18676,16,168.0
18676,362,156.0
18676,89,102.0
17785,20,483.0
17785,119,384.0
17785,399,318.0
17785,79,306.0
17785,94,246.0
17785,287,165.0
17785,189,153.0
17785,255,141.0
17785,310,132.0
17785,22,99.0
1325,119,0.0
1325,20,0.0
1325,399,0.0
1325,476,0.0
1325,264,0.0
1325,200,0.0
1325,189,0.0
1325,362,0.0
1325,17,0.0
1325,16,0.0
17786,119,640.0
17786,399,530.0
17786,200,430.0
17786,94,410.0
17786,287,275.0
17786,189,255.0
17786,255,235.0
17786,310,220.0
17786,352,135.0
17786,362,130.0
8622,264,411.0
8622,119,384.0
8622,399,318.0
8622,79,306.0
8622,200,258.0
8622,94,246.0
8622,287,165.0
8622,189,153.0
8622,255,141.0
8622,16,84.0
17008,264,137.0
17008,119,128.0
17008,399,106.0
17008,79,102.0
17008,200,86.0
17008,94,82.0
17008,287,55.0
17008,189,51.0
17008,255,47.0
17008,310,44.0
17017,264,137.0
17017,119,128.0
17017,399,106.0
17017,79,102.0
17017,200,86.0
17017,94,82.0
17017,287,55.0
17017,189,51.0
17017,255,47.0
17017,310,44.0
65,20,161.0
65,264,137.0
65,119,128.0
65,399,106.0
65,79,102.0
65,200,86.0
65,94,82.0
65,189,51.0
65,255,47.0
65,310,44.0
13984,264,274.0
13984,119,256.0
13984,399,212.0
13984,200,172.0
13984,94,164.0
13984,287,110.0
13984,189,102.0
13984,255,94.0
13984,310,88.0
13984,22,66.0
9487,20,161.0
9487,264,137.0
9487,399,106.0
9487,79,102.0
9487,200,86.0
9487,94,82.0
9487,287,55.0
9487,189,51.0
9487,255,47.0
9487,310,44.0
9637,20,161.0
9637,264,137.0
9637,119,128.0
9637,399,106.0
9637,79,102.0
9637,200,86.0
9637,94,82.0
9637,287,55.0
9637,189,51.0
9637,255,47.0
18110,264,137.0
18110,119,128.0
18110,399,106.0
18110,79,102.0
18110,200,86.0
18110,94,82.0
18110,287,55.0
18110,189,51.0
18110,255,47.0
18110,310,44.0
17019,119,256.0
17019,399,212.0
17019,79,204.0
17019,200,172.0
17019,94,164.0
17019,287,110.0
17019,189,102.0
17019,255,94.0
17019,310,88.0
17019,22,66.0
8537,20,322.0
8537,264,274.0
8537,119,256.0
8537,79,204.0
8537,200,172.0
8537,287,110.0
8537,189,102.0
8537,255,94.0
8537,310,88.0
8537,22,66.0
13987,20,161.0
13987,264,137.0
13987,119,128.0
13987,399,106.0
13987,200,86.0
13987,94,82.0
13987,287,55.0
13987,189,51.0
13987,255,47.0
13987,310,44.0
3883,119,512.0
3883,399,424.0
3883,200,344.0
3883,94,328.0
3883,287,220.0
3883,189,204.0
3883,255,188.0
3883,310,176.0
3883,22,132.0
3883,16,112.0
4520,20,161.0
4520,264,137.0
4520,399,106.0
4520,79,102.0
4520,200,86.0
4520,94,82.0
4520,287,55.0
4520,189,51.0
4520,255,47.0
4520,310,44.0
15526,264,137.0
15526,119,128.0
15526,399,106.0
15526,79,102.0
15526,200,86.0
15526,94,82.0
15526,287,55.0
15526,189,51.0
15526,255,47.0
15526,310,44.0
15498,20,161.0
15498,119,128.0
15498,399,106.0
15498,79,102.0
15498,200,86.0
15498,94,82.0
15498,287,55.0
15498,189,51.0
15498,255,47.0
15498,310,44.0
18200,119,256.0
18200,399,212.0
18200,79,204.0
18200,200,172.0
18200,94,164.0
18200,287,110.0
18200,189,102.0
18200,255,94.0
18200,310,88.0
18200,22,66.0
17799,20,161.0
17799,264,137.0
17799,119,128.0
17799,399,106.0
17799,200,86.0
17799,94,82.0
17799,287,55.0
17799,189,51.0
17799,255,47.0
17799,310,44.0
17797,119,256.0
17797,399,212.0
17797,79,204.0
17797,200,172.0
17797,94,164.0
17797,287,110.0
17797,189,102.0
17797,255,94.0
17797,310,88.0
17797,22,66.0
18109,20,161.0
18109,264,137.0
18109,119,128.0
18109,399,106.0
18109,79,102.0
18109,200,86.0
18109,94,82.0
18109,287,55.0
18109,189,51.0
18109,255,47.0
17789,119,0.0
17789,20,0.0
17789,399,0.0
17789,476,0.0
17789,264,0.0
17789,200,0.0
17789,189,0.0
17789,362,0.0
17789,17,0.0
17789,16,0.0
743,20,161.0
743,264,137.0
743,399,106.0
743,79,102.0
743,200,86.0
743,94,82.0
743,287,55.0
743,189,51.0
743,255,47.0
743,310,44.0
1121,119,0.0
1121,20,0.0
1121,399,0.0
1121,476,0.0
1121,264,0.0
1121,200,0.0
1121,189,0.0
1121,362,0.0
1121,17,0.0
1121,16,0.0
7924,20,322.0
7924,119,256.0
7924,399,212.0
7924,200,172.0
7924,94,164.0
7924,287,110.0
7924,189,102.0
7924,255,94.0
7924,310,88.0
7924,22,66.0
6296,20,322.0
6296,264,274.0
6296,119,256.0
6296,399,212.0
6296,79,204.0
6296,200,172.0
6296,94,164.0
6296,287,110.0
6296,189,102.0
6296,310,88.0
17795,264,137.0
17795,119,128.0
17795,399,106.0
17795,79,102.0
17795,200,86.0
17795,94,82.0
17795,287,55.0
17795,189,51.0
17795,255,47.0
17795,310,44.0
10651,20,161.0
10651,264,137.0
10651,119,128.0
10651,399,106.0
10651,79,102.0
10651,94,82.0
10651,287,55.0
10651,189,51.0
10651,255,47.0
10651,310,44.0
7123,20,161.0
7123,264,137.0
7123,119,128.0
7123,399,106.0
7123,79,102.0
7123,200,86.0
7123,94,82.0
7123,287,55.0
7123,189,51.0
7123,255,47.0
16169,20,322.0
16169,119,256.0
16169,399,212.0
16169,200,172.0
16169,94,164.0
16169,287,110.0
16169,189,102.0
16169,255,94.0
16169,310,88.0
16169,22,66.0
10286,119,256.0
10286,399,212.0
10286,79,204.0
10286,200,172.0
10286,94,164.0
10286,287,110.0
10286,189,102.0
10286,255,94.0
10286,310,88.0
10286,22,66.0
17011,20,161.0
17011,264,137.0
17011,119,128.0
17011,79,102.0
17011,200,86.0
17011,94,82.0
17011,287,55.0
17011,189,51.0
17011,255,47.0
17011,310,44.0
2687,119,0.0
2687,20,0.0
2687,399,0.0
2687,476,0.0
2687,264,0.0
2687,200,0.0
2687,189,0.0
2687,362,0.0
2687,17,0.0
2687,16,0.0
18106,20,161.0
18106,264,137.0
18106,119,128.0
18106,399,106.0
18106,79,102.0
18106,200,86.0
18106,94,82.0
18106,287,55.0
18106,189,51.0
18106,310,44.0
3884,20,161.0
3884,119,128.0
3884,399,106.0
3884,79,102.0
3884,200,86.0
3884,94,82.0
3884,287,55.0
3884,189,51.0
3884,255,47.0
3884,310,44.0
18955,20,161.0
18955,264,137.0
18955,119,128.0
18955,399,106.0
18955,79,102.0
18955,200,86.0
18955,94,82.0
18955,287,55.0
18955,189,51.0
18955,255,47.0
17023,20,161.0
17023,264,137.0
17023,119,128.0
17023,399,106.0
17023,79,102.0
17023,200,86.0
17023,94,82.0
17023,287,55.0
17023,189,51.0
17023,310,44.0
514,264,137.0
514,119,128.0
514,399,106.0
514,79,102.0
514,200,86.0
514,94,82.0
514,287,55.0
514,189,51.0
514,255,47.0
514,310,44.0
17796,20,161.0
17796,119,128.0
17796,399,106.0
17796,79,102.0
17796,200,86.0
17796,94,82.0
17796,287,55.0
17796,189,51.0
17796,255,47.0
17796,310,44.0
13982,20,161.0
13982,264,137.0
13982,119,128.0
13982,399,106.0
13982,200,86.0
13982,94,82.0
13982,287,55.0
13982,189,51.0
13982,255,47.0
13982,310,44.0
201,20,161.0
201,264,137.0
201,399,106.0
201,79,102.0
201,200,86.0
201,94,82.0
201,287,55.0
201,189,51.0
201,255,47.0
201,310,44.0
12059,20,161.0
12059,264,137.0
12059,399,106.0
12059,79,102.0
12059,200,86.0
12059,94,82.0
12059,287,55.0
12059,189,51.0
12059,255,47.0
12059,310,44.0
18679,264,137.0
18679,119,128.0
18679,399,106.0
18679,79,102.0
18679,200,86.0
18679,94,82.0
18679,287,55.0
18679,189,51.0
18679,255,47.0
18679,310,44.0
5660,20,161.0
5660,264,137.0
5660,119,128.0
5660,399,106.0
5660,79,102.0
5660,200,86.0
5660,94,82.0
5660,287,55.0
5660,189,51.0
5660,255,47.0
15230,20,161.0
15230,264,137.0
15230,119,128.0
15230,399,106.0
15230,79,102.0
15230,200,86.0
15230,94,82.0
15230,287,55.0
15230,189,51.0
15230,255,47.0
3904,264,274.0
3904,119,256.0
3904,399,212.0
3904,200,172.0
3904,94,164.0
3904,287,110.0
3904,189,102.0
3904,255,94.0
3904,310,88.0
3904,22,66.0
15033,20,161.0
15033,264,137.0
15033,119,128.0
15033,399,106.0
15033,79,102.0
15033,200,86.0
15033,94,82.0
15033,287,55.0
15033,189,51.0
15033,255,47.0
17007,264,137.0
17007,119,128.0
17007,399,106.0
17007,79,102.0
17007,200,86.0
17007,94,82.0
17007,287,55.0
17007,189,51.0
17007,255,47.0
17007,310,44.0
17021,264,137.0
17021,119,128.0
17021,399,106.0
17021,79,102.0
17021,200,86.0
17021,94,82.0
17021,287,55.0
17021,189,51.0
17021,255,47.0
17021,310,44.0
1436,119,256.0
1436,399,212.0
1436,79,204.0
1436,200,172.0
1436,94,164.0
1436,287,110.0
1436,189,102.0
1436,255,94.0
1436,310,88.0
1436,22,66.0
18107,20,161.0
18107,264,137.0
18107,119,128.0
18107,399,106.0
18107,200,86.0
18107,94,82.0
18107,287,55.0
18107,189,51.0
18107,255,47.0
18107,310,44.0
17020,20,161.0
17020,264,137.0
17020,119,128.0
17020,399,106.0
17020,79,102.0
17020,200,86.0
17020,94,82.0
17020,287,55.0
17020,189,51.0
17020,310,44.0
4182,119,0.0
4182,20,0.0
4182,399,0.0
4182,476,0.0
4182,264,0.0
4182,200,0.0
4182,189,0.0
4182,362,0.0
4182,17,0.0
4182,16,0.0
2988,20,161.0
2988,119,128.0
2988,399,106.0
2988,79,102.0
2988,200,86.0
2988,94,82.0
2988,287,55.0
2988,189,51.0
2988,255,47.0
2988,310,44.0
17685,119,0.0
17685,20,0.0
17685,399,0.0
17685,476,0.0
17685,264,0.0
17685,200,0.0
17685,189,0.0
17685,362,0.0
17685,17,0.0
17685,16,0.0
8494,119,0.0
8494,20,0.0
8494,399,0.0
8494,476,0.0
8494,264,0.0
8494,200,0.0
8494,189,0.0
8494,362,0.0
8494,17,0.0
8494,16,0.0
17804,20,161.0
17804,119,128.0
17804,399,106.0
17804,79,102.0
17804,200,86.0
17804,94,82.0
17804,287,55.0
17804,189,51.0
17804,255,47.0
17804,310,44.0
17781,264,137.0
17781,119,128.0
17781,399,106.0
17781,79,102.0
17781,200,86.0
17781,94,82.0
17781,287,55.0
17781,189,51.0
17781,255,47.0
17781,310,44.0
17794,119,0.0
17794,20,0.0
17794,399,0.0
17794,476,0.0
17794,264,0.0
17794,200,0.0
17794,189,0.0
17794,362,0.0
17794,17,0.0
17794,16,0.0
13989,20,161.0
13989,264,137.0
13989,119,128.0
13989,399,106.0
13989,200,86.0
13989,94,82.0
13989,287,55.0
13989,189,51.0
13989,255,47.0
13989,310,44.0
18566,264,137.0
18566,119,128.0
18566,399,106.0
18566,79,102.0
18566,200,86.0
18566,94,82.0
18566,287,55.0
18566,189,51.0
18566,255,47.0
18566,310,44.0
15415,20,483.0
15415,264,411.0
15415,119,384.0
15415,399,318.0
15415,200,258.0
15415,94,246.0
15415,287,165.0
15415,189,153.0
15415,255,141.0
15415,310,132.0
1438,119,0.0
1438,20,0.0
1438,399,0.0
1438,476,0.0
1438,264,0.0
1438,200,0.0
1438,189,0.0
1438,362,0.0
1438,17,0.0
1438,16,0.0
17783,20,161.0
17783,264,137.0
17783,119,128.0
17783,399,106.0
17783,79,102.0
17783,200,86.0
17783,94,82.0
17783,287,55.0
17783,189,51.0
17783,255,47.0
2358,20,322.0
2358,264,274.0
2358,119,256.0
2358,399,212.0
2358,200,172.0
2358,94,164.0
2358,287,110.0
2358,189,102.0
2358,255,94.0
2358,310,88.0
17809,264,274.0
17809,119,256.0
17809,399,212.0
17809,200,172.0
17809,94,164.0
17809,287,110.0
17809,189,102.0
17809,255,94.0
17809,310,88.0
17809,22,66.0
17773,20,161.0
17773,119,128.0
17773,399,106.0
17773,79,102.0
17773,200,86.0
17773,94,82.0
17773,287,55.0
17773,189,51.0
17773,255,47.0
17773,310,44.0
17774,20,161.0
17774,264,137.0
17774,119,128.0
17774,399,106.0
17774,79,102.0
17774,200,86.0
17774,94,82.0
17774,287,55.0
17774,189,51.0
17774,310,44.0
18671,20,161.0
18671,264,137.0
18671,119,128.0
18671,399,106.0
18671,79,102.0
18671,94,82.0
18671,287,55.0
18671,189,51.0
18671,255,47.0
18671,310,44.0
2842,20,161.0
2842,264,137.0
2842,399,106.0
2842,79,102.0
2842,200,86.0
2842,94,82.0
2842,287,55.0
2842,189,51.0
2842,255,47.0
2842,310,44.0
17770,264,137.0
17770,119,128.0
17770,399,106.0
17770,79,102.0
17770,200,86.0
17770,94,82.0
17770,287,55.0
17770,189,51.0
17770,255,47.0
17770,310,44.0
17194,264,137.0
17194,119,128.0
17194,399,106.0
17194,79,102.0
17194,200,86.0
17194,94,82.0
17194,287,55.0
17194,189,51.0
17194,255,47.0
17194,310,44.0
4938,264,137.0
4938,119,128.0
4938,399,106.0
4938,79,102.0
4938,200,86.0
4938,94,82.0
4938,287,55.0
4938,189,51.0
4938,255,47.0
4938,310,44.0
16286,119,0.0
16286,20,0.0
16286,399,0.0
16286,476,0.0
16286,264,0.0
16286,200,0.0
16286,189,0.0
16286,362,0.0
16286,17,0.0
16286,16,0.0
17016,20,161.0
17016,264,137.0
17016,119,128.0
17016,399,106.0
17016,200,86.0
17016,94,82.0
17016,287,55.0
17016,189,51.0
17016,255,47.0
17016,310,44.0
11614,119,0.0
11614,20,0.0
11614,399,0.0
11614,476,0.0
11614,264,0.0
11614,200,0.0
11614,189,0.0
11614,362,0.0
11614,17,0.0
11614,16,0.0
18677,20,161.0
18677,264,137.0
18677,119,128.0
18677,399,106.0
18677,79,102.0
18677,200,86.0
18677,94,82.0
18677,287,55.0
18677,189,51.0
18677,255,47.0
17490,119,384.0
17490,399,318.0
17490,200,258.0
17490,94,246.0
17490,287,165.0
17490,189,153.0
17490,255,141.0
17490,310,132.0
17490,22,99.0
17490,16,84.0
64,119,0.0
64,20,0.0
64,399,0.0
64,476,0.0
64,264,0.0
64,200,0.0
64,189,0.0
64,362,0.0
64,17,0.0
64,16,0.0
8278,264,137.0
8278,119,128.0
8278,399,106.0
8278,79,102.0
8278,200,86.0
8278,94,82.0
8278,287,55.0
8278,189,51.0
8278,255,47.0
8278,310,44.0
11481,119,0.0
11481,20,0.0
11481,399,0.0
11481,476,0.0
11481,264,0.0
11481,200,0.0
11481,189,0.0
11481,362,0.0
11481,17,0.0
11481,16,0.0
17776,20,161.0
17776,264,137.0
17776,119,128.0
17776,79,102.0
17776,200,86.0
17776,94,82.0
17776,287,55.0
17776,189,51.0
17776,255,47.0
17776,310,44.0
1323,20,483.0
1323,264,411.0
1323,119,384.0
1323,79,306.0
1323,200,258.0
1323,94,246.0
1323,287,165.0
1323,189,153.0
1323,255,141.0
1323,310,132.0
2989,20,161.0
2989,264,137.0
2989,119,128.0
2989,399,106.0
2989,79,102.0
2989,200,86.0
2989,94,82.0
2989,287,55.0
2989,189,51.0
2989,255,47.0
