448,415,10.0
448,284,9.9047327862733
448,824,9.862064604783901
448,416,9.761895197768373
448,352,9.750398872633875
448,79,9.463790466505081
448,78,9.409298209447703
448,22,9.395207372828644
448,287,9.360818739193707
448,255,9.286986921659087
444,119,0.0
444,20,0.0
444,399,0.0
444,476,0.0
444,264,0.0
444,200,0.0
444,189,0.0
444,362,0.0
444,17,0.0
444,16,0.0
450,415,2.0
450,476,2.0
450,284,2.0
450,17,2.0
450,125,2.0
450,19,2.0
450,416,1.950293873874278
450,352,1.9491412330834372
450,134,1.947732425123007
450,190,1.9307514934403471
445,119,0.0
445,20,0.0
445,399,0.0
445,476,0.0
445,264,0.0
445,200,0.0
445,189,0.0
445,362,0.0
445,17,0.0
445,16,0.0
446,119,0.0
446,20,0.0
446,399,0.0
446,476,0.0
446,264,0.0
446,200,0.0
446,189,0.0
446,362,0.0
446,17,0.0
446,16,0.0
447,17,5.0
447,476,5.0
447,125,5.0
447,19,5.0
447,284,4.985225568682953
447,824,4.909241331108454
447,190,4.861502986880694
447,352,4.858504914866501
447,416,4.852330679797004
447,22,4.735837907808718
449,119,0.0
449,20,0.0
449,399,0.0
449,476,0.0
449,264,0.0
449,200,0.0
449,189,0.0
449,362,0.0
449,17,0.0
449,16,0.0
522,125,10.0
522,190,10.0
522,19,10.0
522,824,9.981675544162144
522,352,9.841717907541518
522,89,9.740490061057084
522,22,9.514531385198042
522,399,9.428665619550673
522,255,9.328380938580857
522,134,9.282760310801441
524,415,2.0
524,17,2.0
524,476,2.0
524,824,2.0
524,284,1.9897769411413226
524,416,1.9749643422339904
524,352,1.9576210651375603
524,78,1.8948812383835216
524,22,1.8929138280695585
524,287,1.8851901209882138
516,190,8.861502986880694
516,416,8.729265757316323
516,352,8.716789946714442
516,89,8.59419363451638
516,78,8.51547954299037
516,310,8.41103000859876
516,134,8.384983218907772
516,22,8.26830706197052
516,200,8.257844802557356
516,16,8.236103894689332
619,415,10.0
619,125,10.0
619,19,10.0
619,284,9.967280386537945
619,190,9.930751493440347
619,824,9.862064604783901
619,416,9.75242090337508
619,352,9.720453659719453
619,89,9.634917252057
619,78,9.554797301660479
494,190,6.930751493440347
494,824,6.794168890038895
494,352,6.7799727994064085
494,416,6.765625892143252
494,89,6.744734769962938
494,78,6.688046333341033
494,119,6.583830676345376
494,134,6.500316168045144
494,264,6.499709620237098
494,362,6.494352864007103
655,415,6.0
655,476,6.0
655,17,6.0
655,284,5.913794566098098
655,190,5.861502986880694
655,416,5.842685357412728
655,352,5.814086160115195
655,824,5.790222179387773
655,89,5.7526209276712565
655,78,5.647918706965985
466,125,1.0
466,284,1.0
466,824,1.0
466,190,1.0
466,19,1.0
466,89,0.9958294386938931
466,134,0.9922778767136677
466,78,0.9862478225331596
466,352,0.9716800817122049
466,310,0.9590230211101674
523,125,1.0
523,190,1.0
523,415,1.0
523,284,1.0
523,476,1.0
523,17,1.0
523,19,1.0
523,89,0.9988681377244375
523,352,0.9762956279494204
523,119,0.9712466601076967
620,284,9.973396651864325
620,824,9.804599924574507
620,352,9.74082187694484
620,416,9.667894921981047
620,22,9.435700244571294
620,189,9.313209869244314
620,16,9.243656008743724
620,200,9.165959938409717
620,255,9.04554457647396
620,125,9.0
570,119,0.0
570,20,0.0
570,399,0.0
570,476,0.0
570,264,0.0
570,200,0.0
570,189,0.0
570,362,0.0
570,17,0.0
570,16,0.0
544,415,8.0
544,190,7.861502986880694
544,352,7.718276902079055
544,416,7.703159767430672
544,89,7.609369723640402
544,78,7.5448410141591635
544,134,7.454694253239948
544,79,7.441901947381714
544,310,7.430361100790125
544,287,7.42053392447918
618,125,6.0
618,415,6.0
618,19,6.0
618,284,5.980448959895039
618,190,5.861502986880694
618,352,5.821551574271163
618,824,5.789630391730211
618,89,5.726965623972815
618,416,5.696620835479377
618,78,5.691820975905778
640,17,4.0
640,476,4.0
640,415,4.0
640,190,3.930751493440347
640,284,3.917901359630395
640,89,3.9108353685187804
640,416,3.8785175528248663
640,352,3.8775032245172376
640,824,3.8770341376281965
640,78,3.7629549605053487
487,119,0.0
487,20,0.0
487,399,0.0
487,476,0.0
487,264,0.0
487,200,0.0
487,189,0.0
487,362,0.0
487,17,0.0
487,16,0.0
610,119,0.0
610,20,0.0
610,399,0.0
610,476,0.0
610,264,0.0
610,200,0.0
610,189,0.0
610,362,0.0
610,17,0.0
610,16,0.0
492,415,5.0
492,476,5.0
492,17,5.0
492,190,4.930751493440347
492,284,4.921516689384431
492,416,4.873732322559231
492,352,4.831378530291206
492,824,4.794168890038895
492,89,4.771103838579913
492,119,4.737182956433032
569,415,4.0
569,125,4.0
569,476,4.0
569,17,4.0
569,19,4.0
569,284,3.9881710831813715
569,824,3.8942717982641586
569,352,3.8746520243689693
569,190,3.8615029868806943
569,416,3.793595249459302
518,119,0.0
518,20,0.0
518,399,0.0
518,476,0.0
518,264,0.0
518,200,0.0
518,189,0.0
518,362,0.0
518,17,0.0
518,16,0.0
481,119,0.0
481,20,0.0
481,399,0.0
481,476,0.0
481,264,0.0
481,200,0.0
481,189,0.0
481,362,0.0
481,17,0.0
481,16,0.0
624,119,0.0
624,20,0.0
624,399,0.0
624,476,0.0
624,264,0.0
624,200,0.0
624,189,0.0
624,362,0.0
624,17,0.0
624,16,0.0
514,119,0.0
514,20,0.0
514,399,0.0
514,476,0.0
514,264,0.0
514,200,0.0
514,189,0.0
514,362,0.0
514,17,0.0
514,16,0.0
592,119,0.0
592,20,0.0
592,399,0.0
592,476,0.0
592,264,0.0
592,200,0.0
592,189,0.0
592,362,0.0
592,17,0.0
592,16,0.0
454,77,1.0
454,125,1.0
454,476,1.0
454,415,1.0
454,17,1.0
454,19,1.0
454,400,1.0
454,824,0.9960532893488778
454,284,0.9922778767136677
454,352,0.9827076298239907
486,119,0.0
486,20,0.0
486,399,0.0
486,476,0.0
486,264,0.0
486,200,0.0
486,189,0.0
486,362,0.0
486,17,0.0
486,16,0.0
560,119,0.0
560,20,0.0
560,399,0.0
560,476,0.0
560,264,0.0
560,200,0.0
560,189,0.0
560,362,0.0
560,17,0.0
560,16,0.0
489,19,3.0
489,190,3.0
489,415,3.0
489,125,3.0
489,77,3.0
489,416,2.9286228907487803
489,352,2.8563707465110753
489,78,2.83572798165968
489,134,2.8305158415867524
489,94,2.815231339558009
477,476,2.0
477,17,2.0
477,415,2.0
477,824,1.9816755441621443
477,89,1.9815170890913434
477,416,1.9495337105444166
477,352,1.9490607660213044
477,190,1.9307514934403471
477,94,1.9260028592638534
477,284,1.9256234829167274
612,119,0.0
612,20,0.0
612,399,0.0
612,476,0.0
612,264,0.0
612,200,0.0
612,189,0.0
612,362,0.0
612,17,0.0
612,16,0.0
451,125,9.0
451,19,9.0
451,284,8.973396651864325
451,190,8.861502986880694
451,824,8.789630391730212
451,352,8.712363619395033
451,89,8.634917252057
451,78,8.595717933186696
451,416,8.569888951632082
451,189,8.38440195832614
639,415,2.0
639,19,2.0
639,125,2.0
639,77,2.0
639,416,1.9689530348534965
639,352,1.93153691284083
639,190,1.9307514934403471
639,134,1.9286637916892833
639,94,1.909899112993554
639,189,1.8887993628523219
654,125,5.0
654,19,5.0
654,284,4.9922778767136675
654,190,4.861502986880694
654,352,4.858890403566653
654,89,4.8369961526456065
654,824,4.827617404467218
654,134,4.783175664156458
654,78,4.769252261841685
654,416,4.717295632675698
607,415,3.0
607,125,3.0
607,476,3.0
607,17,3.0
607,284,3.0
607,19,3.0
607,190,2.930751493440347
607,352,2.9045026920304577
607,78,2.8628628218261247
607,89,2.85964962486037
471,125,1.0
471,190,1.0
471,415,1.0
471,284,1.0
471,476,1.0
471,17,1.0
471,19,1.0
471,89,0.9988681377244375
471,352,0.9762956279494204
471,119,0.9712466601076967
657,17,4.0
657,125,4.0
657,476,4.0
657,415,4.0
657,19,4.0
657,284,3.984555753427335
657,190,3.930751493440347
657,89,3.8771896646547974
657,824,3.876442349970634
657,352,3.8665115472669442
632,119,0.0
632,20,0.0
632,399,0.0
632,476,0.0
632,264,0.0
632,200,0.0
632,189,0.0
632,362,0.0
632,17,0.0
632,16,0.0
578,416,4.899827584418695
578,352,4.898201999104741
578,79,4.785182778988652
578,264,4.738165086900053
578,310,4.721072264065585
578,287,4.719296591928866
578,22,4.705733944906078
578,255,4.695337309011486
578,20,4.678470001309239
578,362,4.663685867541088
660,125,2.0
660,415,2.0
660,190,2.0
660,17,2.0
660,476,2.0
660,19,2.0
660,284,1.995893206467704
660,89,1.9462265058769976
660,352,1.940032958413362
660,416,1.9360547537543977
519,119,0.0
519,20,0.0
519,399,0.0
519,476,0.0
519,264,0.0
519,200,0.0
519,189,0.0
519,362,0.0
519,17,0.0
519,16,0.0
588,19,2.0
588,125,2.0
588,476,2.0
588,17,2.0
588,415,2.0
588,190,2.0
588,77,2.0
588,284,1.9881710831813715
588,824,1.9620129872629928
588,416,1.9428577729940328
605,77,1.0
605,125,1.0
605,476,1.0
605,415,1.0
605,17,1.0
605,19,1.0
605,400,1.0
605,824,0.9960532893488778
605,284,0.9922778767136677
605,352,0.9827076298239907
540,119,0.0
540,20,0.0
540,399,0.0
540,476,0.0
540,264,0.0
540,200,0.0
540,189,0.0
540,362,0.0
540,17,0.0
540,16,0.0
653,119,0.0
653,20,0.0
653,399,0.0
653,476,0.0
653,264,0.0
653,200,0.0
653,189,0.0
653,362,0.0
653,17,0.0
653,16,0.0
535,119,0.0
535,20,0.0
535,399,0.0
535,476,0.0
535,264,0.0
535,200,0.0
535,189,0.0
535,362,0.0
535,17,0.0
535,16,0.0
484,125,2.0
484,77,2.0
484,19,2.0
484,17,2.0
484,476,2.0
484,415,2.0
484,400,2.0
484,284,1.9845557534273355
484,824,1.9580662766118706
484,416,1.936846465613539
566,125,4.0
566,284,4.0
566,19,4.0
566,190,3.930751493440347
566,352,3.8761827737426624
566,89,3.855479063554263
566,78,3.849110644359284
566,134,3.8456503533067137
566,824,3.8315641151183404
566,119,3.7584197523185665
591,125,2.0
591,415,2.0
591,17,2.0
591,476,2.0
591,19,2.0
591,284,1.9922778767136677
591,416,1.9581564972073673
591,352,1.9555532349580076
591,94,1.921534669815693
591,134,1.9201696752394404
611,824,1.0
611,352,1.0
611,89,1.0
611,416,1.0
611,284,1.0
611,77,1.0
611,79,0.9862478225331596
611,200,0.975064981895889
611,310,0.9645098079590733
611,22,0.962650940153899
525,125,4.0
525,17,4.0
525,476,4.0
525,415,4.0
525,19,4.0
525,284,3.995893206467704
525,190,3.930751493440347
525,352,3.868240022494399
525,824,3.8315641151183404
525,78,3.816002148614809
635,19,2.0
635,476,2.0
635,17,2.0
635,125,2.0
635,415,2.0
635,77,2.0
635,284,1.9922778767136677
635,824,1.981083756504582
635,89,1.9478713852273604
635,352,1.938069088771011
609,119,0.0
609,20,0.0
609,399,0.0
609,476,0.0
609,264,0.0
609,200,0.0
609,189,0.0
609,362,0.0
609,17,0.0
609,16,0.0
483,125,2.0
483,415,2.0
483,17,2.0
483,476,2.0
483,19,2.0
483,284,1.9922778767136677
483,416,1.9581564972073673
483,352,1.9555532349580076
483,94,1.921534669815693
483,134,1.9201696752394404
458,119,0.0
458,20,0.0
458,399,0.0
458,476,0.0
458,264,0.0
458,200,0.0
458,189,0.0
458,362,0.0
458,17,0.0
458,16,0.0
496,119,0.0
496,20,0.0
496,399,0.0
496,476,0.0
496,264,0.0
496,200,0.0
496,189,0.0
496,362,0.0
496,17,0.0
496,16,0.0
642,190,3.0
642,125,3.0
642,415,3.0
642,19,3.0
642,416,2.943518480133286
642,352,2.8978234983999984
642,16,2.839075227471763
642,78,2.8376475922398723
642,94,2.8253107486586986
642,310,2.8092402974910664
526,119,0.0
526,20,0.0
526,399,0.0
526,476,0.0
526,264,0.0
526,200,0.0
526,189,0.0
526,362,0.0
526,17,0.0
526,16,0.0
459,119,0.0
459,20,0.0
459,399,0.0
459,476,0.0
459,264,0.0
459,200,0.0
459,189,0.0
459,362,0.0
459,17,0.0
459,16,0.0
616,119,0.0
616,20,0.0
616,399,0.0
616,476,0.0
616,264,0.0
616,200,0.0
616,189,0.0
616,362,0.0
616,17,0.0
616,16,0.0
641,119,0.0
641,20,0.0
641,399,0.0
641,476,0.0
641,264,0.0
641,200,0.0
641,189,0.0
641,362,0.0
641,17,0.0
641,16,0.0
478,415,2.0
478,17,2.0
478,476,2.0
478,190,2.0
478,824,1.9706527219689707
478,89,1.966354296136017
478,284,1.9333456062030594
478,352,1.921714595144334
478,78,1.9125440562572358
478,119,1.8863287661537194
493,119,0.0
493,20,0.0
493,399,0.0
493,476,0.0
493,264,0.0
493,200,0.0
493,189,0.0
493,362,0.0
493,17,0.0
493,16,0.0
553,119,0.0
553,20,0.0
553,399,0.0
553,476,0.0
553,264,0.0
553,200,0.0
553,189,0.0
553,362,0.0
553,17,0.0
553,16,0.0
601,119,0.0
601,20,0.0
601,399,0.0
601,476,0.0
601,264,0.0
601,200,0.0
601,189,0.0
601,362,0.0
601,17,0.0
601,16,0.0
583,119,0.0
583,20,0.0
583,399,0.0
583,476,0.0
583,264,0.0
583,200,0.0
583,189,0.0
583,362,0.0
583,17,0.0
583,16,0.0
617,415,5.0
617,284,4.974332694568658
617,352,4.883778222048342
617,416,4.875056013941025
617,824,4.871254318371447
617,94,4.733989078886259
617,78,4.702524485346443
617,22,4.688802820069616
617,79,4.675399496096061
617,310,4.6681852867175015
576,119,0.0
576,20,0.0
576,399,0.0
576,476,0.0
576,264,0.0
576,200,0.0
576,189,0.0
576,362,0.0
576,17,0.0
576,16,0.0
464,119,0.0
464,20,0.0
464,399,0.0
464,476,0.0
464,264,0.0
464,200,0.0
464,189,0.0
464,362,0.0
464,17,0.0
464,16,0.0
474,476,2.0
474,415,2.0
474,17,2.0
474,125,2.0
474,19,2.0
474,284,1.9922778767136677
474,89,1.9803852268157809
474,352,1.959003257773411
474,190,1.9307514934403471
474,416,1.9300434463739038
662,119,0.0
662,20,0.0
662,399,0.0
662,476,0.0
662,264,0.0
662,200,0.0
662,189,0.0
662,362,0.0
662,17,0.0
662,16,0.0
627,119,0.0
627,20,0.0
627,399,0.0
627,476,0.0
627,264,0.0
627,200,0.0
627,189,0.0
627,362,0.0
627,17,0.0
627,16,0.0
561,119,0.0
561,20,0.0
561,399,0.0
561,476,0.0
561,264,0.0
561,200,0.0
561,189,0.0
561,362,0.0
561,17,0.0
561,16,0.0
557,119,0.0
557,20,0.0
557,399,0.0
557,476,0.0
557,264,0.0
557,200,0.0
557,189,0.0
557,362,0.0
557,17,0.0
557,16,0.0
634,119,0.0
634,20,0.0
634,399,0.0
634,476,0.0
634,264,0.0
634,200,0.0
634,189,0.0
634,362,0.0
634,17,0.0
634,16,0.0
606,119,0.0
606,20,0.0
606,399,0.0
606,476,0.0
606,264,0.0
606,200,0.0
606,189,0.0
606,362,0.0
606,17,0.0
606,16,0.0
638,119,0.0
638,20,0.0
638,399,0.0
638,476,0.0
638,264,0.0
638,200,0.0
638,189,0.0
638,362,0.0
638,17,0.0
638,16,0.0
565,119,0.0
565,20,0.0
565,399,0.0
565,476,0.0
565,264,0.0
565,200,0.0
565,189,0.0
565,362,0.0
565,17,0.0
565,16,0.0
633,119,0.0
633,20,0.0
633,399,0.0
633,476,0.0
633,264,0.0
633,200,0.0
633,189,0.0
633,362,0.0
633,17,0.0
633,16,0.0
556,415,1.0
556,19,1.0
556,125,1.0
556,190,1.0
556,824,1.0
556,77,1.0
556,284,0.9958932064677039
556,352,0.9821944218702023
556,362,0.9767033573539706
556,94,0.9674425234921193
452,119,0.0
452,20,0.0
452,399,0.0
452,476,0.0
452,264,0.0
452,200,0.0
452,189,0.0
452,362,0.0
452,17,0.0
452,16,0.0
650,190,7.930751493440347
650,352,7.719388988751894
650,416,7.692687112944083
650,78,7.50476219770868
650,119,7.492061640007216
650,287,7.467091690267262
650,310,7.45603537498623
650,79,7.406668091639975
650,22,7.37426523487959
650,134,7.371578143508883
550,125,3.0
550,17,3.0
550,415,3.0
550,476,3.0
550,19,3.0
550,284,2.9881710831813715
550,416,2.933120839441358
550,352,2.919290565421949
550,824,2.909241331108454
550,94,2.8631026398551698
651,125,6.0
651,19,6.0
651,284,5.976342166362743
651,190,5.930751493440347
651,824,5.89141188281493
651,352,5.828761922366272
651,89,5.809371943683335
651,416,5.759481619271531
651,78,5.72431872365978
651,310,5.646021342429806
521,119,0.0
521,20,0.0
521,399,0.0
521,476,0.0
521,264,0.0
521,200,0.0
521,189,0.0
521,362,0.0
521,17,0.0
521,16,0.0
482,119,0.0
482,20,0.0
482,399,0.0
482,476,0.0
482,264,0.0
482,200,0.0
482,189,0.0
482,362,0.0
482,17,0.0
482,16,0.0
479,119,0.0
479,20,0.0
479,399,0.0
479,476,0.0
479,264,0.0
479,200,0.0
479,189,0.0
479,362,0.0
479,17,0.0
479,16,0.0
546,119,0.0
546,20,0.0
546,399,0.0
546,476,0.0
546,264,0.0
546,200,0.0
546,189,0.0
546,362,0.0
546,17,0.0
546,16,0.0
539,119,0.0
539,20,0.0
539,399,0.0
539,476,0.0
539,264,0.0
539,200,0.0
539,189,0.0
539,362,0.0
539,17,0.0
539,16,0.0
548,190,1.0
548,89,1.0
548,17,1.0
548,476,1.0
548,415,1.0
548,824,0.9856222548132666
548,416,0.9805806756909201
548,352,0.9663531361973137
548,119,0.9614082481980843
548,94,0.9547561991561567
603,125,4.0
603,17,4.0
603,476,4.0
603,415,4.0
603,19,4.0
603,284,3.9922778767136675
603,352,3.887210321854448
603,190,3.8615029868806943
603,89,3.8411667139517136
603,824,3.827617404467218
554,119,0.0
554,20,0.0
554,399,0.0
554,476,0.0
554,264,0.0
554,200,0.0
554,189,0.0
554,362,0.0
554,17,0.0
554,16,0.0
513,119,0.0
513,20,0.0
513,399,0.0
513,476,0.0
513,264,0.0
513,200,0.0
513,189,0.0
513,362,0.0
513,17,0.0
513,16,0.0
552,476,2.0
552,415,2.0
552,17,2.0
552,125,2.0
552,19,2.0
552,284,1.9922778767136677
552,89,1.9803852268157809
552,352,1.959003257773411
552,190,1.9307514934403471
552,416,1.9300434463739038
500,77,1.0
500,125,1.0
500,476,1.0
500,415,1.0
500,17,1.0
500,19,1.0
500,400,1.0
500,824,0.9960532893488778
500,284,0.9922778767136677
500,352,0.9827076298239907
648,119,0.0
648,20,0.0
648,399,0.0
648,476,0.0
648,264,0.0
648,200,0.0
648,189,0.0
648,362,0.0
648,17,0.0
648,16,0.0
520,119,0.0
520,20,0.0
520,399,0.0
520,476,0.0
520,264,0.0
520,200,0.0
520,189,0.0
520,362,0.0
520,17,0.0
520,16,0.0
555,119,0.0
555,20,0.0
555,399,0.0
555,476,0.0
555,264,0.0
555,200,0.0
555,189,0.0
555,362,0.0
555,17,0.0
555,16,0.0
460,119,0.0
460,20,0.0
460,399,0.0
460,476,0.0
460,264,0.0
460,200,0.0
460,189,0.0
460,362,0.0
460,17,0.0
460,16,0.0
506,119,0.0
506,20,0.0
506,399,0.0
506,476,0.0
506,264,0.0
506,200,0.0
506,189,0.0
506,362,0.0
506,17,0.0
506,16,0.0
649,119,0.0
649,20,0.0
649,399,0.0
649,476,0.0
649,264,0.0
649,200,0.0
649,189,0.0
649,362,0.0
649,17,0.0
649,16,0.0
602,119,0.0
602,20,0.0
602,399,0.0
602,476,0.0
602,264,0.0
602,200,0.0
602,189,0.0
602,362,0.0
602,17,0.0
602,16,0.0
533,119,0.0
533,20,0.0
533,399,0.0
533,476,0.0
533,264,0.0
533,200,0.0
533,189,0.0
533,362,0.0
533,17,0.0
533,16,0.0
491,119,0.0
491,20,0.0
491,399,0.0
491,476,0.0
491,264,0.0
491,200,0.0
491,189,0.0
491,362,0.0
491,17,0.0
491,16,0.0
621,17,10.0
621,476,10.0
621,125,10.0
621,19,10.0
621,190,9.930751493440347
621,284,9.900625992741004
621,824,9.862064604783901
621,352,9.778669003979445
621,416,9.77196895530076
621,89,9.599483852967069
498,119,0.0
498,20,0.0
498,399,0.0
498,476,0.0
498,264,0.0
498,200,0.0
498,189,0.0
498,362,0.0
498,17,0.0
498,16,0.0
590,415,3.0
590,17,3.0
590,476,3.0
590,125,3.0
590,19,3.0
590,284,2.9881710831813715
590,416,2.932061235347904
590,190,2.930751493440347
590,352,2.888729766144471
590,824,2.8752010290225694
574,415,2.0
574,476,2.0
574,17,2.0
574,125,2.0
574,19,2.0
574,77,2.0
574,824,1.9960532893488778
574,284,1.9881710831813715
574,352,1.9464449602879323
574,416,1.943917377087487
575,119,0.0
575,20,0.0
575,399,0.0
575,476,0.0
575,264,0.0
575,200,0.0
575,189,0.0
575,362,0.0
575,17,0.0
575,16,0.0
453,119,0.0
453,20,0.0
453,399,0.0
453,476,0.0
453,264,0.0
453,200,0.0
453,189,0.0
453,362,0.0
453,17,0.0
453,16,0.0
564,119,0.0
564,20,0.0
564,399,0.0
564,476,0.0
564,264,0.0
564,200,0.0
564,189,0.0
564,362,0.0
564,17,0.0
564,16,0.0
562,119,0.0
562,20,0.0
562,399,0.0
562,476,0.0
562,264,0.0
562,200,0.0
562,189,0.0
562,362,0.0
562,17,0.0
562,16,0.0
643,125,1.0
643,190,1.0
643,415,1.0
643,284,1.0
643,476,1.0
643,17,1.0
643,19,1.0
643,89,0.9988681377244375
643,352,0.9762956279494204
643,119,0.9712466601076967
501,476,3.0
501,415,3.0
501,17,3.0
501,284,2.9861616113872866
501,416,2.9289838422804495
501,352,2.9223261931695523
501,824,2.895358593466052
501,22,2.8488954525488905
501,78,2.847076180256438
501,287,2.8367902649881835
571,119,0.0
571,20,0.0
571,399,0.0
571,476,0.0
571,264,0.0
571,200,0.0
571,189,0.0
571,362,0.0
571,17,0.0
571,16,0.0
508,119,0.0
508,20,0.0
508,399,0.0
508,476,0.0
508,264,0.0
508,200,0.0
508,189,0.0
508,362,0.0
508,17,0.0
508,16,0.0
656,119,0.0
656,20,0.0
656,399,0.0
656,476,0.0
656,264,0.0
656,200,0.0
656,189,0.0
656,362,0.0
656,17,0.0
656,16,0.0
499,119,0.0
499,20,0.0
499,399,0.0
499,476,0.0
499,264,0.0
499,200,0.0
499,189,0.0
499,362,0.0
499,17,0.0
499,16,0.0
637,119,0.0
637,20,0.0
637,399,0.0
637,476,0.0
637,264,0.0
637,200,0.0
637,189,0.0
637,362,0.0
637,17,0.0
637,16,0.0
586,190,4.0
586,125,4.0
586,19,4.0
586,824,3.962012987262993
586,352,3.8728211276418767
586,78,3.8513989378790603
586,416,3.848986224823307
586,89,3.834033988153413
586,310,3.7957794698904035
586,94,3.7762966610330087
527,119,0.0
527,20,0.0
527,399,0.0
527,476,0.0
527,264,0.0
527,200,0.0
527,189,0.0
527,362,0.0
527,17,0.0
527,16,0.0
626,119,0.0
626,20,0.0
626,399,0.0
626,476,0.0
626,264,0.0
626,200,0.0
626,189,0.0
626,362,0.0
626,17,0.0
626,16,0.0
551,119,0.0
551,20,0.0
551,399,0.0
551,476,0.0
551,264,0.0
551,200,0.0
551,189,0.0
551,362,0.0
551,17,0.0
551,16,0.0
502,119,0.0
502,20,0.0
502,399,0.0
502,476,0.0
502,264,0.0
502,200,0.0
502,189,0.0
502,362,0.0
502,17,0.0
502,16,0.0
582,119,0.0
582,20,0.0
582,399,0.0
582,476,0.0
582,264,0.0
582,200,0.0
582,189,0.0
582,362,0.0
582,17,0.0
582,16,0.0
511,119,0.0
511,20,0.0
511,399,0.0
511,476,0.0
511,264,0.0
511,200,0.0
511,189,0.0
511,362,0.0
511,17,0.0
511,16,0.0
573,119,0.0
573,20,0.0
573,399,0.0
573,476,0.0
573,264,0.0
573,200,0.0
573,189,0.0
573,362,0.0
573,17,0.0
573,16,0.0
462,119,0.0
462,20,0.0
462,399,0.0
462,476,0.0
462,264,0.0
462,200,0.0
462,189,0.0
462,362,0.0
462,17,0.0
462,16,0.0
604,77,1.0
604,19,1.0
604,125,1.0
604,476,1.0
604,415,1.0
604,17,1.0
604,190,1.0
604,400,1.0
604,284,0.9922778767136677
604,416,0.9678934307600424
473,119,0.0
473,20,0.0
473,399,0.0
473,476,0.0
473,264,0.0
473,200,0.0
473,189,0.0
473,362,0.0
473,17,0.0
473,16,0.0
488,77,1.0
488,19,1.0
488,125,1.0
488,476,1.0
488,415,1.0
488,17,1.0
488,190,1.0
488,400,1.0
488,284,0.9922778767136677
488,416,0.9678934307600424
558,125,3.0
558,190,3.0
558,19,3.0
558,284,2.9881710831813715
558,824,2.962012987262993
558,78,2.8887479977251616
558,352,2.887564242722659
558,416,2.880432086924012
558,89,2.8736379485494528
558,310,2.8428887052453606
613,119,0.0
613,20,0.0
613,399,0.0
613,476,0.0
613,264,0.0
613,200,0.0
613,189,0.0
613,362,0.0
613,17,0.0
613,16,0.0
547,77,1.0
547,125,1.0
547,476,1.0
547,415,1.0
547,17,1.0
547,19,1.0
547,400,1.0
547,824,0.9960532893488778
547,284,0.9922778767136677
547,352,0.9827076298239907
505,119,0.0
505,20,0.0
505,399,0.0
505,476,0.0
505,264,0.0
505,200,0.0
505,189,0.0
505,362,0.0
505,17,0.0
505,16,0.0
595,119,0.0
595,20,0.0
595,399,0.0
595,476,0.0
595,264,0.0
595,200,0.0
595,189,0.0
595,362,0.0
595,17,0.0
595,16,0.0
658,119,0.0
658,20,0.0
658,399,0.0
658,476,0.0
658,264,0.0
658,200,0.0
658,189,0.0
658,362,0.0
658,17,0.0
658,16,0.0
646,119,0.0
646,20,0.0
646,399,0.0
646,476,0.0
646,264,0.0
646,200,0.0
646,189,0.0
646,362,0.0
646,17,0.0
646,16,0.0
497,125,1.0
497,190,1.0
497,415,1.0
497,284,1.0
497,476,1.0
497,17,1.0
497,19,1.0
497,89,0.9988681377244375
497,352,0.9762956279494204
497,119,0.9712466601076967
596,119,0.0
596,20,0.0
596,399,0.0
596,476,0.0
596,264,0.0
596,200,0.0
596,189,0.0
596,362,0.0
596,17,0.0
596,16,0.0
628,125,1.0
628,824,1.0
628,190,1.0
628,19,1.0
628,415,1.0
628,17,1.0
628,476,1.0
628,77,1.0
628,284,0.9958932064677039
628,416,0.9749643422339904
630,119,0.0
630,20,0.0
630,399,0.0
630,476,0.0
630,264,0.0
630,200,0.0
630,189,0.0
630,362,0.0
630,17,0.0
630,16,0.0
455,119,0.0
455,20,0.0
455,399,0.0
455,476,0.0
455,264,0.0
455,200,0.0
455,189,0.0
455,362,0.0
455,17,0.0
455,16,0.0
622,125,3.0
622,17,3.0
622,476,3.0
622,19,3.0
622,284,2.995893206467704
622,190,2.930751493440347
622,416,2.922648184954769
622,352,2.9204026520947877
622,824,2.9131880417595766
622,22,2.859542739285708
580,119,0.0
580,20,0.0
580,399,0.0
580,476,0.0
580,264,0.0
580,200,0.0
580,189,0.0
580,362,0.0
580,17,0.0
580,16,0.0
530,77,1.0
530,125,1.0
530,476,1.0
530,415,1.0
530,17,1.0
530,19,1.0
530,400,1.0
530,824,0.9960532893488778
530,284,0.9922778767136677
530,352,0.9827076298239907
532,77,1.0
532,19,1.0
532,125,1.0
532,476,1.0
532,415,1.0
532,17,1.0
532,190,1.0
532,400,1.0
532,284,0.9922778767136677
532,416,0.9678934307600424
503,119,0.0
503,20,0.0
503,399,0.0
503,476,0.0
503,264,0.0
503,200,0.0
503,189,0.0
503,362,0.0
503,17,0.0
503,16,0.0
652,119,0.0
652,20,0.0
652,399,0.0
652,476,0.0
652,264,0.0
652,200,0.0
652,189,0.0
652,362,0.0
652,17,0.0
652,16,0.0
456,119,0.0
456,20,0.0
456,399,0.0
456,476,0.0
456,264,0.0
456,200,0.0
456,189,0.0
456,362,0.0
456,17,0.0
456,16,0.0
457,119,0.0
457,20,0.0
457,399,0.0
457,476,0.0
457,264,0.0
457,200,0.0
457,189,0.0
457,362,0.0
457,17,0.0
457,16,0.0
468,119,0.0
468,20,0.0
468,399,0.0
468,476,0.0
468,264,0.0
468,200,0.0
468,189,0.0
468,362,0.0
468,17,0.0
468,16,0.0
647,119,0.0
647,20,0.0
647,399,0.0
647,476,0.0
647,264,0.0
647,200,0.0
647,189,0.0
647,362,0.0
647,17,0.0
647,16,0.0
490,119,0.0
490,20,0.0
490,399,0.0
490,476,0.0
490,264,0.0
490,200,0.0
490,189,0.0
490,362,0.0
490,17,0.0
490,16,0.0
559,125,1.0
559,190,1.0
559,415,1.0
559,284,1.0
559,476,1.0
559,17,1.0
559,19,1.0
559,89,0.9988681377244375
559,352,0.9762956279494204
559,119,0.9712466601076967
536,119,0.0
536,20,0.0
536,399,0.0
536,476,0.0
536,264,0.0
536,200,0.0
536,189,0.0
536,362,0.0
536,17,0.0
536,16,0.0
470,119,0.0
470,20,0.0
470,399,0.0
470,476,0.0
470,264,0.0
470,200,0.0
470,189,0.0
470,362,0.0
470,17,0.0
470,16,0.0
615,119,0.0
615,20,0.0
615,399,0.0
615,476,0.0
615,264,0.0
615,200,0.0
615,189,0.0
615,362,0.0
615,17,0.0
615,16,0.0
531,77,1.0
531,19,1.0
531,125,1.0
531,476,1.0
531,415,1.0
531,17,1.0
531,190,1.0
531,400,1.0
531,284,0.9922778767136677
531,416,0.9678934307600424
563,119,0.0
563,20,0.0
563,399,0.0
563,476,0.0
563,264,0.0
563,200,0.0
563,189,0.0
563,362,0.0
563,17,0.0
563,16,0.0
480,119,0.0
480,20,0.0
480,399,0.0
480,476,0.0
480,264,0.0
480,200,0.0
480,189,0.0
480,362,0.0
480,17,0.0
480,16,0.0
636,119,0.0
636,20,0.0
636,399,0.0
636,476,0.0
636,264,0.0
636,200,0.0
636,189,0.0
636,362,0.0
636,17,0.0
636,16,0.0
467,119,0.0
467,20,0.0
467,399,0.0
467,476,0.0
467,264,0.0
467,200,0.0
467,189,0.0
467,362,0.0
467,17,0.0
467,16,0.0
567,119,0.0
567,20,0.0
567,399,0.0
567,476,0.0
567,264,0.0
567,200,0.0
567,189,0.0
567,362,0.0
567,17,0.0
567,16,0.0
537,119,0.0
537,20,0.0
537,399,0.0
537,476,0.0
537,264,0.0
537,200,0.0
537,189,0.0
537,362,0.0
537,17,0.0
537,16,0.0
543,119,0.0
543,20,0.0
543,399,0.0
543,476,0.0
543,264,0.0
543,200,0.0
543,189,0.0
543,362,0.0
543,17,0.0
543,16,0.0
666,125,10.0
666,476,10.0
666,190,10.0
666,415,10.0
666,17,10.0
666,19,10.0
666,284,9.988840898436989
666,78,9.757041987782923
666,89,9.721808382907307
666,134,9.547724485837007
670,125,1.0
670,190,1.0
670,415,1.0
670,284,1.0
670,476,1.0
670,17,1.0
670,19,1.0
670,89,0.9988681377244375
670,352,0.9762956279494204
670,119,0.9712466601076967
674,125,2.0
674,476,2.0
674,415,2.0
674,17,2.0
674,190,2.0
674,19,2.0
674,284,1.9922778767136677
674,89,1.929318279427437
674,416,1.9289838422804497
674,352,1.9284424584959332
663,190,10.0
663,78,9.687908490289304
663,416,9.584560415312462
663,94,9.55230707750358
663,119,9.460694914319891
663,16,9.319014498438504
663,362,9.306286577472388
663,399,9.247163829893609
663,134,9.174066534034239
663,125,9.0
673,125,4.0
673,19,4.0
673,284,3.9922778767136675
673,824,3.8942717982641586
673,352,3.8825947756172328
673,190,3.8615029868806943
673,89,3.838128014921169
673,134,3.8180876034231472
673,78,3.8132788415834016
673,94,3.79058168406001
669,119,0.0
669,20,0.0
669,399,0.0
669,476,0.0
669,264,0.0
669,200,0.0
669,189,0.0
669,362,0.0
669,17,0.0
669,16,0.0
672,17,4.0
672,476,4.0
672,190,4.0
672,415,4.0
672,824,3.9476352420762595
672,284,3.9185711748860124
672,416,3.884167908673691
672,89,3.8425723310932915
672,352,3.837631930155491
672,78,3.804489057512422
667,119,0.0
667,20,0.0
667,399,0.0
667,476,0.0
667,264,0.0
667,200,0.0
667,189,0.0
667,362,0.0
667,17,0.0
667,16,0.0
675,119,0.0
675,20,0.0
675,399,0.0
675,476,0.0
675,264,0.0
675,200,0.0
675,189,0.0
675,362,0.0
675,17,0.0
675,16,0.0
668,119,0.0
668,20,0.0
668,399,0.0
668,476,0.0
668,264,0.0
668,200,0.0
668,189,0.0
668,362,0.0
668,17,0.0
668,16,0.0
439,119,0.0
439,20,0.0
439,399,0.0
439,476,0.0
439,264,0.0
439,200,0.0
439,189,0.0
439,362,0.0
439,17,0.0
439,16,0.0
426,119,0.0
426,20,0.0
426,399,0.0
426,476,0.0
426,264,0.0
426,200,0.0
426,189,0.0
426,362,0.0
426,17,0.0
426,16,0.0
424,119,0.0
424,20,0.0
424,399,0.0
424,476,0.0
424,264,0.0
424,200,0.0
424,189,0.0
424,362,0.0
424,17,0.0
424,16,0.0
435,125,1.0
435,190,1.0
435,415,1.0
435,284,1.0
435,476,1.0
435,17,1.0
435,19,1.0
435,89,0.9988681377244375
435,352,0.9762956279494204
435,119,0.9712466601076967
433,119,0.0
433,20,0.0
433,399,0.0
433,476,0.0
433,264,0.0
433,200,0.0
433,189,0.0
433,362,0.0
433,17,0.0
433,16,0.0
432,119,0.0
432,20,0.0
432,399,0.0
432,476,0.0
432,264,0.0
432,200,0.0
432,189,0.0
432,362,0.0
432,17,0.0
432,16,0.0
443,119,0.0
443,20,0.0
443,399,0.0
443,476,0.0
443,264,0.0
443,200,0.0
443,189,0.0
443,362,0.0
443,17,0.0
443,16,0.0
440,119,0.0
440,20,0.0
440,399,0.0
440,476,0.0
440,264,0.0
440,200,0.0
440,189,0.0
440,362,0.0
440,17,0.0
440,16,0.0
415,476,2.0
415,17,2.0
415,415,2.0
415,824,1.9816755441621443
415,89,1.9815170890913434
415,416,1.9495337105444166
415,352,1.9490607660213044
415,190,1.9307514934403471
415,94,1.9260028592638534
415,284,1.9256234829167274
429,119,0.0
429,20,0.0
429,399,0.0
429,476,0.0
429,264,0.0
429,200,0.0
429,189,0.0
429,362,0.0
429,17,0.0
429,16,0.0
420,415,10.0
420,284,9.988840898436989
420,824,9.981083756504582
420,78,9.706402836186241
420,89,9.652258524610307
420,189,9.518588346919234
420,16,9.501643576218292
420,134,9.49474462412154
420,59,9.07824383276595
420,17,8.0
411,415,8.0
411,190,7.930751493440347
411,284,7.906742258067384
411,824,7.862064604783901
411,89,7.744660622363192
411,352,7.734191068746124
411,416,7.623691851039154
411,78,7.61512476534293
411,79,7.5106026967196815
411,362,7.384488573418128
430,119,0.0
430,20,0.0
430,399,0.0
430,476,0.0
430,264,0.0
430,200,0.0
430,189,0.0
430,362,0.0
430,17,0.0
430,16,0.0
422,416,4.894604065866705
422,824,4.871254318371447
422,352,4.783827756798487
422,94,4.735309196137632
422,79,4.649530600062836
422,310,4.6438104752354175
422,16,4.548867782898573
422,287,4.527779647628925
422,362,4.522087414369734
422,189,4.485711928388138
436,119,0.0
436,20,0.0
436,399,0.0
436,476,0.0
436,264,0.0
436,200,0.0
436,189,0.0
436,362,0.0
436,17,0.0
436,16,0.0
417,125,1.0
417,824,1.0
417,190,1.0
417,19,1.0
417,415,1.0
417,17,1.0
417,476,1.0
417,77,1.0
417,284,0.9958932064677039
417,416,0.9749643422339904
438,125,1.0
438,190,1.0
438,415,1.0
438,284,1.0
438,476,1.0
438,17,1.0
438,19,1.0
438,89,0.9988681377244375
438,352,0.9762956279494204
438,119,0.9712466601076967
442,119,0.0
442,20,0.0
442,399,0.0
442,476,0.0
442,264,0.0
442,200,0.0
442,189,0.0
442,362,0.0
442,17,0.0
442,16,0.0
431,119,0.0
431,20,0.0
431,399,0.0
431,476,0.0
431,264,0.0
431,200,0.0
431,189,0.0
431,362,0.0
431,17,0.0
431,16,0.0
419,119,0.0
419,20,0.0
419,399,0.0
419,476,0.0
419,264,0.0
419,200,0.0
419,189,0.0
419,362,0.0
419,17,0.0
419,16,0.0
441,476,3.0
441,17,3.0
441,824,2.962012987262993
441,416,2.9263738111269504
441,22,2.8348464222267373
441,352,2.8268373534180897
441,94,2.7953383234883464
441,310,2.786103147231202
441,119,2.7839645373344903
441,287,2.753772014381147
414,416,1.0
414,476,1.0
414,17,1.0
414,824,1.0
414,119,0.9423382285031185
414,94,0.9321007891790022
414,22,0.9119183935177099
414,399,0.8911321268331266
414,352,0.890870806374748
414,79,0.8882053623194085
410,119,0.0
410,20,0.0
410,399,0.0
410,476,0.0
410,264,0.0
410,200,0.0
410,189,0.0
410,362,0.0
410,17,0.0
410,16,0.0
423,119,0.0
423,20,0.0
423,399,0.0
423,476,0.0
423,264,0.0
423,200,0.0
423,189,0.0
423,362,0.0
423,17,0.0
423,16,0.0
418,119,0.0
418,20,0.0
418,399,0.0
418,476,0.0
418,264,0.0
418,200,0.0
418,189,0.0
418,362,0.0
418,17,0.0
418,16,0.0
412,119,0.0
412,20,0.0
412,399,0.0
412,476,0.0
412,264,0.0
412,200,0.0
412,189,0.0
412,362,0.0
412,17,0.0
412,16,0.0
428,119,0.0
428,20,0.0
428,399,0.0
428,476,0.0
428,264,0.0
428,200,0.0
428,189,0.0
428,362,0.0
428,17,0.0
428,16,0.0
437,119,0.0
437,20,0.0
437,399,0.0
437,476,0.0
437,264,0.0
437,200,0.0
437,189,0.0
437,362,0.0
437,17,0.0
437,16,0.0
434,119,0.0
434,20,0.0
434,399,0.0
434,476,0.0
434,264,0.0
434,200,0.0
434,189,0.0
434,362,0.0
434,17,0.0
434,16,0.0
413,119,0.0
413,20,0.0
413,399,0.0
413,476,0.0
413,264,0.0
413,200,0.0
413,189,0.0
413,362,0.0
413,17,0.0
413,16,0.0
44,125,10.0
44,17,10.0
44,190,10.0
44,415,10.0
44,476,10.0
44,19,10.0
44,824,9.985622254813267
44,284,9.982724633110607
44,416,9.827070019276464
44,89,9.670741435518964
57,352,7.805710288598274
57,416,7.728195425196682
57,79,7.636444165887753
57,264,7.549892769468935
57,310,7.538521375903174
57,287,7.5271699164373995
57,22,7.498875338725256
57,16,7.331329080329292
57,362,7.322880050747269
57,284,6.917901359630394
38,476,8.0
38,17,8.0
38,284,7.913794566098098
38,190,7.861502986880694
38,824,7.7752526465434775
38,352,7.753267335559045
38,416,7.66164014779758
38,78,7.503046489893792
38,287,7.488741756926116
38,79,7.48391762884467
45,125,7.0
45,19,7.0
45,824,6.894271798264159
45,190,6.861502986880694
45,352,6.813783412870595
45,89,6.701231190995791
45,78,6.688524796719921
45,416,6.648729787262192
45,94,6.644682503324971
45,310,6.555598457308215
28,125,2.0
28,77,2.0
28,19,2.0
28,17,2.0
28,476,2.0
28,415,2.0
28,400,2.0
28,284,1.9845557534273355
28,824,1.9580662766118706
28,416,1.936846465613539
61,476,10.0
61,125,10.0
61,17,10.0
61,190,10.0
61,415,10.0
61,19,10.0
61,824,9.996053289348877
61,284,9.982724633110607
61,416,9.828129623369916
61,89,9.721808382907307
36,476,2.0
36,17,2.0
36,415,2.0
36,352,1.9762956279494204
36,79,1.9453328305642623
36,399,1.9329323740976923
36,255,1.9297909337253962
36,310,1.9161018477743395
36,119,1.9087719709574409
36,16,1.8874839266154946
54,119,0.0
54,20,0.0
54,399,0.0
54,476,0.0
54,264,0.0
54,200,0.0
54,189,0.0
54,362,0.0
54,17,0.0
54,16,0.0
47,119,0.0
47,20,0.0
47,399,0.0
47,476,0.0
47,264,0.0
47,200,0.0
47,189,0.0
47,362,0.0
47,17,0.0
47,16,0.0
29,119,0.0
29,20,0.0
29,399,0.0
29,476,0.0
29,264,0.0
29,200,0.0
29,189,0.0
29,362,0.0
29,17,0.0
29,16,0.0
26,119,0.0
26,20,0.0
26,399,0.0
26,476,0.0
26,264,0.0
26,200,0.0
26,189,0.0
26,362,0.0
26,17,0.0
26,16,0.0
33,415,6.0
33,284,5.917409895852135
33,824,5.879894053077425
33,190,5.861502986880694
33,352,5.8231995824364855
33,89,5.745005712697937
33,416,5.723182011123837
33,94,5.701293422897169
33,78,5.677105108394208
33,79,5.628527572882791
46,190,2.0
46,19,2.0
46,415,2.0
46,17,2.0
46,476,2.0
46,125,2.0
46,77,2.0
46,284,1.995893206467704
46,824,1.9850304671557042
46,78,1.9282043086845733
21,416,6.851275829062256
21,352,6.697023872723054
21,94,6.641667034926781
21,134,6.526706500721548
21,310,6.481577928511564
21,200,6.407563435140524
21,22,6.389113014989439
21,287,6.37890084492021
21,16,6.334296255936277
21,362,6.264986756684023
48,119,0.0
48,20,0.0
48,399,0.0
48,476,0.0
48,264,0.0
48,200,0.0
48,189,0.0
48,362,0.0
48,17,0.0
48,16,0.0
7,119,0.0
7,20,0.0
7,399,0.0
7,476,0.0
7,264,0.0
7,200,0.0
7,189,0.0
7,362,0.0
7,17,0.0
7,16,0.0
53,119,0.0
53,20,0.0
53,399,0.0
53,476,0.0
53,264,0.0
53,200,0.0
53,189,0.0
53,362,0.0
53,17,0.0
53,16,0.0
8,119,0.0
8,20,0.0
8,399,0.0
8,476,0.0
8,264,0.0
8,200,0.0
8,189,0.0
8,362,0.0
8,17,0.0
8,16,0.0
25,125,1.0
25,190,1.0
25,415,1.0
25,284,1.0
25,476,1.0
25,17,1.0
25,19,1.0
25,89,0.9988681377244375
25,352,0.9762956279494204
25,119,0.9712466601076967
35,190,10.0
35,125,10.0
35,415,10.0
35,19,10.0
35,284,9.909687772565803
35,824,9.862064604783901
35,352,9.784890434567137
35,416,9.718725961652545
35,89,9.63054947042323
35,78,9.533053847557756
19,119,0.0
19,20,0.0
19,399,0.0
19,476,0.0
19,264,0.0
19,200,0.0
19,189,0.0
19,362,0.0
19,17,0.0
19,16,0.0
69,415,1.0
69,125,1.0
69,19,1.0
69,190,1.0
69,284,1.0
69,17,1.0
69,476,1.0
69,77,1.0
69,824,0.9850304671557042
69,78,0.975064981895889
20,476,2.0
20,17,2.0
20,415,2.0
20,416,1.969784138044791
20,352,1.9391987413313305
20,284,1.9333456062030594
20,190,1.9307514934403471
20,134,1.9109782427335342
20,94,1.9050442088641528
20,824,1.898810296572843
23,119,0.0
23,20,0.0
23,399,0.0
23,476,0.0
23,264,0.0
23,200,0.0
23,189,0.0
23,362,0.0
23,17,0.0
23,16,0.0
56,119,0.0
56,20,0.0
56,399,0.0
56,476,0.0
56,264,0.0
56,200,0.0
56,189,0.0
56,362,0.0
56,17,0.0
56,16,0.0
14,119,0.0
14,20,0.0
14,399,0.0
14,476,0.0
14,264,0.0
14,200,0.0
14,189,0.0
14,362,0.0
14,17,0.0
14,16,0.0
37,119,0.0
37,20,0.0
37,399,0.0
37,476,0.0
37,264,0.0
37,200,0.0
37,189,0.0
37,362,0.0
37,17,0.0
37,16,0.0
34,119,0.0
34,20,0.0
34,399,0.0
34,476,0.0
34,264,0.0
34,200,0.0
34,189,0.0
34,362,0.0
34,17,0.0
34,16,0.0
58,119,0.0
58,20,0.0
58,399,0.0
58,476,0.0
58,264,0.0
58,200,0.0
58,189,0.0
58,362,0.0
58,17,0.0
58,16,0.0
4,415,1.0
4,476,1.0
4,125,1.0
4,17,1.0
4,284,1.0
4,19,1.0
4,416,0.9892034623538708
4,134,0.982644364389696
4,352,0.9728456051340169
4,79,0.952017108723416
24,119,0.0
24,20,0.0
24,399,0.0
24,476,0.0
24,264,0.0
24,200,0.0
24,189,0.0
24,362,0.0
24,17,0.0
24,16,0.0
70,119,0.0
70,20,0.0
70,399,0.0
70,476,0.0
70,264,0.0
70,200,0.0
70,189,0.0
70,362,0.0
70,17,0.0
70,16,0.0
40,119,0.0
40,20,0.0
40,399,0.0
40,476,0.0
40,264,0.0
40,200,0.0
40,189,0.0
40,362,0.0
40,17,0.0
40,16,0.0
6,119,0.0
6,20,0.0
6,399,0.0
6,476,0.0
6,264,0.0
6,200,0.0
6,189,0.0
6,362,0.0
6,17,0.0
6,16,0.0
39,119,0.0
39,20,0.0
39,399,0.0
39,476,0.0
39,264,0.0
39,200,0.0
39,189,0.0
39,362,0.0
39,17,0.0
39,16,0.0
41,119,0.0
41,20,0.0
41,399,0.0
41,476,0.0
41,264,0.0
41,200,0.0
41,189,0.0
41,362,0.0
41,17,0.0
41,16,0.0
66,415,7.0
66,190,6.930751493440347
66,352,6.735569272255064
66,416,6.734206732577175
66,89,6.6278526345490585
66,78,6.624699396676763
66,119,6.584027991768429
66,134,6.517168942390204
66,79,6.500707032071134
66,310,6.498434971476317
17,125,3.0
17,190,3.0
17,19,3.0
17,134,2.8890564090232456
17,78,2.883170129726338
17,352,2.875870823676064
17,89,2.8525782346630386
17,94,2.807699467130175
17,416,2.7980487239479226
17,189,2.7889736821950075
43,119,0.0
43,20,0.0
43,399,0.0
43,476,0.0
43,264,0.0
43,200,0.0
43,189,0.0
43,362,0.0
43,17,0.0
43,16,0.0
11,119,0.0
11,20,0.0
11,399,0.0
11,476,0.0
11,264,0.0
11,200,0.0
11,189,0.0
11,362,0.0
11,17,0.0
11,16,0.0
10,17,8.0
10,476,8.0
10,824,7.841907040340418
10,416,7.702798815899002
10,352,7.639417430435266
10,94,7.542530575256204
10,79,7.47212999885481
10,22,7.37698676696673
10,287,7.324393773878729
10,134,7.288307555385594
12,119,0.0
12,20,0.0
12,399,0.0
12,476,0.0
12,264,0.0
12,200,0.0
12,189,0.0
12,362,0.0
12,17,0.0
12,16,0.0
16,119,0.0
16,20,0.0
16,399,0.0
16,476,0.0
16,264,0.0
16,200,0.0
16,189,0.0
16,362,0.0
16,17,0.0
16,16,0.0
64,119,0.0
64,20,0.0
64,399,0.0
64,476,0.0
64,264,0.0
64,200,0.0
64,189,0.0
64,362,0.0
64,17,0.0
64,16,0.0
30,119,0.0
30,20,0.0
30,399,0.0
30,476,0.0
30,264,0.0
30,200,0.0
30,189,0.0
30,362,0.0
30,17,0.0
30,16,0.0
32,119,0.0
32,20,0.0
32,399,0.0
32,476,0.0
32,264,0.0
32,200,0.0
32,189,0.0
32,362,0.0
32,17,0.0
32,16,0.0
68,119,0.0
68,20,0.0
68,399,0.0
68,476,0.0
68,264,0.0
68,200,0.0
68,189,0.0
68,362,0.0
68,17,0.0
68,16,0.0
9,17,2.0
9,476,2.0
9,415,2.0
9,352,1.9553614589470203
9,255,1.9399721009012403
9,79,1.9352771834800648
9,310,1.8856715184213528
9,94,1.8810801211270338
9,16,1.875142610924883
9,119,1.8624458288053793
27,119,0.0
27,20,0.0
27,399,0.0
27,476,0.0
27,264,0.0
27,200,0.0
27,189,0.0
27,362,0.0
27,17,0.0
27,16,0.0
50,125,1.0
50,284,1.0
50,824,1.0
50,190,1.0
50,19,1.0
50,89,0.9958294386938931
50,134,0.9922778767136677
50,78,0.9862478225331596
50,352,0.9716800817122049
50,310,0.9590230211101674
31,119,0.0
31,20,0.0
31,399,0.0
31,476,0.0
31,264,0.0
31,200,0.0
31,189,0.0
31,362,0.0
31,17,0.0
31,16,0.0
2,119,0.0
2,20,0.0
2,399,0.0
2,476,0.0
2,264,0.0
2,200,0.0
2,189,0.0
2,362,0.0
2,17,0.0
2,16,0.0
42,119,0.0
42,20,0.0
42,399,0.0
42,476,0.0
42,264,0.0
42,200,0.0
42,189,0.0
42,362,0.0
42,17,0.0
42,16,0.0
49,119,0.0
49,20,0.0
49,399,0.0
49,476,0.0
49,264,0.0
49,200,0.0
49,189,0.0
49,362,0.0
49,17,0.0
49,16,0.0
51,119,0.0
51,20,0.0
51,399,0.0
51,476,0.0
51,264,0.0
51,200,0.0
51,189,0.0
51,362,0.0
51,17,0.0
51,16,0.0
15,119,0.0
15,20,0.0
15,399,0.0
15,476,0.0
15,264,0.0
15,200,0.0
15,189,0.0
15,362,0.0
15,17,0.0
15,16,0.0
688,119,0.0
688,20,0.0
688,399,0.0
688,476,0.0
688,264,0.0
688,200,0.0
688,189,0.0
688,362,0.0
688,17,0.0
688,16,0.0
678,119,0.0
678,20,0.0
678,399,0.0
678,476,0.0
678,264,0.0
678,200,0.0
678,189,0.0
678,362,0.0
678,17,0.0
678,16,0.0
739,190,1.0
739,89,1.0
739,17,1.0
739,476,1.0
739,415,1.0
739,824,0.9856222548132666
739,416,0.9805806756909201
739,352,0.9663531361973137
739,119,0.9614082481980843
739,94,0.9547561991561567
679,125,1.0
679,824,1.0
679,190,1.0
679,19,1.0
679,415,1.0
679,17,1.0
679,476,1.0
679,77,1.0
679,284,0.9958932064677039
679,416,0.9749643422339904
687,119,0.0
687,20,0.0
687,399,0.0
687,476,0.0
687,264,0.0
687,200,0.0
687,189,0.0
687,362,0.0
687,17,0.0
687,16,0.0
729,125,5.0
729,415,5.0
729,190,5.0
729,19,5.0
729,824,4.880389060621757
729,352,4.832798132826113
729,89,4.803426983319975
729,78,4.796189517500073
729,416,4.73297673243168
729,119,4.703041971123896
685,125,1.0
685,284,1.0
685,824,1.0
685,190,1.0
685,19,1.0
685,89,0.9958294386938931
685,134,0.9922778767136677
685,78,0.9862478225331596
685,352,0.9716800817122049
685,310,0.9590230211101674
726,125,1.0
726,824,1.0
726,190,1.0
726,19,1.0
726,415,1.0
726,17,1.0
726,476,1.0
726,77,1.0
726,284,0.9958932064677039
726,416,0.9749643422339904
750,476,10.0
750,17,10.0
750,415,10.0
750,284,9.975002509824277
750,824,9.928718998580841
750,190,9.861502986880694
750,352,9.777231835557057
750,416,9.761895197768373
750,89,9.639087813363108
750,22,9.46147158056498
691,415,2.0
691,476,2.0
691,17,2.0
691,284,1.993883734673619
691,352,1.9701793626230393
691,416,1.9610904115204073
691,134,1.9441435131799323
691,824,1.9333456062030594
691,22,1.9169606178369376
691,287,1.9083084731516524
712,119,0.0
712,20,0.0
712,399,0.0
712,476,0.0
712,264,0.0
712,200,0.0
712,189,0.0
712,362,0.0
712,17,0.0
712,16,0.0
701,119,0.0
701,20,0.0
701,399,0.0
701,476,0.0
701,264,0.0
701,200,0.0
701,189,0.0
701,362,0.0
701,17,0.0
701,16,0.0
690,119,0.0
690,20,0.0
690,399,0.0
690,476,0.0
690,264,0.0
690,200,0.0
690,189,0.0
690,362,0.0
690,17,0.0
690,16,0.0
677,119,0.0
677,20,0.0
677,399,0.0
677,476,0.0
677,264,0.0
677,200,0.0
677,189,0.0
677,362,0.0
677,17,0.0
677,16,0.0
727,415,10.0
727,284,9.900625992741004
727,824,9.775252646543478
727,352,9.70092040855376
727,416,9.612895313393023
727,78,9.48869109660972
727,79,9.397152804848517
727,22,9.296116271339429
727,134,9.262368737782987
727,362,9.247680868008247
699,119,0.0
699,20,0.0
699,399,0.0
699,476,0.0
699,264,0.0
699,200,0.0
699,189,0.0
699,362,0.0
699,17,0.0
699,16,0.0
707,190,2.0
707,19,2.0
707,476,2.0
707,17,2.0
707,125,2.0
707,415,2.0
707,77,2.0
707,284,1.9922778767136677
707,824,1.947043454418697
707,78,1.9244258302992066
737,119,0.0
737,20,0.0
737,399,0.0
737,476,0.0
737,264,0.0
737,200,0.0
737,189,0.0
737,362,0.0
737,17,0.0
737,16,0.0
724,77,1.0
724,125,1.0
724,476,1.0
724,415,1.0
724,17,1.0
724,19,1.0
724,400,1.0
724,824,0.9960532893488778
724,284,0.9922778767136677
724,352,0.9827076298239907
705,190,5.0
705,125,5.0
705,19,5.0
705,284,4.9881710831813715
705,824,4.880389060621757
705,89,4.838860382409908
705,78,4.819786399879334
705,352,4.8192213296191
705,119,4.720832482556508
705,416,4.7019969084623625
680,119,0.0
680,20,0.0
680,399,0.0
680,476,0.0
680,264,0.0
680,200,0.0
680,189,0.0
680,362,0.0
680,17,0.0
680,16,0.0
722,119,0.0
722,20,0.0
722,399,0.0
722,476,0.0
722,264,0.0
722,200,0.0
722,189,0.0
722,362,0.0
722,17,0.0
722,16,0.0
741,125,5.0
741,415,5.0
741,19,5.0
741,352,4.880843078290587
741,416,4.862765388861061
741,190,4.861502986880694
741,824,4.842586937311514
741,89,4.782566825572217
741,78,4.72372972435522
741,79,4.720126159915711
719,77,1.0
719,125,1.0
719,476,1.0
719,415,1.0
719,17,1.0
719,19,1.0
719,400,1.0
719,824,0.9960532893488778
719,284,0.9922778767136677
719,352,0.9827076298239907
752,119,0.0
752,20,0.0
752,399,0.0
752,476,0.0
752,264,0.0
752,200,0.0
752,189,0.0
752,362,0.0
752,17,0.0
752,16,0.0
714,190,8.0
714,125,8.0
714,19,8.0
714,824,7.880389060621757
714,78,7.746947147992306
714,89,7.715392667200863
714,416,7.616064065168334
714,119,7.558870645572274
714,287,7.513317280724232
714,16,7.473014294954838
742,352,9.719684725300084
742,94,9.409257421502437
742,310,9.355255530820653
742,79,9.321618929219047
742,287,9.21431184842476
742,22,9.117044232245185
742,17,9.0
742,476,9.0
742,415,9.0
742,416,8.700549736277171
730,119,0.0
730,20,0.0
730,399,0.0
730,476,0.0
730,264,0.0
730,200,0.0
730,189,0.0
730,362,0.0
730,17,0.0
730,16,0.0
713,476,3.0
713,17,3.0
713,415,3.0
713,284,2.9820548178549906
713,824,2.962012987262993
713,416,2.942857772994033
713,352,2.909767895684073
713,78,2.8442420867868394
713,22,2.8248486627815113
713,310,2.8150488134066274
720,125,4.0
720,19,4.0
720,284,3.984555753427335
720,824,3.943096743767575
720,190,3.930751493440347
720,89,3.8741509656242528
720,352,3.8618960010297285
720,78,3.8308152703147664
720,94,3.776877085761587
720,310,3.74388845430249
693,119,0.0
693,20,0.0
693,399,0.0
693,476,0.0
693,264,0.0
693,200,0.0
693,189,0.0
693,362,0.0
693,17,0.0
693,16,0.0
695,125,3.0
695,415,3.0
695,19,3.0
695,824,2.996053289348878
695,352,2.950158936613411
695,190,2.930751493440347
695,89,2.8972618970134048
695,416,2.8865132587264073
695,94,2.8837795093331797
695,362,2.8757301995898312
694,119,0.0
694,20,0.0
694,399,0.0
694,476,0.0
694,264,0.0
694,200,0.0
694,189,0.0
694,362,0.0
694,17,0.0
694,16,0.0
748,119,0.0
748,20,0.0
748,399,0.0
748,476,0.0
748,264,0.0
748,200,0.0
748,189,0.0
748,362,0.0
748,17,0.0
748,16,0.0
721,119,0.0
721,20,0.0
721,399,0.0
721,476,0.0
721,264,0.0
721,200,0.0
721,189,0.0
721,362,0.0
721,17,0.0
721,16,0.0
766,125,1.0
766,824,1.0
766,190,1.0
766,19,1.0
766,415,1.0
766,17,1.0
766,476,1.0
766,77,1.0
766,284,0.9958932064677039
766,416,0.9749643422339904
689,119,0.0
689,20,0.0
689,399,0.0
689,476,0.0
689,264,0.0
689,200,0.0
689,189,0.0
689,362,0.0
689,17,0.0
689,16,0.0
684,119,0.0
684,20,0.0
684,399,0.0
684,476,0.0
684,264,0.0
684,200,0.0
684,189,0.0
684,362,0.0
684,17,0.0
684,16,0.0
692,119,0.0
692,20,0.0
692,399,0.0
692,476,0.0
692,264,0.0
692,200,0.0
692,189,0.0
692,362,0.0
692,17,0.0
692,16,0.0
676,119,0.0
676,20,0.0
676,399,0.0
676,476,0.0
676,264,0.0
676,200,0.0
676,189,0.0
676,362,0.0
676,17,0.0
676,16,0.0
754,119,0.0
754,20,0.0
754,399,0.0
754,476,0.0
754,264,0.0
754,200,0.0
754,189,0.0
754,362,0.0
754,17,0.0
754,16,0.0
716,119,0.0
716,20,0.0
716,399,0.0
716,476,0.0
716,264,0.0
716,200,0.0
716,189,0.0
716,362,0.0
716,17,0.0
716,16,0.0
732,119,0.0
732,20,0.0
732,399,0.0
732,476,0.0
732,264,0.0
732,200,0.0
732,189,0.0
732,362,0.0
732,17,0.0
732,16,0.0
743,19,2.0
743,125,2.0
743,190,2.0
743,824,2.0
743,415,2.0
743,17,2.0
743,476,2.0
743,77,2.0
743,284,1.9929476919692855
743,416,1.9356938022227284
718,125,1.0
718,824,1.0
718,190,1.0
718,19,1.0
718,415,1.0
718,17,1.0
718,476,1.0
718,77,1.0
718,284,0.9958932064677039
718,416,0.9749643422339904
725,119,0.0
725,20,0.0
725,399,0.0
725,476,0.0
725,264,0.0
725,200,0.0
725,189,0.0
725,362,0.0
725,17,0.0
725,16,0.0
749,119,0.0
749,20,0.0
749,399,0.0
749,476,0.0
749,264,0.0
749,200,0.0
749,189,0.0
749,362,0.0
749,17,0.0
749,16,0.0
683,119,0.0
683,20,0.0
683,399,0.0
683,476,0.0
683,264,0.0
683,200,0.0
683,189,0.0
683,362,0.0
683,17,0.0
683,16,0.0
755,119,0.0
755,20,0.0
755,399,0.0
755,476,0.0
755,264,0.0
755,200,0.0
755,189,0.0
755,362,0.0
755,17,0.0
755,16,0.0
682,119,0.0
682,20,0.0
682,399,0.0
682,476,0.0
682,264,0.0
682,200,0.0
682,189,0.0
682,362,0.0
682,17,0.0
682,16,0.0
740,190,1.0
740,89,1.0
740,17,1.0
740,476,1.0
740,415,1.0
740,824,0.9856222548132666
740,416,0.9805806756909201
740,352,0.9663531361973137
740,119,0.9614082481980843
740,94,0.9547561991561567
733,119,0.0
733,20,0.0
733,399,0.0
733,476,0.0
733,264,0.0
733,200,0.0
733,189,0.0
733,362,0.0
733,17,0.0
733,16,0.0
709,119,0.0
709,20,0.0
709,399,0.0
709,476,0.0
709,264,0.0
709,200,0.0
709,189,0.0
709,362,0.0
709,17,0.0
709,16,0.0
702,119,0.0
702,20,0.0
702,399,0.0
702,476,0.0
702,264,0.0
702,200,0.0
702,189,0.0
702,362,0.0
702,17,0.0
702,16,0.0
708,125,1.0
708,284,1.0
708,824,1.0
708,190,1.0
708,19,1.0
708,89,0.9958294386938931
708,134,0.9922778767136677
708,78,0.9862478225331596
708,352,0.9716800817122049
708,310,0.9590230211101674
711,119,0.0
711,20,0.0
711,399,0.0
711,476,0.0
711,264,0.0
711,200,0.0
711,189,0.0
711,362,0.0
711,17,0.0
711,16,0.0
765,119,0.0
765,20,0.0
765,399,0.0
765,476,0.0
765,264,0.0
765,200,0.0
765,189,0.0
765,362,0.0
765,17,0.0
765,16,0.0
723,119,0.0
723,20,0.0
723,399,0.0
723,476,0.0
723,264,0.0
723,200,0.0
723,189,0.0
723,362,0.0
723,17,0.0
723,16,0.0
731,119,0.0
731,20,0.0
731,399,0.0
731,476,0.0
731,264,0.0
731,200,0.0
731,189,0.0
731,362,0.0
731,17,0.0
731,16,0.0
703,125,3.0
703,17,3.0
703,476,3.0
703,19,3.0
703,824,2.996053289348878
703,284,2.9881710831813715
703,190,2.930751493440347
703,352,2.9302646767847613
703,416,2.902397757454395
703,287,2.8511731202485397
763,119,0.0
763,20,0.0
763,399,0.0
763,476,0.0
763,264,0.0
763,200,0.0
763,189,0.0
763,362,0.0
763,17,0.0
763,16,0.0
762,415,1.0
762,125,1.0
762,19,1.0
762,190,1.0
762,284,1.0
762,17,1.0
762,476,1.0
762,77,1.0
762,824,0.9850304671557042
762,78,0.975064981895889
761,119,0.0
761,20,0.0
761,399,0.0
761,476,0.0
761,264,0.0
761,200,0.0
761,189,0.0
761,362,0.0
761,17,0.0
761,16,0.0
199,125,10.0
199,19,10.0
199,824,9.966706011317848
199,190,9.930751493440347
199,416,9.785588345065902
199,78,9.666999461730244
199,94,9.591230830975615
199,89,9.587421538281825
199,22,9.485086155706822
199,134,9.445907413339148
206,119,0.0
206,20,0.0
206,399,0.0
206,476,0.0
206,264,0.0
206,200,0.0
206,189,0.0
206,362,0.0
206,17,0.0
206,16,0.0
103,125,1.0
103,190,1.0
103,824,1.0
103,415,1.0
103,19,1.0
103,476,1.0
103,17,1.0
103,77,1.0
103,284,0.9970544855015816
103,134,0.9761063725117611
286,125,2.0
286,824,2.0
286,190,2.0
286,19,2.0
286,284,1.995893206467704
286,89,1.9431878068464532
286,78,1.9393871493218438
286,352,1.9354174121761463
286,416,1.9125386561639695
286,310,1.899514547276437
145,119,0.0
145,20,0.0
145,399,0.0
145,476,0.0
145,264,0.0
145,200,0.0
145,189,0.0
145,362,0.0
145,17,0.0
145,16,0.0
345,119,0.0
345,20,0.0
345,399,0.0
345,476,0.0
345,264,0.0
345,200,0.0
345,189,0.0
345,362,0.0
345,17,0.0
345,16,0.0
282,119,0.0
282,20,0.0
282,399,0.0
282,476,0.0
282,264,0.0
282,200,0.0
282,189,0.0
282,362,0.0
282,17,0.0
282,16,0.0
143,119,0.0
143,20,0.0
143,399,0.0
143,476,0.0
143,264,0.0
143,200,0.0
143,189,0.0
143,362,0.0
143,17,0.0
143,16,0.0
160,119,0.0
160,20,0.0
160,399,0.0
160,476,0.0
160,264,0.0
160,200,0.0
160,189,0.0
160,362,0.0
160,17,0.0
160,16,0.0
381,119,0.0
381,20,0.0
381,399,0.0
381,476,0.0
381,264,0.0
381,200,0.0
381,189,0.0
381,362,0.0
381,17,0.0
381,16,0.0
335,125,10.0
335,19,10.0
335,284,9.973396651864325
335,190,9.930751493440347
335,824,9.89141188281493
335,416,9.776171838427777
335,189,9.471479801086874
335,134,9.432755713075696
335,16,9.407086725258813
335,200,9.39548861445067
398,119,0.0
398,20,0.0
398,399,0.0
398,476,0.0
398,264,0.0
398,200,0.0
398,189,0.0
398,362,0.0
398,17,0.0
398,16,0.0
375,415,1.0
375,19,1.0
375,125,1.0
375,190,1.0
375,824,1.0
375,77,1.0
375,284,0.9958932064677039
375,352,0.9821944218702023
375,362,0.9767033573539706
375,94,0.9674425234921193
91,125,4.0
91,19,4.0
91,190,3.930751493440347
91,416,3.90174211851784
91,352,3.8570923003270026
91,134,3.8471138403212306
91,78,3.7930688942910855
91,94,3.783563386483925
91,310,3.745863391511469
91,119,3.7340548202250075
172,119,0.0
172,20,0.0
172,399,0.0
172,476,0.0
172,264,0.0
172,200,0.0
172,189,0.0
172,362,0.0
172,17,0.0
172,16,0.0
144,125,1.0
144,824,1.0
144,190,1.0
144,19,1.0
144,415,1.0
144,17,1.0
144,476,1.0
144,77,1.0
144,284,0.9958932064677039
144,416,0.9749643422339904
405,119,0.0
405,20,0.0
405,399,0.0
405,476,0.0
405,264,0.0
405,200,0.0
405,189,0.0
405,362,0.0
405,17,0.0
405,16,0.0
133,119,0.0
133,20,0.0
133,399,0.0
133,476,0.0
133,264,0.0
133,200,0.0
133,189,0.0
133,362,0.0
133,17,0.0
133,16,0.0
329,400,3.0
329,94,2.9066982092417075
329,352,2.886226884319766
329,78,2.8695024658857182
329,189,2.867656606325071
329,79,2.8590386116040176
329,310,2.840064108520463
329,264,2.8193630706161383
329,22,2.815735278193881
329,287,2.813976151720521
185,125,1.0
185,824,1.0
185,190,1.0
185,19,1.0
185,415,1.0
185,17,1.0
185,476,1.0
185,77,1.0
185,284,0.9958932064677039
185,416,0.9749643422339904
283,189,2.916164447354241
283,352,2.9103756817226736
283,79,2.8900793078550673
283,78,2.876115037740684
283,287,2.852936883376109
283,264,2.838804066782048
283,310,2.836685425814118
283,22,2.8288907692152923
283,200,2.807266874485375
283,20,2.8006262137051583
355,78,5.770203251464262
355,94,5.742622909100612
355,189,5.717445080410391
355,79,5.643409346510195
355,287,5.640444322467975
355,310,5.617999262254878
355,20,5.541911958001817
355,22,5.538064993543597
355,399,5.446512419434363
355,125,5.0
157,119,0.0
157,20,0.0
157,399,0.0
157,476,0.0
157,264,0.0
157,200,0.0
157,189,0.0
157,362,0.0
157,17,0.0
157,16,0.0
347,125,2.0
347,476,2.0
347,415,2.0
347,17,2.0
347,190,2.0
347,19,2.0
347,284,1.9922778767136677
347,89,1.929318279427437
347,416,1.9289838422804497
347,352,1.9284424584959332
115,119,0.0
115,20,0.0
115,399,0.0
115,476,0.0
115,264,0.0
115,200,0.0
115,189,0.0
115,362,0.0
115,17,0.0
115,16,0.0
385,119,0.0
385,20,0.0
385,399,0.0
385,476,0.0
385,264,0.0
385,200,0.0
385,189,0.0
385,362,0.0
385,17,0.0
385,16,0.0
291,77,1.0
291,19,1.0
291,125,1.0
291,476,1.0
291,415,1.0
291,17,1.0
291,190,1.0
291,400,1.0
291,284,0.9922778767136677
291,416,0.9678934307600424
89,77,1.0
89,125,1.0
89,476,1.0
89,415,1.0
89,17,1.0
89,19,1.0
89,400,1.0
89,824,0.9960532893488778
89,284,0.9922778767136677
89,352,0.9827076298239907
288,415,2.0
288,125,2.0
288,19,2.0
288,190,2.0
288,77,2.0
288,416,1.9490060859736151
288,352,1.9310237048870416
288,94,1.9060949763779766
288,16,1.8849551127294664
288,78,1.8813130134912242
148,415,1.0
148,476,1.0
148,125,1.0
148,17,1.0
148,284,1.0
148,19,1.0
148,416,0.9892034623538708
148,134,0.982644364389696
148,352,0.9728456051340169
148,79,0.952017108723416
182,125,4.0
182,19,4.0
182,284,3.9922778767136675
182,190,3.930751493440347
182,416,3.879454765861829
182,824,3.8752010290225694
182,78,3.8674330906084298
182,134,3.8381932293388163
182,94,3.816222002917584
182,22,3.810796685063706
237,415,1.0
237,125,1.0
237,19,1.0
237,190,1.0
237,284,1.0
237,17,1.0
237,476,1.0
237,77,1.0
237,824,0.9850304671557042
237,78,0.975064981895889
153,77,1.0
153,125,1.0
153,476,1.0
153,415,1.0
153,17,1.0
153,19,1.0
153,400,1.0
153,824,0.9960532893488778
153,284,0.9922778767136677
153,352,0.9827076298239907
359,415,1.0
359,476,1.0
359,125,1.0
359,17,1.0
359,284,1.0
359,19,1.0
359,416,0.9892034623538708
359,134,0.982644364389696
359,352,0.9728456051340169
359,79,0.952017108723416
255,119,0.0
255,20,0.0
255,399,0.0
255,476,0.0
255,264,0.0
255,200,0.0
255,189,0.0
255,362,0.0
255,17,0.0
255,16,0.0
147,119,0.0
147,20,0.0
147,399,0.0
147,476,0.0
147,264,0.0
147,200,0.0
147,189,0.0
147,362,0.0
147,17,0.0
147,16,0.0
198,415,4.0
198,284,3.974332694568658
198,824,3.958066276611871
198,352,3.910932616914325
198,416,3.885852551587154
198,94,3.7837010691782624
198,78,3.7707000656744905
198,22,3.7412968107469666
198,264,3.739444646090515
198,310,3.7376944491622237
131,119,0.0
131,20,0.0
131,399,0.0
131,476,0.0
131,264,0.0
131,200,0.0
131,189,0.0
131,362,0.0
131,17,0.0
131,16,0.0
280,119,0.0
280,20,0.0
280,399,0.0
280,476,0.0
280,264,0.0
280,200,0.0
280,189,0.0
280,362,0.0
280,17,0.0
280,16,0.0
219,119,0.0
219,20,0.0
219,399,0.0
219,476,0.0
219,264,0.0
219,200,0.0
219,189,0.0
219,362,0.0
219,17,0.0
219,16,0.0
92,125,4.0
92,415,4.0
92,476,4.0
92,17,4.0
92,19,4.0
92,284,3.9881710831813715
92,190,3.930751493440347
92,824,3.8602314961782738
92,352,3.8440912250914914
92,78,3.8093895767598434
391,119,0.0
391,20,0.0
391,399,0.0
391,476,0.0
391,264,0.0
391,200,0.0
391,189,0.0
391,362,0.0
391,17,0.0
391,16,0.0
366,125,3.0
366,19,3.0
366,284,2.995893206467704
366,190,2.930751493440347
366,352,2.926720108716424
366,824,2.9131880417595766
366,78,2.8775279303990473
366,416,2.875783862257465
366,94,2.87078548705071
366,89,2.84560539801191
119,415,1.0
119,19,1.0
119,125,1.0
119,190,1.0
119,824,1.0
119,77,1.0
119,284,0.9958932064677039
119,352,0.9821944218702023
119,362,0.9767033573539706
119,94,0.9674425234921193
93,119,0.0
93,20,0.0
93,399,0.0
93,476,0.0
93,264,0.0
93,200,0.0
93,189,0.0
93,362,0.0
93,17,0.0
93,16,0.0
247,119,0.0
247,20,0.0
247,399,0.0
247,476,0.0
247,264,0.0
247,200,0.0
247,189,0.0
247,362,0.0
247,17,0.0
247,16,0.0
221,119,0.0
221,20,0.0
221,399,0.0
221,476,0.0
221,264,0.0
221,200,0.0
221,189,0.0
221,362,0.0
221,17,0.0
221,16,0.0
408,19,2.0
408,476,2.0
408,17,2.0
408,125,2.0
408,415,2.0
408,77,2.0
408,284,1.9922778767136677
408,824,1.981083756504582
408,89,1.9478713852273604
408,352,1.938069088771011
350,119,0.0
350,20,0.0
350,399,0.0
350,476,0.0
350,264,0.0
350,200,0.0
350,189,0.0
350,362,0.0
350,17,0.0
350,16,0.0
406,284,1.0
406,19,1.0
406,824,1.0
406,134,1.0
406,78,1.0
406,190,1.0
406,125,1.0
406,77,1.0
406,16,0.9938837346736189
406,22,0.9852568849192176
121,125,4.0
121,19,4.0
121,284,3.980448959895039
121,824,3.958066276611871
121,190,3.930751493440347
121,352,3.87027187254665
121,89,3.8551550376407957
121,416,3.8493851217775084
121,78,3.808889615207562
121,94,3.802452995407341
212,190,3.0
212,125,3.0
212,19,3.0
212,134,2.959522730064968
212,416,2.898303773918717
212,352,2.875903997676767
212,78,2.8726149557895218
212,89,2.8509877597647537
212,94,2.83170288199903
212,16,2.8098052917467853
80,119,0.0
80,20,0.0
80,399,0.0
80,476,0.0
80,264,0.0
80,200,0.0
80,189,0.0
80,362,0.0
80,17,0.0
80,16,0.0
140,119,0.0
140,20,0.0
140,399,0.0
140,476,0.0
140,264,0.0
140,200,0.0
140,189,0.0
140,362,0.0
140,17,0.0
140,16,0.0
230,119,0.0
230,20,0.0
230,399,0.0
230,476,0.0
230,264,0.0
230,200,0.0
230,189,0.0
230,362,0.0
230,17,0.0
230,16,0.0
110,119,0.0
110,20,0.0
110,399,0.0
110,476,0.0
110,264,0.0
110,200,0.0
110,189,0.0
110,362,0.0
110,17,0.0
110,16,0.0
114,125,1.0
114,19,1.0
114,415,1.0
114,416,1.0
114,190,1.0
114,77,1.0
114,134,0.9911384808395389
114,200,0.9488336200617015
114,352,0.9488292830168392
114,16,0.9440891630699332
111,415,1.0
111,476,1.0
111,125,1.0
111,17,1.0
111,284,1.0
111,19,1.0
111,416,0.9892034623538708
111,134,0.982644364389696
111,352,0.9728456051340169
111,79,0.952017108723416
86,476,3.0
86,17,3.0
86,415,3.0
86,284,2.983216096888868
86,824,2.962012987262993
86,416,2.9286228907487803
86,352,2.9014251981678547
86,22,2.856695891460569
86,78,2.855612567957228
86,134,2.818432813193835
203,415,4.0
203,125,4.0
203,476,4.0
203,17,4.0
203,19,4.0
203,284,3.980448959895039
203,416,3.9010142702014003
203,352,3.871437395968462
203,824,3.8712543183714474
203,190,3.8615029868806943
152,190,4.0
152,125,4.0
152,19,4.0
152,89,3.9214479121583077
152,824,3.918376073358764
152,352,3.888594053527863
152,78,3.8799371648412313
152,310,3.76147440692738
152,119,3.760766497251879
152,416,3.727693273367626
211,119,0.0
211,20,0.0
211,399,0.0
211,476,0.0
211,264,0.0
211,200,0.0
211,189,0.0
211,362,0.0
211,17,0.0
211,16,0.0
253,119,0.0
253,20,0.0
253,399,0.0
253,476,0.0
253,264,0.0
253,200,0.0
253,189,0.0
253,362,0.0
253,17,0.0
253,16,0.0
141,119,0.0
141,20,0.0
141,399,0.0
141,476,0.0
141,264,0.0
141,200,0.0
141,189,0.0
141,362,0.0
141,17,0.0
141,16,0.0
300,119,0.0
300,20,0.0
300,399,0.0
300,476,0.0
300,264,0.0
300,200,0.0
300,189,0.0
300,362,0.0
300,17,0.0
300,16,0.0
409,125,2.0
409,190,2.0
409,284,2.0
409,19,2.0
409,824,1.9850304671557042
409,89,1.96218373482991
409,78,1.9613128044290487
409,352,1.9270415406592252
409,134,1.8979179281837064
409,94,1.8690470142443174
407,119,0.0
407,20,0.0
407,399,0.0
407,476,0.0
407,264,0.0
407,200,0.0
407,189,0.0
407,362,0.0
407,17,0.0
407,16,0.0
372,119,0.0
372,20,0.0
372,399,0.0
372,476,0.0
372,264,0.0
372,200,0.0
372,189,0.0
372,362,0.0
372,17,0.0
372,16,0.0
174,125,1.0
174,284,1.0
174,824,1.0
174,190,1.0
174,19,1.0
174,89,0.9958294386938931
174,134,0.9922778767136677
174,78,0.9862478225331596
174,352,0.9716800817122049
174,310,0.9590230211101674
336,119,0.0
336,20,0.0
336,399,0.0
336,476,0.0
336,264,0.0
336,200,0.0
336,189,0.0
336,362,0.0
336,17,0.0
336,16,0.0
387,415,2.0
387,476,2.0
387,17,2.0
387,125,2.0
387,19,2.0
387,77,2.0
387,824,1.9960532893488778
387,284,1.9881710831813715
387,352,1.9464449602879323
387,416,1.943917377087487
175,119,0.0
175,20,0.0
175,399,0.0
175,476,0.0
175,264,0.0
175,200,0.0
175,189,0.0
175,362,0.0
175,17,0.0
175,16,0.0
88,119,0.0
88,20,0.0
88,399,0.0
88,476,0.0
88,264,0.0
88,200,0.0
88,189,0.0
88,362,0.0
88,17,0.0
88,16,0.0
107,119,0.0
107,20,0.0
107,399,0.0
107,476,0.0
107,264,0.0
107,200,0.0
107,189,0.0
107,362,0.0
107,17,0.0
107,16,0.0
281,125,2.0
281,824,2.0
281,190,2.0
281,19,2.0
281,284,1.995893206467704
281,89,1.9431878068464532
281,78,1.9393871493218438
281,352,1.9354174121761463
281,416,1.9125386561639695
281,310,1.899514547276437
97,284,9.975002509824277
97,190,9.930751493440347
97,824,9.866011315435024
97,352,9.721565746392292
97,416,9.67952256281847
97,78,9.554797301660479
97,22,9.420070811596325
97,119,9.37340375881773
97,134,9.327879364341394
97,255,9.158131253476897
179,125,4.0
179,415,4.0
179,190,4.0
179,19,4.0
179,352,3.8326332004597927
179,78,3.802256575854779
179,416,3.7894582522983935
179,89,3.7860670753965824
179,119,3.751684356035679
179,134,3.725137581278341
404,125,1.0
404,824,1.0
404,190,1.0
404,19,1.0
404,415,1.0
404,17,1.0
404,476,1.0
404,77,1.0
404,284,0.9958932064677039
404,416,0.9749643422339904
267,119,0.0
267,20,0.0
267,399,0.0
267,476,0.0
267,264,0.0
267,200,0.0
267,189,0.0
267,362,0.0
267,17,0.0
267,16,0.0
270,119,0.0
270,20,0.0
270,399,0.0
270,476,0.0
270,264,0.0
270,200,0.0
270,189,0.0
270,362,0.0
270,17,0.0
270,16,0.0
229,125,1.0
229,824,1.0
229,190,1.0
229,19,1.0
229,415,1.0
229,17,1.0
229,476,1.0
229,77,1.0
229,284,0.9958932064677039
229,416,0.9749643422339904
252,415,1.0
252,476,1.0
252,125,1.0
252,17,1.0
252,284,1.0
252,19,1.0
252,416,0.9892034623538708
252,134,0.982644364389696
252,352,0.9728456051340169
252,79,0.952017108723416
163,415,1.0
163,125,1.0
163,19,1.0
163,190,1.0
163,284,1.0
163,17,1.0
163,476,1.0
163,77,1.0
163,824,0.9850304671557042
163,78,0.975064981895889
321,119,0.0
321,20,0.0
321,399,0.0
321,476,0.0
321,264,0.0
321,200,0.0
321,189,0.0
321,362,0.0
321,17,0.0
321,16,0.0
210,119,0.0
210,20,0.0
210,399,0.0
210,476,0.0
210,264,0.0
210,200,0.0
210,189,0.0
210,362,0.0
210,17,0.0
210,16,0.0
176,119,0.0
176,20,0.0
176,399,0.0
176,476,0.0
176,264,0.0
176,200,0.0
176,189,0.0
176,362,0.0
176,17,0.0
176,16,0.0
194,119,0.0
194,20,0.0
194,399,0.0
194,476,0.0
194,264,0.0
194,200,0.0
194,189,0.0
194,362,0.0
194,17,0.0
194,16,0.0
171,119,0.0
171,20,0.0
171,399,0.0
171,476,0.0
171,264,0.0
171,200,0.0
171,189,0.0
171,362,0.0
171,17,0.0
171,16,0.0
166,125,1.0
166,824,1.0
166,190,1.0
166,415,1.0
166,19,1.0
166,362,0.9909931939970744
166,352,0.9852568849192176
166,16,0.9718702921035737
166,416,0.9685541378992955
166,78,0.962650940153899
277,190,2.0
277,125,2.0
277,19,2.0
277,77,2.0
277,134,1.991138480839539
277,416,1.9847835588179368
277,16,1.9379728977435522
277,78,1.921857325297289
277,94,1.914948080835278
277,119,1.9046321472037526
218,119,0.0
218,20,0.0
218,399,0.0
218,476,0.0
218,264,0.0
218,200,0.0
218,189,0.0
218,362,0.0
218,17,0.0
218,16,0.0
402,78,1.975064981895889
402,79,1.9388287454602902
402,189,1.9226667664367085
402,94,1.9148601981181603
402,352,1.9067338828962828
402,119,1.9064376070469784
402,264,1.883819750059191
402,287,1.8752846127961673
402,310,1.8743289671473238
402,22,1.858951658557285
360,94,2.9066982092417075
360,352,2.886226884319766
360,78,2.8695024658857182
360,189,2.867656606325071
360,79,2.8590386116040176
360,310,2.840064108520463
360,264,2.8193630706161383
360,22,2.815735278193881
360,287,2.813976151720521
360,200,2.7935909517325177
365,284,4.983216096888868
365,824,4.9810837565045825
365,352,4.859027538104558
365,134,4.790605063991833
365,78,4.787706141465359
365,416,4.727731218790157
365,22,4.692820035689795
365,94,4.688717623783466
365,264,4.677706634882402
365,287,4.647798633368648
362,125,1.0
362,190,1.0
362,824,1.0
362,415,1.0
362,19,1.0
362,476,1.0
362,17,1.0
362,77,1.0
362,284,0.9970544855015816
362,134,0.9761063725117611
363,125,1.0
363,190,1.0
363,824,1.0
363,415,1.0
363,19,1.0
363,476,1.0
363,17,1.0
363,77,1.0
363,284,0.9970544855015816
363,134,0.9761063725117611
196,119,0.0
196,20,0.0
196,399,0.0
196,476,0.0
196,264,0.0
196,200,0.0
196,189,0.0
196,362,0.0
196,17,0.0
196,16,0.0
388,119,0.0
388,20,0.0
388,399,0.0
388,476,0.0
388,264,0.0
388,200,0.0
388,189,0.0
388,362,0.0
388,17,0.0
388,16,0.0
390,125,4.0
390,19,4.0
390,284,3.984555753427335
390,824,3.943096743767575
390,190,3.930751493440347
390,89,3.8741509656242528
390,352,3.8618960010297285
390,78,3.8308152703147664
390,94,3.776877085761587
390,310,3.74388845430249
223,119,0.0
223,20,0.0
223,399,0.0
223,476,0.0
223,264,0.0
223,200,0.0
223,189,0.0
223,362,0.0
223,17,0.0
223,16,0.0
301,119,0.0
301,20,0.0
301,399,0.0
301,476,0.0
301,264,0.0
301,200,0.0
301,189,0.0
301,362,0.0
301,17,0.0
301,16,0.0
73,119,0.0
73,20,0.0
73,399,0.0
73,476,0.0
73,264,0.0
73,200,0.0
73,189,0.0
73,362,0.0
73,17,0.0
73,16,0.0
315,125,6.0
315,415,6.0
315,19,6.0
315,190,5.930751493440347
315,352,5.760873438541533
315,416,5.7393911746410025
315,78,5.698590803485805
315,134,5.683888318179799
315,89,5.645258087634231
315,119,5.604668144294141
306,824,2.0
306,77,2.0
306,284,1.995893206467704
306,352,1.9821944218702023
306,89,1.955348768318101
306,416,1.9490060859736151
306,94,1.9234159437504026
306,79,1.9118880375902612
306,264,1.8974634981173648
306,310,1.895720840567132
312,416,3.9100964974940227
312,352,3.9073193328364617
312,89,3.844611405875667
312,200,3.7598265068293797
312,310,3.7515743225094647
312,119,3.743458386535748
312,16,3.735125498493177
312,189,3.7348567460602116
312,264,3.7294825965082286
312,79,3.7288883695467407
309,125,2.0
309,415,2.0
309,19,2.0
309,284,1.995893206467704
309,352,1.9550400270042192
309,416,1.9382095483274862
309,190,1.9307514934403471
309,94,1.9177305332001156
309,824,1.9131880417595766
309,362,1.8917058507629658
279,125,6.0
279,190,6.0
279,19,6.0
279,284,5.984064289649075
279,824,5.947043454418697
279,78,5.823268667814986
279,89,5.746713436952834
279,94,5.690936547134908
279,416,5.674696141733508
279,119,5.66243904383869
358,125,1.0
358,284,1.0
358,824,1.0
358,190,1.0
358,19,1.0
358,89,0.9958294386938931
358,134,0.9922778767136677
358,78,0.9862478225331596
358,352,0.9716800817122049
358,310,0.9590230211101674
233,119,0.0
233,20,0.0
233,399,0.0
233,476,0.0
233,264,0.0
233,200,0.0
233,189,0.0
233,362,0.0
233,17,0.0
233,16,0.0
348,119,0.0
348,20,0.0
348,399,0.0
348,476,0.0
348,264,0.0
348,200,0.0
348,189,0.0
348,362,0.0
348,17,0.0
348,16,0.0
227,119,0.0
227,20,0.0
227,399,0.0
227,476,0.0
227,264,0.0
227,200,0.0
227,189,0.0
227,362,0.0
227,17,0.0
227,16,0.0
273,415,2.0
273,17,2.0
273,476,2.0
273,284,1.993883734673619
273,824,1.9850304671557042
273,352,1.9492451936206392
273,78,1.9168068934907265
273,255,1.8929227831316346
273,134,1.88469550391666
273,79,1.8775323061718154
162,77,1.0
162,19,1.0
162,125,1.0
162,476,1.0
162,415,1.0
162,17,1.0
162,190,1.0
162,400,1.0
162,284,0.9922778767136677
162,416,0.9678934307600424
106,125,5.0
106,415,5.0
106,19,5.0
106,77,5.0
106,284,4.9733966518643244
106,824,4.958066276611871
106,190,4.930751493440347
106,352,4.83618084565237
106,416,4.821546353809882
106,89,4.779438188502737
169,119,0.0
169,20,0.0
169,399,0.0
169,476,0.0
169,264,0.0
169,200,0.0
169,189,0.0
169,362,0.0
169,17,0.0
169,16,0.0
302,119,0.0
302,20,0.0
302,399,0.0
302,476,0.0
302,264,0.0
302,200,0.0
302,189,0.0
302,362,0.0
302,17,0.0
302,16,0.0
310,119,0.0
310,20,0.0
310,399,0.0
310,476,0.0
310,264,0.0
310,200,0.0
310,189,0.0
310,362,0.0
310,17,0.0
310,16,0.0
298,119,0.0
298,20,0.0
298,399,0.0
298,476,0.0
298,264,0.0
298,200,0.0
298,189,0.0
298,362,0.0
298,17,0.0
298,16,0.0
274,78,1.0
274,189,1.0
274,400,1.0
274,94,0.9988681377244375
274,79,0.9958294386938931
274,119,0.9815170890913433
274,200,0.966354296136017
274,310,0.9647638212377321
274,22,0.9603960396039604
274,287,0.9553487683181011
340,415,2.0
340,476,2.0
340,17,2.0
340,125,2.0
340,19,2.0
340,77,2.0
340,824,1.9960532893488778
340,284,1.9881710831813715
340,352,1.9464449602879323
340,416,1.943917377087487
246,824,6.958066276611871
246,352,6.8214377305715885
246,416,6.790100491709178
246,89,6.739834228106697
246,94,6.657899786303092
246,79,6.607979413641675
246,362,6.519909448008521
246,16,6.5124839874650755
246,189,6.468384881404955
246,200,6.466819628740002
342,119,0.0
342,20,0.0
342,399,0.0
342,476,0.0
342,264,0.0
342,200,0.0
342,189,0.0
342,362,0.0
342,17,0.0
342,16,0.0
292,125,1.0
292,824,1.0
292,190,1.0
292,19,1.0
292,415,1.0
292,17,1.0
292,476,1.0
292,77,1.0
292,284,0.9958932064677039
292,416,0.9749643422339904
135,77,1.0
135,19,1.0
135,125,1.0
135,476,1.0
135,415,1.0
135,17,1.0
135,190,1.0
135,400,1.0
135,284,0.9922778767136677
135,416,0.9678934307600424
214,125,2.0
214,17,2.0
214,476,2.0
214,415,2.0
214,19,2.0
214,284,1.9922778767136677
214,416,1.9570968931139132
214,190,1.9307514934403471
214,352,1.9249924356805297
214,94,1.8868714211175694
192,352,7.74280597669298
192,94,7.642430879368338
192,310,7.549722211285257
192,119,7.499451778957225
192,189,7.491781111616853
192,200,7.435684735803195
192,22,7.433126106144947
192,416,6.818641635251499
192,16,6.510149569210185
192,362,6.359957560370658
278,190,4.0
278,125,4.0
278,19,4.0
278,284,3.9922778767136675
278,824,3.947043454418697
278,78,3.910673652832366
278,89,3.844006300482172
278,119,3.782415723682791
278,94,3.7819260536033106
278,310,3.7673569579364057
319,125,1.0
319,284,1.0
319,824,1.0
319,190,1.0
319,19,1.0
319,89,0.9958294386938931
319,134,0.9922778767136677
319,78,0.9862478225331596
319,352,0.9716800817122049
319,310,0.9590230211101674
186,125,3.0
186,824,3.0
186,190,3.0
186,19,3.0
186,284,2.991786412935408
186,352,2.929751468830973
186,416,2.8824508085745135
186,94,2.8356646164313672
186,310,2.829302962284241
186,22,2.8261240100165317
234,119,0.0
234,20,0.0
234,399,0.0
234,476,0.0
234,264,0.0
234,200,0.0
234,189,0.0
234,362,0.0
234,17,0.0
234,16,0.0
330,119,0.0
330,20,0.0
330,399,0.0
330,476,0.0
330,264,0.0
330,200,0.0
330,189,0.0
330,362,0.0
330,17,0.0
330,16,0.0
378,119,0.0
378,20,0.0
378,399,0.0
378,476,0.0
378,264,0.0
378,200,0.0
378,189,0.0
378,362,0.0
378,17,0.0
378,16,0.0
394,119,0.0
394,20,0.0
394,399,0.0
394,476,0.0
394,264,0.0
394,200,0.0
394,189,0.0
394,362,0.0
394,17,0.0
394,16,0.0
295,119,0.0
295,20,0.0
295,399,0.0
295,476,0.0
295,264,0.0
295,200,0.0
295,189,0.0
295,362,0.0
295,17,0.0
295,16,0.0
241,119,0.0
241,20,0.0
241,399,0.0
241,476,0.0
241,264,0.0
241,200,0.0
241,189,0.0
241,362,0.0
241,17,0.0
241,16,0.0
132,415,1.0
132,476,1.0
132,125,1.0
132,17,1.0
132,284,1.0
132,19,1.0
132,416,0.9892034623538708
132,134,0.982644364389696
132,352,0.9728456051340169
132,79,0.952017108723416
222,119,0.0
222,20,0.0
222,399,0.0
222,476,0.0
222,264,0.0
222,200,0.0
222,189,0.0
222,362,0.0
222,17,0.0
222,16,0.0
224,119,0.0
224,20,0.0
224,399,0.0
224,476,0.0
224,264,0.0
224,200,0.0
224,189,0.0
224,362,0.0
224,17,0.0
224,16,0.0
303,119,0.0
303,20,0.0
303,399,0.0
303,476,0.0
303,264,0.0
303,200,0.0
303,189,0.0
303,362,0.0
303,17,0.0
303,16,0.0
217,119,0.0
217,20,0.0
217,399,0.0
217,476,0.0
217,264,0.0
217,200,0.0
217,189,0.0
217,362,0.0
217,17,0.0
217,16,0.0
293,119,0.0
293,20,0.0
293,399,0.0
293,476,0.0
293,264,0.0
293,200,0.0
293,189,0.0
293,362,0.0
293,17,0.0
293,16,0.0
240,125,3.0
240,476,3.0
240,17,3.0
240,415,3.0
240,19,3.0
240,284,2.9929476919692855
240,190,2.930751493440347
240,416,2.924897264576599
240,824,2.9131880417595766
240,352,2.8919775685456814
158,119,0.0
158,20,0.0
158,399,0.0
158,476,0.0
158,264,0.0
158,200,0.0
158,189,0.0
158,362,0.0
158,17,0.0
158,16,0.0
204,125,1.0
204,824,1.0
204,190,1.0
204,19,1.0
204,415,1.0
204,17,1.0
204,476,1.0
204,77,1.0
204,284,0.9958932064677039
204,416,0.9749643422339904
294,824,2.0
294,415,2.0
294,125,2.0
294,190,2.0
294,19,2.0
294,352,1.9489942153831592
294,416,1.9435184801332859
294,78,1.9157902669425833
294,362,1.9133632502449618
294,89,1.9077544077565205
367,78,3.9020380894757425
367,352,3.8720467210446263
367,94,3.838581387347873
367,310,3.817169133159212
367,119,3.7959941368699015
367,189,3.7682748220002065
367,200,3.7443706037623694
367,287,3.739400434757356
367,20,3.7065262078880643
367,399,3.701043882392499
77,284,3.0
77,125,3.0
77,19,3.0
77,134,2.974922241103364
77,190,2.930751493440347
77,78,2.918072242205112
77,824,2.9131880417595766
77,416,2.9115613351017866
77,94,2.879638591508011
77,22,2.878861850351753
337,416,8.666804322645763
337,89,8.587559408421145
337,94,8.543749601798728
337,79,8.440505224116276
337,189,8.395062692721117
337,16,8.374673751583316
337,22,8.339232773504003
337,362,8.283433170183642
337,399,8.222924175824158
337,125,8.0
138,119,0.0
138,20,0.0
138,399,0.0
138,476,0.0
138,264,0.0
138,200,0.0
138,189,0.0
138,362,0.0
138,17,0.0
138,16,0.0
226,119,0.0
226,20,0.0
226,399,0.0
226,476,0.0
226,264,0.0
226,200,0.0
226,189,0.0
226,362,0.0
226,17,0.0
226,16,0.0
399,125,2.0
399,476,2.0
399,415,2.0
399,17,2.0
399,190,2.0
399,19,2.0
399,284,1.9922778767136677
399,89,1.929318279427437
399,416,1.9289838422804497
399,352,1.9284424584959332
243,77,1.0
243,125,1.0
243,476,1.0
243,415,1.0
243,17,1.0
243,19,1.0
243,400,1.0
243,824,0.9960532893488778
243,284,0.9922778767136677
243,352,0.9827076298239907
124,77,1.0
124,19,1.0
124,125,1.0
124,476,1.0
124,415,1.0
124,17,1.0
124,190,1.0
124,400,1.0
124,284,0.9922778767136677
124,416,0.9678934307600424
126,77,1.0
126,19,1.0
126,125,1.0
126,476,1.0
126,415,1.0
126,17,1.0
126,190,1.0
126,400,1.0
126,284,0.9922778767136677
126,416,0.9678934307600424
276,119,0.0
276,20,0.0
276,399,0.0
276,476,0.0
276,264,0.0
276,200,0.0
276,189,0.0
276,362,0.0
276,17,0.0
276,16,0.0
112,119,0.0
112,20,0.0
112,399,0.0
112,476,0.0
112,264,0.0
112,200,0.0
112,189,0.0
112,362,0.0
112,17,0.0
112,16,0.0
311,119,0.0
311,20,0.0
311,399,0.0
311,476,0.0
311,264,0.0
311,200,0.0
311,189,0.0
311,362,0.0
311,17,0.0
311,16,0.0
244,415,3.0
244,17,3.0
244,476,3.0
244,125,3.0
244,19,3.0
244,284,2.9881710831813715
244,416,2.932061235347904
244,190,2.930751493440347
244,352,2.888729766144471
244,824,2.8752010290225694
72,119,0.0
72,20,0.0
72,399,0.0
72,476,0.0
72,264,0.0
72,200,0.0
72,189,0.0
72,362,0.0
72,17,0.0
72,16,0.0
202,125,5.0
202,415,5.0
202,19,5.0
202,77,5.0
202,284,4.9733966518643244
202,824,4.958066276611871
202,190,4.930751493440347
202,352,4.83618084565237
202,416,4.821546353809882
202,89,4.779438188502737
122,119,0.0
122,20,0.0
122,399,0.0
122,476,0.0
122,264,0.0
122,200,0.0
122,189,0.0
122,362,0.0
122,17,0.0
122,16,0.0
81,119,0.0
81,20,0.0
81,399,0.0
81,476,0.0
81,264,0.0
81,200,0.0
81,189,0.0
81,362,0.0
81,17,0.0
81,16,0.0
261,284,3.0
261,824,2.9850304671557044
261,89,2.9621837348299103
261,352,2.927041540659225
261,310,2.8330979749788323
261,94,2.8250204345026004
261,264,2.81736093461655
261,22,2.8073055152171102
261,287,2.805031747729103
261,189,2.7990616419021173
264,125,1.0
264,19,1.0
264,415,1.0
264,416,1.0
264,190,1.0
264,77,1.0
264,134,0.9911384808395389
264,200,0.9488336200617015
264,352,0.9488292830168392
264,16,0.9440891630699332
102,119,0.0
102,20,0.0
102,399,0.0
102,476,0.0
102,264,0.0
102,200,0.0
102,189,0.0
102,362,0.0
102,17,0.0
102,16,0.0
232,119,0.0
232,20,0.0
232,399,0.0
232,476,0.0
232,264,0.0
232,200,0.0
232,189,0.0
232,362,0.0
232,17,0.0
232,16,0.0
263,125,1.0
263,824,1.0
263,190,1.0
263,19,1.0
263,415,1.0
263,17,1.0
263,476,1.0
263,77,1.0
263,284,0.9958932064677039
263,416,0.9749643422339904
268,119,0.0
268,20,0.0
268,399,0.0
268,476,0.0
268,264,0.0
268,200,0.0
268,189,0.0
268,362,0.0
268,17,0.0
268,16,0.0
396,125,3.0
396,190,3.0
396,19,3.0
396,77,3.0
396,284,2.9922778767136675
396,824,2.947043454418697
396,78,2.9244258302992066
396,89,2.848176861788279
396,119,2.8412208083722112
396,79,2.836693646078147
397,125,4.0
397,190,4.0
397,19,4.0
397,77,4.0
397,284,3.9881710831813715
397,824,3.947043454418697
397,78,3.877565157087891
397,89,3.7955352299408394
397,119,3.791098536962222
397,416,3.7881157418299134
129,119,0.0
129,20,0.0
129,399,0.0
129,476,0.0
129,264,0.0
129,200,0.0
129,189,0.0
129,362,0.0
129,17,0.0
129,16,0.0
333,125,6.0
333,19,6.0
333,284,5.976342166362743
333,824,5.871254318371447
333,190,5.861502986880694
333,352,5.825311899550869
333,416,5.787594670104994
333,94,5.720183528607457
333,89,5.704930996958813
333,78,5.70016972307345
369,125,1.0
369,284,1.0
369,824,1.0
369,190,1.0
369,19,1.0
369,89,0.9958294386938931
369,134,0.9922778767136677
369,78,0.9862478225331596
369,352,0.9716800817122049
369,310,0.9590230211101674
259,125,2.0
259,415,2.0
259,19,2.0
259,284,1.995893206467704
259,352,1.9550400270042192
259,416,1.9382095483274862
259,190,1.9307514934403471
259,94,1.9177305332001156
259,824,1.9131880417595766
259,362,1.8917058507629658
161,125,3.0
161,415,3.0
161,190,3.0
161,19,3.0
161,77,3.0
161,352,2.8563375725103723
161,78,2.8462831555964954
161,416,2.828367840777986
161,94,2.791227924689154
161,89,2.787198937672145
403,125,5.0
403,19,5.0
403,284,4.9881710831813715
403,190,4.930751493440347
403,824,4.875201029022569
403,352,4.844229564353505
403,416,4.828115929644791
403,22,4.737576530107548
403,310,4.730979946310551
403,94,4.708148467907412
258,125,4.0
258,415,4.0
258,19,4.0
258,190,3.930751493440347
258,352,3.872155256707068
258,89,3.798661924664449
258,416,3.7979815827707357
258,78,3.7797148648294776
258,94,3.7709814991206407
258,310,3.710240046548196
215,119,0.0
215,20,0.0
215,399,0.0
215,476,0.0
215,264,0.0
215,200,0.0
215,189,0.0
215,362,0.0
215,17,0.0
215,16,0.0
164,78,1.0
164,189,1.0
164,400,1.0
164,94,0.9988681377244375
164,79,0.9958294386938931
164,119,0.9815170890913433
164,200,0.966354296136017
164,310,0.9647638212377321
164,22,0.9603960396039604
164,287,0.9553487683181011
357,119,0.0
357,20,0.0
357,399,0.0
357,476,0.0
357,264,0.0
357,200,0.0
357,189,0.0
357,362,0.0
357,17,0.0
357,16,0.0
190,125,2.0
190,415,2.0
190,17,2.0
190,476,2.0
190,19,2.0
190,284,1.9922778767136677
190,416,1.9581564972073673
190,352,1.9555532349580076
190,94,1.921534669815693
190,134,1.9201696752394404
307,119,0.0
307,20,0.0
307,399,0.0
307,476,0.0
307,264,0.0
307,200,0.0
307,189,0.0
307,362,0.0
307,17,0.0
307,16,0.0
238,119,0.0
238,20,0.0
238,399,0.0
238,476,0.0
238,264,0.0
238,200,0.0
238,189,0.0
238,362,0.0
238,17,0.0
238,16,0.0
165,119,0.0
165,20,0.0
165,399,0.0
165,476,0.0
165,264,0.0
165,200,0.0
165,189,0.0
165,362,0.0
165,17,0.0
165,16,0.0
225,119,0.0
225,20,0.0
225,399,0.0
225,476,0.0
225,264,0.0
225,200,0.0
225,189,0.0
225,362,0.0
225,17,0.0
225,16,0.0
242,119,0.0
242,20,0.0
242,399,0.0
242,476,0.0
242,264,0.0
242,200,0.0
242,189,0.0
242,362,0.0
242,17,0.0
242,16,0.0
338,125,5.0
338,476,5.0
338,17,5.0
338,415,5.0
338,19,5.0
338,284,4.980448959895039
338,190,4.861502986880694
338,824,4.856284785527151
338,352,4.8267988549154826
338,416,4.761488680219344
326,119,0.0
326,20,0.0
326,399,0.0
326,476,0.0
326,264,0.0
326,200,0.0
326,189,0.0
326,362,0.0
326,17,0.0
326,16,0.0
96,119,0.0
96,20,0.0
96,399,0.0
96,476,0.0
96,264,0.0
96,200,0.0
96,189,0.0
96,362,0.0
96,17,0.0
96,16,0.0
94,119,0.0
94,20,0.0
94,399,0.0
94,476,0.0
94,264,0.0
94,200,0.0
94,189,0.0
94,362,0.0
94,17,0.0
94,16,0.0
123,119,0.0
123,20,0.0
123,399,0.0
123,476,0.0
123,264,0.0
123,200,0.0
123,189,0.0
123,362,0.0
123,17,0.0
123,16,0.0
392,19,6.0
392,125,6.0
392,190,6.0
392,77,6.0
392,78,5.770248651749504
392,416,5.722886945558276
392,94,5.674961551393272
392,89,5.658683951177241
392,119,5.625217046631669
392,16,5.620021869708182
343,190,2.0
343,19,2.0
343,415,2.0
343,17,2.0
343,476,2.0
343,125,2.0
343,77,2.0
343,284,1.995893206467704
343,824,1.9850304671557042
343,78,1.9282043086845733
120,119,0.0
120,20,0.0
120,399,0.0
120,476,0.0
120,264,0.0
120,200,0.0
120,189,0.0
120,362,0.0
120,17,0.0
120,16,0.0
344,190,4.0
344,125,4.0
344,19,4.0
344,824,3.962012987262993
344,352,3.8728211276418767
344,78,3.8513989378790603
344,416,3.848986224823307
344,89,3.834033988153413
344,310,3.7957794698904035
344,94,3.7762966610330087
213,19,2.0
213,125,2.0
213,476,2.0
213,190,2.0
213,17,2.0
213,415,2.0
213,77,2.0
213,284,1.9893323622152495
213,824,1.9620129872629928
213,416,1.9286228907487803
305,119,0.0
305,20,0.0
305,399,0.0
305,476,0.0
305,264,0.0
305,200,0.0
305,189,0.0
305,362,0.0
305,17,0.0
305,16,0.0
314,119,0.0
314,20,0.0
314,399,0.0
314,476,0.0
314,264,0.0
314,200,0.0
314,189,0.0
314,362,0.0
314,17,0.0
314,16,0.0
75,119,0.0
75,20,0.0
75,399,0.0
75,476,0.0
75,264,0.0
75,200,0.0
75,189,0.0
75,362,0.0
75,17,0.0
75,16,0.0
262,125,1.0
262,284,1.0
262,824,1.0
262,190,1.0
262,19,1.0
262,89,0.9958294386938931
262,134,0.9922778767136677
262,78,0.9862478225331596
262,352,0.9716800817122049
262,310,0.9590230211101674
216,119,0.0
216,20,0.0
216,399,0.0
216,476,0.0
216,264,0.0
216,200,0.0
216,189,0.0
216,362,0.0
216,17,0.0
216,16,0.0
220,119,0.0
220,20,0.0
220,399,0.0
220,476,0.0
220,264,0.0
220,200,0.0
220,189,0.0
220,362,0.0
220,17,0.0
220,16,0.0
377,415,1.0
377,19,1.0
377,125,1.0
377,190,1.0
377,824,1.0
377,77,1.0
377,284,0.9958932064677039
377,352,0.9821944218702023
377,362,0.9767033573539706
377,94,0.9674425234921193
316,125,4.0
316,17,4.0
316,415,4.0
316,476,4.0
316,19,4.0
316,284,3.984555753427335
316,416,3.887140339487817
316,352,3.8839956934539406
316,190,3.8615029868806943
316,89,3.805262559518696
209,415,1.0
209,476,1.0
209,125,1.0
209,17,1.0
209,284,1.0
209,19,1.0
209,416,0.9892034623538708
209,134,0.982644364389696
209,352,0.9728456051340169
209,79,0.952017108723416
265,119,0.0
265,20,0.0
265,399,0.0
265,476,0.0
265,264,0.0
265,200,0.0
265,189,0.0
265,362,0.0
265,17,0.0
265,16,0.0
167,125,3.0
167,19,3.0
167,190,3.0
167,77,3.0
167,284,2.9881710831813715
167,824,2.962012987262993
167,416,2.9276413318119694
167,78,2.902500175192002
167,119,2.866178019006587
167,287,2.855000385035414
178,119,0.0
178,20,0.0
178,399,0.0
178,476,0.0
178,264,0.0
178,200,0.0
178,189,0.0
178,362,0.0
178,17,0.0
178,16,0.0
289,119,0.0
289,20,0.0
289,399,0.0
289,476,0.0
289,264,0.0
289,200,0.0
289,189,0.0
289,362,0.0
289,17,0.0
289,16,0.0
287,119,0.0
287,20,0.0
287,399,0.0
287,476,0.0
287,264,0.0
287,200,0.0
287,189,0.0
287,362,0.0
287,17,0.0
287,16,0.0
380,77,1.0
380,19,1.0
380,125,1.0
380,476,1.0
380,415,1.0
380,17,1.0
380,190,1.0
380,400,1.0
380,284,0.9922778767136677
380,416,0.9678934307600424
356,125,1.0
356,824,1.0
356,190,1.0
356,19,1.0
356,415,1.0
356,17,1.0
356,476,1.0
356,77,1.0
356,284,0.9958932064677039
356,416,0.9749643422339904
354,125,1.0
354,824,1.0
354,190,1.0
354,19,1.0
354,415,1.0
354,17,1.0
354,476,1.0
354,77,1.0
354,284,0.9958932064677039
354,416,0.9749643422339904
376,125,1.0
376,824,1.0
376,190,1.0
376,415,1.0
376,19,1.0
376,362,0.9909931939970744
376,352,0.9852568849192176
376,16,0.9718702921035737
376,416,0.9685541378992955
376,78,0.962650940153899
346,119,0.0
346,20,0.0
346,399,0.0
346,476,0.0
346,264,0.0
346,200,0.0
346,189,0.0
346,362,0.0
346,17,0.0
346,16,0.0
101,119,0.0
101,20,0.0
101,399,0.0
101,476,0.0
101,264,0.0
101,200,0.0
101,189,0.0
101,362,0.0
101,17,0.0
101,16,0.0
109,119,0.0
109,20,0.0
109,399,0.0
109,476,0.0
109,264,0.0
109,200,0.0
109,189,0.0
109,362,0.0
109,17,0.0
109,16,0.0
191,125,1.0
191,824,1.0
191,190,1.0
191,19,1.0
191,415,1.0
191,17,1.0
191,476,1.0
191,77,1.0
191,284,0.9958932064677039
191,416,0.9749643422339904
184,125,1.0
184,824,1.0
184,190,1.0
184,415,1.0
184,19,1.0
184,362,0.9909931939970744
184,352,0.9852568849192176
184,16,0.9718702921035737
184,416,0.9685541378992955
184,78,0.962650940153899
352,119,0.0
352,20,0.0
352,399,0.0
352,476,0.0
352,264,0.0
352,200,0.0
352,189,0.0
352,362,0.0
352,17,0.0
352,16,0.0
231,119,0.0
231,20,0.0
231,399,0.0
231,476,0.0
231,264,0.0
231,200,0.0
231,189,0.0
231,362,0.0
231,17,0.0
231,16,0.0
187,119,0.0
187,20,0.0
187,399,0.0
187,476,0.0
187,264,0.0
187,200,0.0
187,189,0.0
187,362,0.0
187,17,0.0
187,16,0.0
297,824,2.0
297,190,2.0
297,125,2.0
297,19,2.0
297,284,1.9970544855015815
297,134,1.9683842492254289
297,89,1.9605932599316251
297,78,1.950757630492233
297,352,1.9270747146599279
297,22,1.8989897207549298
228,125,2.0
228,824,2.0
228,190,2.0
228,19,2.0
228,284,1.995893206467704
228,89,1.9431878068464532
228,78,1.9393871493218438
228,352,1.9354174121761463
228,416,1.9125386561639695
228,310,1.899514547276437
308,119,0.0
308,20,0.0
308,399,0.0
308,476,0.0
308,264,0.0
308,200,0.0
308,189,0.0
308,362,0.0
308,17,0.0
308,16,0.0
139,119,0.0
139,20,0.0
139,399,0.0
139,476,0.0
139,264,0.0
139,200,0.0
139,189,0.0
139,362,0.0
139,17,0.0
139,16,0.0
373,119,0.0
373,20,0.0
373,399,0.0
373,476,0.0
373,264,0.0
373,200,0.0
373,189,0.0
373,362,0.0
373,17,0.0
373,16,0.0
168,119,0.0
168,20,0.0
168,399,0.0
168,476,0.0
168,264,0.0
168,200,0.0
168,189,0.0
168,362,0.0
168,17,0.0
168,16,0.0
400,119,0.0
400,20,0.0
400,399,0.0
400,476,0.0
400,264,0.0
400,200,0.0
400,189,0.0
400,362,0.0
400,17,0.0
400,16,0.0
320,119,0.0
320,20,0.0
320,399,0.0
320,476,0.0
320,264,0.0
320,200,0.0
320,189,0.0
320,362,0.0
320,17,0.0
320,16,0.0
95,119,0.0
95,20,0.0
95,399,0.0
95,476,0.0
95,264,0.0
95,200,0.0
95,189,0.0
95,362,0.0
95,17,0.0
95,16,0.0
353,119,0.0
353,20,0.0
353,399,0.0
353,476,0.0
353,264,0.0
353,200,0.0
353,189,0.0
353,362,0.0
353,17,0.0
353,16,0.0
260,119,0.0
260,20,0.0
260,399,0.0
260,476,0.0
260,264,0.0
260,200,0.0
260,189,0.0
260,362,0.0
260,17,0.0
260,16,0.0
83,119,0.0
83,20,0.0
83,399,0.0
83,476,0.0
83,264,0.0
83,200,0.0
83,189,0.0
83,362,0.0
83,17,0.0
83,16,0.0
250,77,1.0
250,19,1.0
250,125,1.0
250,476,1.0
250,415,1.0
250,17,1.0
250,190,1.0
250,400,1.0
250,284,0.9922778767136677
250,416,0.9678934307600424
395,125,1.0
395,284,1.0
395,824,1.0
395,190,1.0
395,19,1.0
395,89,0.9958294386938931
395,134,0.9922778767136677
395,78,0.9862478225331596
395,352,0.9716800817122049
395,310,0.9590230211101674
183,119,0.0
183,20,0.0
183,399,0.0
183,476,0.0
183,264,0.0
183,200,0.0
183,189,0.0
183,362,0.0
183,17,0.0
183,16,0.0
275,119,0.0
275,20,0.0
275,399,0.0
275,476,0.0
275,264,0.0
275,200,0.0
275,189,0.0
275,362,0.0
275,17,0.0
275,16,0.0
173,19,2.0
173,125,2.0
173,476,2.0
173,17,2.0
173,415,2.0
173,190,2.0
173,77,2.0
173,284,1.9881710831813715
173,824,1.9620129872629928
173,416,1.9428577729940328
272,119,0.0
272,20,0.0
272,399,0.0
272,476,0.0
272,264,0.0
272,200,0.0
272,189,0.0
272,362,0.0
272,17,0.0
272,16,0.0
304,119,0.0
304,20,0.0
304,399,0.0
304,476,0.0
304,264,0.0
304,200,0.0
304,189,0.0
304,362,0.0
304,17,0.0
304,16,0.0
318,119,0.0
318,20,0.0
318,399,0.0
318,476,0.0
318,264,0.0
318,200,0.0
318,189,0.0
318,362,0.0
318,17,0.0
318,16,0.0
125,125,1.0
125,824,1.0
125,190,1.0
125,19,1.0
125,415,1.0
125,17,1.0
125,476,1.0
125,77,1.0
125,284,0.9958932064677039
125,416,0.9749643422339904
374,119,0.0
374,20,0.0
374,399,0.0
374,476,0.0
374,264,0.0
374,200,0.0
374,189,0.0
374,362,0.0
374,17,0.0
374,16,0.0
317,119,0.0
317,20,0.0
317,399,0.0
317,476,0.0
317,264,0.0
317,200,0.0
317,189,0.0
317,362,0.0
317,17,0.0
317,16,0.0
177,119,0.0
177,20,0.0
177,399,0.0
177,476,0.0
177,264,0.0
177,200,0.0
177,189,0.0
177,362,0.0
177,17,0.0
177,16,0.0
149,125,1.0
149,284,1.0
149,824,1.0
149,190,1.0
149,19,1.0
149,89,0.9958294386938931
149,134,0.9922778767136677
149,78,0.9862478225331596
149,352,0.9716800817122049
149,310,0.9590230211101674
327,119,0.0
327,20,0.0
327,399,0.0
327,476,0.0
327,264,0.0
327,200,0.0
327,189,0.0
327,362,0.0
327,17,0.0
327,16,0.0
207,125,1.0
207,824,1.0
207,190,1.0
207,19,1.0
207,415,1.0
207,17,1.0
207,476,1.0
207,77,1.0
207,284,0.9958932064677039
207,416,0.9749643422339904
361,119,0.0
361,20,0.0
361,399,0.0
361,476,0.0
361,264,0.0
361,200,0.0
361,189,0.0
361,362,0.0
361,17,0.0
361,16,0.0
339,119,0.0
339,20,0.0
339,399,0.0
339,476,0.0
339,264,0.0
339,200,0.0
339,189,0.0
339,362,0.0
339,17,0.0
339,16,0.0
351,119,0.0
351,20,0.0
351,399,0.0
351,476,0.0
351,264,0.0
351,200,0.0
351,189,0.0
351,362,0.0
351,17,0.0
351,16,0.0
266,119,0.0
266,20,0.0
266,399,0.0
266,476,0.0
266,264,0.0
266,200,0.0
266,189,0.0
266,362,0.0
266,17,0.0
266,16,0.0
386,119,0.0
386,20,0.0
386,399,0.0
386,476,0.0
386,264,0.0
386,200,0.0
386,189,0.0
386,362,0.0
386,17,0.0
386,16,0.0
285,78,2.949360848403318
285,94,2.911747177083431
285,119,2.8978173795079196
285,79,2.8895237780056426
285,22,2.877587759235131
285,189,2.8726014943243
285,287,2.8660249820248347
285,310,2.863532612154379
285,264,2.8332226724900686
285,200,2.824031892723903
127,119,0.0
127,20,0.0
127,399,0.0
127,476,0.0
127,264,0.0
127,200,0.0
127,189,0.0
127,362,0.0
127,17,0.0
127,16,0.0
341,125,1.0
341,824,1.0
341,190,1.0
341,415,1.0
341,19,1.0
341,362,0.9909931939970744
341,352,0.9852568849192176
341,16,0.9718702921035737
341,416,0.9685541378992955
341,78,0.962650940153899
130,125,1.0
130,284,1.0
130,824,1.0
130,190,1.0
130,19,1.0
130,89,0.9958294386938931
130,134,0.9922778767136677
130,78,0.9862478225331596
130,352,0.9716800817122049
130,310,0.9590230211101674
364,125,1.0
364,284,1.0
364,824,1.0
364,190,1.0
364,19,1.0
364,89,0.9958294386938931
364,134,0.9922778767136677
364,78,0.9862478225331596
364,352,0.9716800817122049
364,310,0.9590230211101674
331,119,0.0
331,20,0.0
331,399,0.0
331,476,0.0
331,264,0.0
331,200,0.0
331,189,0.0
331,362,0.0
331,17,0.0
331,16,0.0
332,119,0.0
332,20,0.0
332,399,0.0
332,476,0.0
332,264,0.0
332,200,0.0
332,189,0.0
332,362,0.0
332,17,0.0
332,16,0.0
389,119,0.0
389,20,0.0
389,399,0.0
389,476,0.0
389,264,0.0
389,200,0.0
389,189,0.0
389,362,0.0
389,17,0.0
389,16,0.0
146,119,0.0
146,20,0.0
146,399,0.0
146,476,0.0
146,264,0.0
146,200,0.0
146,189,0.0
146,362,0.0
146,17,0.0
146,16,0.0
328,119,0.0
328,20,0.0
328,399,0.0
328,476,0.0
328,264,0.0
328,200,0.0
328,189,0.0
328,362,0.0
328,17,0.0
328,16,0.0
322,119,0.0
322,20,0.0
322,399,0.0
322,476,0.0
322,264,0.0
322,200,0.0
322,189,0.0
322,362,0.0
322,17,0.0
322,16,0.0
181,119,0.0
181,20,0.0
181,399,0.0
181,476,0.0
181,264,0.0
181,200,0.0
181,189,0.0
181,362,0.0
181,17,0.0
181,16,0.0
299,125,1.0
299,284,1.0
299,824,1.0
299,190,1.0
299,19,1.0
299,89,0.9958294386938931
299,134,0.9922778767136677
299,78,0.9862478225331596
299,352,0.9716800817122049
299,310,0.9590230211101674
313,119,0.0
313,20,0.0
313,399,0.0
313,476,0.0
313,264,0.0
313,200,0.0
313,189,0.0
313,362,0.0
313,17,0.0
313,16,0.0
245,119,0.0
245,20,0.0
245,399,0.0
245,476,0.0
245,264,0.0
245,200,0.0
245,189,0.0
245,362,0.0
245,17,0.0
245,16,0.0
393,119,0.0
393,20,0.0
393,399,0.0
393,476,0.0
393,264,0.0
393,200,0.0
393,189,0.0
393,362,0.0
393,17,0.0
393,16,0.0
324,19,2.0
324,125,2.0
324,476,2.0
324,17,2.0
324,415,2.0
324,190,2.0
324,77,2.0
324,284,1.9881710831813715
324,824,1.9620129872629928
324,416,1.9428577729940328
74,119,0.0
74,20,0.0
74,399,0.0
74,476,0.0
74,264,0.0
74,200,0.0
74,189,0.0
74,362,0.0
74,17,0.0
74,16,0.0
195,119,0.0
195,20,0.0
195,399,0.0
195,476,0.0
195,264,0.0
195,200,0.0
195,189,0.0
195,362,0.0
195,17,0.0
195,16,0.0
239,119,0.0
239,20,0.0
239,399,0.0
239,476,0.0
239,264,0.0
239,200,0.0
239,189,0.0
239,362,0.0
239,17,0.0
239,16,0.0
334,119,0.0
334,20,0.0
334,399,0.0
334,476,0.0
334,264,0.0
334,200,0.0
334,189,0.0
334,362,0.0
334,17,0.0
334,16,0.0
118,125,2.0
118,476,2.0
118,17,2.0
118,284,2.0
118,19,2.0
118,352,1.956665321630846
118,416,1.9476838427207785
118,22,1.938499203319723
118,190,1.9307514934403471
118,824,1.9131880417595766
150,119,0.0
150,20,0.0
150,399,0.0
150,476,0.0
150,264,0.0
150,200,0.0
150,189,0.0
150,362,0.0
150,17,0.0
150,16,0.0
