448,824,9.876442349970636
448,416,9.756083210807418
448,352,9.718056794473046
448,78,9.540435542900871
448,79,9.47357996984944
448,22,9.379102104521099
448,189,9.348504964960425
448,255,9.274010012628064
448,284,9.0
448,125,9.0
444,119,0.0
444,20,0.0
444,399,0.0
444,476,0.0
444,264,0.0
444,200,0.0
444,189,0.0
444,362,0.0
444,17,0.0
444,16,0.0
450,190,2.0
450,125,2.0
450,17,2.0
450,476,2.0
450,19,2.0
450,416,1.9575634524449828
450,824,1.9333456062030594
450,352,1.9323578773612917
450,79,1.9033362944942591
450,189,1.9012120085624882
445,119,0.0
445,20,0.0
445,399,0.0
445,476,0.0
445,264,0.0
445,200,0.0
445,189,0.0
445,362,0.0
445,17,0.0
445,16,0.0
446,119,0.0
446,20,0.0
446,399,0.0
446,476,0.0
446,264,0.0
446,200,0.0
446,189,0.0
446,362,0.0
446,17,0.0
446,16,0.0
447,17,5.0
447,476,5.0
447,284,5.0
447,824,4.909241331108454
447,416,4.881620241628777
447,352,4.849592897750761
447,22,4.743554579642453
447,78,4.701533733873637
447,134,4.6928590317984735
447,79,4.692303100913751
449,119,0.0
449,20,0.0
449,399,0.0
449,476,0.0
449,264,0.0
449,200,0.0
449,189,0.0
449,362,0.0
449,17,0.0
449,16,0.0
522,476,10.0
522,284,10.0
522,17,10.0
522,125,10.0
522,19,10.0
522,824,9.996053289348877
522,190,9.984387258421775
522,352,9.787012174040738
522,89,9.779658883947416
522,22,9.556807854061727
524,19,2.0
524,125,2.0
524,190,2.0
524,17,2.0
524,476,2.0
524,284,2.0
524,77,2.0
524,824,1.9850304671557042
524,79,1.910446056933136
524,352,1.9010766625679043
516,125,9.0
516,19,9.0
516,190,8.845890245302467
516,824,8.789630391730212
516,352,8.687482554249122
516,416,8.615212960684147
516,78,8.538704623132228
516,89,8.53501883227398
516,264,8.371678717348072
516,134,8.363920937658278
619,125,10.0
619,19,10.0
619,824,9.981083756504582
619,190,9.915138751862122
619,416,9.764953687256403
619,352,9.711437667536199
619,89,9.674086074947331
619,78,9.512682994801374
619,134,9.479346771537479
619,22,9.421395939016731
494,824,6.793577102381333
494,352,6.782006352724711
494,89,6.731223297117957
494,416,6.699302098940884
494,78,6.675060139866452
494,119,6.5811164977408305
494,264,6.52388051801719
494,310,6.519735106215719
494,362,6.479429546587452
494,287,6.467400138963767
655,125,6.0
655,19,6.0
655,190,5.915138751862121
655,416,5.856206796284445
655,352,5.810669650484157
655,824,5.808546635225628
655,89,5.73934753751429
655,79,5.649667887000086
655,119,5.625720173198414
655,310,5.617054979482537
466,824,1.0
466,125,1.0
466,190,1.0
466,19,1.0
466,89,0.9971735767641742
466,134,0.9922778767136677
466,78,0.9848202248021413
466,352,0.9846627139887437
466,200,0.959435194348357
466,189,0.9542388281538583
523,190,1.0
523,125,1.0
523,476,1.0
523,17,1.0
523,19,1.0
523,134,0.9820125298456842
523,352,0.9757649336012654
523,189,0.9629286848937253
523,416,0.9610904115204073
523,119,0.9593250470051754
620,824,9.804599924574507
620,352,9.720965608979606
620,416,9.711740231041535
620,89,9.670486920626933
620,22,9.385757962897898
620,310,9.337674535321206
620,16,9.205535071557549
620,255,9.11714741278022
620,200,9.091150225323151
620,125,9.0
570,119,0.0
570,20,0.0
570,399,0.0
570,476,0.0
570,264,0.0
570,200,0.0
570,189,0.0
570,362,0.0
570,17,0.0
570,16,0.0
544,125,8.0
544,19,8.0
544,190,7.915138751862121
544,824,7.793577102381333
544,352,7.704285826388529
544,416,7.693726880781612
544,78,7.573250830121083
544,89,7.5466656148417295
544,119,7.501730387203695
544,134,7.499845190242679
618,125,6.0
618,284,6.0
618,17,6.0
618,476,6.0
618,19,6.0
618,190,5.861502986880694
618,824,5.856284785527151
618,352,5.762751681694444
618,416,5.7362573689493095
618,89,5.733209527046837
640,125,4.0
640,19,4.0
640,190,3.984387258421774
640,824,3.8803890606217566
640,352,3.8587129243647813
640,79,3.7922269577911014
640,119,3.784653840460148
640,416,3.7682704185912703
640,78,3.7653326144436767
640,89,3.764238606285238
487,119,0.0
487,20,0.0
487,399,0.0
487,476,0.0
487,264,0.0
487,200,0.0
487,189,0.0
487,362,0.0
487,17,0.0
487,16,0.0
610,119,0.0
610,20,0.0
610,399,0.0
610,476,0.0
610,264,0.0
610,200,0.0
610,189,0.0
610,362,0.0
610,17,0.0
610,16,0.0
492,125,5.0
492,19,5.0
492,416,4.898786020010991
492,190,4.845890245302469
492,824,4.842586937311514
492,352,4.830533586246955
492,89,4.795475499216419
492,79,4.751779908736511
492,134,4.700126896102734
492,78,4.6693573640311685
569,125,4.0
569,284,4.0
569,19,4.0
569,89,3.9097590934842796
569,824,3.8942717982641586
569,190,3.8458902453024684
569,352,3.8426594276935413
569,79,3.8078788085906092
569,416,3.801696977583952
569,94,3.7547457099814
518,119,0.0
518,20,0.0
518,399,0.0
518,476,0.0
518,264,0.0
518,200,0.0
518,189,0.0
518,362,0.0
518,17,0.0
518,16,0.0
481,119,0.0
481,20,0.0
481,399,0.0
481,476,0.0
481,264,0.0
481,200,0.0
481,189,0.0
481,362,0.0
481,17,0.0
481,16,0.0
624,119,0.0
624,20,0.0
624,399,0.0
624,476,0.0
624,264,0.0
624,200,0.0
624,189,0.0
624,362,0.0
624,17,0.0
624,16,0.0
514,119,0.0
514,20,0.0
514,399,0.0
514,476,0.0
514,264,0.0
514,200,0.0
514,189,0.0
514,362,0.0
514,17,0.0
514,16,0.0
592,119,0.0
592,20,0.0
592,399,0.0
592,476,0.0
592,264,0.0
592,200,0.0
592,189,0.0
592,362,0.0
592,17,0.0
592,16,0.0
454,190,1.0
454,125,1.0
454,476,1.0
454,17,1.0
454,19,1.0
454,134,0.9820125298456842
454,352,0.9757649336012654
454,189,0.9629286848937253
454,416,0.9610904115204073
454,119,0.9593250470051754
486,119,0.0
486,20,0.0
486,399,0.0
486,476,0.0
486,264,0.0
486,200,0.0
486,189,0.0
486,362,0.0
486,17,0.0
486,16,0.0
560,119,0.0
560,20,0.0
560,399,0.0
560,476,0.0
560,264,0.0
560,200,0.0
560,189,0.0
560,362,0.0
560,17,0.0
560,16,0.0
489,19,3.0
489,284,3.0
489,17,3.0
489,476,3.0
489,125,3.0
489,77,3.0
489,824,2.958066276611871
489,190,2.930751493440347
489,416,2.897575925602277
489,352,2.881719224745435
477,284,2.0
477,125,2.0
477,19,2.0
477,190,1.984387258421774
477,824,1.9620129872629928
477,416,1.9467055970529188
477,352,1.9384642719556378
477,89,1.915488041101328
477,94,1.9094178812734541
477,119,1.8998261029447239
612,119,0.0
612,20,0.0
612,399,0.0
612,476,0.0
612,264,0.0
612,200,0.0
612,189,0.0
612,362,0.0
612,17,0.0
612,16,0.0
451,125,9.0
451,19,9.0
451,190,8.845890245302467
451,824,8.804599924574507
451,416,8.713989310663367
451,352,8.69762276641146
451,89,8.635250741864665
451,78,8.50473806767219
451,22,8.383831109158223
451,362,8.320295405759664
639,125,2.0
639,190,2.0
639,19,2.0
639,134,1.973151010685223
639,416,1.9590421524365587
639,824,1.9333456062030594
639,352,1.9240543932058447
639,78,1.894567348637128
639,189,1.888026560696923
639,119,1.874127844586304
654,125,5.0
654,476,5.0
654,17,5.0
654,19,5.0
654,190,4.861502986880694
654,824,4.827617404467218
654,352,4.802410595934715
654,416,4.780448263736059
654,79,4.75697627493101
654,89,4.7497988734004135
607,125,3.0
607,17,3.0
607,476,3.0
607,284,3.0
607,19,3.0
607,190,2.930751493440347
607,824,2.8982185089152805
607,89,2.883755679597041
607,79,2.8629247143150227
607,352,2.8571044472383025
471,125,1.0
471,19,1.0
471,476,1.0
471,77,1.0
471,17,1.0
471,284,1.0
471,400,1.0
471,824,0.9960532893488778
471,189,0.9789042405326593
471,89,0.9716160028034561
657,17,4.0
657,125,4.0
657,476,4.0
657,19,4.0
657,190,3.8615029868806943
657,352,3.845817652174689
657,824,3.827617404467218
657,79,3.8059654123462314
657,89,3.8041862844841954
657,78,3.7955206839495257
632,119,0.0
632,20,0.0
632,399,0.0
632,476,0.0
632,264,0.0
632,200,0.0
632,189,0.0
632,362,0.0
632,17,0.0
632,16,0.0
578,125,5.0
578,19,5.0
578,416,4.902312979086416
578,352,4.873940642486929
578,79,4.800769046151732
578,264,4.737097677278011
578,20,4.7173488590832955
578,287,4.696290414002751
578,310,4.69325024826732
578,362,4.6746708757502855
660,125,2.0
660,476,2.0
660,17,2.0
660,19,2.0
660,352,1.9453061486964127
660,189,1.9418329254263846
660,190,1.9307514934403471
660,416,1.9300434463739038
660,824,1.9293988955519374
660,134,1.9145253914167086
519,119,0.0
519,20,0.0
519,399,0.0
519,476,0.0
519,264,0.0
519,200,0.0
519,189,0.0
519,362,0.0
519,17,0.0
519,16,0.0
588,125,2.0
588,19,2.0
588,476,2.0
588,17,2.0
588,190,2.0
588,284,2.0
588,77,2.0
588,416,1.9643664716846179
588,824,1.9620129872629928
588,352,1.9224505065955466
605,125,1.0
605,19,1.0
605,476,1.0
605,77,1.0
605,17,1.0
605,284,1.0
605,400,1.0
605,824,0.9960532893488778
605,189,0.9789042405326593
605,89,0.9716160028034561
540,119,0.0
540,20,0.0
540,399,0.0
540,476,0.0
540,264,0.0
540,200,0.0
540,189,0.0
540,362,0.0
540,17,0.0
540,16,0.0
653,119,0.0
653,20,0.0
653,399,0.0
653,476,0.0
653,264,0.0
653,200,0.0
653,189,0.0
653,362,0.0
653,17,0.0
653,16,0.0
535,119,0.0
535,20,0.0
535,399,0.0
535,476,0.0
535,264,0.0
535,200,0.0
535,189,0.0
535,362,0.0
535,17,0.0
535,16,0.0
484,476,2.0
484,125,2.0
484,17,2.0
484,190,2.0
484,19,2.0
484,352,1.9416224964367856
484,416,1.9289838422804497
484,78,1.9071401215387664
484,824,1.8953585934660522
484,189,1.8879179438483529
566,125,4.0
566,19,4.0
566,190,3.930751493440347
566,352,3.8609391510682856
566,78,3.850695276499815
566,134,3.8414280368362403
566,824,3.8315641151183404
566,89,3.8297438584449135
566,189,3.7579360417944043
566,416,3.7525965018879655
591,125,2.0
591,19,2.0
591,284,2.0
591,17,2.0
591,476,2.0
591,400,2.0
591,416,1.9624104012731318
591,89,1.9554357193002851
591,352,1.9255689997655456
591,134,1.9151572259607206
611,89,1.0
611,824,1.0
611,416,1.0
611,59,1.0
611,284,1.0
611,77,1.0
611,352,0.9858435728860858
611,79,0.9848202248021413
611,22,0.9690941652527747
611,16,0.967286702253492
525,17,4.0
525,476,4.0
525,125,4.0
525,19,4.0
525,190,3.930751493440347
525,824,3.9144293627076414
525,352,3.8463828112643172
525,79,3.804497617549124
525,189,3.795589812045641
525,416,3.7869908973164232
635,19,2.0
635,125,2.0
635,17,2.0
635,476,2.0
635,284,2.0
635,77,2.0
635,824,1.9580662766118706
635,416,1.936846465613539
635,352,1.9353987779306676
635,190,1.9307514934403471
609,119,0.0
609,20,0.0
609,399,0.0
609,476,0.0
609,264,0.0
609,200,0.0
609,189,0.0
609,362,0.0
609,17,0.0
609,16,0.0
483,125,2.0
483,19,2.0
483,284,2.0
483,17,2.0
483,476,2.0
483,400,2.0
483,416,1.9624104012731318
483,89,1.9554357193002851
483,352,1.9255689997655456
483,134,1.9151572259607206
458,119,0.0
458,20,0.0
458,399,0.0
458,476,0.0
458,264,0.0
458,200,0.0
458,189,0.0
458,362,0.0
458,17,0.0
458,16,0.0
496,119,0.0
496,20,0.0
496,399,0.0
496,476,0.0
496,264,0.0
496,200,0.0
496,189,0.0
496,362,0.0
496,17,0.0
496,16,0.0
642,77,3.0
642,416,2.9643664716846176
642,824,2.962012987262993
642,352,2.9050534362963334
642,78,2.8489517936618194
642,89,2.847092027589262
642,310,2.8295181676680334
642,94,2.829164211164861
642,79,2.8191606958507016
642,362,2.8066521602409797
526,119,0.0
526,20,0.0
526,399,0.0
526,476,0.0
526,264,0.0
526,200,0.0
526,189,0.0
526,362,0.0
526,17,0.0
526,16,0.0
459,119,0.0
459,20,0.0
459,399,0.0
459,476,0.0
459,264,0.0
459,200,0.0
459,189,0.0
459,362,0.0
459,17,0.0
459,16,0.0
616,119,0.0
616,20,0.0
616,399,0.0
616,476,0.0
616,264,0.0
616,200,0.0
616,189,0.0
616,362,0.0
616,17,0.0
616,16,0.0
641,119,0.0
641,20,0.0
641,399,0.0
641,476,0.0
641,264,0.0
641,200,0.0
641,189,0.0
641,362,0.0
641,17,0.0
641,16,0.0
478,125,2.0
478,284,2.0
478,19,2.0
478,824,1.9850304671557042
478,190,1.984387258421774
478,89,1.9543233741839945
478,352,1.9170904279279954
478,79,1.9136740225022153
478,119,1.9044069310429086
478,264,1.85883112617141
493,119,0.0
493,20,0.0
493,399,0.0
493,476,0.0
493,264,0.0
493,200,0.0
493,189,0.0
493,362,0.0
493,17,0.0
493,16,0.0
553,119,0.0
553,20,0.0
553,399,0.0
553,476,0.0
553,264,0.0
553,200,0.0
553,189,0.0
553,362,0.0
553,17,0.0
553,16,0.0
601,119,0.0
601,20,0.0
601,399,0.0
601,476,0.0
601,264,0.0
601,200,0.0
601,189,0.0
601,362,0.0
601,17,0.0
601,16,0.0
583,119,0.0
583,20,0.0
583,399,0.0
583,476,0.0
583,264,0.0
583,200,0.0
583,189,0.0
583,362,0.0
583,17,0.0
583,16,0.0
617,17,5.0
617,476,5.0
617,284,5.0
617,824,4.894271798264159
617,352,4.834184909772516
617,416,4.771890897264691
617,78,4.771333053832589
617,79,4.69695104519577
617,22,4.656920612789844
617,189,4.6476247213542115
576,119,0.0
576,20,0.0
576,399,0.0
576,476,0.0
576,264,0.0
576,200,0.0
576,189,0.0
576,362,0.0
576,17,0.0
576,16,0.0
464,119,0.0
464,20,0.0
464,399,0.0
464,476,0.0
464,264,0.0
464,200,0.0
464,189,0.0
464,362,0.0
464,17,0.0
464,16,0.0
474,125,2.0
474,19,2.0
474,284,2.0
474,17,2.0
474,476,2.0
474,400,2.0
474,416,1.9624104012731318
474,89,1.9554357193002851
474,352,1.9255689997655456
474,134,1.9151572259607206
662,119,0.0
662,20,0.0
662,399,0.0
662,476,0.0
662,264,0.0
662,200,0.0
662,189,0.0
662,362,0.0
662,17,0.0
662,16,0.0
627,119,0.0
627,20,0.0
627,399,0.0
627,476,0.0
627,264,0.0
627,200,0.0
627,189,0.0
627,362,0.0
627,17,0.0
627,16,0.0
561,119,0.0
561,20,0.0
561,399,0.0
561,476,0.0
561,264,0.0
561,200,0.0
561,189,0.0
561,362,0.0
561,17,0.0
561,16,0.0
557,119,0.0
557,20,0.0
557,399,0.0
557,476,0.0
557,264,0.0
557,200,0.0
557,189,0.0
557,362,0.0
557,17,0.0
557,16,0.0
634,119,0.0
634,20,0.0
634,399,0.0
634,476,0.0
634,264,0.0
634,200,0.0
634,189,0.0
634,362,0.0
634,17,0.0
634,16,0.0
606,119,0.0
606,20,0.0
606,399,0.0
606,476,0.0
606,264,0.0
606,200,0.0
606,189,0.0
606,362,0.0
606,17,0.0
606,16,0.0
638,119,0.0
638,20,0.0
638,399,0.0
638,476,0.0
638,264,0.0
638,200,0.0
638,189,0.0
638,362,0.0
638,17,0.0
638,16,0.0
565,119,0.0
565,20,0.0
565,399,0.0
565,476,0.0
565,264,0.0
565,200,0.0
565,189,0.0
565,362,0.0
565,17,0.0
565,16,0.0
633,119,0.0
633,20,0.0
633,399,0.0
633,476,0.0
633,264,0.0
633,200,0.0
633,189,0.0
633,362,0.0
633,17,0.0
633,16,0.0
556,125,1.0
556,190,1.0
556,824,1.0
556,19,1.0
556,284,1.0
556,476,1.0
556,17,1.0
556,77,1.0
556,352,0.970248456525473
556,78,0.9628758386182656
452,119,0.0
452,20,0.0
452,399,0.0
452,476,0.0
452,264,0.0
452,200,0.0
452,189,0.0
452,362,0.0
452,17,0.0
452,16,0.0
650,125,8.0
650,19,8.0
650,190,7.915138751862121
650,824,7.876442349970635
650,352,7.716956259321363
650,416,7.690128615652401
650,89,7.537288324384183
650,78,7.476156676532826
650,79,7.473591246707325
650,22,7.449925144885647
550,284,3.0
550,125,3.0
550,19,3.0
550,89,2.955435719300285
550,416,2.941222567566008
550,824,2.909241331108454
550,352,2.8981757088856632
550,94,2.8731864923050656
550,79,2.8484436142422522
550,190,2.8458902453024684
651,125,6.0
651,19,6.0
651,190,5.930751493440347
651,824,5.89141188281493
651,352,5.822667825806176
651,416,5.780990317962116
651,78,5.711549495069997
651,189,5.6940595585778
651,89,5.686667204130103
651,310,5.599656064394168
521,119,0.0
521,20,0.0
521,399,0.0
521,476,0.0
521,264,0.0
521,200,0.0
521,189,0.0
521,362,0.0
521,17,0.0
521,16,0.0
482,119,0.0
482,20,0.0
482,399,0.0
482,476,0.0
482,264,0.0
482,200,0.0
482,189,0.0
482,362,0.0
482,17,0.0
482,16,0.0
479,119,0.0
479,20,0.0
479,399,0.0
479,476,0.0
479,264,0.0
479,200,0.0
479,189,0.0
479,362,0.0
479,17,0.0
479,16,0.0
546,119,0.0
546,20,0.0
546,399,0.0
546,476,0.0
546,264,0.0
546,200,0.0
546,189,0.0
546,362,0.0
546,17,0.0
546,16,0.0
539,119,0.0
539,20,0.0
539,399,0.0
539,476,0.0
539,264,0.0
539,200,0.0
539,189,0.0
539,362,0.0
539,17,0.0
539,16,0.0
548,89,1.0
548,284,1.0
548,125,1.0
548,824,1.0
548,19,1.0
548,190,0.984387258421774
548,119,0.9789042405326593
548,416,0.9788121662928764
548,352,0.9726067091201175
548,94,0.9629286848937253
603,17,4.0
603,476,4.0
603,125,4.0
603,19,4.0
603,190,3.930751493440347
603,824,3.876442349970634
603,352,3.855647430339811
603,78,3.7924974991317377
603,189,3.7822957473315055
603,79,3.7797142583437506
554,119,0.0
554,20,0.0
554,399,0.0
554,476,0.0
554,264,0.0
554,200,0.0
554,189,0.0
554,362,0.0
554,17,0.0
554,16,0.0
513,119,0.0
513,20,0.0
513,399,0.0
513,476,0.0
513,264,0.0
513,200,0.0
513,189,0.0
513,362,0.0
513,17,0.0
513,16,0.0
552,125,2.0
552,19,2.0
552,190,1.984387258421774
552,352,1.9483716427213829
552,416,1.9399025778132837
552,119,1.9382292875378346
552,824,1.9333456062030594
552,79,1.9065642600633383
552,134,1.903916551763686
552,89,1.8944271909999157
500,125,1.0
500,19,1.0
500,476,1.0
500,77,1.0
500,17,1.0
500,284,1.0
500,400,1.0
500,824,0.9960532893488778
500,189,0.9789042405326593
500,89,0.9716160028034561
648,119,0.0
648,20,0.0
648,399,0.0
648,476,0.0
648,264,0.0
648,200,0.0
648,189,0.0
648,362,0.0
648,17,0.0
648,16,0.0
520,119,0.0
520,20,0.0
520,399,0.0
520,476,0.0
520,264,0.0
520,200,0.0
520,189,0.0
520,362,0.0
520,17,0.0
520,16,0.0
555,119,0.0
555,20,0.0
555,399,0.0
555,476,0.0
555,264,0.0
555,200,0.0
555,189,0.0
555,362,0.0
555,17,0.0
555,16,0.0
460,119,0.0
460,20,0.0
460,399,0.0
460,476,0.0
460,264,0.0
460,200,0.0
460,189,0.0
460,362,0.0
460,17,0.0
460,16,0.0
506,119,0.0
506,20,0.0
506,399,0.0
506,476,0.0
506,264,0.0
506,200,0.0
506,189,0.0
506,362,0.0
506,17,0.0
506,16,0.0
649,119,0.0
649,20,0.0
649,399,0.0
649,476,0.0
649,264,0.0
649,200,0.0
649,189,0.0
649,362,0.0
649,17,0.0
649,16,0.0
602,119,0.0
602,20,0.0
602,399,0.0
602,476,0.0
602,264,0.0
602,200,0.0
602,189,0.0
602,362,0.0
602,17,0.0
602,16,0.0
533,119,0.0
533,20,0.0
533,399,0.0
533,476,0.0
533,264,0.0
533,200,0.0
533,189,0.0
533,362,0.0
533,17,0.0
533,16,0.0
491,119,0.0
491,20,0.0
491,399,0.0
491,476,0.0
491,264,0.0
491,200,0.0
491,189,0.0
491,362,0.0
491,17,0.0
491,16,0.0
621,284,10.0
621,476,10.0
621,17,10.0
621,125,10.0
621,19,10.0
621,824,9.981083756504582
621,190,9.915138751862122
621,416,9.825360651675924
621,352,9.770918201808787
621,89,9.683964745856285
498,119,0.0
498,20,0.0
498,399,0.0
498,476,0.0
498,264,0.0
498,200,0.0
498,189,0.0
498,362,0.0
498,17,0.0
498,16,0.0
590,125,3.0
590,17,3.0
590,284,3.0
590,476,3.0
590,19,3.0
590,416,2.9578238381042534
590,190,2.930751493440347
590,352,2.878478291265945
590,824,2.8752010290225694
590,89,2.8449203465143746
574,125,2.0
574,476,2.0
574,17,2.0
574,19,2.0
574,352,1.9453061486964127
574,189,1.9418329254263846
574,190,1.9307514934403471
574,416,1.9300434463739038
574,824,1.9293988955519374
574,134,1.9145253914167086
575,119,0.0
575,20,0.0
575,399,0.0
575,476,0.0
575,264,0.0
575,200,0.0
575,189,0.0
575,362,0.0
575,17,0.0
575,16,0.0
453,119,0.0
453,20,0.0
453,399,0.0
453,476,0.0
453,264,0.0
453,200,0.0
453,189,0.0
453,362,0.0
453,17,0.0
453,16,0.0
564,119,0.0
564,20,0.0
564,399,0.0
564,476,0.0
564,264,0.0
564,200,0.0
564,189,0.0
564,362,0.0
564,17,0.0
564,16,0.0
562,119,0.0
562,20,0.0
562,399,0.0
562,476,0.0
562,264,0.0
562,200,0.0
562,189,0.0
562,362,0.0
562,17,0.0
562,16,0.0
643,125,1.0
643,19,1.0
643,476,1.0
643,190,1.0
643,17,1.0
643,284,1.0
643,77,1.0
643,416,0.9678934307600424
643,352,0.9658575628355204
643,824,0.9620129872629928
501,125,3.0
501,190,3.0
501,19,3.0
501,352,2.9262852104255295
501,824,2.895358593466052
501,78,2.891960346340908
501,416,2.866558156210429
501,189,2.842156772002211
501,134,2.8386119388299225
501,264,2.831646446717082
571,119,0.0
571,20,0.0
571,399,0.0
571,476,0.0
571,264,0.0
571,200,0.0
571,189,0.0
571,362,0.0
571,17,0.0
571,16,0.0
508,119,0.0
508,20,0.0
508,399,0.0
508,476,0.0
508,264,0.0
508,200,0.0
508,189,0.0
508,362,0.0
508,17,0.0
508,16,0.0
656,119,0.0
656,20,0.0
656,399,0.0
656,476,0.0
656,264,0.0
656,200,0.0
656,189,0.0
656,362,0.0
656,17,0.0
656,16,0.0
499,119,0.0
499,20,0.0
499,399,0.0
499,476,0.0
499,264,0.0
499,200,0.0
499,189,0.0
499,362,0.0
499,17,0.0
499,16,0.0
637,119,0.0
637,20,0.0
637,399,0.0
637,476,0.0
637,264,0.0
637,200,0.0
637,189,0.0
637,362,0.0
637,17,0.0
637,16,0.0
586,824,3.962012987262993
586,416,3.9019407856145967
586,352,3.8897161502850772
586,89,3.8442656043534362
586,78,3.8337720184639608
586,310,3.782635617505689
586,94,3.781489643074342
586,189,3.7464879816517906
586,119,3.728389201725754
586,16,3.721422340779798
527,119,0.0
527,20,0.0
527,399,0.0
527,476,0.0
527,264,0.0
527,200,0.0
527,189,0.0
527,362,0.0
527,17,0.0
527,16,0.0
626,119,0.0
626,20,0.0
626,399,0.0
626,476,0.0
626,264,0.0
626,200,0.0
626,189,0.0
626,362,0.0
626,17,0.0
626,16,0.0
551,119,0.0
551,20,0.0
551,399,0.0
551,476,0.0
551,264,0.0
551,200,0.0
551,189,0.0
551,362,0.0
551,17,0.0
551,16,0.0
502,119,0.0
502,20,0.0
502,399,0.0
502,476,0.0
502,264,0.0
502,200,0.0
502,189,0.0
502,362,0.0
502,17,0.0
502,16,0.0
582,119,0.0
582,20,0.0
582,399,0.0
582,476,0.0
582,264,0.0
582,200,0.0
582,189,0.0
582,362,0.0
582,17,0.0
582,16,0.0
511,119,0.0
511,20,0.0
511,399,0.0
511,476,0.0
511,264,0.0
511,200,0.0
511,189,0.0
511,362,0.0
511,17,0.0
511,16,0.0
573,119,0.0
573,20,0.0
573,399,0.0
573,476,0.0
573,264,0.0
573,200,0.0
573,189,0.0
573,362,0.0
573,17,0.0
573,16,0.0
462,119,0.0
462,20,0.0
462,399,0.0
462,476,0.0
462,264,0.0
462,200,0.0
462,189,0.0
462,362,0.0
462,17,0.0
462,16,0.0
604,190,1.0
604,125,1.0
604,476,1.0
604,17,1.0
604,19,1.0
604,134,0.9820125298456842
604,352,0.9757649336012654
604,189,0.9629286848937253
604,416,0.9610904115204073
604,119,0.9593250470051754
473,119,0.0
473,20,0.0
473,399,0.0
473,476,0.0
473,264,0.0
473,200,0.0
473,189,0.0
473,362,0.0
473,17,0.0
473,16,0.0
488,125,1.0
488,19,1.0
488,476,1.0
488,190,1.0
488,17,1.0
488,284,1.0
488,77,1.0
488,416,0.9678934307600424
488,352,0.9658575628355204
488,824,0.9620129872629928
558,190,3.0
558,125,3.0
558,19,3.0
558,824,2.9333456062030594
558,352,2.9170205913500356
558,416,2.895137766374962
558,78,2.8662380736498085
558,189,2.8554508367163467
558,134,2.85534352493768
558,89,2.8372133566803077
613,119,0.0
613,20,0.0
613,399,0.0
613,476,0.0
613,264,0.0
613,200,0.0
613,189,0.0
613,362,0.0
613,17,0.0
613,16,0.0
547,19,1.0
547,476,1.0
547,125,1.0
547,17,1.0
547,284,1.0
547,400,1.0
547,416,0.9934573664196354
547,89,0.9838197164968291
547,134,0.982644364389696
547,352,0.9560277846703983
505,119,0.0
505,20,0.0
505,399,0.0
505,476,0.0
505,264,0.0
505,200,0.0
505,189,0.0
505,362,0.0
505,17,0.0
505,16,0.0
595,119,0.0
595,20,0.0
595,399,0.0
595,476,0.0
595,264,0.0
595,200,0.0
595,189,0.0
595,362,0.0
595,17,0.0
595,16,0.0
658,119,0.0
658,20,0.0
658,399,0.0
658,476,0.0
658,264,0.0
658,200,0.0
658,189,0.0
658,362,0.0
658,17,0.0
658,16,0.0
646,119,0.0
646,20,0.0
646,399,0.0
646,476,0.0
646,264,0.0
646,200,0.0
646,189,0.0
646,362,0.0
646,17,0.0
646,16,0.0
497,190,1.0
497,125,1.0
497,476,1.0
497,17,1.0
497,19,1.0
497,134,0.9820125298456842
497,352,0.9757649336012654
497,189,0.9629286848937253
497,416,0.9610904115204073
497,119,0.9593250470051754
596,119,0.0
596,20,0.0
596,399,0.0
596,476,0.0
596,264,0.0
596,200,0.0
596,189,0.0
596,362,0.0
596,17,0.0
596,16,0.0
628,125,1.0
628,19,1.0
628,476,1.0
628,190,1.0
628,17,1.0
628,284,1.0
628,77,1.0
628,416,0.9678934307600424
628,352,0.9658575628355204
628,824,0.9620129872629928
630,119,0.0
630,20,0.0
630,399,0.0
630,476,0.0
630,264,0.0
630,200,0.0
630,189,0.0
630,362,0.0
630,17,0.0
630,16,0.0
455,119,0.0
455,20,0.0
455,399,0.0
455,476,0.0
455,264,0.0
455,200,0.0
455,189,0.0
455,362,0.0
455,17,0.0
455,16,0.0
622,125,3.0
622,17,3.0
622,284,3.0
622,476,3.0
622,19,3.0
622,416,2.9578238381042534
622,190,2.930751493440347
622,352,2.878478291265945
622,824,2.8752010290225694
622,89,2.8449203465143746
580,119,0.0
580,20,0.0
580,399,0.0
580,476,0.0
580,264,0.0
580,200,0.0
580,189,0.0
580,362,0.0
580,17,0.0
580,16,0.0
530,125,1.0
530,19,1.0
530,476,1.0
530,77,1.0
530,17,1.0
530,284,1.0
530,400,1.0
530,824,0.9960532893488778
530,189,0.9789042405326593
530,89,0.9716160028034561
532,125,1.0
532,19,1.0
532,476,1.0
532,190,1.0
532,17,1.0
532,284,1.0
532,77,1.0
532,416,0.9678934307600424
532,352,0.9658575628355204
532,824,0.9620129872629928
503,119,0.0
503,20,0.0
503,399,0.0
503,476,0.0
503,264,0.0
503,200,0.0
503,189,0.0
503,362,0.0
503,17,0.0
503,16,0.0
652,119,0.0
652,20,0.0
652,399,0.0
652,476,0.0
652,264,0.0
652,200,0.0
652,189,0.0
652,362,0.0
652,17,0.0
652,16,0.0
456,119,0.0
456,20,0.0
456,399,0.0
456,476,0.0
456,264,0.0
456,200,0.0
456,189,0.0
456,362,0.0
456,17,0.0
456,16,0.0
457,119,0.0
457,20,0.0
457,399,0.0
457,476,0.0
457,264,0.0
457,200,0.0
457,189,0.0
457,362,0.0
457,17,0.0
457,16,0.0
468,119,0.0
468,20,0.0
468,399,0.0
468,476,0.0
468,264,0.0
468,200,0.0
468,189,0.0
468,362,0.0
468,17,0.0
468,16,0.0
647,119,0.0
647,20,0.0
647,399,0.0
647,476,0.0
647,264,0.0
647,200,0.0
647,189,0.0
647,362,0.0
647,17,0.0
647,16,0.0
490,119,0.0
490,20,0.0
490,399,0.0
490,476,0.0
490,264,0.0
490,200,0.0
490,189,0.0
490,362,0.0
490,17,0.0
490,16,0.0
559,190,1.0
559,125,1.0
559,476,1.0
559,17,1.0
559,19,1.0
559,134,0.9820125298456842
559,352,0.9757649336012654
559,189,0.9629286848937253
559,416,0.9610904115204073
559,119,0.9593250470051754
536,119,0.0
536,20,0.0
536,399,0.0
536,476,0.0
536,264,0.0
536,200,0.0
536,189,0.0
536,362,0.0
536,17,0.0
536,16,0.0
470,119,0.0
470,20,0.0
470,399,0.0
470,476,0.0
470,264,0.0
470,200,0.0
470,189,0.0
470,362,0.0
470,17,0.0
470,16,0.0
615,119,0.0
615,20,0.0
615,399,0.0
615,476,0.0
615,264,0.0
615,200,0.0
615,189,0.0
615,362,0.0
615,17,0.0
615,16,0.0
531,824,1.0
531,125,1.0
531,190,1.0
531,19,1.0
531,89,0.9971735767641742
531,134,0.9922778767136677
531,78,0.9848202248021413
531,352,0.9846627139887437
531,200,0.959435194348357
531,189,0.9542388281538583
563,119,0.0
563,20,0.0
563,399,0.0
563,476,0.0
563,264,0.0
563,200,0.0
563,189,0.0
563,362,0.0
563,17,0.0
563,16,0.0
480,119,0.0
480,20,0.0
480,399,0.0
480,476,0.0
480,264,0.0
480,200,0.0
480,189,0.0
480,362,0.0
480,17,0.0
480,16,0.0
636,119,0.0
636,20,0.0
636,399,0.0
636,476,0.0
636,264,0.0
636,200,0.0
636,189,0.0
636,362,0.0
636,17,0.0
636,16,0.0
467,119,0.0
467,20,0.0
467,399,0.0
467,476,0.0
467,264,0.0
467,200,0.0
467,189,0.0
467,362,0.0
467,17,0.0
467,16,0.0
567,119,0.0
567,20,0.0
567,399,0.0
567,476,0.0
567,264,0.0
567,200,0.0
567,189,0.0
567,362,0.0
567,17,0.0
567,16,0.0
537,119,0.0
537,20,0.0
537,399,0.0
537,476,0.0
537,264,0.0
537,200,0.0
537,189,0.0
537,362,0.0
537,17,0.0
537,16,0.0
543,119,0.0
543,20,0.0
543,399,0.0
543,476,0.0
543,264,0.0
543,200,0.0
543,189,0.0
543,362,0.0
543,17,0.0
543,16,0.0
666,17,10.0
666,284,10.0
666,190,10.0
666,476,10.0
666,125,10.0
666,19,10.0
666,78,9.781445384521739
666,89,9.771410116552177
666,134,9.59829365315915
666,264,9.530800330703219
670,824,1.0
670,125,1.0
670,190,1.0
670,19,1.0
670,89,0.9971735767641742
670,134,0.9922778767136677
670,78,0.9848202248021413
670,352,0.9846627139887437
670,200,0.959435194348357
670,189,0.9542388281538583
674,125,2.0
674,17,2.0
674,476,2.0
674,284,2.0
674,19,2.0
674,416,1.9613507971796778
674,190,1.9307514934403471
674,352,1.9218853475059188
674,78,1.9086030859179313
674,89,1.899307757598157
663,824,9.880389060621757
663,78,9.64059753575813
663,416,9.59831557821769
663,362,9.485344407365652
663,119,9.436452553568932
663,264,9.373367097724635
663,399,9.312361722427887
663,16,9.270595423483625
663,134,9.173613138362697
663,125,9.0
673,125,4.0
673,19,4.0
673,89,3.906932670248454
673,824,3.8942717982641586
673,190,3.8615029868806943
673,352,3.8547154325621675
673,78,3.825990737762972
673,134,3.79192836856158
673,189,3.7739115974333384
673,416,3.760459125221055
669,119,0.0
669,20,0.0
669,399,0.0
669,476,0.0
669,264,0.0
669,200,0.0
669,189,0.0
669,362,0.0
669,17,0.0
669,16,0.0
672,125,4.0
672,284,4.0
672,19,4.0
672,824,3.958066276611871
672,190,3.9151387518621212
672,416,3.876388091895153
672,352,3.854325933865553
672,89,3.8518678651425162
672,94,3.807431662940645
672,79,3.775309910077428
667,119,0.0
667,20,0.0
667,399,0.0
667,476,0.0
667,264,0.0
667,200,0.0
667,189,0.0
667,362,0.0
667,17,0.0
667,16,0.0
675,119,0.0
675,20,0.0
675,399,0.0
675,476,0.0
675,264,0.0
675,200,0.0
675,189,0.0
675,362,0.0
675,17,0.0
675,16,0.0
668,119,0.0
668,20,0.0
668,399,0.0
668,476,0.0
668,264,0.0
668,200,0.0
668,189,0.0
668,362,0.0
668,17,0.0
668,16,0.0
439,119,0.0
439,20,0.0
439,399,0.0
439,476,0.0
439,264,0.0
439,200,0.0
439,189,0.0
439,362,0.0
439,17,0.0
439,16,0.0
426,119,0.0
426,20,0.0
426,399,0.0
426,476,0.0
426,264,0.0
426,200,0.0
426,189,0.0
426,362,0.0
426,17,0.0
426,16,0.0
424,119,0.0
424,20,0.0
424,399,0.0
424,476,0.0
424,264,0.0
424,200,0.0
424,189,0.0
424,362,0.0
424,17,0.0
424,16,0.0
435,190,1.0
435,125,1.0
435,476,1.0
435,17,1.0
435,19,1.0
435,134,0.9820125298456842
435,352,0.9757649336012654
435,189,0.9629286848937253
435,416,0.9610904115204073
435,119,0.9593250470051754
433,119,0.0
433,20,0.0
433,399,0.0
433,476,0.0
433,264,0.0
433,200,0.0
433,189,0.0
433,362,0.0
433,17,0.0
433,16,0.0
432,119,0.0
432,20,0.0
432,399,0.0
432,476,0.0
432,264,0.0
432,200,0.0
432,189,0.0
432,362,0.0
432,17,0.0
432,16,0.0
443,119,0.0
443,20,0.0
443,399,0.0
443,476,0.0
443,264,0.0
443,200,0.0
443,189,0.0
443,362,0.0
443,17,0.0
443,16,0.0
440,119,0.0
440,20,0.0
440,399,0.0
440,476,0.0
440,264,0.0
440,200,0.0
440,189,0.0
440,362,0.0
440,17,0.0
440,16,0.0
415,284,2.0
415,125,2.0
415,19,2.0
415,190,1.984387258421774
415,824,1.9620129872629928
415,416,1.9467055970529188
415,352,1.9384642719556378
415,89,1.915488041101328
415,94,1.9094178812734541
415,119,1.8998261029447239
429,119,0.0
429,20,0.0
429,399,0.0
429,476,0.0
429,264,0.0
429,200,0.0
429,189,0.0
429,362,0.0
429,17,0.0
429,16,0.0
420,284,10.0
420,824,9.996053289348877
420,89,9.731031307896677
420,78,9.627316505873214
420,22,9.529273164379836
420,134,9.500291319090858
420,16,9.42019299425975
420,476,9.0
420,17,9.0
420,59,8.872916753760554
411,125,8.0
411,19,8.0
411,190,7.845890245302468
411,824,7.804599924574506
411,416,7.776414996733387
411,352,7.712960052422716
411,89,7.63807716510049
411,79,7.542841665315569
411,78,7.519917842870048
411,22,7.441908779271707
430,119,0.0
430,20,0.0
430,399,0.0
430,476,0.0
430,264,0.0
430,200,0.0
430,189,0.0
430,362,0.0
430,17,0.0
430,16,0.0
422,416,4.958883442197708
422,824,4.909241331108454
422,78,4.7816206107314585
422,352,4.755635679601107
422,94,4.699822036764289
422,79,4.678008784934438
422,189,4.661222637321156
422,310,4.600405512629138
422,362,4.5679178505617575
422,16,4.54898186832597
436,119,0.0
436,20,0.0
436,399,0.0
436,476,0.0
436,264,0.0
436,200,0.0
436,189,0.0
436,362,0.0
436,17,0.0
436,16,0.0
417,125,1.0
417,824,1.0
417,134,1.0
417,284,1.0
417,190,1.0
417,19,1.0
417,16,0.9938837346736189
417,78,0.9858435728860858
417,416,0.9847835588179368
417,79,0.9846627139887437
438,125,1.0
438,19,1.0
438,476,1.0
438,77,1.0
438,17,1.0
438,284,1.0
438,400,1.0
438,824,0.9960532893488778
438,189,0.9789042405326593
438,89,0.9716160028034561
442,119,0.0
442,20,0.0
442,399,0.0
442,476,0.0
442,264,0.0
442,200,0.0
442,189,0.0
442,362,0.0
442,17,0.0
442,16,0.0
431,119,0.0
431,20,0.0
431,399,0.0
431,476,0.0
431,264,0.0
431,200,0.0
431,189,0.0
431,362,0.0
431,17,0.0
431,16,0.0
419,119,0.0
419,20,0.0
419,399,0.0
419,476,0.0
419,264,0.0
419,200,0.0
419,189,0.0
419,362,0.0
419,17,0.0
419,16,0.0
441,125,3.0
441,17,3.0
441,476,3.0
441,190,3.0
441,284,3.0
441,19,3.0
441,824,2.962012987262993
441,416,2.9228468520515256
441,352,2.906270223092376
441,89,2.8611006300175457
414,89,1.0
414,284,1.0
414,125,1.0
414,824,1.0
414,19,1.0
414,190,0.984387258421774
414,119,0.9789042405326593
414,416,0.9788121662928764
414,352,0.9726067091201175
414,94,0.9629286848937253
410,119,0.0
410,20,0.0
410,399,0.0
410,476,0.0
410,264,0.0
410,200,0.0
410,189,0.0
410,362,0.0
410,17,0.0
410,16,0.0
423,119,0.0
423,20,0.0
423,399,0.0
423,476,0.0
423,264,0.0
423,200,0.0
423,189,0.0
423,362,0.0
423,17,0.0
423,16,0.0
418,119,0.0
418,20,0.0
418,399,0.0
418,476,0.0
418,264,0.0
418,200,0.0
418,189,0.0
418,362,0.0
418,17,0.0
418,16,0.0
412,119,0.0
412,20,0.0
412,399,0.0
412,476,0.0
412,264,0.0
412,200,0.0
412,189,0.0
412,362,0.0
412,17,0.0
412,16,0.0
428,119,0.0
428,20,0.0
428,399,0.0
428,476,0.0
428,264,0.0
428,200,0.0
428,189,0.0
428,362,0.0
428,17,0.0
428,16,0.0
437,119,0.0
437,20,0.0
437,399,0.0
437,476,0.0
437,264,0.0
437,200,0.0
437,189,0.0
437,362,0.0
437,17,0.0
437,16,0.0
434,119,0.0
434,20,0.0
434,399,0.0
434,476,0.0
434,264,0.0
434,200,0.0
434,189,0.0
434,362,0.0
434,17,0.0
434,16,0.0
413,119,0.0
413,20,0.0
413,399,0.0
413,476,0.0
413,264,0.0
413,200,0.0
413,189,0.0
413,362,0.0
413,17,0.0
413,16,0.0
44,125,10.0
44,284,10.0
44,476,10.0
44,17,10.0
44,824,10.0
44,19,10.0
44,190,9.984387258421775
44,416,9.888324338984715
44,89,9.719849128704219
44,78,9.643982458906796
57,352,7.754111731656322
57,416,7.748341694496102
57,79,7.668024003112558
57,189,7.548354784360386
57,22,7.493521363535275
57,287,7.487808042194756
57,310,7.486545570987005
57,362,7.402267205538929
57,255,7.400197557969269
57,16,7.397330336492782
38,125,8.0
38,19,8.0
38,190,7.915138751862121
38,824,7.876442349970635
38,352,7.714987246531551
38,416,7.652906334724987
38,89,7.646231019242643
38,79,7.55146800251072
38,22,7.487126503109296
38,78,7.470834188554934
45,125,7.0
45,19,7.0
45,824,6.894271798264159
45,190,6.861502986880694
45,352,6.729846292452246
45,416,6.703889993035397
45,89,6.670716189088955
45,78,6.656151431888644
45,189,6.572008019279466
45,94,6.564953293878189
28,125,2.0
28,284,2.0
28,19,2.0
28,824,1.9960532893488778
28,89,1.9716160028034562
28,416,1.9477652011463729
28,352,1.9421479242152648
28,94,1.9222537318989006
28,190,1.9151387518621212
28,79,1.8959649568603658
61,824,10.0
61,284,10.0
61,17,10.0
61,476,10.0
61,125,10.0
61,19,10.0
61,190,9.984387258421775
61,416,9.888324338984715
61,89,9.7626993312844
61,78,9.67309093836782
36,476,2.0
36,125,2.0
36,17,2.0
36,190,2.0
36,19,2.0
36,352,1.9416224964367856
36,416,1.9289838422804497
36,78,1.9071401215387664
36,824,1.8953585934660522
36,189,1.8879179438483529
54,119,0.0
54,20,0.0
54,399,0.0
54,476,0.0
54,264,0.0
54,200,0.0
54,189,0.0
54,362,0.0
54,17,0.0
54,16,0.0
47,119,0.0
47,20,0.0
47,399,0.0
47,476,0.0
47,264,0.0
47,200,0.0
47,189,0.0
47,362,0.0
47,17,0.0
47,16,0.0
29,119,0.0
29,20,0.0
29,399,0.0
29,476,0.0
29,264,0.0
29,200,0.0
29,189,0.0
29,362,0.0
29,17,0.0
29,16,0.0
26,119,0.0
26,20,0.0
26,399,0.0
26,476,0.0
26,264,0.0
26,200,0.0
26,189,0.0
26,362,0.0
26,17,0.0
26,16,0.0
33,125,6.0
33,284,6.0
33,19,6.0
33,824,5.856284785527151
33,190,5.845890245302469
33,89,5.787596938130619
33,352,5.778765447054535
33,416,5.71859649431761
33,78,5.659317049692959
33,79,5.645823115332011
46,125,2.0
46,190,2.0
46,17,2.0
46,476,2.0
46,19,2.0
46,352,1.9202486524091433
46,824,1.9183760733587638
46,79,1.911760626257837
46,78,1.9100619163298145
46,119,1.8848277375154248
21,824,6.909241331108454
21,416,6.8732216633367145
21,352,6.67859163261376
21,78,6.640044595493048
21,94,6.610566566018434
21,134,6.515264195016992
21,22,6.45412596659193
21,310,6.436966605593604
21,16,6.374786153832837
21,200,6.337166202458952
48,119,0.0
48,20,0.0
48,399,0.0
48,476,0.0
48,264,0.0
48,200,0.0
48,189,0.0
48,362,0.0
48,17,0.0
48,16,0.0
7,119,0.0
7,20,0.0
7,399,0.0
7,476,0.0
7,264,0.0
7,200,0.0
7,189,0.0
7,362,0.0
7,17,0.0
7,16,0.0
53,119,0.0
53,20,0.0
53,399,0.0
53,476,0.0
53,264,0.0
53,200,0.0
53,189,0.0
53,362,0.0
53,17,0.0
53,16,0.0
8,119,0.0
8,20,0.0
8,399,0.0
8,476,0.0
8,264,0.0
8,200,0.0
8,189,0.0
8,362,0.0
8,17,0.0
8,16,0.0
25,125,1.0
25,19,1.0
25,476,1.0
25,190,1.0
25,17,1.0
25,284,1.0
25,77,1.0
25,416,0.9678934307600424
25,352,0.9658575628355204
25,824,0.9620129872629928
35,125,10.0
35,19,10.0
35,824,9.95806627661187
35,190,9.915138751862122
35,416,9.783841032042831
35,352,9.76169718112391
35,89,9.726814948436466
35,78,9.511568663009609
35,16,9.369908772874908
35,200,9.15985311169362
19,119,0.0
19,20,0.0
19,399,0.0
19,476,0.0
19,264,0.0
19,200,0.0
19,189,0.0
19,362,0.0
19,17,0.0
19,16,0.0
69,125,1.0
69,824,1.0
69,19,1.0
69,284,1.0
69,190,1.0
69,17,1.0
69,476,1.0
69,77,1.0
69,416,0.9964730409245754
69,352,0.9565929437600262
20,125,2.0
20,19,2.0
20,284,2.0
20,17,2.0
20,476,2.0
20,400,2.0
20,416,1.9624104012731318
20,89,1.9554357193002851
20,352,1.9255689997655456
20,134,1.9151572259607206
23,119,0.0
23,20,0.0
23,399,0.0
23,476,0.0
23,264,0.0
23,200,0.0
23,189,0.0
23,362,0.0
23,17,0.0
23,16,0.0
56,119,0.0
56,20,0.0
56,399,0.0
56,476,0.0
56,264,0.0
56,200,0.0
56,189,0.0
56,362,0.0
56,17,0.0
56,16,0.0
14,119,0.0
14,20,0.0
14,399,0.0
14,476,0.0
14,264,0.0
14,200,0.0
14,189,0.0
14,362,0.0
14,17,0.0
14,16,0.0
37,119,0.0
37,20,0.0
37,399,0.0
37,476,0.0
37,264,0.0
37,200,0.0
37,189,0.0
37,362,0.0
37,17,0.0
37,16,0.0
34,119,0.0
34,20,0.0
34,399,0.0
34,476,0.0
34,264,0.0
34,200,0.0
34,189,0.0
34,362,0.0
34,17,0.0
34,16,0.0
58,119,0.0
58,20,0.0
58,399,0.0
58,476,0.0
58,264,0.0
58,200,0.0
58,189,0.0
58,362,0.0
58,17,0.0
58,16,0.0
4,125,1.0
4,824,1.0
4,19,1.0
4,284,1.0
4,190,1.0
4,17,1.0
4,476,1.0
4,77,1.0
4,416,0.9964730409245754
4,352,0.9565929437600262
24,119,0.0
24,20,0.0
24,399,0.0
24,476,0.0
24,264,0.0
24,200,0.0
24,189,0.0
24,362,0.0
24,17,0.0
24,16,0.0
70,119,0.0
70,20,0.0
70,399,0.0
70,476,0.0
70,264,0.0
70,200,0.0
70,189,0.0
70,362,0.0
70,17,0.0
70,16,0.0
40,119,0.0
40,20,0.0
40,399,0.0
40,476,0.0
40,264,0.0
40,200,0.0
40,189,0.0
40,362,0.0
40,17,0.0
40,16,0.0
6,119,0.0
6,20,0.0
6,399,0.0
6,476,0.0
6,264,0.0
6,200,0.0
6,189,0.0
6,362,0.0
6,17,0.0
6,16,0.0
39,119,0.0
39,20,0.0
39,399,0.0
39,476,0.0
39,264,0.0
39,200,0.0
39,189,0.0
39,362,0.0
39,17,0.0
39,16,0.0
41,119,0.0
41,20,0.0
41,399,0.0
41,476,0.0
41,264,0.0
41,200,0.0
41,189,0.0
41,362,0.0
41,17,0.0
41,16,0.0
66,125,7.0
66,19,7.0
66,416,6.8646311916871845
66,190,6.845890245302468
66,824,6.804599924574506
66,352,6.744680608687054
66,89,6.566784666697018
66,78,6.5623644922296736
66,134,6.555586909212844
66,79,6.5532481061501775
17,19,3.0
17,125,3.0
17,190,3.0
17,77,3.0
17,824,2.9850304671557044
17,352,2.839093625227225
17,78,2.830823612660095
17,416,2.8191556109228326
17,134,2.8078865462744544
17,362,2.794911189476835
43,119,0.0
43,20,0.0
43,399,0.0
43,476,0.0
43,264,0.0
43,200,0.0
43,189,0.0
43,362,0.0
43,17,0.0
43,16,0.0
11,119,0.0
11,20,0.0
11,399,0.0
11,476,0.0
11,264,0.0
11,200,0.0
11,189,0.0
11,362,0.0
11,17,0.0
11,16,0.0
10,824,7.943096743767575
10,416,7.682341628811288
10,352,7.616521859333678
10,78,7.565466281854614
10,79,7.488343576747307
10,94,7.4847686663932675
10,22,7.419994368740958
10,362,7.324583728075275
10,399,7.223641483813774
10,16,7.194529334803146
12,119,0.0
12,20,0.0
12,399,0.0
12,476,0.0
12,264,0.0
12,200,0.0
12,189,0.0
12,362,0.0
12,17,0.0
12,16,0.0
16,119,0.0
16,20,0.0
16,399,0.0
16,476,0.0
16,264,0.0
16,200,0.0
16,189,0.0
16,362,0.0
16,17,0.0
16,16,0.0
64,119,0.0
64,20,0.0
64,399,0.0
64,476,0.0
64,264,0.0
64,200,0.0
64,189,0.0
64,362,0.0
64,17,0.0
64,16,0.0
30,119,0.0
30,20,0.0
30,399,0.0
30,476,0.0
30,264,0.0
30,200,0.0
30,189,0.0
30,362,0.0
30,17,0.0
30,16,0.0
32,119,0.0
32,20,0.0
32,399,0.0
32,476,0.0
32,264,0.0
32,200,0.0
32,189,0.0
32,362,0.0
32,17,0.0
32,16,0.0
68,119,0.0
68,20,0.0
68,399,0.0
68,476,0.0
68,264,0.0
68,200,0.0
68,189,0.0
68,362,0.0
68,17,0.0
68,16,0.0
9,17,2.0
9,476,2.0
9,79,1.9517130710620247
9,352,1.944483718807878
9,255,1.9013659053115677
9,16,1.8779522840673957
9,94,1.8635717475220188
9,119,1.8580155520812736
9,189,1.8373775848684955
9,310,1.8306766266884957
27,119,0.0
27,20,0.0
27,399,0.0
27,476,0.0
27,264,0.0
27,200,0.0
27,189,0.0
27,362,0.0
27,17,0.0
27,16,0.0
50,78,1.0
50,189,1.0
50,362,1.0
50,400,1.0
50,79,0.9971735767641742
50,22,0.9859913975717165
50,399,0.9838197164968291
50,119,0.9716160028034561
50,310,0.9647638212377321
50,287,0.9623498035450118
31,119,0.0
31,20,0.0
31,399,0.0
31,476,0.0
31,264,0.0
31,200,0.0
31,189,0.0
31,362,0.0
31,17,0.0
31,16,0.0
2,119,0.0
2,20,0.0
2,399,0.0
2,476,0.0
2,264,0.0
2,200,0.0
2,189,0.0
2,362,0.0
2,17,0.0
2,16,0.0
42,119,0.0
42,20,0.0
42,399,0.0
42,476,0.0
42,264,0.0
42,200,0.0
42,189,0.0
42,362,0.0
42,17,0.0
42,16,0.0
49,119,0.0
49,20,0.0
49,399,0.0
49,476,0.0
49,264,0.0
49,200,0.0
49,189,0.0
49,362,0.0
49,17,0.0
49,16,0.0
51,119,0.0
51,20,0.0
51,399,0.0
51,476,0.0
51,264,0.0
51,200,0.0
51,189,0.0
51,362,0.0
51,17,0.0
51,16,0.0
15,119,0.0
15,20,0.0
15,399,0.0
15,476,0.0
15,264,0.0
15,200,0.0
15,189,0.0
15,362,0.0
15,17,0.0
15,16,0.0
688,119,0.0
688,20,0.0
688,399,0.0
688,476,0.0
688,264,0.0
688,200,0.0
688,189,0.0
688,362,0.0
688,17,0.0
688,16,0.0
678,119,0.0
678,20,0.0
678,399,0.0
678,476,0.0
678,264,0.0
678,200,0.0
678,189,0.0
678,362,0.0
678,17,0.0
678,16,0.0
739,89,1.0
739,284,1.0
739,125,1.0
739,824,1.0
739,19,1.0
739,190,0.984387258421774
739,119,0.9789042405326593
739,416,0.9788121662928764
739,352,0.9726067091201175
739,94,0.9629286848937253
679,125,1.0
679,824,1.0
679,19,1.0
679,284,1.0
679,190,1.0
679,17,1.0
679,476,1.0
679,77,1.0
679,416,0.9964730409245754
679,352,0.9565929437600262
687,119,0.0
687,20,0.0
687,399,0.0
687,476,0.0
687,264,0.0
687,200,0.0
687,189,0.0
687,362,0.0
687,17,0.0
687,16,0.0
729,77,5.0
729,824,4.943096743767575
729,352,4.8190783701993585
729,416,4.793793916556058
729,89,4.773031404576712
729,78,4.7343091712547904
729,79,4.720322018905566
729,189,4.686626956981085
729,94,4.670048475846372
729,310,4.6446498613451235
685,19,1.0
685,125,1.0
685,190,1.0
685,284,1.0
685,17,1.0
685,476,1.0
685,77,1.0
685,824,0.9850304671557042
685,79,0.959435194348357
685,78,0.95571174534112
726,19,1.0
726,476,1.0
726,125,1.0
726,17,1.0
726,284,1.0
726,400,1.0
726,416,0.9934573664196354
726,89,0.9838197164968291
726,134,0.982644364389696
726,352,0.9560277846703983
750,17,10.0
750,284,10.0
750,476,10.0
750,824,9.981083756504582
750,416,9.792431924707044
750,352,9.720479291808852
750,89,9.608580822787657
750,79,9.467882488709888
750,22,9.454994035214883
750,399,9.24664315592303
691,476,2.0
691,17,2.0
691,352,1.9696486682748842
691,416,1.9610904115204073
691,134,1.9610679822923054
691,824,1.9333456062030594
691,78,1.9216368732421865
691,22,1.900975914063776
691,255,1.8974396209239957
691,362,1.8842794484339276
712,119,0.0
712,20,0.0
712,399,0.0
712,476,0.0
712,264,0.0
712,200,0.0
712,189,0.0
712,362,0.0
712,17,0.0
712,16,0.0
701,119,0.0
701,20,0.0
701,399,0.0
701,476,0.0
701,264,0.0
701,200,0.0
701,189,0.0
701,362,0.0
701,17,0.0
701,16,0.0
690,119,0.0
690,20,0.0
690,399,0.0
690,476,0.0
690,264,0.0
690,200,0.0
690,189,0.0
690,362,0.0
690,17,0.0
690,16,0.0
677,119,0.0
677,20,0.0
677,399,0.0
677,476,0.0
677,264,0.0
677,200,0.0
677,189,0.0
677,362,0.0
677,17,0.0
677,16,0.0
727,824,9.789630391730212
727,352,9.677337491844973
727,416,9.640416365826754
727,78,9.484942777858464
727,79,9.424782588362687
727,362,9.341089498578661
727,264,9.28991673766367
727,255,9.209815730268755
727,134,9.084409459216833
727,89,8.632779347939984
699,119,0.0
699,20,0.0
699,399,0.0
699,476,0.0
699,264,0.0
699,200,0.0
699,189,0.0
699,362,0.0
699,17,0.0
699,16,0.0
707,476,2.0
707,17,2.0
707,284,2.0
707,416,1.9678934307600424
707,824,1.9620129872629928
707,352,1.9597412975091393
707,78,1.920076652803564
707,22,1.8880446675544067
707,255,1.874208060299014
707,79,1.8578217647764308
737,119,0.0
737,20,0.0
737,399,0.0
737,476,0.0
737,264,0.0
737,200,0.0
737,189,0.0
737,362,0.0
737,17,0.0
737,16,0.0
724,125,1.0
724,19,1.0
724,476,1.0
724,190,1.0
724,17,1.0
724,284,1.0
724,77,1.0
724,416,0.9678934307600424
724,352,0.9658575628355204
724,824,0.9620129872629928
705,125,5.0
705,190,5.0
705,19,5.0
705,824,4.895358593466052
705,352,4.853126610711029
705,416,4.812037283108619
705,78,4.781903862818146
705,189,4.7151553180451415
705,89,4.715051201326648
705,310,4.68294619785785
680,119,0.0
680,20,0.0
680,399,0.0
680,476,0.0
680,264,0.0
680,200,0.0
680,189,0.0
680,362,0.0
680,17,0.0
680,16,0.0
722,119,0.0
722,20,0.0
722,399,0.0
722,476,0.0
722,264,0.0
722,200,0.0
722,189,0.0
722,362,0.0
722,17,0.0
722,16,0.0
741,824,4.929398895551937
741,416,4.905328653591355
741,352,4.857108731277343
741,89,4.797647180291306
741,79,4.741223581241141
741,362,4.685991980239362
741,78,4.682638393916084
741,287,4.670304158220975
741,310,4.662800683119739
741,20,4.650293347027464
719,824,1.0
719,125,1.0
719,190,1.0
719,19,1.0
719,89,0.9971735767641742
719,134,0.9922778767136677
719,78,0.9848202248021413
719,352,0.9846627139887437
719,200,0.959435194348357
719,189,0.9542388281538583
752,119,0.0
752,20,0.0
752,399,0.0
752,476,0.0
752,264,0.0
752,200,0.0
752,189,0.0
752,362,0.0
752,17,0.0
752,16,0.0
714,824,7.895358593466052
714,416,7.80649595685783
714,78,7.649077629657716
714,189,7.522384909124488
714,89,7.510650166919617
714,362,7.501811110193913
714,119,7.488768127943524
714,16,7.469717123749306
714,287,7.459877699440477
714,134,7.435652964712929
742,352,9.664816582758766
742,79,9.396495231974221
742,94,9.35122893174216
742,189,9.269195663196296
742,22,9.203592475595721
742,287,9.106268622277886
742,17,9.0
742,476,9.0
742,824,8.856284785527151
742,416,8.70441286424749
730,119,0.0
730,20,0.0
730,399,0.0
730,476,0.0
730,264,0.0
730,200,0.0
730,189,0.0
730,362,0.0
730,17,0.0
730,16,0.0
713,17,3.0
713,476,3.0
713,284,3.0
713,824,3.0
713,416,2.954953421291483
713,352,2.9342963949304743
713,22,2.868260357760483
713,78,2.8082479544423564
713,310,2.8059209832760006
713,287,2.799574973819157
720,352,3.9200614919194114
720,94,3.8401522051400687
720,399,3.7848430323199076
720,189,3.780036349559147
720,310,3.739461859323981
720,16,3.71963718930778
720,264,3.702232554776357
720,255,3.6898726775025077
720,200,3.6376157734371217
720,22,3.587982623078908
693,119,0.0
693,20,0.0
693,399,0.0
693,476,0.0
693,264,0.0
693,200,0.0
693,189,0.0
693,362,0.0
693,17,0.0
693,16,0.0
695,77,3.0
695,824,2.996053289348878
695,416,2.9654260757780717
695,352,2.9087370885559602
695,89,2.90321998929139
695,189,2.846164135075964
695,94,2.8420000617903076
695,79,2.8346593211778033
695,362,2.8272954996100808
695,78,2.825807475363599
694,119,0.0
694,20,0.0
694,399,0.0
694,476,0.0
694,264,0.0
694,200,0.0
694,189,0.0
694,362,0.0
694,17,0.0
694,16,0.0
748,119,0.0
748,20,0.0
748,399,0.0
748,476,0.0
748,264,0.0
748,200,0.0
748,189,0.0
748,362,0.0
748,17,0.0
748,16,0.0
721,119,0.0
721,20,0.0
721,399,0.0
721,476,0.0
721,264,0.0
721,200,0.0
721,189,0.0
721,362,0.0
721,17,0.0
721,16,0.0
766,125,1.0
766,824,1.0
766,19,1.0
766,284,1.0
766,190,1.0
766,17,1.0
766,476,1.0
766,77,1.0
766,416,0.9964730409245754
766,352,0.9565929437600262
689,119,0.0
689,20,0.0
689,399,0.0
689,476,0.0
689,264,0.0
689,200,0.0
689,189,0.0
689,362,0.0
689,17,0.0
689,16,0.0
684,119,0.0
684,20,0.0
684,399,0.0
684,476,0.0
684,264,0.0
684,200,0.0
684,189,0.0
684,362,0.0
684,17,0.0
684,16,0.0
692,119,0.0
692,20,0.0
692,399,0.0
692,476,0.0
692,264,0.0
692,200,0.0
692,189,0.0
692,362,0.0
692,17,0.0
692,16,0.0
676,119,0.0
676,20,0.0
676,399,0.0
676,476,0.0
676,264,0.0
676,200,0.0
676,189,0.0
676,362,0.0
676,17,0.0
676,16,0.0
754,119,0.0
754,20,0.0
754,399,0.0
754,476,0.0
754,264,0.0
754,200,0.0
754,189,0.0
754,362,0.0
754,17,0.0
754,16,0.0
716,119,0.0
716,20,0.0
716,399,0.0
716,476,0.0
716,264,0.0
716,200,0.0
716,189,0.0
716,362,0.0
716,17,0.0
716,16,0.0
732,119,0.0
732,20,0.0
732,399,0.0
732,476,0.0
732,264,0.0
732,200,0.0
732,189,0.0
732,362,0.0
732,17,0.0
732,16,0.0
743,19,2.0
743,125,2.0
743,190,2.0
743,17,2.0
743,476,2.0
743,284,2.0
743,77,2.0
743,824,1.9850304671557042
743,79,1.910446056933136
743,352,1.9010766625679043
718,824,1.0
718,125,1.0
718,190,1.0
718,19,1.0
718,89,0.9971735767641742
718,134,0.9922778767136677
718,78,0.9848202248021413
718,352,0.9846627139887437
718,200,0.959435194348357
718,189,0.9542388281538583
725,119,0.0
725,20,0.0
725,399,0.0
725,476,0.0
725,264,0.0
725,200,0.0
725,189,0.0
725,362,0.0
725,17,0.0
725,16,0.0
749,119,0.0
749,20,0.0
749,399,0.0
749,476,0.0
749,264,0.0
749,200,0.0
749,189,0.0
749,362,0.0
749,17,0.0
749,16,0.0
683,119,0.0
683,20,0.0
683,399,0.0
683,476,0.0
683,264,0.0
683,200,0.0
683,189,0.0
683,362,0.0
683,17,0.0
683,16,0.0
755,119,0.0
755,20,0.0
755,399,0.0
755,476,0.0
755,264,0.0
755,200,0.0
755,189,0.0
755,362,0.0
755,17,0.0
755,16,0.0
682,119,0.0
682,20,0.0
682,399,0.0
682,476,0.0
682,264,0.0
682,200,0.0
682,189,0.0
682,362,0.0
682,17,0.0
682,16,0.0
740,125,1.0
740,824,1.0
740,19,1.0
740,284,1.0
740,190,1.0
740,17,1.0
740,476,1.0
740,77,1.0
740,416,0.9964730409245754
740,352,0.9565929437600262
733,119,0.0
733,20,0.0
733,399,0.0
733,476,0.0
733,264,0.0
733,200,0.0
733,189,0.0
733,362,0.0
733,17,0.0
733,16,0.0
709,119,0.0
709,20,0.0
709,399,0.0
709,476,0.0
709,264,0.0
709,200,0.0
709,189,0.0
709,362,0.0
709,17,0.0
709,16,0.0
702,119,0.0
702,20,0.0
702,399,0.0
702,476,0.0
702,264,0.0
702,200,0.0
702,189,0.0
702,362,0.0
702,17,0.0
702,16,0.0
708,824,1.0
708,125,1.0
708,190,1.0
708,19,1.0
708,89,0.9971735767641742
708,134,0.9922778767136677
708,78,0.9848202248021413
708,352,0.9846627139887437
708,200,0.959435194348357
708,189,0.9542388281538583
711,119,0.0
711,20,0.0
711,399,0.0
711,476,0.0
711,264,0.0
711,200,0.0
711,189,0.0
711,362,0.0
711,17,0.0
711,16,0.0
765,119,0.0
765,20,0.0
765,399,0.0
765,476,0.0
765,264,0.0
765,200,0.0
765,189,0.0
765,362,0.0
765,17,0.0
765,16,0.0
723,119,0.0
723,20,0.0
723,399,0.0
723,476,0.0
723,264,0.0
723,200,0.0
723,189,0.0
723,362,0.0
723,17,0.0
723,16,0.0
731,119,0.0
731,20,0.0
731,399,0.0
731,476,0.0
731,264,0.0
731,200,0.0
731,189,0.0
731,362,0.0
731,17,0.0
731,16,0.0
703,17,3.0
703,476,3.0
703,284,3.0
703,125,3.0
703,19,3.0
703,824,2.996053289348878
703,190,2.930751493440347
703,416,2.9239064561449797
703,89,2.917228591719674
703,352,2.9099538753520027
763,119,0.0
763,20,0.0
763,399,0.0
763,476,0.0
763,264,0.0
763,200,0.0
763,189,0.0
763,362,0.0
763,17,0.0
763,16,0.0
762,125,1.0
762,190,1.0
762,824,1.0
762,19,1.0
762,284,1.0
762,476,1.0
762,17,1.0
762,77,1.0
762,352,0.970248456525473
762,78,0.9628758386182656
761,119,0.0
761,20,0.0
761,399,0.0
761,476,0.0
761,264,0.0
761,200,0.0
761,189,0.0
761,362,0.0
761,17,0.0
761,16,0.0
199,125,10.0
199,19,10.0
199,824,9.981083756504582
199,190,9.845890245302467
199,416,9.80958243842421
199,89,9.733857731132503
199,79,9.539311824580361
199,94,9.50531655355852
199,22,9.50116511169405
199,255,9.262137194429066
206,119,0.0
206,20,0.0
206,399,0.0
206,476,0.0
206,264,0.0
206,200,0.0
206,189,0.0
206,362,0.0
206,17,0.0
206,16,0.0
103,125,1.0
103,19,1.0
103,824,1.0
103,190,1.0
103,284,1.0
103,476,1.0
103,17,1.0
103,77,1.0
103,362,0.9652721341875088
103,89,0.9647638212377321
286,824,2.0
286,125,2.0
286,190,2.0
286,19,2.0
286,89,1.942786165680392
286,352,1.94125565774877
286,416,1.9340473548545545
286,78,1.911887902661114
286,94,1.8985685934729917
286,189,1.8925221518226212
145,119,0.0
145,20,0.0
145,399,0.0
145,476,0.0
145,264,0.0
145,200,0.0
145,189,0.0
145,362,0.0
145,17,0.0
145,16,0.0
345,119,0.0
345,20,0.0
345,399,0.0
345,476,0.0
345,264,0.0
345,200,0.0
345,189,0.0
345,362,0.0
345,17,0.0
345,16,0.0
282,119,0.0
282,20,0.0
282,399,0.0
282,476,0.0
282,264,0.0
282,200,0.0
282,189,0.0
282,362,0.0
282,17,0.0
282,16,0.0
143,119,0.0
143,20,0.0
143,399,0.0
143,476,0.0
143,264,0.0
143,200,0.0
143,189,0.0
143,362,0.0
143,17,0.0
143,16,0.0
160,119,0.0
160,20,0.0
160,399,0.0
160,476,0.0
160,264,0.0
160,200,0.0
160,189,0.0
160,362,0.0
160,17,0.0
160,16,0.0
381,119,0.0
381,20,0.0
381,399,0.0
381,476,0.0
381,264,0.0
381,200,0.0
381,189,0.0
381,362,0.0
381,17,0.0
381,16,0.0
335,125,10.0
335,19,10.0
335,824,9.981083756504582
335,190,9.930751493440347
335,416,9.786880763754963
335,189,9.520740714375659
335,362,9.497923618441465
335,399,9.395836457828732
335,16,9.377734143530231
335,134,9.272680469276631
398,119,0.0
398,20,0.0
398,399,0.0
398,476,0.0
398,264,0.0
398,200,0.0
398,189,0.0
398,362,0.0
398,17,0.0
398,16,0.0
375,125,1.0
375,190,1.0
375,824,1.0
375,19,1.0
375,284,1.0
375,476,1.0
375,17,1.0
375,77,1.0
375,352,0.970248456525473
375,78,0.9628758386182656
91,125,4.0
91,19,4.0
91,190,3.930751493440347
91,416,3.925456462190341
91,824,3.9131880417595766
91,134,3.8471138403212306
91,352,3.845572902023748
91,78,3.8079182156774065
91,89,3.7824270085564926
91,94,3.7814236195517177
172,119,0.0
172,20,0.0
172,399,0.0
172,476,0.0
172,264,0.0
172,200,0.0
172,189,0.0
172,362,0.0
172,17,0.0
172,16,0.0
144,19,1.0
144,476,1.0
144,125,1.0
144,17,1.0
144,284,1.0
144,400,1.0
144,416,0.9934573664196354
144,89,0.9838197164968291
144,134,0.982644364389696
144,352,0.9560277846703983
405,119,0.0
405,20,0.0
405,399,0.0
405,476,0.0
405,264,0.0
405,200,0.0
405,189,0.0
405,362,0.0
405,17,0.0
405,16,0.0
133,119,0.0
133,20,0.0
133,399,0.0
133,476,0.0
133,264,0.0
133,200,0.0
133,189,0.0
133,362,0.0
133,17,0.0
133,16,0.0
329,78,2.9086030859179313
329,79,2.8758797375254668
329,352,2.8732577714551812
329,189,2.8502842247509546
329,310,2.8247315540533458
329,119,2.8173093344269717
329,22,2.817153367026629
329,264,2.796800052286287
329,362,2.7953310557519027
329,94,2.79184914778581
185,125,1.0
185,824,1.0
185,19,1.0
185,284,1.0
185,190,1.0
185,17,1.0
185,476,1.0
185,77,1.0
185,416,0.9964730409245754
185,352,0.9565929437600262
283,189,2.9078808114072014
283,352,2.9035165687451965
283,78,2.8987397975046263
283,362,2.8931297953835124
283,79,2.8808220353571983
283,310,2.8357493918780565
283,287,2.829079962076124
283,399,2.816252548450941
283,264,2.7979966444880966
283,94,2.790184091226712
355,78,5.783088853140171
355,189,5.759506664425892
355,22,5.667350032764986
355,362,5.6623004411313635
355,310,5.617196131728989
355,94,5.609644982755683
355,287,5.603352789649218
355,399,5.563137125898411
355,20,5.531072014988434
355,255,5.406798086814377
157,119,0.0
157,20,0.0
157,399,0.0
157,476,0.0
157,264,0.0
157,200,0.0
157,189,0.0
157,362,0.0
157,17,0.0
157,16,0.0
347,476,2.0
347,125,2.0
347,17,2.0
347,190,2.0
347,19,2.0
347,352,1.9416224964367856
347,416,1.9289838422804497
347,78,1.9071401215387664
347,824,1.8953585934660522
347,189,1.8879179438483529
115,119,0.0
115,20,0.0
115,399,0.0
115,476,0.0
115,264,0.0
115,200,0.0
115,189,0.0
115,362,0.0
115,17,0.0
115,16,0.0
385,119,0.0
385,20,0.0
385,399,0.0
385,476,0.0
385,264,0.0
385,200,0.0
385,189,0.0
385,362,0.0
385,17,0.0
385,16,0.0
291,125,1.0
291,19,1.0
291,476,1.0
291,77,1.0
291,17,1.0
291,284,1.0
291,400,1.0
291,824,0.9960532893488778
291,189,0.9789042405326593
291,89,0.9716160028034561
89,824,1.0
89,125,1.0
89,190,1.0
89,19,1.0
89,89,0.9971735767641742
89,134,0.9922778767136677
89,78,0.9848202248021413
89,352,0.9846627139887437
89,200,0.959435194348357
89,189,0.9542388281538583
288,19,2.0
288,125,2.0
288,824,2.0
288,190,2.0
288,77,2.0
288,416,1.9469578268897667
288,352,1.9185379161300524
288,78,1.903093016266699
288,16,1.8914569368187357
288,94,1.8745676753175227
148,19,1.0
148,125,1.0
148,190,1.0
148,284,1.0
148,17,1.0
148,476,1.0
148,77,1.0
148,824,0.9850304671557042
148,79,0.959435194348357
148,78,0.95571174534112
182,125,4.0
182,19,4.0
182,190,3.930751493440347
182,824,3.9131880417595766
182,89,3.8947155207552777
182,78,3.8893527716743517
182,416,3.8648213251411665
182,94,3.8216685355618716
182,134,3.7875382453262656
182,189,3.7868557254444695
237,19,1.0
237,125,1.0
237,190,1.0
237,284,1.0
237,17,1.0
237,476,1.0
237,77,1.0
237,824,0.9850304671557042
237,79,0.959435194348357
237,78,0.95571174534112
153,125,1.0
153,19,1.0
153,476,1.0
153,77,1.0
153,17,1.0
153,284,1.0
153,400,1.0
153,824,0.9960532893488778
153,189,0.9789042405326593
153,89,0.9716160028034561
359,125,1.0
359,19,1.0
359,476,1.0
359,190,1.0
359,17,1.0
359,284,1.0
359,77,1.0
359,416,0.9678934307600424
359,352,0.9658575628355204
359,824,0.9620129872629928
255,119,0.0
255,20,0.0
255,399,0.0
255,476,0.0
255,264,0.0
255,200,0.0
255,189,0.0
255,362,0.0
255,17,0.0
255,16,0.0
147,119,0.0
147,20,0.0
147,399,0.0
147,476,0.0
147,264,0.0
147,200,0.0
147,189,0.0
147,362,0.0
147,17,0.0
147,16,0.0
198,284,4.0
198,17,4.0
198,476,4.0
198,416,3.910356883153293
198,352,3.8860175387050107
198,824,3.8752010290225694
198,78,3.838765626789689
198,22,3.740195748223549
198,94,3.726174930548561
198,79,3.722017225520312
131,119,0.0
131,20,0.0
131,399,0.0
131,476,0.0
131,264,0.0
131,200,0.0
131,189,0.0
131,362,0.0
131,17,0.0
131,16,0.0
280,119,0.0
280,20,0.0
280,399,0.0
280,476,0.0
280,264,0.0
280,200,0.0
280,189,0.0
280,362,0.0
280,17,0.0
280,16,0.0
219,119,0.0
219,20,0.0
219,399,0.0
219,476,0.0
219,264,0.0
219,200,0.0
219,189,0.0
219,362,0.0
219,17,0.0
219,16,0.0
92,17,4.0
92,284,4.0
92,476,4.0
92,125,4.0
92,19,4.0
92,190,3.930751493440347
92,824,3.8602314961782738
92,352,3.8366175228392696
92,78,3.827190669877317
92,89,3.8159809353271634
391,119,0.0
391,20,0.0
391,399,0.0
391,476,0.0
391,264,0.0
391,200,0.0
391,189,0.0
391,362,0.0
391,17,0.0
391,16,0.0
366,125,3.0
366,190,3.0
366,824,3.0
366,19,3.0
366,352,2.911504114274243
366,89,2.9051359692254035
366,416,2.88305344082817
366,78,2.8747637412793794
366,94,2.841214003117953
366,189,2.827237374196788
119,125,1.0
119,190,1.0
119,824,1.0
119,19,1.0
119,284,1.0
119,476,1.0
119,17,1.0
119,77,1.0
119,352,0.970248456525473
119,78,0.9628758386182656
93,119,0.0
93,20,0.0
93,399,0.0
93,476,0.0
93,264,0.0
93,200,0.0
93,189,0.0
93,362,0.0
93,17,0.0
93,16,0.0
247,119,0.0
247,20,0.0
247,399,0.0
247,476,0.0
247,264,0.0
247,200,0.0
247,189,0.0
247,362,0.0
247,17,0.0
247,16,0.0
221,119,0.0
221,20,0.0
221,399,0.0
221,476,0.0
221,264,0.0
221,200,0.0
221,189,0.0
221,362,0.0
221,17,0.0
221,16,0.0
408,125,2.0
408,19,2.0
408,476,2.0
408,17,2.0
408,284,2.0
408,77,2.0
408,824,1.981083756504582
408,190,1.9307514934403471
408,89,1.9259393769874507
408,352,1.9140249339030253
350,119,0.0
350,20,0.0
350,399,0.0
350,476,0.0
350,264,0.0
350,200,0.0
350,189,0.0
350,362,0.0
350,17,0.0
350,16,0.0
406,125,1.0
406,824,1.0
406,134,1.0
406,284,1.0
406,190,1.0
406,19,1.0
406,16,0.9938837346736189
406,78,0.9858435728860858
406,416,0.9847835588179368
406,79,0.9846627139887437
121,125,4.0
121,19,4.0
121,352,3.8760892765898096
121,824,3.8712543183714474
121,89,3.8680973371657874
121,416,3.8678781459631533
121,190,3.8615029868806943
121,78,3.823068942971924
121,94,3.8090724357005494
121,189,3.783427293437472
212,824,3.0
212,190,3.0
212,125,3.0
212,19,3.0
212,134,2.91567115710093
212,416,2.896255514834868
212,352,2.8792726204080905
212,78,2.8599320921211167
212,94,2.8229364322440564
212,89,2.817758524381178
80,119,0.0
80,20,0.0
80,399,0.0
80,476,0.0
80,264,0.0
80,200,0.0
80,189,0.0
80,362,0.0
80,17,0.0
80,16,0.0
140,119,0.0
140,20,0.0
140,399,0.0
140,476,0.0
140,264,0.0
140,200,0.0
140,189,0.0
140,362,0.0
140,17,0.0
140,16,0.0
230,119,0.0
230,20,0.0
230,399,0.0
230,476,0.0
230,264,0.0
230,200,0.0
230,189,0.0
230,362,0.0
230,17,0.0
230,16,0.0
110,119,0.0
110,20,0.0
110,399,0.0
110,476,0.0
110,264,0.0
110,200,0.0
110,189,0.0
110,362,0.0
110,17,0.0
110,16,0.0
114,125,1.0
114,19,1.0
114,824,1.0
114,190,1.0
114,77,1.0
114,416,0.9979517409161514
114,134,0.9911384808395389
114,16,0.9655173552514342
114,352,0.9482894596045794
114,78,0.9402171776484334
111,19,1.0
111,476,1.0
111,125,1.0
111,17,1.0
111,284,1.0
111,400,1.0
111,416,0.9934573664196354
111,89,0.9838197164968291
111,134,0.982644364389696
111,352,0.9560277846703983
86,476,3.0
86,17,3.0
86,352,2.9355062311104048
86,416,2.9289838422804495
86,824,2.895358593466052
86,78,2.874426823792258
86,134,2.8253895145628762
86,22,2.8244765207760274
86,79,2.810147196685911
86,255,2.8061303259715755
203,284,4.0
203,17,4.0
203,476,4.0
203,125,4.0
203,19,4.0
203,190,3.930751493440347
203,824,3.8602314961782738
203,352,3.822962010073823
203,416,3.818298248122197
203,89,3.799243720698369
152,125,4.0
152,19,4.0
152,190,3.930751493440347
152,824,3.9144293627076414
152,352,3.8744525814930344
152,78,3.8245277733838074
152,89,3.8175401447515407
152,189,3.8115453165307365
152,134,3.791296534017568
152,264,3.753577977895396
211,119,0.0
211,20,0.0
211,399,0.0
211,476,0.0
211,264,0.0
211,200,0.0
211,189,0.0
211,362,0.0
211,17,0.0
211,16,0.0
253,119,0.0
253,20,0.0
253,399,0.0
253,476,0.0
253,264,0.0
253,200,0.0
253,189,0.0
253,362,0.0
253,17,0.0
253,16,0.0
141,119,0.0
141,20,0.0
141,399,0.0
141,476,0.0
141,264,0.0
141,200,0.0
141,189,0.0
141,362,0.0
141,17,0.0
141,16,0.0
300,119,0.0
300,20,0.0
300,399,0.0
300,476,0.0
300,264,0.0
300,200,0.0
300,189,0.0
300,362,0.0
300,17,0.0
300,16,0.0
409,125,2.0
409,190,2.0
409,19,2.0
409,824,1.9850304671557042
409,89,1.9514969509481688
409,78,1.9405319701432613
409,352,1.9291464327966217
409,134,1.8767711426008598
409,264,1.871558665087426
409,189,1.8697123911043518
407,119,0.0
407,20,0.0
407,399,0.0
407,476,0.0
407,264,0.0
407,200,0.0
407,189,0.0
407,362,0.0
407,17,0.0
407,16,0.0
372,119,0.0
372,20,0.0
372,399,0.0
372,476,0.0
372,264,0.0
372,200,0.0
372,189,0.0
372,362,0.0
372,17,0.0
372,16,0.0
174,824,1.0
174,416,1.0
174,77,1.0
174,362,0.9871083925909071
174,89,0.9859913975717165
174,352,0.9826029297007869
174,78,0.9690941652527747
174,16,0.9645440608421553
174,310,0.9542757041040064
174,287,0.9444897179264811
336,119,0.0
336,20,0.0
336,399,0.0
336,476,0.0
336,264,0.0
336,200,0.0
336,189,0.0
336,362,0.0
336,17,0.0
336,16,0.0
387,19,2.0
387,125,2.0
387,17,2.0
387,476,2.0
387,284,2.0
387,77,2.0
387,824,1.9580662766118706
387,416,1.936846465613539
387,352,1.9353987779306676
387,190,1.9307514934403471
175,119,0.0
175,20,0.0
175,399,0.0
175,476,0.0
175,264,0.0
175,200,0.0
175,189,0.0
175,362,0.0
175,17,0.0
175,16,0.0
88,119,0.0
88,20,0.0
88,399,0.0
88,476,0.0
88,264,0.0
88,200,0.0
88,189,0.0
88,362,0.0
88,17,0.0
88,16,0.0
107,119,0.0
107,20,0.0
107,399,0.0
107,476,0.0
107,264,0.0
107,200,0.0
107,189,0.0
107,362,0.0
107,17,0.0
107,16,0.0
281,824,2.0
281,125,2.0
281,190,2.0
281,19,2.0
281,89,1.942786165680392
281,352,1.94125565774877
281,416,1.9340473548545545
281,78,1.911887902661114
281,94,1.8985685934729917
281,189,1.8925221518226212
97,125,10.0
97,19,10.0
97,824,9.876442349970636
97,190,9.845890245302467
97,352,9.718733273821881
97,416,9.675996650105697
97,89,9.643961527132442
97,78,9.51208166417393
97,22,9.421474707437028
97,264,9.34169035934632
179,190,4.0
179,125,4.0
179,19,4.0
179,416,3.9234086241211763
179,824,3.895358593466052
179,352,3.846504899801391
179,78,3.7744249770461726
179,189,3.7512991433203133
179,310,3.736386887801202
179,119,3.7308258582428273
404,19,1.0
404,476,1.0
404,125,1.0
404,17,1.0
404,284,1.0
404,400,1.0
404,416,0.9934573664196354
404,89,0.9838197164968291
404,134,0.982644364389696
404,352,0.9560277846703983
267,119,0.0
267,20,0.0
267,399,0.0
267,476,0.0
267,264,0.0
267,200,0.0
267,189,0.0
267,362,0.0
267,17,0.0
267,16,0.0
270,119,0.0
270,20,0.0
270,399,0.0
270,476,0.0
270,264,0.0
270,200,0.0
270,189,0.0
270,362,0.0
270,17,0.0
270,16,0.0
229,125,1.0
229,19,1.0
229,824,1.0
229,190,1.0
229,77,1.0
229,416,0.9979517409161514
229,134,0.9911384808395389
229,16,0.9655173552514342
229,352,0.9482894596045794
229,78,0.9402171776484334
252,125,1.0
252,19,1.0
252,476,1.0
252,190,1.0
252,17,1.0
252,284,1.0
252,77,1.0
252,416,0.9678934307600424
252,352,0.9658575628355204
252,824,0.9620129872629928
163,824,1.0
163,125,1.0
163,190,1.0
163,19,1.0
163,89,0.9971735767641742
163,134,0.9922778767136677
163,78,0.9848202248021413
163,352,0.9846627139887437
163,200,0.959435194348357
163,189,0.9542388281538583
321,119,0.0
321,20,0.0
321,399,0.0
321,476,0.0
321,264,0.0
321,200,0.0
321,189,0.0
321,362,0.0
321,17,0.0
321,16,0.0
210,119,0.0
210,20,0.0
210,399,0.0
210,476,0.0
210,264,0.0
210,200,0.0
210,189,0.0
210,362,0.0
210,17,0.0
210,16,0.0
176,119,0.0
176,20,0.0
176,399,0.0
176,476,0.0
176,264,0.0
176,200,0.0
176,189,0.0
176,362,0.0
176,17,0.0
176,16,0.0
194,119,0.0
194,20,0.0
194,399,0.0
194,476,0.0
194,264,0.0
194,200,0.0
194,189,0.0
194,362,0.0
194,17,0.0
194,16,0.0
171,119,0.0
171,20,0.0
171,399,0.0
171,476,0.0
171,264,0.0
171,200,0.0
171,189,0.0
171,362,0.0
171,17,0.0
171,16,0.0
166,824,1.0
166,416,1.0
166,77,1.0
166,362,0.9871083925909071
166,89,0.9859913975717165
166,352,0.9826029297007869
166,78,0.9690941652527747
166,16,0.9645440608421553
166,310,0.9542757041040064
166,287,0.9444897179264811
277,190,2.0
277,824,2.0
277,284,2.0
277,125,2.0
277,19,2.0
277,78,1.9487194115043516
277,416,1.9337896447915521
277,362,1.93124174107795
277,22,1.9270926476272678
277,16,1.9198233162409206
218,119,0.0
218,20,0.0
218,399,0.0
218,476,0.0
218,264,0.0
218,200,0.0
218,189,0.0
218,362,0.0
218,17,0.0
218,16,0.0
402,79,1.9566087711125313
402,78,1.95571174534112
402,362,1.9249070140246842
402,189,1.9154735629504935
402,119,1.8971186933137054
402,22,1.89625180948754
402,352,1.8958561427571403
402,287,1.8729337214863842
402,264,1.8661603914188647
402,310,1.8631856483785043
360,189,2.904199206328986
360,79,2.891378362852568
360,78,2.885458767619711
360,352,2.876941423714808
360,22,2.8236178196771005
360,362,2.8159743951210037
360,94,2.8046849984112563
360,310,2.804061677187381
360,264,2.798183780961954
360,287,2.781279585528635
365,824,4.9810837565045825
365,352,4.840860842169968
365,134,4.7794779374580445
365,78,4.777681482297038
365,416,4.764953499717571
365,189,4.666951237140774
365,22,4.663766207887576
365,264,4.626946244229316
365,94,4.611239526381258
365,362,4.605378055693259
362,190,1.0
362,125,1.0
362,476,1.0
362,17,1.0
362,19,1.0
362,134,0.9820125298456842
362,352,0.9757649336012654
362,189,0.9629286848937253
362,416,0.9610904115204073
362,119,0.9593250470051754
363,125,1.0
363,19,1.0
363,824,1.0
363,190,1.0
363,284,1.0
363,476,1.0
363,17,1.0
363,77,1.0
363,362,0.9652721341875088
363,89,0.9647638212377321
196,119,0.0
196,20,0.0
196,399,0.0
196,476,0.0
196,264,0.0
196,200,0.0
196,189,0.0
196,362,0.0
196,17,0.0
196,16,0.0
388,119,0.0
388,20,0.0
388,399,0.0
388,476,0.0
388,264,0.0
388,200,0.0
388,189,0.0
388,362,0.0
388,17,0.0
388,16,0.0
390,125,4.0
390,19,4.0
390,824,3.958066276611871
390,190,3.930751493440347
390,352,3.8766544356794377
390,416,3.8708938204680936
390,89,3.829890209585176
390,94,3.8043828368578962
390,189,3.7964156513099083
390,78,3.794323485463037
223,119,0.0
223,20,0.0
223,399,0.0
223,476,0.0
223,264,0.0
223,200,0.0
223,189,0.0
223,362,0.0
223,17,0.0
223,16,0.0
301,119,0.0
301,20,0.0
301,399,0.0
301,476,0.0
301,264,0.0
301,200,0.0
301,189,0.0
301,362,0.0
301,17,0.0
301,16,0.0
73,119,0.0
73,20,0.0
73,399,0.0
73,476,0.0
73,264,0.0
73,200,0.0
73,189,0.0
73,362,0.0
73,17,0.0
73,16,0.0
315,824,5.83156411511834
315,416,5.7737033888628755
315,352,5.756729916384974
315,79,5.677417652313781
315,89,5.6531552292977425
315,22,5.594797843117244
315,119,5.570757503096175
315,264,5.550932987631263
315,287,5.550798725558622
315,362,5.546706210548403
306,824,2.0
306,284,2.0
306,77,2.0
306,89,1.9623498035450118
306,352,1.956092029411559
306,416,1.9490060859736151
306,22,1.9135838831792558
306,94,1.8969955806336558
306,79,1.8965370281641358
306,16,1.8932262838207936
312,416,3.940415193309402
312,824,3.9131880417595766
312,352,3.8604092736865363
312,89,3.801990646421112
312,94,3.7798506067123823
312,16,3.7776005589545814
312,22,3.7383195918022745
312,79,3.7242563795802823
312,20,3.7129889232703257
312,310,3.695835918453185
309,19,2.0
309,284,2.0
309,125,2.0
309,190,2.0
309,824,2.0
309,17,2.0
309,476,2.0
309,77,2.0
309,416,1.9454791268981908
309,352,1.9268414002854992
279,125,6.0
279,190,6.0
279,19,6.0
279,824,5.947043454418697
279,78,5.769109010056657
279,89,5.726319808459988
279,416,5.696204840424093
279,94,5.645027350775282
279,189,5.640306905222027
279,22,5.619383900469279
358,824,1.0
358,125,1.0
358,190,1.0
358,19,1.0
358,89,0.9971735767641742
358,134,0.9922778767136677
358,78,0.9848202248021413
358,352,0.9846627139887437
358,200,0.959435194348357
358,189,0.9542388281538583
233,119,0.0
233,20,0.0
233,399,0.0
233,476,0.0
233,264,0.0
233,200,0.0
233,189,0.0
233,362,0.0
233,17,0.0
233,16,0.0
348,119,0.0
348,20,0.0
348,399,0.0
348,476,0.0
348,264,0.0
348,200,0.0
348,189,0.0
348,362,0.0
348,17,0.0
348,16,0.0
227,119,0.0
227,20,0.0
227,399,0.0
227,476,0.0
227,264,0.0
227,200,0.0
227,189,0.0
227,362,0.0
227,17,0.0
227,16,0.0
273,476,2.0
273,17,2.0
273,352,1.9696486682748842
273,416,1.9610904115204073
273,134,1.9610679822923054
273,824,1.9333456062030594
273,78,1.9216368732421865
273,22,1.900975914063776
273,255,1.8974396209239957
273,362,1.8842794484339276
162,125,1.0
162,19,1.0
162,824,1.0
162,190,1.0
162,77,1.0
162,416,0.9979517409161514
162,134,0.9911384808395389
162,16,0.9655173552514342
162,352,0.9482894596045794
162,78,0.9402171776484334
106,125,5.0
106,17,5.0
106,284,5.0
106,476,5.0
106,19,5.0
106,77,5.0
106,824,4.943096743767575
106,190,4.930751493440347
106,352,4.796451400078786
106,89,4.768541042871522
169,119,0.0
169,20,0.0
169,399,0.0
169,476,0.0
169,264,0.0
169,200,0.0
169,189,0.0
169,362,0.0
169,17,0.0
169,16,0.0
302,119,0.0
302,20,0.0
302,399,0.0
302,476,0.0
302,264,0.0
302,200,0.0
302,189,0.0
302,362,0.0
302,17,0.0
302,16,0.0
310,119,0.0
310,20,0.0
310,399,0.0
310,476,0.0
310,264,0.0
310,200,0.0
310,189,0.0
310,362,0.0
310,17,0.0
310,16,0.0
298,119,0.0
298,20,0.0
298,399,0.0
298,476,0.0
298,264,0.0
298,200,0.0
298,189,0.0
298,362,0.0
298,17,0.0
298,16,0.0
274,78,1.0
274,189,1.0
274,362,1.0
274,400,1.0
274,79,0.9971735767641742
274,22,0.9859913975717165
274,399,0.9838197164968291
274,119,0.9716160028034561
274,310,0.9647638212377321
274,287,0.9623498035450118
340,19,2.0
340,476,2.0
340,17,2.0
340,284,2.0
340,125,2.0
340,77,2.0
340,824,1.9960532893488778
340,416,1.965426075778072
340,190,1.9307514934403471
340,352,1.9261341588551737
246,824,6.909241331108454
246,416,6.868618988160061
246,89,6.814153330570964
246,352,6.767177349452686
246,79,6.636792456561482
246,94,6.628617137492144
246,362,6.563836225037001
246,189,6.523918728465904
246,20,6.520492853318135
246,16,6.4975065367042095
342,119,0.0
342,20,0.0
342,399,0.0
342,476,0.0
342,264,0.0
342,200,0.0
342,189,0.0
342,362,0.0
342,17,0.0
342,16,0.0
292,190,1.0
292,125,1.0
292,476,1.0
292,17,1.0
292,19,1.0
292,134,0.9820125298456842
292,352,0.9757649336012654
292,189,0.9629286848937253
292,416,0.9610904115204073
292,119,0.9593250470051754
135,125,1.0
135,824,1.0
135,19,1.0
135,284,1.0
135,190,1.0
135,17,1.0
135,476,1.0
135,77,1.0
135,416,0.9964730409245754
135,352,0.9565929437600262
214,125,2.0
214,19,2.0
214,284,2.0
214,17,2.0
214,476,2.0
214,400,2.0
214,416,1.9624104012731318
214,89,1.9554357193002851
214,352,1.9255689997655456
214,134,1.9151572259607206
192,79,7.583331036297386
192,22,7.54702243011445
192,94,7.542775089256804
192,189,7.52346810328099
192,119,7.48931557120419
192,310,7.4821626500697125
192,362,7.479364116650955
192,200,7.293307063276933
192,416,6.889565223811958
192,824,6.875201029022569
278,125,4.0
278,190,4.0
278,19,4.0
278,824,3.947043454418697
278,352,3.8652524521576153
278,78,3.8561977593115984
278,89,3.8293347955945083
278,264,3.732164455326952
278,189,3.729416872433146
278,94,3.7230192556105046
319,824,1.0
319,125,1.0
319,190,1.0
319,19,1.0
319,89,0.9971735767641742
319,134,0.9922778767136677
319,78,0.9848202248021413
319,352,0.9846627139887437
319,200,0.959435194348357
319,189,0.9542388281538583
186,190,3.0
186,824,3.0
186,284,3.0
186,17,3.0
186,476,3.0
186,125,3.0
186,19,3.0
186,352,2.9106611167823284
186,89,2.9079623924612292
186,416,2.9039595072650983
234,119,0.0
234,20,0.0
234,399,0.0
234,476,0.0
234,264,0.0
234,200,0.0
234,189,0.0
234,362,0.0
234,17,0.0
234,16,0.0
330,119,0.0
330,20,0.0
330,399,0.0
330,476,0.0
330,264,0.0
330,200,0.0
330,189,0.0
330,362,0.0
330,17,0.0
330,16,0.0
378,119,0.0
378,20,0.0
378,399,0.0
378,476,0.0
378,264,0.0
378,200,0.0
378,189,0.0
378,362,0.0
378,17,0.0
378,16,0.0
394,119,0.0
394,20,0.0
394,399,0.0
394,476,0.0
394,264,0.0
394,200,0.0
394,189,0.0
394,362,0.0
394,17,0.0
394,16,0.0
295,119,0.0
295,20,0.0
295,399,0.0
295,476,0.0
295,264,0.0
295,200,0.0
295,189,0.0
295,362,0.0
295,17,0.0
295,16,0.0
241,119,0.0
241,20,0.0
241,399,0.0
241,476,0.0
241,264,0.0
241,200,0.0
241,189,0.0
241,362,0.0
241,17,0.0
241,16,0.0
132,78,1.0
132,189,1.0
132,362,1.0
132,400,1.0
132,79,0.9971735767641742
132,22,0.9859913975717165
132,399,0.9838197164968291
132,119,0.9716160028034561
132,310,0.9647638212377321
132,287,0.9623498035450118
222,119,0.0
222,20,0.0
222,399,0.0
222,476,0.0
222,264,0.0
222,200,0.0
222,189,0.0
222,362,0.0
222,17,0.0
222,16,0.0
224,119,0.0
224,20,0.0
224,399,0.0
224,476,0.0
224,264,0.0
224,200,0.0
224,189,0.0
224,362,0.0
224,17,0.0
224,16,0.0
303,119,0.0
303,20,0.0
303,399,0.0
303,476,0.0
303,264,0.0
303,200,0.0
303,189,0.0
303,362,0.0
303,17,0.0
303,16,0.0
217,119,0.0
217,20,0.0
217,399,0.0
217,476,0.0
217,264,0.0
217,200,0.0
217,189,0.0
217,362,0.0
217,17,0.0
217,16,0.0
293,119,0.0
293,20,0.0
293,399,0.0
293,476,0.0
293,264,0.0
293,200,0.0
293,189,0.0
293,362,0.0
293,17,0.0
293,16,0.0
240,125,3.0
240,17,3.0
240,476,3.0
240,284,3.0
240,19,3.0
240,190,2.930751493440347
240,416,2.9220802571684157
240,824,2.8752010290225694
240,352,2.8682057943206862
240,89,2.864071578835889
158,119,0.0
158,20,0.0
158,399,0.0
158,476,0.0
158,264,0.0
158,200,0.0
158,189,0.0
158,362,0.0
158,17,0.0
158,16,0.0
204,125,1.0
204,19,1.0
204,476,1.0
204,190,1.0
204,17,1.0
204,284,1.0
204,77,1.0
204,416,0.9678934307600424
204,352,0.9658575628355204
204,824,0.9620129872629928
294,190,2.0
294,125,2.0
294,17,2.0
294,476,2.0
294,19,2.0
294,416,1.9575634524449828
294,824,1.9333456062030594
294,352,1.9323578773612917
294,79,1.9033362944942591
294,189,1.9012120085624882
367,78,3.867701038028973
367,352,3.8486558663684307
367,189,3.817817117618948
367,310,3.778331980650463
367,119,3.7738897519658736
367,362,3.757505300145643
367,22,3.7521829945283143
367,94,3.743928544879072
367,20,3.7010565083863995
367,287,3.696969315956732
77,125,3.0
77,190,3.0
77,824,3.0
77,19,3.0
77,416,2.9188309136724913
77,78,2.8977314755471997
77,89,2.8941585896296544
77,94,2.874333527074257
77,134,2.873330995091996
77,189,2.8651288609427388
337,824,8.943096743767576
337,416,8.701481203434563
337,352,8.669780306030264
337,89,8.555966155738728
337,79,8.44521719094162
337,94,8.437655056814604
337,362,8.368900351421434
337,189,8.364184460377897
337,16,8.351152979080362
337,399,8.17043194039344
138,119,0.0
138,20,0.0
138,399,0.0
138,476,0.0
138,264,0.0
138,200,0.0
138,189,0.0
138,362,0.0
138,17,0.0
138,16,0.0
226,119,0.0
226,20,0.0
226,399,0.0
226,476,0.0
226,264,0.0
226,200,0.0
226,189,0.0
226,362,0.0
226,17,0.0
226,16,0.0
399,476,2.0
399,125,2.0
399,17,2.0
399,190,2.0
399,19,2.0
399,352,1.9416224964367856
399,416,1.9289838422804497
399,78,1.9071401215387664
399,824,1.8953585934660522
399,189,1.8879179438483529
243,125,1.0
243,19,1.0
243,476,1.0
243,77,1.0
243,17,1.0
243,284,1.0
243,400,1.0
243,824,0.9960532893488778
243,189,0.9789042405326593
243,89,0.9716160028034561
124,125,1.0
124,19,1.0
124,476,1.0
124,190,1.0
124,17,1.0
124,284,1.0
124,77,1.0
124,416,0.9678934307600424
124,352,0.9658575628355204
124,824,0.9620129872629928
126,125,1.0
126,19,1.0
126,476,1.0
126,190,1.0
126,17,1.0
126,284,1.0
126,77,1.0
126,416,0.9678934307600424
126,352,0.9658575628355204
126,824,0.9620129872629928
276,119,0.0
276,20,0.0
276,399,0.0
276,476,0.0
276,264,0.0
276,200,0.0
276,189,0.0
276,362,0.0
276,17,0.0
276,16,0.0
112,119,0.0
112,20,0.0
112,399,0.0
112,476,0.0
112,264,0.0
112,200,0.0
112,189,0.0
112,362,0.0
112,17,0.0
112,16,0.0
311,119,0.0
311,20,0.0
311,399,0.0
311,476,0.0
311,264,0.0
311,200,0.0
311,189,0.0
311,362,0.0
311,17,0.0
311,16,0.0
244,125,3.0
244,17,3.0
244,476,3.0
244,284,3.0
244,19,3.0
244,416,2.9303038320331742
244,352,2.891426562601066
244,824,2.871254318371447
244,89,2.870923760401613
244,190,2.8615029868806943
72,119,0.0
72,20,0.0
72,399,0.0
72,476,0.0
72,264,0.0
72,200,0.0
72,189,0.0
72,362,0.0
72,17,0.0
72,16,0.0
202,125,5.0
202,17,5.0
202,476,5.0
202,284,5.0
202,19,5.0
202,416,4.887506332946487
202,824,4.871254318371447
202,190,4.861502986880694
202,352,4.79433995317586
202,89,4.7813001705555624
122,119,0.0
122,20,0.0
122,399,0.0
122,476,0.0
122,264,0.0
122,200,0.0
122,189,0.0
122,362,0.0
122,17,0.0
122,16,0.0
81,119,0.0
81,20,0.0
81,399,0.0
81,476,0.0
81,264,0.0
81,200,0.0
81,189,0.0
81,362,0.0
81,17,0.0
81,16,0.0
261,284,3.0
261,77,3.0
261,824,2.9850304671557044
261,89,2.899935963100212
261,79,2.8952662817352772
261,352,2.88692023545399
261,416,2.8569474509425192
261,287,2.7996731242303725
261,22,2.795962481496019
261,119,2.7909244740065593
264,125,1.0
264,19,1.0
264,824,1.0
264,190,1.0
264,77,1.0
264,416,0.9979517409161514
264,134,0.9911384808395389
264,16,0.9655173552514342
264,352,0.9482894596045794
264,78,0.9402171776484334
102,119,0.0
102,20,0.0
102,399,0.0
102,476,0.0
102,264,0.0
102,200,0.0
102,189,0.0
102,362,0.0
102,17,0.0
102,16,0.0
232,119,0.0
232,20,0.0
232,399,0.0
232,476,0.0
232,264,0.0
232,200,0.0
232,189,0.0
232,362,0.0
232,17,0.0
232,16,0.0
263,125,1.0
263,19,1.0
263,476,1.0
263,190,1.0
263,17,1.0
263,284,1.0
263,77,1.0
263,416,0.9678934307600424
263,352,0.9658575628355204
263,824,0.9620129872629928
268,119,0.0
268,20,0.0
268,399,0.0
268,476,0.0
268,264,0.0
268,200,0.0
268,189,0.0
268,362,0.0
268,17,0.0
268,16,0.0
396,190,3.0
396,125,3.0
396,19,3.0
396,824,2.9850304671557044
396,78,2.926375543029347
396,89,2.9028693748974312
396,134,2.8767711426008598
396,189,2.8423191002244694
396,119,2.836770034311904
396,22,2.834785671503127
397,125,4.0
397,190,4.0
397,19,4.0
397,824,3.962012987262993
397,416,3.8867243444325337
397,78,3.8505214260972718
397,94,3.820822723453986
397,89,3.8096466307309824
397,189,3.7901181198973664
397,310,3.7746803602164505
129,119,0.0
129,20,0.0
129,399,0.0
129,476,0.0
129,264,0.0
129,200,0.0
129,189,0.0
129,362,0.0
129,17,0.0
129,16,0.0
333,352,5.788445537989051
333,78,5.760222508899091
333,189,5.731436580525774
333,94,5.645899001529209
333,22,5.626637771817518
333,362,5.61094872751937
333,310,5.610939396980934
333,20,5.548538097134263
333,200,5.499637436823188
333,255,5.362308473723076
369,824,1.0
369,125,1.0
369,190,1.0
369,19,1.0
369,89,0.9971735767641742
369,134,0.9922778767136677
369,78,0.9848202248021413
369,352,0.9846627139887437
369,200,0.959435194348357
369,189,0.9542388281538583
259,125,2.0
259,476,2.0
259,284,2.0
259,17,2.0
259,19,2.0
259,89,1.946169520041841
259,416,1.9424634523932507
259,190,1.9307514934403471
259,352,1.9262762411958714
259,78,1.918688973986125
161,19,3.0
161,125,3.0
161,190,3.0
161,77,3.0
161,824,2.9850304671557044
161,416,2.854899191858671
161,352,2.8493661221724835
161,78,2.822996600848526
161,79,2.785686750967396
161,16,2.78160903002653
403,125,5.0
403,19,5.0
403,824,4.871254318371447
403,89,4.868097337165787
403,190,4.861502986880694
403,352,4.8599089930866395
403,416,4.826358526330061
403,94,4.737020890113826
403,78,4.736962517301816
403,189,4.714175319653477
258,824,3.9850304671557044
258,352,3.860038822101988
258,78,3.8498433130444694
258,416,3.7960004648640746
258,89,3.7933094748991563
258,16,3.7605525091113887
258,362,3.73013405147091
258,310,3.7282706706575945
258,189,3.7237868377820913
258,119,3.7119966761606094
215,119,0.0
215,20,0.0
215,399,0.0
215,476,0.0
215,264,0.0
215,200,0.0
215,189,0.0
215,362,0.0
215,17,0.0
215,16,0.0
164,78,1.0
164,189,1.0
164,362,1.0
164,400,1.0
164,79,0.9971735767641742
164,22,0.9859913975717165
164,399,0.9838197164968291
164,119,0.9716160028034561
164,310,0.9647638212377321
164,287,0.9623498035450118
357,119,0.0
357,20,0.0
357,399,0.0
357,476,0.0
357,264,0.0
357,200,0.0
357,189,0.0
357,362,0.0
357,17,0.0
357,16,0.0
190,125,2.0
190,17,2.0
190,476,2.0
190,284,2.0
190,19,2.0
190,416,1.9613507971796778
190,190,1.9307514934403471
190,352,1.9218853475059188
190,78,1.9086030859179313
190,89,1.899307757598157
307,119,0.0
307,20,0.0
307,399,0.0
307,476,0.0
307,264,0.0
307,200,0.0
307,189,0.0
307,362,0.0
307,17,0.0
307,16,0.0
238,119,0.0
238,20,0.0
238,399,0.0
238,476,0.0
238,264,0.0
238,200,0.0
238,189,0.0
238,362,0.0
238,17,0.0
238,16,0.0
165,119,0.0
165,20,0.0
165,399,0.0
165,476,0.0
165,264,0.0
165,200,0.0
165,189,0.0
165,362,0.0
165,17,0.0
165,16,0.0
225,119,0.0
225,20,0.0
225,399,0.0
225,476,0.0
225,264,0.0
225,200,0.0
225,189,0.0
225,362,0.0
225,17,0.0
225,16,0.0
242,119,0.0
242,20,0.0
242,399,0.0
242,476,0.0
242,264,0.0
242,200,0.0
242,189,0.0
242,362,0.0
242,17,0.0
242,16,0.0
338,284,5.0
338,125,5.0
338,476,5.0
338,17,5.0
338,19,5.0
338,190,4.861502986880694
338,824,4.856284785527151
338,352,4.806158737934417
338,89,4.787596938130619
338,78,4.756836302129169
326,119,0.0
326,20,0.0
326,399,0.0
326,476,0.0
326,264,0.0
326,200,0.0
326,189,0.0
326,362,0.0
326,17,0.0
326,16,0.0
96,119,0.0
96,20,0.0
96,399,0.0
96,476,0.0
96,264,0.0
96,200,0.0
96,189,0.0
96,362,0.0
96,17,0.0
96,16,0.0
94,119,0.0
94,20,0.0
94,399,0.0
94,476,0.0
94,264,0.0
94,200,0.0
94,189,0.0
94,362,0.0
94,17,0.0
94,16,0.0
123,119,0.0
123,20,0.0
123,399,0.0
123,476,0.0
123,264,0.0
123,200,0.0
123,189,0.0
123,362,0.0
123,17,0.0
123,16,0.0
392,125,6.0
392,190,6.0
392,19,6.0
392,824,5.947043454418697
392,416,5.756582267410265
392,78,5.724505962902949
392,94,5.624624184538363
392,189,5.6111659528713655
392,16,5.609521521653748
392,79,5.60829377169754
343,125,2.0
343,190,2.0
343,284,2.0
343,19,2.0
343,824,1.9850304671557042
343,79,1.9440979083371008
343,78,1.9415553182272058
343,362,1.9087267305215132
343,89,1.905695798133257
343,119,1.8950439056053967
120,119,0.0
120,20,0.0
120,399,0.0
120,476,0.0
120,264,0.0
120,200,0.0
120,189,0.0
120,362,0.0
120,17,0.0
120,16,0.0
344,416,3.964366471684618
344,824,3.962012987262993
344,352,3.898937170969952
344,78,3.816238495915311
344,362,3.7629831542616303
344,79,3.750754957247726
344,310,3.7323042965947817
344,287,3.723202393500317
344,94,3.7152717752825675
344,255,3.6936989909224813
213,824,2.0
213,77,2.0
213,416,1.960729459988738
213,362,1.9523805267784158
213,89,1.9507552188094486
213,352,1.9289233765155545
213,78,1.9039888549233166
213,79,1.8950397797241725
213,94,1.875120587883636
213,16,1.8673301897689032
305,119,0.0
305,20,0.0
305,399,0.0
305,476,0.0
305,264,0.0
305,200,0.0
305,189,0.0
305,362,0.0
305,17,0.0
305,16,0.0
314,119,0.0
314,20,0.0
314,399,0.0
314,476,0.0
314,264,0.0
314,200,0.0
314,189,0.0
314,362,0.0
314,17,0.0
314,16,0.0
75,119,0.0
75,20,0.0
75,399,0.0
75,476,0.0
75,264,0.0
75,200,0.0
75,189,0.0
75,362,0.0
75,17,0.0
75,16,0.0
262,824,1.0
262,125,1.0
262,190,1.0
262,19,1.0
262,89,0.9971735767641742
262,134,0.9922778767136677
262,78,0.9848202248021413
262,352,0.9846627139887437
262,200,0.959435194348357
262,189,0.9542388281538583
216,119,0.0
216,20,0.0
216,399,0.0
216,476,0.0
216,264,0.0
216,200,0.0
216,189,0.0
216,362,0.0
216,17,0.0
216,16,0.0
220,119,0.0
220,20,0.0
220,399,0.0
220,476,0.0
220,264,0.0
220,200,0.0
220,189,0.0
220,362,0.0
220,17,0.0
220,16,0.0
377,125,1.0
377,19,1.0
377,476,1.0
377,190,1.0
377,17,1.0
377,284,1.0
377,77,1.0
377,416,0.9678934307600424
377,352,0.9658575628355204
377,824,0.9620129872629928
316,17,4.0
316,476,4.0
316,125,4.0
316,19,4.0
316,190,3.930751493440347
316,416,3.894409918058522
316,824,3.8914118828149302
316,352,3.8677566552919593
316,189,3.8051055080497753
316,79,3.771289926580173
209,19,1.0
209,476,1.0
209,125,1.0
209,17,1.0
209,284,1.0
209,400,1.0
209,416,0.9934573664196354
209,89,0.9838197164968291
209,134,0.982644364389696
209,352,0.9560277846703983
265,119,0.0
265,20,0.0
265,399,0.0
265,476,0.0
265,264,0.0
265,200,0.0
265,189,0.0
265,362,0.0
265,17,0.0
265,16,0.0
167,125,3.0
167,190,3.0
167,824,3.0
167,19,3.0
167,416,2.9188309136724913
167,78,2.8977314755471997
167,89,2.8941585896296544
167,94,2.874333527074257
167,134,2.873330995091996
167,189,2.8651288609427388
178,119,0.0
178,20,0.0
178,399,0.0
178,476,0.0
178,264,0.0
178,200,0.0
178,189,0.0
178,362,0.0
178,17,0.0
178,16,0.0
289,119,0.0
289,20,0.0
289,399,0.0
289,476,0.0
289,264,0.0
289,200,0.0
289,189,0.0
289,362,0.0
289,17,0.0
289,16,0.0
287,119,0.0
287,20,0.0
287,399,0.0
287,476,0.0
287,264,0.0
287,200,0.0
287,189,0.0
287,362,0.0
287,17,0.0
287,16,0.0
380,125,1.0
380,824,1.0
380,19,1.0
380,284,1.0
380,190,1.0
380,17,1.0
380,476,1.0
380,77,1.0
380,416,0.9964730409245754
380,352,0.9565929437600262
356,125,1.0
356,824,1.0
356,19,1.0
356,284,1.0
356,190,1.0
356,17,1.0
356,476,1.0
356,77,1.0
356,416,0.9964730409245754
356,352,0.9565929437600262
354,125,1.0
354,824,1.0
354,19,1.0
354,284,1.0
354,190,1.0
354,17,1.0
354,476,1.0
354,77,1.0
354,416,0.9964730409245754
354,352,0.9565929437600262
376,824,1.0
376,416,1.0
376,77,1.0
376,362,0.9871083925909071
376,89,0.9859913975717165
376,352,0.9826029297007869
376,78,0.9690941652527747
376,16,0.9645440608421553
376,310,0.9542757041040064
376,287,0.9444897179264811
346,119,0.0
346,20,0.0
346,399,0.0
346,476,0.0
346,264,0.0
346,200,0.0
346,189,0.0
346,362,0.0
346,17,0.0
346,16,0.0
101,119,0.0
101,20,0.0
101,399,0.0
101,476,0.0
101,264,0.0
101,200,0.0
101,189,0.0
101,362,0.0
101,17,0.0
101,16,0.0
109,119,0.0
109,20,0.0
109,399,0.0
109,476,0.0
109,264,0.0
109,200,0.0
109,189,0.0
109,362,0.0
109,17,0.0
109,16,0.0
191,125,1.0
191,824,1.0
191,19,1.0
191,284,1.0
191,190,1.0
191,17,1.0
191,476,1.0
191,77,1.0
191,416,0.9964730409245754
191,352,0.9565929437600262
184,824,1.0
184,416,1.0
184,77,1.0
184,362,0.9871083925909071
184,89,0.9859913975717165
184,352,0.9826029297007869
184,78,0.9690941652527747
184,16,0.9645440608421553
184,310,0.9542757041040064
184,287,0.9444897179264811
352,119,0.0
352,20,0.0
352,399,0.0
352,476,0.0
352,264,0.0
352,200,0.0
352,189,0.0
352,362,0.0
352,17,0.0
352,16,0.0
231,119,0.0
231,20,0.0
231,399,0.0
231,476,0.0
231,264,0.0
231,200,0.0
231,189,0.0
231,362,0.0
231,17,0.0
231,16,0.0
187,119,0.0
187,20,0.0
187,399,0.0
187,476,0.0
187,264,0.0
187,200,0.0
187,189,0.0
187,362,0.0
187,17,0.0
187,16,0.0
297,824,2.0
297,125,2.0
297,190,2.0
297,19,2.0
297,89,1.942786165680392
297,352,1.94125565774877
297,416,1.9340473548545545
297,78,1.911887902661114
297,94,1.8985685934729917
297,189,1.8925221518226212
228,125,2.0
228,190,2.0
228,19,2.0
228,824,1.9620129872629928
228,352,1.950520276824264
228,78,1.937610175352213
228,89,1.912661617865502
228,416,1.9054677446900214
228,94,1.8988146282892089
228,310,1.890497193239939
308,119,0.0
308,20,0.0
308,399,0.0
308,476,0.0
308,264,0.0
308,200,0.0
308,189,0.0
308,362,0.0
308,17,0.0
308,16,0.0
139,119,0.0
139,20,0.0
139,399,0.0
139,476,0.0
139,264,0.0
139,200,0.0
139,189,0.0
139,362,0.0
139,17,0.0
139,16,0.0
373,119,0.0
373,20,0.0
373,399,0.0
373,476,0.0
373,264,0.0
373,200,0.0
373,189,0.0
373,362,0.0
373,17,0.0
373,16,0.0
168,119,0.0
168,20,0.0
168,399,0.0
168,476,0.0
168,264,0.0
168,200,0.0
168,189,0.0
168,362,0.0
168,17,0.0
168,16,0.0
400,119,0.0
400,20,0.0
400,399,0.0
400,476,0.0
400,264,0.0
400,200,0.0
400,189,0.0
400,362,0.0
400,17,0.0
400,16,0.0
320,119,0.0
320,20,0.0
320,399,0.0
320,476,0.0
320,264,0.0
320,200,0.0
320,189,0.0
320,362,0.0
320,17,0.0
320,16,0.0
95,119,0.0
95,20,0.0
95,399,0.0
95,476,0.0
95,264,0.0
95,200,0.0
95,189,0.0
95,362,0.0
95,17,0.0
95,16,0.0
353,119,0.0
353,20,0.0
353,399,0.0
353,476,0.0
353,264,0.0
353,200,0.0
353,189,0.0
353,362,0.0
353,17,0.0
353,16,0.0
260,119,0.0
260,20,0.0
260,399,0.0
260,476,0.0
260,264,0.0
260,200,0.0
260,189,0.0
260,362,0.0
260,17,0.0
260,16,0.0
83,119,0.0
83,20,0.0
83,399,0.0
83,476,0.0
83,264,0.0
83,200,0.0
83,189,0.0
83,362,0.0
83,17,0.0
83,16,0.0
250,125,1.0
250,19,1.0
250,476,1.0
250,190,1.0
250,17,1.0
250,284,1.0
250,77,1.0
250,416,0.9678934307600424
250,352,0.9658575628355204
250,824,0.9620129872629928
395,125,1.0
395,19,1.0
395,476,1.0
395,190,1.0
395,17,1.0
395,284,1.0
395,77,1.0
395,416,0.9678934307600424
395,352,0.9658575628355204
395,824,0.9620129872629928
183,119,0.0
183,20,0.0
183,399,0.0
183,476,0.0
183,264,0.0
183,200,0.0
183,189,0.0
183,362,0.0
183,17,0.0
183,16,0.0
275,119,0.0
275,20,0.0
275,399,0.0
275,476,0.0
275,264,0.0
275,200,0.0
275,189,0.0
275,362,0.0
275,17,0.0
275,16,0.0
173,824,2.0
173,125,2.0
173,190,2.0
173,19,2.0
173,89,1.942786165680392
173,352,1.94125565774877
173,416,1.9340473548545545
173,78,1.911887902661114
173,94,1.8985685934729917
173,189,1.8925221518226212
272,119,0.0
272,20,0.0
272,399,0.0
272,476,0.0
272,264,0.0
272,200,0.0
272,189,0.0
272,362,0.0
272,17,0.0
272,16,0.0
304,119,0.0
304,20,0.0
304,399,0.0
304,476,0.0
304,264,0.0
304,200,0.0
304,189,0.0
304,362,0.0
304,17,0.0
304,16,0.0
318,119,0.0
318,20,0.0
318,399,0.0
318,476,0.0
318,264,0.0
318,200,0.0
318,189,0.0
318,362,0.0
318,17,0.0
318,16,0.0
125,125,1.0
125,19,1.0
125,476,1.0
125,190,1.0
125,17,1.0
125,284,1.0
125,77,1.0
125,416,0.9678934307600424
125,352,0.9658575628355204
125,824,0.9620129872629928
374,119,0.0
374,20,0.0
374,399,0.0
374,476,0.0
374,264,0.0
374,200,0.0
374,189,0.0
374,362,0.0
374,17,0.0
374,16,0.0
317,119,0.0
317,20,0.0
317,399,0.0
317,476,0.0
317,264,0.0
317,200,0.0
317,189,0.0
317,362,0.0
317,17,0.0
317,16,0.0
177,119,0.0
177,20,0.0
177,399,0.0
177,476,0.0
177,264,0.0
177,200,0.0
177,189,0.0
177,362,0.0
177,17,0.0
177,16,0.0
149,824,1.0
149,125,1.0
149,190,1.0
149,19,1.0
149,89,0.9971735767641742
149,134,0.9922778767136677
149,78,0.9848202248021413
149,352,0.9846627139887437
149,200,0.959435194348357
149,189,0.9542388281538583
327,119,0.0
327,20,0.0
327,399,0.0
327,476,0.0
327,264,0.0
327,200,0.0
327,189,0.0
327,362,0.0
327,17,0.0
327,16,0.0
207,125,1.0
207,824,1.0
207,19,1.0
207,284,1.0
207,190,1.0
207,17,1.0
207,476,1.0
207,77,1.0
207,416,0.9964730409245754
207,352,0.9565929437600262
361,119,0.0
361,20,0.0
361,399,0.0
361,476,0.0
361,264,0.0
361,200,0.0
361,189,0.0
361,362,0.0
361,17,0.0
361,16,0.0
339,119,0.0
339,20,0.0
339,399,0.0
339,476,0.0
339,264,0.0
339,200,0.0
339,189,0.0
339,362,0.0
339,17,0.0
339,16,0.0
351,119,0.0
351,20,0.0
351,399,0.0
351,476,0.0
351,264,0.0
351,200,0.0
351,189,0.0
351,362,0.0
351,17,0.0
351,16,0.0
266,119,0.0
266,20,0.0
266,399,0.0
266,476,0.0
266,264,0.0
266,200,0.0
266,189,0.0
266,362,0.0
266,17,0.0
266,16,0.0
386,119,0.0
386,20,0.0
386,399,0.0
386,476,0.0
386,264,0.0
386,200,0.0
386,189,0.0
386,362,0.0
386,17,0.0
386,16,0.0
285,78,2.937610175352213
285,352,2.9018927007735265
285,189,2.879228087108486
285,399,2.8612469152155895
285,310,2.855261014477671
285,22,2.8514143341704843
285,119,2.834263993922028
285,264,2.831015874069788
285,287,2.800626333242806
285,362,2.7987646670141806
127,119,0.0
127,20,0.0
127,399,0.0
127,476,0.0
127,264,0.0
127,200,0.0
127,189,0.0
127,362,0.0
127,17,0.0
127,16,0.0
341,125,1.0
341,19,1.0
341,476,1.0
341,190,1.0
341,17,1.0
341,284,1.0
341,77,1.0
341,416,0.9678934307600424
341,352,0.9658575628355204
341,824,0.9620129872629928
130,125,1.0
130,824,1.0
130,134,1.0
130,284,1.0
130,190,1.0
130,19,1.0
130,16,0.9938837346736189
130,78,0.9858435728860858
130,416,0.9847835588179368
130,79,0.9846627139887437
364,125,1.0
364,19,1.0
364,476,1.0
364,190,1.0
364,17,1.0
364,284,1.0
364,77,1.0
364,416,0.9678934307600424
364,352,0.9658575628355204
364,824,0.9620129872629928
331,119,0.0
331,20,0.0
331,399,0.0
331,476,0.0
331,264,0.0
331,200,0.0
331,189,0.0
331,362,0.0
331,17,0.0
331,16,0.0
332,119,0.0
332,20,0.0
332,399,0.0
332,476,0.0
332,264,0.0
332,200,0.0
332,189,0.0
332,362,0.0
332,17,0.0
332,16,0.0
389,119,0.0
389,20,0.0
389,399,0.0
389,476,0.0
389,264,0.0
389,200,0.0
389,189,0.0
389,362,0.0
389,17,0.0
389,16,0.0
146,119,0.0
146,20,0.0
146,399,0.0
146,476,0.0
146,264,0.0
146,200,0.0
146,189,0.0
146,362,0.0
146,17,0.0
146,16,0.0
328,119,0.0
328,20,0.0
328,399,0.0
328,476,0.0
328,264,0.0
328,200,0.0
328,189,0.0
328,362,0.0
328,17,0.0
328,16,0.0
322,119,0.0
322,20,0.0
322,399,0.0
322,476,0.0
322,264,0.0
322,200,0.0
322,189,0.0
322,362,0.0
322,17,0.0
322,16,0.0
181,119,0.0
181,20,0.0
181,399,0.0
181,476,0.0
181,264,0.0
181,200,0.0
181,189,0.0
181,362,0.0
181,17,0.0
181,16,0.0
299,125,1.0
299,190,1.0
299,824,1.0
299,19,1.0
299,284,1.0
299,476,1.0
299,17,1.0
299,77,1.0
299,352,0.970248456525473
299,78,0.9628758386182656
313,119,0.0
313,20,0.0
313,399,0.0
313,476,0.0
313,264,0.0
313,200,0.0
313,189,0.0
313,362,0.0
313,17,0.0
313,16,0.0
245,119,0.0
245,20,0.0
245,399,0.0
245,476,0.0
245,264,0.0
245,200,0.0
245,189,0.0
245,362,0.0
245,17,0.0
245,16,0.0
393,119,0.0
393,20,0.0
393,399,0.0
393,476,0.0
393,264,0.0
393,200,0.0
393,189,0.0
393,362,0.0
393,17,0.0
393,16,0.0
324,125,2.0
324,19,2.0
324,476,2.0
324,17,2.0
324,190,2.0
324,284,2.0
324,77,2.0
324,416,1.9643664716846179
324,824,1.9620129872629928
324,352,1.9224505065955466
74,119,0.0
74,20,0.0
74,399,0.0
74,476,0.0
74,264,0.0
74,200,0.0
74,189,0.0
74,362,0.0
74,17,0.0
74,16,0.0
195,119,0.0
195,20,0.0
195,399,0.0
195,476,0.0
195,264,0.0
195,200,0.0
195,189,0.0
195,362,0.0
195,17,0.0
195,16,0.0
239,119,0.0
239,20,0.0
239,399,0.0
239,476,0.0
239,264,0.0
239,200,0.0
239,189,0.0
239,362,0.0
239,17,0.0
239,16,0.0
334,119,0.0
334,20,0.0
334,399,0.0
334,476,0.0
334,264,0.0
334,200,0.0
334,189,0.0
334,362,0.0
334,17,0.0
334,16,0.0
118,22,1.9730997901626237
118,352,1.9351921404460914
118,189,1.9307480262160048
118,310,1.9300359554252409
118,78,1.9138935743298917
118,79,1.9105601803548504
118,287,1.9097718281261329
118,399,1.8937727088252274
118,264,1.879778293142786
118,200,1.8792303882086787
150,119,0.0
150,20,0.0
150,399,0.0
150,476,0.0
150,264,0.0
150,200,0.0
150,189,0.0
150,362,0.0
150,17,0.0
150,16,0.0
