448,125,10.0
448,415,10.0
448,19,10.0
448,284,9.965674528577994
448,190,9.884056462486583
448,416,9.715796082727115
448,352,9.70087119186735
448,824,9.547182882160529
448,78,9.512395381915393
448,79,9.473556203196704
444,119,0.0
444,20,0.0
444,399,0.0
444,476,0.0
444,264,0.0
444,200,0.0
444,189,0.0
444,362,0.0
444,17,0.0
444,16,0.0
450,190,2.0
450,125,2.0
450,17,2.0
450,476,2.0
450,19,2.0
450,284,1.995893206467704
450,416,1.933857447155148
450,352,1.9324848434520525
450,189,1.905162050607284
450,78,1.8987533811170296
445,119,0.0
445,20,0.0
445,399,0.0
445,476,0.0
445,264,0.0
445,200,0.0
445,189,0.0
445,362,0.0
445,17,0.0
445,16,0.0
446,119,0.0
446,20,0.0
446,399,0.0
446,476,0.0
446,264,0.0
446,200,0.0
446,189,0.0
446,362,0.0
446,17,0.0
446,16,0.0
447,125,5.0
447,17,5.0
447,476,5.0
447,415,5.0
447,19,5.0
447,284,4.9775034453966205
447,190,4.930751493440347
447,416,4.865133622307013
447,352,4.813925276752956
447,94,4.738305875422771
449,119,0.0
449,20,0.0
449,399,0.0
449,476,0.0
449,264,0.0
449,200,0.0
449,189,0.0
449,362,0.0
449,17,0.0
449,16,0.0
522,476,10.0
522,415,10.0
522,17,10.0
522,125,10.0
522,19,10.0
522,190,9.953304969046238
522,352,9.839887701480665
522,824,9.775252646543478
522,416,9.715796082727115
522,89,9.695043496601208
524,415,2.0
524,284,1.9897769411413226
524,416,1.9595689816501456
524,352,1.9441633230495312
524,78,1.9142256881069621
524,79,1.8962423358307026
524,22,1.8940853208694928
524,362,1.881242937885884
524,287,1.8757605004576645
524,134,1.8566908173275105
516,125,9.0
516,19,9.0
516,190,8.884056462486583
516,352,8.720181351081036
516,89,8.552751562651508
516,824,8.547182882160527
516,78,8.533315646006518
516,416,8.525966556231273
516,134,8.463722843691873
516,310,8.429529390759846
619,476,10.0
619,415,10.0
619,17,10.0
619,125,10.0
619,19,10.0
619,190,9.984387258421775
619,284,9.973396651864325
619,824,9.775252646543478
619,352,9.727018776922328
619,416,9.713747823643265
494,125,7.0
494,19,7.0
494,190,6.884056462486584
494,352,6.808326241810206
494,824,6.779199357194599
494,89,6.722953040341144
494,78,6.702841299579456
494,310,6.590674211965084
494,416,6.552216412746335
494,119,6.538896683923833
655,125,6.0
655,17,6.0
655,415,6.0
655,476,6.0
655,19,6.0
655,284,5.9727268366087065
655,190,5.884056462486584
655,352,5.8160149517250135
655,416,5.798693231417477
655,94,5.695961035551935
466,284,1.0
466,190,1.0
466,824,1.0
466,125,1.0
466,19,1.0
466,89,0.9966290479317014
466,78,0.9857731790450276
466,134,0.9831239992280216
466,352,0.9825937103324277
466,16,0.9607409930954094
523,415,1.0
523,476,1.0
523,125,1.0
523,17,1.0
523,19,1.0
523,77,1.0
523,284,0.9922778767136677
523,190,0.9689177106244632
523,416,0.9650054712111679
523,824,0.9620129872629928
620,284,9.96683580761187
620,352,9.72179358536549
620,22,9.447661994080082
620,264,9.281632651713013
620,255,9.13662089823707
620,200,9.11348682695907
620,16,9.090582498282842
620,125,9.0
620,19,9.0
620,190,8.884056462486583
570,119,0.0
570,20,0.0
570,399,0.0
570,476,0.0
570,264,0.0
570,200,0.0
570,189,0.0
570,362,0.0
570,17,0.0
570,16,0.0
544,125,8.0
544,19,8.0
544,284,7.9727268366087065
544,190,7.884056462486584
544,352,7.738741753239922
544,89,7.66235706281838
544,78,7.593098468358085
544,824,7.547182882160526
544,416,7.528014815315122
544,310,7.495563382507735
618,415,6.0
618,125,6.0
618,17,6.0
618,476,6.0
618,19,6.0
618,284,5.9686200430764105
618,190,5.899669204064811
618,352,5.75352897504816
618,89,5.733650627431775
618,78,5.686038044473356
640,17,4.0
640,476,4.0
640,125,4.0
640,19,4.0
640,284,3.984555753427335
640,190,3.968917710624463
640,824,3.876442349970634
640,352,3.8445023196168027
640,189,3.7943482849916403
640,78,3.793150541019656
487,119,0.0
487,20,0.0
487,399,0.0
487,476,0.0
487,264,0.0
487,200,0.0
487,189,0.0
487,362,0.0
487,17,0.0
487,16,0.0
610,119,0.0
610,20,0.0
610,399,0.0
610,476,0.0
610,264,0.0
610,200,0.0
610,189,0.0
610,362,0.0
610,17,0.0
610,16,0.0
492,125,5.0
492,476,5.0
492,17,5.0
492,19,5.0
492,284,4.980448959895039
492,190,4.915138751862122
492,416,4.8763986062262505
492,352,4.871912210389094
492,89,4.780349627475109
492,79,4.730879091380774
569,125,4.0
569,476,4.0
569,17,4.0
569,415,4.0
569,19,4.0
569,284,3.9881710831813715
569,190,3.9151387518621212
569,89,3.8716925326931
569,352,3.849531446409254
569,79,3.7861026662149158
518,119,0.0
518,20,0.0
518,399,0.0
518,476,0.0
518,264,0.0
518,200,0.0
518,189,0.0
518,362,0.0
518,17,0.0
518,16,0.0
481,119,0.0
481,20,0.0
481,399,0.0
481,476,0.0
481,264,0.0
481,200,0.0
481,189,0.0
481,362,0.0
481,17,0.0
481,16,0.0
624,119,0.0
624,20,0.0
624,399,0.0
624,476,0.0
624,264,0.0
624,200,0.0
624,189,0.0
624,362,0.0
624,17,0.0
624,16,0.0
514,119,0.0
514,20,0.0
514,399,0.0
514,476,0.0
514,264,0.0
514,200,0.0
514,189,0.0
514,362,0.0
514,17,0.0
514,16,0.0
592,119,0.0
592,20,0.0
592,399,0.0
592,476,0.0
592,264,0.0
592,200,0.0
592,189,0.0
592,362,0.0
592,17,0.0
592,16,0.0
454,190,1.0
454,19,1.0
454,476,1.0
454,415,1.0
454,17,1.0
454,125,1.0
454,77,1.0
454,824,0.9960532893488778
454,284,0.9922778767136677
454,416,0.9847835588179368
486,119,0.0
486,20,0.0
486,399,0.0
486,476,0.0
486,264,0.0
486,200,0.0
486,189,0.0
486,362,0.0
486,17,0.0
486,16,0.0
560,119,0.0
560,20,0.0
560,399,0.0
560,476,0.0
560,264,0.0
560,200,0.0
560,189,0.0
560,362,0.0
560,17,0.0
560,16,0.0
489,125,3.0
489,415,3.0
489,19,3.0
489,190,2.968917710624463
489,416,2.962957212127319
489,352,2.8572292163995563
489,134,2.8409667914041608
489,78,2.8353533159989026
489,94,2.815501370556004
489,189,2.802326416951616
477,125,2.0
477,476,2.0
477,17,2.0
477,415,2.0
477,19,2.0
477,284,1.9922778767136677
477,190,1.984387258421774
477,824,1.9816755441621443
477,89,1.9698668689170864
477,352,1.9632403067530884
612,119,0.0
612,20,0.0
612,399,0.0
612,476,0.0
612,264,0.0
612,200,0.0
612,189,0.0
612,362,0.0
612,17,0.0
612,16,0.0
451,125,9.0
451,19,9.0
451,284,8.965674528577992
451,190,8.884056462486583
451,89,8.695043496601208
451,352,8.65074126927002
451,78,8.544872939544904
451,94,8.5074262182047
451,416,8.496540735614756
451,22,8.37689076105121
639,125,2.0
639,19,2.0
639,415,2.0
639,190,2.0
639,77,2.0
639,824,1.9960532893488778
639,416,1.9827352997340881
639,352,1.9595008298633756
639,134,1.9236513424105635
639,189,1.9005507646609352
654,125,5.0
654,19,5.0
654,284,4.9881710831813715
654,190,4.930751493440347
654,352,4.829151337086996
654,78,4.783653549133509
654,89,4.762748771624717
654,134,4.738455462898242
654,189,4.715206200914854
654,310,4.700963023470443
607,125,3.0
607,17,3.0
607,476,3.0
607,415,3.0
607,19,3.0
607,284,2.9881710831813715
607,190,2.930751493440347
607,89,2.8716925326931
607,352,2.864352371678428
607,78,2.8460659748249215
471,284,1.0
471,190,1.0
471,125,1.0
471,476,1.0
471,17,1.0
471,19,1.0
471,352,0.9822052550761403
471,416,0.9742884655050025
471,189,0.9723367942782885
471,134,0.9626509401538988
657,125,4.0
657,17,4.0
657,476,4.0
657,19,4.0
657,284,3.9768336301410034
657,416,3.913280957887978
657,190,3.89966920406481
657,352,3.8828036566821926
657,189,3.8149540077772732
657,824,3.804599924574507
632,119,0.0
632,20,0.0
632,399,0.0
632,476,0.0
632,264,0.0
632,200,0.0
632,189,0.0
632,362,0.0
632,17,0.0
632,16,0.0
578,125,5.0
578,19,5.0
578,416,4.897051536969336
578,119,4.792510117568167
578,79,4.7807964949230675
578,310,4.773254906519423
578,22,4.757663869456309
578,287,4.687960155150573
578,264,4.678719188100391
578,362,4.660906322423571
660,190,2.0
660,125,2.0
660,476,2.0
660,17,2.0
660,415,2.0
660,19,2.0
660,77,2.0
660,284,1.9881710831813715
660,416,1.9443525404680821
660,352,1.9283408203981744
519,119,0.0
519,20,0.0
519,399,0.0
519,476,0.0
519,264,0.0
519,200,0.0
519,189,0.0
519,362,0.0
519,17,0.0
519,16,0.0
588,125,2.0
588,19,2.0
588,284,1.9922778767136677
588,190,1.968917710624463
588,824,1.9620129872629928
588,78,1.9453266757303231
588,352,1.9289438197322648
588,89,1.926370470208278
588,416,1.896583090696228
588,310,1.8933650304793117
605,415,1.0
605,476,1.0
605,125,1.0
605,17,1.0
605,19,1.0
605,77,1.0
605,284,0.9922778767136677
605,190,0.9689177106244632
605,416,0.9650054712111679
605,824,0.9620129872629928
540,119,0.0
540,20,0.0
540,399,0.0
540,476,0.0
540,264,0.0
540,200,0.0
540,189,0.0
540,362,0.0
540,17,0.0
540,16,0.0
653,119,0.0
653,20,0.0
653,399,0.0
653,476,0.0
653,264,0.0
653,200,0.0
653,189,0.0
653,362,0.0
653,17,0.0
653,16,0.0
535,119,0.0
535,20,0.0
535,399,0.0
535,476,0.0
535,264,0.0
535,200,0.0
535,189,0.0
535,362,0.0
535,17,0.0
535,16,0.0
484,19,2.0
484,415,2.0
484,17,2.0
484,476,2.0
484,125,2.0
484,77,2.0
484,284,1.9845557534273355
484,190,1.968917710624463
484,824,1.9580662766118706
484,416,1.9497890300291045
566,125,4.0
566,190,4.0
566,19,4.0
566,284,3.9922778767136675
566,824,3.9144293627076414
566,352,3.8807459205493933
566,78,3.819370223379388
566,89,3.8165600729836964
566,189,3.809146104151285
566,134,3.8072708417012415
591,125,2.0
591,415,2.0
591,17,2.0
591,476,2.0
591,19,2.0
591,284,1.9845557534273355
591,416,1.9739870211718076
591,352,1.954248292206215
591,89,1.9358046072241235
591,190,1.9307514934403471
611,59,1.0
611,89,1.0
611,77,1.0
611,352,0.9970544855015816
611,284,0.9970544855015816
611,79,0.9857731790450276
611,200,0.9693703008928667
611,22,0.9690941652527747
611,287,0.9680062247852037
611,16,0.967286702253492
525,190,4.0
525,17,4.0
525,476,4.0
525,125,4.0
525,19,4.0
525,284,3.9881710831813715
525,352,3.8484317985928778
525,189,3.791592310320266
525,79,3.780996834590561
525,78,3.7805360301878306
635,19,2.0
635,415,2.0
635,17,2.0
635,476,2.0
635,125,2.0
635,77,2.0
635,284,1.9845557534273355
635,190,1.968917710624463
635,824,1.9580662766118706
635,416,1.9497890300291045
609,119,0.0
609,20,0.0
609,399,0.0
609,476,0.0
609,264,0.0
609,200,0.0
609,189,0.0
609,362,0.0
609,17,0.0
609,16,0.0
483,125,2.0
483,476,2.0
483,17,2.0
483,415,2.0
483,19,2.0
483,284,1.9922778767136677
483,190,1.984387258421774
483,824,1.9816755441621443
483,89,1.9698668689170864
483,352,1.9632403067530884
458,119,0.0
458,20,0.0
458,399,0.0
458,476,0.0
458,264,0.0
458,200,0.0
458,189,0.0
458,362,0.0
458,17,0.0
458,16,0.0
496,119,0.0
496,20,0.0
496,399,0.0
496,476,0.0
496,264,0.0
496,200,0.0
496,189,0.0
496,362,0.0
496,17,0.0
496,16,0.0
642,415,3.0
642,125,3.0
642,19,3.0
642,77,3.0
642,190,2.968917710624463
642,824,2.962012987262993
642,416,2.931511350026615
642,352,2.9257150162094088
642,78,2.8688648395865037
642,16,2.832107590957047
526,119,0.0
526,20,0.0
526,399,0.0
526,476,0.0
526,264,0.0
526,200,0.0
526,189,0.0
526,362,0.0
526,17,0.0
526,16,0.0
459,119,0.0
459,20,0.0
459,399,0.0
459,476,0.0
459,264,0.0
459,200,0.0
459,189,0.0
459,362,0.0
459,17,0.0
459,16,0.0
616,119,0.0
616,20,0.0
616,399,0.0
616,476,0.0
616,264,0.0
616,200,0.0
616,189,0.0
616,362,0.0
616,17,0.0
616,16,0.0
641,119,0.0
641,20,0.0
641,399,0.0
641,476,0.0
641,264,0.0
641,200,0.0
641,189,0.0
641,362,0.0
641,17,0.0
641,16,0.0
478,190,2.0
478,19,2.0
478,476,2.0
478,17,2.0
478,415,2.0
478,125,2.0
478,77,2.0
478,284,1.9922778767136677
478,824,1.981083756504582
478,89,1.9255038340520796
493,119,0.0
493,20,0.0
493,399,0.0
493,476,0.0
493,264,0.0
493,200,0.0
493,189,0.0
493,362,0.0
493,17,0.0
493,16,0.0
553,119,0.0
553,20,0.0
553,399,0.0
553,476,0.0
553,264,0.0
553,200,0.0
553,189,0.0
553,362,0.0
553,17,0.0
553,16,0.0
601,119,0.0
601,20,0.0
601,399,0.0
601,476,0.0
601,264,0.0
601,200,0.0
601,189,0.0
601,362,0.0
601,17,0.0
601,16,0.0
583,119,0.0
583,20,0.0
583,399,0.0
583,476,0.0
583,264,0.0
583,200,0.0
583,189,0.0
583,362,0.0
583,17,0.0
583,16,0.0
617,415,5.0
617,284,4.974332694568658
617,824,4.943096743767575
617,352,4.820946061161914
617,78,4.776629072794792
617,79,4.709030694069601
617,22,4.659751951134123
617,416,4.647636534226384
617,255,4.618668903590358
617,264,4.608131949917055
576,119,0.0
576,20,0.0
576,399,0.0
576,476,0.0
576,264,0.0
576,200,0.0
576,189,0.0
576,362,0.0
576,17,0.0
576,16,0.0
464,119,0.0
464,20,0.0
464,399,0.0
464,476,0.0
464,264,0.0
464,200,0.0
464,189,0.0
464,362,0.0
464,17,0.0
464,16,0.0
474,476,2.0
474,125,2.0
474,17,2.0
474,19,2.0
474,284,1.9922778767136677
474,416,1.9634919278588732
474,352,1.958392315260093
474,134,1.945295304543595
474,190,1.9307514934403471
474,189,1.912472205744883
662,119,0.0
662,20,0.0
662,399,0.0
662,476,0.0
662,264,0.0
662,200,0.0
662,189,0.0
662,362,0.0
662,17,0.0
662,16,0.0
627,119,0.0
627,20,0.0
627,399,0.0
627,476,0.0
627,264,0.0
627,200,0.0
627,189,0.0
627,362,0.0
627,17,0.0
627,16,0.0
561,119,0.0
561,20,0.0
561,399,0.0
561,476,0.0
561,264,0.0
561,200,0.0
561,189,0.0
561,362,0.0
561,17,0.0
561,16,0.0
557,119,0.0
557,20,0.0
557,399,0.0
557,476,0.0
557,264,0.0
557,200,0.0
557,189,0.0
557,362,0.0
557,17,0.0
557,16,0.0
634,119,0.0
634,20,0.0
634,399,0.0
634,476,0.0
634,264,0.0
634,200,0.0
634,189,0.0
634,362,0.0
634,17,0.0
634,16,0.0
606,119,0.0
606,20,0.0
606,399,0.0
606,476,0.0
606,264,0.0
606,200,0.0
606,189,0.0
606,362,0.0
606,17,0.0
606,16,0.0
638,119,0.0
638,20,0.0
638,399,0.0
638,476,0.0
638,264,0.0
638,200,0.0
638,189,0.0
638,362,0.0
638,17,0.0
638,16,0.0
565,119,0.0
565,20,0.0
565,399,0.0
565,476,0.0
565,264,0.0
565,200,0.0
565,189,0.0
565,362,0.0
565,17,0.0
565,16,0.0
633,119,0.0
633,20,0.0
633,399,0.0
633,476,0.0
633,264,0.0
633,200,0.0
633,189,0.0
633,362,0.0
633,17,0.0
633,16,0.0
556,284,1.0
556,190,1.0
556,824,1.0
556,125,1.0
556,19,1.0
556,89,0.9966290479317014
556,78,0.9857731790450276
556,134,0.9831239992280216
556,352,0.9825937103324277
556,16,0.9607409930954094
452,119,0.0
452,20,0.0
452,399,0.0
452,476,0.0
452,264,0.0
452,200,0.0
452,189,0.0
452,362,0.0
452,17,0.0
452,16,0.0
650,125,8.0
650,19,8.0
650,190,7.953304969046237
650,352,7.741358467576878
650,824,7.633994840400951
650,416,7.536763093877402
650,78,7.531679353212798
650,310,7.483858615734264
650,79,7.451655487762732
650,22,7.431443924003195
550,415,3.0
550,17,3.0
550,476,3.0
550,125,3.0
550,19,3.0
550,284,2.9881710831813715
550,416,2.917326581903312
550,89,2.916055567558107
550,190,2.9151387518621212
550,352,2.911645723290691
651,125,6.0
651,19,6.0
651,284,5.976342166362743
651,190,5.9689177106244635
651,352,5.804255157154213
651,416,5.75803848247395
651,78,5.7244986298104905
651,89,5.703132162921362
651,189,5.6872919892946685
651,824,5.66334211843198
521,119,0.0
521,20,0.0
521,399,0.0
521,476,0.0
521,264,0.0
521,200,0.0
521,189,0.0
521,362,0.0
521,17,0.0
521,16,0.0
482,119,0.0
482,20,0.0
482,399,0.0
482,476,0.0
482,264,0.0
482,200,0.0
482,189,0.0
482,362,0.0
482,17,0.0
482,16,0.0
479,119,0.0
479,20,0.0
479,399,0.0
479,476,0.0
479,264,0.0
479,200,0.0
479,189,0.0
479,362,0.0
479,17,0.0
479,16,0.0
546,119,0.0
546,20,0.0
546,399,0.0
546,476,0.0
546,264,0.0
546,200,0.0
546,189,0.0
546,362,0.0
546,17,0.0
546,16,0.0
539,119,0.0
539,20,0.0
539,399,0.0
539,476,0.0
539,264,0.0
539,200,0.0
539,189,0.0
539,362,0.0
539,17,0.0
539,16,0.0
548,89,1.0
548,125,1.0
548,284,1.0
548,415,1.0
548,17,1.0
548,476,1.0
548,19,1.0
548,824,0.9856222548132666
548,352,0.9851790747308261
548,190,0.984387258421774
603,125,4.0
603,17,4.0
603,476,4.0
603,19,4.0
603,284,3.984555753427335
603,190,3.89966920406481
603,352,3.842628147778493
603,78,3.8104948809203063
603,824,3.793577102381333
603,79,3.780776978107758
554,119,0.0
554,20,0.0
554,399,0.0
554,476,0.0
554,264,0.0
554,200,0.0
554,189,0.0
554,362,0.0
554,17,0.0
554,16,0.0
513,119,0.0
513,20,0.0
513,399,0.0
513,476,0.0
513,264,0.0
513,200,0.0
513,189,0.0
513,362,0.0
513,17,0.0
513,16,0.0
552,125,2.0
552,476,2.0
552,17,2.0
552,190,2.0
552,19,2.0
552,284,1.9922778767136677
552,352,1.9602664870984026
552,416,1.9590720243229391
552,189,1.9392373653103099
552,824,1.9293988955519374
500,284,1.0
500,190,1.0
500,824,1.0
500,125,1.0
500,19,1.0
500,89,0.9966290479317014
500,78,0.9857731790450276
500,134,0.9831239992280216
500,352,0.9825937103324277
500,16,0.9607409930954094
648,119,0.0
648,20,0.0
648,399,0.0
648,476,0.0
648,264,0.0
648,200,0.0
648,189,0.0
648,362,0.0
648,17,0.0
648,16,0.0
520,119,0.0
520,20,0.0
520,399,0.0
520,476,0.0
520,264,0.0
520,200,0.0
520,189,0.0
520,362,0.0
520,17,0.0
520,16,0.0
555,119,0.0
555,20,0.0
555,399,0.0
555,476,0.0
555,264,0.0
555,200,0.0
555,189,0.0
555,362,0.0
555,17,0.0
555,16,0.0
460,119,0.0
460,20,0.0
460,399,0.0
460,476,0.0
460,264,0.0
460,200,0.0
460,189,0.0
460,362,0.0
460,17,0.0
460,16,0.0
506,119,0.0
506,20,0.0
506,399,0.0
506,476,0.0
506,264,0.0
506,200,0.0
506,189,0.0
506,362,0.0
506,17,0.0
506,16,0.0
649,119,0.0
649,20,0.0
649,399,0.0
649,476,0.0
649,264,0.0
649,200,0.0
649,189,0.0
649,362,0.0
649,17,0.0
649,16,0.0
602,119,0.0
602,20,0.0
602,399,0.0
602,476,0.0
602,264,0.0
602,200,0.0
602,189,0.0
602,362,0.0
602,17,0.0
602,16,0.0
533,119,0.0
533,20,0.0
533,399,0.0
533,476,0.0
533,264,0.0
533,200,0.0
533,189,0.0
533,362,0.0
533,17,0.0
533,16,0.0
491,119,0.0
491,20,0.0
491,399,0.0
491,476,0.0
491,264,0.0
491,200,0.0
491,189,0.0
491,362,0.0
491,17,0.0
491,16,0.0
621,476,10.0
621,17,10.0
621,125,10.0
621,19,10.0
621,284,9.959558263251612
621,190,9.953304969046238
621,824,9.841907040340418
621,352,9.807678745755998
621,416,9.7764358765525
621,89,9.569389624193557
498,119,0.0
498,20,0.0
498,399,0.0
498,476,0.0
498,264,0.0
498,200,0.0
498,189,0.0
498,362,0.0
498,17,0.0
498,16,0.0
590,125,3.0
590,476,3.0
590,17,3.0
590,19,3.0
590,284,2.9881710831813715
590,190,2.968917710624463
590,416,2.8988629183663157
590,352,2.8788349528518897
590,78,2.858306877802325
590,119,2.8415763307271633
574,125,2.0
574,476,2.0
574,17,2.0
574,190,2.0
574,19,2.0
574,284,1.9922778767136677
574,352,1.9602664870984026
574,416,1.9590720243229391
574,189,1.9392373653103099
574,824,1.9293988955519374
575,119,0.0
575,20,0.0
575,399,0.0
575,476,0.0
575,264,0.0
575,200,0.0
575,189,0.0
575,362,0.0
575,17,0.0
575,16,0.0
453,119,0.0
453,20,0.0
453,399,0.0
453,476,0.0
453,264,0.0
453,200,0.0
453,189,0.0
453,362,0.0
453,17,0.0
453,16,0.0
564,119,0.0
564,20,0.0
564,399,0.0
564,476,0.0
564,264,0.0
564,200,0.0
564,189,0.0
564,362,0.0
564,17,0.0
564,16,0.0
562,119,0.0
562,20,0.0
562,399,0.0
562,476,0.0
562,264,0.0
562,200,0.0
562,189,0.0
562,362,0.0
562,17,0.0
562,16,0.0
643,415,1.0
643,476,1.0
643,125,1.0
643,17,1.0
643,19,1.0
643,77,1.0
643,284,0.9922778767136677
643,190,0.9689177106244632
643,416,0.9650054712111679
643,824,0.9620129872629928
501,284,2.9861616113872866
501,416,2.9392939367161706
501,352,2.9224390991495963
501,824,2.895358593466052
501,78,2.878654594202347
501,22,2.846103278874226
501,79,2.8412956978835586
501,134,2.811570799142311
501,287,2.8084263116547232
501,119,2.803838843009208
571,119,0.0
571,20,0.0
571,399,0.0
571,476,0.0
571,264,0.0
571,200,0.0
571,189,0.0
571,362,0.0
571,17,0.0
571,16,0.0
508,119,0.0
508,20,0.0
508,399,0.0
508,476,0.0
508,264,0.0
508,200,0.0
508,189,0.0
508,362,0.0
508,17,0.0
508,16,0.0
656,119,0.0
656,20,0.0
656,399,0.0
656,476,0.0
656,264,0.0
656,200,0.0
656,189,0.0
656,362,0.0
656,17,0.0
656,16,0.0
499,119,0.0
499,20,0.0
499,399,0.0
499,476,0.0
499,264,0.0
499,200,0.0
499,189,0.0
499,362,0.0
499,17,0.0
499,16,0.0
637,119,0.0
637,20,0.0
637,399,0.0
637,476,0.0
637,264,0.0
637,200,0.0
637,189,0.0
637,362,0.0
637,17,0.0
637,16,0.0
586,125,4.0
586,19,4.0
586,190,3.968917710624463
586,824,3.958066276611871
586,352,3.904930360722985
586,89,3.8768180148162843
586,416,3.8499207874134607
586,78,3.8268331891610323
586,94,3.8110152040399643
586,189,3.8005897954943526
527,119,0.0
527,20,0.0
527,399,0.0
527,476,0.0
527,264,0.0
527,200,0.0
527,189,0.0
527,362,0.0
527,17,0.0
527,16,0.0
626,119,0.0
626,20,0.0
626,399,0.0
626,476,0.0
626,264,0.0
626,200,0.0
626,189,0.0
626,362,0.0
626,17,0.0
626,16,0.0
551,119,0.0
551,20,0.0
551,399,0.0
551,476,0.0
551,264,0.0
551,200,0.0
551,189,0.0
551,362,0.0
551,17,0.0
551,16,0.0
502,119,0.0
502,20,0.0
502,399,0.0
502,476,0.0
502,264,0.0
502,200,0.0
502,189,0.0
502,362,0.0
502,17,0.0
502,16,0.0
582,119,0.0
582,20,0.0
582,399,0.0
582,476,0.0
582,264,0.0
582,200,0.0
582,189,0.0
582,362,0.0
582,17,0.0
582,16,0.0
511,119,0.0
511,20,0.0
511,399,0.0
511,476,0.0
511,264,0.0
511,200,0.0
511,189,0.0
511,362,0.0
511,17,0.0
511,16,0.0
573,119,0.0
573,20,0.0
573,399,0.0
573,476,0.0
573,264,0.0
573,200,0.0
573,189,0.0
573,362,0.0
573,17,0.0
573,16,0.0
462,119,0.0
462,20,0.0
462,399,0.0
462,476,0.0
462,264,0.0
462,200,0.0
462,189,0.0
462,362,0.0
462,17,0.0
462,16,0.0
604,415,1.0
604,476,1.0
604,125,1.0
604,17,1.0
604,19,1.0
604,77,1.0
604,284,0.9922778767136677
604,190,0.9689177106244632
604,416,0.9650054712111679
604,824,0.9620129872629928
473,119,0.0
473,20,0.0
473,399,0.0
473,476,0.0
473,264,0.0
473,200,0.0
473,189,0.0
473,362,0.0
473,17,0.0
473,16,0.0
488,415,1.0
488,476,1.0
488,125,1.0
488,17,1.0
488,19,1.0
488,77,1.0
488,284,0.9922778767136677
488,190,0.9689177106244632
488,416,0.9650054712111679
488,824,0.9620129872629928
558,125,3.0
558,476,3.0
558,17,3.0
558,19,3.0
558,284,2.9881710831813715
558,190,2.968917710624463
558,416,2.8988629183663157
558,352,2.8788349528518897
558,78,2.858306877802325
558,119,2.8415763307271633
613,119,0.0
613,20,0.0
613,399,0.0
613,476,0.0
613,264,0.0
613,200,0.0
613,189,0.0
613,362,0.0
613,17,0.0
613,16,0.0
547,125,1.0
547,476,1.0
547,415,1.0
547,17,1.0
547,19,1.0
547,284,0.9922778767136677
547,416,0.9892034623538708
547,134,0.982644364389696
547,352,0.9761870601839528
547,89,0.9659377383070372
505,119,0.0
505,20,0.0
505,399,0.0
505,476,0.0
505,264,0.0
505,200,0.0
505,189,0.0
505,362,0.0
505,17,0.0
505,16,0.0
595,119,0.0
595,20,0.0
595,399,0.0
595,476,0.0
595,264,0.0
595,200,0.0
595,189,0.0
595,362,0.0
595,17,0.0
595,16,0.0
658,119,0.0
658,20,0.0
658,399,0.0
658,476,0.0
658,264,0.0
658,200,0.0
658,189,0.0
658,362,0.0
658,17,0.0
658,16,0.0
646,119,0.0
646,20,0.0
646,399,0.0
646,476,0.0
646,264,0.0
646,200,0.0
646,189,0.0
646,362,0.0
646,17,0.0
646,16,0.0
497,89,1.0
497,125,1.0
497,284,1.0
497,415,1.0
497,17,1.0
497,476,1.0
497,19,1.0
497,824,0.9856222548132666
497,352,0.9851790747308261
497,190,0.984387258421774
596,119,0.0
596,20,0.0
596,399,0.0
596,476,0.0
596,264,0.0
596,200,0.0
596,189,0.0
596,362,0.0
596,17,0.0
596,16,0.0
628,415,1.0
628,476,1.0
628,125,1.0
628,17,1.0
628,19,1.0
628,77,1.0
628,284,0.9922778767136677
628,190,0.9689177106244632
628,416,0.9650054712111679
628,824,0.9620129872629928
630,119,0.0
630,20,0.0
630,399,0.0
630,476,0.0
630,264,0.0
630,200,0.0
630,189,0.0
630,362,0.0
630,17,0.0
630,16,0.0
455,119,0.0
455,20,0.0
455,399,0.0
455,476,0.0
455,264,0.0
455,200,0.0
455,189,0.0
455,362,0.0
455,17,0.0
455,16,0.0
622,125,3.0
622,17,3.0
622,415,3.0
622,476,3.0
622,19,3.0
622,284,2.9845557534273355
622,352,2.902495056596013
622,190,2.89966920406481
622,416,2.8857865530500986
622,824,2.8752010290225694
580,119,0.0
580,20,0.0
580,399,0.0
580,476,0.0
580,264,0.0
580,200,0.0
580,189,0.0
580,362,0.0
580,17,0.0
580,16,0.0
530,284,1.0
530,190,1.0
530,125,1.0
530,476,1.0
530,17,1.0
530,19,1.0
530,352,0.9822052550761403
530,416,0.9742884655050025
530,189,0.9723367942782885
530,134,0.9626509401538988
532,415,1.0
532,476,1.0
532,125,1.0
532,17,1.0
532,19,1.0
532,77,1.0
532,284,0.9922778767136677
532,190,0.9689177106244632
532,416,0.9650054712111679
532,824,0.9620129872629928
503,119,0.0
503,20,0.0
503,399,0.0
503,476,0.0
503,264,0.0
503,200,0.0
503,189,0.0
503,362,0.0
503,17,0.0
503,16,0.0
652,119,0.0
652,20,0.0
652,399,0.0
652,476,0.0
652,264,0.0
652,200,0.0
652,189,0.0
652,362,0.0
652,17,0.0
652,16,0.0
456,119,0.0
456,20,0.0
456,399,0.0
456,476,0.0
456,264,0.0
456,200,0.0
456,189,0.0
456,362,0.0
456,17,0.0
456,16,0.0
457,119,0.0
457,20,0.0
457,399,0.0
457,476,0.0
457,264,0.0
457,200,0.0
457,189,0.0
457,362,0.0
457,17,0.0
457,16,0.0
468,119,0.0
468,20,0.0
468,399,0.0
468,476,0.0
468,264,0.0
468,200,0.0
468,189,0.0
468,362,0.0
468,17,0.0
468,16,0.0
647,119,0.0
647,20,0.0
647,399,0.0
647,476,0.0
647,264,0.0
647,200,0.0
647,189,0.0
647,362,0.0
647,17,0.0
647,16,0.0
490,119,0.0
490,20,0.0
490,399,0.0
490,476,0.0
490,264,0.0
490,200,0.0
490,189,0.0
490,362,0.0
490,17,0.0
490,16,0.0
559,284,1.0
559,190,1.0
559,824,1.0
559,125,1.0
559,19,1.0
559,89,0.9966290479317014
559,78,0.9857731790450276
559,134,0.9831239992280216
559,352,0.9825937103324277
559,16,0.9607409930954094
536,119,0.0
536,20,0.0
536,399,0.0
536,476,0.0
536,264,0.0
536,200,0.0
536,189,0.0
536,362,0.0
536,17,0.0
536,16,0.0
470,119,0.0
470,20,0.0
470,399,0.0
470,476,0.0
470,264,0.0
470,200,0.0
470,189,0.0
470,362,0.0
470,17,0.0
470,16,0.0
615,119,0.0
615,20,0.0
615,399,0.0
615,476,0.0
615,264,0.0
615,200,0.0
615,189,0.0
615,362,0.0
615,17,0.0
615,16,0.0
531,415,1.0
531,476,1.0
531,125,1.0
531,17,1.0
531,19,1.0
531,77,1.0
531,284,0.9922778767136677
531,190,0.9689177106244632
531,416,0.9650054712111679
531,824,0.9620129872629928
563,119,0.0
563,20,0.0
563,399,0.0
563,476,0.0
563,264,0.0
563,200,0.0
563,189,0.0
563,362,0.0
563,17,0.0
563,16,0.0
480,119,0.0
480,20,0.0
480,399,0.0
480,476,0.0
480,264,0.0
480,200,0.0
480,189,0.0
480,362,0.0
480,17,0.0
480,16,0.0
636,119,0.0
636,20,0.0
636,399,0.0
636,476,0.0
636,264,0.0
636,200,0.0
636,189,0.0
636,362,0.0
636,17,0.0
636,16,0.0
467,119,0.0
467,20,0.0
467,399,0.0
467,476,0.0
467,264,0.0
467,200,0.0
467,189,0.0
467,362,0.0
467,17,0.0
467,16,0.0
567,119,0.0
567,20,0.0
567,399,0.0
567,476,0.0
567,264,0.0
567,200,0.0
567,189,0.0
567,362,0.0
567,17,0.0
567,16,0.0
537,119,0.0
537,20,0.0
537,399,0.0
537,476,0.0
537,264,0.0
537,200,0.0
537,189,0.0
537,362,0.0
537,17,0.0
537,16,0.0
543,119,0.0
543,20,0.0
543,399,0.0
543,476,0.0
543,264,0.0
543,200,0.0
543,189,0.0
543,362,0.0
543,17,0.0
543,16,0.0
666,125,10.0
666,476,10.0
666,190,10.0
666,415,10.0
666,17,10.0
666,19,10.0
666,284,9.977948024322695
666,78,9.71489193553327
666,89,9.673511291208294
666,134,9.566078382601825
670,284,1.0
670,190,1.0
670,824,1.0
670,125,1.0
670,19,1.0
670,89,0.9966290479317014
670,78,0.9857731790450276
670,134,0.9831239992280216
670,352,0.9825937103324277
670,16,0.9607409930954094
674,125,2.0
674,17,2.0
674,476,2.0
674,415,2.0
674,19,2.0
674,284,1.9845557534273355
674,416,1.9542089335650386
674,352,1.9225371695837898
674,190,1.8996692040648102
674,89,1.8956791605836139
663,78,9.656207320036785
663,416,9.494793920864103
663,22,9.492767045563818
663,119,9.471401961755301
663,134,9.337727772479445
663,399,9.332445228908794
663,362,9.283464493749758
663,16,9.198898488500697
663,125,9.0
663,19,9.0
673,125,4.0
673,19,4.0
673,284,3.980448959895039
673,190,3.930751493440347
673,352,3.8871215909145547
673,89,3.8825514844068945
673,416,3.865133622307013
673,94,3.8183838754222803
673,189,3.7902402889876257
673,134,3.7793343435670703
669,119,0.0
669,20,0.0
669,399,0.0
669,476,0.0
669,264,0.0
669,200,0.0
669,189,0.0
669,362,0.0
669,17,0.0
669,16,0.0
672,125,4.0
672,17,4.0
672,476,4.0
672,415,4.0
672,19,4.0
672,284,3.985225568682953
672,190,3.984387258421774
672,416,3.912906678367378
672,89,3.884748519405888
672,352,3.8429594042876065
667,119,0.0
667,20,0.0
667,399,0.0
667,476,0.0
667,264,0.0
667,200,0.0
667,189,0.0
667,362,0.0
667,17,0.0
667,16,0.0
675,119,0.0
675,20,0.0
675,399,0.0
675,476,0.0
675,264,0.0
675,200,0.0
675,189,0.0
675,362,0.0
675,17,0.0
675,16,0.0
668,119,0.0
668,20,0.0
668,399,0.0
668,476,0.0
668,264,0.0
668,200,0.0
668,189,0.0
668,362,0.0
668,17,0.0
668,16,0.0
439,119,0.0
439,20,0.0
439,399,0.0
439,476,0.0
439,264,0.0
439,200,0.0
439,189,0.0
439,362,0.0
439,17,0.0
439,16,0.0
426,119,0.0
426,20,0.0
426,399,0.0
426,476,0.0
426,264,0.0
426,200,0.0
426,189,0.0
426,362,0.0
426,17,0.0
426,16,0.0
424,119,0.0
424,20,0.0
424,399,0.0
424,476,0.0
424,264,0.0
424,200,0.0
424,189,0.0
424,362,0.0
424,17,0.0
424,16,0.0
435,190,1.0
435,19,1.0
435,476,1.0
435,415,1.0
435,17,1.0
435,125,1.0
435,77,1.0
435,824,0.9960532893488778
435,284,0.9922778767136677
435,416,0.9847835588179368
433,119,0.0
433,20,0.0
433,399,0.0
433,476,0.0
433,264,0.0
433,200,0.0
433,189,0.0
433,362,0.0
433,17,0.0
433,16,0.0
432,119,0.0
432,20,0.0
432,399,0.0
432,476,0.0
432,264,0.0
432,200,0.0
432,189,0.0
432,362,0.0
432,17,0.0
432,16,0.0
443,119,0.0
443,20,0.0
443,399,0.0
443,476,0.0
443,264,0.0
443,200,0.0
443,189,0.0
443,362,0.0
443,17,0.0
443,16,0.0
440,119,0.0
440,20,0.0
440,399,0.0
440,476,0.0
440,264,0.0
440,200,0.0
440,189,0.0
440,362,0.0
440,17,0.0
440,16,0.0
415,125,2.0
415,476,2.0
415,17,2.0
415,415,2.0
415,19,2.0
415,284,1.9922778767136677
415,190,1.9533049690462372
415,824,1.9476352420762595
415,416,1.9335596091104632
415,352,1.9315291841306632
429,119,0.0
429,20,0.0
429,399,0.0
429,476,0.0
429,264,0.0
429,200,0.0
429,189,0.0
429,362,0.0
429,17,0.0
429,16,0.0
420,476,10.0
420,17,10.0
420,415,10.0
420,284,9.973396651864325
420,824,9.928718998580841
420,352,9.828314388115036
420,89,9.675624172292128
420,78,9.56382964145315
420,16,9.448029028116311
420,134,9.440268994217265
411,125,8.0
411,476,8.0
411,17,8.0
411,19,8.0
411,284,7.9733966518643244
411,190,7.915138751862121
411,352,7.704002704613895
411,89,7.663100217392847
411,416,7.57424611042353
411,79,7.5641622735942615
430,119,0.0
430,20,0.0
430,399,0.0
430,476,0.0
430,264,0.0
430,200,0.0
430,189,0.0
430,362,0.0
430,17,0.0
430,16,0.0
422,416,4.88233205311448
422,78,4.805343335870125
422,352,4.702792361266004
422,94,4.695185068016267
422,824,4.6471312646396195
422,310,4.644177280324584
422,79,4.573803324817906
422,189,4.528890254402502
422,362,4.525639289589824
422,119,4.5020065499484385
436,119,0.0
436,20,0.0
436,399,0.0
436,476,0.0
436,264,0.0
436,200,0.0
436,189,0.0
436,362,0.0
436,17,0.0
436,16,0.0
417,284,1.0
417,416,1.0
417,134,1.0
417,824,1.0
417,77,1.0
417,22,0.9979253089684582
417,78,0.9970544855015816
417,16,0.9938837346736189
417,189,0.9851790747308261
417,79,0.9825937103324277
438,190,1.0
438,19,1.0
438,476,1.0
438,415,1.0
438,17,1.0
438,125,1.0
438,77,1.0
438,824,0.9960532893488778
438,284,0.9922778767136677
438,416,0.9847835588179368
442,119,0.0
442,20,0.0
442,399,0.0
442,476,0.0
442,264,0.0
442,200,0.0
442,189,0.0
442,362,0.0
442,17,0.0
442,16,0.0
431,119,0.0
431,20,0.0
431,399,0.0
431,476,0.0
431,264,0.0
431,200,0.0
431,189,0.0
431,362,0.0
431,17,0.0
431,16,0.0
419,119,0.0
419,20,0.0
419,399,0.0
419,476,0.0
419,264,0.0
419,200,0.0
419,189,0.0
419,362,0.0
419,17,0.0
419,16,0.0
441,476,3.0
441,17,3.0
441,824,2.962012987262993
441,416,2.896583090696228
441,78,2.873447071015187
441,22,2.8066108365397957
441,310,2.7703507896054225
441,352,2.7583582907499036
441,94,2.754550042347053
441,399,2.7307596869780584
414,78,1.0
414,416,1.0
414,476,1.0
414,17,1.0
414,824,1.0
414,94,0.8950249020819576
414,22,0.8922685978385126
414,255,0.8882176431559488
414,399,0.8826303576623215
414,310,0.876912463690344
410,119,0.0
410,20,0.0
410,399,0.0
410,476,0.0
410,264,0.0
410,200,0.0
410,189,0.0
410,362,0.0
410,17,0.0
410,16,0.0
423,119,0.0
423,20,0.0
423,399,0.0
423,476,0.0
423,264,0.0
423,200,0.0
423,189,0.0
423,362,0.0
423,17,0.0
423,16,0.0
418,119,0.0
418,20,0.0
418,399,0.0
418,476,0.0
418,264,0.0
418,200,0.0
418,189,0.0
418,362,0.0
418,17,0.0
418,16,0.0
412,119,0.0
412,20,0.0
412,399,0.0
412,476,0.0
412,264,0.0
412,200,0.0
412,189,0.0
412,362,0.0
412,17,0.0
412,16,0.0
428,119,0.0
428,20,0.0
428,399,0.0
428,476,0.0
428,264,0.0
428,200,0.0
428,189,0.0
428,362,0.0
428,17,0.0
428,16,0.0
437,119,0.0
437,20,0.0
437,399,0.0
437,476,0.0
437,264,0.0
437,200,0.0
437,189,0.0
437,362,0.0
437,17,0.0
437,16,0.0
434,119,0.0
434,20,0.0
434,399,0.0
434,476,0.0
434,264,0.0
434,200,0.0
434,189,0.0
434,362,0.0
434,17,0.0
434,16,0.0
413,119,0.0
413,20,0.0
413,399,0.0
413,476,0.0
413,264,0.0
413,200,0.0
413,189,0.0
413,362,0.0
413,17,0.0
413,16,0.0
44,125,10.0
44,476,10.0
44,415,10.0
44,17,10.0
44,19,10.0
44,190,9.984387258421775
44,824,9.981675544162144
44,284,9.975002509824277
44,416,9.874052509097718
44,89,9.708533690169451
57,352,7.756148042907494
57,79,7.6075085550998995
57,416,7.596437195830061
57,22,7.496759731748324
57,287,7.427700218829479
57,362,7.4169153698471515
57,255,7.382154950837153
57,16,7.243179078995517
57,476,7.0
57,17,7.0
38,17,8.0
38,476,8.0
38,125,8.0
38,19,8.0
38,284,7.9775034453966205
38,190,7.884056462486584
38,352,7.687484207056061
38,78,7.544389157130189
38,416,7.543231256497185
38,22,7.543106796796895
45,125,7.0
45,19,7.0
45,190,6.930751493440347
45,352,6.771212173821864
45,89,6.690932752920029
45,824,6.666202033881208
45,78,6.652474904481521
45,189,6.57268925779248
45,94,6.567292426912742
45,416,6.560932867420444
28,125,2.0
28,476,2.0
28,17,2.0
28,415,2.0
28,19,2.0
28,284,1.9922778767136677
28,190,1.984387258421774
28,824,1.9816755441621443
28,89,1.9698668689170864
28,352,1.9632403067530884
61,17,10.0
61,125,10.0
61,476,10.0
61,190,10.0
61,415,10.0
61,19,10.0
61,284,9.982724633110607
61,824,9.966706011317848
61,416,9.848340974602719
61,89,9.708533690169451
36,476,2.0
36,17,2.0
36,415,2.0
36,352,1.946350109399837
36,310,1.9177965852941519
36,79,1.9093939296024418
36,399,1.9055055740989055
36,94,1.9011347149717555
36,16,1.8891845785533805
36,255,1.878597315084133
54,119,0.0
54,20,0.0
54,399,0.0
54,476,0.0
54,264,0.0
54,200,0.0
54,189,0.0
54,362,0.0
54,17,0.0
54,16,0.0
47,119,0.0
47,20,0.0
47,399,0.0
47,476,0.0
47,264,0.0
47,200,0.0
47,189,0.0
47,362,0.0
47,17,0.0
47,16,0.0
29,119,0.0
29,20,0.0
29,399,0.0
29,476,0.0
29,264,0.0
29,200,0.0
29,189,0.0
29,362,0.0
29,17,0.0
29,16,0.0
26,119,0.0
26,20,0.0
26,399,0.0
26,476,0.0
26,264,0.0
26,200,0.0
26,189,0.0
26,362,0.0
26,17,0.0
26,16,0.0
33,125,6.0
33,17,6.0
33,415,6.0
33,476,6.0
33,19,6.0
33,284,5.9727268366087065
33,190,5.884056462486584
33,352,5.773942787831353
33,89,5.771300823886763
33,94,5.67235305477957
46,415,2.0
46,125,2.0
46,190,2.0
46,17,2.0
46,476,2.0
46,19,2.0
46,77,2.0
46,284,1.995893206467704
46,78,1.916309286746337
46,89,1.905754794386063
21,416,6.798693231417476
21,78,6.671913772201659
21,352,6.650701069383063
21,824,6.628806808801763
21,94,6.624229346600384
21,310,6.501823763899827
21,22,6.4419466422504685
21,134,6.394683853156874
21,200,6.3008908186597345
21,255,6.298769576769734
48,119,0.0
48,20,0.0
48,399,0.0
48,476,0.0
48,264,0.0
48,200,0.0
48,189,0.0
48,362,0.0
48,17,0.0
48,16,0.0
7,119,0.0
7,20,0.0
7,399,0.0
7,476,0.0
7,264,0.0
7,200,0.0
7,189,0.0
7,362,0.0
7,17,0.0
7,16,0.0
53,119,0.0
53,20,0.0
53,399,0.0
53,476,0.0
53,264,0.0
53,200,0.0
53,189,0.0
53,362,0.0
53,17,0.0
53,16,0.0
8,119,0.0
8,20,0.0
8,399,0.0
8,476,0.0
8,264,0.0
8,200,0.0
8,189,0.0
8,362,0.0
8,17,0.0
8,16,0.0
25,415,1.0
25,476,1.0
25,125,1.0
25,17,1.0
25,19,1.0
25,77,1.0
25,284,0.9922778767136677
25,190,0.9689177106244632
25,416,0.9650054712111679
25,824,0.9620129872629928
35,125,10.0
35,476,10.0
35,17,10.0
35,415,10.0
35,19,10.0
35,190,9.984387258421775
35,284,9.968620043076411
35,824,9.862064604783901
35,352,9.828314388115036
35,416,9.682301961542562
19,119,0.0
19,20,0.0
19,399,0.0
19,476,0.0
19,264,0.0
19,200,0.0
19,189,0.0
19,362,0.0
19,17,0.0
19,16,0.0
69,19,1.0
69,284,1.0
69,125,1.0
69,190,1.0
69,415,1.0
69,17,1.0
69,476,1.0
69,77,1.0
69,824,0.9850304671557042
69,78,0.9693703008928667
20,415,2.0
20,125,2.0
20,476,2.0
20,17,2.0
20,19,2.0
20,284,1.9922778767136677
20,89,1.965937738307037
20,352,1.9613661349147788
20,416,1.9577576002531663
20,94,1.9252771263685338
23,119,0.0
23,20,0.0
23,399,0.0
23,476,0.0
23,264,0.0
23,200,0.0
23,189,0.0
23,362,0.0
23,17,0.0
23,16,0.0
56,119,0.0
56,20,0.0
56,399,0.0
56,476,0.0
56,264,0.0
56,200,0.0
56,189,0.0
56,362,0.0
56,17,0.0
56,16,0.0
14,119,0.0
14,20,0.0
14,399,0.0
14,476,0.0
14,264,0.0
14,200,0.0
14,189,0.0
14,362,0.0
14,17,0.0
14,16,0.0
37,119,0.0
37,20,0.0
37,399,0.0
37,476,0.0
37,264,0.0
37,200,0.0
37,189,0.0
37,362,0.0
37,17,0.0
37,16,0.0
34,119,0.0
34,20,0.0
34,399,0.0
34,476,0.0
34,264,0.0
34,200,0.0
34,189,0.0
34,362,0.0
34,17,0.0
34,16,0.0
58,119,0.0
58,20,0.0
58,399,0.0
58,476,0.0
58,264,0.0
58,200,0.0
58,189,0.0
58,362,0.0
58,17,0.0
58,16,0.0
4,125,1.0
4,476,1.0
4,415,1.0
4,17,1.0
4,19,1.0
4,284,0.9922778767136677
4,416,0.9892034623538708
4,134,0.982644364389696
4,352,0.9761870601839528
4,89,0.9659377383070372
24,119,0.0
24,20,0.0
24,399,0.0
24,476,0.0
24,264,0.0
24,200,0.0
24,189,0.0
24,362,0.0
24,17,0.0
24,16,0.0
70,119,0.0
70,20,0.0
70,399,0.0
70,476,0.0
70,264,0.0
70,200,0.0
70,189,0.0
70,362,0.0
70,17,0.0
70,16,0.0
40,119,0.0
40,20,0.0
40,399,0.0
40,476,0.0
40,264,0.0
40,200,0.0
40,189,0.0
40,362,0.0
40,17,0.0
40,16,0.0
6,119,0.0
6,20,0.0
6,399,0.0
6,476,0.0
6,264,0.0
6,200,0.0
6,189,0.0
6,362,0.0
6,17,0.0
6,16,0.0
39,119,0.0
39,20,0.0
39,399,0.0
39,476,0.0
39,264,0.0
39,200,0.0
39,189,0.0
39,362,0.0
39,17,0.0
39,16,0.0
41,119,0.0
41,20,0.0
41,399,0.0
41,476,0.0
41,264,0.0
41,200,0.0
41,189,0.0
41,362,0.0
41,17,0.0
41,16,0.0
66,125,7.0
66,415,7.0
66,19,7.0
66,190,6.884056462486584
66,352,6.755382385672467
66,89,6.661695323719892
66,416,6.62010047124121
66,824,6.613837275957467
66,94,6.596205241550737
66,78,6.595728071697931
17,125,3.0
17,190,3.0
17,19,3.0
17,284,2.9970544855015815
17,89,2.9170298343044267
17,78,2.890726121603068
17,134,2.8886531905017097
17,352,2.8499189426095963
17,94,2.8048835680555837
17,189,2.803003731163308
43,119,0.0
43,20,0.0
43,399,0.0
43,476,0.0
43,264,0.0
43,200,0.0
43,189,0.0
43,362,0.0
43,17,0.0
43,16,0.0
11,119,0.0
11,20,0.0
11,399,0.0
11,476,0.0
11,264,0.0
11,200,0.0
11,189,0.0
11,362,0.0
11,17,0.0
11,16,0.0
10,476,8.0
10,17,8.0
10,78,7.612160774646405
10,416,7.605394134479551
10,352,7.549918264899523
10,94,7.497342259304862
10,79,7.434596475649119
10,22,7.411399175958557
10,255,7.303787966160973
10,134,7.248651931047114
12,119,0.0
12,20,0.0
12,399,0.0
12,476,0.0
12,264,0.0
12,200,0.0
12,189,0.0
12,362,0.0
12,17,0.0
12,16,0.0
16,119,0.0
16,20,0.0
16,399,0.0
16,476,0.0
16,264,0.0
16,200,0.0
16,189,0.0
16,362,0.0
16,17,0.0
16,16,0.0
64,119,0.0
64,20,0.0
64,399,0.0
64,476,0.0
64,264,0.0
64,200,0.0
64,189,0.0
64,362,0.0
64,17,0.0
64,16,0.0
30,119,0.0
30,20,0.0
30,399,0.0
30,476,0.0
30,264,0.0
30,200,0.0
30,189,0.0
30,362,0.0
30,17,0.0
30,16,0.0
32,119,0.0
32,20,0.0
32,399,0.0
32,476,0.0
32,264,0.0
32,200,0.0
32,189,0.0
32,362,0.0
32,17,0.0
32,16,0.0
68,119,0.0
68,20,0.0
68,399,0.0
68,476,0.0
68,264,0.0
68,200,0.0
68,189,0.0
68,362,0.0
68,17,0.0
68,16,0.0
9,476,2.0
9,17,2.0
9,415,2.0
9,79,1.9352385949385726
9,352,1.9294395091586058
9,399,1.928388434851044
9,255,1.9251044890916509
9,94,1.9158163491208793
9,189,1.8614288706661715
9,119,1.8527677935172222
27,119,0.0
27,20,0.0
27,399,0.0
27,476,0.0
27,264,0.0
27,200,0.0
27,189,0.0
27,362,0.0
27,17,0.0
27,16,0.0
50,78,1.0
50,189,1.0
50,79,0.9966290479317014
50,22,0.9805806756909201
50,119,0.9698668689170864
50,399,0.9659377383070372
50,310,0.9647638212377321
50,352,0.962650940153899
50,287,0.9623498035450118
50,200,0.9556369651349932
31,119,0.0
31,20,0.0
31,399,0.0
31,476,0.0
31,264,0.0
31,200,0.0
31,189,0.0
31,362,0.0
31,17,0.0
31,16,0.0
2,119,0.0
2,20,0.0
2,399,0.0
2,476,0.0
2,264,0.0
2,200,0.0
2,189,0.0
2,362,0.0
2,17,0.0
2,16,0.0
42,119,0.0
42,20,0.0
42,399,0.0
42,476,0.0
42,264,0.0
42,200,0.0
42,189,0.0
42,362,0.0
42,17,0.0
42,16,0.0
49,119,0.0
49,20,0.0
49,399,0.0
49,476,0.0
49,264,0.0
49,200,0.0
49,189,0.0
49,362,0.0
49,17,0.0
49,16,0.0
51,119,0.0
51,20,0.0
51,399,0.0
51,476,0.0
51,264,0.0
51,200,0.0
51,189,0.0
51,362,0.0
51,17,0.0
51,16,0.0
15,119,0.0
15,20,0.0
15,399,0.0
15,476,0.0
15,264,0.0
15,200,0.0
15,189,0.0
15,362,0.0
15,17,0.0
15,16,0.0
688,119,0.0
688,20,0.0
688,399,0.0
688,476,0.0
688,264,0.0
688,200,0.0
688,189,0.0
688,362,0.0
688,17,0.0
688,16,0.0
678,119,0.0
678,20,0.0
678,399,0.0
678,476,0.0
678,264,0.0
678,200,0.0
678,189,0.0
678,362,0.0
678,17,0.0
678,16,0.0
739,284,1.0
739,190,1.0
739,824,1.0
739,125,1.0
739,19,1.0
739,89,0.9966290479317014
739,78,0.9857731790450276
739,134,0.9831239992280216
739,352,0.9825937103324277
739,16,0.9607409930954094
679,415,1.0
679,19,1.0
679,190,1.0
679,125,1.0
679,17,1.0
679,476,1.0
679,77,1.0
679,284,0.9958932064677039
679,416,0.9595689816501455
679,94,0.9508240865680673
687,119,0.0
687,20,0.0
687,399,0.0
687,476,0.0
687,264,0.0
687,200,0.0
687,189,0.0
687,362,0.0
687,17,0.0
687,16,0.0
729,125,5.0
729,19,5.0
729,190,4.9689177106244635
729,352,4.8146459849389105
729,78,4.796771343947967
729,89,4.7105040833534755
729,189,4.708001913590563
729,79,4.694634503771977
729,310,4.6921728284711435
729,824,4.652319296238806
685,19,1.0
685,284,1.0
685,125,1.0
685,190,1.0
685,415,1.0
685,17,1.0
685,476,1.0
685,77,1.0
685,824,0.9850304671557042
685,78,0.9693703008928667
726,125,1.0
726,476,1.0
726,415,1.0
726,17,1.0
726,19,1.0
726,284,0.9922778767136677
726,416,0.9892034623538708
726,134,0.982644364389696
726,352,0.9761870601839528
726,89,0.9659377383070372
750,476,10.0
750,17,10.0
750,284,9.968441665571822
750,416,9.772981696922479
750,352,9.727044150094915
750,824,9.547182882160529
750,79,9.506137322950888
750,22,9.476745022891825
750,134,9.308035766942295
750,287,9.296845609690024
691,476,2.0
691,17,2.0
691,416,1.9742884655050026
691,78,1.9518143952635594
691,824,1.9333456062030594
691,22,1.8501805702966525
691,399,1.8355706897525668
691,310,1.8300778726573244
691,352,1.8142555494139838
691,255,1.8120698299271156
712,119,0.0
712,20,0.0
712,399,0.0
712,476,0.0
712,264,0.0
712,200,0.0
712,189,0.0
712,362,0.0
712,17,0.0
712,16,0.0
701,119,0.0
701,20,0.0
701,399,0.0
701,476,0.0
701,264,0.0
701,200,0.0
701,189,0.0
701,362,0.0
701,17,0.0
701,16,0.0
690,119,0.0
690,20,0.0
690,399,0.0
690,476,0.0
690,264,0.0
690,200,0.0
690,189,0.0
690,362,0.0
690,17,0.0
690,16,0.0
677,119,0.0
677,20,0.0
677,399,0.0
677,476,0.0
677,264,0.0
677,200,0.0
677,189,0.0
677,362,0.0
677,17,0.0
677,16,0.0
727,352,9.664100625633548
727,78,9.534882675091767
727,416,9.523022160716058
727,79,9.438540935871087
727,362,9.339844642427629
727,119,9.277837800762327
727,255,9.13466834918556
727,134,9.114341982868181
727,415,9.0
727,125,9.0
699,119,0.0
699,20,0.0
699,399,0.0
699,476,0.0
699,264,0.0
699,200,0.0
699,189,0.0
699,362,0.0
699,17,0.0
699,16,0.0
707,415,2.0
707,284,1.993883734673619
707,824,1.9850304671557042
707,78,1.9366570031463586
707,352,1.9317694577921818
707,79,1.9111005264401144
707,134,1.904620739697479
707,22,1.881932698624213
707,255,1.8728013619316304
707,362,1.8666579062062683
737,119,0.0
737,20,0.0
737,399,0.0
737,476,0.0
737,264,0.0
737,200,0.0
737,189,0.0
737,362,0.0
737,17,0.0
737,16,0.0
724,415,1.0
724,476,1.0
724,125,1.0
724,17,1.0
724,19,1.0
724,77,1.0
724,284,0.9922778767136677
724,190,0.9689177106244632
724,416,0.9650054712111679
724,824,0.9620129872629928
705,17,5.0
705,476,5.0
705,125,5.0
705,19,5.0
705,284,4.984064289649075
705,190,4.9689177106244635
705,78,4.795683403480396
705,352,4.7814859379180845
705,79,4.697224634026379
705,89,4.692273211207567
680,119,0.0
680,20,0.0
680,399,0.0
680,476,0.0
680,264,0.0
680,200,0.0
680,189,0.0
680,362,0.0
680,17,0.0
680,16,0.0
722,119,0.0
722,20,0.0
722,399,0.0
722,476,0.0
722,264,0.0
722,200,0.0
722,189,0.0
722,362,0.0
722,17,0.0
722,16,0.0
741,125,5.0
741,19,5.0
741,190,4.915138751862122
741,352,4.89177628733529
741,416,4.860169185307609
741,89,4.791063434248943
741,78,4.735083308809736
741,79,4.71824683018777
741,310,4.712274783154793
741,362,4.701820895930744
719,284,1.0
719,190,1.0
719,824,1.0
719,125,1.0
719,19,1.0
719,89,0.9966290479317014
719,78,0.9857731790450276
719,134,0.9831239992280216
719,352,0.9825937103324277
719,16,0.9607409930954094
752,119,0.0
752,20,0.0
752,399,0.0
752,476,0.0
752,264,0.0
752,200,0.0
752,189,0.0
752,362,0.0
752,17,0.0
752,16,0.0
714,78,7.669625648763155
714,416,7.620401915574405
714,189,7.559926174272635
714,89,7.528313344578235
714,79,7.500376690783694
714,362,7.483290111926425
714,119,7.478549314493625
714,287,7.428414972382556
714,134,7.406248517802101
714,16,7.39620298859963
742,415,10.0
742,352,9.720777793398351
742,94,9.398841009952156
742,79,9.392853508013182
742,22,9.189475746248698
742,287,9.139119678958265
742,200,9.076693909083096
742,416,8.796644972333628
742,78,8.443120689053622
742,17,8.0
730,119,0.0
730,20,0.0
730,399,0.0
730,476,0.0
730,264,0.0
730,200,0.0
730,189,0.0
730,362,0.0
730,17,0.0
730,16,0.0
713,415,3.0
713,284,2.989776941141323
713,352,2.9241212100617537
713,416,2.8911466011352056
713,22,2.8847803139968446
713,78,2.8281192624368536
713,79,2.8192181274996995
713,287,2.8119978479857553
713,824,2.7719302356170497
713,255,2.760734410963371
720,352,3.8985406654732526
720,94,3.7747037815927404
720,310,3.766402351513411
720,189,3.7651431882168342
720,16,3.7559620482326515
720,255,3.7140785107683842
720,399,3.701320073176005
720,264,3.6707043231004315
720,20,3.621013957936852
720,362,3.612216210939956
693,119,0.0
693,20,0.0
693,399,0.0
693,476,0.0
693,264,0.0
693,200,0.0
693,189,0.0
693,362,0.0
693,17,0.0
693,16,0.0
695,19,3.0
695,125,3.0
695,476,3.0
695,17,3.0
695,415,3.0
695,190,3.0
695,77,3.0
695,284,2.9840642896490754
695,352,2.893106082345807
695,416,2.8871669262727186
694,119,0.0
694,20,0.0
694,399,0.0
694,476,0.0
694,264,0.0
694,200,0.0
694,189,0.0
694,362,0.0
694,17,0.0
694,16,0.0
748,119,0.0
748,20,0.0
748,399,0.0
748,476,0.0
748,264,0.0
748,200,0.0
748,189,0.0
748,362,0.0
748,17,0.0
748,16,0.0
721,119,0.0
721,20,0.0
721,399,0.0
721,476,0.0
721,264,0.0
721,200,0.0
721,189,0.0
721,362,0.0
721,17,0.0
721,16,0.0
766,415,1.0
766,19,1.0
766,190,1.0
766,125,1.0
766,17,1.0
766,476,1.0
766,77,1.0
766,284,0.9958932064677039
766,416,0.9595689816501455
766,94,0.9508240865680673
689,119,0.0
689,20,0.0
689,399,0.0
689,476,0.0
689,264,0.0
689,200,0.0
689,189,0.0
689,362,0.0
689,17,0.0
689,16,0.0
684,119,0.0
684,20,0.0
684,399,0.0
684,476,0.0
684,264,0.0
684,200,0.0
684,189,0.0
684,362,0.0
684,17,0.0
684,16,0.0
692,119,0.0
692,20,0.0
692,399,0.0
692,476,0.0
692,264,0.0
692,200,0.0
692,189,0.0
692,362,0.0
692,17,0.0
692,16,0.0
676,119,0.0
676,20,0.0
676,399,0.0
676,476,0.0
676,264,0.0
676,200,0.0
676,189,0.0
676,362,0.0
676,17,0.0
676,16,0.0
754,119,0.0
754,20,0.0
754,399,0.0
754,476,0.0
754,264,0.0
754,200,0.0
754,189,0.0
754,362,0.0
754,17,0.0
754,16,0.0
716,119,0.0
716,20,0.0
716,399,0.0
716,476,0.0
716,264,0.0
716,200,0.0
716,189,0.0
716,362,0.0
716,17,0.0
716,16,0.0
732,119,0.0
732,20,0.0
732,399,0.0
732,476,0.0
732,264,0.0
732,200,0.0
732,189,0.0
732,362,0.0
732,17,0.0
732,16,0.0
743,415,2.0
743,125,2.0
743,190,2.0
743,17,2.0
743,476,2.0
743,19,2.0
743,77,2.0
743,284,1.995893206467704
743,78,1.916309286746337
743,89,1.905754794386063
718,415,1.0
718,19,1.0
718,190,1.0
718,125,1.0
718,17,1.0
718,476,1.0
718,77,1.0
718,284,0.9958932064677039
718,416,0.9595689816501455
718,94,0.9508240865680673
725,119,0.0
725,20,0.0
725,399,0.0
725,476,0.0
725,264,0.0
725,200,0.0
725,189,0.0
725,362,0.0
725,17,0.0
725,16,0.0
749,119,0.0
749,20,0.0
749,399,0.0
749,476,0.0
749,264,0.0
749,200,0.0
749,189,0.0
749,362,0.0
749,17,0.0
749,16,0.0
683,119,0.0
683,20,0.0
683,399,0.0
683,476,0.0
683,264,0.0
683,200,0.0
683,189,0.0
683,362,0.0
683,17,0.0
683,16,0.0
755,119,0.0
755,20,0.0
755,399,0.0
755,476,0.0
755,264,0.0
755,200,0.0
755,189,0.0
755,362,0.0
755,17,0.0
755,16,0.0
682,119,0.0
682,20,0.0
682,399,0.0
682,476,0.0
682,264,0.0
682,200,0.0
682,189,0.0
682,362,0.0
682,17,0.0
682,16,0.0
740,415,1.0
740,19,1.0
740,190,1.0
740,125,1.0
740,17,1.0
740,476,1.0
740,77,1.0
740,284,0.9958932064677039
740,416,0.9595689816501455
740,94,0.9508240865680673
733,119,0.0
733,20,0.0
733,399,0.0
733,476,0.0
733,264,0.0
733,200,0.0
733,189,0.0
733,362,0.0
733,17,0.0
733,16,0.0
709,119,0.0
709,20,0.0
709,399,0.0
709,476,0.0
709,264,0.0
709,200,0.0
709,189,0.0
709,362,0.0
709,17,0.0
709,16,0.0
702,119,0.0
702,20,0.0
702,399,0.0
702,476,0.0
702,264,0.0
702,200,0.0
702,189,0.0
702,362,0.0
702,17,0.0
702,16,0.0
708,284,1.0
708,190,1.0
708,824,1.0
708,125,1.0
708,19,1.0
708,89,0.9966290479317014
708,78,0.9857731790450276
708,134,0.9831239992280216
708,352,0.9825937103324277
708,16,0.9607409930954094
711,119,0.0
711,20,0.0
711,399,0.0
711,476,0.0
711,264,0.0
711,200,0.0
711,189,0.0
711,362,0.0
711,17,0.0
711,16,0.0
765,119,0.0
765,20,0.0
765,399,0.0
765,476,0.0
765,264,0.0
765,200,0.0
765,189,0.0
765,362,0.0
765,17,0.0
765,16,0.0
723,119,0.0
723,20,0.0
723,399,0.0
723,476,0.0
723,264,0.0
723,200,0.0
723,189,0.0
723,362,0.0
723,17,0.0
723,16,0.0
731,119,0.0
731,20,0.0
731,399,0.0
731,476,0.0
731,264,0.0
731,200,0.0
731,189,0.0
731,362,0.0
731,17,0.0
731,16,0.0
703,125,3.0
703,17,3.0
703,476,3.0
703,415,3.0
703,190,3.0
703,19,3.0
703,284,2.9881710831813715
703,352,2.908298707410397
703,416,2.8759301599531426
703,94,2.8322001343655447
763,119,0.0
763,20,0.0
763,399,0.0
763,476,0.0
763,264,0.0
763,200,0.0
763,189,0.0
763,362,0.0
763,17,0.0
763,16,0.0
762,19,1.0
762,284,1.0
762,125,1.0
762,190,1.0
762,415,1.0
762,17,1.0
762,476,1.0
762,77,1.0
762,824,0.9850304671557042
762,78,0.9693703008928667
761,119,0.0
761,20,0.0
761,399,0.0
761,476,0.0
761,264,0.0
761,200,0.0
761,189,0.0
761,362,0.0
761,17,0.0
761,16,0.0
199,416,9.704531098807877
199,89,9.657694436755106
199,824,9.628215021144202
199,94,9.571675689591236
199,22,9.541865743675327
199,189,9.513230897156097
199,134,9.400174947672578
199,255,9.281009447784694
199,415,9.0
199,125,9.0
206,119,0.0
206,20,0.0
206,399,0.0
206,476,0.0
206,264,0.0
206,200,0.0
206,189,0.0
206,362,0.0
206,17,0.0
206,16,0.0
103,125,1.0
103,476,1.0
103,415,1.0
103,17,1.0
103,19,1.0
103,284,0.9922778767136677
103,416,0.9892034623538708
103,134,0.982644364389696
103,352,0.9761870601839528
103,89,0.9659377383070372
286,125,2.0
286,284,2.0
286,190,2.0
286,19,2.0
286,824,1.9850304671557042
286,78,1.9551434799378944
286,89,1.9522660130666947
286,352,1.9204794334509905
286,134,1.9121070399763185
286,16,1.8798091113851636
145,119,0.0
145,20,0.0
145,399,0.0
145,476,0.0
145,264,0.0
145,200,0.0
145,189,0.0
145,362,0.0
145,17,0.0
145,16,0.0
345,119,0.0
345,20,0.0
345,399,0.0
345,476,0.0
345,264,0.0
345,200,0.0
345,189,0.0
345,362,0.0
345,17,0.0
345,16,0.0
282,119,0.0
282,20,0.0
282,399,0.0
282,476,0.0
282,264,0.0
282,200,0.0
282,189,0.0
282,362,0.0
282,17,0.0
282,16,0.0
143,119,0.0
143,20,0.0
143,399,0.0
143,476,0.0
143,264,0.0
143,200,0.0
143,189,0.0
143,362,0.0
143,17,0.0
143,16,0.0
160,119,0.0
160,20,0.0
160,399,0.0
160,476,0.0
160,264,0.0
160,200,0.0
160,189,0.0
160,362,0.0
160,17,0.0
160,16,0.0
381,119,0.0
381,20,0.0
381,399,0.0
381,476,0.0
381,264,0.0
381,200,0.0
381,189,0.0
381,362,0.0
381,17,0.0
381,16,0.0
335,125,10.0
335,19,10.0
335,190,9.968917710624464
335,284,9.962729014079574
335,352,9.77316244040338
335,416,9.713747823643265
335,824,9.561560627347262
335,189,9.51728626155183
335,16,9.338362575634061
335,134,9.324551120096327
398,119,0.0
398,20,0.0
398,399,0.0
398,476,0.0
398,264,0.0
398,200,0.0
398,189,0.0
398,362,0.0
398,17,0.0
398,16,0.0
375,415,1.0
375,19,1.0
375,190,1.0
375,125,1.0
375,17,1.0
375,476,1.0
375,77,1.0
375,284,0.9958932064677039
375,416,0.9595689816501455
375,94,0.9508240865680673
91,125,4.0
91,19,4.0
91,190,3.968917710624463
91,352,3.86066300594929
91,416,3.854103813262525
91,78,3.8324828392322265
91,94,3.76744482257082
91,89,3.766882799292476
91,310,3.759783313731716
91,16,3.7566663071498523
172,119,0.0
172,20,0.0
172,399,0.0
172,476,0.0
172,264,0.0
172,200,0.0
172,189,0.0
172,362,0.0
172,17,0.0
172,16,0.0
144,125,1.0
144,476,1.0
144,415,1.0
144,17,1.0
144,19,1.0
144,284,0.9922778767136677
144,416,0.9892034623538708
144,134,0.982644364389696
144,352,0.9761870601839528
144,89,0.9659377383070372
405,119,0.0
405,20,0.0
405,399,0.0
405,476,0.0
405,264,0.0
405,200,0.0
405,189,0.0
405,362,0.0
405,17,0.0
405,16,0.0
133,119,0.0
133,20,0.0
133,399,0.0
133,476,0.0
133,264,0.0
133,200,0.0
133,189,0.0
133,362,0.0
133,17,0.0
133,16,0.0
329,352,2.916899232360114
329,189,2.907035982498616
329,79,2.887342972003439
329,78,2.842169036256519
329,310,2.8307628236452778
329,94,2.8077022054403997
329,22,2.8011223482958294
329,20,2.7955915547464505
329,287,2.7925365140668372
329,264,2.774428048491239
185,415,1.0
185,19,1.0
185,190,1.0
185,125,1.0
185,17,1.0
185,476,1.0
185,77,1.0
185,284,0.9958932064677039
185,416,0.9595689816501455
185,94,0.9508240865680673
283,352,2.938637481144619
283,189,2.9146295143339698
283,78,2.881506513430709
283,79,2.8656991549323654
283,287,2.8451252514729357
283,310,2.832836789587769
283,264,2.817911814894668
283,399,2.81659938785457
283,94,2.8126738458082943
283,20,2.796377590611172
355,78,5.782396176226447
355,189,5.768934145880771
355,94,5.665928176179258
355,310,5.6329911413054905
355,287,5.620588746411679
355,22,5.600797039322973
355,200,5.591933487165959
355,399,5.58363284155938
355,20,5.541821570635512
355,416,4.873881900869294
157,119,0.0
157,20,0.0
157,399,0.0
157,476,0.0
157,264,0.0
157,200,0.0
157,189,0.0
157,362,0.0
157,17,0.0
157,16,0.0
347,125,2.0
347,190,2.0
347,284,2.0
347,17,2.0
347,476,2.0
347,19,2.0
347,78,1.921184696156426
347,352,1.920090978194703
347,824,1.9183760733587638
347,79,1.904644307758434
115,119,0.0
115,20,0.0
115,399,0.0
115,476,0.0
115,264,0.0
115,200,0.0
115,189,0.0
115,362,0.0
115,17,0.0
115,16,0.0
385,119,0.0
385,20,0.0
385,399,0.0
385,476,0.0
385,264,0.0
385,200,0.0
385,189,0.0
385,362,0.0
385,17,0.0
385,16,0.0
291,190,1.0
291,19,1.0
291,476,1.0
291,415,1.0
291,17,1.0
291,125,1.0
291,77,1.0
291,824,0.9960532893488778
291,284,0.9922778767136677
291,416,0.9847835588179368
89,284,1.0
89,190,1.0
89,824,1.0
89,125,1.0
89,19,1.0
89,89,0.9966290479317014
89,78,0.9857731790450276
89,134,0.9831239992280216
89,352,0.9825937103324277
89,16,0.9607409930954094
288,125,2.0
288,190,2.0
288,415,2.0
288,19,2.0
288,824,2.0
288,77,2.0
288,352,1.9462048597887462
288,416,1.9407661267207879
288,16,1.9131691985570833
288,78,1.908223402433637
148,125,1.0
148,476,1.0
148,415,1.0
148,17,1.0
148,19,1.0
148,284,0.9922778767136677
148,416,0.9892034623538708
148,134,0.982644364389696
148,352,0.9761870601839528
148,89,0.9659377383070372
182,284,3.9881710831813715
182,824,3.962012987262993
182,78,3.9103873860171086
182,89,3.8513712139071883
182,416,3.8393974765008645
182,16,3.827324155419617
182,22,3.811797519899577
182,94,3.8025967843521467
182,189,3.800408442386189
182,119,3.7826707443543266
237,125,1.0
237,190,1.0
237,415,1.0
237,416,1.0
237,476,1.0
237,17,1.0
237,19,1.0
237,284,0.9970544855015816
237,134,0.9765461505253913
237,89,0.9647638212377321
153,190,1.0
153,19,1.0
153,476,1.0
153,415,1.0
153,17,1.0
153,125,1.0
153,77,1.0
153,824,0.9960532893488778
153,284,0.9922778767136677
153,416,0.9847835588179368
359,125,1.0
359,476,1.0
359,415,1.0
359,17,1.0
359,19,1.0
359,284,0.9922778767136677
359,416,0.9892034623538708
359,134,0.982644364389696
359,352,0.9761870601839528
359,89,0.9659377383070372
255,119,0.0
255,20,0.0
255,399,0.0
255,476,0.0
255,264,0.0
255,200,0.0
255,189,0.0
255,362,0.0
255,17,0.0
255,16,0.0
147,119,0.0
147,20,0.0
147,399,0.0
147,476,0.0
147,264,0.0
147,200,0.0
147,189,0.0
147,362,0.0
147,17,0.0
147,16,0.0
198,415,4.0
198,284,3.974332694568658
198,416,3.916801406976444
198,352,3.912897288827467
198,824,3.9092413311084546
198,79,3.7822639703253786
198,78,3.7774619632952144
198,22,3.7470917759004227
198,362,3.7138619381356084
198,94,3.7041094329930795
131,119,0.0
131,20,0.0
131,399,0.0
131,476,0.0
131,264,0.0
131,200,0.0
131,189,0.0
131,362,0.0
131,17,0.0
131,16,0.0
280,119,0.0
280,20,0.0
280,399,0.0
280,476,0.0
280,264,0.0
280,200,0.0
280,189,0.0
280,362,0.0
280,17,0.0
280,16,0.0
219,119,0.0
219,20,0.0
219,399,0.0
219,476,0.0
219,264,0.0
219,200,0.0
219,189,0.0
219,362,0.0
219,17,0.0
219,16,0.0
92,17,4.0
92,415,4.0
92,476,4.0
92,125,4.0
92,19,4.0
92,284,3.980448959895039
92,190,3.89966920406481
92,824,3.8602314961782738
92,78,3.8266867104419506
92,352,3.8251881546499855
391,119,0.0
391,20,0.0
391,399,0.0
391,476,0.0
391,264,0.0
391,200,0.0
391,189,0.0
391,362,0.0
391,17,0.0
391,16,0.0
366,125,3.0
366,19,3.0
366,284,2.9881710831813715
366,190,2.930751493440347
366,89,2.9249165897837504
366,352,2.9235460324640132
366,824,2.9131880417595766
366,78,2.883536091908816
366,416,2.8635954676435675
366,94,2.834848086548395
119,19,1.0
119,284,1.0
119,125,1.0
119,190,1.0
119,415,1.0
119,17,1.0
119,476,1.0
119,77,1.0
119,824,0.9850304671557042
119,78,0.9693703008928667
93,119,0.0
93,20,0.0
93,399,0.0
93,476,0.0
93,264,0.0
93,200,0.0
93,189,0.0
93,362,0.0
93,17,0.0
93,16,0.0
247,119,0.0
247,20,0.0
247,399,0.0
247,476,0.0
247,264,0.0
247,200,0.0
247,189,0.0
247,362,0.0
247,17,0.0
247,16,0.0
221,119,0.0
221,20,0.0
221,399,0.0
221,476,0.0
221,264,0.0
221,200,0.0
221,189,0.0
221,362,0.0
221,17,0.0
221,16,0.0
408,190,2.0
408,125,2.0
408,415,2.0
408,17,2.0
408,476,2.0
408,19,2.0
408,284,1.9970544855015815
408,89,1.9204007863727253
408,134,1.905529191273688
408,78,1.9049529425580403
350,119,0.0
350,20,0.0
350,399,0.0
350,476,0.0
350,264,0.0
350,200,0.0
350,189,0.0
350,362,0.0
350,17,0.0
350,16,0.0
406,284,1.0
406,416,1.0
406,134,1.0
406,824,1.0
406,77,1.0
406,22,0.9979253089684582
406,78,0.9970544855015816
406,16,0.9938837346736189
406,189,0.9851790747308261
406,79,0.9825937103324277
121,125,4.0
121,19,4.0
121,284,3.9768336301410034
121,190,3.89966920406481
121,352,3.8831921119384796
121,824,3.8712543183714474
121,416,3.8705701118680356
121,89,3.8621750774324015
121,94,3.8060435636720698
121,189,3.792996263658999
212,824,3.0
212,134,2.9742624800675603
212,416,2.9295293604012116
212,78,2.9230448421950426
212,16,2.9086413782797216
212,189,2.869208318519754
212,94,2.8603422162610364
212,119,2.8520338536582663
212,89,2.849674487918729
212,287,2.8208615849808276
80,119,0.0
80,20,0.0
80,399,0.0
80,476,0.0
80,264,0.0
80,200,0.0
80,189,0.0
80,362,0.0
80,17,0.0
80,16,0.0
140,119,0.0
140,20,0.0
140,399,0.0
140,476,0.0
140,264,0.0
140,200,0.0
140,189,0.0
140,362,0.0
140,17,0.0
140,16,0.0
230,119,0.0
230,20,0.0
230,399,0.0
230,476,0.0
230,264,0.0
230,200,0.0
230,189,0.0
230,362,0.0
230,17,0.0
230,16,0.0
110,119,0.0
110,20,0.0
110,399,0.0
110,476,0.0
110,264,0.0
110,200,0.0
110,189,0.0
110,362,0.0
110,17,0.0
110,16,0.0
114,415,1.0
114,476,1.0
114,125,1.0
114,17,1.0
114,19,1.0
114,77,1.0
114,284,0.9922778767136677
114,190,0.9689177106244632
114,416,0.9650054712111679
114,824,0.9620129872629928
111,125,1.0
111,476,1.0
111,415,1.0
111,17,1.0
111,19,1.0
111,284,0.9922778767136677
111,416,0.9892034623538708
111,134,0.982644364389696
111,352,0.9761870601839528
111,89,0.9659377383070372
86,284,2.9861616113872866
86,416,2.9392939367161706
86,352,2.9224390991495963
86,824,2.895358593466052
86,78,2.878654594202347
86,22,2.846103278874226
86,79,2.8412956978835586
86,134,2.811570799142311
86,287,2.8084263116547232
86,119,2.803838843009208
203,415,4.0
203,17,4.0
203,476,4.0
203,125,4.0
203,19,4.0
203,284,3.980448959895039
203,190,3.89966920406481
203,352,3.810702481078265
203,78,3.805619471510217
203,89,3.801433954969677
152,125,4.0
152,190,4.0
152,19,4.0
152,824,3.9144293627076414
152,352,3.8960775191854236
152,189,3.8064959972932186
152,78,3.802691209587135
152,89,3.8005117007429154
152,79,3.7737144147590977
152,310,3.7387250506482883
211,119,0.0
211,20,0.0
211,399,0.0
211,476,0.0
211,264,0.0
211,200,0.0
211,189,0.0
211,362,0.0
211,17,0.0
211,16,0.0
253,119,0.0
253,20,0.0
253,399,0.0
253,476,0.0
253,264,0.0
253,200,0.0
253,189,0.0
253,362,0.0
253,17,0.0
253,16,0.0
141,119,0.0
141,20,0.0
141,399,0.0
141,476,0.0
141,264,0.0
141,200,0.0
141,189,0.0
141,362,0.0
141,17,0.0
141,16,0.0
300,119,0.0
300,20,0.0
300,399,0.0
300,476,0.0
300,264,0.0
300,200,0.0
300,189,0.0
300,362,0.0
300,17,0.0
300,16,0.0
409,125,2.0
409,284,2.0
409,190,2.0
409,19,2.0
409,824,1.9850304671557042
409,78,1.9551434799378944
409,89,1.9522660130666947
409,352,1.9204794334509905
409,134,1.9121070399763185
409,16,1.8798091113851636
407,119,0.0
407,20,0.0
407,399,0.0
407,476,0.0
407,264,0.0
407,200,0.0
407,189,0.0
407,362,0.0
407,17,0.0
407,16,0.0
372,119,0.0
372,20,0.0
372,399,0.0
372,476,0.0
372,264,0.0
372,200,0.0
372,189,0.0
372,362,0.0
372,17,0.0
372,16,0.0
174,19,1.0
174,824,1.0
174,415,1.0
174,125,1.0
174,190,1.0
174,77,1.0
174,352,0.9979253089684582
174,362,0.9906949931273519
174,89,0.9805806756909201
174,78,0.9690941652527747
336,119,0.0
336,20,0.0
336,399,0.0
336,476,0.0
336,264,0.0
336,200,0.0
336,189,0.0
336,362,0.0
336,17,0.0
336,16,0.0
387,19,2.0
387,415,2.0
387,17,2.0
387,476,2.0
387,125,2.0
387,77,2.0
387,284,1.9845557534273355
387,190,1.968917710624463
387,824,1.9580662766118706
387,416,1.9497890300291045
175,119,0.0
175,20,0.0
175,399,0.0
175,476,0.0
175,264,0.0
175,200,0.0
175,189,0.0
175,362,0.0
175,17,0.0
175,16,0.0
88,119,0.0
88,20,0.0
88,399,0.0
88,476,0.0
88,264,0.0
88,200,0.0
88,189,0.0
88,362,0.0
88,17,0.0
88,16,0.0
107,119,0.0
107,20,0.0
107,399,0.0
107,476,0.0
107,264,0.0
107,200,0.0
107,189,0.0
107,362,0.0
107,17,0.0
107,16,0.0
281,19,2.0
281,415,2.0
281,476,2.0
281,17,2.0
281,125,2.0
281,77,2.0
281,284,1.9881710831813715
281,190,1.968917710624463
281,416,1.9245744528613133
281,78,1.906492482538766
97,125,10.0
97,19,10.0
97,284,9.970225901036363
97,190,9.884056462486583
97,824,9.775252646543478
97,352,9.739462913754833
97,416,9.647373702212175
97,78,9.529872621548739
97,22,9.4500577865924
97,310,9.355863249947978
179,125,4.0
179,19,4.0
179,190,3.968917710624463
179,824,3.8803890606217566
179,352,3.8478806854356535
179,78,3.820955370490155
179,189,3.7610979075885327
179,134,3.756054621780965
179,119,3.7498144604262844
179,310,3.745868525319124
404,125,1.0
404,476,1.0
404,415,1.0
404,17,1.0
404,19,1.0
404,284,0.9922778767136677
404,416,0.9892034623538708
404,134,0.982644364389696
404,352,0.9761870601839528
404,89,0.9659377383070372
267,119,0.0
267,20,0.0
267,399,0.0
267,476,0.0
267,264,0.0
267,200,0.0
267,189,0.0
267,362,0.0
267,17,0.0
267,16,0.0
270,119,0.0
270,20,0.0
270,399,0.0
270,476,0.0
270,264,0.0
270,200,0.0
270,189,0.0
270,362,0.0
270,17,0.0
270,16,0.0
229,415,1.0
229,19,1.0
229,190,1.0
229,125,1.0
229,17,1.0
229,476,1.0
229,77,1.0
229,284,0.9958932064677039
229,416,0.9595689816501455
229,94,0.9508240865680673
252,415,1.0
252,476,1.0
252,125,1.0
252,17,1.0
252,19,1.0
252,77,1.0
252,284,0.9922778767136677
252,190,0.9689177106244632
252,416,0.9650054712111679
252,824,0.9620129872629928
163,284,1.0
163,190,1.0
163,824,1.0
163,125,1.0
163,19,1.0
163,89,0.9966290479317014
163,78,0.9857731790450276
163,134,0.9831239992280216
163,352,0.9825937103324277
163,16,0.9607409930954094
321,119,0.0
321,20,0.0
321,399,0.0
321,476,0.0
321,264,0.0
321,200,0.0
321,189,0.0
321,362,0.0
321,17,0.0
321,16,0.0
210,119,0.0
210,20,0.0
210,399,0.0
210,476,0.0
210,264,0.0
210,200,0.0
210,189,0.0
210,362,0.0
210,17,0.0
210,16,0.0
176,119,0.0
176,20,0.0
176,399,0.0
176,476,0.0
176,264,0.0
176,200,0.0
176,189,0.0
176,362,0.0
176,17,0.0
176,16,0.0
194,119,0.0
194,20,0.0
194,399,0.0
194,476,0.0
194,264,0.0
194,200,0.0
194,189,0.0
194,362,0.0
194,17,0.0
194,16,0.0
171,119,0.0
171,20,0.0
171,399,0.0
171,476,0.0
171,264,0.0
171,200,0.0
171,189,0.0
171,362,0.0
171,17,0.0
171,16,0.0
166,19,1.0
166,824,1.0
166,415,1.0
166,125,1.0
166,190,1.0
166,77,1.0
166,352,0.9979253089684582
166,362,0.9906949931273519
166,89,0.9805806756909201
166,78,0.9690941652527747
277,824,2.0
277,77,2.0
277,284,1.995893206467704
277,78,1.9650607102867852
277,22,1.9599313514218166
277,16,1.9530362827200092
277,416,1.9428143858046365
277,89,1.9250007436989107
277,362,1.9161952345403135
277,189,1.9144481612258057
218,119,0.0
218,20,0.0
218,399,0.0
218,476,0.0
218,264,0.0
218,200,0.0
218,189,0.0
218,362,0.0
218,17,0.0
218,16,0.0
402,78,1.9693703008928667
402,79,1.9469885812764063
402,189,1.9195296886809607
402,352,1.9005366632724618
402,22,1.897969313472978
402,119,1.883236286693298
402,310,1.882250494569003
402,264,1.8660149656216194
402,287,1.8647125093380785
402,399,1.8124647656931994
360,352,3.863249341759951
360,189,3.8426172134989853
360,79,3.813612902377859
360,78,3.8017225329418145
360,310,3.7720132584140385
360,94,3.7461859802582564
360,22,3.7247695938697603
360,287,3.7141872976307493
360,264,3.6834404000706593
360,255,3.594276639661227
365,190,5.0
365,125,5.0
365,19,5.0
365,134,4.812304532912274
365,352,4.809419772472972
365,89,4.7772912030546415
365,78,4.743355647429436
365,189,4.7035544958242435
365,94,4.68907043717699
365,416,4.669346037611792
362,284,1.0
362,190,1.0
362,125,1.0
362,476,1.0
362,17,1.0
362,19,1.0
362,352,0.9822052550761403
362,416,0.9742884655050025
362,189,0.9723367942782885
362,134,0.9626509401538988
363,190,1.0
363,415,1.0
363,824,1.0
363,125,1.0
363,19,1.0
363,77,1.0
363,416,0.9979517409161514
363,134,0.9911384808395389
363,352,0.9814395978411133
363,16,0.9540166505106932
196,119,0.0
196,20,0.0
196,399,0.0
196,476,0.0
196,264,0.0
196,200,0.0
196,189,0.0
196,362,0.0
196,17,0.0
196,16,0.0
388,119,0.0
388,20,0.0
388,399,0.0
388,476,0.0
388,264,0.0
388,200,0.0
388,189,0.0
388,362,0.0
388,17,0.0
388,16,0.0
390,125,4.0
390,19,4.0
390,284,3.9881710831813715
390,190,3.968917710624463
390,78,3.8616359624766603
390,89,3.8321252645943407
390,352,3.81710913122674
390,310,3.743303978810875
390,94,3.741026020474527
390,189,3.7383152261703394
223,119,0.0
223,20,0.0
223,399,0.0
223,476,0.0
223,264,0.0
223,200,0.0
223,189,0.0
223,362,0.0
223,17,0.0
223,16,0.0
301,119,0.0
301,20,0.0
301,399,0.0
301,476,0.0
301,264,0.0
301,200,0.0
301,189,0.0
301,362,0.0
301,17,0.0
301,16,0.0
73,119,0.0
73,20,0.0
73,399,0.0
73,476,0.0
73,264,0.0
73,200,0.0
73,189,0.0
73,362,0.0
73,17,0.0
73,16,0.0
315,352,5.774374680095841
315,79,5.639835893857171
315,89,5.634963899482345
315,189,5.631671974272213
315,22,5.588224964720551
315,119,5.582481740550416
315,264,5.557110554559836
315,287,5.553041940355494
315,362,5.493370624120713
315,399,5.481131195769883
306,77,2.0
306,284,1.9929476919692855
306,89,1.9623498035450118
306,352,1.9618197474492143
306,22,1.931100207706133
306,16,1.9264392502998822
306,79,1.9165822322032593
306,20,1.881204280249208
306,94,1.8794373753079798
306,200,1.8717330066859335
312,352,3.936886398602788
312,189,3.783601473735144
312,310,3.7684581293456136
312,79,3.7609545744023984
312,89,3.750759429140081
312,287,3.730333779751848
312,119,3.728154409492586
312,22,3.7277467530830117
312,20,3.708357315456956
312,264,3.6858062852334816
309,125,2.0
309,476,2.0
309,17,2.0
309,415,2.0
309,19,2.0
309,284,1.9881710831813715
309,352,1.9409523221315856
309,416,1.9320178481585073
309,190,1.9307514934403471
309,89,1.928287541852049
279,824,5.947043454418697
279,78,5.819974864558408
279,16,5.700408924220064
279,89,5.69740267887531
279,189,5.653588324696064
279,119,5.6291615996697075
279,94,5.623882355798188
279,22,5.601551064931443
279,416,5.592382335809659
279,134,5.589143685077989
358,78,1.0
358,189,1.0
358,79,0.9966290479317014
358,22,0.9805806756909201
358,119,0.9698668689170864
358,399,0.9659377383070372
358,310,0.9647638212377321
358,352,0.962650940153899
358,287,0.9623498035450118
358,200,0.9556369651349932
233,119,0.0
233,20,0.0
233,399,0.0
233,476,0.0
233,264,0.0
233,200,0.0
233,189,0.0
233,362,0.0
233,17,0.0
233,16,0.0
348,119,0.0
348,20,0.0
348,399,0.0
348,476,0.0
348,264,0.0
348,200,0.0
348,189,0.0
348,362,0.0
348,17,0.0
348,16,0.0
227,119,0.0
227,20,0.0
227,399,0.0
227,476,0.0
227,264,0.0
227,200,0.0
227,189,0.0
227,362,0.0
227,17,0.0
227,16,0.0
273,284,1.993883734673619
273,352,1.9760889897497593
273,416,1.9742884655050026
273,134,1.9382886391030811
273,824,1.9333456062030594
273,22,1.922456033300295
273,78,1.9191010975170513
273,79,1.9150257675091384
273,287,1.8867755280908107
273,264,1.8791858705076183
162,190,1.0
162,415,1.0
162,824,1.0
162,125,1.0
162,19,1.0
162,77,1.0
162,416,0.9979517409161514
162,134,0.9911384808395389
162,352,0.9814395978411133
162,16,0.9540166505106932
106,125,5.0
106,17,5.0
106,476,5.0
106,415,5.0
106,19,5.0
106,284,4.9775034453966205
106,190,4.9689177106244635
106,89,4.770126906817458
106,352,4.74201616207518
106,78,4.72385777327474
169,119,0.0
169,20,0.0
169,399,0.0
169,476,0.0
169,264,0.0
169,200,0.0
169,189,0.0
169,362,0.0
169,17,0.0
169,16,0.0
302,119,0.0
302,20,0.0
302,399,0.0
302,476,0.0
302,264,0.0
302,200,0.0
302,189,0.0
302,362,0.0
302,17,0.0
302,16,0.0
310,119,0.0
310,20,0.0
310,399,0.0
310,476,0.0
310,264,0.0
310,200,0.0
310,189,0.0
310,362,0.0
310,17,0.0
310,16,0.0
298,119,0.0
298,20,0.0
298,399,0.0
298,476,0.0
298,264,0.0
298,200,0.0
298,189,0.0
298,362,0.0
298,17,0.0
298,16,0.0
274,78,1.0
274,189,1.0
274,79,0.9966290479317014
274,22,0.9805806756909201
274,119,0.9698668689170864
274,399,0.9659377383070372
274,310,0.9647638212377321
274,352,0.962650940153899
274,287,0.9623498035450118
274,200,0.9556369651349932
340,125,2.0
340,190,2.0
340,19,2.0
340,284,1.995893206467704
340,89,1.9467468771827712
340,352,1.93287329870834
340,78,1.932712164898498
340,94,1.9051088609817963
340,416,1.8911466011352056
340,16,1.8891027770349604
246,352,6.810623046399638
246,89,6.758594337987701
246,94,6.639932223592527
246,79,6.597286352288541
246,189,6.589919573986256
246,310,6.531214366539539
246,16,6.504536813738204
246,362,6.486468533315235
246,255,6.343737213789338
246,200,6.343388170763452
342,119,0.0
342,20,0.0
342,399,0.0
342,476,0.0
342,264,0.0
342,200,0.0
342,189,0.0
342,362,0.0
342,17,0.0
342,16,0.0
292,415,1.0
292,19,1.0
292,190,1.0
292,125,1.0
292,17,1.0
292,476,1.0
292,77,1.0
292,284,0.9958932064677039
292,416,0.9595689816501455
292,94,0.9508240865680673
135,415,1.0
135,476,1.0
135,125,1.0
135,17,1.0
135,19,1.0
135,77,1.0
135,284,0.9922778767136677
135,190,0.9689177106244632
135,416,0.9650054712111679
135,824,0.9620129872629928
214,19,2.0
214,415,2.0
214,17,2.0
214,476,2.0
214,125,2.0
214,77,2.0
214,284,1.9845557534273355
214,190,1.968917710624463
214,824,1.9580662766118706
214,416,1.9497890300291045
192,352,7.761320753736356
192,189,7.559319303441214
192,310,7.513985823389897
192,94,7.49424972096896
192,22,7.493828927274249
192,119,7.480548834007758
192,200,7.337411325105817
192,16,6.554235158603845
192,362,6.419207658010387
192,125,6.0
278,284,3.9881710831813715
278,824,3.962012987262993
278,78,3.9103873860171086
278,89,3.8513712139071883
278,416,3.8393974765008645
278,16,3.827324155419617
278,22,3.811797519899577
278,94,3.8025967843521467
278,189,3.800408442386189
278,119,3.7826707443543266
319,415,1.0
319,19,1.0
319,190,1.0
319,125,1.0
319,17,1.0
319,476,1.0
319,77,1.0
319,284,0.9958932064677039
319,416,0.9595689816501455
319,94,0.9508240865680673
186,415,3.0
186,17,3.0
186,476,3.0
186,125,3.0
186,19,3.0
186,284,2.9881710831813715
186,190,2.930751493440347
186,352,2.906424535572088
186,416,2.880350063489076
186,22,2.8486119612769785
234,119,0.0
234,20,0.0
234,399,0.0
234,476,0.0
234,264,0.0
234,200,0.0
234,189,0.0
234,362,0.0
234,17,0.0
234,16,0.0
330,119,0.0
330,20,0.0
330,399,0.0
330,476,0.0
330,264,0.0
330,200,0.0
330,189,0.0
330,362,0.0
330,17,0.0
330,16,0.0
378,119,0.0
378,20,0.0
378,399,0.0
378,476,0.0
378,264,0.0
378,200,0.0
378,189,0.0
378,362,0.0
378,17,0.0
378,16,0.0
394,119,0.0
394,20,0.0
394,399,0.0
394,476,0.0
394,264,0.0
394,200,0.0
394,189,0.0
394,362,0.0
394,17,0.0
394,16,0.0
295,119,0.0
295,20,0.0
295,399,0.0
295,476,0.0
295,264,0.0
295,200,0.0
295,189,0.0
295,362,0.0
295,17,0.0
295,16,0.0
241,119,0.0
241,20,0.0
241,399,0.0
241,476,0.0
241,264,0.0
241,200,0.0
241,189,0.0
241,362,0.0
241,17,0.0
241,16,0.0
132,125,1.0
132,476,1.0
132,415,1.0
132,17,1.0
132,19,1.0
132,284,0.9922778767136677
132,416,0.9892034623538708
132,134,0.982644364389696
132,352,0.9761870601839528
132,89,0.9659377383070372
222,119,0.0
222,20,0.0
222,399,0.0
222,476,0.0
222,264,0.0
222,200,0.0
222,189,0.0
222,362,0.0
222,17,0.0
222,16,0.0
224,119,0.0
224,20,0.0
224,399,0.0
224,476,0.0
224,264,0.0
224,200,0.0
224,189,0.0
224,362,0.0
224,17,0.0
224,16,0.0
303,119,0.0
303,20,0.0
303,399,0.0
303,476,0.0
303,264,0.0
303,200,0.0
303,189,0.0
303,362,0.0
303,17,0.0
303,16,0.0
217,119,0.0
217,20,0.0
217,399,0.0
217,476,0.0
217,264,0.0
217,200,0.0
217,189,0.0
217,362,0.0
217,17,0.0
217,16,0.0
293,119,0.0
293,20,0.0
293,399,0.0
293,476,0.0
293,264,0.0
293,200,0.0
293,189,0.0
293,362,0.0
293,17,0.0
293,16,0.0
240,125,3.0
240,17,3.0
240,476,3.0
240,415,3.0
240,19,3.0
240,284,2.9816102389289174
240,416,2.9542089335650386
240,190,2.89966920406481
240,89,2.860442981821346
240,352,2.8519766787423957
158,119,0.0
158,20,0.0
158,399,0.0
158,476,0.0
158,264,0.0
158,200,0.0
158,189,0.0
158,362,0.0
158,17,0.0
158,16,0.0
204,415,1.0
204,19,1.0
204,190,1.0
204,125,1.0
204,17,1.0
204,476,1.0
204,77,1.0
204,284,0.9958932064677039
204,416,0.9595689816501455
204,94,0.9508240865680673
294,190,2.0
294,125,2.0
294,17,2.0
294,476,2.0
294,19,2.0
294,284,1.995893206467704
294,416,1.933857447155148
294,352,1.9324848434520525
294,189,1.905162050607284
294,78,1.8987533811170296
367,125,4.0
367,19,4.0
367,190,3.930751493440347
367,352,3.906985667860751
367,89,3.8932652911807284
367,416,3.848904201388372
367,78,3.8315630182298572
367,94,3.8159611655301817
367,310,3.7781289775760305
367,362,3.7720990863989052
77,284,2.9922778767136675
77,134,2.965768363617718
77,89,2.9252177263926376
77,416,2.920781081838931
77,824,2.9131880417595766
77,78,2.9125843526251938
77,94,2.8894303615801147
77,189,2.875693536357435
77,22,2.854519939994577
77,119,2.8411983575443402
337,89,8.601339004802686
337,16,8.500375716058159
337,94,8.490482718024463
337,189,8.488143119560362
337,79,8.451410736959508
337,310,8.36636248682018
337,362,8.364465492301989
337,399,8.204770301620943
337,824,7.715026979384625
337,416,7.573711394691976
138,119,0.0
138,20,0.0
138,399,0.0
138,476,0.0
138,264,0.0
138,200,0.0
138,189,0.0
138,362,0.0
138,17,0.0
138,16,0.0
226,119,0.0
226,20,0.0
226,399,0.0
226,476,0.0
226,264,0.0
226,200,0.0
226,189,0.0
226,362,0.0
226,17,0.0
226,16,0.0
399,476,2.0
399,125,2.0
399,17,2.0
399,19,2.0
399,284,1.9922778767136677
399,190,1.968917710624463
399,416,1.9392939367161703
399,352,1.9285553644759774
399,78,1.9113678919488548
399,189,1.9079180252786578
243,190,1.0
243,19,1.0
243,476,1.0
243,415,1.0
243,17,1.0
243,125,1.0
243,77,1.0
243,824,0.9960532893488778
243,284,0.9922778767136677
243,416,0.9847835588179368
124,415,1.0
124,476,1.0
124,125,1.0
124,17,1.0
124,19,1.0
124,77,1.0
124,284,0.9922778767136677
124,190,0.9689177106244632
124,416,0.9650054712111679
124,824,0.9620129872629928
126,415,1.0
126,476,1.0
126,125,1.0
126,17,1.0
126,19,1.0
126,77,1.0
126,284,0.9922778767136677
126,190,0.9689177106244632
126,416,0.9650054712111679
126,824,0.9620129872629928
276,119,0.0
276,20,0.0
276,399,0.0
276,476,0.0
276,264,0.0
276,200,0.0
276,189,0.0
276,362,0.0
276,17,0.0
276,16,0.0
112,119,0.0
112,20,0.0
112,399,0.0
112,476,0.0
112,264,0.0
112,200,0.0
112,189,0.0
112,362,0.0
112,17,0.0
112,16,0.0
311,119,0.0
311,20,0.0
311,399,0.0
311,476,0.0
311,264,0.0
311,200,0.0
311,189,0.0
311,362,0.0
311,17,0.0
311,16,0.0
244,125,3.0
244,17,3.0
244,415,3.0
244,476,3.0
244,19,3.0
244,77,3.0
244,284,2.980448959895039
244,190,2.968917710624463
244,416,2.90935801167925
244,352,2.8746909297980117
72,119,0.0
72,20,0.0
72,399,0.0
72,476,0.0
72,264,0.0
72,200,0.0
72,189,0.0
72,362,0.0
72,17,0.0
72,16,0.0
202,125,5.0
202,415,5.0
202,17,5.0
202,476,5.0
202,19,5.0
202,284,4.969781322110288
202,190,4.899669204064811
202,416,4.898561474033121
202,89,4.780427679989502
202,352,4.78031749914057
122,119,0.0
122,20,0.0
122,399,0.0
122,476,0.0
122,264,0.0
122,200,0.0
122,189,0.0
122,362,0.0
122,17,0.0
122,16,0.0
81,119,0.0
81,20,0.0
81,399,0.0
81,476,0.0
81,264,0.0
81,200,0.0
81,189,0.0
81,362,0.0
81,17,0.0
81,16,0.0
261,284,2.9970544855015815
261,89,2.9522660130666942
261,352,2.9175339189525724
261,16,2.8470958136386555
261,22,2.8147017259386624
261,189,2.807387813202322
261,310,2.8051839107069956
261,94,2.8035325543521625
261,287,2.801177983736502
261,264,2.798337464959313
264,190,1.0
264,415,1.0
264,824,1.0
264,125,1.0
264,19,1.0
264,77,1.0
264,416,0.9979517409161514
264,134,0.9911384808395389
264,352,0.9814395978411133
264,16,0.9540166505106932
102,119,0.0
102,20,0.0
102,399,0.0
102,476,0.0
102,264,0.0
102,200,0.0
102,189,0.0
102,362,0.0
102,17,0.0
102,16,0.0
232,119,0.0
232,20,0.0
232,399,0.0
232,476,0.0
232,264,0.0
232,200,0.0
232,189,0.0
232,362,0.0
232,17,0.0
232,16,0.0
263,415,1.0
263,476,1.0
263,125,1.0
263,17,1.0
263,19,1.0
263,77,1.0
263,284,0.9922778767136677
263,190,0.9689177106244632
263,416,0.9650054712111679
263,824,0.9620129872629928
268,119,0.0
268,20,0.0
268,399,0.0
268,476,0.0
268,264,0.0
268,200,0.0
268,189,0.0
268,362,0.0
268,17,0.0
268,16,0.0
396,125,3.0
396,19,3.0
396,284,2.9922778767136675
396,190,2.968917710624463
396,824,2.947043454418697
396,78,2.91469697662319
396,89,2.8820074353432714
396,352,2.8668295428508275
396,310,2.8108517038105827
396,189,2.8054899698413442
397,125,4.0
397,19,4.0
397,284,3.9881710831813715
397,190,3.968917710624463
397,78,3.8616359624766603
397,89,3.8321252645943407
397,352,3.81710913122674
397,310,3.743303978810875
397,94,3.741026020474527
397,189,3.7383152261703394
129,119,0.0
129,20,0.0
129,399,0.0
129,476,0.0
129,264,0.0
129,200,0.0
129,189,0.0
129,362,0.0
129,17,0.0
129,16,0.0
333,352,5.7782941920834965
333,78,5.716667743580489
333,189,5.704711556322961
333,79,5.679923298271384
333,94,5.624633046870744
333,22,5.616316896350456
333,310,5.612577509708258
333,255,5.421549628724225
333,200,5.41226619722352
333,17,5.0
369,284,1.0
369,190,1.0
369,824,1.0
369,125,1.0
369,19,1.0
369,89,0.9966290479317014
369,78,0.9857731790450276
369,134,0.9831239992280216
369,352,0.9825937103324277
369,16,0.9607409930954094
259,125,2.0
259,17,2.0
259,476,2.0
259,415,2.0
259,19,2.0
259,284,1.9845557534273355
259,416,1.9542089335650386
259,352,1.9225371695837898
259,190,1.8996692040648102
259,89,1.8956791605836139
161,125,3.0
161,17,3.0
161,476,3.0
161,415,3.0
161,19,3.0
161,77,3.0
161,284,2.9881710831813715
161,190,2.968917710624463
161,78,2.8758627834316326
161,89,2.83549621666264
403,125,5.0
403,415,5.0
403,476,5.0
403,17,5.0
403,19,5.0
403,284,4.9727268366087065
403,190,4.899669204064811
403,352,4.830835876994187
403,416,4.830139093518182
403,94,4.723624241273647
258,19,4.0
258,415,4.0
258,125,4.0
258,190,4.0
258,77,4.0
258,824,3.9810837565045825
258,352,3.895311861950397
258,89,3.796479009576128
258,78,3.791093991972009
258,189,3.7678093966438446
215,119,0.0
215,20,0.0
215,399,0.0
215,476,0.0
215,264,0.0
215,200,0.0
215,189,0.0
215,362,0.0
215,17,0.0
215,16,0.0
164,78,1.0
164,189,1.0
164,79,0.9966290479317014
164,22,0.9805806756909201
164,119,0.9698668689170864
164,399,0.9659377383070372
164,310,0.9647638212377321
164,352,0.962650940153899
164,287,0.9623498035450118
164,200,0.9556369651349932
357,119,0.0
357,20,0.0
357,399,0.0
357,476,0.0
357,264,0.0
357,200,0.0
357,189,0.0
357,362,0.0
357,17,0.0
357,16,0.0
190,125,2.0
190,17,2.0
190,476,2.0
190,415,2.0
190,19,2.0
190,284,1.9845557534273355
190,416,1.9542089335650386
190,352,1.9225371695837898
190,190,1.8996692040648102
190,89,1.8956791605836139
307,119,0.0
307,20,0.0
307,399,0.0
307,476,0.0
307,264,0.0
307,200,0.0
307,189,0.0
307,362,0.0
307,17,0.0
307,16,0.0
238,119,0.0
238,20,0.0
238,399,0.0
238,476,0.0
238,264,0.0
238,200,0.0
238,189,0.0
238,362,0.0
238,17,0.0
238,16,0.0
165,119,0.0
165,20,0.0
165,399,0.0
165,476,0.0
165,264,0.0
165,200,0.0
165,189,0.0
165,362,0.0
165,17,0.0
165,16,0.0
225,119,0.0
225,20,0.0
225,399,0.0
225,476,0.0
225,264,0.0
225,200,0.0
225,189,0.0
225,362,0.0
225,17,0.0
225,16,0.0
242,119,0.0
242,20,0.0
242,399,0.0
242,476,0.0
242,264,0.0
242,200,0.0
242,189,0.0
242,362,0.0
242,17,0.0
242,16,0.0
338,125,5.0
338,415,5.0
338,476,5.0
338,17,5.0
338,19,5.0
338,284,4.9727268366087065
338,190,4.899669204064811
338,824,4.856284785527151
338,352,4.803249386672247
338,89,4.783532798180705
326,119,0.0
326,20,0.0
326,399,0.0
326,476,0.0
326,264,0.0
326,200,0.0
326,189,0.0
326,362,0.0
326,17,0.0
326,16,0.0
96,119,0.0
96,20,0.0
96,399,0.0
96,476,0.0
96,264,0.0
96,200,0.0
96,189,0.0
96,362,0.0
96,17,0.0
96,16,0.0
94,119,0.0
94,20,0.0
94,399,0.0
94,476,0.0
94,264,0.0
94,200,0.0
94,189,0.0
94,362,0.0
94,17,0.0
94,16,0.0
123,119,0.0
123,20,0.0
123,399,0.0
123,476,0.0
123,264,0.0
123,200,0.0
123,189,0.0
123,362,0.0
123,17,0.0
123,16,0.0
392,284,5.981118775150657
392,78,5.776506135383591
392,89,5.725260781599283
392,22,5.678326531208982
392,79,5.677648165655629
392,94,5.6497348901483395
392,189,5.635479329558465
392,416,5.622421957058593
392,119,5.6136966355961615
392,362,5.603059059615282
343,77,2.0
343,284,1.995893206467704
343,416,1.9595689816501456
343,78,1.9439934713550517
343,94,1.9330293416442075
343,22,1.9274665689957957
343,16,1.92224551861317
343,79,1.918095053067721
343,189,1.9180043310598216
343,119,1.9163139576385229
120,119,0.0
120,20,0.0
120,399,0.0
120,476,0.0
120,264,0.0
120,200,0.0
120,189,0.0
120,362,0.0
120,17,0.0
120,16,0.0
344,352,3.9246823423504167
344,78,3.8690930324047645
344,416,3.8597007390345013
344,362,3.7949137226822325
344,824,3.7719302356170497
344,287,3.7685755960692546
344,94,3.726232271948111
344,200,3.702713425787067
344,310,3.691955229346167
344,189,3.6782792693923803
213,190,2.0
213,415,2.0
213,125,2.0
213,19,2.0
213,416,1.9685541378992955
213,89,1.9453444969286522
213,362,1.9428828842736694
213,352,1.9273648181270642
213,94,1.91107738142512
213,78,1.9046768069179483
305,119,0.0
305,20,0.0
305,399,0.0
305,476,0.0
305,264,0.0
305,200,0.0
305,189,0.0
305,362,0.0
305,17,0.0
305,16,0.0
314,119,0.0
314,20,0.0
314,399,0.0
314,476,0.0
314,264,0.0
314,200,0.0
314,189,0.0
314,362,0.0
314,17,0.0
314,16,0.0
75,119,0.0
75,20,0.0
75,399,0.0
75,476,0.0
75,264,0.0
75,200,0.0
75,189,0.0
75,362,0.0
75,17,0.0
75,16,0.0
262,284,1.0
262,190,1.0
262,824,1.0
262,125,1.0
262,19,1.0
262,89,0.9966290479317014
262,78,0.9857731790450276
262,134,0.9831239992280216
262,352,0.9825937103324277
262,16,0.9607409930954094
216,119,0.0
216,20,0.0
216,399,0.0
216,476,0.0
216,264,0.0
216,200,0.0
216,189,0.0
216,362,0.0
216,17,0.0
216,16,0.0
220,119,0.0
220,20,0.0
220,399,0.0
220,476,0.0
220,264,0.0
220,200,0.0
220,189,0.0
220,362,0.0
220,17,0.0
220,16,0.0
377,19,1.0
377,824,1.0
377,190,1.0
377,415,1.0
377,125,1.0
377,476,1.0
377,17,1.0
377,77,1.0
377,284,0.9958932064677039
377,78,0.9680062247852037
316,17,4.0
316,476,4.0
316,125,4.0
316,19,4.0
316,284,3.980448959895039
316,190,3.968917710624463
316,416,3.8836464771842527
316,352,3.856896184874152
316,189,3.807643852639675
316,78,3.770719225980259
209,125,1.0
209,476,1.0
209,415,1.0
209,17,1.0
209,19,1.0
209,284,0.9922778767136677
209,416,0.9892034623538708
209,134,0.982644364389696
209,352,0.9761870601839528
209,89,0.9659377383070372
265,119,0.0
265,20,0.0
265,399,0.0
265,476,0.0
265,264,0.0
265,200,0.0
265,189,0.0
265,362,0.0
265,17,0.0
265,16,0.0
167,125,3.0
167,19,3.0
167,284,2.9881710831813715
167,190,2.968917710624463
167,78,2.892265661583793
167,352,2.879223408108177
167,89,2.8764882994593477
167,416,2.8561520723463736
167,94,2.843592635799653
167,310,2.825817305479604
178,119,0.0
178,20,0.0
178,399,0.0
178,476,0.0
178,264,0.0
178,200,0.0
178,189,0.0
178,362,0.0
178,17,0.0
178,16,0.0
289,119,0.0
289,20,0.0
289,399,0.0
289,476,0.0
289,264,0.0
289,200,0.0
289,189,0.0
289,362,0.0
289,17,0.0
289,16,0.0
287,119,0.0
287,20,0.0
287,399,0.0
287,476,0.0
287,264,0.0
287,200,0.0
287,189,0.0
287,362,0.0
287,17,0.0
287,16,0.0
380,415,1.0
380,476,1.0
380,125,1.0
380,17,1.0
380,19,1.0
380,77,1.0
380,284,0.9922778767136677
380,190,0.9689177106244632
380,416,0.9650054712111679
380,824,0.9620129872629928
356,415,1.0
356,19,1.0
356,190,1.0
356,125,1.0
356,17,1.0
356,476,1.0
356,77,1.0
356,284,0.9958932064677039
356,416,0.9595689816501455
356,94,0.9508240865680673
354,415,1.0
354,476,1.0
354,125,1.0
354,17,1.0
354,19,1.0
354,77,1.0
354,284,0.9922778767136677
354,190,0.9689177106244632
354,416,0.9650054712111679
354,824,0.9620129872629928
376,19,1.0
376,824,1.0
376,415,1.0
376,125,1.0
376,190,1.0
376,77,1.0
376,352,0.9979253089684582
376,362,0.9906949931273519
376,89,0.9805806756909201
376,78,0.9690941652527747
346,119,0.0
346,20,0.0
346,399,0.0
346,476,0.0
346,264,0.0
346,200,0.0
346,189,0.0
346,362,0.0
346,17,0.0
346,16,0.0
101,119,0.0
101,20,0.0
101,399,0.0
101,476,0.0
101,264,0.0
101,200,0.0
101,189,0.0
101,362,0.0
101,17,0.0
101,16,0.0
109,119,0.0
109,20,0.0
109,399,0.0
109,476,0.0
109,264,0.0
109,200,0.0
109,189,0.0
109,362,0.0
109,17,0.0
109,16,0.0
191,284,1.0
191,190,1.0
191,824,1.0
191,125,1.0
191,19,1.0
191,89,0.9966290479317014
191,78,0.9857731790450276
191,134,0.9831239992280216
191,352,0.9825937103324277
191,16,0.9607409930954094
184,19,1.0
184,824,1.0
184,415,1.0
184,125,1.0
184,190,1.0
184,77,1.0
184,352,0.9979253089684582
184,362,0.9906949931273519
184,89,0.9805806756909201
184,78,0.9690941652527747
352,119,0.0
352,20,0.0
352,399,0.0
352,476,0.0
352,264,0.0
352,200,0.0
352,189,0.0
352,362,0.0
352,17,0.0
352,16,0.0
231,119,0.0
231,20,0.0
231,399,0.0
231,476,0.0
231,264,0.0
231,200,0.0
231,189,0.0
231,362,0.0
231,17,0.0
231,16,0.0
187,119,0.0
187,20,0.0
187,399,0.0
187,476,0.0
187,264,0.0
187,200,0.0
187,189,0.0
187,362,0.0
187,17,0.0
187,16,0.0
297,125,2.0
297,190,2.0
297,19,2.0
297,284,1.995893206467704
297,89,1.9467468771827712
297,352,1.93287329870834
297,78,1.932712164898498
297,94,1.9051088609817963
297,416,1.8911466011352056
297,16,1.8891027770349604
228,125,2.0
228,190,2.0
228,19,2.0
228,284,1.995893206467704
228,89,1.9467468771827712
228,352,1.93287329870834
228,78,1.932712164898498
228,94,1.9051088609817963
228,416,1.8911466011352056
228,16,1.8891027770349604
308,119,0.0
308,20,0.0
308,399,0.0
308,476,0.0
308,264,0.0
308,200,0.0
308,189,0.0
308,362,0.0
308,17,0.0
308,16,0.0
139,119,0.0
139,20,0.0
139,399,0.0
139,476,0.0
139,264,0.0
139,200,0.0
139,189,0.0
139,362,0.0
139,17,0.0
139,16,0.0
373,119,0.0
373,20,0.0
373,399,0.0
373,476,0.0
373,264,0.0
373,200,0.0
373,189,0.0
373,362,0.0
373,17,0.0
373,16,0.0
168,119,0.0
168,20,0.0
168,399,0.0
168,476,0.0
168,264,0.0
168,200,0.0
168,189,0.0
168,362,0.0
168,17,0.0
168,16,0.0
400,119,0.0
400,20,0.0
400,399,0.0
400,476,0.0
400,264,0.0
400,200,0.0
400,189,0.0
400,362,0.0
400,17,0.0
400,16,0.0
320,119,0.0
320,20,0.0
320,399,0.0
320,476,0.0
320,264,0.0
320,200,0.0
320,189,0.0
320,362,0.0
320,17,0.0
320,16,0.0
95,119,0.0
95,20,0.0
95,399,0.0
95,476,0.0
95,264,0.0
95,200,0.0
95,189,0.0
95,362,0.0
95,17,0.0
95,16,0.0
353,119,0.0
353,20,0.0
353,399,0.0
353,476,0.0
353,264,0.0
353,200,0.0
353,189,0.0
353,362,0.0
353,17,0.0
353,16,0.0
260,119,0.0
260,20,0.0
260,399,0.0
260,476,0.0
260,264,0.0
260,200,0.0
260,189,0.0
260,362,0.0
260,17,0.0
260,16,0.0
83,119,0.0
83,20,0.0
83,399,0.0
83,476,0.0
83,264,0.0
83,200,0.0
83,189,0.0
83,362,0.0
83,17,0.0
83,16,0.0
250,415,1.0
250,476,1.0
250,125,1.0
250,17,1.0
250,19,1.0
250,77,1.0
250,284,0.9922778767136677
250,190,0.9689177106244632
250,416,0.9650054712111679
250,824,0.9620129872629928
395,284,1.0
395,190,1.0
395,824,1.0
395,125,1.0
395,19,1.0
395,89,0.9966290479317014
395,78,0.9857731790450276
395,134,0.9831239992280216
395,352,0.9825937103324277
395,16,0.9607409930954094
183,119,0.0
183,20,0.0
183,399,0.0
183,476,0.0
183,264,0.0
183,200,0.0
183,189,0.0
183,362,0.0
183,17,0.0
183,16,0.0
275,119,0.0
275,20,0.0
275,399,0.0
275,476,0.0
275,264,0.0
275,200,0.0
275,189,0.0
275,362,0.0
275,17,0.0
275,16,0.0
173,19,2.0
173,415,2.0
173,476,2.0
173,17,2.0
173,125,2.0
173,77,2.0
173,284,1.9881710831813715
173,190,1.968917710624463
173,416,1.9245744528613133
173,78,1.906492482538766
272,119,0.0
272,20,0.0
272,399,0.0
272,476,0.0
272,264,0.0
272,200,0.0
272,189,0.0
272,362,0.0
272,17,0.0
272,16,0.0
304,119,0.0
304,20,0.0
304,399,0.0
304,476,0.0
304,264,0.0
304,200,0.0
304,189,0.0
304,362,0.0
304,17,0.0
304,16,0.0
318,119,0.0
318,20,0.0
318,399,0.0
318,476,0.0
318,264,0.0
318,200,0.0
318,189,0.0
318,362,0.0
318,17,0.0
318,16,0.0
125,415,1.0
125,476,1.0
125,125,1.0
125,17,1.0
125,19,1.0
125,77,1.0
125,284,0.9922778767136677
125,190,0.9689177106244632
125,416,0.9650054712111679
125,824,0.9620129872629928
374,119,0.0
374,20,0.0
374,399,0.0
374,476,0.0
374,264,0.0
374,200,0.0
374,189,0.0
374,362,0.0
374,17,0.0
374,16,0.0
317,119,0.0
317,20,0.0
317,399,0.0
317,476,0.0
317,264,0.0
317,200,0.0
317,189,0.0
317,362,0.0
317,17,0.0
317,16,0.0
177,119,0.0
177,20,0.0
177,399,0.0
177,476,0.0
177,264,0.0
177,200,0.0
177,189,0.0
177,362,0.0
177,17,0.0
177,16,0.0
149,415,1.0
149,19,1.0
149,190,1.0
149,125,1.0
149,17,1.0
149,476,1.0
149,77,1.0
149,284,0.9958932064677039
149,416,0.9595689816501455
149,94,0.9508240865680673
327,119,0.0
327,20,0.0
327,399,0.0
327,476,0.0
327,264,0.0
327,200,0.0
327,189,0.0
327,362,0.0
327,17,0.0
327,16,0.0
207,415,1.0
207,476,1.0
207,125,1.0
207,17,1.0
207,19,1.0
207,77,1.0
207,284,0.9922778767136677
207,190,0.9689177106244632
207,416,0.9650054712111679
207,824,0.9620129872629928
361,119,0.0
361,20,0.0
361,399,0.0
361,476,0.0
361,264,0.0
361,200,0.0
361,189,0.0
361,362,0.0
361,17,0.0
361,16,0.0
339,119,0.0
339,20,0.0
339,399,0.0
339,476,0.0
339,264,0.0
339,200,0.0
339,189,0.0
339,362,0.0
339,17,0.0
339,16,0.0
351,119,0.0
351,20,0.0
351,399,0.0
351,476,0.0
351,264,0.0
351,200,0.0
351,189,0.0
351,362,0.0
351,17,0.0
351,16,0.0
266,119,0.0
266,20,0.0
266,399,0.0
266,476,0.0
266,264,0.0
266,200,0.0
266,189,0.0
266,362,0.0
266,17,0.0
266,16,0.0
386,119,0.0
386,20,0.0
386,399,0.0
386,476,0.0
386,264,0.0
386,200,0.0
386,189,0.0
386,362,0.0
386,17,0.0
386,16,0.0
285,78,2.9453266757303234
285,352,2.8915947598861638
285,189,2.8859602811603837
285,310,2.858128851717044
285,119,2.853706975774585
285,399,2.8386616879911504
285,22,2.8324468441686808
285,287,2.814809640267156
285,264,2.7946315235657835
285,94,2.7871957402315015
127,119,0.0
127,20,0.0
127,399,0.0
127,476,0.0
127,264,0.0
127,200,0.0
127,189,0.0
127,362,0.0
127,17,0.0
127,16,0.0
341,19,1.0
341,824,1.0
341,415,1.0
341,125,1.0
341,190,1.0
341,77,1.0
341,352,0.9979253089684582
341,362,0.9906949931273519
341,89,0.9805806756909201
341,78,0.9690941652527747
130,284,1.0
130,416,1.0
130,134,1.0
130,824,1.0
130,77,1.0
130,22,0.9979253089684582
130,78,0.9970544855015816
130,16,0.9938837346736189
130,189,0.9851790747308261
130,79,0.9825937103324277
364,415,1.0
364,476,1.0
364,125,1.0
364,17,1.0
364,19,1.0
364,77,1.0
364,284,0.9922778767136677
364,190,0.9689177106244632
364,416,0.9650054712111679
364,824,0.9620129872629928
331,119,0.0
331,20,0.0
331,399,0.0
331,476,0.0
331,264,0.0
331,200,0.0
331,189,0.0
331,362,0.0
331,17,0.0
331,16,0.0
332,119,0.0
332,20,0.0
332,399,0.0
332,476,0.0
332,264,0.0
332,200,0.0
332,189,0.0
332,362,0.0
332,17,0.0
332,16,0.0
389,119,0.0
389,20,0.0
389,399,0.0
389,476,0.0
389,264,0.0
389,200,0.0
389,189,0.0
389,362,0.0
389,17,0.0
389,16,0.0
146,119,0.0
146,20,0.0
146,399,0.0
146,476,0.0
146,264,0.0
146,200,0.0
146,189,0.0
146,362,0.0
146,17,0.0
146,16,0.0
328,119,0.0
328,20,0.0
328,399,0.0
328,476,0.0
328,264,0.0
328,200,0.0
328,189,0.0
328,362,0.0
328,17,0.0
328,16,0.0
322,119,0.0
322,20,0.0
322,399,0.0
322,476,0.0
322,264,0.0
322,200,0.0
322,189,0.0
322,362,0.0
322,17,0.0
322,16,0.0
181,119,0.0
181,20,0.0
181,399,0.0
181,476,0.0
181,264,0.0
181,200,0.0
181,189,0.0
181,362,0.0
181,17,0.0
181,16,0.0
299,19,1.0
299,824,1.0
299,190,1.0
299,415,1.0
299,125,1.0
299,476,1.0
299,17,1.0
299,77,1.0
299,284,0.9958932064677039
299,78,0.9680062247852037
313,119,0.0
313,20,0.0
313,399,0.0
313,476,0.0
313,264,0.0
313,200,0.0
313,189,0.0
313,362,0.0
313,17,0.0
313,16,0.0
245,119,0.0
245,20,0.0
245,399,0.0
245,476,0.0
245,264,0.0
245,200,0.0
245,189,0.0
245,362,0.0
245,17,0.0
245,16,0.0
393,119,0.0
393,20,0.0
393,399,0.0
393,476,0.0
393,264,0.0
393,200,0.0
393,189,0.0
393,362,0.0
393,17,0.0
393,16,0.0
324,125,2.0
324,19,2.0
324,284,1.9922778767136677
324,190,1.968917710624463
324,824,1.9620129872629928
324,78,1.9453266757303231
324,352,1.9289438197322648
324,89,1.926370470208278
324,416,1.896583090696228
324,310,1.8933650304793117
74,119,0.0
74,20,0.0
74,399,0.0
74,476,0.0
74,264,0.0
74,200,0.0
74,189,0.0
74,362,0.0
74,17,0.0
74,16,0.0
195,119,0.0
195,20,0.0
195,399,0.0
195,476,0.0
195,264,0.0
195,200,0.0
195,189,0.0
195,362,0.0
195,17,0.0
195,16,0.0
239,119,0.0
239,20,0.0
239,399,0.0
239,476,0.0
239,264,0.0
239,200,0.0
239,189,0.0
239,362,0.0
239,17,0.0
239,16,0.0
334,119,0.0
334,20,0.0
334,399,0.0
334,476,0.0
334,264,0.0
334,200,0.0
334,189,0.0
334,362,0.0
334,17,0.0
334,16,0.0
118,79,1.9464917879066048
118,189,1.9401354114665945
118,352,1.9388380003378518
118,78,1.9297566880785846
118,310,1.91050789169908
118,22,1.9089563838132095
118,119,1.89215281034233
118,287,1.8717671085922718
118,20,1.852602631985786
118,94,1.8473675230901612
150,119,0.0
150,20,0.0
150,399,0.0
150,476,0.0
150,264,0.0
150,200,0.0
150,189,0.0
150,362,0.0
150,17,0.0
150,16,0.0
