448,415,10.0
448,824,9.879894053077425
448,416,9.796228997220995
448,352,9.726265032490396
448,79,9.562834468731602
448,78,9.554330973930117
448,22,9.411971928689518
448,287,9.371362474625814
448,255,9.25441996995611
448,284,9.0
444,119,0.0
444,20,0.0
444,399,0.0
444,476,0.0
444,264,0.0
444,200,0.0
444,189,0.0
444,362,0.0
444,17,0.0
444,16,0.0
450,284,2.0
450,476,2.0
450,17,2.0
450,125,2.0
450,416,1.9684217086536258
450,190,1.9307514934403471
450,352,1.9140148689053937
450,89,1.9123760379534192
450,189,1.9014587020350215
450,79,1.8914206193285765
445,119,0.0
445,20,0.0
445,399,0.0
445,476,0.0
445,264,0.0
445,200,0.0
445,189,0.0
445,362,0.0
445,17,0.0
445,16,0.0
446,119,0.0
446,20,0.0
446,399,0.0
446,476,0.0
446,264,0.0
446,200,0.0
446,189,0.0
446,362,0.0
446,17,0.0
446,16,0.0
447,284,5.0
447,17,5.0
447,476,5.0
447,415,5.0
447,416,4.863127217443132
447,352,4.859403573567153
447,78,4.770035819385831
447,824,4.767983524965928
447,22,4.766787029773591
447,79,4.688668312989178
449,119,0.0
449,20,0.0
449,399,0.0
449,476,0.0
449,264,0.0
449,200,0.0
449,189,0.0
449,362,0.0
449,17,0.0
449,16,0.0
522,415,10.0
522,476,10.0
522,284,10.0
522,17,10.0
522,125,10.0
522,824,9.996053289348877
522,190,9.984387258421775
522,89,9.78412452885118
522,352,9.766745338248334
522,22,9.524502175504008
524,284,2.0
524,415,2.0
524,17,2.0
524,476,2.0
524,824,1.9850304671557042
524,352,1.9517403167743288
524,78,1.947154177399303
524,79,1.9223601005141298
524,22,1.898908256215593
524,362,1.8986811443077696
516,125,9.0
516,190,8.861502986880694
516,824,8.66620203388121
516,352,8.66502559738257
516,416,8.643213541410162
516,89,8.534256492567094
516,78,8.46040279768576
516,189,8.453011814293557
516,310,8.399691696640897
516,22,8.349610252191738
619,476,10.0
619,415,10.0
619,17,10.0
619,125,10.0
619,824,9.966706011317848
619,190,9.915138751862122
619,416,9.794180738137145
619,352,9.6889823395964
619,89,9.62870035818411
619,78,9.517171787655156
494,125,7.0
494,190,6.915138751862121
494,824,6.883840763728547
494,352,6.743063435648069
494,89,6.7127901172007585
494,416,6.6918799637145225
494,78,6.628538762429297
494,119,6.550619103379846
494,22,6.54470299511212
494,134,6.538465980597424
655,476,6.0
655,17,6.0
655,125,6.0
655,190,5.861502986880694
655,416,5.85668737093938
655,352,5.801918006595951
655,89,5.726297106763366
655,824,5.681171566725504
655,189,5.679411084878286
655,78,5.6321936772506875
466,125,1.0
466,476,1.0
466,17,1.0
466,284,1.0
466,400,1.0
466,416,0.9934573664196354
466,134,0.976142201738501
466,89,0.9622582087023492
466,189,0.9616268620532802
466,352,0.9615384615384616
523,77,1.0
523,125,1.0
523,824,1.0
523,415,1.0
523,476,1.0
523,190,1.0
523,17,1.0
523,284,1.0
523,400,1.0
523,416,0.9997418355449427
620,125,10.0
620,190,9.845890245302467
620,416,9.682809397124588
620,824,9.666793821538771
620,352,9.659285393346703
620,89,9.636362047190985
620,78,9.4265489353577
620,22,9.384568337617127
620,16,9.17274184283254
620,134,9.13983362425195
570,119,0.0
570,20,0.0
570,399,0.0
570,476,0.0
570,264,0.0
570,200,0.0
570,189,0.0
570,362,0.0
570,17,0.0
570,16,0.0
544,125,8.0
544,190,7.845890245302468
544,352,7.722438592029754
544,89,7.68453804904624
544,416,7.675067880813272
544,824,7.651824288694475
544,78,7.497561983960718
544,22,7.443234153200434
544,310,7.442803637895054
544,134,7.408612143874141
618,125,6.0
618,190,5.861502986880694
618,416,5.847213076546088
618,352,5.777819474012442
618,89,5.688646910308378
618,189,5.6863422719007755
618,824,5.681171566725504
618,310,5.6029337349974
618,79,5.5912692481976
618,78,5.578603427740648
640,17,4.0
640,476,4.0
640,415,4.0
640,125,4.0
640,824,3.9667060113178483
640,190,3.9151387518621212
640,352,3.8819416915766656
640,89,3.856110741470059
640,79,3.7916227069508732
640,416,3.7693300226847244
487,119,0.0
487,20,0.0
487,399,0.0
487,476,0.0
487,264,0.0
487,200,0.0
487,189,0.0
487,362,0.0
487,17,0.0
487,16,0.0
610,119,0.0
610,20,0.0
610,399,0.0
610,476,0.0
610,264,0.0
610,200,0.0
610,189,0.0
610,362,0.0
610,17,0.0
610,16,0.0
492,476,5.0
492,17,5.0
492,125,5.0
492,190,4.915138751862122
492,416,4.908066122011852
492,352,4.8126437671969775
492,119,4.746193433703497
492,89,4.739903182931223
492,79,4.716353717393416
492,824,4.670740532189893
569,284,4.0
569,476,4.0
569,17,4.0
569,125,4.0
569,190,3.9151387518621212
569,89,3.887665664591418
569,352,3.8444781601262212
569,416,3.8077082849644457
569,79,3.802198447102186
569,119,3.759775014208217
518,119,0.0
518,20,0.0
518,399,0.0
518,476,0.0
518,264,0.0
518,200,0.0
518,189,0.0
518,362,0.0
518,17,0.0
518,16,0.0
481,119,0.0
481,20,0.0
481,399,0.0
481,476,0.0
481,264,0.0
481,200,0.0
481,189,0.0
481,362,0.0
481,17,0.0
481,16,0.0
624,119,0.0
624,20,0.0
624,399,0.0
624,476,0.0
624,264,0.0
624,200,0.0
624,189,0.0
624,362,0.0
624,17,0.0
624,16,0.0
514,119,0.0
514,20,0.0
514,399,0.0
514,476,0.0
514,264,0.0
514,200,0.0
514,189,0.0
514,362,0.0
514,17,0.0
514,16,0.0
592,119,0.0
592,20,0.0
592,399,0.0
592,476,0.0
592,264,0.0
592,200,0.0
592,189,0.0
592,362,0.0
592,17,0.0
592,16,0.0
454,824,1.0
454,415,1.0
454,190,1.0
454,476,1.0
454,17,1.0
454,125,1.0
454,352,0.9734171683335759
454,134,0.965088060733311
454,189,0.9623135221332649
454,416,0.9610904115204073
486,119,0.0
486,20,0.0
486,399,0.0
486,476,0.0
486,264,0.0
486,200,0.0
486,189,0.0
486,362,0.0
486,17,0.0
486,16,0.0
560,119,0.0
560,20,0.0
560,399,0.0
560,476,0.0
560,264,0.0
560,200,0.0
560,189,0.0
560,362,0.0
560,17,0.0
560,16,0.0
489,415,3.0
489,125,3.0
489,824,2.996053289348878
489,190,2.930751493440347
489,416,2.9276342357583856
489,352,2.884696245589387
489,134,2.844741124833374
489,89,2.8385263850457187
489,78,2.831718623594713
489,189,2.810305769524798
477,476,2.0
477,17,2.0
477,284,2.0
477,415,2.0
477,125,2.0
477,89,1.9863939238321437
477,824,1.9816755441621443
477,352,1.9506679411423797
477,416,1.9477652011463729
477,94,1.9199441140535232
612,119,0.0
612,20,0.0
612,399,0.0
612,476,0.0
612,264,0.0
612,200,0.0
612,189,0.0
612,362,0.0
612,17,0.0
612,16,0.0
451,125,9.0
451,190,8.845890245302467
451,416,8.72432901675768
451,352,8.675465676849875
451,824,8.666793821538771
451,89,8.636362047190985
451,78,8.429494449856117
451,22,8.393873344489776
451,362,8.2847326896382
451,134,8.27344207040854
639,415,2.0
639,125,2.0
639,824,1.9960532893488778
639,416,1.9669047757696478
639,352,1.9335337625818763
639,190,1.9307514934403471
639,134,1.9124863252856503
639,189,1.8885958631845037
639,89,1.8737625638079867
639,94,1.872225555872844
654,125,5.0
654,190,4.861502986880694
654,352,4.839370279971036
654,416,4.836039468957509
654,189,4.794384226417248
654,89,4.776148468430352
654,134,4.735909102009919
654,824,4.681171566725505
654,310,4.674804679778334
654,78,4.666839860990486
607,476,3.0
607,17,3.0
607,125,3.0
607,190,2.930751493440347
607,416,2.9295121201740333
607,352,2.8874320372389697
607,189,2.8637722241682866
607,79,2.8424967222608517
607,119,2.836027032411604
607,134,2.82228338085014
471,824,1.0
471,415,1.0
471,190,1.0
471,476,1.0
471,17,1.0
471,125,1.0
471,352,0.9734171683335759
471,134,0.965088060733311
471,189,0.9623135221332649
471,416,0.9610904115204073
657,17,4.0
657,476,4.0
657,284,4.0
657,125,4.0
657,824,3.8942717982641586
657,190,3.8615029868806943
657,89,3.85704171315038
657,352,3.8500612964993235
657,416,3.822626646836018
657,78,3.804035327655435
632,119,0.0
632,20,0.0
632,399,0.0
632,476,0.0
632,264,0.0
632,200,0.0
632,189,0.0
632,362,0.0
632,17,0.0
632,16,0.0
578,125,5.0
578,416,4.902312979086416
578,352,4.885623571014417
578,79,4.790044326669095
578,264,4.736600424474447
578,20,4.725831987788177
578,22,4.717443437183775
578,287,4.700627395290288
578,310,4.69653051403305
578,362,4.6668706229545425
660,415,2.0
660,190,2.0
660,17,2.0
660,476,2.0
660,125,2.0
660,416,1.9360547537543977
660,352,1.9258935757005082
660,189,1.9021453621150062
660,287,1.9003496951745655
660,119,1.8988500486099622
519,119,0.0
519,20,0.0
519,399,0.0
519,476,0.0
519,264,0.0
519,200,0.0
519,189,0.0
519,362,0.0
519,17,0.0
519,16,0.0
588,125,2.0
588,415,2.0
588,476,2.0
588,17,2.0
588,284,2.0
588,190,2.0
588,77,2.0
588,416,1.9747061777789332
588,352,1.9050814282048223
588,94,1.8905771379853649
605,77,1.0
605,125,1.0
605,824,1.0
605,415,1.0
605,476,1.0
605,190,1.0
605,17,1.0
605,284,1.0
605,400,1.0
605,416,0.9997418355449427
540,119,0.0
540,20,0.0
540,399,0.0
540,476,0.0
540,264,0.0
540,200,0.0
540,189,0.0
540,362,0.0
540,17,0.0
540,16,0.0
653,119,0.0
653,20,0.0
653,399,0.0
653,476,0.0
653,264,0.0
653,200,0.0
653,189,0.0
653,362,0.0
653,17,0.0
653,16,0.0
535,119,0.0
535,20,0.0
535,399,0.0
535,476,0.0
535,264,0.0
535,200,0.0
535,189,0.0
535,362,0.0
535,17,0.0
535,16,0.0
484,824,2.0
484,476,2.0
484,415,2.0
484,17,2.0
484,190,2.0
484,125,2.0
484,416,1.9608322470653499
484,352,1.9260221891714657
484,119,1.8918851083439847
484,189,1.880557965601197
566,125,4.0
566,824,3.9092413311084546
566,352,3.886893872604104
566,190,3.8615029868806943
566,416,3.861075126723518
566,134,3.854855983631591
566,189,3.8545523864355067
566,89,3.826030639179282
566,78,3.771006527657153
566,22,3.7358893556121386
591,125,2.0
591,284,2.0
591,17,2.0
591,476,2.0
591,400,2.0
591,416,1.9624104012731318
591,89,1.948652132534493
591,352,1.9395996935607238
591,189,1.9375387469214462
591,824,1.9092413311084542
611,89,1.0
611,824,1.0
611,59,1.0
611,416,1.0
611,284,1.0
611,77,1.0
611,362,0.9970544855015816
611,352,0.9850365626224087
611,79,0.9800745695020109
611,200,0.979867475145811
525,284,4.0
525,17,4.0
525,476,4.0
525,125,4.0
525,89,3.874059588423562
525,190,3.8615029868806943
525,352,3.849932683028366
525,416,3.797849153525066
525,79,3.777267105966379
525,189,3.7766560335988353
635,415,2.0
635,476,2.0
635,17,2.0
635,284,2.0
635,125,2.0
635,824,1.981083756504582
635,89,1.961683550470143
635,352,1.935917814122972
635,190,1.9307514934403471
635,78,1.921393068393567
609,119,0.0
609,20,0.0
609,399,0.0
609,476,0.0
609,264,0.0
609,200,0.0
609,189,0.0
609,362,0.0
609,17,0.0
609,16,0.0
483,476,2.0
483,17,2.0
483,284,2.0
483,125,2.0
483,416,1.9722695327125117
483,89,1.9622582087023492
483,352,1.934145170658579
483,190,1.9151387518621212
483,119,1.9130888686698078
483,79,1.909199447491831
458,119,0.0
458,20,0.0
458,399,0.0
458,476,0.0
458,264,0.0
458,200,0.0
458,189,0.0
458,362,0.0
458,17,0.0
458,16,0.0
496,119,0.0
496,20,0.0
496,399,0.0
496,476,0.0
496,264,0.0
496,200,0.0
496,189,0.0
496,362,0.0
496,17,0.0
496,16,0.0
642,415,3.0
642,125,3.0
642,190,3.0
642,77,3.0
642,416,2.943260315678229
642,352,2.889485991548284
642,89,2.8436138228329177
642,310,2.8372819992114895
642,94,2.82703751039137
642,78,2.8133013988467397
526,119,0.0
526,20,0.0
526,399,0.0
526,476,0.0
526,264,0.0
526,200,0.0
526,189,0.0
526,362,0.0
526,17,0.0
526,16,0.0
459,119,0.0
459,20,0.0
459,399,0.0
459,476,0.0
459,264,0.0
459,200,0.0
459,189,0.0
459,362,0.0
459,17,0.0
459,16,0.0
616,119,0.0
616,20,0.0
616,399,0.0
616,476,0.0
616,264,0.0
616,200,0.0
616,189,0.0
616,362,0.0
616,17,0.0
616,16,0.0
641,119,0.0
641,20,0.0
641,399,0.0
641,476,0.0
641,264,0.0
641,200,0.0
641,189,0.0
641,362,0.0
641,17,0.0
641,16,0.0
478,415,2.0
478,476,2.0
478,17,2.0
478,284,2.0
478,125,2.0
478,824,1.981083756504582
478,89,1.961683550470143
478,352,1.935917814122972
478,190,1.9307514934403471
478,78,1.921393068393567
493,119,0.0
493,20,0.0
493,399,0.0
493,476,0.0
493,264,0.0
493,200,0.0
493,189,0.0
493,362,0.0
493,17,0.0
493,16,0.0
553,119,0.0
553,20,0.0
553,399,0.0
553,476,0.0
553,264,0.0
553,200,0.0
553,189,0.0
553,362,0.0
553,17,0.0
553,16,0.0
601,119,0.0
601,20,0.0
601,399,0.0
601,476,0.0
601,264,0.0
601,200,0.0
601,189,0.0
601,362,0.0
601,17,0.0
601,16,0.0
583,119,0.0
583,20,0.0
583,399,0.0
583,476,0.0
583,264,0.0
583,200,0.0
583,189,0.0
583,362,0.0
583,17,0.0
583,16,0.0
617,284,5.0
617,476,5.0
617,17,5.0
617,824,4.894271798264159
617,352,4.843945031172943
617,416,4.822626646836018
617,78,4.771322029908927
617,79,4.725785084621921
617,22,4.67379817264575
617,264,4.62914599253797
576,119,0.0
576,20,0.0
576,399,0.0
576,476,0.0
576,264,0.0
576,200,0.0
576,189,0.0
576,362,0.0
576,17,0.0
576,16,0.0
464,119,0.0
464,20,0.0
464,399,0.0
464,476,0.0
464,264,0.0
464,200,0.0
464,189,0.0
464,362,0.0
464,17,0.0
464,16,0.0
474,476,2.0
474,17,2.0
474,415,2.0
474,125,2.0
474,824,1.9960532893488778
474,352,1.951478400355838
474,189,1.9382254070014309
474,190,1.9307514934403471
474,416,1.9300434463739038
474,264,1.889644156803111
662,119,0.0
662,20,0.0
662,399,0.0
662,476,0.0
662,264,0.0
662,200,0.0
662,189,0.0
662,362,0.0
662,17,0.0
662,16,0.0
627,119,0.0
627,20,0.0
627,399,0.0
627,476,0.0
627,264,0.0
627,200,0.0
627,189,0.0
627,362,0.0
627,17,0.0
627,16,0.0
561,119,0.0
561,20,0.0
561,399,0.0
561,476,0.0
561,264,0.0
561,200,0.0
561,189,0.0
561,362,0.0
561,17,0.0
561,16,0.0
557,119,0.0
557,20,0.0
557,399,0.0
557,476,0.0
557,264,0.0
557,200,0.0
557,189,0.0
557,362,0.0
557,17,0.0
557,16,0.0
634,119,0.0
634,20,0.0
634,399,0.0
634,476,0.0
634,264,0.0
634,200,0.0
634,189,0.0
634,362,0.0
634,17,0.0
634,16,0.0
606,119,0.0
606,20,0.0
606,399,0.0
606,476,0.0
606,264,0.0
606,200,0.0
606,189,0.0
606,362,0.0
606,17,0.0
606,16,0.0
638,119,0.0
638,20,0.0
638,399,0.0
638,476,0.0
638,264,0.0
638,200,0.0
638,189,0.0
638,362,0.0
638,17,0.0
638,16,0.0
565,119,0.0
565,20,0.0
565,399,0.0
565,476,0.0
565,264,0.0
565,200,0.0
565,189,0.0
565,362,0.0
565,17,0.0
565,16,0.0
633,119,0.0
633,20,0.0
633,399,0.0
633,476,0.0
633,264,0.0
633,200,0.0
633,189,0.0
633,362,0.0
633,17,0.0
633,16,0.0
556,125,1.0
556,824,1.0
556,190,1.0
556,415,1.0
556,77,1.0
556,89,0.9623498035450118
556,352,0.9597211839133202
556,94,0.9557493620675946
556,59,0.9547267647510657
556,416,0.9490060859736152
452,119,0.0
452,20,0.0
452,399,0.0
452,476,0.0
452,264,0.0
452,200,0.0
452,189,0.0
452,362,0.0
452,17,0.0
452,16,0.0
650,476,8.0
650,17,8.0
650,125,8.0
650,190,7.845890245302468
650,352,7.732381297816778
650,89,7.701586733401366
650,416,7.6959739472502005
650,824,7.651824288694475
650,78,7.514541899960289
650,79,7.501429007057115
550,17,3.0
550,476,3.0
550,284,3.0
550,415,3.0
550,125,3.0
550,89,2.9365117530832134
550,416,2.9227295433803633
550,190,2.9151387518621212
550,352,2.9031443485093122
550,94,2.86836881416693
651,125,6.0
651,190,5.861502986880694
651,416,5.82369697895566
651,352,5.77827931638867
651,89,5.777171034953336
651,94,5.697211360782633
651,824,5.681171566725504
651,189,5.6787288671483065
651,78,5.643539991336509
651,310,5.62387470860073
521,119,0.0
521,20,0.0
521,399,0.0
521,476,0.0
521,264,0.0
521,200,0.0
521,189,0.0
521,362,0.0
521,17,0.0
521,16,0.0
482,119,0.0
482,20,0.0
482,399,0.0
482,476,0.0
482,264,0.0
482,200,0.0
482,189,0.0
482,362,0.0
482,17,0.0
482,16,0.0
479,119,0.0
479,20,0.0
479,399,0.0
479,476,0.0
479,264,0.0
479,200,0.0
479,189,0.0
479,362,0.0
479,17,0.0
479,16,0.0
546,119,0.0
546,20,0.0
546,399,0.0
546,476,0.0
546,264,0.0
546,200,0.0
546,189,0.0
546,362,0.0
546,17,0.0
546,16,0.0
539,119,0.0
539,20,0.0
539,399,0.0
539,476,0.0
539,264,0.0
539,200,0.0
539,189,0.0
539,362,0.0
539,17,0.0
539,16,0.0
548,284,1.0
548,89,1.0
548,415,1.0
548,17,1.0
548,476,1.0
548,125,1.0
548,824,0.9856222548132666
548,190,0.984387258421774
548,416,0.9788121662928764
548,119,0.975911884868166
603,17,4.0
603,476,4.0
603,415,4.0
603,125,4.0
603,824,3.9810837565045825
603,190,3.930751493440347
603,352,3.8619400032944378
603,416,3.7902596919367904
603,89,3.7892106954479465
603,78,3.7849049745603485
554,119,0.0
554,20,0.0
554,399,0.0
554,476,0.0
554,264,0.0
554,200,0.0
554,189,0.0
554,362,0.0
554,17,0.0
554,16,0.0
513,119,0.0
513,20,0.0
513,399,0.0
513,476,0.0
513,264,0.0
513,200,0.0
513,189,0.0
513,362,0.0
513,17,0.0
513,16,0.0
552,415,2.0
552,17,2.0
552,476,2.0
552,125,2.0
552,824,1.9856222548132667
552,190,1.984387258421774
552,352,1.9460238774536935
552,416,1.9399025778132837
552,119,1.9335424767884242
552,79,1.9057762203130713
500,190,1.0
500,284,1.0
500,824,1.0
500,125,1.0
500,134,0.9922778767136677
500,89,0.9829513156448736
500,78,0.9800745695020109
500,352,0.9738770107098039
500,16,0.9662823901213161
500,59,0.9647638212377322
648,119,0.0
648,20,0.0
648,399,0.0
648,476,0.0
648,264,0.0
648,200,0.0
648,189,0.0
648,362,0.0
648,17,0.0
648,16,0.0
520,119,0.0
520,20,0.0
520,399,0.0
520,476,0.0
520,264,0.0
520,200,0.0
520,189,0.0
520,362,0.0
520,17,0.0
520,16,0.0
555,119,0.0
555,20,0.0
555,399,0.0
555,476,0.0
555,264,0.0
555,200,0.0
555,189,0.0
555,362,0.0
555,17,0.0
555,16,0.0
460,119,0.0
460,20,0.0
460,399,0.0
460,476,0.0
460,264,0.0
460,200,0.0
460,189,0.0
460,362,0.0
460,17,0.0
460,16,0.0
506,119,0.0
506,20,0.0
506,399,0.0
506,476,0.0
506,264,0.0
506,200,0.0
506,189,0.0
506,362,0.0
506,17,0.0
506,16,0.0
649,119,0.0
649,20,0.0
649,399,0.0
649,476,0.0
649,264,0.0
649,200,0.0
649,189,0.0
649,362,0.0
649,17,0.0
649,16,0.0
602,119,0.0
602,20,0.0
602,399,0.0
602,476,0.0
602,264,0.0
602,200,0.0
602,189,0.0
602,362,0.0
602,17,0.0
602,16,0.0
533,119,0.0
533,20,0.0
533,399,0.0
533,476,0.0
533,264,0.0
533,200,0.0
533,189,0.0
533,362,0.0
533,17,0.0
533,16,0.0
491,119,0.0
491,20,0.0
491,399,0.0
491,476,0.0
491,264,0.0
491,200,0.0
491,189,0.0
491,362,0.0
491,17,0.0
491,16,0.0
621,17,10.0
621,476,10.0
621,125,10.0
621,190,9.984387258421775
621,824,9.981675544162144
621,416,9.769277509616806
621,352,9.759243420563509
621,89,9.62683818908572
621,78,9.551997593906695
621,79,9.505737882472909
498,119,0.0
498,20,0.0
498,399,0.0
498,476,0.0
498,264,0.0
498,200,0.0
498,189,0.0
498,362,0.0
498,17,0.0
498,16,0.0
590,415,3.0
590,476,3.0
590,17,3.0
590,190,3.0
590,125,3.0
590,416,2.9357965892993407
590,352,2.878498596538398
590,119,2.833104565033689
590,287,2.823717589199767
590,189,2.820389805582938
574,476,2.0
574,17,2.0
574,415,2.0
574,125,2.0
574,824,1.9960532893488778
574,352,1.951478400355838
574,189,1.9382254070014309
574,190,1.9307514934403471
574,416,1.9300434463739038
574,264,1.889644156803111
575,119,0.0
575,20,0.0
575,399,0.0
575,476,0.0
575,264,0.0
575,200,0.0
575,189,0.0
575,362,0.0
575,17,0.0
575,16,0.0
453,119,0.0
453,20,0.0
453,399,0.0
453,476,0.0
453,264,0.0
453,200,0.0
453,189,0.0
453,362,0.0
453,17,0.0
453,16,0.0
564,119,0.0
564,20,0.0
564,399,0.0
564,476,0.0
564,264,0.0
564,200,0.0
564,189,0.0
564,362,0.0
564,17,0.0
564,16,0.0
562,119,0.0
562,20,0.0
562,399,0.0
562,476,0.0
562,264,0.0
562,200,0.0
562,189,0.0
562,362,0.0
562,17,0.0
562,16,0.0
643,824,1.0
643,415,1.0
643,190,1.0
643,476,1.0
643,17,1.0
643,125,1.0
643,352,0.9734171683335759
643,134,0.965088060733311
643,189,0.9623135221332649
643,416,0.9610904115204073
501,824,3.0
501,352,2.9411779137169987
501,134,2.9364213898936
501,416,2.898664725450386
501,78,2.8624992776616525
501,22,2.844014120586467
501,264,2.817448968791952
501,119,2.8052549096924784
501,362,2.800295804464871
501,310,2.7995862664669193
571,119,0.0
571,20,0.0
571,399,0.0
571,476,0.0
571,264,0.0
571,200,0.0
571,189,0.0
571,362,0.0
571,17,0.0
571,16,0.0
508,119,0.0
508,20,0.0
508,399,0.0
508,476,0.0
508,264,0.0
508,200,0.0
508,189,0.0
508,362,0.0
508,17,0.0
508,16,0.0
656,119,0.0
656,20,0.0
656,399,0.0
656,476,0.0
656,264,0.0
656,200,0.0
656,189,0.0
656,362,0.0
656,17,0.0
656,16,0.0
499,119,0.0
499,20,0.0
499,399,0.0
499,476,0.0
499,264,0.0
499,200,0.0
499,189,0.0
499,362,0.0
499,17,0.0
499,16,0.0
637,119,0.0
637,20,0.0
637,399,0.0
637,476,0.0
637,264,0.0
637,200,0.0
637,189,0.0
637,362,0.0
637,17,0.0
637,16,0.0
586,284,4.0
586,125,4.0
586,190,3.930751493440347
586,416,3.8812335265624087
586,352,3.8570196709368885
586,89,3.852563022705975
586,94,3.799283832837898
586,189,3.7886882856986355
586,824,3.7679835249659277
586,78,3.765807396343732
527,119,0.0
527,20,0.0
527,399,0.0
527,476,0.0
527,264,0.0
527,200,0.0
527,189,0.0
527,362,0.0
527,17,0.0
527,16,0.0
626,119,0.0
626,20,0.0
626,399,0.0
626,476,0.0
626,264,0.0
626,200,0.0
626,189,0.0
626,362,0.0
626,17,0.0
626,16,0.0
551,119,0.0
551,20,0.0
551,399,0.0
551,476,0.0
551,264,0.0
551,200,0.0
551,189,0.0
551,362,0.0
551,17,0.0
551,16,0.0
502,119,0.0
502,20,0.0
502,399,0.0
502,476,0.0
502,264,0.0
502,200,0.0
502,189,0.0
502,362,0.0
502,17,0.0
502,16,0.0
582,119,0.0
582,20,0.0
582,399,0.0
582,476,0.0
582,264,0.0
582,200,0.0
582,189,0.0
582,362,0.0
582,17,0.0
582,16,0.0
511,119,0.0
511,20,0.0
511,399,0.0
511,476,0.0
511,264,0.0
511,200,0.0
511,189,0.0
511,362,0.0
511,17,0.0
511,16,0.0
573,119,0.0
573,20,0.0
573,399,0.0
573,476,0.0
573,264,0.0
573,200,0.0
573,189,0.0
573,362,0.0
573,17,0.0
573,16,0.0
462,119,0.0
462,20,0.0
462,399,0.0
462,476,0.0
462,264,0.0
462,200,0.0
462,189,0.0
462,362,0.0
462,17,0.0
462,16,0.0
604,77,1.0
604,125,1.0
604,824,1.0
604,415,1.0
604,476,1.0
604,190,1.0
604,17,1.0
604,284,1.0
604,400,1.0
604,416,0.9997418355449427
473,119,0.0
473,20,0.0
473,399,0.0
473,476,0.0
473,264,0.0
473,200,0.0
473,189,0.0
473,362,0.0
473,17,0.0
473,16,0.0
488,190,1.0
488,284,1.0
488,824,1.0
488,125,1.0
488,134,0.9922778767136677
488,89,0.9829513156448736
488,78,0.9800745695020109
488,352,0.9738770107098039
488,16,0.9662823901213161
488,59,0.9647638212377322
558,190,3.0
558,824,3.0
558,125,3.0
558,352,2.8998991998812698
558,416,2.898406560995329
558,78,2.843586475668792
558,189,2.835258082981993
558,310,2.829249707803001
558,399,2.8278580860127356
558,134,2.821687469717549
613,119,0.0
613,20,0.0
613,399,0.0
613,476,0.0
613,264,0.0
613,200,0.0
613,189,0.0
613,362,0.0
613,17,0.0
613,16,0.0
547,125,1.0
547,476,1.0
547,17,1.0
547,284,1.0
547,400,1.0
547,416,0.9934573664196354
547,134,0.976142201738501
547,89,0.9622582087023492
547,189,0.9616268620532802
547,352,0.9615384615384616
505,119,0.0
505,20,0.0
505,399,0.0
505,476,0.0
505,264,0.0
505,200,0.0
505,189,0.0
505,362,0.0
505,17,0.0
505,16,0.0
595,119,0.0
595,20,0.0
595,399,0.0
595,476,0.0
595,264,0.0
595,200,0.0
595,189,0.0
595,362,0.0
595,17,0.0
595,16,0.0
658,119,0.0
658,20,0.0
658,399,0.0
658,476,0.0
658,264,0.0
658,200,0.0
658,189,0.0
658,362,0.0
658,17,0.0
658,16,0.0
646,119,0.0
646,20,0.0
646,399,0.0
646,476,0.0
646,264,0.0
646,200,0.0
646,189,0.0
646,362,0.0
646,17,0.0
646,16,0.0
497,284,1.0
497,89,1.0
497,415,1.0
497,17,1.0
497,476,1.0
497,125,1.0
497,824,0.9856222548132666
497,190,0.984387258421774
497,416,0.9788121662928764
497,119,0.975911884868166
596,119,0.0
596,20,0.0
596,399,0.0
596,476,0.0
596,264,0.0
596,200,0.0
596,189,0.0
596,362,0.0
596,17,0.0
596,16,0.0
628,77,1.0
628,125,1.0
628,824,1.0
628,415,1.0
628,476,1.0
628,190,1.0
628,17,1.0
628,284,1.0
628,400,1.0
628,416,0.9997418355449427
630,119,0.0
630,20,0.0
630,399,0.0
630,476,0.0
630,264,0.0
630,200,0.0
630,189,0.0
630,362,0.0
630,17,0.0
630,16,0.0
455,119,0.0
455,20,0.0
455,399,0.0
455,476,0.0
455,264,0.0
455,200,0.0
455,189,0.0
455,362,0.0
455,17,0.0
455,16,0.0
622,17,3.0
622,476,3.0
622,284,3.0
622,125,3.0
622,416,2.9681635441985685
622,190,2.930751493440347
622,352,2.8666198897432835
622,89,2.845475991931307
622,94,2.8327553038625046
622,189,2.8197031455029538
580,119,0.0
580,20,0.0
580,399,0.0
580,476,0.0
580,264,0.0
580,200,0.0
580,189,0.0
580,362,0.0
580,17,0.0
580,16,0.0
530,415,1.0
530,476,1.0
530,125,1.0
530,17,1.0
530,284,1.0
530,400,1.0
530,824,0.9960532893488778
530,89,0.9863939238321437
530,352,0.9780612320222623
530,189,0.975911884868166
532,77,1.0
532,125,1.0
532,824,1.0
532,415,1.0
532,476,1.0
532,190,1.0
532,17,1.0
532,284,1.0
532,400,1.0
532,416,0.9997418355449427
503,119,0.0
503,20,0.0
503,399,0.0
503,476,0.0
503,264,0.0
503,200,0.0
503,189,0.0
503,362,0.0
503,17,0.0
503,16,0.0
652,119,0.0
652,20,0.0
652,399,0.0
652,476,0.0
652,264,0.0
652,200,0.0
652,189,0.0
652,362,0.0
652,17,0.0
652,16,0.0
456,119,0.0
456,20,0.0
456,399,0.0
456,476,0.0
456,264,0.0
456,200,0.0
456,189,0.0
456,362,0.0
456,17,0.0
456,16,0.0
457,119,0.0
457,20,0.0
457,399,0.0
457,476,0.0
457,264,0.0
457,200,0.0
457,189,0.0
457,362,0.0
457,17,0.0
457,16,0.0
468,119,0.0
468,20,0.0
468,399,0.0
468,476,0.0
468,264,0.0
468,200,0.0
468,189,0.0
468,362,0.0
468,17,0.0
468,16,0.0
647,119,0.0
647,20,0.0
647,399,0.0
647,476,0.0
647,264,0.0
647,200,0.0
647,189,0.0
647,362,0.0
647,17,0.0
647,16,0.0
490,119,0.0
490,20,0.0
490,399,0.0
490,476,0.0
490,264,0.0
490,200,0.0
490,189,0.0
490,362,0.0
490,17,0.0
490,16,0.0
559,824,1.0
559,415,1.0
559,190,1.0
559,476,1.0
559,17,1.0
559,125,1.0
559,352,0.9734171683335759
559,134,0.965088060733311
559,189,0.9623135221332649
559,416,0.9610904115204073
536,119,0.0
536,20,0.0
536,399,0.0
536,476,0.0
536,264,0.0
536,200,0.0
536,189,0.0
536,362,0.0
536,17,0.0
536,16,0.0
470,119,0.0
470,20,0.0
470,399,0.0
470,476,0.0
470,264,0.0
470,200,0.0
470,189,0.0
470,362,0.0
470,17,0.0
470,16,0.0
615,119,0.0
615,20,0.0
615,399,0.0
615,476,0.0
615,264,0.0
615,200,0.0
615,189,0.0
615,362,0.0
615,17,0.0
615,16,0.0
531,190,1.0
531,284,1.0
531,824,1.0
531,125,1.0
531,134,0.9922778767136677
531,89,0.9829513156448736
531,78,0.9800745695020109
531,352,0.9738770107098039
531,16,0.9662823901213161
531,59,0.9647638212377322
563,119,0.0
563,20,0.0
563,399,0.0
563,476,0.0
563,264,0.0
563,200,0.0
563,189,0.0
563,362,0.0
563,17,0.0
563,16,0.0
480,119,0.0
480,20,0.0
480,399,0.0
480,476,0.0
480,264,0.0
480,200,0.0
480,189,0.0
480,362,0.0
480,17,0.0
480,16,0.0
636,119,0.0
636,20,0.0
636,399,0.0
636,476,0.0
636,264,0.0
636,200,0.0
636,189,0.0
636,362,0.0
636,17,0.0
636,16,0.0
467,119,0.0
467,20,0.0
467,399,0.0
467,476,0.0
467,264,0.0
467,200,0.0
467,189,0.0
467,362,0.0
467,17,0.0
467,16,0.0
567,119,0.0
567,20,0.0
567,399,0.0
567,476,0.0
567,264,0.0
567,200,0.0
567,189,0.0
567,362,0.0
567,17,0.0
567,16,0.0
537,119,0.0
537,20,0.0
537,399,0.0
537,476,0.0
537,264,0.0
537,200,0.0
537,189,0.0
537,362,0.0
537,17,0.0
537,16,0.0
543,119,0.0
543,20,0.0
543,399,0.0
543,476,0.0
543,264,0.0
543,200,0.0
543,189,0.0
543,362,0.0
543,17,0.0
543,16,0.0
666,17,10.0
666,284,10.0
666,190,10.0
666,415,10.0
666,476,10.0
666,125,10.0
666,78,9.846749665327748
666,89,9.756096812872759
666,134,9.566691713187643
666,20,9.462619729276234
670,190,1.0
670,284,1.0
670,824,1.0
670,125,1.0
670,134,0.9922778767136677
670,89,0.9829513156448736
670,78,0.9800745695020109
670,352,0.9738770107098039
670,16,0.9662823901213161
670,59,0.9647638212377322
674,476,2.0
674,17,2.0
674,125,2.0
674,416,1.9545477779400429
674,134,1.9412302624718119
674,352,1.9349556298720376
674,190,1.9307514934403471
674,189,1.9239403841865452
674,824,1.9131880417595766
674,79,1.9055754330433106
663,125,10.0
663,190,9.984387258421775
663,824,9.742582957586022
663,78,9.591865367294787
663,416,9.575730722219724
663,362,9.475627596348579
663,119,9.465020269181021
663,399,9.370804295427426
663,16,9.21599644971654
663,255,9.106162993705116
673,284,4.0
673,125,4.0
673,190,3.930751493440347
673,89,3.8706169802362917
673,352,3.8457484617159077
673,78,3.7900437369823914
673,416,3.7664704326015483
673,189,3.755444266111465
673,94,3.74528241406656
673,22,3.7386460371185413
669,119,0.0
669,20,0.0
669,399,0.0
669,476,0.0
669,264,0.0
669,200,0.0
669,189,0.0
669,362,0.0
669,17,0.0
669,16,0.0
672,284,4.0
672,415,4.0
672,476,4.0
672,17,4.0
672,125,4.0
672,416,3.922471378925306
672,190,3.9151387518621212
672,89,3.869611707061101
672,352,3.855749369347202
672,94,3.810521252038888
667,119,0.0
667,20,0.0
667,399,0.0
667,476,0.0
667,264,0.0
667,200,0.0
667,189,0.0
667,362,0.0
667,17,0.0
667,16,0.0
675,119,0.0
675,20,0.0
675,399,0.0
675,476,0.0
675,264,0.0
675,200,0.0
675,189,0.0
675,362,0.0
675,17,0.0
675,16,0.0
668,119,0.0
668,20,0.0
668,399,0.0
668,476,0.0
668,264,0.0
668,200,0.0
668,189,0.0
668,362,0.0
668,17,0.0
668,16,0.0
439,119,0.0
439,20,0.0
439,399,0.0
439,476,0.0
439,264,0.0
439,200,0.0
439,189,0.0
439,362,0.0
439,17,0.0
439,16,0.0
426,119,0.0
426,20,0.0
426,399,0.0
426,476,0.0
426,264,0.0
426,200,0.0
426,189,0.0
426,362,0.0
426,17,0.0
426,16,0.0
424,119,0.0
424,20,0.0
424,399,0.0
424,476,0.0
424,264,0.0
424,200,0.0
424,189,0.0
424,362,0.0
424,17,0.0
424,16,0.0
435,415,1.0
435,476,1.0
435,125,1.0
435,17,1.0
435,284,1.0
435,400,1.0
435,824,0.9960532893488778
435,89,0.9863939238321437
435,352,0.9780612320222623
435,189,0.975911884868166
433,119,0.0
433,20,0.0
433,399,0.0
433,476,0.0
433,264,0.0
433,200,0.0
433,189,0.0
433,362,0.0
433,17,0.0
433,16,0.0
432,119,0.0
432,20,0.0
432,399,0.0
432,476,0.0
432,264,0.0
432,200,0.0
432,189,0.0
432,362,0.0
432,17,0.0
432,16,0.0
443,119,0.0
443,20,0.0
443,399,0.0
443,476,0.0
443,264,0.0
443,200,0.0
443,189,0.0
443,362,0.0
443,17,0.0
443,16,0.0
440,119,0.0
440,20,0.0
440,399,0.0
440,476,0.0
440,264,0.0
440,200,0.0
440,189,0.0
440,362,0.0
440,17,0.0
440,16,0.0
415,125,2.0
415,415,2.0
415,17,2.0
415,476,2.0
415,284,2.0
415,400,2.0
415,824,1.9960532893488778
415,416,1.9686948703984393
415,190,1.9307514934403471
415,352,1.9306662528601521
429,119,0.0
429,20,0.0
429,399,0.0
429,476,0.0
429,264,0.0
429,200,0.0
429,189,0.0
429,362,0.0
429,17,0.0
429,16,0.0
420,284,10.0
420,415,10.0
420,824,10.0
420,89,9.756096812872759
420,78,9.712826692574184
420,16,9.537631007171125
420,134,9.467683891990832
420,59,9.213198980214997
420,476,9.0
420,17,9.0
411,17,8.0
411,476,8.0
411,125,8.0
411,190,7.845890245302468
411,352,7.69972406432746
411,416,7.69822302687203
411,89,7.666350554639099
411,824,7.651824288694475
411,79,7.558667258410652
411,78,7.4858231195083755
430,119,0.0
430,20,0.0
430,399,0.0
430,476,0.0
430,264,0.0
430,200,0.0
430,189,0.0
430,362,0.0
430,17,0.0
430,16,0.0
422,416,4.9059288814064175
422,352,4.767351470645866
422,78,4.7407214508351005
422,79,4.728962904149604
422,824,4.681171566725505
422,94,4.671832978785999
422,287,4.644286389489235
422,189,4.6268922671974355
422,310,4.608289185894416
422,362,4.574795853864517
436,119,0.0
436,20,0.0
436,399,0.0
436,476,0.0
436,264,0.0
436,200,0.0
436,189,0.0
436,362,0.0
436,17,0.0
436,16,0.0
417,415,1.0
417,125,1.0
417,284,1.0
417,190,1.0
417,17,1.0
417,476,1.0
417,77,1.0
417,416,0.9749643422339904
417,352,0.9524764073669323
417,89,0.9501178292510698
438,415,1.0
438,476,1.0
438,125,1.0
438,17,1.0
438,284,1.0
438,400,1.0
438,824,0.9960532893488778
438,89,0.9863939238321437
438,352,0.9780612320222623
438,189,0.975911884868166
442,119,0.0
442,20,0.0
442,399,0.0
442,476,0.0
442,264,0.0
442,200,0.0
442,189,0.0
442,362,0.0
442,17,0.0
442,16,0.0
431,119,0.0
431,20,0.0
431,399,0.0
431,476,0.0
431,264,0.0
431,200,0.0
431,189,0.0
431,362,0.0
431,17,0.0
431,16,0.0
419,119,0.0
419,20,0.0
419,399,0.0
419,476,0.0
419,264,0.0
419,200,0.0
419,189,0.0
419,362,0.0
419,17,0.0
419,16,0.0
441,190,3.0
441,17,3.0
441,476,3.0
441,284,3.0
441,415,3.0
441,125,3.0
441,416,2.933186558145841
441,352,2.8889011447016513
441,89,2.8832177832289574
441,78,2.8412617190955465
414,284,1.0
414,89,1.0
414,415,1.0
414,17,1.0
414,476,1.0
414,125,1.0
414,824,0.9856222548132666
414,190,0.984387258421774
414,416,0.9788121662928764
414,119,0.975911884868166
410,119,0.0
410,20,0.0
410,399,0.0
410,476,0.0
410,264,0.0
410,200,0.0
410,189,0.0
410,362,0.0
410,17,0.0
410,16,0.0
423,119,0.0
423,20,0.0
423,399,0.0
423,476,0.0
423,264,0.0
423,200,0.0
423,189,0.0
423,362,0.0
423,17,0.0
423,16,0.0
418,119,0.0
418,20,0.0
418,399,0.0
418,476,0.0
418,264,0.0
418,200,0.0
418,189,0.0
418,362,0.0
418,17,0.0
418,16,0.0
412,119,0.0
412,20,0.0
412,399,0.0
412,476,0.0
412,264,0.0
412,200,0.0
412,189,0.0
412,362,0.0
412,17,0.0
412,16,0.0
428,119,0.0
428,20,0.0
428,399,0.0
428,476,0.0
428,264,0.0
428,200,0.0
428,189,0.0
428,362,0.0
428,17,0.0
428,16,0.0
437,119,0.0
437,20,0.0
437,399,0.0
437,476,0.0
437,264,0.0
437,200,0.0
437,189,0.0
437,362,0.0
437,17,0.0
437,16,0.0
434,119,0.0
434,20,0.0
434,399,0.0
434,476,0.0
434,264,0.0
434,200,0.0
434,189,0.0
434,362,0.0
434,17,0.0
434,16,0.0
413,119,0.0
413,20,0.0
413,399,0.0
413,476,0.0
413,264,0.0
413,200,0.0
413,189,0.0
413,362,0.0
413,17,0.0
413,16,0.0
44,824,10.0
44,284,10.0
44,476,10.0
44,190,10.0
44,415,10.0
44,17,10.0
44,125,10.0
44,416,9.867218182978325
44,89,9.74386483857882
44,78,9.736649158836135
57,416,7.776403155362886
57,352,7.760180975608781
57,79,7.631198670600952
57,94,7.571440868965916
57,22,7.532858258708897
57,310,7.519146207789182
57,287,7.478867141907128
57,362,7.478229808884322
57,16,7.3743791455289385
57,255,7.36203544135285
38,17,8.0
38,476,8.0
38,125,8.0
38,190,7.845890245302468
38,416,7.796228997220994
38,352,7.725687198723579
38,89,7.691060928001099
38,824,7.6667938215387705
38,22,7.513063672473926
38,78,7.503010129864146
45,125,7.0
45,190,6.861502986880694
45,89,6.779756747217408
45,352,6.767935440994952
45,824,6.666202033881208
45,416,6.6529836913279565
45,78,6.644127731474463
45,94,6.595122740460418
45,189,6.584333639285965
45,310,6.55215902394012
28,476,2.0
28,17,2.0
28,415,2.0
28,284,2.0
28,125,2.0
28,824,1.9856222548132667
28,190,1.984387258421774
28,416,1.9785540018378192
28,89,1.9330999539778877
28,352,1.9252117299580074
61,17,10.0
61,824,10.0
61,284,10.0
61,476,10.0
61,190,10.0
61,415,10.0
61,125,10.0
61,416,9.867218182978325
61,89,9.723263326478957
61,78,9.700038825325665
36,476,2.0
36,17,2.0
36,415,2.0
36,352,1.973417168333576
36,79,1.9433539796459431
36,399,1.9183203676156408
36,255,1.9057334447921246
36,189,1.890647400477103
36,119,1.8789784363663693
36,310,1.8677808803238292
54,119,0.0
54,20,0.0
54,399,0.0
54,476,0.0
54,264,0.0
54,200,0.0
54,189,0.0
54,362,0.0
54,17,0.0
54,16,0.0
47,119,0.0
47,20,0.0
47,399,0.0
47,476,0.0
47,264,0.0
47,200,0.0
47,189,0.0
47,362,0.0
47,17,0.0
47,16,0.0
29,119,0.0
29,20,0.0
29,399,0.0
29,476,0.0
29,264,0.0
29,200,0.0
29,189,0.0
29,362,0.0
29,17,0.0
29,16,0.0
26,119,0.0
26,20,0.0
26,399,0.0
26,476,0.0
26,264,0.0
26,200,0.0
26,189,0.0
26,362,0.0
26,17,0.0
26,16,0.0
33,125,6.0
33,824,5.879894053077425
33,190,5.845890245302469
33,89,5.819391516695392
33,352,5.782389189532761
33,416,5.7504448991025106
33,94,5.663627525013953
33,78,5.649980311210767
33,79,5.614049683821394
33,264,5.5814751861656795
46,415,2.0
46,190,2.0
46,17,2.0
46,476,2.0
46,125,2.0
46,416,1.9360547537543977
46,352,1.9258935757005082
46,189,1.9021453621150062
46,287,1.9003496951745655
46,119,1.8988500486099622
21,125,7.0
21,416,6.851454800191071
21,190,6.845890245302468
21,352,6.746637372155082
21,89,6.702189871384167
21,824,6.6667938215387705
21,94,6.618370484800889
21,134,6.554614932730555
21,310,6.529503506125078
21,78,6.524413828206047
48,119,0.0
48,20,0.0
48,399,0.0
48,476,0.0
48,264,0.0
48,200,0.0
48,189,0.0
48,362,0.0
48,17,0.0
48,16,0.0
7,119,0.0
7,20,0.0
7,399,0.0
7,476,0.0
7,264,0.0
7,200,0.0
7,189,0.0
7,362,0.0
7,17,0.0
7,16,0.0
53,119,0.0
53,20,0.0
53,399,0.0
53,476,0.0
53,264,0.0
53,200,0.0
53,189,0.0
53,362,0.0
53,17,0.0
53,16,0.0
8,119,0.0
8,20,0.0
8,399,0.0
8,476,0.0
8,264,0.0
8,200,0.0
8,189,0.0
8,362,0.0
8,17,0.0
8,16,0.0
25,824,1.0
25,415,1.0
25,190,1.0
25,476,1.0
25,17,1.0
25,125,1.0
25,352,0.9734171683335759
25,134,0.965088060733311
25,189,0.9623135221332649
25,416,0.9610904115204073
35,415,10.0
35,125,10.0
35,190,9.984387258421775
35,824,9.981675544162144
35,416,9.762734876036442
35,352,9.742918576037447
35,89,9.702330895795027
35,78,9.51918634501064
35,16,9.430395856255505
35,200,9.186140505744435
19,119,0.0
19,20,0.0
19,399,0.0
19,476,0.0
19,264,0.0
19,200,0.0
19,189,0.0
19,362,0.0
19,17,0.0
19,16,0.0
69,415,1.0
69,125,1.0
69,284,1.0
69,190,1.0
69,17,1.0
69,476,1.0
69,77,1.0
69,416,0.9749643422339904
69,352,0.9524764073669323
69,89,0.9501178292510698
20,476,2.0
20,17,2.0
20,284,2.0
20,125,2.0
20,416,1.9722695327125117
20,89,1.9622582087023492
20,352,1.934145170658579
20,190,1.9151387518621212
20,119,1.9130888686698078
20,79,1.909199447491831
23,119,0.0
23,20,0.0
23,399,0.0
23,476,0.0
23,264,0.0
23,200,0.0
23,189,0.0
23,362,0.0
23,17,0.0
23,16,0.0
56,119,0.0
56,20,0.0
56,399,0.0
56,476,0.0
56,264,0.0
56,200,0.0
56,189,0.0
56,362,0.0
56,17,0.0
56,16,0.0
14,119,0.0
14,20,0.0
14,399,0.0
14,476,0.0
14,264,0.0
14,200,0.0
14,189,0.0
14,362,0.0
14,17,0.0
14,16,0.0
37,119,0.0
37,20,0.0
37,399,0.0
37,476,0.0
37,264,0.0
37,200,0.0
37,189,0.0
37,362,0.0
37,17,0.0
37,16,0.0
34,119,0.0
34,20,0.0
34,399,0.0
34,476,0.0
34,264,0.0
34,200,0.0
34,189,0.0
34,362,0.0
34,17,0.0
34,16,0.0
58,119,0.0
58,20,0.0
58,399,0.0
58,476,0.0
58,264,0.0
58,200,0.0
58,189,0.0
58,362,0.0
58,17,0.0
58,16,0.0
4,125,1.0
4,476,1.0
4,17,1.0
4,284,1.0
4,400,1.0
4,416,0.9934573664196354
4,134,0.976142201738501
4,89,0.9622582087023492
4,189,0.9616268620532802
4,352,0.9615384615384616
24,119,0.0
24,20,0.0
24,399,0.0
24,476,0.0
24,264,0.0
24,200,0.0
24,189,0.0
24,362,0.0
24,17,0.0
24,16,0.0
70,119,0.0
70,20,0.0
70,399,0.0
70,476,0.0
70,264,0.0
70,200,0.0
70,189,0.0
70,362,0.0
70,17,0.0
70,16,0.0
40,119,0.0
40,20,0.0
40,399,0.0
40,476,0.0
40,264,0.0
40,200,0.0
40,189,0.0
40,362,0.0
40,17,0.0
40,16,0.0
6,119,0.0
6,20,0.0
6,399,0.0
6,476,0.0
6,264,0.0
6,200,0.0
6,189,0.0
6,362,0.0
6,17,0.0
6,16,0.0
39,119,0.0
39,20,0.0
39,399,0.0
39,476,0.0
39,264,0.0
39,200,0.0
39,189,0.0
39,362,0.0
39,17,0.0
39,16,0.0
41,119,0.0
41,20,0.0
41,399,0.0
41,476,0.0
41,264,0.0
41,200,0.0
41,189,0.0
41,362,0.0
41,17,0.0
41,16,0.0
66,17,7.0
66,476,7.0
66,125,7.0
66,190,6.845890245302468
66,352,6.748561581319949
66,416,6.737493566883293
66,89,6.701586733401366
66,824,6.651824288694475
66,79,6.6022002040312175
66,78,6.517487414458707
17,190,3.0
17,824,3.0
17,125,3.0
17,134,2.91567115710093
17,416,2.896255514834868
17,352,2.8805120242769284
17,78,2.870267599848968
17,89,2.8350837768584487
17,16,2.822530799596972
17,22,2.8019629862925437
43,119,0.0
43,20,0.0
43,399,0.0
43,476,0.0
43,264,0.0
43,200,0.0
43,189,0.0
43,362,0.0
43,17,0.0
43,16,0.0
11,119,0.0
11,20,0.0
11,399,0.0
11,476,0.0
11,264,0.0
11,200,0.0
11,189,0.0
11,362,0.0
11,17,0.0
11,16,0.0
10,416,7.825664291307295
10,824,7.6667938215387705
10,352,7.619042304181242
10,78,7.534281874447957
10,94,7.531114009228919
10,79,7.516124138263288
10,22,7.426321678263174
10,362,7.286047650960264
10,255,7.285164938468368
10,200,7.20691143983237
12,119,0.0
12,20,0.0
12,399,0.0
12,476,0.0
12,264,0.0
12,200,0.0
12,189,0.0
12,362,0.0
12,17,0.0
12,16,0.0
16,119,0.0
16,20,0.0
16,399,0.0
16,476,0.0
16,264,0.0
16,200,0.0
16,189,0.0
16,362,0.0
16,17,0.0
16,16,0.0
64,119,0.0
64,20,0.0
64,399,0.0
64,476,0.0
64,264,0.0
64,200,0.0
64,189,0.0
64,362,0.0
64,17,0.0
64,16,0.0
30,119,0.0
30,20,0.0
30,399,0.0
30,476,0.0
30,264,0.0
30,200,0.0
30,189,0.0
30,362,0.0
30,17,0.0
30,16,0.0
32,119,0.0
32,20,0.0
32,399,0.0
32,476,0.0
32,264,0.0
32,200,0.0
32,189,0.0
32,362,0.0
32,17,0.0
32,16,0.0
68,119,0.0
68,20,0.0
68,399,0.0
68,476,0.0
68,264,0.0
68,200,0.0
68,189,0.0
68,362,0.0
68,17,0.0
68,16,0.0
9,415,2.0
9,125,2.0
9,190,2.0
9,284,2.0
9,17,2.0
9,476,2.0
9,77,2.0
9,824,1.9850304671557042
9,78,1.948203180195479
9,89,1.9400534478757314
27,119,0.0
27,20,0.0
27,399,0.0
27,476,0.0
27,264,0.0
27,200,0.0
27,189,0.0
27,362,0.0
27,17,0.0
27,16,0.0
50,190,1.0
50,284,1.0
50,824,1.0
50,125,1.0
50,134,0.9922778767136677
50,89,0.9829513156448736
50,78,0.9800745695020109
50,352,0.9738770107098039
50,16,0.9662823901213161
50,59,0.9647638212377322
31,119,0.0
31,20,0.0
31,399,0.0
31,476,0.0
31,264,0.0
31,200,0.0
31,189,0.0
31,362,0.0
31,17,0.0
31,16,0.0
2,119,0.0
2,20,0.0
2,399,0.0
2,476,0.0
2,264,0.0
2,200,0.0
2,189,0.0
2,362,0.0
2,17,0.0
2,16,0.0
42,119,0.0
42,20,0.0
42,399,0.0
42,476,0.0
42,264,0.0
42,200,0.0
42,189,0.0
42,362,0.0
42,17,0.0
42,16,0.0
49,119,0.0
49,20,0.0
49,399,0.0
49,476,0.0
49,264,0.0
49,200,0.0
49,189,0.0
49,362,0.0
49,17,0.0
49,16,0.0
51,119,0.0
51,20,0.0
51,399,0.0
51,476,0.0
51,264,0.0
51,200,0.0
51,189,0.0
51,362,0.0
51,17,0.0
51,16,0.0
15,119,0.0
15,20,0.0
15,399,0.0
15,476,0.0
15,264,0.0
15,200,0.0
15,189,0.0
15,362,0.0
15,17,0.0
15,16,0.0
688,119,0.0
688,20,0.0
688,399,0.0
688,476,0.0
688,264,0.0
688,200,0.0
688,189,0.0
688,362,0.0
688,17,0.0
688,16,0.0
678,119,0.0
678,20,0.0
678,399,0.0
678,476,0.0
678,264,0.0
678,200,0.0
678,189,0.0
678,362,0.0
678,17,0.0
678,16,0.0
739,284,1.0
739,89,1.0
739,415,1.0
739,17,1.0
739,476,1.0
739,125,1.0
739,824,0.9856222548132666
739,190,0.984387258421774
739,416,0.9788121662928764
739,119,0.975911884868166
679,125,1.0
679,415,1.0
679,190,1.0
679,824,1.0
679,77,1.0
679,416,0.9979517409161514
679,134,0.9911384808395389
679,352,0.955472530559614
679,16,0.9486552781642772
679,310,0.9312584281350952
687,119,0.0
687,20,0.0
687,399,0.0
687,476,0.0
687,264,0.0
687,200,0.0
687,189,0.0
687,362,0.0
687,17,0.0
687,16,0.0
729,415,5.0
729,125,5.0
729,190,4.930751493440347
729,352,4.846215953166942
729,89,4.766624610325089
729,824,4.753013992121632
729,416,4.734036336525134
729,79,4.716853566125926
729,189,4.701906462588762
729,78,4.701458572885825
685,190,1.0
685,284,1.0
685,824,1.0
685,125,1.0
685,134,0.9922778767136677
685,89,0.9829513156448736
685,78,0.9800745695020109
685,352,0.9738770107098039
685,16,0.9662823901213161
685,59,0.9647638212377322
726,415,1.0
726,125,1.0
726,284,1.0
726,190,1.0
726,17,1.0
726,476,1.0
726,77,1.0
726,416,0.9749643422339904
726,352,0.9524764073669323
726,89,0.9501178292510698
750,17,10.0
750,476,10.0
750,824,9.966706011317848
750,416,9.837748616854087
750,352,9.687203062529298
750,89,9.62870035818411
750,79,9.550631161519945
750,362,9.402717964670813
750,22,9.400395458057508
750,255,9.185768343768524
691,476,2.0
691,17,2.0
691,824,2.0
691,416,1.9610904115204073
691,79,1.9158399241700077
691,78,1.9151380059061496
691,287,1.9104761268186603
691,399,1.8693172950046826
691,352,1.8642879747083239
691,22,1.8483787659237148
712,119,0.0
712,20,0.0
712,399,0.0
712,476,0.0
712,264,0.0
712,200,0.0
712,189,0.0
712,362,0.0
712,17,0.0
712,16,0.0
701,119,0.0
701,20,0.0
701,399,0.0
701,476,0.0
701,264,0.0
701,200,0.0
701,189,0.0
701,362,0.0
701,17,0.0
701,16,0.0
690,119,0.0
690,20,0.0
690,399,0.0
690,476,0.0
690,264,0.0
690,200,0.0
690,189,0.0
690,362,0.0
690,17,0.0
690,16,0.0
677,119,0.0
677,20,0.0
677,399,0.0
677,476,0.0
677,264,0.0
677,200,0.0
677,189,0.0
677,362,0.0
677,17,0.0
677,16,0.0
727,824,9.66620203388121
727,352,9.665126837137743
727,416,9.636971084452064
727,78,9.463187475442394
727,79,9.413106090429473
727,362,9.353397491673523
727,189,9.288201534845479
727,255,9.126405754972808
727,134,9.004528026164886
727,415,9.0
699,119,0.0
699,20,0.0
699,399,0.0
699,476,0.0
699,264,0.0
699,200,0.0
699,189,0.0
699,362,0.0
699,17,0.0
699,16,0.0
707,284,2.0
707,415,2.0
707,17,2.0
707,476,2.0
707,824,1.9850304671557042
707,352,1.9517403167743288
707,78,1.947154177399303
707,79,1.9223601005141298
707,22,1.898908256215593
707,362,1.8986811443077696
737,119,0.0
737,20,0.0
737,399,0.0
737,476,0.0
737,264,0.0
737,200,0.0
737,189,0.0
737,362,0.0
737,17,0.0
737,16,0.0
724,415,1.0
724,476,1.0
724,125,1.0
724,17,1.0
724,284,1.0
724,400,1.0
724,824,0.9960532893488778
724,89,0.9863939238321437
724,352,0.9780612320222623
724,189,0.975911884868166
705,190,5.0
705,125,5.0
705,416,4.822376989202935
705,352,4.8120967911615224
705,824,4.77193023561705
705,89,4.722946093418758
705,310,4.720106262460186
705,189,4.7035036423601255
705,119,4.689150212982476
705,78,4.682884044993667
680,119,0.0
680,20,0.0
680,399,0.0
680,476,0.0
680,264,0.0
680,200,0.0
680,189,0.0
680,362,0.0
680,17,0.0
680,16,0.0
722,119,0.0
722,20,0.0
722,399,0.0
722,476,0.0
722,264,0.0
722,200,0.0
722,189,0.0
722,362,0.0
722,17,0.0
722,16,0.0
741,125,5.0
741,416,4.884741047699294
741,89,4.859166001389523
741,352,4.849087373391235
741,190,4.845890245302469
741,94,4.747007352450074
741,79,4.718899200292668
741,362,4.674396773616013
741,824,4.6667938215387705
741,310,4.661029859820974
719,190,1.0
719,284,1.0
719,824,1.0
719,125,1.0
719,134,0.9922778767136677
719,89,0.9829513156448736
719,78,0.9800745695020109
719,352,0.9738770107098039
719,16,0.9662823901213161
719,59,0.9647638212377322
752,119,0.0
752,20,0.0
752,399,0.0
752,476,0.0
752,264,0.0
752,200,0.0
752,189,0.0
752,362,0.0
752,17,0.0
752,16,0.0
714,190,8.0
714,125,8.0
714,824,7.756960702772754
714,352,7.701271766259498
714,416,7.6610806520514485
714,78,7.578574479747667
714,89,7.5484144173292815
714,189,7.4333330232259565
714,119,7.4284949907535704
714,287,7.4239136783416875
742,352,9.681421645701684
742,79,9.405783987368462
742,94,9.311327112546968
742,119,9.268933506138454
742,22,9.245457719293668
742,287,9.139377733347619
742,476,9.0
742,17,9.0
742,415,9.0
742,416,8.724611701781184
730,119,0.0
730,20,0.0
730,399,0.0
730,476,0.0
730,264,0.0
730,200,0.0
730,189,0.0
730,362,0.0
730,17,0.0
730,16,0.0
713,476,3.0
713,17,3.0
713,284,3.0
713,415,3.0
713,416,2.974706177778933
713,352,2.898965162878441
713,79,2.822360557090625
713,22,2.8129608941470696
713,78,2.811493935847457
713,362,2.7964197107239337
720,17,4.0
720,476,4.0
720,415,4.0
720,352,3.888522834960862
720,79,3.7972812411032377
720,94,3.768474535669265
720,189,3.7217756533755844
720,255,3.7148434042431617
720,399,3.6989586017494056
720,16,3.695552025901992
693,119,0.0
693,20,0.0
693,399,0.0
693,476,0.0
693,264,0.0
693,200,0.0
693,189,0.0
693,362,0.0
693,17,0.0
693,16,0.0
695,190,3.0
695,125,3.0
695,415,3.0
695,77,3.0
695,352,2.8966021546237144
695,416,2.8925245661069012
695,362,2.876654253289849
695,89,2.872863672400042
695,310,2.8473649635150697
695,94,2.8406344345870065
694,119,0.0
694,20,0.0
694,399,0.0
694,476,0.0
694,264,0.0
694,200,0.0
694,189,0.0
694,362,0.0
694,17,0.0
694,16,0.0
748,119,0.0
748,20,0.0
748,399,0.0
748,476,0.0
748,264,0.0
748,200,0.0
748,189,0.0
748,362,0.0
748,17,0.0
748,16,0.0
721,119,0.0
721,20,0.0
721,399,0.0
721,476,0.0
721,264,0.0
721,200,0.0
721,189,0.0
721,362,0.0
721,17,0.0
721,16,0.0
766,415,1.0
766,125,1.0
766,284,1.0
766,190,1.0
766,17,1.0
766,476,1.0
766,77,1.0
766,416,0.9749643422339904
766,352,0.9524764073669323
766,89,0.9501178292510698
689,119,0.0
689,20,0.0
689,399,0.0
689,476,0.0
689,264,0.0
689,200,0.0
689,189,0.0
689,362,0.0
689,17,0.0
689,16,0.0
684,119,0.0
684,20,0.0
684,399,0.0
684,476,0.0
684,264,0.0
684,200,0.0
684,189,0.0
684,362,0.0
684,17,0.0
684,16,0.0
692,119,0.0
692,20,0.0
692,399,0.0
692,476,0.0
692,264,0.0
692,200,0.0
692,189,0.0
692,362,0.0
692,17,0.0
692,16,0.0
676,119,0.0
676,20,0.0
676,399,0.0
676,476,0.0
676,264,0.0
676,200,0.0
676,189,0.0
676,362,0.0
676,17,0.0
676,16,0.0
754,119,0.0
754,20,0.0
754,399,0.0
754,476,0.0
754,264,0.0
754,200,0.0
754,189,0.0
754,362,0.0
754,17,0.0
754,16,0.0
716,119,0.0
716,20,0.0
716,399,0.0
716,476,0.0
716,264,0.0
716,200,0.0
716,189,0.0
716,362,0.0
716,17,0.0
716,16,0.0
732,119,0.0
732,20,0.0
732,399,0.0
732,476,0.0
732,264,0.0
732,200,0.0
732,189,0.0
732,362,0.0
732,17,0.0
732,16,0.0
743,415,2.0
743,125,2.0
743,284,2.0
743,17,2.0
743,476,2.0
743,190,2.0
743,77,2.0
743,89,1.925407455889069
743,352,1.9103329894676422
743,79,1.892998999610355
718,415,1.0
718,125,1.0
718,284,1.0
718,190,1.0
718,17,1.0
718,476,1.0
718,77,1.0
718,416,0.9749643422339904
718,352,0.9524764073669323
718,89,0.9501178292510698
725,119,0.0
725,20,0.0
725,399,0.0
725,476,0.0
725,264,0.0
725,200,0.0
725,189,0.0
725,362,0.0
725,17,0.0
725,16,0.0
749,119,0.0
749,20,0.0
749,399,0.0
749,476,0.0
749,264,0.0
749,200,0.0
749,189,0.0
749,362,0.0
749,17,0.0
749,16,0.0
683,119,0.0
683,20,0.0
683,399,0.0
683,476,0.0
683,264,0.0
683,200,0.0
683,189,0.0
683,362,0.0
683,17,0.0
683,16,0.0
755,119,0.0
755,20,0.0
755,399,0.0
755,476,0.0
755,264,0.0
755,200,0.0
755,189,0.0
755,362,0.0
755,17,0.0
755,16,0.0
682,119,0.0
682,20,0.0
682,399,0.0
682,476,0.0
682,264,0.0
682,200,0.0
682,189,0.0
682,362,0.0
682,17,0.0
682,16,0.0
740,284,1.0
740,89,1.0
740,415,1.0
740,17,1.0
740,476,1.0
740,125,1.0
740,824,0.9856222548132666
740,190,0.984387258421774
740,416,0.9788121662928764
740,119,0.975911884868166
733,119,0.0
733,20,0.0
733,399,0.0
733,476,0.0
733,264,0.0
733,200,0.0
733,189,0.0
733,362,0.0
733,17,0.0
733,16,0.0
709,119,0.0
709,20,0.0
709,399,0.0
709,476,0.0
709,264,0.0
709,200,0.0
709,189,0.0
709,362,0.0
709,17,0.0
709,16,0.0
702,119,0.0
702,20,0.0
702,399,0.0
702,476,0.0
702,264,0.0
702,200,0.0
702,189,0.0
702,362,0.0
702,17,0.0
702,16,0.0
708,77,1.0
708,125,1.0
708,824,1.0
708,415,1.0
708,476,1.0
708,190,1.0
708,17,1.0
708,284,1.0
708,400,1.0
708,416,0.9997418355449427
711,119,0.0
711,20,0.0
711,399,0.0
711,476,0.0
711,264,0.0
711,200,0.0
711,189,0.0
711,362,0.0
711,17,0.0
711,16,0.0
765,119,0.0
765,20,0.0
765,399,0.0
765,476,0.0
765,264,0.0
765,200,0.0
765,189,0.0
765,362,0.0
765,17,0.0
765,16,0.0
723,119,0.0
723,20,0.0
723,399,0.0
723,476,0.0
723,264,0.0
723,200,0.0
723,189,0.0
723,362,0.0
723,17,0.0
723,16,0.0
731,119,0.0
731,20,0.0
731,399,0.0
731,476,0.0
731,264,0.0
731,200,0.0
731,189,0.0
731,362,0.0
731,17,0.0
731,16,0.0
703,17,3.0
703,476,3.0
703,415,3.0
703,284,3.0
703,125,3.0
703,824,2.981083756504582
703,89,2.961683550470143
703,190,2.930751493440347
703,352,2.919737530619801
703,78,2.918447553895149
763,119,0.0
763,20,0.0
763,399,0.0
763,476,0.0
763,264,0.0
763,200,0.0
763,189,0.0
763,362,0.0
763,17,0.0
763,16,0.0
762,415,1.0
762,125,1.0
762,284,1.0
762,190,1.0
762,17,1.0
762,476,1.0
762,77,1.0
762,824,0.9850304671557042
762,78,0.979867475145811
762,89,0.9752896266379992
761,119,0.0
761,20,0.0
761,399,0.0
761,476,0.0
761,264,0.0
761,200,0.0
761,189,0.0
761,362,0.0
761,17,0.0
761,16,0.0
199,125,10.0
199,824,9.966706011317848
199,190,9.845890245302467
199,416,9.819922144518523
199,89,9.783468798974857
199,22,9.528985582745785
199,94,9.449194624138578
199,287,9.364071767712014
199,134,9.356904356708013
199,255,9.206843274620587
206,119,0.0
206,20,0.0
206,399,0.0
206,476,0.0
206,264,0.0
206,200,0.0
206,189,0.0
206,362,0.0
206,17,0.0
206,16,0.0
103,190,1.0
103,125,1.0
103,824,1.0
103,284,1.0
103,415,1.0
103,476,1.0
103,17,1.0
103,77,1.0
103,78,0.968335705049668
103,89,0.9647638212377321
286,284,2.0
286,190,2.0
286,125,2.0
286,824,1.9850304671557042
286,78,1.9599420446478217
286,89,1.9582409422828728
286,352,1.931733592810514
286,22,1.8773738827117445
286,134,1.8723255079634806
286,310,1.8654995335084008
145,119,0.0
145,20,0.0
145,399,0.0
145,476,0.0
145,264,0.0
145,200,0.0
145,189,0.0
145,362,0.0
145,17,0.0
145,16,0.0
345,119,0.0
345,20,0.0
345,399,0.0
345,476,0.0
345,264,0.0
345,200,0.0
345,189,0.0
345,362,0.0
345,17,0.0
345,16,0.0
282,119,0.0
282,20,0.0
282,399,0.0
282,476,0.0
282,264,0.0
282,200,0.0
282,189,0.0
282,362,0.0
282,17,0.0
282,16,0.0
143,119,0.0
143,20,0.0
143,399,0.0
143,476,0.0
143,264,0.0
143,200,0.0
143,189,0.0
143,362,0.0
143,17,0.0
143,16,0.0
160,119,0.0
160,20,0.0
160,399,0.0
160,476,0.0
160,264,0.0
160,200,0.0
160,189,0.0
160,362,0.0
160,17,0.0
160,16,0.0
381,119,0.0
381,20,0.0
381,399,0.0
381,476,0.0
381,264,0.0
381,200,0.0
381,189,0.0
381,362,0.0
381,17,0.0
381,16,0.0
335,190,10.0
335,125,10.0
335,824,9.985030467155704
335,416,9.790278939314712
335,362,9.575382005645967
335,189,9.48401088878376
335,119,9.457401300089895
335,16,9.417118895404489
335,134,9.294946459707944
335,59,9.213198980214997
398,119,0.0
398,20,0.0
398,399,0.0
398,476,0.0
398,264,0.0
398,200,0.0
398,189,0.0
398,362,0.0
398,17,0.0
398,16,0.0
375,415,1.0
375,125,1.0
375,284,1.0
375,190,1.0
375,17,1.0
375,476,1.0
375,77,1.0
375,416,0.9749643422339904
375,352,0.9524764073669323
375,89,0.9501178292510698
91,190,4.0
91,125,4.0
91,416,3.9102322326250634
91,352,3.83443096947424
91,824,3.7719302356170497
91,310,3.768499072868134
91,16,3.761077424254494
91,94,3.756248204870226
91,89,3.753537738849674
91,78,3.746139128393265
172,119,0.0
172,20,0.0
172,399,0.0
172,476,0.0
172,264,0.0
172,200,0.0
172,189,0.0
172,362,0.0
172,17,0.0
172,16,0.0
144,125,1.0
144,476,1.0
144,17,1.0
144,284,1.0
144,400,1.0
144,416,0.9934573664196354
144,134,0.976142201738501
144,89,0.9622582087023492
144,189,0.9616268620532802
144,352,0.9615384615384616
405,119,0.0
405,20,0.0
405,399,0.0
405,476,0.0
405,264,0.0
405,200,0.0
405,189,0.0
405,362,0.0
405,17,0.0
405,16,0.0
133,119,0.0
133,20,0.0
133,399,0.0
133,476,0.0
133,264,0.0
133,200,0.0
133,189,0.0
133,362,0.0
133,17,0.0
133,16,0.0
329,78,2.8826422592618677
329,189,2.8798713055212124
329,352,2.8758375560450413
329,119,2.8578254240575123
329,79,2.856607523507676
329,310,2.830905259529483
329,22,2.810192601830503
329,362,2.801932810946446
329,264,2.7801462410893905
329,94,2.7787577947490134
185,415,1.0
185,125,1.0
185,284,1.0
185,190,1.0
185,17,1.0
185,476,1.0
185,77,1.0
185,416,0.9749643422339904
185,352,0.9524764073669323
185,89,0.9501178292510698
283,415,3.0
283,125,3.0
283,824,2.996053289348878
283,352,2.9358829636993
283,190,2.930751493440347
283,416,2.8985975842731992
283,189,2.8627891759113737
283,89,2.84121715443602
283,78,2.8257577644066805
283,79,2.823854566515571
355,78,5.7241202896465975
355,189,5.70031985898201
355,79,5.649768640484215
355,362,5.642115599386368
355,22,5.636649255363411
355,287,5.617462894715095
355,310,5.610143890487807
355,94,5.5920980604634805
355,20,5.536331315575492
355,399,5.525017594721742
157,119,0.0
157,20,0.0
157,399,0.0
157,476,0.0
157,264,0.0
157,200,0.0
157,189,0.0
157,362,0.0
157,17,0.0
157,16,0.0
347,824,2.0
347,476,2.0
347,415,2.0
347,17,2.0
347,190,2.0
347,125,2.0
347,416,1.9608322470653499
347,352,1.9260221891714657
347,119,1.8918851083439847
347,189,1.880557965601197
115,119,0.0
115,20,0.0
115,399,0.0
115,476,0.0
115,264,0.0
115,200,0.0
115,189,0.0
115,362,0.0
115,17,0.0
115,16,0.0
385,119,0.0
385,20,0.0
385,399,0.0
385,476,0.0
385,264,0.0
385,200,0.0
385,189,0.0
385,362,0.0
385,17,0.0
385,16,0.0
291,77,1.0
291,125,1.0
291,824,1.0
291,415,1.0
291,476,1.0
291,190,1.0
291,17,1.0
291,284,1.0
291,400,1.0
291,416,0.9997418355449427
89,415,1.0
89,476,1.0
89,125,1.0
89,17,1.0
89,284,1.0
89,400,1.0
89,824,0.9960532893488778
89,89,0.9863939238321437
89,352,0.9780612320222623
89,189,0.975911884868166
288,125,2.0
288,415,2.0
288,824,2.0
288,190,2.0
288,77,2.0
288,416,1.997693576461094
288,352,1.908077551397504
288,78,1.8702312255579208
288,310,1.8685150007825557
288,16,1.8626920546721744
148,415,1.0
148,125,1.0
148,284,1.0
148,190,1.0
148,17,1.0
148,476,1.0
148,77,1.0
148,824,0.9850304671557042
148,78,0.979867475145811
148,89,0.9752896266379992
182,125,4.0
182,190,3.930751493440347
182,416,3.9269888467561302
182,824,3.9131880417595766
182,89,3.8194020398939386
182,94,3.813497134150268
182,78,3.8111430578758183
182,189,3.7808917340377213
182,119,3.7757696039514297
182,310,3.764643458250302
237,415,1.0
237,125,1.0
237,284,1.0
237,190,1.0
237,17,1.0
237,476,1.0
237,77,1.0
237,824,0.9850304671557042
237,78,0.979867475145811
237,89,0.9752896266379992
153,77,1.0
153,125,1.0
153,824,1.0
153,415,1.0
153,476,1.0
153,190,1.0
153,17,1.0
153,284,1.0
153,400,1.0
153,416,0.9997418355449427
359,77,1.0
359,125,1.0
359,824,1.0
359,415,1.0
359,476,1.0
359,190,1.0
359,17,1.0
359,284,1.0
359,400,1.0
359,416,0.9997418355449427
255,119,0.0
255,20,0.0
255,399,0.0
255,476,0.0
255,264,0.0
255,200,0.0
255,189,0.0
255,362,0.0
255,17,0.0
255,16,0.0
147,119,0.0
147,20,0.0
147,399,0.0
147,476,0.0
147,264,0.0
147,200,0.0
147,189,0.0
147,362,0.0
147,17,0.0
147,16,0.0
198,415,4.0
198,824,3.996053289348878
198,416,3.9177009563720544
198,352,3.884271171447091
198,78,3.8006504317534215
198,264,3.740826753406405
198,22,3.736603013412995
198,94,3.731640279530825
198,79,3.715054916058065
198,362,3.7066799423799037
131,119,0.0
131,20,0.0
131,399,0.0
131,476,0.0
131,264,0.0
131,200,0.0
131,189,0.0
131,362,0.0
131,17,0.0
131,16,0.0
280,119,0.0
280,20,0.0
280,399,0.0
280,476,0.0
280,264,0.0
280,200,0.0
280,189,0.0
280,362,0.0
280,17,0.0
280,16,0.0
219,119,0.0
219,20,0.0
219,399,0.0
219,476,0.0
219,264,0.0
219,200,0.0
219,189,0.0
219,362,0.0
219,17,0.0
219,16,0.0
92,415,4.0
92,125,4.0
92,190,4.0
92,77,4.0
92,352,3.8226591942188524
92,89,3.8208572134119683
92,416,3.784186673770492
92,78,3.7675389447313177
92,824,3.756960702772754
92,94,3.7499299451966976
391,119,0.0
391,20,0.0
391,399,0.0
391,476,0.0
391,264,0.0
391,200,0.0
391,189,0.0
391,362,0.0
391,17,0.0
391,16,0.0
366,284,3.0
366,125,3.0
366,190,2.930751493440347
366,416,2.905996022583605
366,89,2.8953273535982924
366,352,2.8878918796151978
366,189,2.856158819415817
366,134,2.849473196830497
366,94,2.841678968922822
366,310,2.828868937729869
119,415,1.0
119,125,1.0
119,284,1.0
119,190,1.0
119,17,1.0
119,476,1.0
119,77,1.0
119,824,0.9850304671557042
119,78,0.979867475145811
119,89,0.9752896266379992
93,119,0.0
93,20,0.0
93,399,0.0
93,476,0.0
93,264,0.0
93,200,0.0
93,189,0.0
93,362,0.0
93,17,0.0
93,16,0.0
247,119,0.0
247,20,0.0
247,399,0.0
247,476,0.0
247,264,0.0
247,200,0.0
247,189,0.0
247,362,0.0
247,17,0.0
247,16,0.0
221,119,0.0
221,20,0.0
221,399,0.0
221,476,0.0
221,264,0.0
221,200,0.0
221,189,0.0
221,362,0.0
221,17,0.0
221,16,0.0
408,415,2.0
408,476,2.0
408,17,2.0
408,284,2.0
408,125,2.0
408,824,1.981083756504582
408,89,1.961683550470143
408,352,1.935917814122972
408,190,1.9307514934403471
408,78,1.921393068393567
350,119,0.0
350,20,0.0
350,399,0.0
350,476,0.0
350,264,0.0
350,200,0.0
350,189,0.0
350,362,0.0
350,17,0.0
350,16,0.0
406,824,1.0
406,134,1.0
406,125,1.0
406,284,1.0
406,190,1.0
406,77,1.0
406,16,0.9938837346736189
406,78,0.9850365626224087
406,416,0.9847835588179368
406,22,0.9844045633434616
121,284,4.0
121,125,4.0
121,190,3.930751493440347
121,416,3.9057378581285476
121,352,3.840496900453088
121,89,3.82842730757618
121,94,3.78383140679478
121,189,3.7744032628837494
121,310,3.7661255103773295
121,78,3.758550162097212
212,824,3.0
212,190,3.0
212,284,3.0
212,125,3.0
212,78,2.933446837174088
212,134,2.924532676261391
212,89,2.9094092105512956
212,22,2.883922659539653
212,416,2.8830873327366535
212,16,2.867759256106314
80,119,0.0
80,20,0.0
80,399,0.0
80,476,0.0
80,264,0.0
80,200,0.0
80,189,0.0
80,362,0.0
80,17,0.0
80,16,0.0
140,119,0.0
140,20,0.0
140,399,0.0
140,476,0.0
140,264,0.0
140,200,0.0
140,189,0.0
140,362,0.0
140,17,0.0
140,16,0.0
230,119,0.0
230,20,0.0
230,399,0.0
230,476,0.0
230,264,0.0
230,200,0.0
230,189,0.0
230,362,0.0
230,17,0.0
230,16,0.0
110,119,0.0
110,20,0.0
110,399,0.0
110,476,0.0
110,264,0.0
110,200,0.0
110,189,0.0
110,362,0.0
110,17,0.0
110,16,0.0
114,125,1.0
114,415,1.0
114,190,1.0
114,824,1.0
114,77,1.0
114,416,0.9979517409161514
114,134,0.9911384808395389
114,352,0.955472530559614
114,16,0.9486552781642772
114,310,0.9312584281350952
111,125,1.0
111,476,1.0
111,17,1.0
111,284,1.0
111,400,1.0
111,416,0.9934573664196354
111,134,0.976142201738501
111,89,0.9622582087023492
111,189,0.9616268620532802
111,352,0.9615384615384616
86,415,3.0
86,476,3.0
86,17,3.0
86,824,3.0
86,416,2.921819871509145
86,352,2.9184633860147056
86,134,2.876398312727656
86,79,2.873825547433026
86,22,2.857512842106045
86,362,2.855219453183395
203,284,4.0
203,17,4.0
203,476,4.0
203,125,4.0
203,89,3.874059588423562
203,190,3.8615029868806943
203,352,3.849932683028366
203,416,3.797849153525066
203,79,3.777267105966379
203,189,3.7766560335988353
152,125,4.0
152,824,3.996053289348878
152,190,3.930751493440347
152,352,3.909759974409104
152,416,3.8361718982031783
152,89,3.8241684700808936
152,189,3.8174892932921694
152,78,3.8058323339086915
152,399,3.7651804214540294
152,310,3.7589112052857843
211,119,0.0
211,20,0.0
211,399,0.0
211,476,0.0
211,264,0.0
211,200,0.0
211,189,0.0
211,362,0.0
211,17,0.0
211,16,0.0
253,119,0.0
253,20,0.0
253,399,0.0
253,476,0.0
253,264,0.0
253,200,0.0
253,189,0.0
253,362,0.0
253,17,0.0
253,16,0.0
141,119,0.0
141,20,0.0
141,399,0.0
141,476,0.0
141,264,0.0
141,200,0.0
141,189,0.0
141,362,0.0
141,17,0.0
141,16,0.0
300,119,0.0
300,20,0.0
300,399,0.0
300,476,0.0
300,264,0.0
300,200,0.0
300,189,0.0
300,362,0.0
300,17,0.0
300,16,0.0
409,824,2.0
409,190,2.0
409,125,2.0
409,352,1.9582815740532655
409,78,1.9491687347547857
409,89,1.943347355248834
409,16,1.9308264509634714
409,310,1.9129754632373195
409,416,1.9061284518292745
409,200,1.8904419057662514
407,119,0.0
407,20,0.0
407,399,0.0
407,476,0.0
407,264,0.0
407,200,0.0
407,189,0.0
407,362,0.0
407,17,0.0
407,16,0.0
372,119,0.0
372,20,0.0
372,399,0.0
372,476,0.0
372,264,0.0
372,200,0.0
372,189,0.0
372,362,0.0
372,17,0.0
372,16,0.0
174,190,1.0
174,284,1.0
174,824,1.0
174,125,1.0
174,134,0.9922778767136677
174,89,0.9829513156448736
174,78,0.9800745695020109
174,352,0.9738770107098039
174,16,0.9662823901213161
174,59,0.9647638212377322
336,119,0.0
336,20,0.0
336,399,0.0
336,476,0.0
336,264,0.0
336,200,0.0
336,189,0.0
336,362,0.0
336,17,0.0
336,16,0.0
387,125,2.0
387,415,2.0
387,476,2.0
387,17,2.0
387,284,2.0
387,190,2.0
387,77,2.0
387,416,1.9747061777789332
387,352,1.9050814282048223
387,94,1.8905771379853649
175,119,0.0
175,20,0.0
175,399,0.0
175,476,0.0
175,264,0.0
175,200,0.0
175,189,0.0
175,362,0.0
175,17,0.0
175,16,0.0
88,119,0.0
88,20,0.0
88,399,0.0
88,476,0.0
88,264,0.0
88,200,0.0
88,189,0.0
88,362,0.0
88,17,0.0
88,16,0.0
107,119,0.0
107,20,0.0
107,399,0.0
107,476,0.0
107,264,0.0
107,200,0.0
107,189,0.0
107,362,0.0
107,17,0.0
107,16,0.0
281,824,2.0
281,284,2.0
281,190,2.0
281,125,2.0
281,416,1.9373161494749218
281,78,1.9284484697626425
281,352,1.9264820315476938
281,89,1.9160512696227614
281,310,1.8937236270268953
281,94,1.8932285408042333
97,125,10.0
97,824,9.89486358592172
97,190,9.845890245302467
97,416,9.74523508319461
97,352,9.702006645012812
97,89,9.636362047190985
97,78,9.49800230427786
97,22,9.430641777896954
97,134,9.306266318462082
97,255,9.129242074184928
179,190,4.0
179,415,4.0
179,125,4.0
179,824,3.9850304671557044
179,352,3.8393513018317895
179,416,3.8192583979994454
179,78,3.765236706609881
179,119,3.722003742342905
179,310,3.7130735606876275
179,287,3.7036319585387885
404,125,1.0
404,476,1.0
404,17,1.0
404,284,1.0
404,400,1.0
404,416,0.9934573664196354
404,134,0.976142201738501
404,89,0.9622582087023492
404,189,0.9616268620532802
404,352,0.9615384615384616
267,119,0.0
267,20,0.0
267,399,0.0
267,476,0.0
267,264,0.0
267,200,0.0
267,189,0.0
267,362,0.0
267,17,0.0
267,16,0.0
270,119,0.0
270,20,0.0
270,399,0.0
270,476,0.0
270,264,0.0
270,200,0.0
270,189,0.0
270,362,0.0
270,17,0.0
270,16,0.0
229,415,1.0
229,125,1.0
229,284,1.0
229,190,1.0
229,17,1.0
229,476,1.0
229,77,1.0
229,416,0.9749643422339904
229,352,0.9524764073669323
229,89,0.9501178292510698
252,77,1.0
252,125,1.0
252,824,1.0
252,415,1.0
252,476,1.0
252,190,1.0
252,17,1.0
252,284,1.0
252,400,1.0
252,416,0.9997418355449427
163,190,1.0
163,284,1.0
163,824,1.0
163,125,1.0
163,134,0.9922778767136677
163,89,0.9829513156448736
163,78,0.9800745695020109
163,352,0.9738770107098039
163,16,0.9662823901213161
163,59,0.9647638212377322
321,119,0.0
321,20,0.0
321,399,0.0
321,476,0.0
321,264,0.0
321,200,0.0
321,189,0.0
321,362,0.0
321,17,0.0
321,16,0.0
210,119,0.0
210,20,0.0
210,399,0.0
210,476,0.0
210,264,0.0
210,200,0.0
210,189,0.0
210,362,0.0
210,17,0.0
210,16,0.0
176,119,0.0
176,20,0.0
176,399,0.0
176,476,0.0
176,264,0.0
176,200,0.0
176,189,0.0
176,362,0.0
176,17,0.0
176,16,0.0
194,119,0.0
194,20,0.0
194,399,0.0
194,476,0.0
194,264,0.0
194,200,0.0
194,189,0.0
194,362,0.0
194,17,0.0
194,16,0.0
171,119,0.0
171,20,0.0
171,399,0.0
171,476,0.0
171,264,0.0
171,200,0.0
171,189,0.0
171,362,0.0
171,17,0.0
171,16,0.0
166,125,1.0
166,190,1.0
166,824,1.0
166,415,1.0
166,77,1.0
166,362,0.9906949931273519
166,352,0.9844045633434616
166,78,0.9690941652527747
166,416,0.9685541378992955
166,16,0.9645440608421553
277,190,2.0
277,824,2.0
277,125,2.0
277,77,2.0
277,134,1.991138480839539
277,416,1.9827352997340881
277,16,1.942539012837896
277,78,1.9068938879196977
277,119,1.9027131771724775
277,94,1.8880121322861618
218,119,0.0
218,20,0.0
218,399,0.0
218,476,0.0
218,264,0.0
218,200,0.0
218,189,0.0
218,362,0.0
218,17,0.0
218,16,0.0
402,78,1.980074569502011
402,189,1.9547001173807959
402,352,1.935571084378494
402,200,1.9313673370308129
402,310,1.9212308756171668
402,399,1.9167575388133844
402,119,1.9161627000771324
402,22,1.903405726942267
402,362,1.899228803025897
402,264,1.887039118468611
360,17,3.0
360,476,3.0
360,284,3.0
360,125,3.0
360,416,2.9621522368180746
360,824,2.909241331108454
360,352,2.8922047143986136
360,89,2.881752086512381
360,190,2.8615029868806943
360,189,2.8557831903893782
365,125,5.0
365,824,4.9810837565045825
365,190,4.930751493440347
365,352,4.816429838399901
365,89,4.796767327328592
365,78,4.791660668242535
365,416,4.725682959706308
365,134,4.717066632796854
365,189,4.664291333601242
365,94,4.662431184724963
362,190,1.0
362,125,1.0
362,824,1.0
362,284,1.0
362,415,1.0
362,476,1.0
362,17,1.0
362,77,1.0
362,78,0.968335705049668
362,89,0.9647638212377321
363,125,1.0
363,415,1.0
363,190,1.0
363,824,1.0
363,77,1.0
363,416,0.9979517409161514
363,134,0.9911384808395389
363,352,0.955472530559614
363,16,0.9486552781642772
363,310,0.9312584281350952
196,119,0.0
196,20,0.0
196,399,0.0
196,476,0.0
196,264,0.0
196,200,0.0
196,189,0.0
196,362,0.0
196,17,0.0
196,16,0.0
388,119,0.0
388,20,0.0
388,399,0.0
388,476,0.0
388,264,0.0
388,200,0.0
388,189,0.0
388,362,0.0
388,17,0.0
388,16,0.0
390,190,4.0
390,284,4.0
390,125,4.0
390,89,3.8414587255118304
390,352,3.836815021015336
390,78,3.8041492782417867
390,416,3.772754901726856
390,824,3.756960702772754
390,310,3.7462731238620046
390,94,3.745256686061378
223,119,0.0
223,20,0.0
223,399,0.0
223,476,0.0
223,264,0.0
223,200,0.0
223,189,0.0
223,362,0.0
223,17,0.0
223,16,0.0
301,119,0.0
301,20,0.0
301,399,0.0
301,476,0.0
301,264,0.0
301,200,0.0
301,189,0.0
301,362,0.0
301,17,0.0
301,16,0.0
73,119,0.0
73,20,0.0
73,399,0.0
73,476,0.0
73,264,0.0
73,200,0.0
73,189,0.0
73,362,0.0
73,17,0.0
73,16,0.0
315,125,6.0
315,190,5.930751493440347
315,824,5.8982185089152805
315,416,5.773445224407818
315,352,5.752052246377762
315,78,5.667840770660785
315,89,5.617207441531727
315,134,5.608992706379459
315,79,5.60744961384152
315,22,5.579574428960223
306,824,2.0
306,416,1.9610904115204073
306,352,1.9584537309559846
306,79,1.9311506724342862
306,362,1.9183923337760247
306,22,1.9055545376587797
306,310,1.9038617858257738
306,287,1.8992135980591365
306,119,1.8991561851680143
306,89,1.8944271909999157
312,416,3.940415193309402
312,824,3.9131880417595766
312,352,3.8617687386338044
312,89,3.811976652223204
312,59,3.801574903106057
312,310,3.775818535780094
312,362,3.7687919018782665
312,16,3.7386758224871164
312,22,3.7313599748182344
312,119,3.7296313939034116
309,284,2.0
309,476,2.0
309,17,2.0
309,125,2.0
309,416,1.9684217086536258
309,190,1.9307514934403471
309,352,1.9140148689053937
309,89,1.9123760379534192
309,189,1.9014587020350215
309,79,1.8914206193285765
279,190,6.0
279,125,6.0
279,89,5.765502602725532
279,824,5.756960702772754
279,78,5.7326500768557365
279,416,5.7065445465184075
279,94,5.674423216462549
279,310,5.6447751438205565
279,22,5.638690257165016
279,119,5.615047541933185
358,78,1.0
358,189,1.0
358,362,1.0
358,119,0.9863939238321437
358,79,0.9829513156448736
358,200,0.9752896266379992
358,310,0.9647638212377321
358,287,0.9623498035450118
358,399,0.9622582087023492
358,352,0.96169407366869
233,119,0.0
233,20,0.0
233,399,0.0
233,476,0.0
233,264,0.0
233,200,0.0
233,189,0.0
233,362,0.0
233,17,0.0
233,16,0.0
348,119,0.0
348,20,0.0
348,399,0.0
348,476,0.0
348,264,0.0
348,200,0.0
348,189,0.0
348,362,0.0
348,17,0.0
348,16,0.0
227,119,0.0
227,20,0.0
227,399,0.0
227,476,0.0
227,264,0.0
227,200,0.0
227,189,0.0
227,362,0.0
227,17,0.0
227,16,0.0
273,190,2.0
273,415,2.0
273,17,2.0
273,476,2.0
273,125,2.0
273,824,1.9850304671557042
273,352,1.9312737504342858
273,79,1.9071538133250892
273,78,1.8950054810519603
273,287,1.8783060076283147
162,77,1.0
162,125,1.0
162,824,1.0
162,415,1.0
162,476,1.0
162,190,1.0
162,17,1.0
162,284,1.0
162,400,1.0
162,416,0.9997418355449427
106,415,5.0
106,125,5.0
106,190,4.930751493440347
106,89,4.838915004503957
106,352,4.799277888410735
106,824,4.753013992121632
106,78,4.72902634276811
106,416,4.7141273330677835
106,94,4.700934180021103
106,79,4.679081702174772
169,119,0.0
169,20,0.0
169,399,0.0
169,476,0.0
169,264,0.0
169,200,0.0
169,189,0.0
169,362,0.0
169,17,0.0
169,16,0.0
302,119,0.0
302,20,0.0
302,399,0.0
302,476,0.0
302,264,0.0
302,200,0.0
302,189,0.0
302,362,0.0
302,17,0.0
302,16,0.0
310,119,0.0
310,20,0.0
310,399,0.0
310,476,0.0
310,264,0.0
310,200,0.0
310,189,0.0
310,362,0.0
310,17,0.0
310,16,0.0
298,119,0.0
298,20,0.0
298,399,0.0
298,476,0.0
298,264,0.0
298,200,0.0
298,189,0.0
298,362,0.0
298,17,0.0
298,16,0.0
274,415,1.0
274,125,1.0
274,284,1.0
274,190,1.0
274,17,1.0
274,476,1.0
274,77,1.0
274,416,0.9749643422339904
274,352,0.9524764073669323
274,89,0.9501178292510698
340,190,2.0
340,284,2.0
340,125,2.0
340,89,1.9330691448959434
340,352,1.926353418076736
340,416,1.9125386561639695
340,310,1.8999840720855787
340,94,1.8995008030456821
340,16,1.89838536958232
340,189,1.894531957362537
246,416,6.846453228060217
246,352,6.746944682629985
246,89,6.732985656318012
246,824,6.685118277376626
246,362,6.629794001482297
246,79,6.589975680240089
246,94,6.575629125018359
246,119,6.515956437342601
246,16,6.508297492445275
246,189,6.496871287713372
342,119,0.0
342,20,0.0
342,399,0.0
342,476,0.0
342,264,0.0
342,200,0.0
342,189,0.0
342,362,0.0
342,17,0.0
342,16,0.0
292,824,1.0
292,415,1.0
292,190,1.0
292,476,1.0
292,17,1.0
292,125,1.0
292,352,0.9734171683335759
292,134,0.965088060733311
292,189,0.9623135221332649
292,416,0.9610904115204073
135,77,1.0
135,125,1.0
135,824,1.0
135,415,1.0
135,476,1.0
135,190,1.0
135,17,1.0
135,284,1.0
135,400,1.0
135,416,0.9997418355449427
214,125,2.0
214,284,2.0
214,17,2.0
214,476,2.0
214,400,2.0
214,416,1.9931992019645781
214,190,1.9307514934403471
214,352,1.9141434823763515
214,824,1.9131880417595766
214,89,1.8953581626802372
192,310,7.572518430378943
192,119,7.569560522871249
192,362,7.5693021759344985
192,189,7.53588829989959
192,22,7.524577411070572
192,79,7.5174998031512175
192,94,7.486081995122325
192,200,7.426116505782758
192,416,6.899904929906272
192,824,6.685118277376626
278,190,4.0
278,125,4.0
278,824,3.9850304671557044
278,78,3.888442843261772
278,89,3.8822848194965744
278,22,3.7902734238601017
278,94,3.7838460784771843
278,16,3.76531147292427
278,310,3.7640015534669526
278,264,3.7597931742403867
319,190,1.0
319,284,1.0
319,824,1.0
319,125,1.0
319,134,0.9922778767136677
319,89,0.9829513156448736
319,78,0.9800745695020109
319,352,0.9738770107098039
319,16,0.9662823901213161
319,59,0.9647638212377322
186,125,3.0
186,190,2.930751493440347
186,89,2.924608012247361
186,824,2.9131880417595766
186,352,2.905079361948611
186,416,2.9009438327601584
186,78,2.8747870804943596
186,22,2.8505159125964594
186,310,2.8303768543397525
186,94,2.8192653762191777
234,119,0.0
234,20,0.0
234,399,0.0
234,476,0.0
234,264,0.0
234,200,0.0
234,189,0.0
234,362,0.0
234,17,0.0
234,16,0.0
330,119,0.0
330,20,0.0
330,399,0.0
330,476,0.0
330,264,0.0
330,200,0.0
330,189,0.0
330,362,0.0
330,17,0.0
330,16,0.0
378,119,0.0
378,20,0.0
378,399,0.0
378,476,0.0
378,264,0.0
378,200,0.0
378,189,0.0
378,362,0.0
378,17,0.0
378,16,0.0
394,119,0.0
394,20,0.0
394,399,0.0
394,476,0.0
394,264,0.0
394,200,0.0
394,189,0.0
394,362,0.0
394,17,0.0
394,16,0.0
295,119,0.0
295,20,0.0
295,399,0.0
295,476,0.0
295,264,0.0
295,200,0.0
295,189,0.0
295,362,0.0
295,17,0.0
295,16,0.0
241,119,0.0
241,20,0.0
241,399,0.0
241,476,0.0
241,264,0.0
241,200,0.0
241,189,0.0
241,362,0.0
241,17,0.0
241,16,0.0
132,125,1.0
132,476,1.0
132,17,1.0
132,284,1.0
132,400,1.0
132,416,0.9934573664196354
132,134,0.976142201738501
132,89,0.9622582087023492
132,189,0.9616268620532802
132,352,0.9615384615384616
222,119,0.0
222,20,0.0
222,399,0.0
222,476,0.0
222,264,0.0
222,200,0.0
222,189,0.0
222,362,0.0
222,17,0.0
222,16,0.0
224,119,0.0
224,20,0.0
224,399,0.0
224,476,0.0
224,264,0.0
224,200,0.0
224,189,0.0
224,362,0.0
224,17,0.0
224,16,0.0
303,119,0.0
303,20,0.0
303,399,0.0
303,476,0.0
303,264,0.0
303,200,0.0
303,189,0.0
303,362,0.0
303,17,0.0
303,16,0.0
217,119,0.0
217,20,0.0
217,399,0.0
217,476,0.0
217,264,0.0
217,200,0.0
217,189,0.0
217,362,0.0
217,17,0.0
217,16,0.0
293,119,0.0
293,20,0.0
293,399,0.0
293,476,0.0
293,264,0.0
293,200,0.0
293,189,0.0
293,362,0.0
293,17,0.0
293,16,0.0
240,284,3.0
240,476,3.0
240,17,3.0
240,125,3.0
240,190,2.930751493440347
240,416,2.9291511686423637
240,89,2.8771398591911512
240,352,2.8651773519129042
240,79,2.847887673708011
240,94,2.8261289467666524
158,119,0.0
158,20,0.0
158,399,0.0
158,476,0.0
158,264,0.0
158,200,0.0
158,189,0.0
158,362,0.0
158,17,0.0
158,16,0.0
204,77,1.0
204,125,1.0
204,824,1.0
204,415,1.0
204,476,1.0
204,190,1.0
204,17,1.0
204,284,1.0
204,400,1.0
204,416,0.9997418355449427
294,415,2.0
294,190,2.0
294,17,2.0
294,476,2.0
294,125,2.0
294,416,1.9360547537543977
294,352,1.9258935757005082
294,189,1.9021453621150062
294,287,1.9003496951745655
294,119,1.8988500486099622
367,78,3.883437093756022
367,352,3.8815141092604173
367,189,3.8408907483440187
367,362,3.813335055348853
367,310,3.806624150119342
367,119,3.7784330380823885
367,94,3.724141832215336
367,264,3.7241097589007897
367,200,3.720190358588953
367,20,3.701908042316546
77,284,3.0
77,190,3.0
77,125,3.0
77,416,2.897322214981906
77,89,2.8947632185646333
77,16,2.8922691042559387
77,134,2.873330995091996
77,94,2.872917971379258
77,189,2.8671386664826546
77,78,2.860944465457753
337,824,8.756960702772755
337,416,8.696205571392614
337,89,8.595079787898195
337,362,8.509690352753907
337,79,8.435603609505865
337,16,8.43324801134316
337,94,8.42506653657112
337,119,8.386959319562141
337,189,8.319820559792195
337,399,8.241429600674556
138,119,0.0
138,20,0.0
138,399,0.0
138,476,0.0
138,264,0.0
138,200,0.0
138,189,0.0
138,362,0.0
138,17,0.0
138,16,0.0
226,119,0.0
226,20,0.0
226,399,0.0
226,476,0.0
226,264,0.0
226,200,0.0
226,189,0.0
226,362,0.0
226,17,0.0
226,16,0.0
399,824,2.0
399,476,2.0
399,415,2.0
399,17,2.0
399,190,2.0
399,125,2.0
399,416,1.9608322470653499
399,352,1.9260221891714657
399,119,1.8918851083439847
399,189,1.880557965601197
243,415,1.0
243,476,1.0
243,125,1.0
243,17,1.0
243,284,1.0
243,400,1.0
243,824,0.9960532893488778
243,89,0.9863939238321437
243,352,0.9780612320222623
243,189,0.975911884868166
124,77,1.0
124,125,1.0
124,824,1.0
124,415,1.0
124,476,1.0
124,190,1.0
124,17,1.0
124,284,1.0
124,400,1.0
124,416,0.9997418355449427
126,415,1.0
126,125,1.0
126,284,1.0
126,190,1.0
126,17,1.0
126,476,1.0
126,77,1.0
126,416,0.9749643422339904
126,352,0.9524764073669323
126,89,0.9501178292510698
276,119,0.0
276,20,0.0
276,399,0.0
276,476,0.0
276,264,0.0
276,200,0.0
276,189,0.0
276,362,0.0
276,17,0.0
276,16,0.0
112,119,0.0
112,20,0.0
112,399,0.0
112,476,0.0
112,264,0.0
112,200,0.0
112,189,0.0
112,362,0.0
112,17,0.0
112,16,0.0
311,119,0.0
311,20,0.0
311,399,0.0
311,476,0.0
311,264,0.0
311,200,0.0
311,189,0.0
311,362,0.0
311,17,0.0
311,16,0.0
244,125,3.0
244,17,3.0
244,476,3.0
244,284,3.0
244,400,3.0
244,416,2.9621522368180746
244,824,2.909241331108454
244,352,2.8922047143986136
244,89,2.881752086512381
244,190,2.8615029868806943
72,119,0.0
72,20,0.0
72,399,0.0
72,476,0.0
72,264,0.0
72,200,0.0
72,189,0.0
72,362,0.0
72,17,0.0
72,16,0.0
202,17,5.0
202,476,5.0
202,284,5.0
202,125,5.0
202,416,4.897846039040803
202,190,4.861502986880694
202,89,4.796633737001183
202,352,4.795843604773056
202,94,4.725911976558868
202,189,4.717324936711414
122,119,0.0
122,20,0.0
122,399,0.0
122,476,0.0
122,264,0.0
122,200,0.0
122,189,0.0
122,362,0.0
122,17,0.0
122,16,0.0
81,119,0.0
81,20,0.0
81,399,0.0
81,476,0.0
81,264,0.0
81,200,0.0
81,189,0.0
81,362,0.0
81,17,0.0
81,16,0.0
261,284,3.0
261,824,2.9850304671557044
261,89,2.958240942282873
261,352,2.9167701554329226
261,59,2.8527264963335552
261,22,2.8464680479645192
261,310,2.833835238558069
261,16,2.8181733477950495
261,362,2.815235279670717
261,416,2.7980487239479226
264,125,1.0
264,415,1.0
264,190,1.0
264,824,1.0
264,77,1.0
264,416,0.9979517409161514
264,134,0.9911384808395389
264,352,0.955472530559614
264,16,0.9486552781642772
264,310,0.9312584281350952
102,119,0.0
102,20,0.0
102,399,0.0
102,476,0.0
102,264,0.0
102,200,0.0
102,189,0.0
102,362,0.0
102,17,0.0
102,16,0.0
232,119,0.0
232,20,0.0
232,399,0.0
232,476,0.0
232,264,0.0
232,200,0.0
232,189,0.0
232,362,0.0
232,17,0.0
232,16,0.0
263,415,1.0
263,125,1.0
263,284,1.0
263,190,1.0
263,17,1.0
263,476,1.0
263,77,1.0
263,416,0.9749643422339904
263,352,0.9524764073669323
263,89,0.9501178292510698
268,119,0.0
268,20,0.0
268,399,0.0
268,476,0.0
268,264,0.0
268,200,0.0
268,189,0.0
268,362,0.0
268,17,0.0
268,16,0.0
396,284,3.0
396,190,3.0
396,125,3.0
396,824,2.9850304671557044
396,78,2.9083159449084532
396,89,2.8913408962607607
396,352,2.8843386136484037
396,310,2.8027561061558615
396,416,2.7977905594928654
396,94,2.7968319859479713
397,284,4.0
397,190,4.0
397,125,4.0
397,824,3.9850304671557044
397,78,3.893352507530862
397,89,3.8530349699294506
397,416,3.7825741183108024
397,22,3.7802490666175363
397,94,3.7702491542815473
397,16,3.7588071567230736
129,119,0.0
129,20,0.0
129,399,0.0
129,476,0.0
129,264,0.0
129,200,0.0
129,189,0.0
129,362,0.0
129,17,0.0
129,16,0.0
333,352,5.766096379347556
333,189,5.724028749767511
333,78,5.663465421834498
333,94,5.640562448850273
333,310,5.632171475459027
333,79,5.623144460910199
333,22,5.593727146581597
333,362,5.588531054219537
333,200,5.485920465549932
333,255,5.4088821627653285
369,824,1.0
369,134,1.0
369,125,1.0
369,284,1.0
369,190,1.0
369,77,1.0
369,16,0.9938837346736189
369,78,0.9850365626224087
369,416,0.9847835588179368
369,22,0.9844045633434616
259,125,2.0
259,284,2.0
259,17,2.0
259,476,2.0
259,400,2.0
259,416,1.9931992019645781
259,190,1.9307514934403471
259,352,1.9141434823763515
259,824,1.9131880417595766
259,89,1.8953581626802372
161,190,3.0
161,415,3.0
161,125,3.0
161,77,3.0
161,352,2.865805520027256
161,416,2.8333904931680856
161,89,2.812776095864912
161,78,2.7975581337764335
161,310,2.783807924970205
161,119,2.7713380906886247
403,284,5.0
403,125,5.0
403,824,4.909241331108454
403,89,4.864703402157255
403,190,4.861502986880694
403,416,4.858206931114962
403,352,4.849901441605247
403,78,4.801296907513216
403,189,4.731965840144076
403,94,4.714375146876074
258,125,4.0
258,824,3.9810837565045825
258,190,3.930751493440347
258,352,3.86526735539239
258,89,3.8320035060908597
258,78,3.823324963192867
258,134,3.7848118332491305
258,416,3.7649534997175707
258,189,3.7425814272609474
258,94,3.726905103948857
215,119,0.0
215,20,0.0
215,399,0.0
215,476,0.0
215,264,0.0
215,200,0.0
215,189,0.0
215,362,0.0
215,17,0.0
215,16,0.0
164,190,1.0
164,284,1.0
164,824,1.0
164,125,1.0
164,134,0.9922778767136677
164,89,0.9829513156448736
164,78,0.9800745695020109
164,352,0.9738770107098039
164,16,0.9662823901213161
164,59,0.9647638212377322
357,119,0.0
357,20,0.0
357,399,0.0
357,476,0.0
357,264,0.0
357,200,0.0
357,189,0.0
357,362,0.0
357,17,0.0
357,16,0.0
190,125,2.0
190,284,2.0
190,17,2.0
190,476,2.0
190,400,2.0
190,416,1.9624104012731318
190,89,1.948652132534493
190,352,1.9395996935607238
190,189,1.9375387469214462
190,824,1.9092413311084542
307,119,0.0
307,20,0.0
307,399,0.0
307,476,0.0
307,264,0.0
307,200,0.0
307,189,0.0
307,362,0.0
307,17,0.0
307,16,0.0
238,119,0.0
238,20,0.0
238,399,0.0
238,476,0.0
238,264,0.0
238,200,0.0
238,189,0.0
238,362,0.0
238,17,0.0
238,16,0.0
165,119,0.0
165,20,0.0
165,399,0.0
165,476,0.0
165,264,0.0
165,200,0.0
165,189,0.0
165,362,0.0
165,17,0.0
165,16,0.0
225,119,0.0
225,20,0.0
225,399,0.0
225,476,0.0
225,264,0.0
225,200,0.0
225,189,0.0
225,362,0.0
225,17,0.0
225,16,0.0
242,119,0.0
242,20,0.0
242,399,0.0
242,476,0.0
242,264,0.0
242,200,0.0
242,189,0.0
242,362,0.0
242,17,0.0
242,16,0.0
338,125,5.0
338,824,4.894271798264159
338,190,4.861502986880694
338,89,4.819391516695392
338,352,4.809782480412644
338,416,4.771632732809634
338,78,4.747499563646977
338,94,4.701314002880689
338,189,4.683482356481417
338,79,4.659349566440598
326,119,0.0
326,20,0.0
326,399,0.0
326,476,0.0
326,264,0.0
326,200,0.0
326,189,0.0
326,362,0.0
326,17,0.0
326,16,0.0
96,119,0.0
96,20,0.0
96,399,0.0
96,476,0.0
96,264,0.0
96,200,0.0
96,189,0.0
96,362,0.0
96,17,0.0
96,16,0.0
94,119,0.0
94,20,0.0
94,399,0.0
94,476,0.0
94,264,0.0
94,200,0.0
94,189,0.0
94,362,0.0
94,17,0.0
94,16,0.0
123,119,0.0
123,20,0.0
123,399,0.0
123,476,0.0
123,264,0.0
123,200,0.0
123,189,0.0
123,362,0.0
123,17,0.0
123,16,0.0
392,190,6.0
392,125,6.0
392,77,6.0
392,824,5.985030467155704
392,416,5.752687091259328
392,78,5.746935204367349
392,89,5.684565919043163
392,94,5.625043458145558
392,22,5.624687656038362
392,264,5.590621414408324
343,415,2.0
343,125,2.0
343,284,2.0
343,17,2.0
343,476,2.0
343,190,2.0
343,77,2.0
343,89,1.925407455889069
343,352,1.9103329894676422
343,79,1.892998999610355
120,119,0.0
120,20,0.0
120,399,0.0
120,476,0.0
120,264,0.0
120,200,0.0
120,189,0.0
120,362,0.0
120,17,0.0
120,16,0.0
344,352,3.904641716093817
344,416,3.881092794063265
344,78,3.812288770341611
344,362,3.8078219551263404
344,824,3.7719302356170497
344,310,3.7640856122548425
344,119,3.7139371286655387
344,94,3.712069063122702
344,200,3.7008413057354357
344,399,3.695142448825095
213,415,2.0
213,824,2.0
213,190,2.0
213,125,2.0
213,77,2.0
213,416,1.968295973444238
213,352,1.9370095841813515
213,78,1.9174680655134062
213,310,1.8937649815053452
213,89,1.893495993581848
305,119,0.0
305,20,0.0
305,399,0.0
305,476,0.0
305,264,0.0
305,200,0.0
305,189,0.0
305,362,0.0
305,17,0.0
305,16,0.0
314,119,0.0
314,20,0.0
314,399,0.0
314,476,0.0
314,264,0.0
314,200,0.0
314,189,0.0
314,362,0.0
314,17,0.0
314,16,0.0
75,119,0.0
75,20,0.0
75,399,0.0
75,476,0.0
75,264,0.0
75,200,0.0
75,189,0.0
75,362,0.0
75,17,0.0
75,16,0.0
262,77,1.0
262,125,1.0
262,824,1.0
262,415,1.0
262,476,1.0
262,190,1.0
262,17,1.0
262,284,1.0
262,400,1.0
262,416,0.9997418355449427
216,119,0.0
216,20,0.0
216,399,0.0
216,476,0.0
216,264,0.0
216,200,0.0
216,189,0.0
216,362,0.0
216,17,0.0
216,16,0.0
220,119,0.0
220,20,0.0
220,399,0.0
220,476,0.0
220,264,0.0
220,200,0.0
220,189,0.0
220,362,0.0
220,17,0.0
220,16,0.0
377,125,1.0
377,824,1.0
377,190,1.0
377,415,1.0
377,77,1.0
377,89,0.9623498035450118
377,352,0.9597211839133202
377,94,0.9557493620675946
377,59,0.9547267647510657
377,416,0.9490060859736152
316,17,4.0
316,415,4.0
316,476,4.0
316,125,4.0
316,190,3.930751493440347
316,416,3.9047496241528368
316,352,3.85655982856066
316,189,3.7963016904511044
316,824,3.7679835249659277
316,89,3.764038898061017
209,824,1.0
209,415,1.0
209,190,1.0
209,476,1.0
209,17,1.0
209,125,1.0
209,352,0.9734171683335759
209,134,0.965088060733311
209,189,0.9623135221332649
209,416,0.9610904115204073
265,119,0.0
265,20,0.0
265,399,0.0
265,476,0.0
265,264,0.0
265,200,0.0
265,189,0.0
265,362,0.0
265,17,0.0
265,16,0.0
167,284,3.0
167,824,3.0
167,190,3.0
167,125,3.0
167,416,2.9220997082928584
167,78,2.913485032385051
167,89,2.8777453432914513
167,16,2.874202901302832
167,94,2.866645709137809
167,134,2.8565994089842386
178,119,0.0
178,20,0.0
178,399,0.0
178,476,0.0
178,264,0.0
178,200,0.0
178,189,0.0
178,362,0.0
178,17,0.0
178,16,0.0
289,119,0.0
289,20,0.0
289,399,0.0
289,476,0.0
289,264,0.0
289,200,0.0
289,189,0.0
289,362,0.0
289,17,0.0
289,16,0.0
287,119,0.0
287,20,0.0
287,399,0.0
287,476,0.0
287,264,0.0
287,200,0.0
287,189,0.0
287,362,0.0
287,17,0.0
287,16,0.0
380,77,1.0
380,125,1.0
380,824,1.0
380,415,1.0
380,476,1.0
380,190,1.0
380,17,1.0
380,284,1.0
380,400,1.0
380,416,0.9997418355449427
356,415,1.0
356,125,1.0
356,284,1.0
356,190,1.0
356,17,1.0
356,476,1.0
356,77,1.0
356,416,0.9749643422339904
356,352,0.9524764073669323
356,89,0.9501178292510698
354,77,1.0
354,125,1.0
354,824,1.0
354,415,1.0
354,476,1.0
354,190,1.0
354,17,1.0
354,284,1.0
354,400,1.0
354,416,0.9997418355449427
376,125,1.0
376,190,1.0
376,824,1.0
376,415,1.0
376,77,1.0
376,362,0.9906949931273519
376,352,0.9844045633434616
376,78,0.9690941652527747
376,416,0.9685541378992955
376,16,0.9645440608421553
346,119,0.0
346,20,0.0
346,399,0.0
346,476,0.0
346,264,0.0
346,200,0.0
346,189,0.0
346,362,0.0
346,17,0.0
346,16,0.0
101,119,0.0
101,20,0.0
101,399,0.0
101,476,0.0
101,264,0.0
101,200,0.0
101,189,0.0
101,362,0.0
101,17,0.0
101,16,0.0
109,119,0.0
109,20,0.0
109,399,0.0
109,476,0.0
109,264,0.0
109,200,0.0
109,189,0.0
109,362,0.0
109,17,0.0
109,16,0.0
191,415,1.0
191,125,1.0
191,284,1.0
191,190,1.0
191,17,1.0
191,476,1.0
191,77,1.0
191,416,0.9749643422339904
191,352,0.9524764073669323
191,89,0.9501178292510698
184,125,1.0
184,415,1.0
184,190,1.0
184,824,1.0
184,77,1.0
184,416,0.9979517409161514
184,134,0.9911384808395389
184,352,0.955472530559614
184,16,0.9486552781642772
184,310,0.9312584281350952
352,119,0.0
352,20,0.0
352,399,0.0
352,476,0.0
352,264,0.0
352,200,0.0
352,189,0.0
352,362,0.0
352,17,0.0
352,16,0.0
231,119,0.0
231,20,0.0
231,399,0.0
231,476,0.0
231,264,0.0
231,200,0.0
231,189,0.0
231,362,0.0
231,17,0.0
231,16,0.0
187,119,0.0
187,20,0.0
187,399,0.0
187,476,0.0
187,264,0.0
187,200,0.0
187,189,0.0
187,362,0.0
187,17,0.0
187,16,0.0
297,190,2.0
297,284,2.0
297,125,2.0
297,89,1.9330691448959434
297,352,1.926353418076736
297,416,1.9125386561639695
297,310,1.8999840720855787
297,94,1.8995008030456821
297,16,1.89838536958232
297,189,1.894531957362537
228,125,2.0
228,415,2.0
228,476,2.0
228,17,2.0
228,284,2.0
228,190,2.0
228,77,2.0
228,416,1.9747061777789332
228,352,1.9050814282048223
228,94,1.8905771379853649
308,119,0.0
308,20,0.0
308,399,0.0
308,476,0.0
308,264,0.0
308,200,0.0
308,189,0.0
308,362,0.0
308,17,0.0
308,16,0.0
139,119,0.0
139,20,0.0
139,399,0.0
139,476,0.0
139,264,0.0
139,200,0.0
139,189,0.0
139,362,0.0
139,17,0.0
139,16,0.0
373,119,0.0
373,20,0.0
373,399,0.0
373,476,0.0
373,264,0.0
373,200,0.0
373,189,0.0
373,362,0.0
373,17,0.0
373,16,0.0
168,119,0.0
168,20,0.0
168,399,0.0
168,476,0.0
168,264,0.0
168,200,0.0
168,189,0.0
168,362,0.0
168,17,0.0
168,16,0.0
400,119,0.0
400,20,0.0
400,399,0.0
400,476,0.0
400,264,0.0
400,200,0.0
400,189,0.0
400,362,0.0
400,17,0.0
400,16,0.0
320,119,0.0
320,20,0.0
320,399,0.0
320,476,0.0
320,264,0.0
320,200,0.0
320,189,0.0
320,362,0.0
320,17,0.0
320,16,0.0
95,119,0.0
95,20,0.0
95,399,0.0
95,476,0.0
95,264,0.0
95,200,0.0
95,189,0.0
95,362,0.0
95,17,0.0
95,16,0.0
353,119,0.0
353,20,0.0
353,399,0.0
353,476,0.0
353,264,0.0
353,200,0.0
353,189,0.0
353,362,0.0
353,17,0.0
353,16,0.0
260,119,0.0
260,20,0.0
260,399,0.0
260,476,0.0
260,264,0.0
260,200,0.0
260,189,0.0
260,362,0.0
260,17,0.0
260,16,0.0
83,119,0.0
83,20,0.0
83,399,0.0
83,476,0.0
83,264,0.0
83,200,0.0
83,189,0.0
83,362,0.0
83,17,0.0
83,16,0.0
250,415,1.0
250,476,1.0
250,125,1.0
250,17,1.0
250,284,1.0
250,400,1.0
250,824,0.9960532893488778
250,89,0.9863939238321437
250,352,0.9780612320222623
250,189,0.975911884868166
395,77,1.0
395,125,1.0
395,824,1.0
395,415,1.0
395,476,1.0
395,190,1.0
395,17,1.0
395,284,1.0
395,400,1.0
395,416,0.9997418355449427
183,119,0.0
183,20,0.0
183,399,0.0
183,476,0.0
183,264,0.0
183,200,0.0
183,189,0.0
183,362,0.0
183,17,0.0
183,16,0.0
275,119,0.0
275,20,0.0
275,399,0.0
275,476,0.0
275,264,0.0
275,200,0.0
275,189,0.0
275,362,0.0
275,17,0.0
275,16,0.0
173,824,2.0
173,284,2.0
173,190,2.0
173,125,2.0
173,416,1.9373161494749218
173,78,1.9284484697626425
173,352,1.9264820315476938
173,89,1.9160512696227614
173,310,1.8937236270268953
173,94,1.8932285408042333
272,119,0.0
272,20,0.0
272,399,0.0
272,476,0.0
272,264,0.0
272,200,0.0
272,189,0.0
272,362,0.0
272,17,0.0
272,16,0.0
304,119,0.0
304,20,0.0
304,399,0.0
304,476,0.0
304,264,0.0
304,200,0.0
304,189,0.0
304,362,0.0
304,17,0.0
304,16,0.0
318,119,0.0
318,20,0.0
318,399,0.0
318,476,0.0
318,264,0.0
318,200,0.0
318,189,0.0
318,362,0.0
318,17,0.0
318,16,0.0
125,77,1.0
125,125,1.0
125,824,1.0
125,415,1.0
125,476,1.0
125,190,1.0
125,17,1.0
125,284,1.0
125,400,1.0
125,416,0.9997418355449427
374,119,0.0
374,20,0.0
374,399,0.0
374,476,0.0
374,264,0.0
374,200,0.0
374,189,0.0
374,362,0.0
374,17,0.0
374,16,0.0
317,119,0.0
317,20,0.0
317,399,0.0
317,476,0.0
317,264,0.0
317,200,0.0
317,189,0.0
317,362,0.0
317,17,0.0
317,16,0.0
177,119,0.0
177,20,0.0
177,399,0.0
177,476,0.0
177,264,0.0
177,200,0.0
177,189,0.0
177,362,0.0
177,17,0.0
177,16,0.0
149,415,1.0
149,125,1.0
149,284,1.0
149,190,1.0
149,17,1.0
149,476,1.0
149,77,1.0
149,416,0.9749643422339904
149,352,0.9524764073669323
149,89,0.9501178292510698
327,119,0.0
327,20,0.0
327,399,0.0
327,476,0.0
327,264,0.0
327,200,0.0
327,189,0.0
327,362,0.0
327,17,0.0
327,16,0.0
207,77,1.0
207,125,1.0
207,824,1.0
207,415,1.0
207,476,1.0
207,190,1.0
207,17,1.0
207,284,1.0
207,400,1.0
207,416,0.9997418355449427
361,119,0.0
361,20,0.0
361,399,0.0
361,476,0.0
361,264,0.0
361,200,0.0
361,189,0.0
361,362,0.0
361,17,0.0
361,16,0.0
339,119,0.0
339,20,0.0
339,399,0.0
339,476,0.0
339,264,0.0
339,200,0.0
339,189,0.0
339,362,0.0
339,17,0.0
339,16,0.0
351,119,0.0
351,20,0.0
351,399,0.0
351,476,0.0
351,264,0.0
351,200,0.0
351,189,0.0
351,362,0.0
351,17,0.0
351,16,0.0
266,119,0.0
266,20,0.0
266,399,0.0
266,476,0.0
266,264,0.0
266,200,0.0
266,189,0.0
266,362,0.0
266,17,0.0
266,16,0.0
386,119,0.0
386,20,0.0
386,399,0.0
386,476,0.0
386,264,0.0
386,200,0.0
386,189,0.0
386,362,0.0
386,17,0.0
386,16,0.0
285,78,2.9651111321244197
285,189,2.9273068265009137
285,119,2.8942239320993943
285,200,2.8892239191315228
285,22,2.8878102902857288
285,362,2.883048519522726
285,399,2.878296000351846
285,310,2.8723933586246773
285,264,2.8395155258355436
285,287,2.821917859398325
127,119,0.0
127,20,0.0
127,399,0.0
127,476,0.0
127,264,0.0
127,200,0.0
127,189,0.0
127,362,0.0
127,17,0.0
127,16,0.0
341,77,1.0
341,125,1.0
341,824,1.0
341,415,1.0
341,476,1.0
341,190,1.0
341,17,1.0
341,284,1.0
341,400,1.0
341,416,0.9997418355449427
130,824,1.0
130,134,1.0
130,125,1.0
130,284,1.0
130,190,1.0
130,77,1.0
130,16,0.9938837346736189
130,78,0.9850365626224087
130,416,0.9847835588179368
130,22,0.9844045633434616
364,77,1.0
364,125,1.0
364,824,1.0
364,415,1.0
364,476,1.0
364,190,1.0
364,17,1.0
364,284,1.0
364,400,1.0
364,416,0.9997418355449427
331,119,0.0
331,20,0.0
331,399,0.0
331,476,0.0
331,264,0.0
331,200,0.0
331,189,0.0
331,362,0.0
331,17,0.0
331,16,0.0
332,119,0.0
332,20,0.0
332,399,0.0
332,476,0.0
332,264,0.0
332,200,0.0
332,189,0.0
332,362,0.0
332,17,0.0
332,16,0.0
389,119,0.0
389,20,0.0
389,399,0.0
389,476,0.0
389,264,0.0
389,200,0.0
389,189,0.0
389,362,0.0
389,17,0.0
389,16,0.0
146,119,0.0
146,20,0.0
146,399,0.0
146,476,0.0
146,264,0.0
146,200,0.0
146,189,0.0
146,362,0.0
146,17,0.0
146,16,0.0
328,119,0.0
328,20,0.0
328,399,0.0
328,476,0.0
328,264,0.0
328,200,0.0
328,189,0.0
328,362,0.0
328,17,0.0
328,16,0.0
322,119,0.0
322,20,0.0
322,399,0.0
322,476,0.0
322,264,0.0
322,200,0.0
322,189,0.0
322,362,0.0
322,17,0.0
322,16,0.0
181,119,0.0
181,20,0.0
181,399,0.0
181,476,0.0
181,264,0.0
181,200,0.0
181,189,0.0
181,362,0.0
181,17,0.0
181,16,0.0
299,125,1.0
299,824,1.0
299,190,1.0
299,415,1.0
299,77,1.0
299,89,0.9623498035450118
299,352,0.9597211839133202
299,94,0.9557493620675946
299,59,0.9547267647510657
299,416,0.9490060859736152
313,119,0.0
313,20,0.0
313,399,0.0
313,476,0.0
313,264,0.0
313,200,0.0
313,189,0.0
313,362,0.0
313,17,0.0
313,16,0.0
245,119,0.0
245,20,0.0
245,399,0.0
245,476,0.0
245,264,0.0
245,200,0.0
245,189,0.0
245,362,0.0
245,17,0.0
245,16,0.0
393,119,0.0
393,20,0.0
393,399,0.0
393,476,0.0
393,264,0.0
393,200,0.0
393,189,0.0
393,362,0.0
393,17,0.0
393,16,0.0
324,190,2.0
324,284,2.0
324,125,2.0
324,89,1.9330691448959434
324,352,1.926353418076736
324,416,1.9125386561639695
324,310,1.8999840720855787
324,94,1.8995008030456821
324,16,1.89838536958232
324,189,1.894531957362537
74,119,0.0
74,20,0.0
74,399,0.0
74,476,0.0
74,264,0.0
74,200,0.0
74,189,0.0
74,362,0.0
74,17,0.0
74,16,0.0
195,119,0.0
195,20,0.0
195,399,0.0
195,476,0.0
195,264,0.0
195,200,0.0
195,189,0.0
195,362,0.0
195,17,0.0
195,16,0.0
239,119,0.0
239,20,0.0
239,399,0.0
239,476,0.0
239,264,0.0
239,200,0.0
239,189,0.0
239,362,0.0
239,17,0.0
239,16,0.0
334,119,0.0
334,20,0.0
334,399,0.0
334,476,0.0
334,264,0.0
334,200,0.0
334,189,0.0
334,362,0.0
334,17,0.0
334,16,0.0
118,78,1.9970544855015815
118,22,1.9510910327313122
118,352,1.945513790165519
118,189,1.9214825323739013
118,310,1.9189162729821534
118,287,1.9101400578989478
118,200,1.8942416177812378
118,264,1.8882868350596307
118,119,1.8870329069427387
118,399,1.8856694678979533
150,119,0.0
150,20,0.0
150,399,0.0
150,476,0.0
150,264,0.0
150,200,0.0
150,189,0.0
150,362,0.0
150,17,0.0
150,16,0.0
