448,415,10.0
448,416,9.726676473096152
448,352,9.660713577429792
448,824,9.561560627347262
448,22,9.515237172911716
448,78,9.466102387688327
448,79,9.425339288987466
448,255,9.313362174479002
448,16,9.221666327183154
448,125,9.0
444,119,0.0
444,20,0.0
444,399,0.0
444,476,0.0
444,264,0.0
444,200,0.0
444,189,0.0
444,362,0.0
444,17,0.0
444,16,0.0
450,125,2.0
450,190,2.0
450,415,2.0
450,17,2.0
450,476,2.0
450,19,2.0
450,134,1.9605594553397108
450,89,1.9542751753958263
450,416,1.949252807738993
450,352,1.9378787723074482
445,119,0.0
445,20,0.0
445,399,0.0
445,476,0.0
445,264,0.0
445,200,0.0
445,189,0.0
445,362,0.0
445,17,0.0
445,16,0.0
446,119,0.0
446,20,0.0
446,399,0.0
446,476,0.0
446,264,0.0
446,200,0.0
446,189,0.0
446,362,0.0
446,17,0.0
446,16,0.0
447,415,5.0
447,284,4.979109303356572
447,416,4.8694106583139565
447,352,4.865409614048983
447,22,4.783244302022076
447,824,4.767983524965928
447,134,4.702257426448193
447,79,4.695425348159577
447,78,4.6493600281402925
447,255,4.647075798429946
449,119,0.0
449,20,0.0
449,399,0.0
449,476,0.0
449,264,0.0
449,200,0.0
449,189,0.0
449,362,0.0
449,17,0.0
449,16,0.0
522,415,10.0
522,125,10.0
522,19,10.0
522,824,9.943096743767574
522,190,9.830420697505158
522,352,9.793578476116993
522,22,9.597735118180548
522,94,9.537053742170501
522,255,9.385850884634372
522,134,9.21599873695436
524,415,2.0
524,284,1.9897769411413226
524,416,1.9749643422339904
524,134,1.9569427215811095
524,352,1.9529449385162745
524,22,1.9059307248848647
524,78,1.893509652004717
524,255,1.884574634188016
524,287,1.8796926619016157
524,79,1.8726478853593171
516,125,9.0
516,19,9.0
516,190,8.89966920406481
516,89,8.865028084721041
516,352,8.6840379078887
516,416,8.603726290314118
516,78,8.515655723429186
516,310,8.362847340311673
516,399,8.340024005072113
516,22,8.33133485338657
619,125,10.0
619,415,10.0
619,19,10.0
619,284,9.900625992741004
619,190,9.89966920406481
619,89,9.870786170520342
619,824,9.793577102381334
619,416,9.755675179158805
619,352,9.70757348509373
619,22,9.537028338722907
494,125,7.0
494,19,7.0
494,89,6.919431893350852
494,190,6.899669204064811
494,824,6.793577102381333
494,352,6.774894631770835
494,416,6.6810542908247745
494,78,6.656083368512979
494,310,6.575983953009214
494,119,6.539129234349433
655,476,6.0
655,17,6.0
655,415,6.0
655,416,5.85417959244928
655,352,5.81692497996109
655,22,5.686924362276312
655,134,5.674423962021276
655,79,5.642656390053414
655,119,5.640206118090544
655,310,5.636390437552701
466,190,1.0
466,824,1.0
466,125,1.0
466,284,1.0
466,19,1.0
466,89,0.9972413740548082
466,78,0.9857731790450276
466,352,0.969079603685187
466,22,0.963235071716153
466,287,0.9565734053059191
523,125,1.0
523,190,1.0
523,415,1.0
523,89,1.0
523,476,1.0
523,17,1.0
523,19,1.0
523,134,0.9800066739032998
523,352,0.9788175684647927
523,416,0.9742884655050025
620,352,9.70495318210837
620,416,9.670793420606493
620,22,9.4977023932059
620,399,9.346345214109595
620,16,9.229456277331387
620,255,9.16349741165394
620,200,9.120528844286682
620,284,8.903796743568966
620,824,8.66334211843198
620,59,8.26352370153312
570,119,0.0
570,20,0.0
570,399,0.0
570,476,0.0
570,264,0.0
570,200,0.0
570,189,0.0
570,362,0.0
570,17,0.0
570,16,0.0
544,125,8.0
544,19,8.0
544,89,7.880345652672975
544,190,7.830420697505158
544,416,7.793894860911173
544,352,7.727158124446106
544,824,7.576530160191556
544,78,7.530304469856222
544,310,7.483185486013828
544,22,7.45857261618318
618,125,6.0
618,415,6.0
618,476,6.0
618,17,6.0
618,19,6.0
618,190,5.899669204064811
618,89,5.881770696822434
618,352,5.784413011989244
618,416,5.689388069175112
618,78,5.687184619171934
640,17,4.0
640,476,4.0
640,415,4.0
640,125,4.0
640,19,4.0
640,89,3.971587016268128
640,190,3.930751493440347
640,824,3.9144293627076414
640,352,3.8700716584262045
640,416,3.782528076669319
487,119,0.0
487,20,0.0
487,399,0.0
487,476,0.0
487,264,0.0
487,200,0.0
487,189,0.0
487,362,0.0
487,17,0.0
487,16,0.0
610,119,0.0
610,20,0.0
610,399,0.0
610,476,0.0
610,264,0.0
610,200,0.0
610,189,0.0
610,362,0.0
610,17,0.0
610,16,0.0
492,415,5.0
492,125,5.0
492,476,5.0
492,17,5.0
492,19,5.0
492,89,4.907987772813197
492,190,4.899669204064811
492,416,4.889415771211548
492,352,4.8299974375214365
492,134,4.804414751991811
569,476,4.0
569,415,4.0
569,17,4.0
569,125,4.0
569,19,4.0
569,190,3.930751493440347
569,89,3.9258621916639544
569,284,3.921516689384431
569,352,3.8503152938040675
569,416,3.7832039533983073
518,119,0.0
518,20,0.0
518,399,0.0
518,476,0.0
518,264,0.0
518,200,0.0
518,189,0.0
518,362,0.0
518,17,0.0
518,16,0.0
481,119,0.0
481,20,0.0
481,399,0.0
481,476,0.0
481,264,0.0
481,200,0.0
481,189,0.0
481,362,0.0
481,17,0.0
481,16,0.0
624,119,0.0
624,20,0.0
624,399,0.0
624,476,0.0
624,264,0.0
624,200,0.0
624,189,0.0
624,362,0.0
624,17,0.0
624,16,0.0
514,119,0.0
514,20,0.0
514,399,0.0
514,476,0.0
514,264,0.0
514,200,0.0
514,189,0.0
514,362,0.0
514,17,0.0
514,16,0.0
592,119,0.0
592,20,0.0
592,399,0.0
592,476,0.0
592,264,0.0
592,200,0.0
592,189,0.0
592,362,0.0
592,17,0.0
592,16,0.0
454,125,1.0
454,190,1.0
454,415,1.0
454,89,1.0
454,476,1.0
454,17,1.0
454,19,1.0
454,134,0.9800066739032998
454,352,0.9788175684647927
454,416,0.9742884655050025
486,119,0.0
486,20,0.0
486,399,0.0
486,476,0.0
486,264,0.0
486,200,0.0
486,189,0.0
486,362,0.0
486,17,0.0
486,16,0.0
560,119,0.0
560,20,0.0
560,399,0.0
560,476,0.0
560,264,0.0
560,200,0.0
560,189,0.0
560,362,0.0
560,17,0.0
560,16,0.0
489,125,3.0
489,19,3.0
489,415,3.0
489,77,3.0
489,824,2.996053289348878
489,89,2.97511650580497
489,190,2.930751493440347
489,416,2.9276342357583856
489,352,2.8834757161872044
489,134,2.8680171124312483
477,19,2.0
477,125,2.0
477,17,2.0
477,476,2.0
477,415,2.0
477,77,2.0
477,284,1.9845557534273355
477,824,1.9580662766118706
477,89,1.9479545116180703
477,416,1.936846465613539
612,119,0.0
612,20,0.0
612,399,0.0
612,476,0.0
612,264,0.0
612,200,0.0
612,189,0.0
612,362,0.0
612,17,0.0
612,16,0.0
451,125,9.0
451,19,9.0
451,89,8.915016628980817
451,190,8.861502986880694
451,352,8.68472536351451
451,416,8.592067945046297
451,78,8.492429730606945
451,22,8.42897341196724
451,20,8.315421710769032
451,362,8.29629757650143
639,125,2.0
639,19,2.0
639,415,2.0
639,77,2.0
639,824,1.9960532893488778
639,89,1.9751165058049698
639,416,1.9669047757696478
639,190,1.9307514934403471
639,134,1.9302369284433754
639,352,1.9280810832394817
654,125,5.0
654,19,5.0
654,284,4.980448959895039
654,89,4.917962143479235
654,190,4.861502986880694
654,352,4.808159869302191
654,416,4.735423467455045
654,78,4.724707332204392
654,189,4.716299583089486
654,94,4.7044843262798155
607,17,3.0
607,476,3.0
607,415,3.0
607,125,3.0
607,19,3.0
607,284,2.9881710831813715
607,89,2.9316202774632547
607,190,2.930751493440347
607,352,2.8689377654716717
607,134,2.8534635632740653
471,125,1.0
471,190,1.0
471,415,1.0
471,89,1.0
471,476,1.0
471,17,1.0
471,19,1.0
471,134,0.9800066739032998
471,352,0.9788175684647927
471,416,0.9742884655050025
657,17,4.0
657,415,4.0
657,476,4.0
657,125,4.0
657,19,4.0
657,89,3.9361991217243277
657,190,3.89966920406481
657,352,3.8468344052546257
657,78,3.798735276651386
657,416,3.7961136727026243
632,119,0.0
632,20,0.0
632,399,0.0
632,476,0.0
632,264,0.0
632,200,0.0
632,189,0.0
632,362,0.0
632,17,0.0
632,16,0.0
578,125,5.0
578,19,5.0
578,416,4.904592297538176
578,352,4.868472024703996
578,189,4.794563504225769
578,22,4.783887765667818
578,79,4.753256449657835
578,310,4.749586056095628
578,264,4.7082546662549545
578,287,4.690501399409901
660,415,2.0
660,19,2.0
660,476,2.0
660,17,2.0
660,125,2.0
660,77,2.0
660,284,1.9881710831813715
660,416,1.943917377087487
660,89,1.9433756673569982
660,190,1.9307514934403471
519,119,0.0
519,20,0.0
519,399,0.0
519,476,0.0
519,264,0.0
519,200,0.0
519,189,0.0
519,362,0.0
519,17,0.0
519,16,0.0
588,415,2.0
588,476,2.0
588,17,2.0
588,125,2.0
588,19,2.0
588,77,2.0
588,284,1.9881710831813715
588,190,1.968917710624463
588,416,1.9428577729940328
588,352,1.9172014790034724
605,19,1.0
605,125,1.0
605,476,1.0
605,17,1.0
605,415,1.0
605,77,1.0
605,284,0.9922778767136677
605,190,0.9689177106244632
605,416,0.9678934307600424
605,824,0.9620129872629928
540,119,0.0
540,20,0.0
540,399,0.0
540,476,0.0
540,264,0.0
540,200,0.0
540,189,0.0
540,362,0.0
540,17,0.0
540,16,0.0
653,119,0.0
653,20,0.0
653,399,0.0
653,476,0.0
653,264,0.0
653,200,0.0
653,189,0.0
653,362,0.0
653,17,0.0
653,16,0.0
535,119,0.0
535,20,0.0
535,399,0.0
535,476,0.0
535,264,0.0
535,200,0.0
535,189,0.0
535,362,0.0
535,17,0.0
535,16,0.0
484,476,2.0
484,415,2.0
484,17,2.0
484,125,2.0
484,19,2.0
484,89,1.989100491961172
484,352,1.9489600686101247
484,416,1.943241500358499
484,189,1.9327179452631222
484,190,1.9307514934403471
566,125,4.0
566,17,4.0
566,476,4.0
566,415,4.0
566,19,4.0
566,89,3.9664455940286003
566,190,3.8615029868806943
566,352,3.858836630239141
566,824,3.827617404467218
566,416,3.7971732767960784
591,125,2.0
591,19,2.0
591,284,1.9922778767136677
591,89,1.9920999518152804
591,416,1.9310316803496144
591,190,1.9307514934403471
591,352,1.930451284618241
591,78,1.9160682571458225
591,824,1.9131880417595766
591,22,1.9130990883908954
611,59,1.0
611,824,1.0
611,416,1.0
611,77,1.0
611,284,0.9970544855015816
611,79,0.9857731790450276
611,352,0.9850365626224087
611,22,0.9690941652527747
611,16,0.967286702253492
611,287,0.9628758386182656
525,125,4.0
525,17,4.0
525,476,4.0
525,415,4.0
525,19,4.0
525,89,3.9382342451174703
525,416,3.911663209012125
525,134,3.883494300798149
525,352,3.8693929533858347
525,190,3.8615029868806943
635,125,2.0
635,476,2.0
635,17,2.0
635,415,2.0
635,19,2.0
635,284,1.9922778767136677
635,190,1.968917710624463
635,824,1.947043454418697
635,89,1.941340543963855
635,78,1.912216329181901
609,119,0.0
609,20,0.0
609,399,0.0
609,476,0.0
609,264,0.0
609,200,0.0
609,189,0.0
609,362,0.0
609,17,0.0
609,16,0.0
483,476,2.0
483,17,2.0
483,415,2.0
483,125,2.0
483,19,2.0
483,89,1.9948585777604724
483,416,1.9722695327125117
483,134,1.9441335476615533
483,352,1.9339783900531713
483,190,1.9307514934403471
458,119,0.0
458,20,0.0
458,399,0.0
458,476,0.0
458,264,0.0
458,200,0.0
458,189,0.0
458,362,0.0
458,17,0.0
458,16,0.0
496,119,0.0
496,20,0.0
496,399,0.0
496,476,0.0
496,264,0.0
496,200,0.0
496,189,0.0
496,362,0.0
496,17,0.0
496,16,0.0
642,19,3.0
642,190,3.0
642,125,3.0
642,77,3.0
642,134,2.973264399030042
642,416,2.9414702210494372
642,89,2.9262825868113405
642,16,2.913234739275551
642,352,2.9033737006477103
642,78,2.835534292652433
526,119,0.0
526,20,0.0
526,399,0.0
526,476,0.0
526,264,0.0
526,200,0.0
526,189,0.0
526,362,0.0
526,17,0.0
526,16,0.0
459,119,0.0
459,20,0.0
459,399,0.0
459,476,0.0
459,264,0.0
459,200,0.0
459,189,0.0
459,362,0.0
459,17,0.0
459,16,0.0
616,119,0.0
616,20,0.0
616,399,0.0
616,476,0.0
616,264,0.0
616,200,0.0
616,189,0.0
616,362,0.0
616,17,0.0
616,16,0.0
641,119,0.0
641,20,0.0
641,399,0.0
641,476,0.0
641,264,0.0
641,200,0.0
641,189,0.0
641,362,0.0
641,17,0.0
641,16,0.0
478,125,2.0
478,415,2.0
478,17,2.0
478,476,2.0
478,190,2.0
478,19,2.0
478,824,1.9850304671557042
478,89,1.9824865243069563
478,284,1.9333456062030594
478,352,1.9211115898160798
493,119,0.0
493,20,0.0
493,399,0.0
493,476,0.0
493,264,0.0
493,200,0.0
493,189,0.0
493,362,0.0
493,17,0.0
493,16,0.0
553,119,0.0
553,20,0.0
553,399,0.0
553,476,0.0
553,264,0.0
553,200,0.0
553,189,0.0
553,362,0.0
553,17,0.0
553,16,0.0
601,119,0.0
601,20,0.0
601,399,0.0
601,476,0.0
601,264,0.0
601,200,0.0
601,189,0.0
601,362,0.0
601,17,0.0
601,16,0.0
583,119,0.0
583,20,0.0
583,399,0.0
583,476,0.0
583,264,0.0
583,200,0.0
583,189,0.0
583,362,0.0
583,17,0.0
583,16,0.0
617,415,5.0
617,284,4.974332694568658
617,352,4.831647155143137
617,78,4.772673948154454
617,416,4.764639593002258
617,79,4.737671186249532
617,22,4.704247704590148
617,264,4.641898993586731
617,255,4.631789042543138
617,310,4.623415247871462
576,119,0.0
576,20,0.0
576,399,0.0
576,476,0.0
576,264,0.0
576,200,0.0
576,189,0.0
576,362,0.0
576,17,0.0
576,16,0.0
464,119,0.0
464,20,0.0
464,399,0.0
464,476,0.0
464,264,0.0
464,200,0.0
464,189,0.0
464,362,0.0
464,17,0.0
464,16,0.0
474,125,2.0
474,415,2.0
474,17,2.0
474,476,2.0
474,19,2.0
474,400,2.0
474,284,1.9845557534273355
474,89,1.983959069721644
474,416,1.9624104012731318
474,352,1.9315141810783858
662,119,0.0
662,20,0.0
662,399,0.0
662,476,0.0
662,264,0.0
662,200,0.0
662,189,0.0
662,362,0.0
662,17,0.0
662,16,0.0
627,119,0.0
627,20,0.0
627,399,0.0
627,476,0.0
627,264,0.0
627,200,0.0
627,189,0.0
627,362,0.0
627,17,0.0
627,16,0.0
561,119,0.0
561,20,0.0
561,399,0.0
561,476,0.0
561,264,0.0
561,200,0.0
561,189,0.0
561,362,0.0
561,17,0.0
561,16,0.0
557,119,0.0
557,20,0.0
557,399,0.0
557,476,0.0
557,264,0.0
557,200,0.0
557,189,0.0
557,362,0.0
557,17,0.0
557,16,0.0
634,119,0.0
634,20,0.0
634,399,0.0
634,476,0.0
634,264,0.0
634,200,0.0
634,189,0.0
634,362,0.0
634,17,0.0
634,16,0.0
606,119,0.0
606,20,0.0
606,399,0.0
606,476,0.0
606,264,0.0
606,200,0.0
606,189,0.0
606,362,0.0
606,17,0.0
606,16,0.0
638,119,0.0
638,20,0.0
638,399,0.0
638,476,0.0
638,264,0.0
638,200,0.0
638,189,0.0
638,362,0.0
638,17,0.0
638,16,0.0
565,119,0.0
565,20,0.0
565,399,0.0
565,476,0.0
565,264,0.0
565,200,0.0
565,189,0.0
565,362,0.0
565,17,0.0
565,16,0.0
633,119,0.0
633,20,0.0
633,399,0.0
633,476,0.0
633,264,0.0
633,200,0.0
633,189,0.0
633,362,0.0
633,17,0.0
633,16,0.0
556,19,1.0
556,125,1.0
556,190,1.0
556,415,1.0
556,476,1.0
556,17,1.0
556,77,1.0
556,89,0.9970544855015815
556,284,0.9958932064677039
556,352,0.9697465836796848
452,119,0.0
452,20,0.0
452,399,0.0
452,476,0.0
452,264,0.0
452,200,0.0
452,189,0.0
452,362,0.0
452,17,0.0
452,16,0.0
650,125,8.0
650,415,8.0
650,19,8.0
650,89,7.865590802925125
650,190,7.830420697505158
650,416,7.716794956999139
650,352,7.706583401456881
650,134,7.622152927664145
650,824,7.56156062734726
650,78,7.497301783866686
550,17,3.0
550,476,3.0
550,125,3.0
550,415,3.0
550,19,3.0
550,89,2.943375667356998
550,190,2.930751493440347
550,416,2.9227295433803633
550,284,2.921516689384431
550,352,2.9018104131081053
651,415,6.0
651,125,6.0
651,476,6.0
651,17,6.0
651,19,6.0
651,89,5.89414275027595
651,190,5.830420697505158
651,416,5.822371025576803
651,352,5.7972798122263365
651,189,5.673870123947623
521,119,0.0
521,20,0.0
521,399,0.0
521,476,0.0
521,264,0.0
521,200,0.0
521,189,0.0
521,362,0.0
521,17,0.0
521,16,0.0
482,119,0.0
482,20,0.0
482,399,0.0
482,476,0.0
482,264,0.0
482,200,0.0
482,189,0.0
482,362,0.0
482,17,0.0
482,16,0.0
479,119,0.0
479,20,0.0
479,399,0.0
479,476,0.0
479,264,0.0
479,200,0.0
479,189,0.0
479,362,0.0
479,17,0.0
479,16,0.0
546,119,0.0
546,20,0.0
546,399,0.0
546,476,0.0
546,264,0.0
546,200,0.0
546,189,0.0
546,362,0.0
546,17,0.0
546,16,0.0
539,119,0.0
539,20,0.0
539,399,0.0
539,476,0.0
539,264,0.0
539,200,0.0
539,189,0.0
539,362,0.0
539,17,0.0
539,16,0.0
548,125,1.0
548,415,1.0
548,190,1.0
548,824,1.0
548,89,1.0
548,17,1.0
548,476,1.0
548,19,1.0
548,416,0.9788121662928764
548,352,0.9726067091201175
603,125,4.0
603,415,4.0
603,17,4.0
603,476,4.0
603,19,4.0
603,284,3.9768336301410034
603,89,3.9252996136854987
603,824,3.8562847855271514
603,352,3.838159336935165
603,190,3.8304206975051573
554,119,0.0
554,20,0.0
554,399,0.0
554,476,0.0
554,264,0.0
554,200,0.0
554,189,0.0
554,362,0.0
554,17,0.0
554,16,0.0
513,119,0.0
513,20,0.0
513,399,0.0
513,476,0.0
513,264,0.0
513,200,0.0
513,189,0.0
513,362,0.0
513,17,0.0
513,16,0.0
552,125,2.0
552,190,2.0
552,89,2.0
552,415,2.0
552,17,2.0
552,476,2.0
552,19,2.0
552,416,1.953100631797879
552,352,1.9514242775849102
552,134,1.9387306869561591
500,19,1.0
500,125,1.0
500,476,1.0
500,415,1.0
500,17,1.0
500,77,1.0
500,400,1.0
500,824,0.9960532893488778
500,284,0.9922778767136677
500,89,0.9891004919611718
648,119,0.0
648,20,0.0
648,399,0.0
648,476,0.0
648,264,0.0
648,200,0.0
648,189,0.0
648,362,0.0
648,17,0.0
648,16,0.0
520,119,0.0
520,20,0.0
520,399,0.0
520,476,0.0
520,264,0.0
520,200,0.0
520,189,0.0
520,362,0.0
520,17,0.0
520,16,0.0
555,119,0.0
555,20,0.0
555,399,0.0
555,476,0.0
555,264,0.0
555,200,0.0
555,189,0.0
555,362,0.0
555,17,0.0
555,16,0.0
460,119,0.0
460,20,0.0
460,399,0.0
460,476,0.0
460,264,0.0
460,200,0.0
460,189,0.0
460,362,0.0
460,17,0.0
460,16,0.0
506,119,0.0
506,20,0.0
506,399,0.0
506,476,0.0
506,264,0.0
506,200,0.0
506,189,0.0
506,362,0.0
506,17,0.0
506,16,0.0
649,119,0.0
649,20,0.0
649,399,0.0
649,476,0.0
649,264,0.0
649,200,0.0
649,189,0.0
649,362,0.0
649,17,0.0
649,16,0.0
602,119,0.0
602,20,0.0
602,399,0.0
602,476,0.0
602,264,0.0
602,200,0.0
602,189,0.0
602,362,0.0
602,17,0.0
602,16,0.0
533,119,0.0
533,20,0.0
533,399,0.0
533,476,0.0
533,264,0.0
533,200,0.0
533,189,0.0
533,362,0.0
533,17,0.0
533,16,0.0
491,119,0.0
491,20,0.0
491,399,0.0
491,476,0.0
491,264,0.0
491,200,0.0
491,189,0.0
491,362,0.0
491,17,0.0
491,16,0.0
621,476,10.0
621,17,10.0
621,125,10.0
621,19,10.0
621,284,9.892903869454672
621,89,9.862645288426705
621,190,9.830420697505158
621,824,9.789630391730212
621,416,9.781813828207664
621,352,9.708636381553875
498,119,0.0
498,20,0.0
498,399,0.0
498,476,0.0
498,264,0.0
498,200,0.0
498,189,0.0
498,362,0.0
498,17,0.0
498,16,0.0
590,125,3.0
590,17,3.0
590,476,3.0
590,415,3.0
590,19,3.0
590,89,2.953712597417371
590,416,2.9356392626846803
590,190,2.89966920406481
590,352,2.8983295245586636
590,134,2.86513795750254
574,415,2.0
574,19,2.0
574,476,2.0
574,17,2.0
574,125,2.0
574,77,2.0
574,284,1.9881710831813715
574,416,1.943917377087487
574,89,1.9433756673569982
574,190,1.9307514934403471
575,119,0.0
575,20,0.0
575,399,0.0
575,476,0.0
575,264,0.0
575,200,0.0
575,189,0.0
575,362,0.0
575,17,0.0
575,16,0.0
453,119,0.0
453,20,0.0
453,399,0.0
453,476,0.0
453,264,0.0
453,200,0.0
453,189,0.0
453,362,0.0
453,17,0.0
453,16,0.0
564,119,0.0
564,20,0.0
564,399,0.0
564,476,0.0
564,264,0.0
564,200,0.0
564,189,0.0
564,362,0.0
564,17,0.0
564,16,0.0
562,119,0.0
562,20,0.0
562,399,0.0
562,476,0.0
562,264,0.0
562,200,0.0
562,189,0.0
562,362,0.0
562,17,0.0
562,16,0.0
643,125,1.0
643,190,1.0
643,415,1.0
643,89,1.0
643,476,1.0
643,17,1.0
643,19,1.0
643,134,0.9800066739032998
643,352,0.9788175684647927
643,416,0.9742884655050025
501,284,2.9861616113872866
501,824,2.962012987262993
501,352,2.9211036135196227
501,78,2.912505717424928
501,416,2.9054677446900214
501,22,2.894992505753427
501,287,2.822744085871904
501,310,2.8189173323655745
501,264,2.813191865324286
501,362,2.8055321734124936
571,119,0.0
571,20,0.0
571,399,0.0
571,476,0.0
571,264,0.0
571,200,0.0
571,189,0.0
571,362,0.0
571,17,0.0
571,16,0.0
508,119,0.0
508,20,0.0
508,399,0.0
508,476,0.0
508,264,0.0
508,200,0.0
508,189,0.0
508,362,0.0
508,17,0.0
508,16,0.0
656,119,0.0
656,20,0.0
656,399,0.0
656,476,0.0
656,264,0.0
656,200,0.0
656,189,0.0
656,362,0.0
656,17,0.0
656,16,0.0
499,119,0.0
499,20,0.0
499,399,0.0
499,476,0.0
499,264,0.0
499,200,0.0
499,189,0.0
499,362,0.0
499,17,0.0
499,16,0.0
637,119,0.0
637,20,0.0
637,399,0.0
637,476,0.0
637,264,0.0
637,200,0.0
637,189,0.0
637,362,0.0
637,17,0.0
637,16,0.0
586,125,4.0
586,19,4.0
586,77,4.0
586,190,3.89966920406481
586,89,3.8882210845856133
586,416,3.8803649457468246
586,352,3.87371789285971
586,134,3.8177998412767016
586,94,3.7900969427283924
586,78,3.78440858338226
527,119,0.0
527,20,0.0
527,399,0.0
527,476,0.0
527,264,0.0
527,200,0.0
527,189,0.0
527,362,0.0
527,17,0.0
527,16,0.0
626,119,0.0
626,20,0.0
626,399,0.0
626,476,0.0
626,264,0.0
626,200,0.0
626,189,0.0
626,362,0.0
626,17,0.0
626,16,0.0
551,119,0.0
551,20,0.0
551,399,0.0
551,476,0.0
551,264,0.0
551,200,0.0
551,189,0.0
551,362,0.0
551,17,0.0
551,16,0.0
502,119,0.0
502,20,0.0
502,399,0.0
502,476,0.0
502,264,0.0
502,200,0.0
502,189,0.0
502,362,0.0
502,17,0.0
502,16,0.0
582,119,0.0
582,20,0.0
582,399,0.0
582,476,0.0
582,264,0.0
582,200,0.0
582,189,0.0
582,362,0.0
582,17,0.0
582,16,0.0
511,119,0.0
511,20,0.0
511,399,0.0
511,476,0.0
511,264,0.0
511,200,0.0
511,189,0.0
511,362,0.0
511,17,0.0
511,16,0.0
573,119,0.0
573,20,0.0
573,399,0.0
573,476,0.0
573,264,0.0
573,200,0.0
573,189,0.0
573,362,0.0
573,17,0.0
573,16,0.0
462,119,0.0
462,20,0.0
462,399,0.0
462,476,0.0
462,264,0.0
462,200,0.0
462,189,0.0
462,362,0.0
462,17,0.0
462,16,0.0
604,125,1.0
604,190,1.0
604,415,1.0
604,89,1.0
604,476,1.0
604,17,1.0
604,19,1.0
604,134,0.9800066739032998
604,352,0.9788175684647927
604,416,0.9742884655050025
473,119,0.0
473,20,0.0
473,399,0.0
473,476,0.0
473,264,0.0
473,200,0.0
473,189,0.0
473,362,0.0
473,17,0.0
473,16,0.0
488,19,1.0
488,125,1.0
488,476,1.0
488,17,1.0
488,415,1.0
488,77,1.0
488,284,0.9922778767136677
488,190,0.9689177106244632
488,416,0.9678934307600424
488,824,0.9620129872629928
558,125,3.0
558,19,3.0
558,190,2.968917710624463
558,89,2.956095393711707
558,352,2.906037447310797
558,78,2.9014428845401263
558,824,2.895358593466052
558,416,2.879756210195024
558,22,2.871348369877748
558,310,2.8560357830838585
613,119,0.0
613,20,0.0
613,399,0.0
613,476,0.0
613,264,0.0
613,200,0.0
613,189,0.0
613,362,0.0
613,17,0.0
613,16,0.0
547,19,1.0
547,476,1.0
547,125,1.0
547,17,1.0
547,415,1.0
547,400,1.0
547,89,0.9948585777604724
547,416,0.9934573664196354
547,284,0.9922778767136677
547,134,0.9854095346086938
505,119,0.0
505,20,0.0
505,399,0.0
505,476,0.0
505,264,0.0
505,200,0.0
505,189,0.0
505,362,0.0
505,17,0.0
505,16,0.0
595,119,0.0
595,20,0.0
595,399,0.0
595,476,0.0
595,264,0.0
595,200,0.0
595,189,0.0
595,362,0.0
595,17,0.0
595,16,0.0
658,119,0.0
658,20,0.0
658,399,0.0
658,476,0.0
658,264,0.0
658,200,0.0
658,189,0.0
658,362,0.0
658,17,0.0
658,16,0.0
646,119,0.0
646,20,0.0
646,399,0.0
646,476,0.0
646,264,0.0
646,200,0.0
646,189,0.0
646,362,0.0
646,17,0.0
646,16,0.0
497,125,1.0
497,190,1.0
497,415,1.0
497,89,1.0
497,476,1.0
497,17,1.0
497,19,1.0
497,134,0.9800066739032998
497,352,0.9788175684647927
497,416,0.9742884655050025
596,119,0.0
596,20,0.0
596,399,0.0
596,476,0.0
596,264,0.0
596,200,0.0
596,189,0.0
596,362,0.0
596,17,0.0
596,16,0.0
628,19,1.0
628,125,1.0
628,476,1.0
628,17,1.0
628,415,1.0
628,77,1.0
628,284,0.9922778767136677
628,190,0.9689177106244632
628,416,0.9678934307600424
628,824,0.9620129872629928
630,119,0.0
630,20,0.0
630,399,0.0
630,476,0.0
630,264,0.0
630,200,0.0
630,189,0.0
630,362,0.0
630,17,0.0
630,16,0.0
455,119,0.0
455,20,0.0
455,399,0.0
455,476,0.0
455,264,0.0
455,200,0.0
455,189,0.0
455,362,0.0
455,17,0.0
455,16,0.0
622,17,3.0
622,476,3.0
622,415,3.0
622,284,2.9881710831813715
622,416,2.933185529891358
622,352,2.9073604272153633
622,22,2.8582456785979944
622,134,2.83597152607457
622,79,2.826593586236446
622,189,2.8208243002046984
580,119,0.0
580,20,0.0
580,399,0.0
580,476,0.0
580,264,0.0
580,200,0.0
580,189,0.0
580,362,0.0
580,17,0.0
580,16,0.0
530,125,1.0
530,190,1.0
530,415,1.0
530,89,1.0
530,476,1.0
530,17,1.0
530,19,1.0
530,134,0.9800066739032998
530,352,0.9788175684647927
530,416,0.9742884655050025
532,19,1.0
532,125,1.0
532,476,1.0
532,17,1.0
532,415,1.0
532,77,1.0
532,284,0.9922778767136677
532,190,0.9689177106244632
532,416,0.9678934307600424
532,824,0.9620129872629928
503,119,0.0
503,20,0.0
503,399,0.0
503,476,0.0
503,264,0.0
503,200,0.0
503,189,0.0
503,362,0.0
503,17,0.0
503,16,0.0
652,119,0.0
652,20,0.0
652,399,0.0
652,476,0.0
652,264,0.0
652,200,0.0
652,189,0.0
652,362,0.0
652,17,0.0
652,16,0.0
456,119,0.0
456,20,0.0
456,399,0.0
456,476,0.0
456,264,0.0
456,200,0.0
456,189,0.0
456,362,0.0
456,17,0.0
456,16,0.0
457,119,0.0
457,20,0.0
457,399,0.0
457,476,0.0
457,264,0.0
457,200,0.0
457,189,0.0
457,362,0.0
457,17,0.0
457,16,0.0
468,119,0.0
468,20,0.0
468,399,0.0
468,476,0.0
468,264,0.0
468,200,0.0
468,189,0.0
468,362,0.0
468,17,0.0
468,16,0.0
647,119,0.0
647,20,0.0
647,399,0.0
647,476,0.0
647,264,0.0
647,200,0.0
647,189,0.0
647,362,0.0
647,17,0.0
647,16,0.0
490,119,0.0
490,20,0.0
490,399,0.0
490,476,0.0
490,264,0.0
490,200,0.0
490,189,0.0
490,362,0.0
490,17,0.0
490,16,0.0
559,190,1.0
559,824,1.0
559,125,1.0
559,284,1.0
559,19,1.0
559,89,0.9972413740548082
559,78,0.9857731790450276
559,352,0.969079603685187
559,22,0.963235071716153
559,287,0.9565734053059191
536,119,0.0
536,20,0.0
536,399,0.0
536,476,0.0
536,264,0.0
536,200,0.0
536,189,0.0
536,362,0.0
536,17,0.0
536,16,0.0
470,119,0.0
470,20,0.0
470,399,0.0
470,476,0.0
470,264,0.0
470,200,0.0
470,189,0.0
470,362,0.0
470,17,0.0
470,16,0.0
615,119,0.0
615,20,0.0
615,399,0.0
615,476,0.0
615,264,0.0
615,200,0.0
615,189,0.0
615,362,0.0
615,17,0.0
615,16,0.0
531,19,1.0
531,125,1.0
531,476,1.0
531,17,1.0
531,415,1.0
531,77,1.0
531,284,0.9922778767136677
531,190,0.9689177106244632
531,416,0.9678934307600424
531,824,0.9620129872629928
563,119,0.0
563,20,0.0
563,399,0.0
563,476,0.0
563,264,0.0
563,200,0.0
563,189,0.0
563,362,0.0
563,17,0.0
563,16,0.0
480,119,0.0
480,20,0.0
480,399,0.0
480,476,0.0
480,264,0.0
480,200,0.0
480,189,0.0
480,362,0.0
480,17,0.0
480,16,0.0
636,119,0.0
636,20,0.0
636,399,0.0
636,476,0.0
636,264,0.0
636,200,0.0
636,189,0.0
636,362,0.0
636,17,0.0
636,16,0.0
467,119,0.0
467,20,0.0
467,399,0.0
467,476,0.0
467,264,0.0
467,200,0.0
467,189,0.0
467,362,0.0
467,17,0.0
467,16,0.0
567,119,0.0
567,20,0.0
567,399,0.0
567,476,0.0
567,264,0.0
567,200,0.0
567,189,0.0
567,362,0.0
567,17,0.0
567,16,0.0
537,119,0.0
537,20,0.0
537,399,0.0
537,476,0.0
537,264,0.0
537,200,0.0
537,189,0.0
537,362,0.0
537,17,0.0
537,16,0.0
543,119,0.0
543,20,0.0
543,399,0.0
543,476,0.0
543,264,0.0
543,200,0.0
543,189,0.0
543,362,0.0
543,17,0.0
543,16,0.0
666,125,10.0
666,476,10.0
666,190,10.0
666,415,10.0
666,17,10.0
666,19,10.0
666,284,9.971387180070241
666,89,9.898345319652822
666,78,9.775630807724294
666,134,9.74910005557721
670,190,1.0
670,824,1.0
670,125,1.0
670,284,1.0
670,19,1.0
670,89,0.9972413740548082
670,78,0.9857731790450276
670,352,0.969079603685187
670,22,0.963235071716153
670,287,0.9565734053059191
674,125,2.0
674,415,2.0
674,17,2.0
674,476,2.0
674,19,2.0
674,284,1.9845557534273355
674,416,1.9613507971796778
674,89,1.953712597417371
674,352,1.9195119560938707
674,94,1.9030354946747354
663,125,10.0
663,19,10.0
663,190,9.968917710624464
663,416,9.574551946661588
663,94,9.542663937581137
663,78,9.530058892535635
663,399,9.411981724448001
663,16,9.394657600588463
663,119,9.390940558918018
663,362,9.33727628565951
673,125,4.0
673,19,4.0
673,284,3.980448959895039
673,89,3.9354756191722786
673,416,3.8749490574371013
673,190,3.8615029868806943
673,352,3.859654988606229
673,189,3.807515145926173
673,94,3.8012071010133823
673,78,3.771936839148899
669,119,0.0
669,20,0.0
669,399,0.0
669,476,0.0
669,264,0.0
669,200,0.0
669,189,0.0
669,362,0.0
669,17,0.0
669,16,0.0
672,17,4.0
672,125,4.0
672,476,4.0
672,415,4.0
672,19,4.0
672,824,3.958066276611871
672,89,3.9479545116180708
672,284,3.914955845131977
672,190,3.89966920406481
672,416,3.876388091895153
667,119,0.0
667,20,0.0
667,399,0.0
667,476,0.0
667,264,0.0
667,200,0.0
667,189,0.0
667,362,0.0
667,17,0.0
667,16,0.0
675,119,0.0
675,20,0.0
675,399,0.0
675,476,0.0
675,264,0.0
675,200,0.0
675,189,0.0
675,362,0.0
675,17,0.0
675,16,0.0
668,119,0.0
668,20,0.0
668,399,0.0
668,476,0.0
668,264,0.0
668,200,0.0
668,189,0.0
668,362,0.0
668,17,0.0
668,16,0.0
439,119,0.0
439,20,0.0
439,399,0.0
439,476,0.0
439,264,0.0
439,200,0.0
439,189,0.0
439,362,0.0
439,17,0.0
439,16,0.0
426,119,0.0
426,20,0.0
426,399,0.0
426,476,0.0
426,264,0.0
426,200,0.0
426,189,0.0
426,362,0.0
426,17,0.0
426,16,0.0
424,119,0.0
424,20,0.0
424,399,0.0
424,476,0.0
424,264,0.0
424,200,0.0
424,189,0.0
424,362,0.0
424,17,0.0
424,16,0.0
435,125,1.0
435,190,1.0
435,415,1.0
435,89,1.0
435,476,1.0
435,17,1.0
435,19,1.0
435,134,0.9800066739032998
435,352,0.9788175684647927
435,416,0.9742884655050025
433,119,0.0
433,20,0.0
433,399,0.0
433,476,0.0
433,264,0.0
433,200,0.0
433,189,0.0
433,362,0.0
433,17,0.0
433,16,0.0
432,119,0.0
432,20,0.0
432,399,0.0
432,476,0.0
432,264,0.0
432,200,0.0
432,189,0.0
432,362,0.0
432,17,0.0
432,16,0.0
443,119,0.0
443,20,0.0
443,399,0.0
443,476,0.0
443,264,0.0
443,200,0.0
443,189,0.0
443,362,0.0
443,17,0.0
443,16,0.0
440,119,0.0
440,20,0.0
440,399,0.0
440,476,0.0
440,264,0.0
440,200,0.0
440,189,0.0
440,362,0.0
440,17,0.0
440,16,0.0
415,19,2.0
415,125,2.0
415,17,2.0
415,476,2.0
415,415,2.0
415,77,2.0
415,284,1.9845557534273355
415,824,1.9580662766118706
415,89,1.9479545116180703
415,416,1.936846465613539
429,119,0.0
429,20,0.0
429,399,0.0
429,476,0.0
429,264,0.0
429,200,0.0
429,189,0.0
429,362,0.0
429,17,0.0
429,16,0.0
420,415,10.0
420,284,9.965674528577994
420,824,9.943096743767574
420,89,9.932748865000505
420,78,9.657579064589308
420,134,9.55993311165202
420,16,9.537280131022165
420,362,9.446562273262801
420,476,9.0
420,17,9.0
411,125,8.0
411,476,8.0
411,17,8.0
411,415,8.0
411,19,8.0
411,190,7.899669204064811
411,89,7.881770696822436
411,352,7.712414354057085
411,416,7.628929695456726
411,78,7.535807309587531
430,119,0.0
430,20,0.0
430,399,0.0
430,476,0.0
430,264,0.0
430,200,0.0
430,189,0.0
430,362,0.0
430,17,0.0
430,16,0.0
422,125,5.0
422,19,5.0
422,89,4.883079662346086
422,416,4.87382231216646
422,352,4.8350895737927635
422,190,4.830420697505158
422,134,4.8032093758853955
422,94,4.756662284391984
422,78,4.714703661483055
422,189,4.702656782521023
436,119,0.0
436,20,0.0
436,399,0.0
436,476,0.0
436,264,0.0
436,200,0.0
436,189,0.0
436,362,0.0
436,17,0.0
436,16,0.0
417,125,1.0
417,415,1.0
417,190,1.0
417,19,1.0
417,17,1.0
417,476,1.0
417,77,1.0
417,284,0.9958932064677039
417,134,0.9805527814364109
417,416,0.9749643422339904
438,125,1.0
438,190,1.0
438,415,1.0
438,89,1.0
438,476,1.0
438,17,1.0
438,19,1.0
438,134,0.9800066739032998
438,352,0.9788175684647927
438,416,0.9742884655050025
442,119,0.0
442,20,0.0
442,399,0.0
442,476,0.0
442,264,0.0
442,200,0.0
442,189,0.0
442,362,0.0
442,17,0.0
442,16,0.0
431,119,0.0
431,20,0.0
431,399,0.0
431,476,0.0
431,264,0.0
431,200,0.0
431,189,0.0
431,362,0.0
431,17,0.0
431,16,0.0
419,119,0.0
419,20,0.0
419,399,0.0
419,476,0.0
419,264,0.0
419,200,0.0
419,189,0.0
419,362,0.0
419,17,0.0
419,16,0.0
441,17,3.0
441,476,3.0
441,416,2.9397281634717225
441,134,2.8505619914658764
441,352,2.836859552657057
441,78,2.8062857507831414
441,22,2.799252468298
441,824,2.7719302356170497
441,79,2.7618217123687034
441,94,2.748641423815701
414,125,1.0
414,415,1.0
414,190,1.0
414,824,1.0
414,89,1.0
414,17,1.0
414,476,1.0
414,19,1.0
414,416,0.9788121662928764
414,352,0.9726067091201175
410,119,0.0
410,20,0.0
410,399,0.0
410,476,0.0
410,264,0.0
410,200,0.0
410,189,0.0
410,362,0.0
410,17,0.0
410,16,0.0
423,119,0.0
423,20,0.0
423,399,0.0
423,476,0.0
423,264,0.0
423,200,0.0
423,189,0.0
423,362,0.0
423,17,0.0
423,16,0.0
418,119,0.0
418,20,0.0
418,399,0.0
418,476,0.0
418,264,0.0
418,200,0.0
418,189,0.0
418,362,0.0
418,17,0.0
418,16,0.0
412,119,0.0
412,20,0.0
412,399,0.0
412,476,0.0
412,264,0.0
412,200,0.0
412,189,0.0
412,362,0.0
412,17,0.0
412,16,0.0
428,119,0.0
428,20,0.0
428,399,0.0
428,476,0.0
428,264,0.0
428,200,0.0
428,189,0.0
428,362,0.0
428,17,0.0
428,16,0.0
437,119,0.0
437,20,0.0
437,399,0.0
437,476,0.0
437,264,0.0
437,200,0.0
437,189,0.0
437,362,0.0
437,17,0.0
437,16,0.0
434,119,0.0
434,20,0.0
434,399,0.0
434,476,0.0
434,264,0.0
434,200,0.0
434,189,0.0
434,362,0.0
434,17,0.0
434,16,0.0
413,119,0.0
413,20,0.0
413,399,0.0
413,476,0.0
413,264,0.0
413,200,0.0
413,189,0.0
413,362,0.0
413,17,0.0
413,16,0.0
44,125,10.0
44,476,10.0
44,190,10.0
44,415,10.0
44,17,10.0
44,19,10.0
44,824,9.996053289348877
44,284,9.967280386537945
44,89,9.932748865000505
44,416,9.841764812938383
57,352,7.761074671865022
57,416,7.740031049790111
57,79,7.61597800958003
57,22,7.55915564929397
57,189,7.555587303225515
57,310,7.5266453904197475
57,255,7.451602823229704
57,16,7.380386384747171
57,362,7.333181997644105
57,59,6.912624373513382
38,17,8.0
38,415,8.0
38,476,8.0
38,824,7.789630391730211
38,352,7.731905789907452
38,416,7.669372155075467
38,79,7.541799439682396
38,22,7.540565815905304
38,78,7.457066400350752
38,134,7.456677922651443
45,125,7.0
45,19,7.0
45,89,6.889782666341523
45,190,6.861502986880694
45,352,6.753139346101744
45,416,6.70716941814515
45,78,6.611121334678838
45,94,6.5896087187133565
45,134,6.56608525834255
45,189,6.5592785119818515
28,415,2.0
28,476,2.0
28,17,2.0
28,125,2.0
28,19,2.0
28,824,1.9960532893488778
28,89,1.989100491961172
28,416,1.9477652011463729
28,352,1.9427492092654495
28,190,1.9307514934403471
61,476,10.0
61,125,10.0
61,17,10.0
61,415,10.0
61,19,10.0
61,824,9.996053289348877
61,190,9.968917710624464
61,284,9.967280386537945
61,89,9.895399805154405
61,416,9.835369778193424
36,476,2.0
36,125,2.0
36,17,2.0
36,415,2.0
36,19,2.0
36,190,1.968917710624463
36,89,1.9588540196568986
36,416,1.942181896265045
36,352,1.9369578436256096
36,78,1.9156697054950986
54,119,0.0
54,20,0.0
54,399,0.0
54,476,0.0
54,264,0.0
54,200,0.0
54,189,0.0
54,362,0.0
54,17,0.0
54,16,0.0
47,119,0.0
47,20,0.0
47,399,0.0
47,476,0.0
47,264,0.0
47,200,0.0
47,189,0.0
47,362,0.0
47,17,0.0
47,16,0.0
29,119,0.0
29,20,0.0
29,399,0.0
29,476,0.0
29,264,0.0
29,200,0.0
29,189,0.0
29,362,0.0
29,17,0.0
29,16,0.0
26,119,0.0
26,20,0.0
26,399,0.0
26,476,0.0
26,264,0.0
26,200,0.0
26,189,0.0
26,362,0.0
26,17,0.0
26,16,0.0
33,125,6.0
33,476,6.0
33,17,6.0
33,415,6.0
33,19,6.0
33,89,5.92235409918708
33,284,5.906072442811766
33,190,5.830420697505158
33,352,5.780512629734967
33,416,5.712404794148632
46,125,2.0
46,415,2.0
46,190,2.0
46,17,2.0
46,476,2.0
46,19,2.0
46,89,1.9824865243069563
46,352,1.927322449160755
46,824,1.9183760733587638
46,78,1.908994362424183
21,416,6.82165465449002
21,352,6.681272779261911
21,824,6.643184553988497
21,78,6.633863422839099
21,94,6.594932877600594
21,22,6.519200800182947
21,310,6.460400765352216
21,255,6.393096502771179
21,362,6.355138824974746
21,200,6.325353819183673
48,119,0.0
48,20,0.0
48,399,0.0
48,476,0.0
48,264,0.0
48,200,0.0
48,189,0.0
48,362,0.0
48,17,0.0
48,16,0.0
7,119,0.0
7,20,0.0
7,399,0.0
7,476,0.0
7,264,0.0
7,200,0.0
7,189,0.0
7,362,0.0
7,17,0.0
7,16,0.0
53,119,0.0
53,20,0.0
53,399,0.0
53,476,0.0
53,264,0.0
53,200,0.0
53,189,0.0
53,362,0.0
53,17,0.0
53,16,0.0
8,119,0.0
8,20,0.0
8,399,0.0
8,476,0.0
8,264,0.0
8,200,0.0
8,189,0.0
8,362,0.0
8,17,0.0
8,16,0.0
25,19,1.0
25,125,1.0
25,476,1.0
25,17,1.0
25,415,1.0
25,77,1.0
25,284,0.9922778767136677
25,190,0.9689177106244632
25,416,0.9678934307600424
25,824,0.9620129872629928
35,125,10.0
35,476,10.0
35,17,10.0
35,415,10.0
35,19,10.0
35,190,9.89966920406481
35,89,9.894361510602595
35,824,9.789630391730212
35,416,9.750367966106959
35,352,9.701126560591161
19,119,0.0
19,20,0.0
19,399,0.0
19,476,0.0
19,264,0.0
19,200,0.0
19,189,0.0
19,362,0.0
19,17,0.0
19,16,0.0
69,190,1.0
69,125,1.0
69,415,1.0
69,284,1.0
69,17,1.0
69,476,1.0
69,19,1.0
69,824,0.9850304671557042
69,89,0.9824865243069563
69,78,0.9527704930554926
20,415,2.0
20,476,2.0
20,17,2.0
20,125,2.0
20,19,2.0
20,824,1.9960532893488778
20,89,1.989100491961172
20,416,1.9477652011463729
20,352,1.9427492092654495
20,190,1.9307514934403471
23,119,0.0
23,20,0.0
23,399,0.0
23,476,0.0
23,264,0.0
23,200,0.0
23,189,0.0
23,362,0.0
23,17,0.0
23,16,0.0
56,119,0.0
56,20,0.0
56,399,0.0
56,476,0.0
56,264,0.0
56,200,0.0
56,189,0.0
56,362,0.0
56,17,0.0
56,16,0.0
14,119,0.0
14,20,0.0
14,399,0.0
14,476,0.0
14,264,0.0
14,200,0.0
14,189,0.0
14,362,0.0
14,17,0.0
14,16,0.0
37,119,0.0
37,20,0.0
37,399,0.0
37,476,0.0
37,264,0.0
37,200,0.0
37,189,0.0
37,362,0.0
37,17,0.0
37,16,0.0
34,119,0.0
34,20,0.0
34,399,0.0
34,476,0.0
34,264,0.0
34,200,0.0
34,189,0.0
34,362,0.0
34,17,0.0
34,16,0.0
58,119,0.0
58,20,0.0
58,399,0.0
58,476,0.0
58,264,0.0
58,200,0.0
58,189,0.0
58,362,0.0
58,17,0.0
58,16,0.0
4,125,1.0
4,415,1.0
4,190,1.0
4,19,1.0
4,17,1.0
4,476,1.0
4,77,1.0
4,284,0.9958932064677039
4,134,0.9805527814364109
4,416,0.9749643422339904
24,119,0.0
24,20,0.0
24,399,0.0
24,476,0.0
24,264,0.0
24,200,0.0
24,189,0.0
24,362,0.0
24,17,0.0
24,16,0.0
70,119,0.0
70,20,0.0
70,399,0.0
70,476,0.0
70,264,0.0
70,200,0.0
70,189,0.0
70,362,0.0
70,17,0.0
70,16,0.0
40,119,0.0
40,20,0.0
40,399,0.0
40,476,0.0
40,264,0.0
40,200,0.0
40,189,0.0
40,362,0.0
40,17,0.0
40,16,0.0
6,119,0.0
6,20,0.0
6,399,0.0
6,476,0.0
6,264,0.0
6,200,0.0
6,189,0.0
6,362,0.0
6,17,0.0
6,16,0.0
39,119,0.0
39,20,0.0
39,399,0.0
39,476,0.0
39,264,0.0
39,200,0.0
39,189,0.0
39,362,0.0
39,17,0.0
39,16,0.0
41,119,0.0
41,20,0.0
41,399,0.0
41,476,0.0
41,264,0.0
41,200,0.0
41,189,0.0
41,362,0.0
41,17,0.0
41,16,0.0
66,125,7.0
66,415,7.0
66,19,7.0
66,89,6.865590802925123
66,190,6.830420697505158
66,416,6.7425064914941375
66,352,6.727765832992088
66,134,6.642146253760846
66,824,6.628215021144201
66,94,6.580124758941257
17,125,3.0
17,415,3.0
17,190,3.0
17,19,3.0
17,824,2.9850304671557044
17,89,2.968502538150754
17,352,2.861838096737835
17,78,2.8391296135557327
17,416,2.8191556109228326
17,134,2.8179930488104645
43,119,0.0
43,20,0.0
43,399,0.0
43,476,0.0
43,264,0.0
43,200,0.0
43,189,0.0
43,362,0.0
43,17,0.0
43,16,0.0
11,119,0.0
11,20,0.0
11,399,0.0
11,476,0.0
11,264,0.0
11,200,0.0
11,189,0.0
11,362,0.0
11,17,0.0
11,16,0.0
10,476,8.0
10,17,8.0
10,416,7.7876241863534155
10,352,7.6373343922041315
10,94,7.5597289306953845
10,78,7.557108025264143
10,134,7.4820983395512375
10,79,7.475075429695332
10,22,7.458368088270717
10,255,7.379733239432209
12,119,0.0
12,20,0.0
12,399,0.0
12,476,0.0
12,264,0.0
12,200,0.0
12,189,0.0
12,362,0.0
12,17,0.0
12,16,0.0
16,119,0.0
16,20,0.0
16,399,0.0
16,476,0.0
16,264,0.0
16,200,0.0
16,189,0.0
16,362,0.0
16,17,0.0
16,16,0.0
64,119,0.0
64,20,0.0
64,399,0.0
64,476,0.0
64,264,0.0
64,200,0.0
64,189,0.0
64,362,0.0
64,17,0.0
64,16,0.0
30,119,0.0
30,20,0.0
30,399,0.0
30,476,0.0
30,264,0.0
30,200,0.0
30,189,0.0
30,362,0.0
30,17,0.0
30,16,0.0
32,119,0.0
32,20,0.0
32,399,0.0
32,476,0.0
32,264,0.0
32,200,0.0
32,189,0.0
32,362,0.0
32,17,0.0
32,16,0.0
68,119,0.0
68,20,0.0
68,399,0.0
68,476,0.0
68,264,0.0
68,200,0.0
68,189,0.0
68,362,0.0
68,17,0.0
68,16,0.0
9,476,2.0
9,17,2.0
9,415,2.0
9,22,1.964485644340824
9,94,1.9392776804549592
9,255,1.9251945641173211
9,399,1.9228990094532612
9,264,1.9125117492592958
9,16,1.8985424959780743
9,189,1.8777386401433946
27,119,0.0
27,20,0.0
27,399,0.0
27,476,0.0
27,264,0.0
27,200,0.0
27,189,0.0
27,362,0.0
27,17,0.0
27,16,0.0
50,189,1.0
50,310,1.0
50,94,1.0
50,400,1.0
50,79,0.9972413740548082
50,287,0.9970544855015815
50,399,0.9948585777604724
50,119,0.9891004919611718
50,255,0.9860160138437979
50,22,0.9859913975717165
31,119,0.0
31,20,0.0
31,399,0.0
31,476,0.0
31,264,0.0
31,200,0.0
31,189,0.0
31,362,0.0
31,17,0.0
31,16,0.0
2,119,0.0
2,20,0.0
2,399,0.0
2,476,0.0
2,264,0.0
2,200,0.0
2,189,0.0
2,362,0.0
2,17,0.0
2,16,0.0
42,119,0.0
42,20,0.0
42,399,0.0
42,476,0.0
42,264,0.0
42,200,0.0
42,189,0.0
42,362,0.0
42,17,0.0
42,16,0.0
49,119,0.0
49,20,0.0
49,399,0.0
49,476,0.0
49,264,0.0
49,200,0.0
49,189,0.0
49,362,0.0
49,17,0.0
49,16,0.0
51,119,0.0
51,20,0.0
51,399,0.0
51,476,0.0
51,264,0.0
51,200,0.0
51,189,0.0
51,362,0.0
51,17,0.0
51,16,0.0
15,119,0.0
15,20,0.0
15,399,0.0
15,476,0.0
15,264,0.0
15,200,0.0
15,189,0.0
15,362,0.0
15,17,0.0
15,16,0.0
688,119,0.0
688,20,0.0
688,399,0.0
688,476,0.0
688,264,0.0
688,200,0.0
688,189,0.0
688,362,0.0
688,17,0.0
688,16,0.0
678,119,0.0
678,20,0.0
678,399,0.0
678,476,0.0
678,264,0.0
678,200,0.0
678,189,0.0
678,362,0.0
678,17,0.0
678,16,0.0
739,125,1.0
739,415,1.0
739,190,1.0
739,824,1.0
739,89,1.0
739,17,1.0
739,476,1.0
739,19,1.0
739,416,0.9788121662928764
739,352,0.9726067091201175
679,125,1.0
679,19,1.0
679,415,1.0
679,190,1.0
679,824,1.0
679,77,1.0
679,416,0.9979517409161514
679,134,0.9927116175936309
679,89,0.9860160138437979
679,16,0.9655173552514342
687,119,0.0
687,20,0.0
687,399,0.0
687,476,0.0
687,264,0.0
687,200,0.0
687,189,0.0
687,362,0.0
687,17,0.0
687,16,0.0
729,125,5.0
729,19,5.0
729,190,4.9689177106244635
729,89,4.881607116931399
729,352,4.8308978418751325
729,78,4.763757313554591
729,134,4.7477824515592175
729,416,4.746174786416274
729,79,4.714477997794981
729,310,4.701295930415905
685,190,1.0
685,125,1.0
685,415,1.0
685,284,1.0
685,17,1.0
685,476,1.0
685,19,1.0
685,824,0.9850304671557042
685,89,0.9824865243069563
685,78,0.9527704930554926
726,19,1.0
726,476,1.0
726,125,1.0
726,17,1.0
726,415,1.0
726,400,1.0
726,89,0.9948585777604724
726,416,0.9934573664196354
726,284,0.9922778767136677
726,134,0.9854095346086938
750,17,10.0
750,476,10.0
750,415,10.0
750,284,9.894065148488549
750,824,9.876442349970636
750,416,9.808897745057521
750,352,9.732067790187202
750,22,9.547333703132663
750,79,9.503842797124484
750,134,9.433067862796142
691,416,2.0
691,824,2.0
691,134,1.9763899401446987
691,78,1.967286702253492
691,255,1.885226364478883
691,352,1.884754541048367
691,22,1.8753373513012672
691,79,1.8338868036795748
691,310,1.7911217882471133
691,362,1.783807516353395
712,119,0.0
712,20,0.0
712,399,0.0
712,476,0.0
712,264,0.0
712,200,0.0
712,189,0.0
712,362,0.0
712,17,0.0
712,16,0.0
701,119,0.0
701,20,0.0
701,399,0.0
701,476,0.0
701,264,0.0
701,200,0.0
701,189,0.0
701,362,0.0
701,17,0.0
701,16,0.0
690,119,0.0
690,20,0.0
690,399,0.0
690,476,0.0
690,264,0.0
690,200,0.0
690,189,0.0
690,362,0.0
690,17,0.0
690,16,0.0
677,119,0.0
677,20,0.0
677,399,0.0
677,476,0.0
677,264,0.0
677,200,0.0
677,189,0.0
677,362,0.0
677,17,0.0
677,16,0.0
727,415,10.0
727,352,9.667669769663759
727,416,9.622387061876362
727,78,9.43338908994182
727,79,9.42437082429749
727,22,9.39749577428836
727,134,9.325996200828195
727,255,9.265654412762885
727,362,9.208529937813635
727,17,9.0
699,119,0.0
699,20,0.0
699,399,0.0
699,476,0.0
699,264,0.0
699,200,0.0
699,189,0.0
699,362,0.0
699,17,0.0
699,16,0.0
707,415,2.0
707,284,1.9861616113872866
707,416,1.9678934307600424
707,824,1.9620129872629928
707,352,1.9520240098344357
707,22,1.9317574340372738
707,78,1.9267325383799006
707,264,1.8862254213251348
707,79,1.8781386078784448
707,134,1.8761116891352452
737,119,0.0
737,20,0.0
737,399,0.0
737,476,0.0
737,264,0.0
737,200,0.0
737,189,0.0
737,362,0.0
737,17,0.0
737,16,0.0
724,19,1.0
724,125,1.0
724,476,1.0
724,17,1.0
724,415,1.0
724,77,1.0
724,284,0.9922778767136677
724,190,0.9689177106244632
724,416,0.9678934307600424
724,824,0.9620129872629928
705,17,5.0
705,476,5.0
705,415,5.0
705,125,5.0
705,19,5.0
705,190,4.9689177106244635
705,89,4.892670204861263
705,352,4.814270511843913
705,78,4.757538986920082
705,416,4.720435034321616
680,119,0.0
680,20,0.0
680,399,0.0
680,476,0.0
680,264,0.0
680,200,0.0
680,189,0.0
680,362,0.0
680,17,0.0
680,16,0.0
722,119,0.0
722,20,0.0
722,399,0.0
722,476,0.0
722,264,0.0
722,200,0.0
722,189,0.0
722,362,0.0
722,17,0.0
722,16,0.0
741,125,5.0
741,19,5.0
741,89,4.96995046729336
741,416,4.884065170970306
741,352,4.869312372374201
741,134,4.861665532414597
741,190,4.861502986880694
741,824,4.842586937311514
741,79,4.725802613471019
741,78,4.687739492537902
719,190,1.0
719,824,1.0
719,125,1.0
719,284,1.0
719,19,1.0
719,89,0.9972413740548082
719,78,0.9857731790450276
719,352,0.969079603685187
719,22,0.963235071716153
719,287,0.9565734053059191
752,119,0.0
752,20,0.0
752,399,0.0
752,476,0.0
752,264,0.0
752,200,0.0
752,189,0.0
752,362,0.0
752,17,0.0
752,16,0.0
714,125,8.0
714,19,8.0
714,190,7.9689177106244635
714,89,7.830274070929095
714,416,7.689639546139101
714,824,7.652319296238806
714,78,7.635152996677241
714,79,7.50118136868867
714,16,7.490656705762765
714,189,7.483938800892619
742,415,10.0
742,22,9.433630165105123
742,94,9.361003805326899
742,264,9.357002562041231
742,287,9.086207282703496
742,824,8.856284785527151
742,352,8.70491053921043
742,416,8.693035430486617
742,59,8.490730225560245
742,79,8.413124381086593
730,119,0.0
730,20,0.0
730,399,0.0
730,476,0.0
730,264,0.0
730,200,0.0
730,189,0.0
730,362,0.0
730,17,0.0
730,16,0.0
713,415,3.0
713,284,2.989776941141323
713,352,2.939872480955928
713,416,2.9397281634717225
713,22,2.892848206849771
713,134,2.8269519316105747
713,79,2.8192977914094612
713,287,2.8157995980024015
713,310,2.796145996848207
713,255,2.7856784405280903
720,125,4.0
720,19,4.0
720,284,3.984555753427335
720,824,3.943096743767575
720,89,3.927682409979835
720,190,3.89966920406481
720,352,3.8458672596872985
720,78,3.82763514047878
720,189,3.737384429241071
720,94,3.7373137993682377
693,119,0.0
693,20,0.0
693,399,0.0
693,476,0.0
693,264,0.0
693,200,0.0
693,189,0.0
693,362,0.0
693,17,0.0
693,16,0.0
695,125,3.0
695,19,3.0
695,77,3.0
695,190,2.930751493440347
695,89,2.9293670649287145
695,134,2.918078092286155
695,352,2.915577617698893
695,416,2.912471514986782
695,94,2.853626789717249
695,189,2.840811223558378
694,119,0.0
694,20,0.0
694,399,0.0
694,476,0.0
694,264,0.0
694,200,0.0
694,189,0.0
694,362,0.0
694,17,0.0
694,16,0.0
748,119,0.0
748,20,0.0
748,399,0.0
748,476,0.0
748,264,0.0
748,200,0.0
748,189,0.0
748,362,0.0
748,17,0.0
748,16,0.0
721,119,0.0
721,20,0.0
721,399,0.0
721,476,0.0
721,264,0.0
721,200,0.0
721,189,0.0
721,362,0.0
721,17,0.0
721,16,0.0
766,134,1.0
766,416,1.0
766,78,1.0
766,476,1.0
766,17,1.0
766,824,1.0
766,255,0.9197090092274488
766,94,0.8950249020819576
766,352,0.890870806374748
766,22,0.890870806374748
689,119,0.0
689,20,0.0
689,399,0.0
689,476,0.0
689,264,0.0
689,200,0.0
689,189,0.0
689,362,0.0
689,17,0.0
689,16,0.0
684,119,0.0
684,20,0.0
684,399,0.0
684,476,0.0
684,264,0.0
684,200,0.0
684,189,0.0
684,362,0.0
684,17,0.0
684,16,0.0
692,119,0.0
692,20,0.0
692,399,0.0
692,476,0.0
692,264,0.0
692,200,0.0
692,189,0.0
692,362,0.0
692,17,0.0
692,16,0.0
676,119,0.0
676,20,0.0
676,399,0.0
676,476,0.0
676,264,0.0
676,200,0.0
676,189,0.0
676,362,0.0
676,17,0.0
676,16,0.0
754,119,0.0
754,20,0.0
754,399,0.0
754,476,0.0
754,264,0.0
754,200,0.0
754,189,0.0
754,362,0.0
754,17,0.0
754,16,0.0
716,119,0.0
716,20,0.0
716,399,0.0
716,476,0.0
716,264,0.0
716,200,0.0
716,189,0.0
716,362,0.0
716,17,0.0
716,16,0.0
732,119,0.0
732,20,0.0
732,399,0.0
732,476,0.0
732,264,0.0
732,200,0.0
732,189,0.0
732,362,0.0
732,17,0.0
732,16,0.0
743,125,2.0
743,19,2.0
743,415,2.0
743,190,2.0
743,17,2.0
743,476,2.0
743,77,2.0
743,284,1.9929476919692855
743,89,1.9542751753958263
743,416,1.9356938022227284
718,125,1.0
718,415,1.0
718,190,1.0
718,19,1.0
718,17,1.0
718,476,1.0
718,77,1.0
718,284,0.9958932064677039
718,134,0.9805527814364109
718,416,0.9749643422339904
725,119,0.0
725,20,0.0
725,399,0.0
725,476,0.0
725,264,0.0
725,200,0.0
725,189,0.0
725,362,0.0
725,17,0.0
725,16,0.0
749,119,0.0
749,20,0.0
749,399,0.0
749,476,0.0
749,264,0.0
749,200,0.0
749,189,0.0
749,362,0.0
749,17,0.0
749,16,0.0
683,119,0.0
683,20,0.0
683,399,0.0
683,476,0.0
683,264,0.0
683,200,0.0
683,189,0.0
683,362,0.0
683,17,0.0
683,16,0.0
755,119,0.0
755,20,0.0
755,399,0.0
755,476,0.0
755,264,0.0
755,200,0.0
755,189,0.0
755,362,0.0
755,17,0.0
755,16,0.0
682,119,0.0
682,20,0.0
682,399,0.0
682,476,0.0
682,264,0.0
682,200,0.0
682,189,0.0
682,362,0.0
682,17,0.0
682,16,0.0
740,125,1.0
740,415,1.0
740,190,1.0
740,824,1.0
740,89,1.0
740,17,1.0
740,476,1.0
740,19,1.0
740,416,0.9788121662928764
740,352,0.9726067091201175
733,119,0.0
733,20,0.0
733,399,0.0
733,476,0.0
733,264,0.0
733,200,0.0
733,189,0.0
733,362,0.0
733,17,0.0
733,16,0.0
709,119,0.0
709,20,0.0
709,399,0.0
709,476,0.0
709,264,0.0
709,200,0.0
709,189,0.0
709,362,0.0
709,17,0.0
709,16,0.0
702,119,0.0
702,20,0.0
702,399,0.0
702,476,0.0
702,264,0.0
702,200,0.0
702,189,0.0
702,362,0.0
702,17,0.0
702,16,0.0
708,190,1.0
708,824,1.0
708,125,1.0
708,284,1.0
708,19,1.0
708,89,0.9972413740548082
708,78,0.9857731790450276
708,352,0.969079603685187
708,22,0.963235071716153
708,287,0.9565734053059191
711,119,0.0
711,20,0.0
711,399,0.0
711,476,0.0
711,264,0.0
711,200,0.0
711,189,0.0
711,362,0.0
711,17,0.0
711,16,0.0
765,119,0.0
765,20,0.0
765,399,0.0
765,476,0.0
765,264,0.0
765,200,0.0
765,189,0.0
765,362,0.0
765,17,0.0
765,16,0.0
723,119,0.0
723,20,0.0
723,399,0.0
723,476,0.0
723,264,0.0
723,200,0.0
723,189,0.0
723,362,0.0
723,17,0.0
723,16,0.0
731,119,0.0
731,20,0.0
731,399,0.0
731,476,0.0
731,264,0.0
731,200,0.0
731,189,0.0
731,362,0.0
731,17,0.0
731,16,0.0
703,125,3.0
703,17,3.0
703,476,3.0
703,415,3.0
703,19,3.0
703,284,2.9881710831813715
703,190,2.930751493440347
703,89,2.9258621916639544
703,352,2.87770858468395
703,189,2.829030275204968
763,119,0.0
763,20,0.0
763,399,0.0
763,476,0.0
763,264,0.0
763,200,0.0
763,189,0.0
763,362,0.0
763,17,0.0
763,16,0.0
762,190,1.0
762,125,1.0
762,415,1.0
762,284,1.0
762,17,1.0
762,476,1.0
762,19,1.0
762,824,0.9850304671557042
762,89,0.9824865243069563
762,78,0.9527704930554926
761,119,0.0
761,20,0.0
761,399,0.0
761,476,0.0
761,264,0.0
761,200,0.0
761,189,0.0
761,362,0.0
761,17,0.0
761,16,0.0
199,125,10.0
199,19,10.0
199,824,9.856284785527153
199,89,9.836521588791614
199,190,9.830420697505158
199,416,9.829593359366717
199,22,9.550101591985598
199,94,9.541582845130291
199,362,9.437222053947897
199,255,9.34583772681237
206,119,0.0
206,20,0.0
206,399,0.0
206,476,0.0
206,264,0.0
206,200,0.0
206,189,0.0
206,362,0.0
206,17,0.0
206,16,0.0
103,125,1.0
103,19,1.0
103,824,1.0
103,415,1.0
103,190,1.0
103,89,1.0
103,476,1.0
103,17,1.0
103,77,1.0
103,284,0.9970544855015816
286,190,2.0
286,125,2.0
286,19,2.0
286,284,1.995893206467704
286,89,1.9515165494506346
286,352,1.9281408075278426
286,416,1.9125386561639695
286,78,1.9119961287962526
286,16,1.9089322804577638
286,189,1.891526872887952
145,119,0.0
145,20,0.0
145,399,0.0
145,476,0.0
145,264,0.0
145,200,0.0
145,189,0.0
145,362,0.0
145,17,0.0
145,16,0.0
345,119,0.0
345,20,0.0
345,399,0.0
345,476,0.0
345,264,0.0
345,200,0.0
345,189,0.0
345,362,0.0
345,17,0.0
345,16,0.0
282,119,0.0
282,20,0.0
282,399,0.0
282,476,0.0
282,264,0.0
282,200,0.0
282,189,0.0
282,362,0.0
282,17,0.0
282,16,0.0
143,119,0.0
143,20,0.0
143,399,0.0
143,476,0.0
143,264,0.0
143,200,0.0
143,189,0.0
143,362,0.0
143,17,0.0
143,16,0.0
160,119,0.0
160,20,0.0
160,399,0.0
160,476,0.0
160,264,0.0
160,200,0.0
160,189,0.0
160,362,0.0
160,17,0.0
160,16,0.0
381,119,0.0
381,20,0.0
381,399,0.0
381,476,0.0
381,264,0.0
381,200,0.0
381,189,0.0
381,362,0.0
381,17,0.0
381,16,0.0
335,125,10.0
335,19,10.0
335,190,9.968917710624464
335,284,9.962729014079574
335,89,9.895399805154405
335,824,9.876442349970636
335,416,9.791575537394287
335,16,9.504566833275657
335,189,9.44611439113861
335,134,9.383593865224269
398,119,0.0
398,20,0.0
398,399,0.0
398,476,0.0
398,264,0.0
398,200,0.0
398,189,0.0
398,362,0.0
398,17,0.0
398,16,0.0
375,125,1.0
375,415,1.0
375,190,1.0
375,19,1.0
375,17,1.0
375,476,1.0
375,77,1.0
375,284,0.9958932064677039
375,134,0.9805527814364109
375,416,0.9749643422339904
91,125,4.0
91,19,4.0
91,284,3.980448959895039
91,89,3.9052291468680056
91,190,3.89966920406481
91,416,3.873889453343647
91,352,3.8476527636217135
91,78,3.8017370430234556
91,94,3.7819482116172445
91,22,3.7818541574599958
172,119,0.0
172,20,0.0
172,399,0.0
172,476,0.0
172,264,0.0
172,200,0.0
172,189,0.0
172,362,0.0
172,17,0.0
172,16,0.0
144,125,1.0
144,415,1.0
144,190,1.0
144,19,1.0
144,17,1.0
144,476,1.0
144,77,1.0
144,284,0.9958932064677039
144,134,0.9805527814364109
144,416,0.9749643422339904
405,119,0.0
405,20,0.0
405,399,0.0
405,476,0.0
405,264,0.0
405,200,0.0
405,189,0.0
405,362,0.0
405,17,0.0
405,16,0.0
133,119,0.0
133,20,0.0
133,399,0.0
133,476,0.0
133,264,0.0
133,200,0.0
133,189,0.0
133,362,0.0
133,17,0.0
133,16,0.0
329,94,2.9030354946747354
329,310,2.884111362895675
329,22,2.883146303357214
329,79,2.882675776760238
329,352,2.88216289624777
329,189,2.8618455589626457
329,119,2.8595209185102926
329,287,2.8317145387451688
329,255,2.8093171418036316
329,264,2.784472674924098
185,125,1.0
185,415,1.0
185,190,1.0
185,19,1.0
185,17,1.0
185,476,1.0
185,77,1.0
185,284,0.9958932064677039
185,134,0.9805527814364109
185,416,0.9749643422339904
283,352,2.9278424223295967
283,310,2.9237566508924835
283,399,2.911287936098807
283,79,2.902313824454342
283,189,2.882796107010834
283,287,2.882333626191193
283,119,2.8707399851999336
283,20,2.8426150617787966
283,264,2.8128146936133005
283,255,2.774213164007507
355,189,5.736270780866825
355,94,5.693676111237203
355,79,5.636734905613599
355,310,5.62499865759202
355,287,5.624909585653274
355,399,5.592619483273923
355,22,5.573869693811622
355,20,5.570344098127588
355,125,5.0
355,19,5.0
157,119,0.0
157,20,0.0
157,399,0.0
157,476,0.0
157,264,0.0
157,200,0.0
157,189,0.0
157,362,0.0
157,17,0.0
157,16,0.0
347,125,2.0
347,415,2.0
347,190,2.0
347,17,2.0
347,476,2.0
347,19,2.0
347,89,1.9824865243069563
347,352,1.927322449160755
347,824,1.9183760733587638
347,78,1.908994362424183
115,119,0.0
115,20,0.0
115,399,0.0
115,476,0.0
115,264,0.0
115,200,0.0
115,189,0.0
115,362,0.0
115,17,0.0
115,16,0.0
385,119,0.0
385,20,0.0
385,399,0.0
385,476,0.0
385,264,0.0
385,200,0.0
385,189,0.0
385,362,0.0
385,17,0.0
385,16,0.0
291,19,1.0
291,125,1.0
291,476,1.0
291,415,1.0
291,17,1.0
291,77,1.0
291,400,1.0
291,824,0.9960532893488778
291,284,0.9922778767136677
291,89,0.9891004919611718
89,19,1.0
89,125,1.0
89,476,1.0
89,415,1.0
89,17,1.0
89,77,1.0
89,400,1.0
89,824,0.9960532893488778
89,284,0.9922778767136677
89,89,0.9891004919611718
288,125,2.0
288,190,2.0
288,19,2.0
288,415,2.0
288,77,2.0
288,89,1.9830704993453794
288,416,1.9407661267207879
288,352,1.9276851667738346
288,16,1.9189667358621478
288,78,1.903093016266699
148,190,1.0
148,125,1.0
148,415,1.0
148,284,1.0
148,17,1.0
148,476,1.0
148,19,1.0
148,824,0.9850304671557042
148,89,0.9824865243069563
148,78,0.9527704930554926
182,125,4.0
182,19,4.0
182,284,3.9881710831813715
182,190,3.968917710624463
182,89,3.9158008193671874
182,78,3.8931314164121105
182,22,3.8348165900009112
182,416,3.8330656893125945
182,94,3.8044875253858295
182,16,3.80161688689342
237,125,1.0
237,19,1.0
237,824,1.0
237,415,1.0
237,190,1.0
237,89,1.0
237,476,1.0
237,17,1.0
237,77,1.0
237,284,0.9970544855015816
153,19,1.0
153,125,1.0
153,476,1.0
153,17,1.0
153,415,1.0
153,77,1.0
153,284,0.9922778767136677
153,190,0.9689177106244632
153,416,0.9678934307600424
153,824,0.9620129872629928
359,19,1.0
359,476,1.0
359,125,1.0
359,17,1.0
359,415,1.0
359,400,1.0
359,89,0.9948585777604724
359,416,0.9934573664196354
359,284,0.9922778767136677
359,134,0.9854095346086938
255,119,0.0
255,20,0.0
255,399,0.0
255,476,0.0
255,264,0.0
255,200,0.0
255,189,0.0
255,362,0.0
255,17,0.0
255,16,0.0
147,119,0.0
147,20,0.0
147,399,0.0
147,476,0.0
147,264,0.0
147,200,0.0
147,189,0.0
147,362,0.0
147,17,0.0
147,16,0.0
198,415,4.0
198,284,3.9707173648146217
198,416,3.9303038320331742
198,352,3.8835381909128217
198,824,3.8712543183714474
198,22,3.8075319015434967
198,134,3.7990465345936832
198,78,3.786673248732547
198,79,3.7571005123346204
198,264,3.7344301670934237
131,119,0.0
131,20,0.0
131,399,0.0
131,476,0.0
131,264,0.0
131,200,0.0
131,189,0.0
131,362,0.0
131,17,0.0
131,16,0.0
280,119,0.0
280,20,0.0
280,399,0.0
280,476,0.0
280,264,0.0
280,200,0.0
280,189,0.0
280,362,0.0
280,17,0.0
280,16,0.0
219,119,0.0
219,20,0.0
219,399,0.0
219,476,0.0
219,264,0.0
219,200,0.0
219,189,0.0
219,362,0.0
219,17,0.0
219,16,0.0
92,125,4.0
92,17,4.0
92,476,4.0
92,415,4.0
92,19,4.0
92,284,3.9840642896490754
92,190,3.930751493440347
92,89,3.9286747629648366
92,352,3.8386843491513565
92,79,3.786499022370238
391,119,0.0
391,20,0.0
391,399,0.0
391,476,0.0
391,264,0.0
391,200,0.0
391,189,0.0
391,362,0.0
391,17,0.0
391,16,0.0
366,125,3.0
366,19,3.0
366,89,2.989154437316862
366,284,2.9881710831813715
366,190,2.930751493440347
366,352,2.9001978682979255
366,78,2.878944095764088
366,416,2.873846066154251
366,94,2.8557651455734856
366,22,2.8510158038539943
119,19,1.0
119,125,1.0
119,190,1.0
119,415,1.0
119,476,1.0
119,17,1.0
119,77,1.0
119,89,0.9970544855015815
119,284,0.9958932064677039
119,352,0.9697465836796848
93,119,0.0
93,20,0.0
93,399,0.0
93,476,0.0
93,264,0.0
93,200,0.0
93,189,0.0
93,362,0.0
93,17,0.0
93,16,0.0
247,119,0.0
247,20,0.0
247,399,0.0
247,476,0.0
247,264,0.0
247,200,0.0
247,189,0.0
247,362,0.0
247,17,0.0
247,16,0.0
221,119,0.0
221,20,0.0
221,399,0.0
221,476,0.0
221,264,0.0
221,200,0.0
221,189,0.0
221,362,0.0
221,17,0.0
221,16,0.0
408,125,2.0
408,415,2.0
408,190,2.0
408,17,2.0
408,476,2.0
408,19,2.0
408,284,1.9970544855015815
408,824,1.9850304671557042
408,89,1.9824865243069563
408,352,1.9038995136436854
350,119,0.0
350,20,0.0
350,399,0.0
350,476,0.0
350,264,0.0
350,200,0.0
350,189,0.0
350,362,0.0
350,17,0.0
350,16,0.0
406,190,1.0
406,824,1.0
406,125,1.0
406,284,1.0
406,19,1.0
406,89,0.9972413740548082
406,78,0.9857731790450276
406,352,0.969079603685187
406,22,0.963235071716153
406,287,0.9565734053059191
121,125,4.0
121,19,4.0
121,284,3.980448959895039
121,89,3.9052291468680056
121,190,3.89966920406481
121,416,3.873889453343647
121,352,3.8476527636217135
121,78,3.8017370430234556
121,94,3.7819482116172445
121,22,3.7818541574599958
212,125,3.0
212,824,3.0
212,190,3.0
212,19,3.0
212,89,2.983257387898606
212,416,2.896255514834868
212,352,2.88241281972706
212,78,2.872132299545268
212,16,2.8333513524449763
212,94,2.819885322074609
80,119,0.0
80,20,0.0
80,399,0.0
80,476,0.0
80,264,0.0
80,200,0.0
80,189,0.0
80,362,0.0
80,17,0.0
80,16,0.0
140,119,0.0
140,20,0.0
140,399,0.0
140,476,0.0
140,264,0.0
140,200,0.0
140,189,0.0
140,362,0.0
140,17,0.0
140,16,0.0
230,119,0.0
230,20,0.0
230,399,0.0
230,476,0.0
230,264,0.0
230,200,0.0
230,189,0.0
230,362,0.0
230,17,0.0
230,16,0.0
110,119,0.0
110,20,0.0
110,399,0.0
110,476,0.0
110,264,0.0
110,200,0.0
110,189,0.0
110,362,0.0
110,17,0.0
110,16,0.0
114,19,1.0
114,125,1.0
114,476,1.0
114,17,1.0
114,415,1.0
114,77,1.0
114,284,0.9922778767136677
114,190,0.9689177106244632
114,416,0.9678934307600424
114,824,0.9620129872629928
111,19,1.0
111,476,1.0
111,125,1.0
111,17,1.0
111,415,1.0
111,400,1.0
111,89,0.9948585777604724
111,416,0.9934573664196354
111,284,0.9922778767136677
111,134,0.9854095346086938
86,415,3.0
86,284,2.983216096888868
86,824,2.962012987262993
86,416,2.9286228907487803
86,352,2.907418642782159
86,22,2.896243078378098
86,78,2.8728744812317073
86,79,2.8282814963595357
86,264,2.8181843891480196
86,134,2.8138918731231186
203,125,4.0
203,415,4.0
203,476,4.0
203,17,4.0
203,19,4.0
203,284,3.980448959895039
203,190,3.89966920406481
203,89,3.8904742971201536
203,352,3.8270780406324887
203,416,3.7967895494316117
152,125,4.0
152,19,4.0
152,89,3.9688283903229364
152,190,3.930751493440347
152,824,3.9144293627076414
152,352,3.8665445529912743
152,78,3.8244131737210623
152,189,3.783270641041745
152,416,3.7412902243064217
152,22,3.7346774700135073
211,119,0.0
211,20,0.0
211,399,0.0
211,476,0.0
211,264,0.0
211,200,0.0
211,189,0.0
211,362,0.0
211,17,0.0
211,16,0.0
253,119,0.0
253,20,0.0
253,399,0.0
253,476,0.0
253,264,0.0
253,200,0.0
253,189,0.0
253,362,0.0
253,17,0.0
253,16,0.0
141,119,0.0
141,20,0.0
141,399,0.0
141,476,0.0
141,264,0.0
141,200,0.0
141,189,0.0
141,362,0.0
141,17,0.0
141,16,0.0
300,119,0.0
300,20,0.0
300,399,0.0
300,476,0.0
300,264,0.0
300,200,0.0
300,189,0.0
300,362,0.0
300,17,0.0
300,16,0.0
409,125,2.0
409,284,2.0
409,190,2.0
409,19,2.0
409,824,1.9850304671557042
409,89,1.9797278983617645
409,78,1.9385436721005203
409,352,1.9175844843811494
409,287,1.858325050682474
409,189,1.8505526957786225
407,119,0.0
407,20,0.0
407,399,0.0
407,476,0.0
407,264,0.0
407,200,0.0
407,189,0.0
407,362,0.0
407,17,0.0
407,16,0.0
372,119,0.0
372,20,0.0
372,399,0.0
372,476,0.0
372,264,0.0
372,200,0.0
372,189,0.0
372,362,0.0
372,17,0.0
372,16,0.0
174,19,1.0
174,125,1.0
174,190,1.0
174,824,1.0
174,134,1.0
174,77,1.0
174,362,0.9869174819649063
174,352,0.986373913710905
174,89,0.9859913975717165
174,16,0.9844665449265191
336,119,0.0
336,20,0.0
336,399,0.0
336,476,0.0
336,264,0.0
336,200,0.0
336,189,0.0
336,362,0.0
336,17,0.0
336,16,0.0
387,19,2.0
387,125,2.0
387,17,2.0
387,476,2.0
387,415,2.0
387,77,2.0
387,284,1.9845557534273355
387,824,1.9580662766118706
387,89,1.9479545116180703
387,416,1.936846465613539
175,119,0.0
175,20,0.0
175,399,0.0
175,476,0.0
175,264,0.0
175,200,0.0
175,189,0.0
175,362,0.0
175,17,0.0
175,16,0.0
88,119,0.0
88,20,0.0
88,399,0.0
88,476,0.0
88,264,0.0
88,200,0.0
88,189,0.0
88,362,0.0
88,17,0.0
88,16,0.0
107,119,0.0
107,20,0.0
107,399,0.0
107,476,0.0
107,264,0.0
107,200,0.0
107,189,0.0
107,362,0.0
107,17,0.0
107,16,0.0
281,190,2.0
281,125,2.0
281,19,2.0
281,284,1.995893206467704
281,89,1.9515165494506346
281,352,1.9281408075278426
281,416,1.9125386561639695
281,78,1.9119961287962526
281,16,1.9089322804577638
281,189,1.891526872887952
97,415,10.0
97,284,9.89584938395309
97,352,9.719777402144913
97,416,9.703521327037393
97,824,9.561560627347262
97,22,9.498453145213563
97,78,9.473020326135039
97,310,9.33308247400844
97,134,9.258225226869786
97,255,9.234275272579268
179,125,4.0
179,415,4.0
179,19,4.0
179,190,3.968917710624463
179,89,3.8816317332034793
179,352,3.8236449427935844
179,416,3.8012839239281284
179,78,3.7786564565815595
179,134,3.760487395249549
179,16,3.7280183496140564
404,125,1.0
404,415,1.0
404,190,1.0
404,19,1.0
404,17,1.0
404,476,1.0
404,77,1.0
404,284,0.9958932064677039
404,134,0.9805527814364109
404,416,0.9749643422339904
267,119,0.0
267,20,0.0
267,399,0.0
267,476,0.0
267,264,0.0
267,200,0.0
267,189,0.0
267,362,0.0
267,17,0.0
267,16,0.0
270,119,0.0
270,20,0.0
270,399,0.0
270,476,0.0
270,264,0.0
270,200,0.0
270,189,0.0
270,362,0.0
270,17,0.0
270,16,0.0
229,125,1.0
229,19,1.0
229,415,1.0
229,190,1.0
229,824,1.0
229,77,1.0
229,416,0.9979517409161514
229,134,0.9927116175936309
229,89,0.9860160138437979
229,16,0.9655173552514342
252,19,1.0
252,125,1.0
252,476,1.0
252,17,1.0
252,415,1.0
252,77,1.0
252,284,0.9922778767136677
252,190,0.9689177106244632
252,416,0.9678934307600424
252,824,0.9620129872629928
163,190,1.0
163,125,1.0
163,415,1.0
163,284,1.0
163,17,1.0
163,476,1.0
163,19,1.0
163,824,0.9850304671557042
163,89,0.9824865243069563
163,78,0.9527704930554926
321,119,0.0
321,20,0.0
321,399,0.0
321,476,0.0
321,264,0.0
321,200,0.0
321,189,0.0
321,362,0.0
321,17,0.0
321,16,0.0
210,119,0.0
210,20,0.0
210,399,0.0
210,476,0.0
210,264,0.0
210,200,0.0
210,189,0.0
210,362,0.0
210,17,0.0
210,16,0.0
176,119,0.0
176,20,0.0
176,399,0.0
176,476,0.0
176,264,0.0
176,200,0.0
176,189,0.0
176,362,0.0
176,17,0.0
176,16,0.0
194,119,0.0
194,20,0.0
194,399,0.0
194,476,0.0
194,264,0.0
194,200,0.0
194,189,0.0
194,362,0.0
194,17,0.0
194,16,0.0
171,119,0.0
171,20,0.0
171,399,0.0
171,476,0.0
171,264,0.0
171,200,0.0
171,189,0.0
171,362,0.0
171,17,0.0
171,16,0.0
166,19,1.0
166,125,1.0
166,190,1.0
166,824,1.0
166,134,1.0
166,77,1.0
166,362,0.9869174819649063
166,352,0.986373913710905
166,89,0.9859913975717165
166,16,0.9844665449265191
277,125,2.0
277,19,2.0
277,190,2.0
277,77,2.0
277,284,1.995893206467704
277,89,1.9597054256554804
277,78,1.9479124012406743
277,16,1.9473331152843325
277,416,1.9275979446225733
277,94,1.9261799936913053
218,119,0.0
218,20,0.0
218,399,0.0
218,476,0.0
218,264,0.0
218,200,0.0
218,189,0.0
218,362,0.0
218,17,0.0
218,16,0.0
402,125,2.0
402,284,2.0
402,190,2.0
402,19,2.0
402,824,1.9850304671557042
402,89,1.9797278983617645
402,78,1.9385436721005203
402,352,1.9175844843811494
402,287,1.858325050682474
402,189,1.8505526957786225
360,94,2.922294384070873
360,189,2.915988273038221
360,352,2.8941651212322848
360,79,2.876203278510984
360,22,2.86176586507794
360,310,2.84369316149286
360,255,2.8390360433282695
360,287,2.8274721597296986
360,264,2.802479921164115
360,20,2.800242796248533
365,824,4.996053289348878
365,416,4.865208549688365
365,352,4.8464390545460105
365,78,4.769064634050611
365,22,4.7075179251391175
365,264,4.68221535832377
365,399,4.660532328198778
365,287,4.658329281214166
365,362,4.644080477725609
365,94,4.637749885197085
362,125,1.0
362,19,1.0
362,824,1.0
362,415,1.0
362,190,1.0
362,89,1.0
362,476,1.0
362,17,1.0
362,77,1.0
362,284,0.9970544855015816
363,125,1.0
363,19,1.0
363,824,1.0
363,415,1.0
363,190,1.0
363,89,1.0
363,476,1.0
363,17,1.0
363,77,1.0
363,284,0.9970544855015816
196,119,0.0
196,20,0.0
196,399,0.0
196,476,0.0
196,264,0.0
196,200,0.0
196,189,0.0
196,362,0.0
196,17,0.0
196,16,0.0
388,119,0.0
388,20,0.0
388,399,0.0
388,476,0.0
388,264,0.0
388,200,0.0
388,189,0.0
388,362,0.0
388,17,0.0
388,16,0.0
390,125,4.0
390,19,4.0
390,284,3.9881710831813715
390,190,3.930751493440347
390,89,3.9231035657187623
390,352,3.8467881883691364
390,78,3.7944122541035967
390,189,3.770798533820277
390,824,3.7530139921216317
390,416,3.74196610103541
223,119,0.0
223,20,0.0
223,399,0.0
223,476,0.0
223,264,0.0
223,200,0.0
223,189,0.0
223,362,0.0
223,17,0.0
223,16,0.0
301,119,0.0
301,20,0.0
301,399,0.0
301,476,0.0
301,264,0.0
301,200,0.0
301,189,0.0
301,362,0.0
301,17,0.0
301,16,0.0
73,119,0.0
73,20,0.0
73,399,0.0
73,476,0.0
73,264,0.0
73,200,0.0
73,189,0.0
73,362,0.0
73,17,0.0
73,16,0.0
315,824,5.880389060621757
315,352,5.783832502985853
315,416,5.761337507187878
315,79,5.627673428333207
315,22,5.595822859494366
315,287,5.564538783534335
315,264,5.559496490667317
315,189,5.543488839546925
315,119,5.53582657171729
315,399,5.534484551931131
306,77,2.0
306,284,1.9929476919692855
306,352,1.9547831463020935
306,416,1.9428143858046365
306,79,1.9423465843509466
306,16,1.9207360828642055
306,22,1.9070108807158734
306,94,1.903586294595203
306,20,1.8721671360816794
306,310,1.864334848344789
312,416,3.91505459222579
312,352,3.891539297861036
312,310,3.7560888014201383
312,79,3.7516648417617393
312,16,3.748388958830835
312,399,3.742904791159009
312,22,3.7372535030908542
312,189,3.7288932710488525
312,119,3.7227680069770988
312,264,3.708598848237837
309,125,2.0
309,476,2.0
309,17,2.0
309,415,2.0
309,19,2.0
309,89,1.9919130632620539
309,284,1.9881710831813715
309,416,1.9362717522242718
309,352,1.9311182646127387
309,190,1.9307514934403471
279,125,6.0
279,190,6.0
279,19,6.0
279,89,5.879724513256869
279,78,5.752896200740853
279,16,5.712430576009634
279,416,5.698562751720638
279,189,5.637099821162335
279,94,5.627146872739817
279,310,5.5871307649178
358,190,1.0
358,824,1.0
358,125,1.0
358,284,1.0
358,19,1.0
358,89,0.9972413740548082
358,78,0.9857731790450276
358,352,0.969079603685187
358,22,0.963235071716153
358,287,0.9565734053059191
233,119,0.0
233,20,0.0
233,399,0.0
233,476,0.0
233,264,0.0
233,200,0.0
233,189,0.0
233,362,0.0
233,17,0.0
233,16,0.0
348,119,0.0
348,20,0.0
348,399,0.0
348,476,0.0
348,264,0.0
348,200,0.0
348,189,0.0
348,362,0.0
348,17,0.0
348,16,0.0
227,119,0.0
227,20,0.0
227,399,0.0
227,476,0.0
227,264,0.0
227,200,0.0
227,189,0.0
227,362,0.0
227,17,0.0
227,16,0.0
273,415,2.0
273,284,1.993883734673619
273,824,1.9850304671557042
273,352,1.9423886153695813
273,78,1.9200571953089844
273,79,1.8956633782381833
273,255,1.8868532457185556
273,264,1.8854582127675577
273,22,1.8691760833415518
273,134,1.863891187373659
162,125,1.0
162,19,1.0
162,415,1.0
162,190,1.0
162,824,1.0
162,77,1.0
162,416,0.9979517409161514
162,134,0.9927116175936309
162,89,0.9860160138437979
162,16,0.9655173552514342
106,17,5.0
106,476,5.0
106,125,5.0
106,415,5.0
106,19,5.0
106,284,4.981118775150657
106,190,4.9689177106244635
106,89,4.892670204861263
106,352,4.7908475763268425
106,78,4.747457060403199
169,119,0.0
169,20,0.0
169,399,0.0
169,476,0.0
169,264,0.0
169,200,0.0
169,189,0.0
169,362,0.0
169,17,0.0
169,16,0.0
302,119,0.0
302,20,0.0
302,399,0.0
302,476,0.0
302,264,0.0
302,200,0.0
302,189,0.0
302,362,0.0
302,17,0.0
302,16,0.0
310,119,0.0
310,20,0.0
310,399,0.0
310,476,0.0
310,264,0.0
310,200,0.0
310,189,0.0
310,362,0.0
310,17,0.0
310,16,0.0
298,119,0.0
298,20,0.0
298,399,0.0
298,476,0.0
298,264,0.0
298,200,0.0
298,189,0.0
298,362,0.0
298,17,0.0
298,16,0.0
274,189,1.0
274,310,1.0
274,94,1.0
274,400,1.0
274,79,0.9972413740548082
274,287,0.9970544855015815
274,399,0.9948585777604724
274,119,0.9891004919611718
274,255,0.9860160138437979
274,22,0.9859913975717165
340,415,2.0
340,19,2.0
340,476,2.0
340,17,2.0
340,125,2.0
340,77,2.0
340,284,1.9881710831813715
340,416,1.943917377087487
340,89,1.9433756673569982
340,190,1.9307514934403471
246,77,7.0
246,416,6.783908791540199
246,352,6.783895672109526
246,94,6.6529542438752545
246,79,6.641132823334645
246,16,6.587395571366662
246,399,6.50914669033354
246,189,6.508199113355352
246,362,6.4739242401129395
246,255,6.410922206529288
342,119,0.0
342,20,0.0
342,399,0.0
342,476,0.0
342,264,0.0
342,200,0.0
342,189,0.0
342,362,0.0
342,17,0.0
342,16,0.0
292,125,1.0
292,190,1.0
292,415,1.0
292,89,1.0
292,476,1.0
292,17,1.0
292,19,1.0
292,134,0.9800066739032998
292,352,0.9788175684647927
292,416,0.9742884655050025
135,19,1.0
135,125,1.0
135,476,1.0
135,17,1.0
135,415,1.0
135,77,1.0
135,284,0.9922778767136677
135,190,0.9689177106244632
135,416,0.9678934307600424
135,824,0.9620129872629928
214,125,2.0
214,415,2.0
214,17,2.0
214,476,2.0
214,19,2.0
214,284,1.9845557534273355
214,416,1.9613507971796778
214,89,1.953712597417371
214,352,1.9195119560938707
214,94,1.9030354946747354
192,416,7.799439138882372
192,16,7.597947732515764
192,94,7.583129011516809
192,22,7.5446591652109145
192,310,7.518425647015854
192,189,7.492641690525457
192,119,7.47456838800085
192,362,7.399084856219226
192,200,7.362372193996152
192,125,7.0
278,125,4.0
278,19,4.0
278,284,3.9881710831813715
278,190,3.968917710624463
278,89,3.9356364035202445
278,78,3.860865346845194
278,352,3.845471343221651
278,22,3.7331522147050396
278,94,3.72894718218747
278,310,3.7139161056746097
319,190,1.0
319,824,1.0
319,125,1.0
319,284,1.0
319,19,1.0
319,89,0.9972413740548082
319,78,0.9857731790450276
319,352,0.969079603685187
319,22,0.963235071716153
319,287,0.9565734053059191
186,476,3.0
186,17,3.0
186,415,3.0
186,284,2.9881710831813715
186,352,2.9180458070523922
186,416,2.9010355734620044
186,22,2.8746982141027475
186,79,2.856200547543214
186,94,2.83046895036472
186,16,2.805430024876401
234,119,0.0
234,20,0.0
234,399,0.0
234,476,0.0
234,264,0.0
234,200,0.0
234,189,0.0
234,362,0.0
234,17,0.0
234,16,0.0
330,119,0.0
330,20,0.0
330,399,0.0
330,476,0.0
330,264,0.0
330,200,0.0
330,189,0.0
330,362,0.0
330,17,0.0
330,16,0.0
378,119,0.0
378,20,0.0
378,399,0.0
378,476,0.0
378,264,0.0
378,200,0.0
378,189,0.0
378,362,0.0
378,17,0.0
378,16,0.0
394,119,0.0
394,20,0.0
394,399,0.0
394,476,0.0
394,264,0.0
394,200,0.0
394,189,0.0
394,362,0.0
394,17,0.0
394,16,0.0
295,119,0.0
295,20,0.0
295,399,0.0
295,476,0.0
295,264,0.0
295,200,0.0
295,189,0.0
295,362,0.0
295,17,0.0
295,16,0.0
241,119,0.0
241,20,0.0
241,399,0.0
241,476,0.0
241,264,0.0
241,200,0.0
241,189,0.0
241,362,0.0
241,17,0.0
241,16,0.0
132,19,1.0
132,476,1.0
132,125,1.0
132,17,1.0
132,415,1.0
132,400,1.0
132,89,0.9948585777604724
132,416,0.9934573664196354
132,284,0.9922778767136677
132,134,0.9854095346086938
222,119,0.0
222,20,0.0
222,399,0.0
222,476,0.0
222,264,0.0
222,200,0.0
222,189,0.0
222,362,0.0
222,17,0.0
222,16,0.0
224,119,0.0
224,20,0.0
224,399,0.0
224,476,0.0
224,264,0.0
224,200,0.0
224,189,0.0
224,362,0.0
224,17,0.0
224,16,0.0
303,119,0.0
303,20,0.0
303,399,0.0
303,476,0.0
303,264,0.0
303,200,0.0
303,189,0.0
303,362,0.0
303,17,0.0
303,16,0.0
217,119,0.0
217,20,0.0
217,399,0.0
217,476,0.0
217,264,0.0
217,200,0.0
217,189,0.0
217,362,0.0
217,17,0.0
217,16,0.0
293,119,0.0
293,20,0.0
293,399,0.0
293,476,0.0
293,264,0.0
293,200,0.0
293,189,0.0
293,362,0.0
293,17,0.0
293,16,0.0
240,125,3.0
240,476,3.0
240,17,3.0
240,415,3.0
240,19,3.0
240,284,2.985225568682953
240,89,2.949133753156299
240,190,2.930751493440347
240,416,2.9291511686423637
240,134,2.903742500032978
158,119,0.0
158,20,0.0
158,399,0.0
158,476,0.0
158,264,0.0
158,200,0.0
158,189,0.0
158,362,0.0
158,17,0.0
158,16,0.0
204,125,1.0
204,415,1.0
204,190,1.0
204,19,1.0
204,17,1.0
204,476,1.0
204,77,1.0
204,284,0.9958932064677039
204,134,0.9805527814364109
204,416,0.9749643422339904
294,125,2.0
294,190,2.0
294,415,2.0
294,17,2.0
294,476,2.0
294,19,2.0
294,134,1.9605594553397108
294,89,1.9542751753958263
294,416,1.949252807738993
294,352,1.9378787723074482
367,352,3.879476138483045
367,94,3.8692251293978135
367,310,3.8521180076664825
367,287,3.8134833595589157
367,189,3.8078346934012415
367,119,3.786679661102613
367,20,3.755254475369381
367,264,3.7099287166540575
367,200,3.6765546387324273
367,255,3.647022724001656
77,125,3.0
77,19,3.0
77,284,2.9881710831813715
77,89,2.9463751272111067
77,190,2.930751493440347
77,416,2.905996022583605
77,352,2.8895124884608965
77,94,2.8454780586061013
77,78,2.8422912068970474
77,189,2.8370279221571613
337,416,8.766644091274287
337,94,8.550548749179617
337,16,8.546796661291715
337,79,8.477693305747245
337,189,8.41543961901721
337,399,8.3946239893729
337,362,8.361955588892668
337,200,8.22727900257369
337,125,8.0
337,19,8.0
138,119,0.0
138,20,0.0
138,399,0.0
138,476,0.0
138,264,0.0
138,200,0.0
138,189,0.0
138,362,0.0
138,17,0.0
138,16,0.0
226,119,0.0
226,20,0.0
226,399,0.0
226,476,0.0
226,264,0.0
226,200,0.0
226,189,0.0
226,362,0.0
226,17,0.0
226,16,0.0
399,476,2.0
399,125,2.0
399,17,2.0
399,415,2.0
399,19,2.0
399,190,1.968917710624463
399,89,1.9588540196568986
399,416,1.942181896265045
399,352,1.9369578436256096
399,78,1.9156697054950986
243,19,1.0
243,125,1.0
243,476,1.0
243,415,1.0
243,17,1.0
243,77,1.0
243,400,1.0
243,824,0.9960532893488778
243,284,0.9922778767136677
243,89,0.9891004919611718
124,19,1.0
124,125,1.0
124,190,1.0
124,824,1.0
124,134,1.0
124,77,1.0
124,362,0.9869174819649063
124,352,0.986373913710905
124,89,0.9859913975717165
124,16,0.9844665449265191
126,125,1.0
126,415,1.0
126,190,1.0
126,19,1.0
126,17,1.0
126,476,1.0
126,77,1.0
126,284,0.9958932064677039
126,134,0.9805527814364109
126,416,0.9749643422339904
276,119,0.0
276,20,0.0
276,399,0.0
276,476,0.0
276,264,0.0
276,200,0.0
276,189,0.0
276,362,0.0
276,17,0.0
276,16,0.0
112,119,0.0
112,20,0.0
112,399,0.0
112,476,0.0
112,264,0.0
112,200,0.0
112,189,0.0
112,362,0.0
112,17,0.0
112,16,0.0
311,119,0.0
311,20,0.0
311,399,0.0
311,476,0.0
311,264,0.0
311,200,0.0
311,189,0.0
311,362,0.0
311,17,0.0
311,16,0.0
244,125,3.0
244,17,3.0
244,476,3.0
244,415,3.0
244,19,3.0
244,284,2.980448959895039
244,89,2.9382342451174703
244,416,2.9373747435071222
244,134,2.903487626894849
244,352,2.8905753849210414
72,119,0.0
72,20,0.0
72,399,0.0
72,476,0.0
72,264,0.0
72,200,0.0
72,189,0.0
72,362,0.0
72,17,0.0
72,16,0.0
202,125,5.0
202,17,5.0
202,415,5.0
202,476,5.0
202,19,5.0
202,284,4.9733966518643244
202,89,4.905042258314779
202,190,4.899669204064811
202,416,4.839858985207043
202,352,4.803714376563934
122,119,0.0
122,20,0.0
122,399,0.0
122,476,0.0
122,264,0.0
122,200,0.0
122,189,0.0
122,362,0.0
122,17,0.0
122,16,0.0
81,119,0.0
81,20,0.0
81,399,0.0
81,476,0.0
81,264,0.0
81,200,0.0
81,189,0.0
81,362,0.0
81,17,0.0
81,16,0.0
261,284,2.9970544855015815
261,824,2.9850304671557044
261,352,2.9026210470035583
261,287,2.82120088930074
261,22,2.8170387753839607
261,16,2.803615968629761
261,94,2.8013384733185043
261,20,2.7983463373653104
261,416,2.7980487239479226
261,310,2.795243254982327
264,190,1.0
264,824,1.0
264,125,1.0
264,284,1.0
264,19,1.0
264,89,0.9972413740548082
264,78,0.9857731790450276
264,352,0.969079603685187
264,22,0.963235071716153
264,287,0.9565734053059191
102,119,0.0
102,20,0.0
102,399,0.0
102,476,0.0
102,264,0.0
102,200,0.0
102,189,0.0
102,362,0.0
102,17,0.0
102,16,0.0
232,119,0.0
232,20,0.0
232,399,0.0
232,476,0.0
232,264,0.0
232,200,0.0
232,189,0.0
232,362,0.0
232,17,0.0
232,16,0.0
263,125,1.0
263,415,1.0
263,190,1.0
263,19,1.0
263,17,1.0
263,476,1.0
263,77,1.0
263,284,0.9958932064677039
263,134,0.9805527814364109
263,416,0.9749643422339904
268,119,0.0
268,20,0.0
268,399,0.0
268,476,0.0
268,264,0.0
268,200,0.0
268,189,0.0
268,362,0.0
268,17,0.0
268,16,0.0
396,125,3.0
396,19,3.0
396,284,2.9922778767136675
396,190,2.968917710624463
396,824,2.947043454418697
396,89,2.938581918018663
396,78,2.8979895082269285
396,352,2.875724759541966
396,310,2.795723200181628
396,22,2.7952354992419406
397,125,4.0
397,19,4.0
397,284,3.9881710831813715
397,190,3.968917710624463
397,89,3.8928570934144893
397,352,3.834785963384622
397,78,3.8242124579781533
397,416,3.740906496941956
397,310,3.7276821680045122
397,824,3.718973690035747
129,119,0.0
129,20,0.0
129,399,0.0
129,476,0.0
129,264,0.0
129,200,0.0
129,189,0.0
129,362,0.0
129,17,0.0
129,16,0.0
333,352,5.7911315837579735
333,94,5.74796434099191
333,22,5.710208541367946
333,189,5.70364904679618
333,310,5.658650843518041
333,264,5.578664228681705
333,255,5.527347100773959
333,200,5.490637502938087
333,125,5.0
333,19,5.0
369,190,1.0
369,824,1.0
369,125,1.0
369,284,1.0
369,19,1.0
369,89,0.9972413740548082
369,78,0.9857731790450276
369,352,0.969079603685187
369,22,0.963235071716153
369,287,0.9565734053059191
259,125,2.0
259,476,2.0
259,17,2.0
259,415,2.0
259,19,2.0
259,89,1.9919130632620539
259,284,1.9881710831813715
259,416,1.9362717522242718
259,352,1.9311182646127387
259,190,1.9307514934403471
161,415,3.0
161,19,3.0
161,125,3.0
161,77,3.0
161,190,2.968917710624463
161,416,2.9408095139101844
161,89,2.899145208896523
161,352,2.875140062097622
161,134,2.8729861480205883
161,16,2.8373705245979535
403,284,4.980448959895039
403,352,4.846582531045882
403,416,4.839712878674833
403,22,4.747391201145628
403,189,4.733079782589019
403,94,4.717748284487997
403,824,4.681171566725505
403,310,4.667829490988782
403,78,4.651999640180816
403,287,4.649341296925724
258,125,4.0
258,19,4.0
258,824,3.996053289348878
258,89,3.958349277431494
258,190,3.930751493440347
258,352,3.8835346006355738
258,416,3.8730332275989223
258,78,3.8247301541980874
258,16,3.7838525599341626
258,94,3.7771657669810708
215,119,0.0
215,20,0.0
215,399,0.0
215,476,0.0
215,264,0.0
215,200,0.0
215,189,0.0
215,362,0.0
215,17,0.0
215,16,0.0
164,190,1.0
164,824,1.0
164,125,1.0
164,284,1.0
164,19,1.0
164,89,0.9972413740548082
164,78,0.9857731790450276
164,352,0.969079603685187
164,22,0.963235071716153
164,287,0.9565734053059191
357,119,0.0
357,20,0.0
357,399,0.0
357,476,0.0
357,264,0.0
357,200,0.0
357,189,0.0
357,362,0.0
357,17,0.0
357,16,0.0
190,19,2.0
190,125,2.0
190,17,2.0
190,476,2.0
190,415,2.0
190,77,2.0
190,284,1.9845557534273355
190,824,1.9580662766118706
190,89,1.9479545116180703
190,416,1.936846465613539
307,119,0.0
307,20,0.0
307,399,0.0
307,476,0.0
307,264,0.0
307,200,0.0
307,189,0.0
307,362,0.0
307,17,0.0
307,16,0.0
238,119,0.0
238,20,0.0
238,399,0.0
238,476,0.0
238,264,0.0
238,200,0.0
238,189,0.0
238,362,0.0
238,17,0.0
238,16,0.0
165,119,0.0
165,20,0.0
165,399,0.0
165,476,0.0
165,264,0.0
165,200,0.0
165,189,0.0
165,362,0.0
165,17,0.0
165,16,0.0
225,119,0.0
225,20,0.0
225,399,0.0
225,476,0.0
225,264,0.0
225,200,0.0
225,189,0.0
225,362,0.0
225,17,0.0
225,16,0.0
242,119,0.0
242,20,0.0
242,399,0.0
242,476,0.0
242,264,0.0
242,200,0.0
242,189,0.0
242,362,0.0
242,17,0.0
242,16,0.0
338,125,5.0
338,415,5.0
338,476,5.0
338,17,5.0
338,19,5.0
338,284,4.976342166362743
338,190,4.899669204064811
338,89,4.887528782621736
338,352,4.7968246243121735
338,416,4.739603935236248
326,119,0.0
326,20,0.0
326,399,0.0
326,476,0.0
326,264,0.0
326,200,0.0
326,189,0.0
326,362,0.0
326,17,0.0
326,16,0.0
96,119,0.0
96,20,0.0
96,399,0.0
96,476,0.0
96,264,0.0
96,200,0.0
96,189,0.0
96,362,0.0
96,17,0.0
96,16,0.0
94,119,0.0
94,20,0.0
94,399,0.0
94,476,0.0
94,264,0.0
94,200,0.0
94,189,0.0
94,362,0.0
94,17,0.0
94,16,0.0
123,119,0.0
123,20,0.0
123,399,0.0
123,476,0.0
123,264,0.0
123,200,0.0
123,189,0.0
123,362,0.0
123,17,0.0
123,16,0.0
392,125,6.0
392,19,6.0
392,190,5.9689177106244635
392,89,5.887061983463133
392,78,5.746487850922816
392,416,5.714646986305449
392,94,5.64397531536011
392,16,5.6342531816341666
392,79,5.625715879595905
392,22,5.590196914364756
343,415,2.0
343,190,2.0
343,17,2.0
343,476,2.0
343,125,2.0
343,19,2.0
343,284,1.995893206467704
343,89,1.9367616997027826
343,352,1.907566084538618
343,78,1.8789934428067174
120,119,0.0
120,20,0.0
120,399,0.0
120,476,0.0
120,264,0.0
120,200,0.0
120,189,0.0
120,362,0.0
120,17,0.0
120,16,0.0
344,824,3.962012987262993
344,352,3.9074775272305278
344,78,3.881599882677703
344,416,3.8740218825893167
344,362,3.7924496553774
344,310,3.7834029767063986
344,287,3.760660801335003
344,264,3.7346560452826316
344,399,3.7197696019651616
344,94,3.7012654614605593
213,19,2.0
213,125,2.0
213,77,2.0
213,190,1.968917710624463
213,824,1.9620129872629928
213,89,1.9448454172286151
213,352,1.944514188871722
213,416,1.9364475686593379
213,78,1.9285400013791831
213,310,1.9111075323919322
305,119,0.0
305,20,0.0
305,399,0.0
305,476,0.0
305,264,0.0
305,200,0.0
305,189,0.0
305,362,0.0
305,17,0.0
305,16,0.0
314,119,0.0
314,20,0.0
314,399,0.0
314,476,0.0
314,264,0.0
314,200,0.0
314,189,0.0
314,362,0.0
314,17,0.0
314,16,0.0
75,119,0.0
75,20,0.0
75,399,0.0
75,476,0.0
75,264,0.0
75,200,0.0
75,189,0.0
75,362,0.0
75,17,0.0
75,16,0.0
262,190,1.0
262,824,1.0
262,125,1.0
262,284,1.0
262,19,1.0
262,89,0.9972413740548082
262,78,0.9857731790450276
262,352,0.969079603685187
262,22,0.963235071716153
262,287,0.9565734053059191
216,119,0.0
216,20,0.0
216,399,0.0
216,476,0.0
216,264,0.0
216,200,0.0
216,189,0.0
216,362,0.0
216,17,0.0
216,16,0.0
220,119,0.0
220,20,0.0
220,399,0.0
220,476,0.0
220,264,0.0
220,200,0.0
220,189,0.0
220,362,0.0
220,17,0.0
220,16,0.0
377,19,1.0
377,125,1.0
377,190,1.0
377,415,1.0
377,476,1.0
377,17,1.0
377,77,1.0
377,89,0.9970544855015815
377,284,0.9958932064677039
377,352,0.9697465836796848
316,125,4.0
316,17,4.0
316,476,4.0
316,415,4.0
316,19,4.0
316,89,3.9382342451174703
316,416,3.911663209012125
316,134,3.883494300798149
316,352,3.8693929533858347
316,190,3.8615029868806943
209,19,1.0
209,476,1.0
209,125,1.0
209,17,1.0
209,415,1.0
209,400,1.0
209,89,0.9948585777604724
209,416,0.9934573664196354
209,284,0.9922778767136677
209,134,0.9854095346086938
265,119,0.0
265,20,0.0
265,399,0.0
265,476,0.0
265,264,0.0
265,200,0.0
265,189,0.0
265,362,0.0
265,17,0.0
265,16,0.0
167,125,3.0
167,19,3.0
167,284,2.9881710831813715
167,190,2.968917710624463
167,89,2.910370569107533
167,352,2.8862810826886593
167,416,2.880432086924012
167,78,2.871441964922661
167,22,2.8319901407852535
167,310,2.8287237443550834
178,119,0.0
178,20,0.0
178,399,0.0
178,476,0.0
178,264,0.0
178,200,0.0
178,189,0.0
178,362,0.0
178,17,0.0
178,16,0.0
289,119,0.0
289,20,0.0
289,399,0.0
289,476,0.0
289,264,0.0
289,200,0.0
289,189,0.0
289,362,0.0
289,17,0.0
289,16,0.0
287,119,0.0
287,20,0.0
287,399,0.0
287,476,0.0
287,264,0.0
287,200,0.0
287,189,0.0
287,362,0.0
287,17,0.0
287,16,0.0
380,125,1.0
380,415,1.0
380,190,1.0
380,19,1.0
380,17,1.0
380,476,1.0
380,77,1.0
380,284,0.9958932064677039
380,134,0.9805527814364109
380,416,0.9749643422339904
356,190,1.0
356,824,1.0
356,125,1.0
356,284,1.0
356,19,1.0
356,89,0.9972413740548082
356,78,0.9857731790450276
356,352,0.969079603685187
356,22,0.963235071716153
356,287,0.9565734053059191
354,125,1.0
354,415,1.0
354,190,1.0
354,19,1.0
354,17,1.0
354,476,1.0
354,77,1.0
354,284,0.9958932064677039
354,134,0.9805527814364109
354,416,0.9749643422339904
376,19,1.0
376,125,1.0
376,190,1.0
376,415,1.0
376,476,1.0
376,17,1.0
376,77,1.0
376,89,0.9970544855015815
376,284,0.9958932064677039
376,352,0.9697465836796848
346,119,0.0
346,20,0.0
346,399,0.0
346,476,0.0
346,264,0.0
346,200,0.0
346,189,0.0
346,362,0.0
346,17,0.0
346,16,0.0
101,119,0.0
101,20,0.0
101,399,0.0
101,476,0.0
101,264,0.0
101,200,0.0
101,189,0.0
101,362,0.0
101,17,0.0
101,16,0.0
109,119,0.0
109,20,0.0
109,399,0.0
109,476,0.0
109,264,0.0
109,200,0.0
109,189,0.0
109,362,0.0
109,17,0.0
109,16,0.0
191,190,1.0
191,824,1.0
191,125,1.0
191,284,1.0
191,19,1.0
191,89,0.9972413740548082
191,78,0.9857731790450276
191,352,0.969079603685187
191,22,0.963235071716153
191,287,0.9565734053059191
184,125,1.0
184,19,1.0
184,415,1.0
184,190,1.0
184,824,1.0
184,77,1.0
184,416,0.9979517409161514
184,134,0.9927116175936309
184,89,0.9860160138437979
184,16,0.9655173552514342
352,119,0.0
352,20,0.0
352,399,0.0
352,476,0.0
352,264,0.0
352,200,0.0
352,189,0.0
352,362,0.0
352,17,0.0
352,16,0.0
231,119,0.0
231,20,0.0
231,399,0.0
231,476,0.0
231,264,0.0
231,200,0.0
231,189,0.0
231,362,0.0
231,17,0.0
231,16,0.0
187,119,0.0
187,20,0.0
187,399,0.0
187,476,0.0
187,264,0.0
187,200,0.0
187,189,0.0
187,362,0.0
187,17,0.0
187,16,0.0
297,190,2.0
297,125,2.0
297,19,2.0
297,284,1.995893206467704
297,89,1.9515165494506346
297,352,1.9281408075278426
297,416,1.9125386561639695
297,78,1.9119961287962526
297,16,1.9089322804577638
297,189,1.891526872887952
228,415,2.0
228,476,2.0
228,17,2.0
228,125,2.0
228,19,2.0
228,77,2.0
228,284,1.9881710831813715
228,190,1.968917710624463
228,416,1.9428577729940328
228,352,1.9172014790034724
308,119,0.0
308,20,0.0
308,399,0.0
308,476,0.0
308,264,0.0
308,200,0.0
308,189,0.0
308,362,0.0
308,17,0.0
308,16,0.0
139,119,0.0
139,20,0.0
139,399,0.0
139,476,0.0
139,264,0.0
139,200,0.0
139,189,0.0
139,362,0.0
139,17,0.0
139,16,0.0
373,119,0.0
373,20,0.0
373,399,0.0
373,476,0.0
373,264,0.0
373,200,0.0
373,189,0.0
373,362,0.0
373,17,0.0
373,16,0.0
168,119,0.0
168,20,0.0
168,399,0.0
168,476,0.0
168,264,0.0
168,200,0.0
168,189,0.0
168,362,0.0
168,17,0.0
168,16,0.0
400,119,0.0
400,20,0.0
400,399,0.0
400,476,0.0
400,264,0.0
400,200,0.0
400,189,0.0
400,362,0.0
400,17,0.0
400,16,0.0
320,119,0.0
320,20,0.0
320,399,0.0
320,476,0.0
320,264,0.0
320,200,0.0
320,189,0.0
320,362,0.0
320,17,0.0
320,16,0.0
95,119,0.0
95,20,0.0
95,399,0.0
95,476,0.0
95,264,0.0
95,200,0.0
95,189,0.0
95,362,0.0
95,17,0.0
95,16,0.0
353,119,0.0
353,20,0.0
353,399,0.0
353,476,0.0
353,264,0.0
353,200,0.0
353,189,0.0
353,362,0.0
353,17,0.0
353,16,0.0
260,119,0.0
260,20,0.0
260,399,0.0
260,476,0.0
260,264,0.0
260,200,0.0
260,189,0.0
260,362,0.0
260,17,0.0
260,16,0.0
83,119,0.0
83,20,0.0
83,399,0.0
83,476,0.0
83,264,0.0
83,200,0.0
83,189,0.0
83,362,0.0
83,17,0.0
83,16,0.0
250,19,1.0
250,125,1.0
250,476,1.0
250,17,1.0
250,415,1.0
250,77,1.0
250,284,0.9922778767136677
250,190,0.9689177106244632
250,416,0.9678934307600424
250,824,0.9620129872629928
395,19,1.0
395,125,1.0
395,476,1.0
395,17,1.0
395,415,1.0
395,77,1.0
395,284,0.9922778767136677
395,190,0.9689177106244632
395,416,0.9678934307600424
395,824,0.9620129872629928
183,119,0.0
183,20,0.0
183,399,0.0
183,476,0.0
183,264,0.0
183,200,0.0
183,189,0.0
183,362,0.0
183,17,0.0
183,16,0.0
275,119,0.0
275,20,0.0
275,399,0.0
275,476,0.0
275,264,0.0
275,200,0.0
275,189,0.0
275,362,0.0
275,17,0.0
275,16,0.0
173,415,2.0
173,476,2.0
173,17,2.0
173,125,2.0
173,19,2.0
173,77,2.0
173,284,1.9881710831813715
173,190,1.968917710624463
173,416,1.9428577729940328
173,352,1.9172014790034724
272,119,0.0
272,20,0.0
272,399,0.0
272,476,0.0
272,264,0.0
272,200,0.0
272,189,0.0
272,362,0.0
272,17,0.0
272,16,0.0
304,119,0.0
304,20,0.0
304,399,0.0
304,476,0.0
304,264,0.0
304,200,0.0
304,189,0.0
304,362,0.0
304,17,0.0
304,16,0.0
318,119,0.0
318,20,0.0
318,399,0.0
318,476,0.0
318,264,0.0
318,200,0.0
318,189,0.0
318,362,0.0
318,17,0.0
318,16,0.0
125,19,1.0
125,125,1.0
125,476,1.0
125,17,1.0
125,415,1.0
125,77,1.0
125,284,0.9922778767136677
125,190,0.9689177106244632
125,416,0.9678934307600424
125,824,0.9620129872629928
374,119,0.0
374,20,0.0
374,399,0.0
374,476,0.0
374,264,0.0
374,200,0.0
374,189,0.0
374,362,0.0
374,17,0.0
374,16,0.0
317,119,0.0
317,20,0.0
317,399,0.0
317,476,0.0
317,264,0.0
317,200,0.0
317,189,0.0
317,362,0.0
317,17,0.0
317,16,0.0
177,119,0.0
177,20,0.0
177,399,0.0
177,476,0.0
177,264,0.0
177,200,0.0
177,189,0.0
177,362,0.0
177,17,0.0
177,16,0.0
149,125,1.0
149,415,1.0
149,190,1.0
149,19,1.0
149,17,1.0
149,476,1.0
149,77,1.0
149,284,0.9958932064677039
149,134,0.9805527814364109
149,416,0.9749643422339904
327,119,0.0
327,20,0.0
327,399,0.0
327,476,0.0
327,264,0.0
327,200,0.0
327,189,0.0
327,362,0.0
327,17,0.0
327,16,0.0
207,19,1.0
207,125,1.0
207,476,1.0
207,17,1.0
207,415,1.0
207,77,1.0
207,284,0.9922778767136677
207,190,0.9689177106244632
207,416,0.9678934307600424
207,824,0.9620129872629928
361,119,0.0
361,20,0.0
361,399,0.0
361,476,0.0
361,264,0.0
361,200,0.0
361,189,0.0
361,362,0.0
361,17,0.0
361,16,0.0
339,119,0.0
339,20,0.0
339,399,0.0
339,476,0.0
339,264,0.0
339,200,0.0
339,189,0.0
339,362,0.0
339,17,0.0
339,16,0.0
351,119,0.0
351,20,0.0
351,399,0.0
351,476,0.0
351,264,0.0
351,200,0.0
351,189,0.0
351,362,0.0
351,17,0.0
351,16,0.0
266,119,0.0
266,20,0.0
266,399,0.0
266,476,0.0
266,264,0.0
266,200,0.0
266,189,0.0
266,362,0.0
266,17,0.0
266,16,0.0
386,119,0.0
386,20,0.0
386,399,0.0
386,476,0.0
386,264,0.0
386,200,0.0
386,189,0.0
386,362,0.0
386,17,0.0
386,16,0.0
285,125,3.0
285,19,3.0
285,284,2.9922778767136675
285,190,2.968917710624463
285,824,2.962012987262993
285,78,2.9302555777938446
285,89,2.918746333865606
285,22,2.8968998745378127
285,416,2.8902513035079584
285,94,2.8571251001593168
127,119,0.0
127,20,0.0
127,399,0.0
127,476,0.0
127,264,0.0
127,200,0.0
127,189,0.0
127,362,0.0
127,17,0.0
127,16,0.0
341,19,1.0
341,125,1.0
341,190,1.0
341,824,1.0
341,134,1.0
341,77,1.0
341,362,0.9869174819649063
341,352,0.986373913710905
341,89,0.9859913975717165
341,16,0.9844665449265191
130,19,1.0
130,125,1.0
130,190,1.0
130,824,1.0
130,284,1.0
130,77,1.0
130,16,0.9938837346736189
130,362,0.9869275424396535
130,22,0.986373913710905
130,78,0.9850365626224087
364,19,1.0
364,125,1.0
364,476,1.0
364,17,1.0
364,415,1.0
364,77,1.0
364,284,0.9922778767136677
364,190,0.9689177106244632
364,416,0.9678934307600424
364,824,0.9620129872629928
331,119,0.0
331,20,0.0
331,399,0.0
331,476,0.0
331,264,0.0
331,200,0.0
331,189,0.0
331,362,0.0
331,17,0.0
331,16,0.0
332,119,0.0
332,20,0.0
332,399,0.0
332,476,0.0
332,264,0.0
332,200,0.0
332,189,0.0
332,362,0.0
332,17,0.0
332,16,0.0
389,119,0.0
389,20,0.0
389,399,0.0
389,476,0.0
389,264,0.0
389,200,0.0
389,189,0.0
389,362,0.0
389,17,0.0
389,16,0.0
146,119,0.0
146,20,0.0
146,399,0.0
146,476,0.0
146,264,0.0
146,200,0.0
146,189,0.0
146,362,0.0
146,17,0.0
146,16,0.0
328,119,0.0
328,20,0.0
328,399,0.0
328,476,0.0
328,264,0.0
328,200,0.0
328,189,0.0
328,362,0.0
328,17,0.0
328,16,0.0
322,119,0.0
322,20,0.0
322,399,0.0
322,476,0.0
322,264,0.0
322,200,0.0
322,189,0.0
322,362,0.0
322,17,0.0
322,16,0.0
181,119,0.0
181,20,0.0
181,399,0.0
181,476,0.0
181,264,0.0
181,200,0.0
181,189,0.0
181,362,0.0
181,17,0.0
181,16,0.0
299,190,1.0
299,824,1.0
299,125,1.0
299,284,1.0
299,19,1.0
299,89,0.9972413740548082
299,78,0.9857731790450276
299,352,0.969079603685187
299,22,0.963235071716153
299,287,0.9565734053059191
313,119,0.0
313,20,0.0
313,399,0.0
313,476,0.0
313,264,0.0
313,200,0.0
313,189,0.0
313,362,0.0
313,17,0.0
313,16,0.0
245,119,0.0
245,20,0.0
245,399,0.0
245,476,0.0
245,264,0.0
245,200,0.0
245,189,0.0
245,362,0.0
245,17,0.0
245,16,0.0
393,119,0.0
393,20,0.0
393,399,0.0
393,476,0.0
393,264,0.0
393,200,0.0
393,189,0.0
393,362,0.0
393,17,0.0
393,16,0.0
324,125,2.0
324,19,2.0
324,284,1.9922778767136677
324,190,1.968917710624463
324,824,1.9620129872629928
324,89,1.9560953937117067
324,78,1.945219015171436
324,352,1.927219878846004
324,22,1.9105259608269076
324,416,1.9054677446900214
74,119,0.0
74,20,0.0
74,399,0.0
74,476,0.0
74,264,0.0
74,200,0.0
74,189,0.0
74,362,0.0
74,17,0.0
74,16,0.0
195,119,0.0
195,20,0.0
195,399,0.0
195,476,0.0
195,264,0.0
195,200,0.0
195,189,0.0
195,362,0.0
195,17,0.0
195,16,0.0
239,119,0.0
239,20,0.0
239,399,0.0
239,476,0.0
239,264,0.0
239,200,0.0
239,189,0.0
239,362,0.0
239,17,0.0
239,16,0.0
334,119,0.0
334,20,0.0
334,399,0.0
334,476,0.0
334,264,0.0
334,200,0.0
334,189,0.0
334,362,0.0
334,17,0.0
334,16,0.0
118,400,2.0
118,94,1.9665653416635922
118,79,1.9502186102419592
118,189,1.945501049269209
118,310,1.9374894748445675
118,22,1.935855414246459
118,119,1.9347845420021073
118,352,1.9240226210869529
118,287,1.9189932387898976
118,255,1.910121631950104
150,119,0.0
150,20,0.0
150,399,0.0
150,476,0.0
150,264,0.0
150,200,0.0
150,189,0.0
150,362,0.0
150,17,0.0
150,16,0.0
