44,19030,0.8154036285460273
44,14223,0.7176680319819869
44,19534,0.6758587725013305
44,4,0.6493602160800799
44,5872,0.6022834165973715
44,8342,0.5813140410889901
44,11900,0.4998812276412873
44,19159,0.4975865380815149
44,2954,0.48509604431391284
44,15594,0.45781463247850923
31,2993,1.3453043358912053
31,1046,1.1055544693992156
31,19043,1.0899757269239152
31,2418,1.0836478544260988
31,17779,1.0760923807052043
31,17798,1.0464728642337284
31,19159,0.9203359234797924
31,18230,0.8686306302118101
31,8697,0.857800659951895
31,18674,0.8476889218624225
4,17777,1.4889832484413634
4,19004,1.3454720785250307
4,9657,1.2704121383698446
4,7974,1.0666010045724195
4,19534,0.846928608543305
4,8347,0.8347493771056962
4,14412,0.8256794605796112
4,8703,0.822621217539582
4,2418,0.8118270555303824
4,18674,0.7553008889740511
84,7974,1.346504006672269
84,11894,1.3459827506585649
84,19043,1.202044992448546
84,4,1.1712560113454422
84,8342,1.1258312804888808
84,19159,1.076302341248072
84,19534,0.992526147803907
84,15300,0.9306855016999442
84,18674,0.904756064476093
84,6527,0.8473767323960013
54,14412,1.3102116148982828
54,18715,0.791859380223382
54,8587,0.7744372850113921
54,19201,0.7394039882380715
54,11900,0.7195947200314987
54,14223,0.7042544140215553
54,9070,0.6962552131656394
54,15067,0.6816653928178857
54,319,0.6654561302082067
54,1046,0.5468754271448377
136,18670,1.040662721306334
136,7943,0.9123398932620163
136,19159,0.8259988994278836
136,8342,0.8157904049955023
136,1112,0.6905595881644281
136,10833,0.6903151474939879
136,11900,0.6400753924429335
136,15300,0.6273861623245478
136,11500,0.6069741010279436
136,14412,0.6022571829874029
67,964,1.1208322749645458
67,4144,1.1111300249235914
67,8587,1.075063514027388
67,1112,1.0522243582633375
67,19003,1.040231402133195
67,12205,1.0154296683804294
67,8764,0.8483561943646717
67,8342,0.8391836088218064
67,12231,0.8275584834319103
67,17019,0.7651796219397395
39,9928,1.0382353903268522
39,8461,1.0382353903268522
39,17779,0.9563694358660886
39,19001,0.8715687236601853
39,7943,0.8715687236601853
39,4,0.8219961192763363
39,19043,0.791412216097624
39,8703,0.75618410827557
39,6323,0.7525211046125663
39,2418,0.7256002050968577
18,6323,1.326656217469526
18,12231,1.2078989383092567
18,1046,1.1618430194980374
18,18259,1.1152581292665784
18,19159,1.071991655546236
18,14412,1.0317419610096927
18,9929,1.0294229028410067
18,18230,1.0194685468246132
18,12205,0.9912531747256385
18,18251,0.9902180711037438
2,8342,1.4526199827557458
2,19003,1.255527029859106
2,8909,1.1179651631441998
2,19044,1.0938111249913685
2,5878,1.0921642235846327
2,79,0.9273506637520122
2,17820,0.9148566197025145
2,15717,0.8954286506367974
2,8395,0.8897432093858139
2,15342,0.8691151722316703
104,7943,2.707753353415015
104,6323,2.283704538557396
104,19001,1.9901690915811343
104,19003,1.8997992950664233
104,8395,1.3898294667239313
104,15717,1.3867265685103698
104,11894,1.3849891436546422
104,15594,1.3325408949041782
104,8703,1.2299378278195592
104,11847,1.2098054807395664
134,17779,1.1713580056861717
134,9929,0.9635752051545482
134,17777,0.9628011739394455
134,2993,0.9188128654620519
134,2418,0.8167449357148223
134,19347,0.7847754621506967
134,8697,0.7517705440514743
134,15335,0.686706977839877
134,19103,0.6778089170519699
134,13980,0.6620552887322427
32,15717,0.5983912251028723
32,79,0.5031531298647771
32,17009,0.5031531298647771
32,19018,0.48850386497074727
32,17015,0.4124312875394742
32,1136,0.4124312875394742
32,17771,0.4124312875394742
32,8464,0.4124312875394742
32,5504,0.4124312875394742
32,13985,0.4124312875394742
64,2954,0.6117470767642598
64,8422,0.578373731426925
64,8347,0.5653565371331845
64,10885,0.5653565371331845
64,18715,0.5299876011518082
64,8702,0.47053408697721777
64,18254,0.47053408697721777
64,4296,0.47053408697721777
64,4729,0.47053408697721777
64,679,0.47053408697721777
33,11900,0.5569938758450876
33,13880,0.4416092604604723
33,5872,0.4035661258583255
33,14223,0.4035661258583255
33,15992,0.3316238864351312
33,15398,0.29483850515232995
33,14412,0.2875143552211936
33,2090,0.2815995884724254
33,4693,0.2815995884724254
33,8773,0.2815995884724254
74,15335,0.9796431084115829
74,4,0.90470371339199
74,18251,0.8824411344916155
74,8703,0.8403533593146006
74,8461,0.8274336876144133
74,19103,0.7340267683966076
74,17818,0.7062646812283172
74,6528,0.7062646812283172
74,7974,0.6970648089942524
74,7925,0.6822114479834902
23,4,1.4558832845127125
23,19043,1.365068483846212
23,2952,1.221000966342408
23,12231,1.1824426067106026
23,17019,1.0502443479327452
23,12414,0.9875862790848517
23,516,0.9871057263901636
23,964,0.9351450304592274
23,18230,0.9145780300798709
23,1046,0.90669818283404
34,8543,0.33333333333333326
34,10885,0.33333333333333326
34,12414,0.33333333333333326
34,19003,0.33333333333333326
34,5878,0.33333333333333326
34,19036,0.33333333333333326
34,7943,0.33333333333333326
34,9657,0.33333333333333326
34,19001,0.33333333333333326
34,8347,0.33333333333333326
69,1550,0.0
69,4672,0.0
69,8497,0.0
69,9070,0.0
69,19815,0.0
69,7943,0.0
69,8348,0.0
69,7974,0.0
69,19001,0.0
69,11894,0.0
5,9928,0.865066351788347
5,8461,0.865066351788347
5,15067,0.865066351788347
5,2952,0.865066351788347
5,16209,0.865066351788347
5,6323,0.8214550664411284
5,7943,0.8214550664411284
5,964,0.7580279733218677
5,9657,0.7320148148197958
5,4144,0.7320148148197958
70,9928,1.181445544742553
70,19004,0.9711675927286675
70,6323,0.9507750092806674
70,7943,0.8444492077462157
70,8342,0.6854533070143819
70,18670,0.6214494382191631
70,19159,0.6214494382191631
70,19049,0.6174416759473341
70,19030,0.6009581594638174
70,19043,0.5804873852787354
135,18670,0.5401873376201456
135,15300,0.4760847735175815
135,14412,0.46069949703805174
135,11500,0.39743589743589747
135,19159,0.3735206709534789
135,8026,0.3333333333333333
135,12205,0.30941810685091486
135,10833,0.3094181068509148
135,7796,0.3094181068509148
135,16398,0.3094181068509148
37,7943,1.5239219611687322
37,6323,1.292192979451776
37,19001,1.1506620487072066
37,8461,1.1469773424881806
37,11894,1.0073098643297342
37,19049,1.0009047534854993
37,16209,0.9739808449559585
37,15067,0.9498048599815868
37,2952,0.9252773681572884
37,1112,0.9016692996444049
6,19001,1.0611198876728392
6,18715,0.7552409299253634
6,17019,0.6750146358764444
6,19201,0.648148148148148
6,19034,0.6441314936395703
6,8685,0.5665748202066222
6,17810,0.5665748202066222
6,8421,0.5665748202066222
6,18670,0.5361508398235204
6,17005,0.5326699152899643
137,1550,0.0
137,4672,0.0
137,8497,0.0
137,9070,0.0
137,19815,0.0
137,7943,0.0
137,8348,0.0
137,7974,0.0
137,19001,0.0
137,11894,0.0
38,1550,0.0
38,4672,0.0
38,8497,0.0
38,9070,0.0
38,19815,0.0
38,7943,0.0
38,8348,0.0
38,7974,0.0
38,19001,0.0
38,11894,0.0
68,997,0.16666666666666663
68,8026,0.16666666666666663
68,510,0.16666666666666663
68,17577,0.16666666666666663
68,11612,0.16666666666666663
68,3955,0.16666666666666663
68,11192,0.16666666666666663
68,11500,0.16666666666666663
68,18423,0.16666666666666663
68,17778,0.16666666666666663
60,19004,1.7740914406055315
60,9928,1.5710562723751558
60,15067,1.2627838622838965
60,8461,1.2193428930246872
60,8459,1.1994751602390135
60,19030,1.1290828905678305
60,19043,1.0912366432530582
60,15300,1.082474568754369
60,15717,0.742490491933878
60,17018,0.7403330170631954
51,16209,2.6034966289450785
51,2952,2.5179218688358387
51,1112,2.14722619854597
51,19001,2.119926380353735
51,964,1.798320960040308
51,19049,1.7632513386231397
51,8587,1.6789984059648597
51,12231,1.5996276918114132
51,18715,1.5698284709414505
51,17777,1.5664208602016603
19,19003,0.9019977373404018
19,15342,0.6320884288663126
19,19049,0.6086107107322379
19,8706,0.5337316964482698
19,319,0.5279242118602989
19,11900,0.5081876990954936
19,7250,0.5037422964059296
19,15596,0.5030131500097283
19,2418,0.49354609615654343
19,19534,0.4752487949572608
71,1550,0.0
71,4672,0.0
71,8497,0.0
71,9070,0.0
71,19815,0.0
71,7943,0.0
71,8348,0.0
71,7974,0.0
71,19001,0.0
71,11894,0.0
72,1550,0.0
72,4672,0.0
72,8497,0.0
72,9070,0.0
72,19815,0.0
72,7943,0.0
72,8348,0.0
72,7974,0.0
72,19001,0.0
72,11894,0.0
158,19004,1.4453762158884198
158,6323,1.3430268838946513
158,19003,1.1517432113755401
158,5872,1.1380628866245408
158,19030,1.0712950228650688
158,9657,1.0486020477513642
158,8543,0.9989019605573386
158,17771,0.9668643214098879
158,14223,0.9520787280805068
158,17184,0.9383813808583973
102,8418,0.7327386993657504
102,5504,0.6287633946311177
102,13985,0.6287633946311177
102,7874,0.5401625215259421
102,8702,0.5311149785003825
102,13986,0.496026836990111
102,1359,0.496026836990111
102,5119,0.496026836990111
102,12003,0.496026836990111
102,10125,0.496026836990111
85,14412,0.7335552231492841
85,18670,0.4088702953381
85,5872,0.37312251183749284
85,14223,0.37312251183749284
85,11900,0.37312251183749284
85,7874,0.36146896066464584
85,4144,0.33688068780506075
85,4304,0.3117324875344465
85,19159,0.29879776584770834
85,7796,0.24220362867143325
110,17779,1.017942989013275
110,15342,0.8782897658329691
110,8461,0.8577729670197303
110,12414,0.8368222851248276
110,18259,0.8002387932301875
110,3883,0.7907086346147978
110,5878,0.7561024363605561
110,8909,0.7492411539066562
110,19044,0.7482032690656871
110,2418,0.747026493689397
106,9657,0.0
106,1550,0.0
106,4672,0.0
106,8497,0.0
106,9070,0.0
106,19815,0.0
106,7943,0.0
106,8348,0.0
106,7974,0.0
106,11894,0.0
160,15594,0.27975144247209416
160,6526,0.27975144247209416
160,19027,0.27975144247209416
160,19043,0.27975144247209416
160,19046,0.27975144247209416
160,19035,0.27975144247209416
160,14711,0.27975144247209416
160,18259,0.27975144247209416
160,4,0.27975144247209416
160,13564,0.27975144247209416
161,14412,0.8333333333333331
161,8587,0.4999999999999999
161,19201,0.4999999999999999
161,14223,0.4999999999999999
161,5872,0.4999999999999999
161,19030,0.4999999999999999
161,6323,0.4999999999999999
161,9657,0.4999999999999999
161,11894,0.4999999999999999
161,7874,0.4999999999999999
122,9657,0.0
122,1550,0.0
122,4672,0.0
122,8497,0.0
122,9070,0.0
122,19815,0.0
122,8348,0.0
122,7974,0.0
122,19001,0.0
122,11894,0.0
111,9657,0.0
111,1550,0.0
111,4672,0.0
111,8497,0.0
111,9070,0.0
111,19815,0.0
111,7943,0.0
111,8348,0.0
111,7974,0.0
111,11894,0.0
96,6323,0.9096835156370746
96,2993,0.8207129496542237
96,16209,0.819496884852007
96,1046,0.7466884826640768
96,9929,0.7346565917268869
96,12231,0.7275828840062374
96,10523,0.7195931348594282
96,2952,0.6823106005374058
96,8461,0.6773945819274518
96,8697,0.6607032776661768
131,9928,0.3899061541328829
131,8395,0.33333333333333326
131,17803,0.33333333333333326
131,19043,0.2652330739178877
131,4,0.2652330739178877
131,7974,0.2652330739178877
131,19030,0.22323948746621627
131,15067,0.22323948746621627
131,19159,0.16666666666666669
131,11384,0.16666666666666666
92,15067,1.3236436629038317
92,8395,1.1502082939383138
92,964,1.0783556415286664
92,1112,1.0427766595666332
92,15300,1.038024144721312
92,516,1.0195153294142458
92,11847,1.0117890469116178
92,17779,0.9716048945383117
92,7943,0.9160663619298967
92,9657,0.9124202658364565
82,9657,0.0
82,1550,0.0
82,4672,0.0
82,8497,0.0
82,9070,0.0
82,19815,0.0
82,7943,0.0
82,8348,0.0
82,7974,0.0
82,19001,0.0
123,9657,0.0
123,1550,0.0
123,4672,0.0
123,8497,0.0
123,9070,0.0
123,19815,0.0
123,7943,0.0
123,8348,0.0
123,7974,0.0
123,19001,0.0
129,516,0.6153846153846154
129,17810,0.6153846153846154
129,8685,0.6153846153846154
129,7974,0.6153846153846154
129,8421,0.6153846153846154
129,9657,0.5
129,15594,0.5
129,2954,0.5
129,2952,0.5
129,7943,0.5
49,9657,0.0
49,1550,0.0
49,4672,0.0
49,8497,0.0
49,9070,0.0
49,19815,0.0
49,7943,0.0
49,8348,0.0
49,7974,0.0
49,19001,0.0
140,11500,0.43080924277323224
140,18670,0.4290997958750301
140,7796,0.3649972317724659
140,17803,0.23076923076923084
140,8435,0.23076923076923084
140,14415,0.23076923076923084
140,8324,0.23076923076923084
140,10805,0.23076923076923084
140,5202,0.23076923076923084
140,6973,0.23076923076923084
86,8909,0.5326421030853951
86,9929,0.45990280634006425
86,8764,0.45990280634006425
86,8418,0.40607263007866407
86,19018,0.40607263007866407
86,18251,0.4027719732152652
86,19036,0.4027719732152652
86,8587,0.4027719732152652
86,12231,0.4027719732152652
86,15335,0.4027719732152652
11,9657,0.0
11,1550,0.0
11,4672,0.0
11,8497,0.0
11,9070,0.0
11,19815,0.0
11,7943,0.0
11,8348,0.0
11,7974,0.0
11,19001,0.0
93,9657,0.0
93,1550,0.0
93,4672,0.0
93,8497,0.0
93,9070,0.0
93,19815,0.0
93,7943,0.0
93,8348,0.0
93,7974,0.0
93,19001,0.0
103,9657,0.0
103,1550,0.0
103,4672,0.0
103,8497,0.0
103,9070,0.0
103,19815,0.0
103,7943,0.0
103,8348,0.0
103,7974,0.0
103,19001,0.0
159,9657,0.0
159,1550,0.0
159,4672,0.0
159,8497,0.0
159,9070,0.0
159,19815,0.0
159,8348,0.0
159,7974,0.0
159,19001,0.0
159,11894,0.0
22,9657,0.0
22,1550,0.0
22,4672,0.0
22,8497,0.0
22,9070,0.0
22,19815,0.0
22,7943,0.0
22,8348,0.0
22,7974,0.0
22,19001,0.0
55,9657,0.0
55,1550,0.0
55,4672,0.0
55,8497,0.0
55,9070,0.0
55,19815,0.0
55,7943,0.0
55,8348,0.0
55,19001,0.0
55,11894,0.0
138,9657,0.0
138,1550,0.0
138,4672,0.0
138,8497,0.0
138,9070,0.0
138,19815,0.0
138,7943,0.0
138,8348,0.0
138,7974,0.0
138,19001,0.0
107,18256,0.23076923076923084
107,3784,0.23076923076923084
107,18070,0.23076923076923084
107,15596,0.23076923076923084
107,469,0.23076923076923084
107,17052,0.23076923076923084
107,11917,0.23076923076923084
107,3736,0.23076923076923084
107,7541,0.23076923076923084
107,14822,0.23076923076923084
132,9657,0.0
132,1550,0.0
132,4672,0.0
132,8497,0.0
132,9070,0.0
132,19815,0.0
132,7943,0.0
132,8348,0.0
132,7974,0.0
132,19001,0.0
169,9657,0.0
169,1550,0.0
169,4672,0.0
169,8497,0.0
169,9070,0.0
169,19815,0.0
169,7943,0.0
169,8348,0.0
169,7974,0.0
169,19001,0.0
76,9657,0.0
76,1550,0.0
76,4672,0.0
76,8497,0.0
76,9070,0.0
76,19815,0.0
76,7943,0.0
76,8348,0.0
76,7974,0.0
76,19001,0.0
26,9657,0.0
26,1550,0.0
26,4672,0.0
26,8497,0.0
26,9070,0.0
26,19815,0.0
26,7943,0.0
26,8348,0.0
26,7974,0.0
26,19001,0.0
139,9657,0.0
139,1550,0.0
139,4672,0.0
139,8497,0.0
139,9070,0.0
139,19815,0.0
139,7943,0.0
139,8348,0.0
139,7974,0.0
139,19001,0.0
42,9657,0.0
42,1550,0.0
42,4672,0.0
42,8497,0.0
42,9070,0.0
42,19815,0.0
42,7943,0.0
42,8348,0.0
42,7974,0.0
42,19001,0.0
88,9657,0.0
88,1550,0.0
88,4672,0.0
88,8497,0.0
88,9070,0.0
88,19815,0.0
88,7943,0.0
88,8348,0.0
88,7974,0.0
88,19001,0.0
48,9657,0.0
48,1550,0.0
48,4672,0.0
48,8497,0.0
48,9070,0.0
48,19815,0.0
48,7943,0.0
48,8348,0.0
48,7974,0.0
48,19001,0.0
113,17810,0.6366791265561907
113,7974,0.6366791265561907
113,9928,0.6346096258383686
113,8703,0.6016425928713356
113,2952,0.6016425928713356
113,15067,0.6016425928713356
113,11894,0.5930678412089723
113,17782,0.5930678412089723
113,17798,0.4787354511139664
113,8342,0.4622339851673167
28,9657,0.0
28,1550,0.0
28,4672,0.0
28,8497,0.0
28,9070,0.0
28,19815,0.0
28,7943,0.0
28,8348,0.0
28,7974,0.0
28,19001,0.0
20,9929,0.5451017030600057
20,17777,0.39826675775790316
20,1324,0.3784350363933391
20,8764,0.3784350363933391
20,10523,0.3784350363933391
20,19024,0.3784350363933391
20,6528,0.3784350363933391
20,3154,0.3784350363933391
20,4,0.3784350363933391
20,7974,0.3784350363933391
124,9657,0.0
124,1550,0.0
124,4672,0.0
124,8497,0.0
124,9070,0.0
124,19815,0.0
124,7943,0.0
124,8348,0.0
124,7974,0.0
124,19001,0.0
27,9657,0.0
27,1550,0.0
27,4672,0.0
27,8497,0.0
27,9070,0.0
27,19815,0.0
27,7943,0.0
27,8348,0.0
27,7974,0.0
27,19001,0.0
3,8347,0.16666666666666663
3,10885,0.16666666666666663
3,8543,0.16666666666666663
3,19036,0.16666666666666663
3,19049,0.16666666666666663
3,8773,0.16666666666666663
3,12414,0.16666666666666663
3,19001,0.16666666666666663
3,19003,0.16666666666666663
3,19018,0.16666666666666663
65,9657,0.0
65,1550,0.0
65,4672,0.0
65,8497,0.0
65,9070,0.0
65,19815,0.0
65,7943,0.0
65,8348,0.0
65,7974,0.0
65,19001,0.0
73,9657,0.0
73,1550,0.0
73,4672,0.0
73,8497,0.0
73,9070,0.0
73,19815,0.0
73,7943,0.0
73,8348,0.0
73,7974,0.0
73,19001,0.0
52,9657,0.0
52,1550,0.0
52,4672,0.0
52,8497,0.0
52,9070,0.0
52,19815,0.0
52,7943,0.0
52,8348,0.0
52,7974,0.0
52,19001,0.0
95,9657,0.0
95,1550,0.0
95,4672,0.0
95,8497,0.0
95,9070,0.0
95,19815,0.0
95,7943,0.0
95,8348,0.0
95,7974,0.0
95,19001,0.0
90,9657,0.0
90,1550,0.0
90,4672,0.0
90,8497,0.0
90,9070,0.0
90,19815,0.0
90,7943,0.0
90,8348,0.0
90,7974,0.0
90,19001,0.0
141,12414,0.16666666666666669
141,4,0.16666666666666669
141,8773,0.16666666666666669
141,19159,0.16666666666666669
141,5878,0.16666666666666669
141,9657,0.16666666666666669
141,10885,0.16666666666666669
141,1550,0.16666666666666669
141,7974,0.16666666666666669
141,8543,0.16666666666666669
108,9657,0.0
108,1550,0.0
108,4672,0.0
108,8497,0.0
108,9070,0.0
108,19815,0.0
108,7943,0.0
108,8348,0.0
108,7974,0.0
108,19001,0.0
56,9657,0.0
56,1550,0.0
56,4672,0.0
56,8497,0.0
56,9070,0.0
56,19815,0.0
56,7943,0.0
56,8348,0.0
56,7974,0.0
56,19001,0.0
45,13984,0.3411118080555408
45,13983,0.3411118080555408
45,11915,0.3411118080555408
45,2810,0.3411118080555408
45,8697,0.3411118080555408
45,3883,0.3411118080555408
45,18681,0.19003788404600766
45,15596,0.1900378840460076
45,8688,0.1900378840460076
45,15342,0.1900378840460076
87,9657,0.0
87,1550,0.0
87,4672,0.0
87,8497,0.0
87,9070,0.0
87,19815,0.0
87,7943,0.0
87,8348,0.0
87,7974,0.0
87,19001,0.0
133,9657,0.0
133,1550,0.0
133,4672,0.0
133,8497,0.0
133,9070,0.0
133,19815,0.0
133,7943,0.0
133,8348,0.0
133,7974,0.0
133,19001,0.0
80,9657,0.0
80,1550,0.0
80,4672,0.0
80,8497,0.0
80,9070,0.0
80,19815,0.0
80,7943,0.0
80,8348,0.0
80,7974,0.0
80,19001,0.0
143,9657,0.0
143,1550,0.0
143,4672,0.0
143,8497,0.0
143,9070,0.0
143,19815,0.0
143,7943,0.0
143,8348,0.0
143,7974,0.0
143,19001,0.0
78,9657,0.0
78,1550,0.0
78,4672,0.0
78,8497,0.0
78,9070,0.0
78,19815,0.0
78,7943,0.0
78,8348,0.0
78,7974,0.0
78,19001,0.0
101,9657,0.0
101,1550,0.0
101,4672,0.0
101,8497,0.0
101,9070,0.0
101,19815,0.0
101,7943,0.0
101,8348,0.0
101,7974,0.0
101,19001,0.0
7,9657,0.0
7,1550,0.0
7,4672,0.0
7,8497,0.0
7,9070,0.0
7,19815,0.0
7,7943,0.0
7,8348,0.0
7,7974,0.0
7,19001,0.0
35,9657,0.0
35,1550,0.0
35,4672,0.0
35,8497,0.0
35,9070,0.0
35,19815,0.0
35,7943,0.0
35,8348,0.0
35,7974,0.0
35,19001,0.0
164,9657,0.0
164,1550,0.0
164,4672,0.0
164,8497,0.0
164,9070,0.0
164,19815,0.0
164,7943,0.0
164,8348,0.0
164,7974,0.0
164,19001,0.0
148,9657,0.0
148,1550,0.0
148,4672,0.0
148,8497,0.0
148,9070,0.0
148,19815,0.0
148,7943,0.0
148,8348,0.0
148,7974,0.0
148,19001,0.0
83,9657,0.0
83,1550,0.0
83,4672,0.0
83,8497,0.0
83,9070,0.0
83,19815,0.0
83,7943,0.0
83,8348,0.0
83,7974,0.0
83,19001,0.0
77,9657,0.0
77,1550,0.0
77,4672,0.0
77,8497,0.0
77,9070,0.0
77,19815,0.0
77,7943,0.0
77,8348,0.0
77,7974,0.0
77,19001,0.0
