119,15067,15.22548865646645
119,19004,13.883705933929669
119,19003,13.424624396468452
119,11894,12.410240399338454
119,2418,12.234363729783453
119,8697,12.181678066172623
119,5878,11.99580654541963
119,7974,11.369188830466062
119,15335,10.431915967301249
119,17018,10.348138690869877
20,9928,15.345202067662308
20,8342,12.803749752269743
20,4144,11.774387732112233
20,8543,11.723500387113738
20,19048,11.30745374354547
20,17798,11.25193303864966
20,12411,10.84517954913497
20,7925,10.446192800106088
20,8422,10.041752940182514
20,12205,10.030607966289017
399,4,14.43839930040474
399,8587,13.518787766446868
399,2418,12.423747668713817
399,8697,11.644421911661826
399,9657,11.429311030105099
399,8909,11.39757713554462
399,19000,11.195684394595633
399,1046,10.70113065935194
399,15335,10.610829258108584
399,11500,10.573184845111939
476,16209,0.3818197208910103
476,2952,0.36903063847611806
476,8587,0.3652230760938253
476,6323,0.35901684868972045
476,9928,0.3581291989814618
476,964,0.34377488172215354
476,8461,0.3410178230873489
476,4,0.3389894014921304
476,19001,0.3368708902928206
476,17777,0.32758360304901646
264,19043,13.25016812100538
264,516,13.13059811146381
264,5878,12.417948328275394
264,9657,12.318460122564463
264,12411,11.050546511272819
264,17779,10.816650654090957
264,17018,10.806021385885506
264,12231,10.754934526824508
264,19030,10.457001644802775
264,12205,10.08446972705521
200,19001,13.847927579533753
200,15067,13.082613578273634
200,16209,12.41999985354376
200,9928,11.989647325274442
200,19003,11.776848332494145
200,8461,11.400855950576732
200,2418,11.179514955965457
200,18715,11.116671057329661
200,19044,11.05088186978232
200,1112,10.978997349415183
189,6323,10.48267495165295
189,17777,10.103777376559346
189,8764,9.204831730081446
189,8461,8.824170326240234
189,19003,8.498879112433197
189,19044,8.292971436706553
189,8342,8.022849642497523
189,9657,7.992416742368411
189,11847,7.691675795697833
189,2418,7.463984871141029
362,8418,7.209787503726171
362,17777,7.127755472493143
362,964,6.701199581470218
362,4,6.530813300532761
362,8764,6.498323098948916
362,1112,6.228637869241301
362,18715,5.961019343346858
362,5872,5.771824042884776
362,2418,5.740027137216392
362,19044,5.697089883723898
17,16209,0.3818197208910103
17,2952,0.36903063847611806
17,8587,0.3652230760938253
17,6323,0.35901684868972045
17,9928,0.3581291989814618
17,964,0.34377488172215354
17,8461,0.3410178230873489
17,4,0.3389894014921304
17,19001,0.3368708902928206
17,17777,0.32758360304901646
16,2952,6.269160959495109
16,17777,5.543688480364495
16,964,5.212104717519339
16,4,5.043977460675187
16,8587,4.882416871291088
16,8461,4.843247994519945
16,19003,4.838400717331105
16,1112,4.672627571630312
16,8342,4.589326030882036
16,19043,4.47839210115834
310,7943,10.428044367410802
310,8764,10.043952495668485
310,18715,8.923316609770799
310,19043,8.714777923934587
310,11894,8.505092009812902
310,8342,8.409403718010324
310,19044,8.356516811462793
310,5872,8.305066272690958
310,8909,8.08951445410076
310,7974,8.073844550857537
59,2952,2.5477612475720273
59,19001,2.497885900636902
59,15067,2.3821421548674673
59,8418,2.3207587395623555
59,6323,2.3188058560669655
59,19004,2.27025473900405
59,964,2.2518052927308134
59,7943,2.195463256993442
59,17777,2.193104343623013
59,4,2.12413368905089
94,8418,13.713929888561006
94,19004,12.056213696780674
94,1112,11.519086066087693
94,11847,10.845018475639106
94,11894,10.796902761323786
94,14412,10.207150482556433
94,4144,10.083006857019031
94,7974,9.985517985629459
94,1046,9.924875425131747
94,12231,9.713130737652765
287,7943,10.320362687646703
287,11894,8.948530499789692
287,19044,8.677557327093297
287,8587,8.657202772609136
287,8697,8.617876876688884
287,18715,8.612436543494828
287,11847,8.33894086449301
287,5878,8.259049557522118
287,19043,8.1437982743977
287,4144,8.12807938839435
134,2952,2.0135314992524265
134,6323,1.9480123214041383
134,8418,1.829948108552974
134,19001,1.816899088322263
134,17777,1.7299562329530283
134,7943,1.713278138020601
134,15067,1.6936187538770218
134,16209,1.6787279674302449
134,4,1.6772266170137038
134,964,1.6723022368993283
79,964,11.909332148174515
79,8764,11.710060491855733
79,19004,11.590934421855739
79,16209,11.56633273296344
79,9928,11.301804513781669
79,8461,10.613644983099075
79,8587,10.55677523660339
79,1112,10.512001907940869
79,18715,10.180073389480185
79,11847,9.72921190790145
78,2952,3.9260091524136773
78,6323,3.730073833051047
78,15067,3.5283239452043005
78,19001,3.4991188449809827
78,964,3.29997767710507
78,8764,3.2409111334757243
78,4,3.221788747869364
78,9928,3.194872233947265
78,19004,3.174033253981245
78,7943,3.1064881147772376
22,19001,6.556990968879573
22,8418,6.340661942824912
22,16209,5.9742559454478394
22,964,5.914407333080382
22,4,5.9052995653008455
22,7943,5.843414748156976
22,19003,5.757959045259735
22,19004,5.715501915506687
22,8587,5.301403420271877
22,18715,5.054877070993674
255,8418,9.338732060799881
255,4,8.56403868418319
255,964,8.35546380488879
255,7943,8.298508741999283
255,16209,8.26849919174474
255,8764,8.141806787504425
255,19003,7.983431431743476
255,8587,7.41267619905494
255,8697,7.280203191081657
255,1112,7.241755712042624
284,2952,0.9384398047894932
284,19001,0.9112640633367369
284,6323,0.8950506557321788
284,17777,0.8518922360892456
284,15067,0.8511577234339627
284,16209,0.8196296462078778
284,4,0.8156986123993701
284,964,0.8012579315182882
284,19004,0.7921761717586837
284,9928,0.78016779930284
352,17777,4.629883435859027
352,6323,4.554329061043048
352,19001,4.233792460636185
352,2418,3.911676763702918
352,4,3.8930543168960425
352,19004,3.8858479548370917
352,19003,3.778659244967417
352,7943,3.7752717881872755
352,11894,3.66410545503911
352,7974,3.625288641189028
416,19001,0.90024941669515
416,2952,0.8926652988862526
416,15067,0.8712025347354332
416,17777,0.8509354928633495
416,7943,0.8081458309365158
416,16209,0.8036604005155323
416,9928,0.7925008565713444
416,8418,0.7803981097268922
416,19003,0.7781013831612427
416,4,0.7528909614375766
190,8418,0.7643868959077758
190,19001,0.7524725240848277
190,15067,0.7321053581020668
190,6323,0.7312479259187352
190,16209,0.7284516415351086
190,7943,0.7260376165590257
190,964,0.7216140983250979
190,9928,0.7098303985626683
190,17777,0.7032271298200319
190,19043,0.6880705511669398
415,2952,0.4462951072534173
415,9928,0.43900829175803036
415,6323,0.43694801480059653
415,8418,0.43256274468180694
415,19001,0.4290206031259065
415,15067,0.4196862297368091
415,17777,0.3924233205150982
415,16209,0.381107966983353
415,964,0.3804663465794311
415,12231,0.3803730463469777
89,2952,3.294308540683968
89,6323,3.0568932185141424
89,8418,3.010758369565682
89,15067,2.958768468997613
89,19001,2.8234265406300136
89,7943,2.6589961654656102
89,19003,2.5914751196451005
89,7974,2.4723825892776645
89,19044,2.4618498393829347
89,11894,2.4477700871780397
824,17777,0.8287436162825504
824,2952,0.8165649209619719
824,8418,0.8109597645634679
824,19001,0.7620050897434409
824,7943,0.7573506173198008
824,16209,0.7432540995661324
824,15067,0.7099360918889694
824,4,0.706567305533734
824,8764,0.6992519319938354
824,19004,0.693911669905591
125,6323,0.5120614650541678
125,15067,0.5114611989407082
125,9928,0.48536214310518044
125,8418,0.4832733526924586
125,17777,0.48262927986574844
125,19001,0.47768816195300706
125,16209,0.4553989609063641
125,7943,0.4551664520970346
125,4,0.45452534053514
125,19004,0.4462951072534173
19,6323,0.5120614650541678
19,15067,0.5114611989407082
19,9928,0.48536214310518044
19,8418,0.4832733526924586
19,17777,0.48262927986574844
19,19001,0.47768816195300706
19,16209,0.4553989609063641
19,7943,0.4551664520970346
19,4,0.45452534053514
19,19004,0.4462951072534173
77,2952,0.4045028938595004
77,17777,0.3754142464936133
77,8418,0.36097119163529856
77,15067,0.36045206140867886
77,6323,0.3531961287719896
77,9928,0.33033355608051784
77,19004,0.31868792930951506
77,2418,0.3125451633482789
77,15334,0.28489113711317227
77,8764,0.2836071110352685
400,17777,0.21269550067786294
400,17798,0.16666666666666666
400,8395,0.16666666666666666
400,16209,0.1666591086018297
400,1326,0.1666591086018297
400,11613,0.16658001905661657
400,8461,0.16658001905661657
400,19044,0.16652800885009622
400,18999,0.16652800885009622
400,19159,0.16652800885009622
