44,19004,3.4915976312475965
44,19003,3.3622621323694792
44,19043,3.180308206844139
44,17019,2.526740757052538
44,18715,2.4595626259781027
44,8543,2.438248329343277
44,4,2.4170994861191764
44,516,2.3690223705568116
44,19049,2.363784133482011
44,1046,2.3498766838833527
31,9070,0.40011720710000476
31,11500,0.3154626627730576
31,1326,0.27911863385623037
31,1575,0.2749770613725518
31,19043,0.21381070289030155
31,17803,0.21208272671950018
31,8435,0.051314993828613334
31,11614,-0.008047437121170203
31,19159,-0.013120780333637762
31,18670,-0.02309448077656403
4,9657,3.9079027896913088
4,17777,3.165829923816167
4,17810,2.544552481407739
4,2418,2.399509815790123
4,4144,2.3002869872054292
4,7974,2.164338279568131
4,2954,2.1497673697121304
4,19004,2.136080338265846
4,8459,2.1275242111047747
4,15300,2.108056609280876
84,19534,2.1768074192608307
84,8342,2.002255564150617
84,19043,1.85159309661201
84,18185,1.749795249513224
84,15300,1.6586570265259035
84,1112,1.560422289851977
84,18674,1.5023611827381116
84,4,1.4654297626989456
84,18676,1.4607360048568667
84,18259,1.3688741629144625
54,15067,4.795192770256346
54,2952,4.071067483476898
54,19043,3.3648622114577558
54,7974,3.3102844819721065
54,4,3.179687892782437
54,12231,2.9494095175993307
54,16209,2.8760745254839195
54,516,2.8002496086867517
54,9929,2.4374329071090672
54,18715,2.410156220111578
136,15067,4.168377174100075
136,7943,4.072729930041631
136,2952,3.888914526588549
136,8461,3.8338145770824914
136,8342,2.8533091746871637
136,17777,2.809220691061532
136,1112,2.6629287163657507
136,8418,2.559238159366068
136,4144,2.4808268916031797
136,4,2.460110720148547
67,19003,3.787688501830021
67,8342,2.9619318312308427
67,964,2.81385133706472
67,19043,2.8102229076683938
67,4,2.645703265512951
67,19005,2.5375948592828443
67,12231,2.4942422776997892
67,19035,2.2943038443649604
67,19004,2.2821152728825616
67,1112,2.222484389797763
39,9928,3.017885654876953
39,6323,2.852170897187526
39,9657,2.6901274018051256
39,8461,2.5673939272433364
39,15067,2.3403271440746813
39,7943,2.3022910063097344
39,19003,2.155571940326621
39,19001,2.137128443482404
39,17777,1.836620717237495
39,8342,1.7427219715984743
18,6323,5.747996097053111
18,12231,3.7751128289994305
18,19048,3.687065303122509
18,8587,3.6112419964122457
18,8418,3.4858198052897125
18,14412,3.1052467420306353
18,19049,3.006126600216719
18,4144,2.910181929751399
18,8664,2.818666164949749
18,11894,2.714982079889549
2,8342,3.0839674439130325
2,19003,3.079173285422536
2,15300,2.7299275440971744
2,12205,2.289130265256365
2,19030,2.2313881814870506
2,16398,2.082663885137759
2,18670,2.0244578768846444
2,10833,2.0094197810755636
2,5878,1.9883831712423259
2,18259,1.8905999803239528
104,6323,4.495003103056986
104,19001,3.1618106106561794
104,19049,2.9163359901891415
104,7943,2.8532673261479298
104,11894,2.8094486397458307
104,8459,2.3150708231588157
104,19003,2.314107259148089
104,8026,2.1001612610882963
104,15335,1.9107069734804891
104,319,1.8276830421379167
134,15067,3.6148733410060543
134,19003,3.0727667697800514
134,19004,3.0554341944032632
134,17777,2.686041193626176
134,8342,2.61244785134342
134,8418,2.5564635194267944
134,2418,2.398941951122171
134,17779,2.290460392954116
134,11894,2.0469108145839883
134,4,1.9896297464998969
32,9928,3.1683655610623953
32,19004,2.5403575772314086
32,15067,2.4859500080307426
32,2952,2.4080803327302513
32,7943,2.403337961972026
32,19003,2.2843344372871224
32,19001,2.0784497725980975
32,16209,2.016185894871965
32,8342,1.9108919031890759
32,17777,1.8891432237260226
64,7943,2.941818614217768
64,9657,2.8672632357447556
64,8342,2.780878610792585
64,19003,2.7643100787926587
64,8461,2.489676946827652
64,19004,2.250507952590329
64,11894,2.2187498137063733
64,17777,2.1809614464415366
64,8703,1.983275906074986
64,16209,1.7951194309663845
33,9928,3.4525746609547228
33,6323,3.233262817913805
33,7943,2.945388206268697
33,15067,2.9183152739329374
33,8461,2.7077137082112297
33,2952,2.6489550305753893
33,19001,2.5550476165497003
33,4,1.9908466534320173
33,12231,1.9653459440876433
33,19043,1.9622795868662177
74,15067,3.8680337657802486
74,7943,3.766268694454178
74,8461,3.363080565553308
74,19001,3.3353345816995854
74,17777,2.9003447734082584
74,16209,2.6997949299616635
74,4,2.5030084615342822
74,8703,2.4792471965535157
74,11894,2.4765692895951714
74,19043,2.411622985129874
23,19004,2.855503301732882
23,15067,2.704063906437807
23,2952,2.6868746927368803
23,8418,1.9848899423138855
23,4,1.9324087904849307
23,19003,1.8800978120591003
23,7925,1.879995331415165
23,19049,1.849174484229541
23,19001,1.785925283485441
23,18681,1.7724890074061554
34,6323,1.83663924561319
34,9657,1.6716895826557219
34,15067,1.5884854567015216
34,7943,1.5181456597866165
34,19004,1.504357062244397
34,2952,1.4676839444009746
34,19003,1.4231318373102875
34,8461,1.415568125544637
34,19001,1.3302370120805767
34,17777,1.203403560295368
69,6323,2.3502666102973677
69,9928,2.3216503296140076
69,19004,1.9021425032299368
69,15067,1.8754410933538892
69,19001,1.8151403193300941
69,7943,1.8096667085777898
69,2952,1.775796824696586
69,8461,1.6995117393429038
69,19003,1.5577436622367156
69,16209,1.506862510278491
5,9928,2.548326334471855
5,9657,2.319676122563601
5,6323,2.263126814160481
5,7943,2.1987963281459555
5,15067,2.1452145233386912
5,8461,2.1207069710349353
5,2952,2.0059513766140955
5,16209,1.9591219182342496
5,19003,1.9033948498606759
5,4,1.5654232267406707
70,9928,2.8769449507981792
70,6323,2.657517790437988
70,15067,2.4412084025454313
70,7943,2.323004131812447
70,2952,2.26186549267619
70,8461,2.101485076994841
70,19004,1.9957105858997861
70,8342,1.862115560665562
70,11894,1.7545888850449072
70,16209,1.7041017593991536
135,6323,2.9354192114942737
135,9657,2.799638213624759
135,15067,2.707760800569907
135,7943,2.649981927256784
135,2952,2.430224780479628
135,8461,2.3249749421348573
135,19003,2.299861497985212
135,19001,2.2871756074348
135,19004,2.271823776761639
135,16209,2.1355912159189883
37,6323,2.9557922739457965
37,15067,2.578666456698205
37,8461,2.487191163044903
37,2952,2.4501791995741855
37,7943,2.4454278885659773
37,19001,2.249881382688784
37,16209,2.1250503847803253
37,8342,1.833190253737356
37,8418,1.807134112218938
37,17777,1.7911213122491967
6,6323,3.1555207244167227
6,7943,2.8073798260553913
6,19001,2.6382244529952996
6,15067,2.6379839796874034
6,2952,2.539797189256829
6,8461,2.326158991250284
6,16209,2.298328666156751
6,8342,1.999610029412815
6,12231,1.805122718856206
6,17777,1.731414680911545
137,6323,1.445820968555095
137,9928,1.3577673217470518
137,7943,1.1877954285878836
137,15067,1.1211872188255618
137,19003,1.0511974358081384
137,19004,1.0025460786236964
137,2952,0.9890649767142883
137,19001,0.980762262016027
137,8461,0.857081260116615
137,19043,0.8198888980770704
38,9928,1.6601145029477198
38,6323,1.639796567417431
38,15067,1.5011357261819058
38,7943,1.4255220963807882
38,2952,1.3689564634830995
38,19003,1.301668278710039
38,19001,1.2823324657120925
38,19004,1.2320968066229423
38,8461,1.1602082667108722
38,8342,1.098582066533111
68,6323,2.0173260379394673
68,15067,1.7718060267921902
68,9657,1.735432014993018
68,8461,1.6467018738047017
68,2952,1.572126099993002
68,7943,1.494629480813627
68,19001,1.3855966984632953
68,16209,1.3293775415332716
68,19003,1.3002907789315092
68,17777,1.2700793980271343
60,9928,4.8350712101314475
60,15067,4.484671139478813
60,19004,4.16762730743758
60,8461,3.584180588991288
60,19043,3.259620006633551
60,19030,3.1860722943685995
60,4,2.9287803333109808
60,8418,2.905750959424908
60,7974,2.8277744434364105
60,17777,2.771466196245611
51,2952,4.046444997590161
51,19001,3.8531440996261344
51,16209,3.091968319609502
51,17777,3.0173484747373607
51,1112,2.9203776523233644
51,18715,2.770883251855138
51,4144,2.7377927664440116
51,8418,2.683181185864757
51,19049,2.656935544881042
51,8703,2.570253513966864
19,19001,4.127404876247919
19,19003,3.93663241944569
19,19004,3.715508534489844
19,16209,3.405963775106237
19,4,2.9351843069961903
19,11894,2.8483894077889977
19,964,2.710320391565844
19,1112,2.649883125129996
19,19043,2.635693697699494
19,12231,2.6199628413057274
71,6323,1.326717843106415
71,9928,1.2824311548094052
71,2952,1.1527271476374708
71,15067,1.1491060824383679
71,19003,1.1277317321773415
71,19004,1.1161317301015676
71,19001,1.1093657039139087
71,7943,1.0851083252141815
71,8461,1.0331817396303897
71,19043,0.9223159713754606
72,6323,1.1803894023971693
72,9928,1.1002278264374001
72,19004,0.9934977351412567
72,15067,0.9526657134368337
72,7943,0.9138038345931788
72,2952,0.8824056909542842
72,19003,0.8771849524109028
72,8461,0.8332505368779769
72,19001,0.819589401185121
72,16209,0.7672581330425091
158,8764,1.4875748796311168
158,17779,1.435869246948766
158,6323,1.249305509742891
158,17785,1.2132905358442387
158,19049,1.0565639705841288
158,12416,0.9844947259410117
158,18676,0.9170501561103603
158,2358,0.8543085413197142
158,15230,0.8304980357303691
158,13980,0.8213888437107468
102,9657,4.929887089671539
102,2952,4.028116581665993
102,7943,3.5062928248399445
102,17777,2.921634208122134
102,1112,2.8398600231535798
102,18715,2.78805889780418
102,8418,2.75760157321933
102,19049,2.6955837020759046
102,4144,2.6351966019064115
102,19159,2.598090096961236
85,9928,3.3103909670402833
85,9657,2.796575989413849
85,2952,2.503554306768157
85,8461,2.4474087526838644
85,19004,2.2998801912182345
85,19001,2.2774806944018127
85,19003,2.0902262416317092
85,16209,1.9654450899079834
85,8342,1.961420810940723
85,17777,1.9092342864911105
110,9657,4.07807403721101
110,6323,3.8388656773715004
110,15067,3.7505772988763955
110,2952,3.2675363864372575
110,8461,3.0007546310839244
110,19001,2.9716424985721326
110,19030,2.710513449874613
110,19003,2.6551777412727744
110,1112,2.6301002174660244
110,8342,2.41914156559647
106,9928,0.8006498300256936
106,15067,0.791163549704642
106,7943,0.7247598787784761
106,2952,0.6891106183942599
106,19048,0.6574717689709269
106,6323,0.6404425449117361
106,17798,0.599785130796431
106,1112,0.5983854813040277
106,9657,0.592304051722866
106,19043,0.5544998811457803
160,9928,3.246550575473839
160,9657,3.2388989073523677
160,19001,2.639469387109558
160,19003,2.5968607103348527
160,19004,2.5766131420816496
160,8461,2.3886665476937274
160,16209,2.2358882868528203
160,17777,2.025163141001543
160,14412,1.85179593810543
160,19043,1.7755441243230434
161,9928,2.2935590871523113
161,15067,2.0586216529589967
161,6323,2.012885545283175
161,9657,1.8593227183524892
161,19001,1.7372001148870493
161,8461,1.6823964063349441
161,19003,1.4500098602715408
161,8342,1.4447804173488525
161,19004,1.4283267482670026
161,17777,1.41372948694675
122,9928,3.0942040076036204
122,6323,2.8468618437832736
122,9657,2.6824472197713787
122,15067,2.6309802996483924
122,2952,2.534641411137317
122,19001,2.514433987692221
122,8461,2.2298113096310006
122,8342,2.0024240942117792
122,19004,2.0008451816000177
122,16209,1.9488624118317581
111,9928,1.1484710306622627
111,15067,1.0220784653123522
111,2952,1.0198678037462072
111,6323,1.0160413814630074
111,9657,0.943073371889743
111,8461,0.8995951661666073
111,7943,0.8956751511222334
111,8342,0.8394678753826558
111,19003,0.8180206561558273
111,19004,0.809290265371158
96,6323,3.4087716262253913
96,2952,3.052786190589305
96,9657,2.9867956815493497
96,8461,2.872205258543048
96,19001,2.6840957392991314
96,8342,2.5852374045372475
96,19004,2.5445687504784935
96,19003,2.4720377268252474
96,17777,2.395076044861297
96,11894,2.246867573567915
131,9928,2.2582601281700323
131,9657,2.1052693183779994
131,15067,1.9279953013106943
131,19004,1.7756144864223145
131,2952,1.7617287657891698
131,7943,1.6864105908775948
131,8461,1.6221646481169085
131,19003,1.5758217770220826
131,17777,1.3750207683743088
131,8418,1.3659485187014566
92,9657,4.007649910858328
92,7943,3.592978073079725
92,15067,3.583566747905226
92,19004,3.425894996798068
92,19001,3.2928316885337914
92,17777,2.741093158504344
92,17779,2.559836977385759
92,8418,2.5097996821571016
92,1112,2.366945683830564
92,19043,2.269781132083402
82,9928,0.8147898820873951
82,8461,0.7755920007083597
82,2952,0.7195781717499411
82,9657,0.7147783177778927
82,7943,0.6764953830515438
82,19004,0.6698752617459661
82,15067,0.6417528787547709
82,19001,0.5796326898251797
82,1112,0.5752123264592358
82,11894,0.5722444583801943
123,9928,0.5749781983052709
123,8461,0.47949954868057976
123,9657,0.4710462215759684
123,6323,0.46985246594145313
123,2418,0.4441923284959969
123,8697,0.4137691398971942
123,10523,0.4079009089280726
123,16209,0.40621642653729806
123,7943,0.4019973978400787
123,8764,0.3951601506095057
129,9928,1.9078255010548515
129,9657,1.7715793616034519
129,19004,1.6681964756951295
129,8461,1.602964367951484
129,15067,1.5612688078093666
129,2952,1.471319368972432
129,7943,1.4019025761490043
129,16209,1.3951132091057645
129,5878,1.3809620789656818
129,17777,1.3712741061022187
49,19004,0.4832263047985881
49,5872,0.4397907080738149
49,13880,0.4162690658609441
49,9657,0.4072506857889749
49,14412,0.40420243444717213
49,14223,0.40090827583281846
49,319,0.37455849372453265
49,11900,0.36961892219396236
49,19534,0.36369979875147157
49,6323,0.35474243242475856
140,6323,3.33201192446958
140,9657,3.165523819421348
140,2952,2.865672409570859
140,19004,2.8157910663979058
140,19001,2.657134129946241
140,19003,2.432003848691697
140,16209,2.383307717152094
140,8342,2.2096504312017315
140,17777,2.0993155221171342
140,4,2.0627516599623794
86,9928,2.7859842449076124
86,9657,2.4723655700073928
86,7943,2.4621368874270617
86,2952,2.4275663125502085
86,15067,2.21201988725596
86,8461,2.1387962565463026
86,2418,2.134006628548843
86,19001,2.0460752295028053
86,19004,1.9552167278871746
86,16209,1.9350734178502154
11,9928,2.697458575355478
11,9657,2.5933970628288225
11,6323,2.568601877850715
11,15067,2.343542383628191
11,2952,2.1903475988224974
11,8461,2.104746642540294
11,7943,2.0547152187345223
11,19001,2.0146522479099076
11,8342,1.6972094792325982
11,16209,1.6375292249350255
93,9928,1.3741289910291106
93,15067,1.2795590492367157
93,2952,1.2133273111398717
93,6323,1.156139591157146
93,8461,1.0534387291410476
93,19001,1.0424181985675145
93,7943,1.0156740679022107
93,9657,0.9569214499181324
93,17777,0.9209246468322179
93,8418,0.9163016136376512
103,9657,0.9645092572492961
103,15067,0.8970267672314406
103,9928,0.8842853959504258
103,19001,0.8018714438191223
103,6323,0.770963315279163
103,7943,0.7578248038058295
103,7974,0.7550223361021028
103,19159,0.7447492589267681
103,19003,0.7314121707328473
103,2952,0.6899965811326375
159,9928,2.883941134092429
159,6323,2.6902868478673474
159,9657,2.332404958396248
159,2952,2.1480725332573085
159,8461,2.015256881238273
159,17777,1.9227541375143327
159,19003,1.8558183938136437
159,19004,1.8181524522852173
159,19001,1.7530798343083287
159,8342,1.7151538532202864
22,2952,2.2529673710199325
22,5878,2.1988172503027523
22,13983,2.1946870545575803
22,8461,2.084468465018426
22,10523,2.0719065615860126
22,2993,2.0311278907023693
22,8418,1.8646160308696456
22,8342,1.8137235346278346
22,7943,1.7465209722496997
22,15342,1.5977902319302375
55,15067,1.0073997544621165
55,9928,0.915913989530065
55,9657,0.8714714215239014
55,6323,0.8173529835056813
55,11894,0.8155961527072354
55,19001,0.8066313297669283
55,2952,0.7617267638603783
55,7943,0.7474345402902401
55,19159,0.7159777655638009
55,19030,0.6967680717283304
138,9928,1.5865150490927262
138,9657,1.5123590183229503
138,6323,1.4369118230748201
138,15067,1.4018570526340046
138,7943,1.3099888456002995
138,2952,1.2853550648660812
138,19001,1.2532157830667103
138,19004,1.2141671744877982
138,8461,1.2125129194064233
138,8342,1.0901991887086375
107,9657,2.145475606735635
107,9928,1.966507283572584
107,19001,1.8226704332374368
107,7943,1.8071892409293722
107,6323,1.7225138393376833
107,19003,1.641797294153
107,2952,1.6337920557911445
107,964,1.6315552760875474
107,11894,1.5838255119459825
107,8461,1.5325943251146161
132,6323,1.1248385575992128
132,9928,1.1168034353131304
132,9657,1.1004206729701143
132,7943,1.0329939706215026
132,2952,0.9051569736214954
132,8461,0.898446095796748
132,15067,0.8967402333190534
132,19003,0.8966782209004596
132,16209,0.8646137408851168
132,19001,0.8355102848387582
169,6323,1.72703121552007
169,9657,1.5251426022095145
169,15067,1.5217495499483138
169,8461,1.5184183067121664
169,19004,1.449447329111425
169,2952,1.4241474650386239
169,7943,1.3738573550455806
169,19001,1.2659864033769654
169,19003,1.2601626499455092
169,8418,1.257343433118137
76,17798,0.12935887702052087
76,1362,0.1273507363675967
76,19108,0.12275745743751915
76,201,0.11679069863148192
76,17782,0.11222171920775628
76,19628,0.11176824765541618
76,17803,0.11064966427952048
76,17022,0.10960254243982732
76,7323,0.10543173535042288
76,3281,0.10269491065384524
26,17782,0.5268856374156576
26,17797,0.48447484020682785
26,19000,0.4453013795953944
26,8395,0.4148168501750658
26,18357,0.3872898771823037
26,8696,0.38547952087927007
26,17803,0.36971246232659777
26,11613,0.36826954736276657
26,11847,0.3634459371790668
26,19106,0.3341094789557509
139,9657,0.933134109488768
139,9928,0.8836669308155672
139,15067,0.8196808707060173
139,2952,0.790426593413706
139,6323,0.7737881856032276
139,8461,0.7512354415720508
139,19001,0.6997375156741984
139,19004,0.6606351523372301
139,7943,0.6586884951395239
139,11894,0.6106005085494569
42,9928,0.5513642916698872
42,7943,0.49291668025593754
42,9657,0.48534931073536336
42,6323,0.48141838463020115
42,15067,0.41042439853793394
42,16209,0.4012606523885617
42,19004,0.39969620417806384
42,8461,0.3932996151751924
42,19003,0.37123499967621987
42,8764,0.3642603565341239
88,9928,1.6616788057244238
88,15067,1.5425664068750489
88,2952,1.4498976464636564
88,6323,1.429706772809143
88,19001,1.378498127158367
88,8461,1.3259110898698019
88,7943,1.2601039490818304
88,9657,1.2324149126756647
88,19003,1.1957636086142618
88,8418,1.1061514005283188
48,9928,1.2306512452496288
48,15067,1.132405759226963
48,9657,1.0621142012354454
48,2952,0.946678790005719
48,8461,0.902854071460887
48,19004,0.8846819341654031
48,7943,0.8762468254137532
48,19001,0.8022048725661106
48,17777,0.7224855121266069
48,8342,0.720669142270698
113,6323,1.0785331680007273
113,9928,0.9671578908582392
113,17779,0.9654512164442488
113,7943,0.9510542815303884
113,15342,0.9107702129602206
113,3883,0.889150024095773
113,19044,0.849580022325358
113,5504,0.8404053258548456
113,15594,0.771442735252799
113,19003,0.7615817092257435
28,9928,1.2817105418435266
28,9657,1.1846195260930092
28,19004,1.0940848140119508
28,15067,1.0375425902701598
28,8461,0.9481836455311816
28,7943,0.9278598714734934
28,2952,0.907219202812676
28,19003,0.8839437629880584
28,16209,0.8764640898044329
28,17777,0.8407101870904488
20,9928,2.4754182968771077
20,9657,2.138460730344976
20,15067,2.127213836585838
20,2952,1.942477166808711
20,7943,1.903566296602345
20,8461,1.8733577956792637
20,19004,1.853493205979112
20,17777,1.626930765008393
20,19003,1.6106617542339605
20,19001,1.5978884942248872
124,9928,1.4298313122187585
124,9657,1.3085523756416495
124,15067,1.2679831368457695
124,2952,1.1524101433713947
124,8461,1.1375674918783283
124,19004,1.1263233683332243
124,19001,1.052606327748182
124,7943,1.0206583822052182
124,16209,1.0097254388523587
124,19003,0.9460252589768215
27,9928,1.4064634364535764
27,15067,1.193293129090605
27,9657,1.0546031421264457
27,8461,0.9901949442164713
27,2952,0.9895353339373598
27,7943,0.9812109375358171
27,19004,0.9458431959746874
27,19001,0.8879544837249128
27,8342,0.8768663759623322
27,8418,0.8705431590582003
3,9928,1.6163051477588803
3,9657,1.46468577003788
3,15067,1.3602207166661173
3,2952,1.227924666918447
3,8461,1.195843839367458
3,7943,1.1891616310038686
3,19004,1.1819105697876906
3,19003,1.1551671739079092
3,19001,1.0594100384811855
3,16209,1.0498953862500904
65,9657,1.461642250294434
65,19004,1.2755799837902344
65,9928,1.2577592664211876
65,19003,1.074382939032307
65,7943,1.0533489400301888
65,19001,1.0397930278319982
65,15067,1.0389562484446302
65,14412,0.983565417517871
65,2952,0.9531270633378329
65,16209,0.9505704161517937
73,9928,1.1358288223845627
73,9657,1.1103118023097829
73,7943,0.9302250860763928
73,15067,0.9097753598638951
73,19003,0.900080825431528
73,19004,0.8858624159351495
73,2952,0.8837363112769763
73,19001,0.825120055459712
73,8461,0.8093493327918924
73,8418,0.7209594994592889
52,11420,0.16079726838274916
52,8666,0.15335620990888338
52,6296,0.1299008545817043
52,18109,0.12274714352173328
52,14543,0.12175653477464751
52,17793,0.1156534620616358
52,5120,0.11457707426535639
52,15362,0.11399048255847721
52,10364,0.11255708615689944
52,16197,0.11061036165880493
95,6323,1.2377794589244526
95,9657,1.107613963106057
95,19004,1.0542096116431252
95,9928,1.0530108075267974
95,8461,0.8183873503303185
95,2952,0.8099092171380082
95,15067,0.8019674871797022
95,19003,0.7568257998579887
95,5878,0.7288263430425757
95,14223,0.7067482905891856
90,9928,0.6443699757516984
90,8461,0.6360318388292945
90,9657,0.5832152503503668
90,16209,0.5738568414779336
90,8764,0.5615728757352746
90,15067,0.5558794530949815
90,7943,0.5483759217183409
90,19004,0.5341830044606137
90,2952,0.5276796060072669
90,19001,0.5152124103116833
141,1112,0.6971275906117685
141,19159,0.6842586736242252
141,8461,0.6670362369797297
141,9928,0.6017980633748009
141,19043,0.5966507263991682
141,15067,0.5923288327289251
141,9929,0.5851021690610727
141,4,0.574726268266044
141,11894,0.5531568439357955
141,964,0.5524055686064492
108,9928,0.9897096180693872
108,7943,0.9603004560589963
108,9657,0.9451283446974634
108,19001,0.8872479001680111
108,6323,0.8861862123277999
108,19003,0.8674720362749997
108,15067,0.8530333522706932
108,2952,0.797083751887345
108,8461,0.7095846400458535
108,19004,0.6742763956794995
56,6323,1.7004399955037548
56,9657,1.6122297614628827
56,7943,1.528666417259395
56,15067,1.4665228674005912
56,19003,1.4304141194484046
56,2952,1.3386601376000193
56,19001,1.3341431000294155
56,19004,1.3259033560771185
56,8461,1.2896081017567191
56,8342,1.146389736108829
45,6323,2.130797736872333
45,2952,1.959489071480065
45,7943,1.880705140829397
45,9657,1.843177116358024
45,8461,1.8345525083341498
45,19001,1.682647319760461
45,8342,1.646619242788365
45,19004,1.54350073891229
45,17777,1.5323463593790465
45,19003,1.4801430683602774
87,9928,1.6144587517196598
87,6323,1.5829133732321599
87,9657,1.4612339086958033
87,19003,1.264021539760507
87,7943,1.2637686600670779
87,2952,1.206964066180037
87,19001,1.1477067624233839
87,19004,1.1325748817171242
87,8342,1.1255476697282947
87,8461,1.106757167892252
133,9928,1.4010298018815048
133,6323,1.2759144018613335
133,15067,1.2618761717535512
133,9657,1.2242751007997335
133,2952,1.1699556853271373
133,19004,1.1223167980843933
133,16209,1.0970065265457092
133,19001,1.0765591255954865
133,7943,1.0208971083340121
133,19003,0.9448839191333815
80,19308,0.1279491240249524
80,10125,0.11084693495984729
80,12369,0.10352440848680318
80,5119,0.09821587375318182
80,7924,0.09480675358479156
80,8691,0.09374731923985423
80,15231,0.0913992951584305
80,8540,0.08881178321433542
80,7925,0.08819559223137007
80,17016,0.08781601832040496
143,9657,1.5561442676001631
143,6323,1.4973686647265867
143,7943,1.4071228184926672
143,15067,1.3395477895094752
143,2952,1.2556527006886784
143,8461,1.18741223396345
143,19001,1.1723215079166318
143,19003,1.167608699226915
143,19004,1.1259201045057057
143,11894,0.9844997675294431
78,17803,0.29878730602924647
78,11847,0.2792295586322422
78,6326,0.25295215691245276
78,12176,0.24804048949069737
78,19048,0.24426230469570692
78,15594,0.23988580574613327
78,1325,0.23866653536439408
78,14415,0.23754006296551622
78,7323,0.2262156928332061
78,17801,0.22549741234574505
101,15067,0.8906331878494095
101,9928,0.8641232983281545
101,6323,0.7031186434627147
101,2952,0.693967218387472
101,19001,0.6666863357206925
101,9657,0.6648903894739622
101,11894,0.6545254307607119
101,8342,0.6391020776931652
101,7943,0.623034404055806
101,8461,0.6170193505448665
7,12057,0.308645070636707
7,14091,0.3067527388026695
7,4638,0.30466011541533966
7,13987,0.30421084560522454
7,11912,0.30273327939893035
7,13511,0.2985065892167571
7,969,0.2868757626976616
7,8665,0.2865552042256887
7,8667,0.2782629500548651
7,9640,0.2778035336144048
35,15067,0.9946145119059813
35,9928,0.9621229954450438
35,7943,0.9488765500146186
35,9657,0.9250712524281208
35,6323,0.8867043792439903
35,19001,0.8749148200081672
35,2952,0.8014631502069143
35,19003,0.7897164900769862
35,964,0.6746310026495411
35,8342,0.6627703704365195
164,19001,0.7310745382085777
164,9657,0.7237900067235363
164,2952,0.6877965157732432
164,19003,0.6755594088517485
164,19004,0.6416997904741019
164,14412,0.6078471053470444
164,6323,0.5924749148733699
164,8342,0.5836555748333343
164,9928,0.5808443716382421
164,15067,0.5634785515121856
148,8773,0.181177935962421
148,469,0.16177542514465346
148,9900,0.15908641456442238
148,11608,0.15738979068817555
148,1121,0.14637075460061724
148,17012,0.1463163517116548
148,15061,0.1462116702439081
148,12122,0.14619524302520065
148,17828,0.1443141668062195
148,15992,0.14284728153877088
83,6323,0.5374247746691954
83,9657,0.5193907879951923
83,9928,0.43478865634010977
83,7943,0.4304281395265045
83,13880,0.39889011818351683
83,19004,0.36176091622721895
83,15067,0.3490957777256335
83,19001,0.34804264187634604
83,14412,0.34599742806927347
83,19030,0.34239204893419944
77,15717,0.29465498028475334
77,10885,0.28087984016853396
77,16209,0.27648061157541115
77,7874,0.26609961313493036
77,1136,0.26466203601046334
77,17771,0.2629347919935569
77,8587,0.26026715008920465
77,19004,0.2579669907250556
77,3885,0.25714979171980434
77,10250,0.2570750976413752
