9657,255,10.0
9657,824,9.0
9657,78,9.0
9657,119,9.0
9657,22,7.0
9657,416,7.0
9657,89,7.0
9657,189,7.0
9657,19,7.0
9657,284,6.0
1550,255,10.0
1550,119,9.0
1550,78,9.0
1550,189,9.0
1550,94,9.0
1550,190,9.0
1550,416,7.0
1550,134,7.0
1550,399,7.0
1550,22,7.0
17924,78,9.0
17924,119,9.0
17924,824,9.0
17924,89,7.0
17924,189,7.0
17924,22,7.0
17924,16,7.0
17924,416,7.0
17924,134,7.0
17924,19,7.0
4672,255,10.0
4672,119,9.0
4672,189,9.0
4672,94,9.0
4672,78,9.0
4672,190,9.0
4672,416,7.0
4672,287,7.0
4672,399,7.0
4672,134,7.0
8497,255,10.0
8497,78,9.0
8497,190,9.0
8497,189,9.0
8497,119,9.0
8497,94,9.0
8497,824,9.0
8497,22,7.0
8497,134,7.0
8497,399,7.0
9070,255,10.0
9070,119,9.0
9070,189,9.0
9070,78,9.0
9070,94,9.0
9070,89,7.0
9070,134,7.0
9070,22,7.0
9070,416,7.0
9070,19,7.0
16845,255,10.0
16845,416,10.0
16845,119,9.0
16845,94,9.0
16845,190,9.0
16845,78,9.0
16845,189,9.0
16845,824,9.0
16845,22,7.0
16845,399,7.0
7943,255,10.0
7943,94,9.0
7943,416,7.0
7943,89,7.0
7943,134,7.0
7943,22,7.0
7943,19,7.0
7943,352,6.0
7943,476,5.0
7943,190,5.0
8348,255,10.0
8348,78,9.0
8348,190,9.0
8348,189,9.0
8348,119,9.0
8348,94,9.0
8348,287,7.0
8348,416,7.0
8348,22,7.0
8348,399,7.0
7974,824,9.0
7974,78,9.0
7974,22,7.0
7974,134,7.0
7974,89,7.0
7974,16,7.0
7974,416,7.0
7974,19,7.0
7974,284,6.0
7974,59,6.0
19001,94,9.0
19001,824,9.0
19001,78,9.0
19001,22,7.0
19001,134,7.0
19001,89,7.0
19001,416,7.0
19001,19,7.0
19001,284,6.0
19001,59,6.0
5878,255,10.0
5878,119,9.0
5878,78,9.0
5878,89,7.0
5878,134,7.0
5878,416,7.0
5878,19,7.0
5878,284,6.0
5878,352,6.0
5878,264,6.0
19049,255,10.0
19049,119,9.0
19049,78,9.0
19049,416,7.0
19049,399,7.0
19049,134,7.0
19049,22,7.0
19049,287,7.0
19049,19,7.0
19049,352,6.0
1359,189,9.0
1359,824,9.0
1359,119,9.0
1359,94,9.0
1359,416,7.0
1359,22,7.0
1359,78,7.0
1359,134,7.0
1359,19,7.0
1359,362,6.0
8347,255,10.0
8347,119,9.0
8347,78,9.0
8347,189,9.0
8347,94,9.0
8347,190,9.0
8347,416,7.0
8347,134,7.0
8347,399,7.0
8347,22,7.0
19003,255,10.0
19003,824,9.0
19003,89,7.0
19003,189,7.0
19003,416,7.0
19003,22,7.0
19003,134,7.0
19003,19,7.0
19003,352,6.0
19003,264,6.0
12415,78,9.0
12415,94,9.0
12415,89,7.0
12415,399,7.0
12415,416,7.0
12415,22,7.0
12415,19,7.0
12415,134,6.0
12415,59,6.0
12415,362,6.0
11894,78,9.0
11894,824,9.0
11894,189,9.0
11894,89,7.0
11894,16,7.0
11894,22,7.0
11894,416,7.0
11894,134,7.0
11894,19,7.0
11894,352,6.0
19000,255,10.0
19000,189,9.0
19000,119,9.0
19000,78,9.0
19000,94,9.0
19000,824,9.0
19000,89,7.0
19000,22,7.0
19000,134,7.0
19000,416,7.0
19030,255,10.0
19030,190,10.0
19030,78,9.0
19030,134,7.0
19030,16,7.0
19030,416,7.0
19030,399,7.0
19030,189,7.0
19030,22,7.0
19030,89,7.0
4729,255,10.0
4729,119,9.0
4729,78,9.0
4729,189,9.0
4729,94,9.0
4729,190,9.0
4729,416,7.0
4729,134,7.0
4729,399,7.0
4729,22,7.0
18257,190,10.0
18257,824,9.0
18257,189,9.0
18257,78,9.0
18257,94,9.0
18257,22,7.0
18257,399,7.0
18257,89,7.0
18257,416,7.0
18257,19,7.0
5872,255,10.0
5872,190,10.0
5872,119,9.0
5872,78,9.0
5872,94,9.0
5872,134,7.0
5872,416,7.0
5872,22,7.0
5872,89,7.0
5872,16,7.0
12414,824,9.0
12414,78,9.0
12414,94,9.0
12414,416,7.0
12414,89,7.0
12414,134,7.0
12414,22,7.0
12414,19,7.0
12414,284,6.0
12414,264,6.0
8173,78,9.0
8173,94,9.0
8173,89,7.0
8173,399,7.0
8173,416,7.0
8173,22,7.0
8173,19,7.0
8173,134,6.0
8173,59,6.0
8173,362,6.0
4588,824,9.0
4588,189,9.0
4588,78,9.0
4588,190,9.0
4588,94,9.0
4588,22,7.0
4588,399,7.0
4588,89,7.0
4588,416,7.0
4588,19,7.0
19008,255,10.0
19008,190,10.0
19008,119,9.0
19008,78,9.0
19008,94,9.0
19008,134,7.0
19008,416,7.0
19008,22,7.0
19008,19,7.0
19008,399,7.0
7796,190,10.0
7796,824,9.0
7796,189,9.0
7796,78,9.0
7796,94,9.0
7796,22,7.0
7796,399,7.0
7796,89,7.0
7796,416,7.0
7796,19,7.0
16513,190,10.0
16513,824,9.0
16513,189,9.0
16513,78,9.0
16513,94,9.0
16513,22,7.0
16513,399,7.0
16513,89,7.0
16513,416,7.0
16513,19,7.0
319,255,10.0
319,190,10.0
319,189,9.0
319,78,9.0
319,824,9.0
319,89,7.0
319,399,7.0
319,416,7.0
319,287,7.0
319,22,7.0
4696,255,10.0
4696,119,9.0
4696,78,9.0
4696,189,9.0
4696,94,9.0
4696,190,9.0
4696,416,7.0
4696,134,7.0
4696,399,7.0
4696,22,7.0
11917,255,10.0
11917,119,9.0
11917,78,9.0
11917,189,9.0
11917,94,9.0
11917,190,9.0
11917,416,7.0
11917,134,7.0
11917,399,7.0
11917,22,7.0
5120,416,10.0
5120,78,9.0
5120,119,9.0
5120,190,9.0
5120,189,9.0
5120,94,9.0
5120,824,9.0
5120,287,7.0
5120,22,7.0
5120,399,7.0
4304,255,10.0
4304,78,9.0
4304,190,9.0
4304,189,9.0
4304,119,9.0
4304,94,9.0
4304,287,7.0
4304,416,7.0
4304,22,7.0
4304,399,7.0
18260,255,10.0
18260,119,9.0
18260,189,9.0
18260,78,9.0
18260,190,9.0
18260,416,7.0
18260,134,7.0
18260,22,7.0
18260,287,7.0
18260,399,7.0
4,255,10.0
4,119,9.0
4,190,9.0
4,78,9.0
4,94,9.0
4,824,9.0
4,22,7.0
4,134,7.0
4,16,7.0
4,399,7.0
19029,190,10.0
19029,189,9.0
19029,78,9.0
19029,824,9.0
19029,89,7.0
19029,416,7.0
19029,22,7.0
19029,399,7.0
19029,134,7.0
19029,287,7.0
8342,255,10.0
8342,78,9.0
8342,824,9.0
8342,399,7.0
8342,416,7.0
8342,22,7.0
8342,89,7.0
8342,134,7.0
8342,19,7.0
8342,352,6.0
19048,255,10.0
19048,78,9.0
19048,189,9.0
19048,119,9.0
19048,94,9.0
19048,824,9.0
19048,416,7.0
19048,287,7.0
19048,22,7.0
19048,134,7.0
18251,255,10.0
18251,824,9.0
18251,78,9.0
18251,189,9.0
18251,119,9.0
18251,89,7.0
18251,134,7.0
18251,22,7.0
18251,416,7.0
18251,19,7.0
2090,255,10.0
2090,190,10.0
2090,189,9.0
2090,78,9.0
2090,824,9.0
2090,89,7.0
2090,399,7.0
2090,416,7.0
2090,287,7.0
2090,22,7.0
19159,255,10.0
19159,190,10.0
19159,189,9.0
19159,78,9.0
19159,824,9.0
19159,89,7.0
19159,399,7.0
19159,416,7.0
19159,287,7.0
19159,22,7.0
19018,190,10.0
19018,78,9.0
19018,94,9.0
19018,89,7.0
19018,287,7.0
19018,22,7.0
19018,399,7.0
19018,134,7.0
19018,416,7.0
19018,19,7.0
14223,78,9.0
14223,824,9.0
14223,89,7.0
14223,19,7.0
14223,134,7.0
14223,416,7.0
14223,22,7.0
14223,59,6.0
14223,284,6.0
14223,352,6.0
19534,255,10.0
19534,119,9.0
19534,189,9.0
19534,78,9.0
19534,190,9.0
19534,416,7.0
19534,16,7.0
19534,22,7.0
19534,134,7.0
19534,399,7.0
8289,190,10.0
8289,824,9.0
8289,189,9.0
8289,78,9.0
8289,94,9.0
8289,22,7.0
8289,399,7.0
8289,89,7.0
8289,416,7.0
8289,19,7.0
15596,255,10.0
15596,78,9.0
15596,190,9.0
15596,189,9.0
15596,119,9.0
15596,94,9.0
15596,287,7.0
15596,416,7.0
15596,22,7.0
15596,399,7.0
18249,255,10.0
18249,190,10.0
18249,78,9.0
18249,94,9.0
18249,189,9.0
18249,824,9.0
18249,89,7.0
18249,399,7.0
18249,416,7.0
18249,134,7.0
10885,255,10.0
10885,78,9.0
10885,190,9.0
10885,189,9.0
10885,119,9.0
10885,94,9.0
10885,287,7.0
10885,416,7.0
10885,22,7.0
10885,399,7.0
19046,255,10.0
19046,78,9.0
19046,190,9.0
19046,189,9.0
19046,119,9.0
19046,94,9.0
19046,134,7.0
19046,416,7.0
19046,22,7.0
19046,399,7.0
10369,190,10.0
10369,824,9.0
10369,189,9.0
10369,78,9.0
10369,94,9.0
10369,22,7.0
10369,399,7.0
10369,89,7.0
10369,416,7.0
10369,19,7.0
4693,255,10.0
4693,190,10.0
4693,189,9.0
4693,78,9.0
4693,824,9.0
4693,16,7.0
4693,399,7.0
4693,287,7.0
4693,134,7.0
4693,22,7.0
12411,255,10.0
12411,824,9.0
12411,78,9.0
12411,119,9.0
12411,189,9.0
12411,416,7.0
12411,134,7.0
12411,89,7.0
12411,22,7.0
12411,19,7.0
16398,255,10.0
16398,824,9.0
16398,94,9.0
16398,189,9.0
16398,78,9.0
16398,416,7.0
16398,134,7.0
16398,89,7.0
16398,22,7.0
16398,19,7.0
18259,255,10.0
18259,119,9.0
18259,190,9.0
18259,78,9.0
18259,189,9.0
18259,94,9.0
18259,824,9.0
18259,134,7.0
18259,416,7.0
18259,399,7.0
8543,255,10.0
8543,824,9.0
8543,189,9.0
8543,78,9.0
8543,89,7.0
8543,134,7.0
8543,416,7.0
8543,22,7.0
8543,19,7.0
8543,352,6.0
19024,255,10.0
19024,78,9.0
19024,94,9.0
19024,89,7.0
19024,399,7.0
19024,416,7.0
19024,189,7.0
19024,22,7.0
19024,134,7.0
19024,19,7.0
18256,255,10.0
18256,119,9.0
18256,189,9.0
18256,94,9.0
18256,190,9.0
18256,22,7.0
18256,416,7.0
18256,134,7.0
18256,19,7.0
18256,399,7.0
4634,190,10.0
4634,78,9.0
4634,824,9.0
4634,94,9.0
4634,22,7.0
4634,89,7.0
4634,399,7.0
4634,416,7.0
4634,19,7.0
4634,59,6.0
465,255,10.0
465,119,9.0
465,190,9.0
465,78,9.0
465,189,9.0
465,94,9.0
465,824,9.0
465,134,7.0
465,287,7.0
465,399,7.0
5924,416,10.0
5924,255,10.0
5924,78,9.0
5924,119,9.0
5924,824,9.0
5924,189,9.0
5924,94,9.0
5924,134,7.0
5924,22,7.0
5924,399,7.0
19034,78,9.0
19034,190,9.0
19034,189,9.0
19034,119,9.0
19034,94,9.0
19034,824,9.0
19034,134,7.0
19034,89,7.0
19034,416,7.0
19034,399,7.0
8773,190,10.0
8773,824,9.0
8773,189,9.0
8773,78,9.0
8773,94,9.0
8773,22,7.0
8773,399,7.0
8773,89,7.0
8773,416,7.0
8773,19,7.0
469,255,10.0
469,119,9.0
469,189,9.0
469,78,9.0
469,190,9.0
469,416,7.0
469,134,7.0
469,22,7.0
469,287,7.0
469,399,7.0
18649,824,9.0
18649,189,9.0
18649,78,9.0
18649,190,9.0
18649,94,9.0
18649,22,7.0
18649,399,7.0
18649,89,7.0
18649,416,7.0
18649,19,7.0
19033,255,10.0
19033,78,9.0
19033,824,9.0
19033,189,9.0
19033,119,9.0
19033,94,9.0
19033,134,7.0
19033,416,7.0
19033,22,7.0
19033,399,7.0
4310,190,10.0
4310,78,9.0
4310,824,9.0
4310,94,9.0
4310,22,7.0
4310,89,7.0
4310,399,7.0
4310,416,7.0
4310,19,7.0
4310,59,6.0
5873,255,10.0
5873,119,9.0
5873,189,9.0
5873,78,9.0
5873,190,9.0
5873,416,7.0
5873,134,7.0
5873,22,7.0
5873,287,7.0
5873,399,7.0
11908,255,10.0
11908,190,10.0
11908,119,9.0
11908,824,9.0
11908,189,9.0
11908,78,9.0
11908,94,9.0
11908,134,7.0
11908,22,7.0
11908,416,7.0
18070,255,10.0
18070,190,10.0
18070,119,9.0
18070,189,9.0
18070,78,9.0
18070,416,7.0
18070,287,7.0
18070,22,7.0
18070,362,7.0
18070,399,7.0
14822,255,10.0
14822,78,9.0
14822,190,9.0
14822,189,9.0
14822,119,9.0
14822,94,9.0
14822,287,7.0
14822,416,7.0
14822,22,7.0
14822,399,7.0
18999,255,10.0
18999,119,9.0
18999,189,9.0
18999,78,9.0
18999,94,9.0
18999,824,9.0
18999,416,7.0
18999,287,7.0
18999,22,7.0
18999,134,7.0
14091,255,10.0
14091,190,10.0
14091,119,9.0
14091,824,9.0
14091,189,9.0
14091,78,9.0
14091,94,9.0
14091,134,7.0
14091,22,7.0
14091,416,7.0
1023,255,10.0
1023,119,9.0
1023,78,9.0
1023,189,9.0
1023,94,9.0
1023,190,9.0
1023,416,7.0
1023,134,7.0
1023,399,7.0
1023,22,7.0
3783,255,10.0
3783,190,10.0
3783,119,9.0
3783,189,9.0
3783,78,9.0
3783,824,9.0
3783,134,7.0
3783,287,7.0
3783,416,7.0
3783,22,7.0
19913,255,10.0
19913,119,9.0
19913,78,9.0
19913,189,9.0
19913,94,9.0
19913,190,9.0
19913,416,7.0
19913,134,7.0
19913,399,7.0
19913,22,7.0
19012,255,10.0
19012,119,9.0
19012,189,9.0
19012,78,9.0
19012,190,9.0
19012,416,7.0
19012,134,7.0
19012,22,7.0
19012,287,7.0
19012,399,7.0
11918,255,10.0
11918,119,9.0
11918,78,9.0
11918,189,9.0
11918,94,9.0
11918,190,9.0
11918,416,7.0
11918,134,7.0
11918,399,7.0
11918,22,7.0
11912,190,10.0
11912,119,9.0
11912,189,9.0
11912,78,9.0
11912,134,7.0
11912,22,7.0
11912,416,7.0
11912,399,7.0
11912,19,7.0
11912,284,6.0
19022,255,10.0
19022,119,9.0
19022,78,9.0
19022,189,9.0
19022,94,9.0
19022,190,9.0
19022,416,7.0
19022,134,7.0
19022,399,7.0
19022,22,7.0
18250,190,10.0
18250,824,9.0
18250,189,9.0
18250,78,9.0
18250,94,9.0
18250,22,7.0
18250,399,7.0
18250,89,7.0
18250,416,7.0
18250,19,7.0
19028,255,10.0
19028,119,9.0
19028,78,9.0
19028,189,9.0
19028,94,9.0
19028,190,9.0
19028,416,7.0
19028,134,7.0
19028,399,7.0
19028,22,7.0
12350,255,10.0
12350,119,9.0
12350,189,9.0
12350,78,9.0
12350,190,9.0
12350,416,7.0
12350,134,7.0
12350,22,7.0
12350,287,7.0
12350,399,7.0
19021,255,10.0
19021,119,9.0
19021,78,9.0
19021,189,9.0
19021,94,9.0
19021,190,9.0
19021,416,7.0
19021,134,7.0
19021,399,7.0
19021,22,7.0
11911,416,10.0
11911,119,9.0
11911,78,9.0
11911,189,9.0
11911,94,9.0
11911,190,9.0
11911,287,7.0
11911,134,7.0
11911,399,7.0
11911,22,7.0
80,255,10.0
80,119,9.0
80,78,9.0
80,189,9.0
80,94,9.0
80,190,9.0
80,416,7.0
80,134,7.0
80,399,7.0
80,22,7.0
19043,94,9.0
19043,78,9.0
19043,89,7.0
19043,399,7.0
19043,416,7.0
19043,22,7.0
19043,134,7.0
19043,19,7.0
19043,284,6.0
19043,264,6.0
11903,190,10.0
11903,255,10.0
11903,94,9.0
11903,189,9.0
11903,78,9.0
11903,824,9.0
11903,89,7.0
11903,134,7.0
11903,22,7.0
11903,416,7.0
19044,255,10.0
19044,190,10.0
19044,824,9.0
19044,189,9.0
19044,78,9.0
19044,22,7.0
19044,134,7.0
19044,89,7.0
19044,416,7.0
19044,19,7.0
8335,190,10.0
8335,119,9.0
8335,78,9.0
8335,94,9.0
8335,287,7.0
8335,134,7.0
8335,416,7.0
8335,22,7.0
8335,399,7.0
8335,19,7.0
4633,255,10.0
4633,119,9.0
4633,78,9.0
4633,189,9.0
4633,94,9.0
4633,190,9.0
4633,416,7.0
4633,134,7.0
4633,399,7.0
4633,22,7.0
4448,189,9.0
4448,824,9.0
4448,119,9.0
4448,94,9.0
4448,416,7.0
4448,22,7.0
4448,78,7.0
4448,134,7.0
4448,19,7.0
4448,362,6.0
11899,189,9.0
11899,824,9.0
11899,119,9.0
11899,94,9.0
11899,416,7.0
11899,22,7.0
11899,78,7.0
11899,134,7.0
11899,19,7.0
11899,362,6.0
10748,78,9.0
10748,119,9.0
10748,94,9.0
10748,287,7.0
10748,416,7.0
10748,134,7.0
10748,22,7.0
10748,399,7.0
10748,19,7.0
10748,362,6.0
11901,255,10.0
11901,78,9.0
11901,190,9.0
11901,189,9.0
11901,119,9.0
11901,94,9.0
11901,287,7.0
11901,416,7.0
11901,22,7.0
11901,399,7.0
18230,255,10.0
18230,78,9.0
18230,119,9.0
18230,189,9.0
18230,190,9.0
18230,416,7.0
18230,287,7.0
18230,399,7.0
18230,134,7.0
18230,22,7.0
11909,255,10.0
11909,119,9.0
11909,78,9.0
11909,189,9.0
11909,94,9.0
11909,190,9.0
11909,416,7.0
11909,134,7.0
11909,399,7.0
11909,22,7.0
7727,824,9.0
7727,189,9.0
7727,78,9.0
7727,190,9.0
7727,94,9.0
7727,22,7.0
7727,399,7.0
7727,89,7.0
7727,416,7.0
7727,19,7.0
11907,255,10.0
11907,190,10.0
11907,78,9.0
11907,824,9.0
11907,89,7.0
11907,134,7.0
11907,416,7.0
11907,399,7.0
11907,22,7.0
11907,287,7.0
6527,824,9.0
6527,189,9.0
6527,78,9.0
6527,190,9.0
6527,94,9.0
6527,22,7.0
6527,399,7.0
6527,89,7.0
6527,416,7.0
6527,19,7.0
19041,255,10.0
19041,119,9.0
19041,78,9.0
19041,189,9.0
19041,94,9.0
19041,190,9.0
19041,416,7.0
19041,134,7.0
19041,399,7.0
19041,22,7.0
8324,255,10.0
8324,119,9.0
8324,78,9.0
8324,189,9.0
8324,94,9.0
8324,190,9.0
8324,416,7.0
8324,134,7.0
8324,399,7.0
8324,22,7.0
11910,255,10.0
11910,119,9.0
11910,189,9.0
11910,78,9.0
11910,190,9.0
11910,416,7.0
11910,134,7.0
11910,22,7.0
11910,287,7.0
11910,399,7.0
502,255,10.0
502,190,10.0
502,78,9.0
502,824,9.0
502,189,9.0
502,119,9.0
502,94,9.0
502,134,7.0
502,287,7.0
502,22,7.0
6973,255,10.0
6973,119,9.0
6973,78,9.0
6973,189,9.0
6973,94,9.0
6973,190,9.0
6973,416,7.0
6973,134,7.0
6973,399,7.0
6973,22,7.0
19042,255,10.0
19042,119,9.0
19042,189,9.0
19042,78,9.0
19042,94,9.0
19042,190,9.0
19042,134,7.0
19042,16,7.0
19042,399,7.0
19042,287,7.0
18185,255,10.0
18185,78,9.0
18185,190,9.0
18185,189,9.0
18185,119,9.0
18185,94,9.0
18185,134,7.0
18185,416,7.0
18185,22,7.0
18185,399,7.0
10265,255,10.0
10265,119,9.0
10265,189,9.0
10265,78,9.0
10265,190,9.0
10265,416,7.0
10265,134,7.0
10265,22,7.0
10265,287,7.0
10265,399,7.0
5606,255,10.0
5606,119,9.0
5606,78,9.0
5606,189,9.0
5606,94,9.0
5606,190,9.0
5606,416,7.0
5606,19,7.0
5606,22,7.0
5606,399,7.0
19004,78,9.0
19004,89,7.0
19004,22,7.0
19004,416,7.0
19004,19,7.0
19004,284,6.0
19004,352,6.0
19004,59,6.0
19004,362,6.0
19004,190,5.0
6128,416,10.0
6128,119,9.0
6128,78,9.0
6128,189,9.0
6128,94,9.0
6128,190,9.0
6128,287,7.0
6128,134,7.0
6128,399,7.0
6128,22,7.0
15717,255,10.0
15717,190,10.0
15717,78,9.0
15717,119,9.0
15717,189,9.0
15717,94,9.0
15717,22,7.0
15717,416,7.0
15717,134,7.0
15717,16,7.0
13880,255,10.0
13880,190,10.0
13880,78,9.0
13880,189,9.0
13880,134,7.0
13880,399,7.0
13880,416,7.0
13880,22,7.0
13880,287,7.0
13880,89,7.0
14062,190,10.0
14062,824,9.0
14062,189,9.0
14062,78,9.0
14062,94,9.0
14062,22,7.0
14062,399,7.0
14062,89,7.0
14062,416,7.0
14062,19,7.0
98,255,10.0
98,119,9.0
98,78,9.0
98,189,9.0
98,94,9.0
98,190,9.0
98,416,7.0
98,134,7.0
98,399,7.0
98,22,7.0
12122,255,10.0
12122,78,9.0
12122,190,9.0
12122,189,9.0
12122,119,9.0
12122,94,9.0
12122,134,7.0
12122,416,7.0
12122,22,7.0
12122,399,7.0
11919,255,10.0
11919,119,9.0
11919,189,9.0
11919,78,9.0
11919,190,9.0
11919,416,7.0
11919,134,7.0
11919,22,7.0
11919,287,7.0
11919,399,7.0
19035,255,10.0
19035,119,9.0
19035,189,9.0
19035,78,9.0
19035,190,9.0
19035,416,7.0
19035,16,7.0
19035,22,7.0
19035,134,7.0
19035,399,7.0
6528,255,10.0
6528,78,9.0
6528,190,9.0
6528,189,9.0
6528,119,9.0
6528,94,9.0
6528,134,7.0
6528,416,7.0
6528,22,7.0
6528,399,7.0
12416,255,10.0
12416,119,9.0
12416,78,9.0
12416,189,9.0
12416,94,9.0
12416,190,9.0
12416,416,7.0
12416,134,7.0
12416,399,7.0
12416,22,7.0
7333,416,10.0
7333,119,9.0
7333,78,9.0
7333,189,9.0
7333,94,9.0
7333,190,9.0
7333,287,7.0
7333,134,7.0
7333,399,7.0
7333,22,7.0
19138,255,10.0
19138,119,9.0
19138,189,9.0
19138,78,9.0
19138,190,9.0
19138,416,7.0
19138,134,7.0
19138,22,7.0
19138,287,7.0
19138,399,7.0
6526,255,10.0
6526,119,9.0
6526,78,9.0
6526,189,9.0
6526,94,9.0
6526,190,9.0
6526,416,7.0
6526,134,7.0
6526,399,7.0
6526,22,7.0
19027,255,10.0
19027,119,9.0
19027,78,9.0
19027,189,9.0
19027,94,9.0
19027,190,9.0
19027,416,7.0
19027,134,7.0
19027,399,7.0
19027,22,7.0
15594,255,10.0
15594,119,9.0
15594,189,9.0
15594,78,9.0
15594,94,9.0
15594,190,9.0
15594,416,7.0
15594,16,7.0
15594,399,7.0
15594,287,7.0
8917,255,10.0
8917,190,9.0
8917,78,9.0
8917,119,9.0
8917,94,9.0
8917,824,9.0
8917,22,7.0
8917,134,7.0
8917,399,7.0
8917,287,7.0
19011,255,10.0
19011,119,9.0
19011,189,9.0
19011,78,9.0
19011,94,9.0
19011,190,9.0
19011,134,7.0
19011,16,7.0
19011,399,7.0
19011,287,7.0
11904,255,10.0
11904,78,9.0
11904,190,9.0
11904,189,9.0
11904,119,9.0
11904,94,9.0
11904,824,9.0
11904,22,7.0
11904,134,7.0
11904,399,7.0
6553,255,10.0
6553,119,9.0
6553,78,9.0
6553,189,9.0
6553,94,9.0
6553,190,9.0
6553,416,7.0
6553,134,7.0
6553,399,7.0
6553,22,7.0
14738,255,10.0
14738,119,9.0
14738,78,9.0
14738,189,9.0
14738,94,9.0
14738,190,9.0
14738,416,7.0
14738,134,7.0
14738,399,7.0
14738,22,7.0
7645,255,10.0
7645,119,9.0
7645,78,9.0
7645,189,9.0
7645,94,9.0
7645,190,9.0
7645,416,7.0
7645,134,7.0
7645,399,7.0
7645,22,7.0
13564,255,10.0
13564,78,9.0
13564,190,9.0
13564,189,9.0
13564,119,9.0
13564,94,9.0
13564,287,7.0
13564,416,7.0
13564,22,7.0
13564,399,7.0
1013,255,10.0
1013,119,9.0
1013,78,9.0
1013,189,9.0
1013,94,9.0
1013,190,9.0
1013,416,7.0
1013,134,7.0
1013,399,7.0
1013,22,7.0
18231,255,10.0
18231,119,9.0
18231,78,9.0
18231,189,9.0
18231,94,9.0
18231,190,9.0
18231,416,7.0
18231,134,7.0
18231,399,7.0
18231,22,7.0
3736,255,10.0
3736,119,9.0
3736,78,9.0
3736,189,9.0
3736,94,9.0
3736,190,9.0
3736,416,7.0
3736,134,7.0
3736,399,7.0
3736,22,7.0
5119,416,10.0
5119,255,10.0
5119,78,9.0
5119,119,9.0
5119,190,9.0
5119,189,9.0
5119,94,9.0
5119,134,7.0
5119,22,7.0
5119,399,7.0
11915,255,10.0
11915,119,9.0
11915,189,9.0
11915,78,9.0
11915,287,7.0
11915,16,7.0
11915,22,7.0
11915,134,7.0
11915,399,7.0
11915,416,7.0
18261,255,10.0
18261,119,9.0
18261,78,9.0
18261,189,9.0
18261,94,9.0
18261,190,9.0
18261,416,7.0
18261,134,7.0
18261,399,7.0
18261,22,7.0
11900,190,10.0
11900,824,9.0
11900,189,9.0
11900,78,9.0
11900,94,9.0
11900,22,7.0
11900,399,7.0
11900,89,7.0
11900,416,7.0
11900,19,7.0
6788,255,10.0
6788,78,9.0
6788,119,9.0
6788,190,9.0
6788,189,9.0
6788,94,9.0
6788,824,9.0
6788,416,7.0
6788,22,7.0
6788,399,7.0
16835,416,10.0
16835,119,9.0
16835,78,9.0
16835,189,9.0
16835,94,9.0
16835,190,9.0
16835,287,7.0
16835,134,7.0
16835,399,7.0
16835,22,7.0
19201,255,10.0
19201,119,9.0
19201,78,9.0
19201,189,9.0
19201,94,9.0
19201,190,9.0
19201,416,7.0
19201,134,7.0
19201,399,7.0
19201,22,7.0
19038,416,10.0
19038,255,10.0
19038,78,9.0
19038,119,9.0
19038,824,9.0
19038,189,9.0
19038,94,9.0
19038,134,7.0
19038,22,7.0
19038,399,7.0
5925,255,10.0
5925,119,9.0
5925,189,9.0
5925,78,9.0
5925,190,9.0
5925,416,7.0
5925,134,7.0
5925,22,7.0
5925,287,7.0
5925,399,7.0
16836,416,10.0
16836,119,9.0
16836,78,9.0
16836,189,9.0
16836,94,9.0
16836,190,9.0
16836,287,7.0
16836,134,7.0
16836,399,7.0
16836,22,7.0
19013,255,10.0
19013,78,9.0
19013,190,9.0
19013,189,9.0
19013,119,9.0
19013,94,9.0
19013,134,7.0
19013,416,7.0
19013,22,7.0
19013,399,7.0
19015,255,10.0
19015,78,9.0
19015,190,9.0
19015,189,9.0
19015,119,9.0
19015,94,9.0
19015,134,7.0
19015,416,7.0
19015,22,7.0
19015,399,7.0
417,255,10.0
417,119,9.0
417,78,9.0
417,189,9.0
417,94,9.0
417,190,9.0
417,416,7.0
417,134,7.0
417,399,7.0
417,22,7.0
19005,255,10.0
19005,189,9.0
19005,190,9.0
19005,78,9.0
19005,119,9.0
19005,94,9.0
19005,134,7.0
19005,287,7.0
19005,399,7.0
19005,16,7.0
14710,255,10.0
14710,119,9.0
14710,78,9.0
14710,189,9.0
14710,94,9.0
14710,190,9.0
14710,416,7.0
14710,134,7.0
14710,399,7.0
14710,22,7.0
9900,255,10.0
9900,119,9.0
9900,189,9.0
9900,78,9.0
9900,190,9.0
9900,416,7.0
9900,134,7.0
9900,22,7.0
9900,287,7.0
9900,399,7.0
10091,255,10.0
10091,190,10.0
10091,94,9.0
10091,824,9.0
10091,78,9.0
10091,189,9.0
10091,22,7.0
10091,89,7.0
10091,416,7.0
10091,134,7.0
6754,255,10.0
6754,78,9.0
6754,190,9.0
6754,189,9.0
6754,119,9.0
6754,94,9.0
6754,824,9.0
6754,22,7.0
6754,134,7.0
6754,399,7.0
19045,190,10.0
19045,78,9.0
19045,94,9.0
19045,89,7.0
19045,287,7.0
19045,22,7.0
19045,399,7.0
19045,134,7.0
19045,416,7.0
19045,19,7.0
418,255,10.0
418,78,9.0
418,119,9.0
418,190,9.0
418,189,9.0
418,94,9.0
418,824,9.0
418,416,7.0
418,22,7.0
418,399,7.0
419,255,10.0
419,78,9.0
419,190,9.0
419,189,9.0
419,119,9.0
419,94,9.0
419,134,7.0
419,416,7.0
419,22,7.0
419,399,7.0
1362,416,10.0
1362,119,9.0
1362,78,9.0
1362,189,9.0
1362,94,9.0
1362,190,9.0
1362,287,7.0
1362,134,7.0
1362,399,7.0
1362,22,7.0
19040,255,10.0
19040,190,10.0
19040,119,9.0
19040,824,9.0
19040,189,9.0
19040,78,9.0
19040,94,9.0
19040,134,7.0
19040,22,7.0
19040,416,7.0
5565,255,10.0
5565,78,9.0
5565,190,9.0
5565,189,9.0
5565,119,9.0
5565,94,9.0
5565,824,9.0
5565,22,7.0
5565,134,7.0
5565,399,7.0
11916,255,10.0
11916,416,10.0
11916,119,9.0
11916,190,9.0
11916,189,9.0
11916,78,9.0
11916,287,7.0
11916,362,7.0
11916,22,7.0
11916,399,7.0
10460,255,10.0
10460,119,9.0
10460,78,9.0
10460,189,9.0
10460,94,9.0
10460,190,9.0
10460,416,7.0
10460,134,7.0
10460,399,7.0
10460,22,7.0
2046,255,10.0
2046,119,9.0
2046,78,9.0
2046,189,9.0
2046,94,9.0
2046,190,9.0
2046,416,7.0
2046,134,7.0
2046,399,7.0
2046,22,7.0
18506,255,10.0
18506,190,10.0
18506,119,9.0
18506,189,9.0
18506,78,9.0
18506,416,7.0
18506,287,7.0
18506,22,7.0
18506,362,7.0
18506,399,7.0
9901,255,10.0
9901,78,9.0
9901,190,9.0
9901,189,9.0
9901,119,9.0
9901,94,9.0
9901,134,7.0
9901,416,7.0
9901,22,7.0
9901,399,7.0
12009,255,10.0
12009,78,9.0
12009,190,9.0
12009,189,9.0
12009,119,9.0
12009,94,9.0
12009,287,7.0
12009,416,7.0
12009,22,7.0
12009,399,7.0
4449,255,10.0
4449,78,9.0
4449,190,9.0
4449,189,9.0
4449,119,9.0
4449,94,9.0
4449,287,7.0
4449,416,7.0
4449,22,7.0
4449,399,7.0
19026,255,10.0
19026,190,10.0
19026,78,9.0
19026,824,9.0
19026,189,9.0
19026,119,9.0
19026,94,9.0
19026,134,7.0
19026,416,7.0
19026,22,7.0
1361,255,10.0
1361,119,9.0
1361,78,9.0
1361,189,9.0
1361,94,9.0
1361,190,9.0
1361,416,7.0
1361,134,7.0
1361,399,7.0
1361,22,7.0
12412,255,10.0
12412,416,10.0
12412,119,9.0
12412,94,9.0
12412,190,9.0
12412,78,9.0
12412,189,9.0
12412,824,9.0
12412,287,7.0
12412,399,7.0
10461,255,10.0
10461,119,9.0
10461,78,9.0
10461,189,9.0
10461,94,9.0
10461,190,9.0
10461,416,7.0
10461,134,7.0
10461,399,7.0
10461,22,7.0
11711,255,10.0
11711,78,9.0
11711,190,9.0
11711,189,9.0
11711,119,9.0
11711,94,9.0
11711,134,7.0
11711,416,7.0
11711,22,7.0
11711,399,7.0
6323,94,9.0
6323,78,9.0
6323,89,7.0
6323,134,7.0
6323,16,7.0
6323,19,7.0
6323,284,6.0
6323,352,6.0
6323,190,5.0
6323,20,5.0
10833,416,10.0
10833,119,9.0
10833,78,9.0
10833,189,9.0
10833,94,9.0
10833,190,9.0
10833,287,7.0
10833,134,7.0
10833,399,7.0
10833,22,7.0
17184,255,10.0
17184,190,10.0
17184,119,9.0
17184,189,9.0
17184,78,9.0
17184,416,7.0
17184,16,7.0
17184,22,7.0
17184,134,7.0
17184,399,7.0
2418,255,10.0
2418,78,9.0
2418,119,9.0
2418,89,7.0
2418,16,7.0
2418,134,7.0
2418,416,7.0
2418,399,7.0
2418,19,7.0
2418,362,6.0
15300,94,9.0
15300,824,9.0
15300,78,9.0
15300,416,7.0
15300,134,7.0
15300,89,7.0
15300,22,7.0
15300,19,7.0
15300,362,6.0
15300,284,6.0
9532,189,9.0
9532,824,9.0
9532,119,9.0
9532,94,9.0
9532,416,7.0
9532,22,7.0
9532,78,7.0
9532,134,7.0
9532,19,7.0
9532,362,6.0
11500,255,10.0
11500,416,10.0
11500,119,9.0
11500,78,9.0
11500,94,9.0
11500,287,7.0
11500,22,7.0
11500,399,7.0
11500,19,7.0
11500,16,7.0
6325,255,10.0
6325,119,9.0
6325,78,9.0
6325,189,9.0
6325,94,9.0
6325,190,9.0
6325,416,7.0
6325,134,7.0
6325,399,7.0
6325,22,7.0
19759,255,10.0
19759,78,9.0
19759,190,9.0
19759,189,9.0
19759,119,9.0
19759,94,9.0
19759,134,7.0
19759,416,7.0
19759,22,7.0
19759,399,7.0
6326,255,10.0
6326,119,9.0
6326,190,9.0
6326,78,9.0
6326,189,9.0
6326,94,9.0
6326,824,9.0
6326,134,7.0
6326,416,7.0
6326,399,7.0
16883,255,10.0
16883,78,9.0
16883,190,9.0
16883,189,9.0
16883,119,9.0
16883,94,9.0
16883,134,7.0
16883,416,7.0
16883,22,7.0
16883,399,7.0
5202,190,10.0
5202,78,9.0
5202,94,9.0
5202,89,7.0
5202,287,7.0
5202,22,7.0
5202,399,7.0
5202,134,7.0
5202,416,7.0
5202,19,7.0
4158,255,10.0
4158,119,9.0
4158,78,9.0
4158,189,9.0
4158,94,9.0
4158,190,9.0
4158,416,7.0
4158,134,7.0
4158,399,7.0
4158,22,7.0
13519,190,10.0
13519,189,9.0
13519,78,9.0
13519,416,7.0
13519,399,7.0
13519,22,7.0
13519,287,7.0
13519,134,7.0
13519,362,7.0
13519,89,7.0
10523,416,10.0
10523,119,9.0
10523,78,9.0
10523,189,9.0
10523,94,9.0
10523,190,9.0
10523,287,7.0
10523,134,7.0
10523,399,7.0
10523,22,7.0
9147,255,10.0
9147,119,9.0
9147,190,9.0
9147,78,9.0
9147,189,9.0
9147,94,9.0
9147,824,9.0
9147,134,7.0
9147,416,7.0
9147,399,7.0
18588,416,10.0
18588,119,9.0
18588,78,9.0
18588,189,9.0
18588,94,9.0
18588,190,9.0
18588,287,7.0
18588,134,7.0
18588,399,7.0
18588,22,7.0
17372,255,10.0
17372,119,9.0
17372,78,9.0
17372,189,9.0
17372,94,9.0
17372,190,9.0
17372,416,7.0
17372,134,7.0
17372,399,7.0
17372,22,7.0
971,78,9.0
971,94,9.0
971,89,7.0
971,399,7.0
971,416,7.0
971,22,7.0
971,19,7.0
971,134,6.0
971,284,6.0
971,59,6.0
7245,255,10.0
7245,119,9.0
7245,78,9.0
7245,189,9.0
7245,94,9.0
7245,190,9.0
7245,416,7.0
7245,134,7.0
7245,399,7.0
7245,22,7.0
2952,255,10.0
2952,78,9.0
2952,824,9.0
2952,189,9.0
2952,119,9.0
2952,94,9.0
2952,134,7.0
2952,22,7.0
2952,399,7.0
2952,284,6.0
964,255,10.0
964,824,9.0
964,78,9.0
964,94,9.0
964,89,7.0
964,134,7.0
964,416,7.0
964,22,7.0
964,19,7.0
964,352,6.0
7250,255,10.0
7250,119,9.0
7250,78,9.0
7250,189,9.0
7250,94,9.0
7250,190,9.0
7250,416,7.0
7250,134,7.0
7250,399,7.0
7250,22,7.0
2954,255,10.0
2954,78,9.0
2954,189,9.0
2954,119,9.0
2954,94,9.0
2954,190,9.0
2954,416,7.0
2954,134,7.0
2954,399,7.0
2954,287,7.0
15304,255,10.0
15304,119,9.0
15304,78,9.0
15304,189,9.0
15304,94,9.0
15304,190,9.0
15304,416,7.0
15304,134,7.0
15304,399,7.0
15304,22,7.0
1103,255,10.0
1103,78,9.0
1103,190,9.0
1103,189,9.0
1103,119,9.0
1103,94,9.0
1103,287,7.0
1103,416,7.0
1103,22,7.0
1103,399,7.0
15924,255,10.0
15924,190,10.0
15924,189,9.0
15924,78,9.0
15924,824,9.0
15924,89,7.0
15924,399,7.0
15924,416,7.0
15924,287,7.0
15924,22,7.0
17949,255,10.0
17949,78,9.0
17949,190,9.0
17949,189,9.0
17949,119,9.0
17949,94,9.0
17949,134,7.0
17949,416,7.0
17949,22,7.0
17949,399,7.0
7908,255,10.0
7908,119,9.0
7908,78,9.0
7908,189,9.0
7908,94,9.0
7908,190,9.0
7908,416,7.0
7908,134,7.0
7908,399,7.0
7908,22,7.0
2052,78,9.0
2052,119,9.0
2052,94,9.0
2052,287,7.0
2052,416,7.0
2052,134,7.0
2052,22,7.0
2052,399,7.0
2052,19,7.0
2052,362,6.0
17577,416,10.0
17577,255,10.0
17577,189,9.0
17577,119,9.0
17577,824,9.0
17577,78,9.0
17577,94,9.0
17577,287,7.0
17577,399,7.0
17577,16,7.0
969,255,10.0
969,119,9.0
969,78,9.0
969,189,9.0
969,94,9.0
969,190,9.0
969,416,7.0
969,134,7.0
969,399,7.0
969,287,7.0
567,255,10.0
567,78,9.0
567,190,9.0
567,189,9.0
567,119,9.0
567,94,9.0
567,134,7.0
567,416,7.0
567,22,7.0
567,399,7.0
3009,255,10.0
3009,416,10.0
3009,119,9.0
3009,190,9.0
3009,78,9.0
3009,189,9.0
3009,94,9.0
3009,134,7.0
3009,287,7.0
3009,399,7.0
1575,416,10.0
1575,255,10.0
1575,78,9.0
1575,119,9.0
1575,190,9.0
1575,189,9.0
1575,94,9.0
1575,134,7.0
1575,22,7.0
1575,399,7.0
967,255,10.0
967,78,9.0
967,190,9.0
967,189,9.0
967,119,9.0
967,94,9.0
967,134,7.0
967,416,7.0
967,22,7.0
967,399,7.0
7103,255,10.0
7103,78,9.0
7103,190,9.0
7103,189,9.0
7103,119,9.0
7103,94,9.0
7103,134,7.0
7103,416,7.0
7103,22,7.0
7103,399,7.0
15305,416,10.0
15305,119,9.0
15305,78,9.0
15305,189,9.0
15305,94,9.0
15305,190,9.0
15305,287,7.0
15305,134,7.0
15305,399,7.0
15305,22,7.0
11612,255,10.0
11612,119,9.0
11612,78,9.0
11612,189,9.0
11612,94,9.0
11612,190,9.0
11612,416,7.0
11612,134,7.0
11612,399,7.0
11612,22,7.0
968,255,10.0
968,119,9.0
968,78,9.0
968,189,9.0
968,94,9.0
968,190,9.0
968,416,7.0
968,134,7.0
968,399,7.0
968,22,7.0
9928,78,9.0
9928,119,9.0
9928,89,7.0
9928,189,7.0
9928,416,7.0
9928,19,7.0
9928,284,6.0
9928,476,5.0
9928,190,5.0
9928,77,5.0
14412,255,10.0
14412,190,10.0
14412,78,9.0
14412,134,7.0
14412,22,7.0
14412,416,7.0
14412,89,7.0
14412,19,7.0
14412,352,6.0
14412,287,6.0
8587,255,10.0
8587,824,9.0
8587,189,9.0
8587,94,9.0
8587,78,9.0
8587,416,7.0
8587,134,7.0
8587,89,7.0
8587,22,7.0
8587,19,7.0
9929,94,9.0
9929,78,9.0
9929,824,9.0
9929,134,7.0
9929,416,7.0
9929,399,7.0
9929,89,7.0
9929,189,7.0
9929,19,7.0
9929,352,6.0
8026,190,10.0
8026,78,9.0
8026,824,9.0
8026,94,9.0
8026,22,7.0
8026,89,7.0
8026,399,7.0
8026,416,7.0
8026,19,7.0
8026,134,6.0
15067,78,9.0
15067,824,9.0
15067,399,7.0
15067,16,7.0
15067,89,7.0
15067,416,7.0
15067,134,7.0
15067,19,7.0
15067,284,6.0
15067,287,6.0
8464,255,10.0
8464,119,9.0
8464,189,9.0
8464,78,9.0
8464,190,9.0
8464,416,7.0
8464,134,7.0
8464,22,7.0
8464,287,7.0
8464,399,7.0
13970,255,10.0
13970,78,9.0
13970,190,9.0
13970,189,9.0
13970,119,9.0
13970,94,9.0
13970,287,7.0
13970,416,7.0
13970,22,7.0
13970,399,7.0
10542,190,10.0
10542,78,9.0
10542,94,9.0
10542,89,7.0
10542,287,7.0
10542,22,7.0
10542,399,7.0
10542,134,7.0
10542,416,7.0
10542,19,7.0
8076,255,10.0
8076,119,9.0
8076,78,9.0
8076,189,9.0
8076,94,9.0
8076,190,9.0
8076,416,7.0
8076,19,7.0
8076,22,7.0
8076,399,7.0
7874,255,10.0
7874,78,9.0
7874,189,9.0
7874,119,9.0
7874,94,9.0
7874,824,9.0
7874,134,7.0
7874,416,7.0
7874,22,7.0
7874,19,7.0
8459,255,10.0
8459,94,9.0
8459,78,9.0
8459,89,7.0
8459,22,7.0
8459,16,7.0
8459,416,7.0
8459,134,7.0
8459,19,7.0
8459,284,6.0
9992,824,9.0
9992,189,9.0
9992,119,9.0
9992,78,9.0
9992,416,7.0
9992,134,7.0
9992,399,7.0
9992,22,7.0
9992,362,7.0
9992,19,7.0
4144,94,9.0
4144,78,9.0
4144,89,7.0
4144,22,7.0
4144,287,7.0
4144,416,7.0
4144,134,7.0
4144,16,7.0
4144,19,7.0
4144,352,6.0
10638,255,10.0
10638,119,9.0
10638,78,9.0
10638,189,9.0
10638,94,9.0
10638,190,9.0
10638,416,7.0
10638,134,7.0
10638,399,7.0
10638,22,7.0
1090,255,10.0
1090,119,9.0
1090,78,9.0
1090,189,9.0
1090,94,9.0
1090,190,9.0
1090,416,7.0
1090,134,7.0
1090,399,7.0
1090,22,7.0
13717,255,10.0
13717,119,9.0
13717,78,9.0
13717,189,9.0
13717,94,9.0
13717,190,9.0
13717,416,7.0
13717,134,7.0
13717,399,7.0
13717,22,7.0
1110,255,10.0
1110,78,9.0
1110,190,9.0
1110,189,9.0
1110,119,9.0
1110,94,9.0
1110,134,7.0
1110,416,7.0
1110,22,7.0
1110,399,7.0
7852,255,10.0
7852,119,9.0
7852,189,9.0
7852,78,9.0
7852,134,7.0
7852,287,7.0
7852,22,7.0
7852,362,7.0
7852,399,7.0
7852,416,7.0
8461,824,9.0
8461,189,9.0
8461,78,9.0
8461,22,7.0
8461,416,7.0
8461,89,7.0
8461,19,7.0
8461,284,6.0
8461,352,6.0
8461,16,5.0
3955,190,10.0
3955,78,9.0
3955,94,9.0
3955,22,7.0
3955,89,7.0
3955,399,7.0
3955,416,7.0
3955,189,7.0
3955,19,7.0
3955,362,6.0
19436,255,10.0
19436,78,9.0
19436,190,9.0
19436,189,9.0
19436,119,9.0
19436,94,9.0
19436,134,7.0
19436,416,7.0
19436,22,7.0
19436,399,7.0
3959,190,10.0
3959,94,9.0
3959,189,9.0
3959,78,9.0
3959,22,7.0
3959,89,7.0
3959,134,7.0
3959,416,7.0
3959,19,7.0
3959,284,6.0
4305,255,10.0
4305,190,10.0
4305,78,9.0
4305,824,9.0
4305,189,9.0
4305,119,9.0
4305,94,9.0
4305,134,7.0
4305,287,7.0
4305,22,7.0
14402,255,10.0
14402,119,9.0
14402,78,9.0
14402,189,9.0
14402,94,9.0
14402,190,9.0
14402,416,7.0
14402,134,7.0
14402,399,7.0
14402,22,7.0
2262,255,10.0
2262,119,9.0
2262,78,9.0
2262,189,9.0
2262,94,9.0
2262,190,9.0
2262,416,7.0
2262,134,7.0
2262,399,7.0
2262,22,7.0
8479,255,10.0
8479,78,9.0
8479,190,9.0
8479,189,9.0
8479,119,9.0
8479,94,9.0
8479,287,7.0
8479,416,7.0
8479,22,7.0
8479,399,7.0
8460,255,10.0
8460,119,9.0
8460,190,9.0
8460,78,9.0
8460,189,9.0
8460,94,9.0
8460,824,9.0
8460,134,7.0
8460,416,7.0
8460,399,7.0
14414,255,10.0
14414,119,9.0
14414,78,9.0
14414,189,9.0
14414,94,9.0
14414,190,9.0
14414,416,7.0
14414,134,7.0
14414,399,7.0
14414,22,7.0
750,255,10.0
750,190,10.0
750,78,9.0
750,94,9.0
750,119,9.0
750,189,9.0
750,134,7.0
750,416,7.0
750,22,7.0
750,89,7.0
6928,255,10.0
6928,119,9.0
6928,78,9.0
6928,189,9.0
6928,94,9.0
6928,190,9.0
6928,416,7.0
6928,134,7.0
6928,399,7.0
6928,22,7.0
19589,416,10.0
19589,255,10.0
19589,78,9.0
19589,119,9.0
19589,824,9.0
19589,189,9.0
19589,94,9.0
19589,134,7.0
19589,22,7.0
19589,399,7.0
8665,255,10.0
8665,119,9.0
8665,78,9.0
8665,189,9.0
8665,94,9.0
8665,190,9.0
8665,416,7.0
8665,134,7.0
8665,399,7.0
8665,22,7.0
752,255,10.0
752,78,9.0
752,190,9.0
752,189,9.0
752,119,9.0
752,94,9.0
752,134,7.0
752,416,7.0
752,22,7.0
752,399,7.0
8664,190,10.0
8664,189,9.0
8664,119,9.0
8664,78,9.0
8664,416,7.0
8664,287,7.0
8664,22,7.0
8664,362,7.0
8664,134,7.0
8664,399,7.0
8666,255,10.0
8666,119,9.0
8666,78,9.0
8666,189,9.0
8666,94,9.0
8666,190,9.0
8666,416,7.0
8666,134,7.0
8666,399,7.0
8666,22,7.0
18715,255,10.0
18715,94,9.0
18715,78,9.0
18715,416,7.0
18715,89,7.0
18715,22,7.0
18715,16,7.0
18715,134,7.0
18715,19,7.0
18715,362,6.0
2810,78,9.0
2810,190,9.0
2810,189,9.0
2810,119,9.0
2810,94,9.0
2810,824,9.0
2810,134,7.0
2810,22,7.0
2810,416,7.0
2810,399,7.0
9479,255,10.0
9479,78,9.0
9479,119,9.0
9479,190,9.0
9479,189,9.0
9479,94,9.0
9479,824,9.0
9479,416,7.0
9479,22,7.0
9479,399,7.0
1113,255,10.0
1113,119,9.0
1113,78,9.0
1113,189,9.0
1113,94,9.0
1113,190,9.0
1113,416,7.0
1113,134,7.0
1113,399,7.0
1113,22,7.0
1112,255,10.0
1112,78,9.0
1112,94,9.0
1112,89,7.0
1112,134,7.0
1112,189,7.0
1112,416,7.0
1112,22,7.0
1112,19,7.0
1112,352,6.0
1114,255,10.0
1114,119,9.0
1114,78,9.0
1114,189,9.0
1114,94,9.0
1114,190,9.0
1114,416,7.0
1114,19,7.0
1114,22,7.0
1114,399,7.0
2643,255,10.0
2643,119,9.0
2643,78,9.0
2643,189,9.0
2643,94,9.0
2643,190,9.0
2643,416,7.0
2643,134,7.0
2643,399,7.0
2643,22,7.0
17051,255,10.0
17051,78,9.0
17051,190,9.0
17051,189,9.0
17051,119,9.0
17051,94,9.0
17051,22,7.0
17051,416,7.0
17051,134,7.0
17051,399,7.0
8250,255,10.0
8250,78,9.0
8250,190,9.0
8250,189,9.0
8250,119,9.0
8250,94,9.0
8250,134,7.0
8250,416,7.0
8250,22,7.0
8250,399,7.0
8447,255,10.0
8447,119,9.0
8447,78,9.0
8447,189,9.0
8447,94,9.0
8447,190,9.0
8447,416,7.0
8447,134,7.0
8447,399,7.0
8447,22,7.0
18754,255,10.0
18754,119,9.0
18754,78,9.0
18754,189,9.0
18754,94,9.0
18754,190,9.0
18754,416,7.0
18754,134,7.0
18754,399,7.0
18754,22,7.0
1111,255,10.0
1111,416,10.0
1111,78,9.0
1111,119,9.0
1111,190,9.0
1111,189,9.0
1111,94,9.0
1111,824,9.0
1111,22,7.0
1111,399,7.0
7875,255,10.0
7875,78,9.0
7875,190,9.0
7875,189,9.0
7875,119,9.0
7875,94,9.0
7875,134,7.0
7875,416,7.0
7875,22,7.0
7875,399,7.0
12369,255,10.0
12369,119,9.0
12369,78,9.0
12369,189,9.0
12369,94,9.0
12369,190,9.0
12369,416,7.0
12369,134,7.0
12369,399,7.0
12369,22,7.0
8446,255,10.0
8446,78,9.0
8446,190,9.0
8446,189,9.0
8446,119,9.0
8446,94,9.0
8446,287,7.0
8446,416,7.0
8446,22,7.0
8446,399,7.0
748,255,10.0
748,119,9.0
748,78,9.0
748,189,9.0
748,94,9.0
748,190,9.0
748,416,7.0
748,134,7.0
748,399,7.0
748,22,7.0
9078,255,10.0
9078,119,9.0
9078,78,9.0
9078,189,9.0
9078,94,9.0
9078,190,9.0
9078,416,7.0
9078,134,7.0
9078,399,7.0
9078,22,7.0
10805,255,10.0
10805,416,10.0
10805,119,9.0
10805,78,9.0
10805,189,9.0
10805,94,9.0
10805,134,7.0
10805,22,7.0
10805,399,7.0
10805,19,7.0
12506,255,10.0
12506,119,9.0
12506,78,9.0
12506,189,9.0
12506,94,9.0
12506,190,9.0
12506,416,7.0
12506,134,7.0
12506,399,7.0
12506,22,7.0
2285,78,9.0
2285,94,9.0
2285,89,7.0
2285,399,7.0
2285,416,7.0
2285,22,7.0
2285,19,7.0
2285,134,6.0
2285,59,6.0
2285,362,6.0
8613,255,10.0
8613,119,9.0
8613,78,9.0
8613,189,9.0
8613,94,9.0
8613,190,9.0
8613,416,7.0
8613,134,7.0
8613,399,7.0
8613,22,7.0
2860,824,9.0
2860,189,9.0
2860,78,9.0
2860,190,9.0
2860,94,9.0
2860,22,7.0
2860,399,7.0
2860,89,7.0
2860,416,7.0
2860,19,7.0
12003,416,10.0
12003,255,10.0
12003,119,9.0
12003,94,9.0
12003,190,9.0
12003,78,9.0
12003,189,9.0
12003,824,9.0
12003,22,7.0
12003,399,7.0
3154,190,9.0
3154,78,9.0
3154,189,9.0
3154,119,9.0
3154,94,9.0
3154,824,9.0
3154,287,7.0
3154,134,7.0
3154,399,7.0
3154,22,7.0
8471,255,10.0
8471,78,9.0
8471,190,9.0
8471,189,9.0
8471,119,9.0
8471,94,9.0
8471,22,7.0
8471,416,7.0
8471,134,7.0
8471,399,7.0
8909,255,10.0
8909,824,9.0
8909,78,9.0
8909,189,9.0
8909,89,7.0
8909,134,7.0
8909,416,7.0
8909,399,7.0
8909,19,7.0
8909,284,6.0
8469,255,10.0
8469,78,9.0
8469,190,9.0
8469,189,9.0
8469,119,9.0
8469,94,9.0
8469,824,9.0
8469,22,7.0
8469,134,7.0
8469,399,7.0
8710,255,10.0
8710,78,9.0
8710,94,9.0
8710,119,9.0
8710,189,9.0
8710,824,9.0
8710,134,7.0
8710,416,7.0
8710,22,7.0
8710,19,7.0
16209,255,10.0
16209,190,10.0
16209,94,9.0
16209,824,9.0
16209,22,7.0
16209,416,7.0
16209,19,7.0
16209,287,7.0
16209,134,7.0
16209,89,6.0
8695,190,10.0
8695,78,9.0
8695,94,9.0
8695,89,7.0
8695,287,7.0
8695,22,7.0
8695,399,7.0
8695,134,7.0
8695,416,7.0
8695,19,7.0
8681,255,10.0
8681,78,9.0
8681,190,9.0
8681,189,9.0
8681,119,9.0
8681,94,9.0
8681,22,7.0
8681,416,7.0
8681,134,7.0
8681,399,7.0
8618,255,10.0
8618,78,9.0
8618,190,9.0
8618,189,9.0
8618,119,9.0
8618,94,9.0
8618,134,7.0
8618,416,7.0
8618,22,7.0
8618,399,7.0
2847,255,10.0
2847,416,10.0
2847,119,9.0
2847,94,9.0
2847,190,9.0
2847,78,9.0
2847,189,9.0
2847,824,9.0
2847,287,7.0
2847,399,7.0
8764,255,10.0
8764,190,9.0
8764,824,9.0
8764,78,9.0
8764,119,9.0
8764,134,7.0
8764,399,7.0
8764,416,7.0
8764,19,7.0
8764,362,6.0
8676,255,10.0
8676,119,9.0
8676,78,9.0
8676,189,9.0
8676,94,9.0
8676,190,9.0
8676,416,7.0
8676,134,7.0
8676,399,7.0
8676,22,7.0
8690,255,10.0
8690,190,9.0
8690,189,9.0
8690,78,9.0
8690,119,9.0
8690,94,9.0
8690,824,9.0
8690,416,7.0
8690,399,7.0
8690,134,7.0
11312,255,10.0
11312,119,9.0
11312,78,9.0
11312,189,9.0
11312,94,9.0
11312,190,9.0
11312,416,7.0
11312,19,7.0
11312,22,7.0
11312,399,7.0
8707,255,10.0
8707,190,9.0
8707,78,9.0
8707,94,9.0
8707,189,9.0
8707,824,9.0
8707,287,7.0
8707,399,7.0
8707,22,7.0
8707,134,7.0
8688,255,10.0
8688,189,9.0
8688,78,9.0
8688,119,9.0
8688,824,9.0
8688,89,7.0
8688,134,7.0
8688,399,7.0
8688,22,7.0
8688,16,7.0
5492,255,10.0
5492,78,9.0
5492,190,9.0
5492,189,9.0
5492,119,9.0
5492,94,9.0
5492,134,7.0
5492,416,7.0
5492,22,7.0
5492,399,7.0
8705,255,10.0
8705,119,9.0
8705,189,9.0
8705,78,9.0
8705,94,9.0
8705,190,9.0
8705,134,7.0
8705,16,7.0
8705,399,7.0
8705,287,7.0
12205,190,10.0
12205,255,10.0
12205,119,9.0
12205,824,9.0
12205,78,9.0
12205,416,7.0
12205,134,7.0
12205,89,7.0
12205,19,7.0
12205,362,6.0
8702,416,10.0
8702,119,9.0
8702,78,9.0
8702,189,9.0
8702,94,9.0
8702,190,9.0
8702,287,7.0
8702,134,7.0
8702,399,7.0
8702,22,7.0
16213,190,10.0
16213,78,9.0
16213,94,9.0
16213,89,7.0
16213,287,7.0
16213,22,7.0
16213,399,7.0
16213,134,7.0
16213,416,7.0
16213,19,7.0
8697,190,9.0
8697,189,9.0
8697,119,9.0
8697,78,9.0
8697,22,7.0
8697,287,7.0
8697,416,7.0
8697,134,7.0
8697,399,7.0
8697,89,7.0
12231,94,9.0
12231,78,9.0
12231,22,7.0
12231,89,7.0
12231,416,7.0
12231,134,7.0
12231,19,7.0
12231,352,6.0
12231,284,6.0
12231,287,6.0
8919,255,10.0
8919,119,9.0
8919,78,9.0
8919,189,9.0
8919,94,9.0
8919,190,9.0
8919,416,7.0
8919,134,7.0
8919,399,7.0
8919,22,7.0
8696,255,10.0
8696,78,9.0
8696,190,9.0
8696,189,9.0
8696,119,9.0
8696,94,9.0
8696,287,7.0
8696,416,7.0
8696,22,7.0
8696,399,7.0
8703,255,10.0
8703,94,9.0
8703,78,9.0
8703,89,7.0
8703,22,7.0
8703,416,7.0
8703,16,7.0
8703,287,7.0
8703,399,7.0
8703,19,7.0
8668,255,10.0
8668,119,9.0
8668,78,9.0
8668,189,9.0
8668,94,9.0
8668,190,9.0
8668,416,7.0
8668,134,7.0
8668,399,7.0
8668,22,7.0
8671,255,10.0
8671,190,9.0
8671,94,9.0
8671,78,9.0
8671,824,9.0
8671,89,7.0
8671,189,7.0
8671,416,7.0
8671,134,7.0
8671,22,7.0
8669,255,10.0
8669,119,9.0
8669,189,9.0
8669,94,9.0
8669,78,9.0
8669,190,9.0
8669,416,7.0
8669,287,7.0
8669,399,7.0
8669,134,7.0
15528,255,10.0
15528,119,9.0
15528,78,9.0
15528,189,9.0
15528,94,9.0
15528,190,9.0
15528,416,7.0
15528,134,7.0
15528,399,7.0
15528,22,7.0
8704,255,10.0
8704,78,9.0
8704,119,9.0
8704,190,9.0
8704,189,9.0
8704,94,9.0
8704,824,9.0
8704,416,7.0
8704,22,7.0
8704,399,7.0
19628,255,10.0
19628,78,9.0
19628,190,9.0
19628,189,9.0
19628,119,9.0
19628,94,9.0
19628,134,7.0
19628,416,7.0
19628,22,7.0
19628,399,7.0
8617,255,10.0
8617,78,9.0
8617,190,9.0
8617,189,9.0
8617,119,9.0
8617,94,9.0
8617,134,7.0
8617,416,7.0
8617,22,7.0
8617,399,7.0
8275,255,10.0
8275,119,9.0
8275,190,9.0
8275,78,9.0
8275,189,9.0
8275,94,9.0
8275,824,9.0
8275,22,7.0
8275,134,7.0
8275,399,7.0
8667,255,10.0
8667,416,10.0
8667,78,9.0
8667,190,9.0
8667,189,9.0
8667,119,9.0
8667,94,9.0
8667,22,7.0
8667,134,7.0
8667,399,7.0
2132,255,10.0
2132,119,9.0
2132,189,9.0
2132,78,9.0
2132,94,9.0
2132,190,9.0
2132,134,7.0
2132,16,7.0
2132,399,7.0
2132,287,7.0
16229,255,10.0
16229,119,9.0
16229,78,9.0
16229,189,9.0
16229,94,9.0
16229,190,9.0
16229,416,7.0
16229,134,7.0
16229,399,7.0
16229,22,7.0
8699,416,10.0
8699,119,9.0
8699,78,9.0
8699,189,9.0
8699,94,9.0
8699,190,9.0
8699,287,7.0
8699,134,7.0
8699,399,7.0
8699,22,7.0
9776,255,10.0
9776,78,9.0
9776,190,9.0
9776,189,9.0
9776,119,9.0
9776,94,9.0
9776,824,9.0
9776,22,7.0
9776,134,7.0
9776,399,7.0
14543,255,10.0
14543,78,9.0
14543,190,9.0
14543,189,9.0
14543,119,9.0
14543,94,9.0
14543,134,7.0
14543,416,7.0
14543,22,7.0
14543,399,7.0
8701,416,10.0
8701,255,10.0
8701,78,9.0
8701,119,9.0
8701,190,9.0
8701,189,9.0
8701,94,9.0
8701,134,7.0
8701,399,7.0
8701,362,7.0
8708,190,10.0
8708,824,9.0
8708,189,9.0
8708,78,9.0
8708,94,9.0
8708,22,7.0
8708,399,7.0
8708,89,7.0
8708,416,7.0
8708,19,7.0
16132,255,10.0
16132,119,9.0
16132,78,9.0
16132,189,9.0
16132,94,9.0
16132,190,9.0
16132,134,7.0
16132,362,7.0
16132,399,7.0
16132,287,7.0
7323,255,10.0
7323,119,9.0
7323,78,9.0
7323,189,9.0
7323,94,9.0
7323,190,9.0
7323,416,7.0
7323,134,7.0
7323,399,7.0
7323,22,7.0
16304,255,10.0
16304,78,9.0
16304,190,9.0
16304,189,9.0
16304,119,9.0
16304,94,9.0
16304,134,7.0
16304,416,7.0
16304,22,7.0
16304,399,7.0
6309,255,10.0
6309,78,9.0
6309,190,9.0
6309,189,9.0
6309,119,9.0
6309,94,9.0
6309,134,7.0
6309,416,7.0
6309,22,7.0
6309,399,7.0
12176,255,10.0
12176,190,10.0
12176,78,9.0
12176,119,9.0
12176,94,9.0
12176,416,7.0
12176,22,7.0
12176,399,7.0
12176,134,7.0
12176,287,7.0
10125,255,10.0
10125,119,9.0
10125,78,9.0
10125,189,9.0
10125,94,9.0
10125,190,9.0
10125,416,7.0
10125,134,7.0
10125,399,7.0
10125,22,7.0
8692,416,10.0
8692,119,9.0
8692,78,9.0
8692,189,9.0
8692,94,9.0
8692,190,9.0
8692,287,7.0
8692,134,7.0
8692,399,7.0
8692,22,7.0
8682,255,10.0
8682,190,10.0
8682,119,9.0
8682,78,9.0
8682,94,9.0
8682,134,7.0
8682,416,7.0
8682,22,7.0
8682,19,7.0
8682,399,7.0
8691,416,10.0
8691,255,10.0
8691,78,9.0
8691,119,9.0
8691,190,9.0
8691,189,9.0
8691,94,9.0
8691,134,7.0
8691,22,7.0
8691,399,7.0
8694,255,10.0
8694,78,9.0
8694,190,9.0
8694,189,9.0
8694,119,9.0
8694,94,9.0
8694,287,7.0
8694,416,7.0
8694,22,7.0
8694,399,7.0
19158,255,10.0
19158,119,9.0
19158,78,9.0
19158,189,9.0
19158,94,9.0
19158,190,9.0
19158,416,7.0
19158,134,7.0
19158,399,7.0
19158,22,7.0
8706,416,10.0
8706,119,9.0
8706,78,9.0
8706,189,9.0
8706,94,9.0
8706,190,9.0
8706,287,7.0
8706,134,7.0
8706,399,7.0
8706,22,7.0
9572,255,10.0
9572,416,10.0
9572,119,9.0
9572,94,9.0
9572,190,9.0
9572,78,9.0
9572,189,9.0
9572,824,9.0
9572,22,7.0
9572,399,7.0
8685,255,10.0
8685,78,9.0
8685,94,9.0
8685,416,7.0
8685,134,7.0
8685,287,7.0
8685,189,7.0
8685,399,7.0
8685,22,7.0
8685,89,7.0
18194,255,10.0
18194,119,9.0
18194,78,9.0
18194,189,9.0
18194,94,9.0
18194,190,9.0
18194,416,7.0
18194,134,7.0
18194,399,7.0
18194,22,7.0
18177,255,10.0
18177,78,9.0
18177,119,9.0
18177,190,9.0
18177,189,9.0
18177,94,9.0
18177,824,9.0
18177,416,7.0
18177,22,7.0
18177,399,7.0
16678,255,10.0
16678,119,9.0
16678,78,9.0
16678,189,9.0
16678,94,9.0
16678,190,9.0
16678,416,7.0
16678,134,7.0
16678,399,7.0
16678,22,7.0
8418,255,10.0
8418,94,9.0
8418,89,7.0
8418,287,7.0
8418,399,7.0
8418,416,7.0
8418,134,7.0
8418,22,7.0
8418,19,7.0
8418,284,6.0
8435,255,10.0
8435,119,9.0
8435,78,9.0
8435,189,9.0
8435,94,9.0
8435,190,9.0
8435,416,7.0
8435,134,7.0
8435,399,7.0
8435,22,7.0
745,255,10.0
745,824,9.0
745,189,9.0
745,119,9.0
745,94,9.0
745,22,7.0
745,134,7.0
745,416,7.0
745,78,7.0
745,19,7.0
15416,255,10.0
15416,78,9.0
15416,190,9.0
15416,189,9.0
15416,119,9.0
15416,94,9.0
15416,287,7.0
15416,416,7.0
15416,22,7.0
15416,399,7.0
2702,255,10.0
2702,190,10.0
2702,78,9.0
2702,824,9.0
2702,189,9.0
2702,119,9.0
2702,94,9.0
2702,134,7.0
2702,287,7.0
2702,22,7.0
17788,255,10.0
17788,119,9.0
17788,78,9.0
17788,189,9.0
17788,94,9.0
17788,190,9.0
17788,416,7.0
17788,134,7.0
17788,399,7.0
17788,22,7.0
15362,190,9.0
15362,78,9.0
15362,189,9.0
15362,119,9.0
15362,94,9.0
15362,824,9.0
15362,287,7.0
15362,134,7.0
15362,399,7.0
15362,22,7.0
2693,255,10.0
2693,78,9.0
2693,190,9.0
2693,189,9.0
2693,119,9.0
2693,94,9.0
2693,287,7.0
2693,416,7.0
2693,22,7.0
2693,399,7.0
3089,255,10.0
3089,78,9.0
3089,190,9.0
3089,189,9.0
3089,119,9.0
3089,94,9.0
3089,134,7.0
3089,416,7.0
3089,22,7.0
3089,399,7.0
18318,255,10.0
18318,119,9.0
18318,78,9.0
18318,189,9.0
18318,94,9.0
18318,190,9.0
18318,416,7.0
18318,134,7.0
18318,399,7.0
18318,22,7.0
17777,78,9.0
17777,94,9.0
17777,416,7.0
17777,189,7.0
17777,89,7.0
17777,134,7.0
17777,16,7.0
17777,19,7.0
17777,287,6.0
17777,284,6.0
18752,189,9.0
18752,824,9.0
18752,119,9.0
18752,94,9.0
18752,416,7.0
18752,22,7.0
18752,78,7.0
18752,134,7.0
18752,19,7.0
18752,362,6.0
18108,255,10.0
18108,119,9.0
18108,190,9.0
18108,78,9.0
18108,189,9.0
18108,94,9.0
18108,824,9.0
18108,22,7.0
18108,134,7.0
18108,399,7.0
510,255,10.0
510,119,9.0
510,78,9.0
510,189,9.0
510,94,9.0
510,287,7.0
510,416,7.0
510,22,7.0
510,89,7.0
510,134,7.0
3891,255,10.0
3891,119,9.0
3891,78,9.0
3891,189,9.0
3891,94,9.0
3891,190,9.0
3891,416,7.0
3891,134,7.0
3891,399,7.0
3891,287,7.0
2694,255,10.0
2694,190,10.0
2694,78,9.0
2694,824,9.0
2694,189,9.0
2694,119,9.0
2694,94,9.0
2694,287,7.0
2694,134,7.0
2694,22,7.0
19108,255,10.0
19108,119,9.0
19108,78,9.0
19108,189,9.0
19108,94,9.0
19108,190,9.0
19108,416,7.0
19108,134,7.0
19108,399,7.0
19108,22,7.0
2573,255,10.0
2573,119,9.0
2573,78,9.0
2573,189,9.0
2573,94,9.0
2573,190,9.0
2573,416,7.0
2573,134,7.0
2573,399,7.0
2573,22,7.0
17771,190,10.0
17771,255,10.0
17771,94,9.0
17771,78,9.0
17771,824,9.0
17771,416,7.0
17771,134,7.0
17771,22,7.0
17771,19,7.0
17771,287,7.0
6346,255,10.0
6346,78,9.0
6346,190,9.0
6346,94,9.0
6346,119,9.0
6346,189,9.0
6346,16,7.0
6346,134,7.0
6346,287,7.0
6346,399,7.0
15398,190,10.0
15398,824,9.0
15398,189,9.0
15398,78,9.0
15398,134,7.0
15398,399,7.0
15398,416,7.0
15398,287,7.0
15398,19,7.0
15398,362,6.0
17798,255,10.0
17798,78,9.0
17798,94,9.0
17798,416,7.0
17798,134,7.0
17798,22,7.0
17798,399,7.0
17798,287,7.0
17798,189,7.0
17798,19,7.0
2998,416,10.0
2998,119,9.0
2998,78,9.0
2998,189,9.0
2998,94,9.0
2998,190,9.0
2998,287,7.0
2998,134,7.0
2998,399,7.0
2998,22,7.0
17790,255,10.0
17790,78,9.0
17790,119,9.0
17790,190,9.0
17790,189,9.0
17790,94,9.0
17790,824,9.0
17790,416,7.0
17790,22,7.0
17790,399,7.0
1147,190,9.0
1147,78,9.0
1147,189,9.0
1147,119,9.0
1147,94,9.0
1147,824,9.0
1147,287,7.0
1147,134,7.0
1147,399,7.0
1147,22,7.0
18357,824,9.0
18357,189,9.0
18357,78,9.0
18357,119,9.0
18357,94,9.0
18357,416,7.0
18357,134,7.0
18357,22,7.0
18357,19,7.0
18357,362,6.0
15543,255,10.0
15543,190,10.0
15543,94,9.0
15543,78,9.0
15543,189,9.0
15543,824,9.0
15543,134,7.0
15543,399,7.0
15543,22,7.0
15543,287,7.0
403,824,9.0
403,189,9.0
403,78,9.0
403,190,9.0
403,94,9.0
403,22,7.0
403,399,7.0
403,89,7.0
403,416,7.0
403,19,7.0
15517,255,10.0
15517,78,9.0
15517,119,9.0
15517,190,9.0
15517,189,9.0
15517,94,9.0
15517,824,9.0
15517,416,7.0
15517,22,7.0
15517,399,7.0
2987,255,10.0
2987,119,9.0
2987,94,9.0
2987,78,9.0
2987,189,9.0
2987,824,9.0
2987,416,7.0
2987,134,7.0
2987,22,7.0
2987,287,7.0
5504,255,10.0
5504,824,9.0
5504,78,9.0
5504,119,9.0
5504,94,9.0
5504,22,7.0
5504,189,7.0
5504,416,7.0
5504,134,7.0
5504,19,7.0
11469,255,10.0
11469,416,10.0
11469,119,9.0
11469,190,9.0
11469,78,9.0
11469,189,9.0
11469,94,9.0
11469,134,7.0
11469,287,7.0
11469,399,7.0
2994,255,10.0
2994,190,9.0
2994,78,9.0
2994,94,9.0
2994,189,9.0
2994,824,9.0
2994,287,7.0
2994,399,7.0
2994,22,7.0
2994,134,7.0
17802,255,10.0
17802,190,10.0
17802,78,9.0
17802,824,9.0
17802,94,9.0
17802,119,9.0
17802,189,9.0
17802,287,7.0
17802,134,7.0
17802,22,7.0
13583,255,10.0
13583,78,9.0
13583,190,9.0
13583,189,9.0
13583,119,9.0
13583,94,9.0
13583,134,7.0
13583,416,7.0
13583,22,7.0
13583,399,7.0
2986,255,10.0
2986,119,9.0
2986,78,9.0
2986,189,9.0
2986,94,9.0
2986,190,9.0
2986,416,7.0
2986,134,7.0
2986,399,7.0
2986,22,7.0
8395,255,10.0
8395,78,9.0
8395,190,9.0
8395,189,9.0
8395,119,9.0
8395,94,9.0
8395,134,7.0
8395,416,7.0
8395,22,7.0
8395,399,7.0
2423,416,10.0
2423,119,9.0
2423,78,9.0
2423,189,9.0
2423,94,9.0
2423,190,9.0
2423,287,7.0
2423,134,7.0
2423,399,7.0
2423,22,7.0
15338,255,10.0
15338,119,9.0
15338,78,9.0
15338,189,9.0
15338,94,9.0
15338,190,9.0
15338,416,7.0
15338,134,7.0
15338,399,7.0
15338,22,7.0
9636,255,10.0
9636,119,9.0
9636,189,9.0
9636,94,9.0
9636,78,9.0
9636,190,9.0
9636,416,7.0
9636,287,7.0
9636,399,7.0
9636,134,7.0
511,255,10.0
511,119,9.0
511,78,9.0
511,189,9.0
511,94,9.0
511,824,9.0
511,89,7.0
511,287,7.0
511,134,7.0
511,22,7.0
18675,190,10.0
18675,824,9.0
18675,189,9.0
18675,78,9.0
18675,94,9.0
18675,22,7.0
18675,399,7.0
18675,89,7.0
18675,416,7.0
18675,19,7.0
17818,255,10.0
17818,190,10.0
17818,78,9.0
17818,824,9.0
17818,119,9.0
17818,94,9.0
17818,134,7.0
17818,22,7.0
17818,416,7.0
17818,189,7.0
1324,255,10.0
1324,78,9.0
1324,190,9.0
1324,189,9.0
1324,119,9.0
1324,94,9.0
1324,824,9.0
1324,22,7.0
1324,134,7.0
1324,399,7.0
512,255,10.0
512,190,10.0
512,78,9.0
512,824,9.0
512,189,9.0
512,119,9.0
512,94,9.0
512,134,7.0
512,287,7.0
512,22,7.0
12055,255,10.0
12055,119,9.0
12055,189,9.0
12055,94,9.0
12055,78,9.0
12055,190,9.0
12055,416,7.0
12055,287,7.0
12055,399,7.0
12055,134,7.0
9638,190,9.0
9638,78,9.0
9638,189,9.0
9638,119,9.0
9638,94,9.0
9638,824,9.0
9638,287,7.0
9638,134,7.0
9638,399,7.0
9638,22,7.0
19346,255,10.0
19346,78,9.0
19346,824,9.0
19346,189,9.0
19346,119,9.0
19346,94,9.0
19346,134,7.0
19346,416,7.0
19346,22,7.0
19346,399,7.0
17793,255,10.0
17793,119,9.0
17793,189,9.0
17793,94,9.0
17793,78,9.0
17793,190,9.0
17793,416,7.0
17793,287,7.0
17793,399,7.0
17793,134,7.0
19308,416,10.0
19308,119,9.0
19308,78,9.0
19308,189,9.0
19308,94,9.0
19308,190,9.0
19308,287,7.0
19308,134,7.0
19308,399,7.0
19308,22,7.0
1326,255,10.0
1326,189,9.0
1326,190,9.0
1326,78,9.0
1326,94,9.0
1326,824,9.0
1326,287,7.0
1326,399,7.0
1326,134,7.0
1326,16,7.0
8540,416,10.0
8540,119,9.0
8540,190,9.0
8540,78,9.0
8540,189,9.0
8540,94,9.0
8540,824,9.0
8540,134,7.0
8540,22,7.0
8540,399,7.0
157,255,10.0
157,119,9.0
157,189,9.0
157,94,9.0
157,78,9.0
157,190,9.0
157,416,7.0
157,287,7.0
157,399,7.0
157,134,7.0
2688,255,10.0
2688,78,9.0
2688,190,9.0
2688,189,9.0
2688,119,9.0
2688,94,9.0
2688,134,7.0
2688,416,7.0
2688,22,7.0
2688,399,7.0
10298,255,10.0
10298,119,9.0
10298,190,9.0
10298,78,9.0
10298,189,9.0
10298,94,9.0
10298,824,9.0
10298,22,7.0
10298,134,7.0
10298,399,7.0
1123,255,10.0
1123,119,9.0
1123,190,9.0
1123,78,9.0
1123,189,9.0
1123,94,9.0
1123,824,9.0
1123,134,7.0
1123,416,7.0
1123,399,7.0
1136,255,10.0
1136,78,9.0
1136,190,9.0
1136,189,9.0
1136,119,9.0
1136,94,9.0
1136,287,7.0
1136,416,7.0
1136,22,7.0
1136,399,7.0
1124,189,9.0
1124,824,9.0
1124,119,9.0
1124,94,9.0
1124,416,7.0
1124,22,7.0
1124,78,7.0
1124,134,7.0
1124,19,7.0
1124,362,6.0
352,255,10.0
352,190,10.0
352,78,9.0
352,119,9.0
352,416,7.0
352,22,7.0
352,189,7.0
352,287,7.0
352,134,7.0
352,399,7.0
8422,255,10.0
8422,190,10.0
8422,78,9.0
8422,824,9.0
8422,189,9.0
8422,119,9.0
8422,94,9.0
8422,134,7.0
8422,287,7.0
8422,22,7.0
2993,255,10.0
2993,78,9.0
2993,119,9.0
2993,134,7.0
2993,399,7.0
2993,416,7.0
2993,189,7.0
2993,362,7.0
2993,19,7.0
2993,352,6.0
8539,416,10.0
8539,119,9.0
8539,78,9.0
8539,189,9.0
8539,94,9.0
8539,190,9.0
8539,287,7.0
8539,134,7.0
8539,399,7.0
8539,22,7.0
13511,255,10.0
13511,190,10.0
13511,78,9.0
13511,824,9.0
13511,189,9.0
13511,119,9.0
13511,94,9.0
13511,134,7.0
13511,287,7.0
13511,22,7.0
2689,255,10.0
2689,190,10.0
2689,78,9.0
2689,824,9.0
2689,189,9.0
2689,119,9.0
2689,94,9.0
2689,134,7.0
2689,287,7.0
2689,22,7.0
16633,255,10.0
16633,119,9.0
16633,78,9.0
16633,189,9.0
16633,94,9.0
16633,190,9.0
16633,416,7.0
16633,134,7.0
16633,399,7.0
16633,22,7.0
19347,255,10.0
19347,416,10.0
19347,119,9.0
19347,94,9.0
19347,190,9.0
19347,78,9.0
19347,189,9.0
19347,824,9.0
19347,362,7.0
19347,399,7.0
19312,255,10.0
19312,119,9.0
19312,78,9.0
19312,189,9.0
19312,94,9.0
19312,190,9.0
19312,416,7.0
19312,134,7.0
19312,399,7.0
19312,22,7.0
18105,255,10.0
18105,119,9.0
18105,78,9.0
18105,189,9.0
18105,94,9.0
18105,190,9.0
18105,416,7.0
18105,134,7.0
18105,399,7.0
18105,22,7.0
4073,255,10.0
4073,119,9.0
4073,190,9.0
4073,78,9.0
4073,189,9.0
4073,94,9.0
4073,824,9.0
4073,416,7.0
4073,89,7.0
4073,399,7.0
17778,190,10.0
17778,78,9.0
17778,94,9.0
17778,89,7.0
17778,287,7.0
17778,22,7.0
17778,399,7.0
17778,134,7.0
17778,416,7.0
17778,19,7.0
18669,190,10.0
18669,824,9.0
18669,189,9.0
18669,78,9.0
18669,94,9.0
18669,22,7.0
18669,399,7.0
18669,89,7.0
18669,416,7.0
18669,19,7.0
4105,255,10.0
4105,119,9.0
4105,78,9.0
4105,189,9.0
4105,94,9.0
4105,190,9.0
4105,416,7.0
4105,134,7.0
4105,399,7.0
4105,22,7.0
358,255,10.0
358,78,9.0
358,119,9.0
358,190,9.0
358,189,9.0
358,94,9.0
358,824,9.0
358,416,7.0
358,22,7.0
358,399,7.0
1047,255,10.0
1047,119,9.0
1047,78,9.0
1047,189,9.0
1047,94,9.0
1047,190,9.0
1047,416,7.0
1047,134,7.0
1047,399,7.0
1047,287,7.0
15342,416,10.0
15342,255,10.0
15342,78,9.0
15342,119,9.0
15342,190,9.0
15342,189,9.0
15342,94,9.0
15342,287,7.0
15342,22,7.0
15342,399,7.0
516,255,10.0
516,119,9.0
516,78,9.0
516,416,7.0
516,22,7.0
516,134,7.0
516,19,7.0
516,362,6.0
516,89,6.0
516,352,6.0
4638,255,10.0
4638,78,9.0
4638,190,9.0
4638,119,9.0
4638,189,9.0
4638,824,9.0
4638,22,7.0
4638,287,7.0
4638,399,7.0
4638,134,7.0
19107,255,10.0
19107,78,9.0
19107,190,9.0
19107,189,9.0
19107,119,9.0
19107,94,9.0
19107,134,7.0
19107,416,7.0
19107,22,7.0
19107,399,7.0
14253,255,10.0
14253,119,9.0
14253,78,9.0
14253,189,9.0
14253,94,9.0
14253,190,9.0
14253,416,7.0
14253,134,7.0
14253,399,7.0
14253,22,7.0
14905,416,10.0
14905,119,9.0
14905,78,9.0
14905,189,9.0
14905,94,9.0
14905,190,9.0
14905,287,7.0
14905,134,7.0
14905,399,7.0
14905,22,7.0
10289,78,9.0
10289,189,9.0
10289,119,9.0
10289,94,9.0
10289,190,9.0
10289,416,7.0
10289,134,7.0
10289,22,7.0
10289,287,7.0
10289,399,7.0
12841,255,10.0
12841,190,10.0
12841,78,9.0
12841,824,9.0
12841,119,9.0
12841,94,9.0
12841,22,7.0
12841,134,7.0
12841,416,7.0
12841,287,7.0
3281,255,10.0
3281,119,9.0
3281,78,9.0
3281,189,9.0
3281,94,9.0
3281,190,9.0
3281,416,7.0
3281,134,7.0
3281,399,7.0
3281,22,7.0
17097,255,10.0
17097,78,9.0
17097,190,9.0
17097,189,9.0
17097,119,9.0
17097,94,9.0
17097,134,7.0
17097,416,7.0
17097,22,7.0
17097,399,7.0
8538,255,10.0
8538,416,10.0
8538,119,9.0
8538,190,9.0
8538,78,9.0
8538,189,9.0
8538,94,9.0
8538,134,7.0
8538,287,7.0
8538,399,7.0
4162,255,10.0
4162,119,9.0
4162,78,9.0
4162,189,9.0
4162,94,9.0
4162,190,9.0
4162,416,7.0
4162,134,7.0
4162,399,7.0
4162,22,7.0
8118,255,10.0
8118,78,9.0
8118,190,9.0
8118,189,9.0
8118,119,9.0
8118,94,9.0
8118,134,7.0
8118,416,7.0
8118,22,7.0
8118,399,7.0
3888,255,10.0
3888,78,9.0
3888,190,9.0
3888,189,9.0
3888,119,9.0
3888,94,9.0
3888,287,7.0
3888,416,7.0
3888,22,7.0
3888,399,7.0
3869,255,10.0
3869,190,10.0
3869,78,9.0
3869,824,9.0
3869,189,9.0
3869,119,9.0
3869,94,9.0
3869,134,7.0
3869,287,7.0
3869,22,7.0
15232,78,9.0
15232,190,9.0
15232,189,9.0
15232,119,9.0
15232,94,9.0
15232,824,9.0
15232,416,7.0
15232,134,7.0
15232,22,7.0
15232,399,7.0
9635,255,10.0
9635,119,9.0
9635,78,9.0
9635,189,9.0
9635,94,9.0
9635,190,9.0
9635,416,7.0
9635,134,7.0
9635,399,7.0
9635,22,7.0
19104,255,10.0
19104,78,9.0
19104,119,9.0
19104,190,9.0
19104,189,9.0
19104,94,9.0
19104,824,9.0
19104,416,7.0
19104,22,7.0
19104,399,7.0
17803,824,9.0
17803,94,9.0
17803,78,9.0
17803,134,7.0
17803,416,7.0
17803,22,7.0
17803,19,7.0
17803,352,6.0
17803,362,6.0
17803,287,6.0
17810,255,10.0
17810,78,9.0
17810,119,9.0
17810,190,9.0
17810,189,9.0
17810,94,9.0
17810,824,9.0
17810,416,7.0
17810,22,7.0
17810,399,7.0
17807,255,10.0
17807,416,10.0
17807,119,9.0
17807,189,9.0
17807,78,9.0
17807,134,7.0
17807,287,7.0
17807,399,7.0
17807,22,7.0
17807,19,7.0
17808,416,10.0
17808,119,9.0
17808,190,9.0
17808,78,9.0
17808,189,9.0
17808,94,9.0
17808,824,9.0
17808,134,7.0
17808,22,7.0
17808,399,7.0
8290,255,10.0
8290,119,9.0
8290,78,9.0
8290,189,9.0
8290,94,9.0
8290,190,9.0
8290,416,7.0
8290,134,7.0
8290,399,7.0
8290,22,7.0
18670,190,10.0
18670,824,9.0
18670,189,9.0
18670,78,9.0
18670,94,9.0
18670,22,7.0
18670,399,7.0
18670,89,7.0
18670,416,7.0
18670,19,7.0
18674,255,10.0
18674,78,9.0
18674,94,9.0
18674,416,7.0
18674,134,7.0
18674,22,7.0
18674,399,7.0
18674,16,7.0
18674,189,7.0
18674,89,7.0
9640,190,10.0
9640,78,9.0
9640,94,9.0
9640,89,7.0
9640,287,7.0
9640,22,7.0
9640,399,7.0
9640,134,7.0
9640,416,7.0
9640,19,7.0
16888,190,9.0
16888,78,9.0
16888,189,9.0
16888,119,9.0
16888,94,9.0
16888,824,9.0
16888,287,7.0
16888,134,7.0
16888,399,7.0
16888,22,7.0
42,255,10.0
42,190,10.0
42,78,9.0
42,824,9.0
42,189,9.0
42,119,9.0
42,94,9.0
42,134,7.0
42,287,7.0
42,22,7.0
17018,78,9.0
17018,189,9.0
17018,119,9.0
17018,94,9.0
17018,824,9.0
17018,416,7.0
17018,134,7.0
17018,22,7.0
17018,287,7.0
17018,399,7.0
17009,255,10.0
17009,119,9.0
17009,78,9.0
17009,189,9.0
17009,94,9.0
17009,190,9.0
17009,416,7.0
17009,134,7.0
17009,399,7.0
17009,22,7.0
17015,190,10.0
17015,119,9.0
17015,189,9.0
17015,78,9.0
17015,824,9.0
17015,134,7.0
17015,416,7.0
17015,89,7.0
17015,19,7.0
17015,22,7.0
17012,255,10.0
17012,119,9.0
17012,190,9.0
17012,78,9.0
17012,189,9.0
17012,94,9.0
17012,824,9.0
17012,22,7.0
17012,134,7.0
17012,399,7.0
15335,255,10.0
15335,94,9.0
15335,190,9.0
15335,78,9.0
15335,119,9.0
15335,189,9.0
15335,134,7.0
15335,416,7.0
15335,22,7.0
15335,399,7.0
17801,255,10.0
17801,119,9.0
17801,78,9.0
17801,189,9.0
17801,94,9.0
17801,190,9.0
17801,416,7.0
17801,134,7.0
17801,399,7.0
17801,22,7.0
11208,255,10.0
11208,78,9.0
11208,190,9.0
11208,189,9.0
11208,119,9.0
11208,94,9.0
11208,134,7.0
11208,416,7.0
11208,22,7.0
11208,399,7.0
17791,255,10.0
17791,119,9.0
17791,190,9.0
17791,189,9.0
17791,78,9.0
17791,94,9.0
17791,824,9.0
17791,16,7.0
17791,287,7.0
17791,399,7.0
10272,255,10.0
10272,119,9.0
10272,78,9.0
10272,189,9.0
10272,94,9.0
10272,190,9.0
10272,416,7.0
10272,134,7.0
10272,399,7.0
10272,22,7.0
15034,255,10.0
15034,189,9.0
15034,119,9.0
15034,78,9.0
15034,190,9.0
15034,416,7.0
15034,134,7.0
15034,399,7.0
15034,287,7.0
15034,22,7.0
3224,255,10.0
3224,78,9.0
3224,190,9.0
3224,189,9.0
3224,119,9.0
3224,94,9.0
3224,134,7.0
3224,416,7.0
3224,22,7.0
3224,399,7.0
1046,416,10.0
1046,255,10.0
1046,94,9.0
1046,78,9.0
1046,134,7.0
1046,399,7.0
1046,22,7.0
1046,89,7.0
1046,189,7.0
1046,19,7.0
3885,255,10.0
3885,190,10.0
3885,78,9.0
3885,824,9.0
3885,189,9.0
3885,119,9.0
3885,94,9.0
3885,134,7.0
3885,287,7.0
3885,22,7.0
17005,190,10.0
17005,824,9.0
17005,189,9.0
17005,78,9.0
17005,94,9.0
17005,22,7.0
17005,399,7.0
17005,89,7.0
17005,416,7.0
17005,19,7.0
17013,416,10.0
17013,119,9.0
17013,824,9.0
17013,78,9.0
17013,189,9.0
17013,94,9.0
17013,190,9.0
17013,22,7.0
17013,19,7.0
17013,399,7.0
16285,416,10.0
16285,119,9.0
16285,78,9.0
16285,189,9.0
16285,94,9.0
16285,190,9.0
16285,287,7.0
16285,134,7.0
16285,399,7.0
16285,22,7.0
15061,255,10.0
15061,78,9.0
15061,190,9.0
15061,189,9.0
15061,119,9.0
15061,94,9.0
15061,134,7.0
15061,416,7.0
15061,22,7.0
15061,399,7.0
17782,255,10.0
17782,78,9.0
17782,94,9.0
17782,416,7.0
17782,134,7.0
17782,22,7.0
17782,399,7.0
17782,287,7.0
17782,189,7.0
17782,89,7.0
11847,255,10.0
11847,94,9.0
11847,416,7.0
11847,89,7.0
11847,134,7.0
11847,19,7.0
11847,284,6.0
11847,352,6.0
11847,362,6.0
11847,16,5.0
17784,255,10.0
17784,78,9.0
17784,190,9.0
17784,189,9.0
17784,119,9.0
17784,94,9.0
17784,134,7.0
17784,416,7.0
17784,22,7.0
17784,399,7.0
15663,255,10.0
15663,78,9.0
15663,190,9.0
15663,189,9.0
15663,119,9.0
15663,94,9.0
15663,287,7.0
15663,416,7.0
15663,22,7.0
15663,399,7.0
2651,255,10.0
2651,78,9.0
2651,190,9.0
2651,189,9.0
2651,119,9.0
2651,94,9.0
2651,134,7.0
2651,416,7.0
2651,22,7.0
2651,399,7.0
8623,255,10.0
8623,190,10.0
8623,78,9.0
8623,824,9.0
8623,189,9.0
8623,119,9.0
8623,94,9.0
8623,134,7.0
8623,287,7.0
8623,22,7.0
7925,824,9.0
7925,189,9.0
7925,119,9.0
7925,94,9.0
7925,89,7.0
7925,16,7.0
7925,416,7.0
7925,22,7.0
7925,134,7.0
7925,19,7.0
15334,255,10.0
15334,189,9.0
15334,190,9.0
15334,78,9.0
15334,119,9.0
15334,94,9.0
15334,824,9.0
15334,22,7.0
15334,134,7.0
15334,399,7.0
17022,255,10.0
17022,78,9.0
17022,190,9.0
17022,189,9.0
17022,119,9.0
17022,94,9.0
17022,134,7.0
17022,416,7.0
17022,22,7.0
17022,399,7.0
6347,255,10.0
6347,190,10.0
6347,78,9.0
6347,824,9.0
6347,189,9.0
6347,119,9.0
6347,94,9.0
6347,134,7.0
6347,22,7.0
6347,416,7.0
11209,255,10.0
11209,119,9.0
11209,78,9.0
11209,189,9.0
11209,94,9.0
11209,190,9.0
11209,416,7.0
11209,134,7.0
11209,399,7.0
11209,22,7.0
17772,255,10.0
17772,119,9.0
17772,190,9.0
17772,78,9.0
17772,189,9.0
17772,94,9.0
17772,824,9.0
17772,134,7.0
17772,416,7.0
17772,399,7.0
18111,255,10.0
18111,190,10.0
18111,78,9.0
18111,824,9.0
18111,189,9.0
18111,119,9.0
18111,94,9.0
18111,134,7.0
18111,287,7.0
18111,22,7.0
18678,190,10.0
18678,824,9.0
18678,189,9.0
18678,78,9.0
18678,94,9.0
18678,22,7.0
18678,399,7.0
18678,89,7.0
18678,416,7.0
18678,19,7.0
15993,255,10.0
15993,119,9.0
15993,78,9.0
15993,189,9.0
15993,94,9.0
15993,190,9.0
15993,416,7.0
15993,134,7.0
15993,399,7.0
15993,22,7.0
11609,255,10.0
11609,190,10.0
11609,78,9.0
11609,824,9.0
11609,189,9.0
11609,119,9.0
11609,94,9.0
11609,134,7.0
11609,287,7.0
11609,22,7.0
2456,255,10.0
2456,119,9.0
2456,78,9.0
2456,189,9.0
2456,94,9.0
2456,190,9.0
2456,416,7.0
2456,134,7.0
2456,399,7.0
2456,22,7.0
9639,255,10.0
9639,119,9.0
9639,78,9.0
9639,189,9.0
9639,94,9.0
9639,190,9.0
9639,416,7.0
9639,134,7.0
9639,399,7.0
9639,287,7.0
9641,255,10.0
9641,119,9.0
9641,78,9.0
9641,189,9.0
9641,94,9.0
9641,190,9.0
9641,416,7.0
9641,134,7.0
9641,399,7.0
9641,287,7.0
17006,255,10.0
17006,78,9.0
17006,190,9.0
17006,189,9.0
17006,119,9.0
17006,94,9.0
17006,134,7.0
17006,416,7.0
17006,22,7.0
17006,399,7.0
9634,190,10.0
9634,824,9.0
9634,189,9.0
9634,78,9.0
9634,94,9.0
9634,22,7.0
9634,399,7.0
9634,89,7.0
9634,416,7.0
9634,19,7.0
15991,255,10.0
15991,78,9.0
15991,190,9.0
15991,189,9.0
15991,119,9.0
15991,94,9.0
15991,134,7.0
15991,416,7.0
15991,22,7.0
15991,399,7.0
11608,255,10.0
11608,119,9.0
11608,78,9.0
11608,189,9.0
11608,94,9.0
11608,89,7.0
11608,416,7.0
11608,134,7.0
11608,22,7.0
11608,19,7.0
3011,255,10.0
3011,190,10.0
3011,78,9.0
3011,824,9.0
3011,189,9.0
3011,119,9.0
3011,94,9.0
3011,134,7.0
3011,287,7.0
3011,22,7.0
8429,255,10.0
8429,119,9.0
8429,78,9.0
8429,94,9.0
8429,189,9.0
8429,190,9.0
8429,134,7.0
8429,16,7.0
8429,399,7.0
8429,287,7.0
15992,255,10.0
15992,78,9.0
15992,189,9.0
15992,119,9.0
15992,190,9.0
15992,134,7.0
15992,287,7.0
15992,416,7.0
15992,89,7.0
15992,399,7.0
17820,255,10.0
17820,78,9.0
17820,94,9.0
17820,119,9.0
17820,416,7.0
17820,89,7.0
17820,189,7.0
17820,134,7.0
17820,19,7.0
17820,287,6.0
79,255,10.0
79,190,10.0
79,94,9.0
79,78,9.0
79,119,9.0
79,189,9.0
79,416,7.0
79,287,7.0
79,22,7.0
79,134,7.0
17779,78,9.0
17779,189,9.0
17779,190,9.0
17779,119,9.0
17779,94,9.0
17779,824,9.0
17779,416,7.0
17779,134,7.0
17779,399,7.0
17779,19,7.0
2686,255,10.0
2686,78,9.0
2686,119,9.0
2686,190,9.0
2686,189,9.0
2686,94,9.0
2686,824,9.0
2686,416,7.0
2686,22,7.0
2686,399,7.0
10251,255,10.0
10251,119,9.0
10251,78,9.0
10251,189,9.0
10251,94,9.0
10251,190,9.0
10251,416,7.0
10251,134,7.0
10251,399,7.0
10251,22,7.0
18954,255,10.0
18954,119,9.0
18954,189,9.0
18954,78,9.0
18954,190,9.0
18954,416,7.0
18954,134,7.0
18954,22,7.0
18954,287,7.0
18954,399,7.0
11611,255,10.0
11611,78,9.0
11611,94,9.0
11611,89,7.0
11611,399,7.0
11611,416,7.0
11611,189,7.0
11611,22,7.0
11611,134,7.0
11611,19,7.0
1435,255,10.0
1435,78,9.0
1435,190,9.0
1435,189,9.0
1435,119,9.0
1435,94,9.0
1435,287,7.0
1435,416,7.0
1435,22,7.0
1435,399,7.0
1437,255,10.0
1437,119,9.0
1437,78,9.0
1437,189,9.0
1437,94,9.0
1437,190,9.0
1437,134,7.0
1437,16,7.0
1437,399,7.0
1437,287,7.0
15231,416,10.0
15231,119,9.0
15231,78,9.0
15231,189,9.0
15231,94,9.0
15231,190,9.0
15231,287,7.0
15231,134,7.0
15231,399,7.0
15231,22,7.0
1125,255,10.0
1125,119,9.0
1125,78,9.0
1125,189,9.0
1125,94,9.0
1125,190,9.0
1125,416,7.0
1125,134,7.0
1125,399,7.0
1125,22,7.0
17014,255,10.0
17014,119,9.0
17014,189,9.0
17014,94,9.0
17014,190,9.0
17014,22,7.0
17014,416,7.0
17014,134,7.0
17014,19,7.0
17014,399,7.0
11613,824,9.0
11613,94,9.0
11613,78,9.0
11613,89,7.0
11613,22,7.0
11613,134,7.0
11613,416,7.0
11613,189,7.0
11613,19,7.0
11613,362,6.0
41,255,10.0
41,190,10.0
41,78,9.0
41,824,9.0
41,189,9.0
41,119,9.0
41,94,9.0
41,134,7.0
41,287,7.0
41,22,7.0
8421,255,10.0
8421,94,9.0
8421,78,9.0
8421,824,9.0
8421,89,7.0
8421,416,7.0
8421,22,7.0
8421,134,7.0
8421,16,7.0
8421,189,7.0
1327,255,10.0
1327,119,9.0
1327,78,9.0
1327,189,9.0
1327,94,9.0
1327,190,9.0
1327,416,7.0
1327,134,7.0
1327,399,7.0
1327,22,7.0
174,255,10.0
174,78,9.0
174,119,9.0
174,190,9.0
174,189,9.0
174,94,9.0
174,824,9.0
174,416,7.0
174,22,7.0
174,399,7.0
13983,255,10.0
13983,189,9.0
13983,119,9.0
13983,94,9.0
13983,190,9.0
13983,416,7.0
13983,22,7.0
13983,399,7.0
13983,134,7.0
13983,287,7.0
13986,255,10.0
13986,119,9.0
13986,78,9.0
13986,189,9.0
13986,94,9.0
13986,190,9.0
13986,416,7.0
13986,134,7.0
13986,399,7.0
13986,22,7.0
744,190,10.0
744,78,9.0
744,94,9.0
744,22,7.0
744,89,7.0
744,399,7.0
744,416,7.0
744,189,7.0
744,19,7.0
744,362,6.0
11207,255,10.0
11207,119,9.0
11207,78,9.0
11207,189,9.0
11207,94,9.0
11207,190,9.0
11207,416,7.0
11207,134,7.0
11207,399,7.0
11207,22,7.0
13985,255,10.0
13985,78,9.0
13985,190,9.0
13985,189,9.0
13985,119,9.0
13985,94,9.0
13985,134,7.0
13985,416,7.0
13985,22,7.0
13985,399,7.0
14343,416,10.0
14343,119,9.0
14343,78,9.0
14343,189,9.0
14343,94,9.0
14343,190,9.0
14343,287,7.0
14343,134,7.0
14343,399,7.0
14343,22,7.0
18680,255,10.0
18680,78,9.0
18680,119,9.0
18680,190,9.0
18680,189,9.0
18680,94,9.0
18680,824,9.0
18680,416,7.0
18680,22,7.0
18680,399,7.0
18681,255,10.0
18681,119,9.0
18681,78,9.0
18681,94,9.0
18681,189,9.0
18681,190,9.0
18681,134,7.0
18681,16,7.0
18681,399,7.0
18681,287,7.0
1476,255,10.0
1476,119,9.0
1476,78,9.0
1476,189,9.0
1476,94,9.0
1476,190,9.0
1476,416,7.0
1476,134,7.0
1476,399,7.0
1476,22,7.0
17775,255,10.0
17775,78,9.0
17775,94,9.0
17775,189,7.0
17775,416,7.0
17775,134,7.0
17775,22,7.0
17775,19,7.0
17775,284,6.0
17775,352,6.0
17822,416,10.0
17822,119,9.0
17822,78,9.0
17822,189,9.0
17822,94,9.0
17822,190,9.0
17822,287,7.0
17822,134,7.0
17822,399,7.0
17822,22,7.0
13981,255,10.0
13981,78,9.0
13981,119,9.0
13981,190,9.0
13981,189,9.0
13981,94,9.0
13981,824,9.0
13981,416,7.0
13981,22,7.0
13981,399,7.0
3134,189,9.0
3134,190,9.0
3134,78,9.0
3134,119,9.0
3134,94,9.0
3134,824,9.0
3134,134,7.0
3134,22,7.0
3134,416,7.0
3134,399,7.0
19106,255,10.0
19106,190,10.0
19106,78,9.0
19106,824,9.0
19106,189,9.0
19106,119,9.0
19106,94,9.0
19106,287,7.0
19106,134,7.0
19106,22,7.0
13980,255,10.0
13980,78,9.0
13980,190,9.0
13980,189,9.0
13980,119,9.0
13980,94,9.0
13980,824,9.0
13980,416,7.0
13980,134,7.0
13980,399,7.0
8625,255,10.0
8625,119,9.0
8625,78,9.0
8625,189,9.0
8625,94,9.0
8625,190,9.0
8625,416,7.0
8625,134,7.0
8625,399,7.0
8625,22,7.0
3828,255,10.0
3828,119,9.0
3828,78,9.0
3828,189,9.0
3828,94,9.0
3828,190,9.0
3828,416,7.0
3828,134,7.0
3828,399,7.0
3828,22,7.0
17800,255,10.0
17800,119,9.0
17800,78,9.0
17800,189,9.0
17800,94,9.0
17800,190,9.0
17800,416,7.0
17800,134,7.0
17800,399,7.0
17800,22,7.0
7649,255,10.0
7649,94,9.0
7649,78,9.0
7649,119,9.0
7649,189,9.0
7649,824,9.0
7649,22,7.0
7649,134,7.0
7649,416,7.0
7649,19,7.0
17010,255,10.0
17010,119,9.0
17010,189,9.0
17010,94,9.0
17010,78,9.0
17010,190,9.0
17010,416,7.0
17010,287,7.0
17010,399,7.0
17010,134,7.0
11470,255,10.0
11470,119,9.0
11470,78,9.0
11470,189,9.0
11470,94,9.0
11470,190,9.0
11470,416,7.0
11470,134,7.0
11470,399,7.0
11470,22,7.0
3829,190,10.0
3829,824,9.0
3829,189,9.0
3829,78,9.0
3829,94,9.0
3829,22,7.0
3829,399,7.0
3829,89,7.0
3829,416,7.0
3829,19,7.0
10250,190,10.0
10250,824,9.0
10250,189,9.0
10250,78,9.0
10250,94,9.0
10250,22,7.0
10250,399,7.0
10250,89,7.0
10250,416,7.0
10250,19,7.0
11610,255,10.0
11610,119,9.0
11610,189,9.0
11610,94,9.0
11610,78,9.0
11610,190,9.0
11610,416,7.0
11610,287,7.0
11610,399,7.0
11610,134,7.0
17780,255,10.0
17780,824,9.0
17780,78,9.0
17780,94,9.0
17780,89,7.0
17780,189,7.0
17780,22,7.0
17780,416,7.0
17780,134,7.0
17780,19,7.0
17672,255,10.0
17672,119,9.0
17672,78,9.0
17672,189,9.0
17672,94,9.0
17672,190,9.0
17672,416,7.0
17672,134,7.0
17672,399,7.0
17672,22,7.0
515,255,10.0
515,119,9.0
515,78,9.0
515,189,9.0
515,94,9.0
515,190,9.0
515,416,7.0
515,134,7.0
515,399,7.0
515,22,7.0
513,255,10.0
513,416,10.0
513,119,9.0
513,190,9.0
513,78,9.0
513,189,9.0
513,94,9.0
513,134,7.0
513,287,7.0
513,399,7.0
1328,255,10.0
1328,78,9.0
1328,190,9.0
1328,189,9.0
1328,119,9.0
1328,94,9.0
1328,134,7.0
1328,416,7.0
1328,22,7.0
1328,399,7.0
18676,189,9.0
18676,190,9.0
18676,78,9.0
18676,119,9.0
18676,94,9.0
18676,824,9.0
18676,134,7.0
18676,22,7.0
18676,416,7.0
18676,399,7.0
17785,255,10.0
17785,119,9.0
17785,189,9.0
17785,78,9.0
17785,94,9.0
17785,190,9.0
17785,134,7.0
17785,16,7.0
17785,399,7.0
17785,287,7.0
1325,190,10.0
1325,78,9.0
1325,94,9.0
1325,89,7.0
1325,287,7.0
1325,22,7.0
1325,399,7.0
1325,134,7.0
1325,416,7.0
1325,19,7.0
17786,255,10.0
17786,78,9.0
17786,189,9.0
17786,119,9.0
17786,94,9.0
17786,190,9.0
17786,416,7.0
17786,134,7.0
17786,399,7.0
17786,287,7.0
8622,255,10.0
8622,416,10.0
8622,119,9.0
8622,94,9.0
8622,190,9.0
8622,78,9.0
8622,189,9.0
8622,824,9.0
8622,362,7.0
8622,399,7.0
17008,255,10.0
17008,78,9.0
17008,190,9.0
17008,189,9.0
17008,119,9.0
17008,94,9.0
17008,134,7.0
17008,416,7.0
17008,22,7.0
17008,399,7.0
17017,255,10.0
17017,119,9.0
17017,189,9.0
17017,94,9.0
17017,78,9.0
17017,190,9.0
17017,416,7.0
17017,287,7.0
17017,399,7.0
17017,134,7.0
65,255,10.0
65,78,9.0
65,119,9.0
65,190,9.0
65,189,9.0
65,94,9.0
65,824,9.0
65,416,7.0
65,22,7.0
65,399,7.0
13984,416,10.0
13984,255,10.0
13984,78,9.0
13984,119,9.0
13984,190,9.0
13984,189,9.0
13984,94,9.0
13984,287,7.0
13984,22,7.0
13984,399,7.0
9487,78,9.0
9487,94,9.0
9487,89,7.0
9487,22,7.0
9487,416,7.0
9487,189,7.0
9487,399,7.0
9487,19,7.0
9487,287,6.0
9487,362,6.0
9637,255,10.0
9637,119,9.0
9637,78,9.0
9637,189,9.0
9637,94,9.0
9637,190,9.0
9637,416,7.0
9637,134,7.0
9637,399,7.0
9637,22,7.0
18110,255,10.0
18110,78,9.0
18110,190,9.0
18110,189,9.0
18110,119,9.0
18110,94,9.0
18110,134,7.0
18110,416,7.0
18110,22,7.0
18110,399,7.0
17019,255,10.0
17019,78,9.0
17019,94,9.0
17019,416,7.0
17019,134,7.0
17019,22,7.0
17019,287,7.0
17019,16,7.0
17019,189,7.0
17019,89,7.0
8537,255,10.0
8537,190,10.0
8537,78,9.0
8537,824,9.0
8537,189,9.0
8537,119,9.0
8537,94,9.0
8537,134,7.0
8537,287,7.0
8537,22,7.0
13987,416,10.0
13987,119,9.0
13987,78,9.0
13987,189,9.0
13987,94,9.0
13987,190,9.0
13987,287,7.0
13987,134,7.0
13987,399,7.0
13987,22,7.0
3883,255,10.0
3883,94,9.0
3883,190,9.0
3883,78,9.0
3883,119,9.0
3883,189,9.0
3883,16,7.0
3883,287,7.0
3883,399,7.0
3883,134,7.0
4520,255,10.0
4520,119,9.0
4520,78,9.0
4520,189,9.0
4520,94,9.0
4520,190,9.0
4520,416,7.0
4520,134,7.0
4520,399,7.0
4520,22,7.0
15526,255,10.0
15526,78,9.0
15526,190,9.0
15526,189,9.0
15526,119,9.0
15526,94,9.0
15526,287,7.0
15526,416,7.0
15526,22,7.0
15526,399,7.0
15498,255,10.0
15498,78,9.0
15498,190,9.0
15498,189,9.0
15498,119,9.0
15498,94,9.0
15498,134,7.0
15498,416,7.0
15498,22,7.0
15498,399,7.0
18200,255,10.0
18200,78,9.0
18200,190,9.0
18200,189,9.0
18200,119,9.0
18200,94,9.0
18200,287,7.0
18200,416,7.0
18200,22,7.0
18200,399,7.0
17799,255,10.0
17799,78,9.0
17799,190,9.0
17799,189,9.0
17799,119,9.0
17799,94,9.0
17799,134,7.0
17799,416,7.0
17799,22,7.0
17799,399,7.0
17797,255,10.0
17797,78,9.0
17797,190,9.0
17797,189,9.0
17797,119,9.0
17797,94,9.0
17797,134,7.0
17797,416,7.0
17797,22,7.0
17797,399,7.0
18109,255,10.0
18109,78,9.0
18109,190,9.0
18109,189,9.0
18109,119,9.0
18109,94,9.0
18109,824,9.0
18109,416,7.0
18109,134,7.0
18109,399,7.0
17789,189,9.0
17789,824,9.0
17789,119,9.0
17789,94,9.0
17789,416,7.0
17789,22,7.0
17789,78,7.0
17789,134,7.0
17789,19,7.0
17789,362,6.0
743,189,9.0
743,78,9.0
743,94,9.0
743,89,7.0
743,22,7.0
743,416,7.0
743,399,7.0
743,19,7.0
743,287,6.0
743,362,6.0
1121,255,10.0
1121,119,9.0
1121,189,9.0
1121,94,9.0
1121,190,9.0
1121,22,7.0
1121,416,7.0
1121,134,7.0
1121,19,7.0
1121,399,7.0
7924,416,10.0
7924,255,10.0
7924,78,9.0
7924,119,9.0
7924,190,9.0
7924,189,9.0
7924,94,9.0
7924,134,7.0
7924,399,7.0
7924,362,7.0
6296,190,9.0
6296,78,9.0
6296,189,9.0
6296,119,9.0
6296,94,9.0
6296,416,7.0
6296,134,7.0
6296,399,7.0
6296,22,7.0
6296,19,7.0
17795,255,10.0
17795,119,9.0
17795,189,9.0
17795,94,9.0
17795,78,9.0
17795,190,9.0
17795,416,7.0
17795,287,7.0
17795,399,7.0
17795,134,7.0
10651,255,10.0
10651,78,9.0
10651,119,9.0
10651,190,9.0
10651,189,9.0
10651,94,9.0
10651,824,9.0
10651,416,7.0
10651,22,7.0
10651,399,7.0
7123,255,10.0
7123,119,9.0
7123,78,9.0
7123,189,9.0
7123,94,9.0
7123,190,9.0
7123,416,7.0
7123,134,7.0
7123,399,7.0
7123,22,7.0
16169,255,10.0
16169,416,10.0
16169,119,9.0
16169,190,9.0
16169,78,9.0
16169,189,9.0
16169,94,9.0
16169,134,7.0
16169,287,7.0
16169,399,7.0
10286,255,10.0
10286,416,10.0
10286,119,9.0
10286,190,9.0
10286,78,9.0
10286,94,9.0
10286,189,9.0
10286,16,7.0
10286,287,7.0
10286,399,7.0
17011,255,10.0
17011,190,10.0
17011,78,9.0
17011,824,9.0
17011,189,9.0
17011,119,9.0
17011,94,9.0
17011,134,7.0
17011,416,7.0
17011,22,7.0
2687,255,10.0
2687,78,9.0
2687,190,9.0
2687,189,9.0
2687,119,9.0
2687,94,9.0
2687,134,7.0
2687,416,7.0
2687,22,7.0
2687,399,7.0
18106,190,9.0
18106,78,9.0
18106,189,9.0
18106,119,9.0
18106,94,9.0
18106,824,9.0
18106,287,7.0
18106,134,7.0
18106,399,7.0
18106,22,7.0
3884,255,10.0
3884,78,9.0
3884,190,9.0
3884,189,9.0
3884,119,9.0
3884,94,9.0
3884,134,7.0
3884,416,7.0
3884,22,7.0
3884,399,7.0
18955,255,10.0
18955,119,9.0
18955,190,9.0
18955,78,9.0
18955,189,9.0
18955,94,9.0
18955,824,9.0
18955,134,7.0
18955,416,7.0
18955,399,7.0
17023,255,10.0
17023,119,9.0
17023,78,9.0
17023,189,9.0
17023,94,9.0
17023,190,9.0
17023,416,7.0
17023,134,7.0
17023,399,7.0
17023,22,7.0
514,255,10.0
514,119,9.0
514,78,9.0
514,189,9.0
514,94,9.0
514,190,9.0
514,416,7.0
514,134,7.0
514,399,7.0
514,22,7.0
17796,255,10.0
17796,78,9.0
17796,190,9.0
17796,189,9.0
17796,119,9.0
17796,94,9.0
17796,134,7.0
17796,416,7.0
17796,22,7.0
17796,399,7.0
13982,416,10.0
13982,119,9.0
13982,78,9.0
13982,189,9.0
13982,94,9.0
13982,190,9.0
13982,287,7.0
13982,134,7.0
13982,399,7.0
13982,22,7.0
201,189,9.0
201,78,9.0
201,94,9.0
201,89,7.0
201,22,7.0
201,416,7.0
201,399,7.0
201,19,7.0
201,287,6.0
201,362,6.0
12059,78,9.0
12059,94,9.0
12059,89,7.0
12059,399,7.0
12059,416,7.0
12059,22,7.0
12059,19,7.0
12059,134,6.0
12059,59,6.0
12059,362,6.0
18679,255,10.0
18679,78,9.0
18679,190,9.0
18679,189,9.0
18679,119,9.0
18679,94,9.0
18679,134,7.0
18679,416,7.0
18679,22,7.0
18679,399,7.0
5660,255,10.0
5660,119,9.0
5660,78,9.0
5660,189,9.0
5660,94,9.0
5660,190,9.0
5660,416,7.0
5660,134,7.0
5660,399,7.0
5660,22,7.0
15230,255,10.0
15230,119,9.0
15230,78,9.0
15230,189,9.0
15230,94,9.0
15230,190,9.0
15230,416,7.0
15230,134,7.0
15230,399,7.0
15230,22,7.0
3904,255,10.0
3904,94,9.0
3904,190,9.0
3904,78,9.0
3904,119,9.0
3904,189,9.0
3904,16,7.0
3904,287,7.0
3904,399,7.0
3904,134,7.0
15033,255,10.0
15033,119,9.0
15033,189,9.0
15033,94,9.0
15033,190,9.0
15033,22,7.0
15033,416,7.0
15033,134,7.0
15033,19,7.0
15033,399,7.0
17007,255,10.0
17007,119,9.0
17007,78,9.0
17007,189,9.0
17007,94,9.0
17007,190,9.0
17007,416,7.0
17007,134,7.0
17007,399,7.0
17007,22,7.0
17021,255,10.0
17021,119,9.0
17021,78,9.0
17021,189,9.0
17021,94,9.0
17021,190,9.0
17021,416,7.0
17021,134,7.0
17021,399,7.0
17021,22,7.0
1436,255,10.0
1436,119,9.0
1436,78,9.0
1436,94,9.0
1436,189,9.0
1436,190,9.0
1436,134,7.0
1436,16,7.0
1436,399,7.0
1436,287,7.0
18107,416,10.0
18107,119,9.0
18107,78,9.0
18107,189,9.0
18107,94,9.0
18107,190,9.0
18107,287,7.0
18107,134,7.0
18107,399,7.0
18107,22,7.0
17020,190,9.0
17020,78,9.0
17020,189,9.0
17020,119,9.0
17020,94,9.0
17020,824,9.0
17020,287,7.0
17020,134,7.0
17020,399,7.0
17020,22,7.0
4182,190,9.0
4182,78,9.0
4182,189,9.0
4182,119,9.0
4182,94,9.0
4182,824,9.0
4182,287,7.0
4182,134,7.0
4182,399,7.0
4182,22,7.0
2988,255,10.0
2988,78,9.0
2988,190,9.0
2988,189,9.0
2988,119,9.0
2988,94,9.0
2988,134,7.0
2988,416,7.0
2988,22,7.0
2988,399,7.0
17685,255,10.0
17685,119,9.0
17685,78,9.0
17685,189,9.0
17685,94,9.0
17685,190,9.0
17685,416,7.0
17685,134,7.0
17685,399,7.0
17685,22,7.0
8494,255,10.0
8494,119,9.0
8494,189,9.0
8494,94,9.0
8494,78,9.0
8494,190,9.0
8494,416,7.0
8494,287,7.0
8494,399,7.0
8494,134,7.0
17804,255,10.0
17804,119,9.0
17804,78,9.0
17804,189,9.0
17804,94,9.0
17804,190,9.0
17804,416,7.0
17804,134,7.0
17804,399,7.0
17804,22,7.0
17781,255,10.0
17781,78,9.0
17781,190,9.0
17781,189,9.0
17781,119,9.0
17781,94,9.0
17781,287,7.0
17781,416,7.0
17781,22,7.0
17781,399,7.0
17794,255,10.0
17794,119,9.0
17794,78,9.0
17794,189,9.0
17794,94,9.0
17794,190,9.0
17794,416,7.0
17794,134,7.0
17794,399,7.0
17794,22,7.0
13989,416,10.0
13989,119,9.0
13989,78,9.0
13989,189,9.0
13989,94,9.0
13989,190,9.0
13989,287,7.0
13989,134,7.0
13989,399,7.0
13989,22,7.0
18566,255,10.0
18566,78,9.0
18566,190,9.0
18566,189,9.0
18566,119,9.0
18566,94,9.0
18566,134,7.0
18566,416,7.0
18566,22,7.0
18566,399,7.0
15415,416,10.0
15415,255,10.0
15415,78,9.0
15415,119,9.0
15415,190,9.0
15415,189,9.0
15415,94,9.0
15415,134,7.0
15415,22,7.0
15415,399,7.0
1438,255,10.0
1438,190,10.0
1438,78,9.0
1438,824,9.0
1438,189,9.0
1438,119,9.0
1438,94,9.0
1438,134,7.0
1438,287,7.0
1438,22,7.0
17783,255,10.0
17783,78,9.0
17783,190,9.0
17783,189,9.0
17783,119,9.0
17783,94,9.0
17783,134,7.0
17783,416,7.0
17783,22,7.0
17783,399,7.0
2358,255,10.0
2358,119,9.0
2358,78,9.0
2358,189,9.0
2358,94,9.0
2358,190,9.0
2358,416,7.0
2358,134,7.0
2358,399,7.0
2358,22,7.0
17809,255,10.0
17809,78,9.0
17809,190,9.0
17809,189,9.0
17809,119,9.0
17809,94,9.0
17809,287,7.0
17809,416,7.0
17809,22,7.0
17809,399,7.0
17773,255,10.0
17773,119,9.0
17773,78,9.0
17773,189,9.0
17773,94,9.0
17773,190,9.0
17773,416,7.0
17773,134,7.0
17773,399,7.0
17773,22,7.0
17774,190,9.0
17774,78,9.0
17774,189,9.0
17774,119,9.0
17774,94,9.0
17774,824,9.0
17774,287,7.0
17774,134,7.0
17774,399,7.0
17774,22,7.0
18671,255,10.0
18671,78,9.0
18671,119,9.0
18671,190,9.0
18671,189,9.0
18671,94,9.0
18671,824,9.0
18671,416,7.0
18671,22,7.0
18671,399,7.0
2842,190,10.0
2842,78,9.0
2842,94,9.0
2842,89,7.0
2842,287,7.0
2842,22,7.0
2842,399,7.0
2842,134,7.0
2842,416,7.0
2842,19,7.0
17770,255,10.0
17770,78,9.0
17770,190,9.0
17770,189,9.0
17770,119,9.0
17770,94,9.0
17770,134,7.0
17770,416,7.0
17770,22,7.0
17770,399,7.0
17194,255,10.0
17194,119,9.0
17194,78,9.0
17194,189,9.0
17194,94,9.0
17194,190,9.0
17194,416,7.0
17194,134,7.0
17194,399,7.0
17194,22,7.0
4938,255,10.0
4938,78,9.0
4938,190,9.0
4938,189,9.0
4938,119,9.0
4938,94,9.0
4938,287,7.0
4938,416,7.0
4938,22,7.0
4938,399,7.0
16286,416,10.0
16286,119,9.0
16286,78,9.0
16286,189,9.0
16286,94,9.0
16286,190,9.0
16286,287,7.0
16286,134,7.0
16286,399,7.0
16286,22,7.0
17016,416,10.0
17016,119,9.0
17016,78,9.0
17016,189,9.0
17016,94,9.0
17016,190,9.0
17016,287,7.0
17016,134,7.0
17016,399,7.0
17016,22,7.0
11614,255,10.0
11614,119,9.0
11614,78,9.0
11614,189,9.0
11614,94,9.0
11614,190,9.0
11614,416,7.0
11614,134,7.0
11614,399,7.0
11614,22,7.0
18677,255,10.0
18677,119,9.0
18677,190,9.0
18677,78,9.0
18677,189,9.0
18677,94,9.0
18677,824,9.0
18677,134,7.0
18677,416,7.0
18677,399,7.0
17490,255,10.0
17490,416,10.0
17490,119,9.0
17490,190,9.0
17490,78,9.0
17490,94,9.0
17490,189,9.0
17490,16,7.0
17490,287,7.0
17490,399,7.0
64,189,9.0
64,824,9.0
64,119,9.0
64,94,9.0
64,416,7.0
64,22,7.0
64,78,7.0
64,134,7.0
64,19,7.0
64,362,6.0
8278,255,10.0
8278,78,9.0
8278,190,9.0
8278,189,9.0
8278,119,9.0
8278,94,9.0
8278,134,7.0
8278,416,7.0
8278,22,7.0
8278,399,7.0
11481,255,10.0
11481,78,9.0
11481,190,9.0
11481,189,9.0
11481,119,9.0
11481,94,9.0
11481,287,7.0
11481,416,7.0
11481,22,7.0
11481,399,7.0
17776,189,9.0
17776,824,9.0
17776,119,9.0
17776,94,9.0
17776,416,7.0
17776,22,7.0
17776,78,7.0
17776,134,7.0
17776,19,7.0
17776,362,6.0
1323,255,10.0
1323,78,9.0
1323,189,9.0
1323,119,9.0
1323,94,9.0
1323,824,9.0
1323,416,7.0
1323,287,7.0
1323,22,7.0
1323,134,7.0
2989,255,10.0
2989,416,10.0
2989,119,9.0
2989,190,9.0
2989,78,9.0
2989,189,9.0
2989,94,9.0
2989,134,7.0
2989,287,7.0
2989,399,7.0
