9657,22,0.0
9657,27,0.0
9657,50,0.0
9657,15,0.0
9657,5,0.0
9657,4,0.0
9657,48,0.0
9657,49,0.0
9657,34,0.0
9657,35,0.0
9070,27,0.0
9070,50,0.0
9070,15,0.0
9070,5,0.0
9070,4,0.0
9070,48,0.0
9070,49,0.0
9070,34,0.0
9070,35,0.0
9070,46,0.0
19001,34,0.09090909090909091
19001,15,0.09090909090909091
19001,46,0.09090909090909091
19001,48,0.09090909090909091
19001,22,0.0
19001,4,0.0
19001,5,0.0
19001,35,0.0
19001,41,0.0
19001,49,0.0
18423,48,0.09090909090909091
18423,27,0.09090909090909091
18423,22,0.0
18423,5,0.0
18423,15,0.0
18423,34,0.0
18423,4,0.0
18423,49,0.0
18423,35,0.0
18423,46,0.0
5878,22,0.0
5878,27,0.0
5878,50,0.0
5878,15,0.0
5878,5,0.0
5878,4,0.0
5878,48,0.0
5878,49,0.0
5878,34,0.0
5878,35,0.0
19003,22,0.0
19003,27,0.0
19003,50,0.0
19003,15,0.0
19003,5,0.0
19003,4,0.0
19003,48,0.0
19003,49,0.0
19003,34,0.0
19003,35,0.0
8773,22,0.0
8773,27,0.0
8773,50,0.0
8773,15,0.0
8773,5,0.0
8773,4,0.0
8773,48,0.0
8773,49,0.0
8773,34,0.0
8773,35,0.0
12414,22,0.0
12414,27,0.0
12414,50,0.0
12414,15,0.0
12414,5,0.0
12414,4,0.0
12414,48,0.0
12414,49,0.0
12414,34,0.0
12414,35,0.0
8001,48,0.09090909090909091
8001,27,0.09090909090909091
8001,22,0.0
8001,5,0.0
8001,15,0.0
8001,34,0.0
8001,4,0.0
8001,49,0.0
8001,35,0.0
8001,46,0.0
7943,48,0.09090909090909091
7943,27,0.09090909090909091
7943,22,0.0
7943,5,0.0
7943,15,0.0
7943,34,0.0
7943,4,0.0
7943,49,0.0
7943,35,0.0
7943,46,0.0
8347,48,0.09090909090909091
8347,27,0.09090909090909091
8347,22,0.0
8347,5,0.0
8347,15,0.0
8347,34,0.0
8347,4,0.0
8347,49,0.0
8347,35,0.0
8347,46,0.0
4304,22,0.0
4304,27,0.0
4304,50,0.0
4304,15,0.0
4304,5,0.0
4304,4,0.0
4304,48,0.0
4304,49,0.0
4304,34,0.0
4304,35,0.0
19000,48,0.09090909090909091
19000,27,0.09090909090909091
19000,22,0.0
19000,5,0.0
19000,15,0.0
19000,34,0.0
19000,4,0.0
19000,49,0.0
19000,35,0.0
19000,46,0.0
19030,22,0.0
19030,27,0.0
19030,50,0.0
19030,15,0.0
19030,5,0.0
19030,4,0.0
19030,48,0.0
19030,49,0.0
19030,34,0.0
19030,35,0.0
7726,22,0.0
7726,27,0.0
7726,50,0.0
7726,15,0.0
7726,5,0.0
7726,4,0.0
7726,48,0.0
7726,49,0.0
7726,34,0.0
7726,35,0.0
18257,48,0.09090909090909091
18257,27,0.09090909090909091
18257,22,0.0
18257,5,0.0
18257,15,0.0
18257,34,0.0
18257,4,0.0
18257,49,0.0
18257,35,0.0
18257,46,0.0
15499,48,0.09090909090909091
15499,27,0.09090909090909091
15499,22,0.0
15499,5,0.0
15499,15,0.0
15499,34,0.0
15499,4,0.0
15499,49,0.0
15499,35,0.0
15499,46,0.0
1359,48,0.09090909090909091
1359,27,0.09090909090909091
1359,22,0.0
1359,5,0.0
1359,15,0.0
1359,34,0.0
1359,4,0.0
1359,49,0.0
1359,35,0.0
1359,46,0.0
11894,22,0.0
11894,27,0.0
11894,50,0.0
11894,15,0.0
11894,5,0.0
11894,4,0.0
11894,48,0.0
11894,49,0.0
11894,34,0.0
11894,35,0.0
4588,22,0.0
4588,27,0.0
4588,50,0.0
4588,15,0.0
4588,5,0.0
4588,4,0.0
4588,48,0.0
4588,49,0.0
4588,34,0.0
4588,35,0.0
5872,48,0.09090909090909091
5872,27,0.09090909090909091
5872,22,0.0
5872,5,0.0
5872,15,0.0
5872,34,0.0
5872,4,0.0
5872,49,0.0
5872,35,0.0
5872,46,0.0
7796,22,0.0
7796,27,0.0
7796,50,0.0
7796,15,0.0
7796,5,0.0
7796,4,0.0
7796,48,0.0
7796,49,0.0
7796,34,0.0
7796,35,0.0
13880,22,0.0
13880,27,0.0
13880,50,0.0
13880,15,0.0
13880,5,0.0
13880,4,0.0
13880,48,0.0
13880,49,0.0
13880,34,0.0
13880,35,0.0
19037,48,0.09090909090909091
19037,27,0.09090909090909091
19037,22,0.0
19037,5,0.0
19037,15,0.0
19037,34,0.0
19037,4,0.0
19037,49,0.0
19037,35,0.0
19037,46,0.0
19534,48,0.09090909090909091
19534,27,0.09090909090909091
19534,22,0.0
19534,5,0.0
19534,15,0.0
19534,34,0.0
19534,4,0.0
19534,49,0.0
19534,35,0.0
19534,46,0.0
7727,22,0.0
7727,27,0.0
7727,50,0.0
7727,15,0.0
7727,5,0.0
7727,4,0.0
7727,48,0.0
7727,49,0.0
7727,34,0.0
7727,35,0.0
19018,22,0.0
19018,27,0.0
19018,50,0.0
19018,15,0.0
19018,5,0.0
19018,4,0.0
19018,48,0.0
19018,49,0.0
19018,34,0.0
19018,35,0.0
860,48,0.09090909090909091
860,27,0.09090909090909091
860,22,0.0
860,5,0.0
860,15,0.0
860,34,0.0
860,4,0.0
860,49,0.0
860,35,0.0
860,46,0.0
19159,22,0.0
19159,27,0.0
19159,50,0.0
19159,15,0.0
19159,5,0.0
19159,4,0.0
19159,48,0.0
19159,49,0.0
19159,34,0.0
19159,35,0.0
8289,48,0.09090909090909091
8289,27,0.09090909090909091
8289,22,0.0
8289,5,0.0
8289,15,0.0
8289,34,0.0
8289,4,0.0
8289,49,0.0
8289,35,0.0
8289,46,0.0
8348,48,0.09090909090909091
8348,27,0.09090909090909091
8348,22,0.0
8348,5,0.0
8348,15,0.0
8348,34,0.0
8348,4,0.0
8348,49,0.0
8348,35,0.0
8348,46,0.0
18249,48,0.09090909090909091
18249,27,0.09090909090909091
18249,22,0.0
18249,5,0.0
18249,15,0.0
18249,34,0.0
18249,4,0.0
18249,49,0.0
18249,35,0.0
18249,46,0.0
10369,48,0.09090909090909091
10369,27,0.09090909090909091
10369,22,0.0
10369,5,0.0
10369,15,0.0
10369,34,0.0
10369,4,0.0
10369,49,0.0
10369,35,0.0
10369,46,0.0
4693,22,0.0
4693,27,0.0
4693,50,0.0
4693,15,0.0
4693,5,0.0
4693,4,0.0
4693,48,0.0
4693,49,0.0
4693,34,0.0
4693,35,0.0
18254,22,0.0
18254,27,0.0
18254,50,0.0
18254,15,0.0
18254,5,0.0
18254,4,0.0
18254,48,0.0
18254,49,0.0
18254,34,0.0
18254,35,0.0
4695,48,0.09090909090909091
4695,27,0.09090909090909091
4695,22,0.0
4695,5,0.0
4695,15,0.0
4695,34,0.0
4695,4,0.0
4695,49,0.0
4695,35,0.0
4695,46,0.0
16398,48,0.09090909090909091
16398,27,0.09090909090909091
16398,22,0.0
16398,5,0.0
16398,15,0.0
16398,34,0.0
16398,4,0.0
16398,49,0.0
16398,35,0.0
16398,46,0.0
18259,48,0.09090909090909091
18259,27,0.09090909090909091
18259,22,0.0
18259,5,0.0
18259,15,0.0
18259,34,0.0
18259,4,0.0
18259,49,0.0
18259,35,0.0
18259,46,0.0
4634,48,0.09090909090909091
4634,27,0.09090909090909091
4634,22,0.0
4634,5,0.0
4634,15,0.0
4634,34,0.0
4634,4,0.0
4634,49,0.0
4634,35,0.0
4634,46,0.0
18256,48,0.09090909090909091
18256,27,0.09090909090909091
18256,22,0.0
18256,5,0.0
18256,15,0.0
18256,34,0.0
18256,4,0.0
18256,49,0.0
18256,35,0.0
18256,46,0.0
469,22,0.0
469,27,0.0
469,50,0.0
469,15,0.0
469,5,0.0
469,4,0.0
469,48,0.0
469,49,0.0
469,34,0.0
469,35,0.0
18999,48,0.09090909090909091
18999,27,0.09090909090909091
18999,22,0.0
18999,5,0.0
18999,15,0.0
18999,34,0.0
18999,4,0.0
18999,49,0.0
18999,35,0.0
18999,46,0.0
19913,22,0.0
19913,27,0.0
19913,50,0.0
19913,15,0.0
19913,5,0.0
19913,4,0.0
19913,48,0.0
19913,49,0.0
19913,34,0.0
19913,35,0.0
11912,22,0.0
11912,27,0.0
11912,50,0.0
11912,15,0.0
11912,5,0.0
11912,4,0.0
11912,48,0.0
11912,49,0.0
11912,34,0.0
11912,35,0.0
18250,48,0.09090909090909091
18250,27,0.09090909090909091
18250,22,0.0
18250,5,0.0
18250,15,0.0
18250,34,0.0
18250,4,0.0
18250,49,0.0
18250,35,0.0
18250,46,0.0
19028,22,0.0
19028,27,0.0
19028,50,0.0
19028,15,0.0
19028,5,0.0
19028,4,0.0
19028,48,0.0
19028,49,0.0
19028,34,0.0
19028,35,0.0
8342,22,0.0
8342,27,0.0
8342,50,0.0
8342,15,0.0
8342,5,0.0
8342,4,0.0
8342,48,0.0
8342,49,0.0
8342,34,0.0
8342,35,0.0
11903,48,0.09090909090909091
11903,27,0.09090909090909091
11903,22,0.0
11903,5,0.0
11903,15,0.0
11903,34,0.0
11903,4,0.0
11903,49,0.0
11903,35,0.0
11903,46,0.0
19034,27,0.09090909090909091
19034,46,0.09090909090909091
19034,22,0.0
19034,5,0.0
19034,50,0.0
19034,34,0.0
19034,4,0.0
19034,48,0.0
19034,49,0.0
19034,35,0.0
19049,48,0.09090909090909091
19049,27,0.09090909090909091
19049,22,0.0
19049,5,0.0
19049,15,0.0
19049,34,0.0
19049,4,0.0
19049,49,0.0
19049,35,0.0
19049,46,0.0
4633,48,0.09090909090909091
4633,27,0.09090909090909091
4633,22,0.0
4633,5,0.0
4633,15,0.0
4633,34,0.0
4633,4,0.0
4633,49,0.0
4633,35,0.0
4633,46,0.0
12713,48,0.09090909090909091
12713,27,0.09090909090909091
12713,22,0.0
12713,5,0.0
12713,15,0.0
12713,34,0.0
12713,4,0.0
12713,49,0.0
12713,35,0.0
12713,46,0.0
11899,22,0.0
11899,27,0.0
11899,50,0.0
11899,15,0.0
11899,5,0.0
11899,4,0.0
11899,48,0.0
11899,49,0.0
11899,34,0.0
11899,35,0.0
8324,22,0.0
8324,27,0.0
8324,50,0.0
8324,15,0.0
8324,5,0.0
8324,4,0.0
8324,48,0.0
8324,49,0.0
8324,34,0.0
8324,35,0.0
8543,22,0.0
8543,27,0.0
8543,50,0.0
8543,15,0.0
8543,5,0.0
8543,4,0.0
8543,48,0.0
8543,49,0.0
8543,34,0.0
8543,35,0.0
6973,22,0.0
6973,27,0.0
6973,50,0.0
6973,15,0.0
6973,5,0.0
6973,4,0.0
6973,48,0.0
6973,49,0.0
6973,34,0.0
6973,35,0.0
7974,22,0.0
7974,27,0.0
7974,50,0.0
7974,15,0.0
7974,5,0.0
7974,4,0.0
7974,48,0.0
7974,49,0.0
7974,34,0.0
7974,35,0.0
19043,48,0.09090909090909091
19043,27,0.09090909090909091
19043,22,0.0
19043,5,0.0
19043,15,0.0
19043,34,0.0
19043,4,0.0
19043,49,0.0
19043,35,0.0
19043,46,0.0
19044,48,0.09090909090909091
19044,27,0.09090909090909091
19044,22,0.0
19044,5,0.0
19044,15,0.0
19044,34,0.0
19044,4,0.0
19044,49,0.0
19044,35,0.0
19044,46,0.0
3783,48,0.09090909090909091
3783,27,0.09090909090909091
3783,22,0.0
3783,5,0.0
3783,15,0.0
3783,34,0.0
3783,4,0.0
3783,49,0.0
3783,35,0.0
3783,46,0.0
15596,22,0.0
15596,27,0.0
15596,50,0.0
15596,15,0.0
15596,5,0.0
15596,4,0.0
15596,48,0.0
15596,49,0.0
15596,34,0.0
15596,35,0.0
19004,27,0.09090909090909091
19004,22,0.0
19004,5,0.0
19004,15,0.0
19004,35,0.0
19004,4,0.0
19004,49,0.0
19004,34,0.0
19004,46,0.0
19004,41,0.0
14062,22,0.0
14062,27,0.0
14062,50,0.0
14062,15,0.0
14062,5,0.0
14062,4,0.0
14062,48,0.0
14062,49,0.0
14062,34,0.0
14062,35,0.0
12411,22,0.0
12411,27,0.0
12411,50,0.0
12411,15,0.0
12411,5,0.0
12411,4,0.0
12411,48,0.0
12411,49,0.0
12411,34,0.0
12411,35,0.0
19024,22,0.0
19024,27,0.0
19024,50,0.0
19024,15,0.0
19024,5,0.0
19024,4,0.0
19024,48,0.0
19024,49,0.0
19024,34,0.0
19024,35,0.0
18185,22,0.0
18185,27,0.0
18185,50,0.0
18185,15,0.0
18185,5,0.0
18185,4,0.0
18185,48,0.0
18185,49,0.0
18185,34,0.0
18185,35,0.0
18230,48,0.09090909090909091
18230,27,0.09090909090909091
18230,22,0.0
18230,5,0.0
18230,15,0.0
18230,34,0.0
18230,4,0.0
18230,49,0.0
18230,35,0.0
18230,46,0.0
19048,48,0.09090909090909091
19048,27,0.09090909090909091
19048,22,0.0
19048,5,0.0
19048,15,0.0
19048,34,0.0
19048,4,0.0
19048,49,0.0
19048,35,0.0
19048,46,0.0
7332,22,0.0
7332,27,0.0
7332,50,0.0
7332,15,0.0
7332,5,0.0
7332,4,0.0
7332,48,0.0
7332,49,0.0
7332,34,0.0
7332,35,0.0
12416,48,0.09090909090909091
12416,27,0.09090909090909091
12416,22,0.0
12416,5,0.0
12416,15,0.0
12416,34,0.0
12416,4,0.0
12416,49,0.0
12416,35,0.0
12416,46,0.0
4,22,0.0
4,27,0.0
4,50,0.0
4,15,0.0
4,5,0.0
4,4,0.0
4,48,0.0
4,49,0.0
4,34,0.0
4,35,0.0
19035,22,0.0
19035,27,0.0
19035,50,0.0
19035,15,0.0
19035,5,0.0
19035,4,0.0
19035,48,0.0
19035,49,0.0
19035,34,0.0
19035,35,0.0
19138,48,0.09090909090909091
19138,27,0.09090909090909091
19138,22,0.0
19138,5,0.0
19138,15,0.0
19138,34,0.0
19138,4,0.0
19138,49,0.0
19138,35,0.0
19138,46,0.0
6553,22,0.0
6553,27,0.0
6553,50,0.0
6553,15,0.0
6553,5,0.0
6553,4,0.0
6553,48,0.0
6553,49,0.0
6553,34,0.0
6553,35,0.0
2090,48,0.09090909090909091
2090,27,0.09090909090909091
2090,22,0.0
2090,5,0.0
2090,15,0.0
2090,34,0.0
2090,4,0.0
2090,49,0.0
2090,35,0.0
2090,46,0.0
6323,15,0.09090909090909091
6323,34,0.09090909090909091
6323,50,0.09090909090909091
6323,46,0.09090909090909091
6323,22,0.0
6323,5,0.0
6323,48,0.0
6323,35,0.0
6323,4,0.0
6323,49,0.0
5072,22,0.0
5072,27,0.0
5072,50,0.0
5072,15,0.0
5072,5,0.0
5072,4,0.0
5072,48,0.0
5072,49,0.0
5072,34,0.0
5072,35,0.0
10523,22,0.0
10523,27,0.0
10523,50,0.0
10523,15,0.0
10523,5,0.0
10523,4,0.0
10523,48,0.0
10523,49,0.0
10523,34,0.0
10523,35,0.0
9147,22,0.0
9147,27,0.0
9147,50,0.0
9147,15,0.0
9147,5,0.0
9147,4,0.0
9147,48,0.0
9147,49,0.0
9147,34,0.0
9147,35,0.0
2952,48,0.09090909090909091
2952,27,0.09090909090909091
2952,22,0.0
2952,5,0.0
2952,15,0.0
2952,34,0.0
2952,4,0.0
2952,49,0.0
2952,35,0.0
2952,46,0.0
5202,22,0.0
5202,27,0.0
5202,50,0.0
5202,15,0.0
5202,5,0.0
5202,4,0.0
5202,48,0.0
5202,49,0.0
5202,34,0.0
5202,35,0.0
8587,48,0.09090909090909091
8587,27,0.09090909090909091
8587,22,0.0
8587,5,0.0
8587,15,0.0
8587,34,0.0
8587,4,0.0
8587,49,0.0
8587,35,0.0
8587,46,0.0
679,27,0.09090909090909091
679,22,0.0
679,15,0.0
679,50,0.0
679,49,0.0
679,5,0.0
679,4,0.0
679,48,0.0
679,35,0.0
679,46,0.0
9928,34,0.09090909090909091
9928,50,0.09090909090909091
9928,22,0.0
9928,4,0.0
9928,5,0.0
9928,35,0.0
9928,48,0.0
9928,49,0.0
9928,41,0.0
9929,27,0.09090909090909091
9929,22,0.0
9929,15,0.0
9929,50,0.0
9929,49,0.0
9929,5,0.0
9929,4,0.0
9929,48,0.0
9929,35,0.0
9929,46,0.0
15067,48,0.09090909090909091
15067,27,0.09090909090909091
15067,22,0.0
15067,5,0.0
15067,15,0.0
15067,34,0.0
15067,4,0.0
15067,49,0.0
15067,35,0.0
15067,46,0.0
14412,15,0.09090909090909091
14412,50,0.09090909090909091
14412,46,0.09090909090909091
14412,22,0.0
14412,5,0.0
14412,48,0.0
14412,35,0.0
14412,4,0.0
14412,49,0.0
14412,41,0.0
8464,22,0.0
8464,27,0.0
8464,50,0.0
8464,15,0.0
8464,5,0.0
8464,4,0.0
8464,48,0.0
8464,49,0.0
8464,34,0.0
8464,35,0.0
10542,22,0.0
10542,27,0.0
10542,50,0.0
10542,15,0.0
10542,5,0.0
10542,4,0.0
10542,48,0.0
10542,49,0.0
10542,34,0.0
10542,35,0.0
7874,27,0.09090909090909091
7874,22,0.0
7874,15,0.0
7874,50,0.0
7874,49,0.0
7874,5,0.0
7874,4,0.0
7874,48,0.0
7874,35,0.0
7874,46,0.0
3955,27,0.09090909090909091
3955,22,0.0
3955,15,0.0
3955,50,0.0
3955,49,0.0
3955,5,0.0
3955,4,0.0
3955,48,0.0
3955,35,0.0
3955,46,0.0
4144,27,0.0
4144,50,0.0
4144,15,0.0
4144,5,0.0
4144,4,0.0
4144,48,0.0
4144,49,0.0
4144,34,0.0
4144,35,0.0
4144,46,0.0
8461,22,0.0
8461,27,0.0
8461,50,0.0
8461,15,0.0
8461,5,0.0
8461,4,0.0
8461,48,0.0
8461,49,0.0
8461,34,0.0
8461,35,0.0
16210,22,0.0
16210,27,0.0
16210,50,0.0
16210,15,0.0
16210,5,0.0
16210,4,0.0
16210,48,0.0
16210,49,0.0
16210,34,0.0
16210,35,0.0
16209,22,0.0
16209,27,0.0
16209,50,0.0
16209,15,0.0
16209,5,0.0
16209,4,0.0
16209,48,0.0
16209,49,0.0
16209,34,0.0
16209,35,0.0
8707,22,0.0
8707,27,0.0
8707,50,0.0
8707,15,0.0
8707,5,0.0
8707,4,0.0
8707,48,0.0
8707,49,0.0
8707,34,0.0
8707,35,0.0
12231,22,0.0
12231,27,0.0
12231,50,0.0
12231,15,0.0
12231,5,0.0
12231,4,0.0
12231,48,0.0
12231,49,0.0
12231,34,0.0
12231,35,0.0
19628,15,0.09090909090909091
19628,34,0.09090909090909091
19628,50,0.09090909090909091
19628,46,0.09090909090909091
19628,22,0.0
19628,5,0.0
19628,48,0.0
19628,35,0.0
19628,4,0.0
19628,49,0.0
8764,48,0.09090909090909091
8764,27,0.09090909090909091
8764,22,0.0
8764,5,0.0
8764,15,0.0
8764,34,0.0
8764,4,0.0
8764,49,0.0
8764,35,0.0
8764,46,0.0
8909,22,0.0
8909,27,0.0
8909,50,0.0
8909,15,0.0
8909,5,0.0
8909,4,0.0
8909,48,0.0
8909,49,0.0
8909,34,0.0
8909,35,0.0
18194,15,0.09090909090909091
18194,34,0.09090909090909091
18194,50,0.09090909090909091
18194,46,0.09090909090909091
18194,22,0.0
18194,5,0.0
18194,48,0.0
18194,35,0.0
18194,4,0.0
18194,49,0.0
8703,22,0.0
8703,27,0.0
8703,50,0.0
8703,15,0.0
8703,5,0.0
8703,4,0.0
8703,48,0.0
8703,49,0.0
8703,34,0.0
8703,35,0.0
16678,22,0.0
16678,27,0.0
16678,50,0.0
16678,15,0.0
16678,5,0.0
16678,4,0.0
16678,48,0.0
16678,49,0.0
16678,34,0.0
16678,35,0.0
692,22,0.0
692,27,0.0
692,50,0.0
692,15,0.0
692,5,0.0
692,4,0.0
692,48,0.0
692,49,0.0
692,34,0.0
692,35,0.0
13582,27,0.09090909090909091
13582,46,0.09090909090909091
13582,22,0.0
13582,5,0.0
13582,50,0.0
13582,34,0.0
13582,4,0.0
13582,48,0.0
13582,49,0.0
13582,35,0.0
8435,27,0.09090909090909091
8435,46,0.09090909090909091
8435,22,0.0
8435,5,0.0
8435,50,0.0
8435,34,0.0
8435,4,0.0
8435,48,0.0
8435,49,0.0
8435,35,0.0
745,22,0.0
745,27,0.0
745,50,0.0
745,15,0.0
745,5,0.0
745,4,0.0
745,48,0.0
745,49,0.0
745,34,0.0
745,35,0.0
4105,27,0.09090909090909091
4105,46,0.09090909090909091
4105,22,0.0
4105,5,0.0
4105,50,0.0
4105,34,0.0
4105,4,0.0
4105,48,0.0
4105,49,0.0
4105,35,0.0
203,22,0.0
203,27,0.0
203,50,0.0
203,15,0.0
203,5,0.0
203,4,0.0
203,48,0.0
203,49,0.0
203,34,0.0
203,35,0.0
8418,48,0.09090909090909091
8418,27,0.09090909090909091
8418,22,0.0
8418,5,0.0
8418,15,0.0
8418,34,0.0
8418,4,0.0
8418,49,0.0
8418,35,0.0
8418,46,0.0
18357,48,0.09090909090909091
18357,27,0.09090909090909091
18357,22,0.0
18357,5,0.0
18357,15,0.0
18357,34,0.0
18357,4,0.0
18357,49,0.0
18357,35,0.0
18357,46,0.0
18675,48,0.09090909090909091
18675,27,0.09090909090909091
18675,22,0.0
18675,5,0.0
18675,15,0.0
18675,34,0.0
18675,4,0.0
18675,49,0.0
18675,35,0.0
18675,46,0.0
358,27,0.09090909090909091
358,46,0.09090909090909091
358,22,0.0
358,5,0.0
358,50,0.0
358,34,0.0
358,4,0.0
358,48,0.0
358,49,0.0
358,35,0.0
3281,15,0.09090909090909091
3281,34,0.09090909090909091
3281,50,0.09090909090909091
3281,46,0.09090909090909091
3281,22,0.0
3281,5,0.0
3281,48,0.0
3281,35,0.0
3281,4,0.0
3281,49,0.0
17097,48,0.09090909090909091
17097,27,0.09090909090909091
17097,22,0.0
17097,5,0.0
17097,15,0.0
17097,34,0.0
17097,4,0.0
17097,49,0.0
17097,35,0.0
17097,46,0.0
12485,22,0.0
12485,27,0.0
12485,50,0.0
12485,15,0.0
12485,5,0.0
12485,4,0.0
12485,48,0.0
12485,49,0.0
12485,34,0.0
12485,35,0.0
16888,22,0.0
16888,27,0.0
16888,50,0.0
16888,15,0.0
16888,5,0.0
16888,4,0.0
16888,48,0.0
16888,49,0.0
16888,34,0.0
16888,35,0.0
15398,22,0.0
15398,27,0.0
15398,50,0.0
15398,15,0.0
15398,5,0.0
15398,4,0.0
15398,48,0.0
15398,49,0.0
15398,34,0.0
15398,35,0.0
17801,22,0.0
17801,27,0.0
17801,50,0.0
17801,15,0.0
17801,5,0.0
17801,4,0.0
17801,48,0.0
17801,49,0.0
17801,34,0.0
17801,35,0.0
1046,22,0.0
1046,27,0.0
1046,50,0.0
1046,15,0.0
1046,5,0.0
1046,4,0.0
1046,48,0.0
1046,49,0.0
1046,34,0.0
1046,35,0.0
17005,22,0.0
17005,27,0.0
17005,50,0.0
17005,15,0.0
17005,5,0.0
17005,4,0.0
17005,48,0.0
17005,49,0.0
17005,34,0.0
17005,35,0.0
