9657,89,0.28282978097871925
9657,824,0.26358629008263496
9657,264,0.16678396901138728
9657,310,0.13036641478657393
9657,399,0.11392895559508207
9657,77,0.03904068846756123
9657,94,0.02949507754840395
9657,20,0.02274719854579367
9657,476,0.0
9657,134,0.0
1550,119,0.0
1550,20,0.0
1550,399,0.0
1550,476,0.0
1550,264,0.0
1550,200,0.0
1550,189,0.0
1550,362,0.0
1550,17,0.0
1550,16,0.0
17924,119,0.0
17924,20,0.0
17924,399,0.0
17924,476,0.0
17924,264,0.0
17924,200,0.0
17924,189,0.0
17924,362,0.0
17924,17,0.0
17924,16,0.0
4672,119,0.0
4672,20,0.0
4672,399,0.0
4672,476,0.0
4672,264,0.0
4672,200,0.0
4672,189,0.0
4672,362,0.0
4672,17,0.0
4672,16,0.0
8497,119,0.0
8497,20,0.0
8497,399,0.0
8497,476,0.0
8497,264,0.0
8497,200,0.0
8497,189,0.0
8497,362,0.0
8497,17,0.0
8497,16,0.0
9070,189,0.2410127781193277
9070,287,0.12035313637083975
9070,200,0.10790636648763016
9070,310,0.09463277060979149
9070,352,0.07985162115869507
9070,78,0.0780446389501787
9070,20,0.02716450437565886
9070,119,0.0228633209071026
9070,824,0.012882579153797173
9070,17,0.0
16845,119,0.0
16845,20,0.0
16845,399,0.0
16845,476,0.0
16845,264,0.0
16845,200,0.0
16845,189,0.0
16845,362,0.0
16845,17,0.0
16845,16,0.0
7943,89,0.2811008428047528
7943,824,0.26197498734965863
7943,264,0.16576441877225873
7943,310,0.12956948502073504
7943,399,0.11323250800117302
7943,77,0.038802032777216444
7943,94,0.029314774168253975
7943,20,0.02260814494337378
7943,476,0.0
7943,134,0.0
8348,362,0.4960044649293546
8348,189,0.2732310736534945
8348,79,0.2459538132650231
8348,89,0.22250924884830772
8348,310,0.19916029441368777
8348,287,0.14315854348463025
8348,78,0.12366760577846987
8348,20,0.12229181193513569
8348,94,0.0497324300062367
8348,119,0.03083256379369695
7974,119,0.0
7974,20,0.0
7974,399,0.0
7974,476,0.0
7974,264,0.0
7974,200,0.0
7974,189,0.0
7974,362,0.0
7974,17,0.0
7974,16,0.0
19001,119,0.0
19001,20,0.0
19001,399,0.0
19001,476,0.0
19001,264,0.0
19001,200,0.0
19001,189,0.0
19001,362,0.0
19001,17,0.0
19001,16,0.0
5878,119,0.0
5878,20,0.0
5878,399,0.0
5878,476,0.0
5878,264,0.0
5878,200,0.0
5878,189,0.0
5878,362,0.0
5878,17,0.0
5878,16,0.0
19049,16,0.6165529708980761
19049,189,0.5716230072735573
19049,89,0.38562472461039604
19049,310,0.2438505105498863
19049,20,0.17781860396801258
19049,287,0.12130950699596392
19049,78,0.10039502918395618
19049,22,0.07159268682573466
19049,59,0.02519749777519406
19049,77,0.015848446901712887
1359,119,0.0
1359,20,0.0
1359,399,0.0
1359,476,0.0
1359,264,0.0
1359,200,0.0
1359,189,0.0
1359,362,0.0
1359,17,0.0
1359,16,0.0
8347,119,0.0
8347,20,0.0
8347,399,0.0
8347,476,0.0
8347,264,0.0
8347,200,0.0
8347,189,0.0
8347,362,0.0
8347,17,0.0
8347,16,0.0
19003,352,0.8683581342366211
19003,399,0.326305005168947
19003,16,0.29765840113981246
19003,89,0.2969268152696517
19003,264,0.24997612637445782
19003,362,0.2127179847795958
19003,189,0.18606589066705345
19003,94,0.08812204907379395
19003,119,0.022708644550026136
19003,255,0.01560389373898316
12415,119,0.0
12415,20,0.0
12415,399,0.0
12415,476,0.0
12415,264,0.0
12415,200,0.0
12415,189,0.0
12415,362,0.0
12415,17,0.0
12415,16,0.0
11894,824,0.12951387601362607
11894,22,0.07831187056172469
11894,16,0.07581638126725562
11894,362,0.05848726413092282
11894,399,0.038094116631289934
11894,59,0.029703604575374278
11894,79,0.0268778490051039
11894,255,0.02145950625597018
11894,416,0.01350199460741935
11894,287,0.012123509019577691
19000,119,0.0
19000,20,0.0
19000,399,0.0
19000,476,0.0
19000,264,0.0
19000,200,0.0
19000,189,0.0
19000,362,0.0
19000,17,0.0
19000,16,0.0
19030,22,0.2965121412190362
19030,352,0.10841528127336236
19030,16,0.04369448821153754
19030,287,0.02972989466922482
19030,78,0.023243528076917486
19030,200,0.015205782463645179
19030,89,0.006281359275097376
19030,310,0.0041841917349105945
19030,284,0.0
19030,476,0.0
4729,119,0.0
4729,20,0.0
4729,399,0.0
4729,476,0.0
4729,264,0.0
4729,200,0.0
4729,189,0.0
4729,362,0.0
4729,17,0.0
4729,16,0.0
18257,119,0.0
18257,20,0.0
18257,399,0.0
18257,476,0.0
18257,264,0.0
18257,200,0.0
18257,189,0.0
18257,362,0.0
18257,17,0.0
18257,16,0.0
5872,824,0.16494802043110715
5872,362,0.07316954825401799
5872,16,0.06764465520243226
5872,22,0.06509754873759616
5872,59,0.054414140091639425
5872,79,0.023315529825623377
5872,399,0.020899189045351263
5872,200,0.01969612806826706
5872,190,0.019207342250546117
5872,119,0.009543706928244442
12414,119,0.0
12414,20,0.0
12414,399,0.0
12414,476,0.0
12414,264,0.0
12414,200,0.0
12414,189,0.0
12414,362,0.0
12414,17,0.0
12414,16,0.0
8173,119,0.0
8173,20,0.0
8173,399,0.0
8173,476,0.0
8173,264,0.0
8173,200,0.0
8173,189,0.0
8173,362,0.0
8173,17,0.0
8173,16,0.0
4588,89,0.036138373358606916
4588,264,0.021884688040662667
4588,399,0.017428784433456863
4588,255,0.014685314934497602
4588,22,0.013603750354766502
4588,416,0.009237368773184948
4588,20,0.009120317520714407
4588,16,0.008529677396439297
4588,78,0.0073679949816657
4588,287,0.003953373336166964
19008,119,0.0
19008,20,0.0
19008,399,0.0
19008,476,0.0
19008,264,0.0
19008,200,0.0
19008,189,0.0
19008,362,0.0
19008,17,0.0
19008,16,0.0
7796,119,0.0
7796,20,0.0
7796,399,0.0
7796,476,0.0
7796,264,0.0
7796,200,0.0
7796,189,0.0
7796,362,0.0
7796,17,0.0
7796,16,0.0
16513,119,0.0
16513,20,0.0
16513,399,0.0
16513,476,0.0
16513,264,0.0
16513,200,0.0
16513,189,0.0
16513,362,0.0
16513,17,0.0
16513,16,0.0
319,119,0.0
319,20,0.0
319,399,0.0
319,476,0.0
319,264,0.0
319,200,0.0
319,189,0.0
319,362,0.0
319,17,0.0
319,16,0.0
4696,119,0.0
4696,20,0.0
4696,399,0.0
4696,476,0.0
4696,264,0.0
4696,200,0.0
4696,189,0.0
4696,362,0.0
4696,17,0.0
4696,16,0.0
11917,119,0.0
11917,20,0.0
11917,399,0.0
11917,476,0.0
11917,264,0.0
11917,200,0.0
11917,189,0.0
11917,362,0.0
11917,17,0.0
11917,16,0.0
5120,119,0.0
5120,20,0.0
5120,399,0.0
5120,476,0.0
5120,264,0.0
5120,200,0.0
5120,189,0.0
5120,362,0.0
5120,17,0.0
5120,16,0.0
4304,119,0.0
4304,20,0.0
4304,399,0.0
4304,476,0.0
4304,264,0.0
4304,200,0.0
4304,189,0.0
4304,362,0.0
4304,17,0.0
4304,16,0.0
18260,119,0.0
18260,20,0.0
18260,399,0.0
18260,476,0.0
18260,264,0.0
18260,200,0.0
18260,189,0.0
18260,362,0.0
18260,17,0.0
18260,16,0.0
4,89,0.2811008428047528
4,824,0.26197498734965863
4,264,0.16576441877225873
4,310,0.12956948502073504
4,399,0.11323250800117302
4,77,0.038802032777216444
4,94,0.029314774168253975
4,20,0.02260814494337378
4,476,0.0
4,134,0.0
19029,89,0.03613408526362065
19029,264,0.021882091254688422
19029,399,0.01742671637459857
19029,255,0.014683572409323196
19029,22,0.01360213616551905
19029,416,0.009236272688579041
19029,20,0.009119235325136475
19029,16,0.008528665284839334
19029,78,0.007367120712588229
19029,287,0.003952904238119686
8342,22,0.2846127747717486
8342,352,0.14396503375038974
8342,16,0.03544077181072722
8342,200,0.030292607023786305
8342,287,0.025957253773605526
8342,78,0.01603309062429839
8342,119,0.006496436454360537
8342,310,0.0022605371576129157
8342,824,0.001112705159407654
8342,134,0.0
19048,119,0.0
19048,20,0.0
19048,399,0.0
19048,476,0.0
19048,264,0.0
19048,200,0.0
19048,189,0.0
19048,362,0.0
19048,17,0.0
19048,16,0.0
18251,119,0.0
18251,20,0.0
18251,399,0.0
18251,476,0.0
18251,264,0.0
18251,200,0.0
18251,189,0.0
18251,362,0.0
18251,17,0.0
18251,16,0.0
2090,119,0.0
2090,20,0.0
2090,399,0.0
2090,476,0.0
2090,264,0.0
2090,200,0.0
2090,189,0.0
2090,362,0.0
2090,17,0.0
2090,16,0.0
19159,119,0.0
19159,20,0.0
19159,399,0.0
19159,476,0.0
19159,264,0.0
19159,200,0.0
19159,189,0.0
19159,362,0.0
19159,17,0.0
19159,16,0.0
19018,119,0.0
19018,20,0.0
19018,399,0.0
19018,476,0.0
19018,264,0.0
19018,200,0.0
19018,189,0.0
19018,362,0.0
19018,17,0.0
19018,16,0.0
14223,255,0.6317522206470546
14223,22,0.42749334541394207
14223,416,0.39757319935444724
14223,77,0.3093847300096945
14223,352,0.23669286320782018
14223,79,0.20421303492742596
14223,89,0.15373702757688312
14223,310,0.09403431924911362
14223,20,0.08433983122328981
14223,287,0.03235807311618982
19534,119,0.0
19534,20,0.0
19534,399,0.0
19534,476,0.0
19534,264,0.0
19534,200,0.0
19534,189,0.0
19534,362,0.0
19534,17,0.0
19534,16,0.0
8289,119,0.0
8289,20,0.0
8289,399,0.0
8289,476,0.0
8289,264,0.0
8289,200,0.0
8289,189,0.0
8289,362,0.0
8289,17,0.0
8289,16,0.0
15596,119,0.0
15596,20,0.0
15596,399,0.0
15596,476,0.0
15596,264,0.0
15596,200,0.0
15596,189,0.0
15596,362,0.0
15596,17,0.0
15596,16,0.0
18249,119,0.0
18249,20,0.0
18249,399,0.0
18249,476,0.0
18249,264,0.0
18249,200,0.0
18249,189,0.0
18249,362,0.0
18249,17,0.0
18249,16,0.0
10885,824,0.16552705594215167
10885,362,0.07342640351457491
10885,16,0.06788211581209708
10885,22,0.0653260679541505
10885,59,0.05460515614223333
10885,79,0.023397376941415735
10885,399,0.020972553809460573
10885,200,0.019765269592680268
10885,190,0.01927476793535768
10885,119,0.009577209271612496
19046,119,0.0
19046,20,0.0
19046,399,0.0
19046,476,0.0
19046,264,0.0
19046,200,0.0
19046,189,0.0
19046,362,0.0
19046,17,0.0
19046,16,0.0
10369,89,0.03613408526362065
10369,264,0.021882091254688422
10369,399,0.01742671637459857
10369,255,0.014683572409323196
10369,22,0.01360213616551905
10369,416,0.009236272688579041
10369,20,0.009119235325136475
10369,16,0.008528665284839334
10369,78,0.007367120712588229
10369,287,0.003952904238119686
4693,22,0.28520231683395036
4693,352,0.1442632404733671
4693,16,0.035514183222832674
4693,200,0.030355354614890043
4693,287,0.026011021187703737
4693,78,0.016066301295596233
4693,119,0.006509893062368807
4693,310,0.0022652195958439147
4693,824,0.0011150099979547658
4693,134,0.0
12411,119,0.0
12411,20,0.0
12411,399,0.0
12411,476,0.0
12411,264,0.0
12411,200,0.0
12411,189,0.0
12411,362,0.0
12411,17,0.0
12411,16,0.0
16398,119,0.0
16398,20,0.0
16398,399,0.0
16398,476,0.0
16398,264,0.0
16398,200,0.0
16398,189,0.0
16398,362,0.0
16398,17,0.0
16398,16,0.0
18259,119,0.0
18259,20,0.0
18259,399,0.0
18259,476,0.0
18259,264,0.0
18259,200,0.0
18259,189,0.0
18259,362,0.0
18259,17,0.0
18259,16,0.0
8543,189,0.24351480354053867
8543,287,0.12160255811964521
8543,200,0.10902657461173643
8543,310,0.09561518158232536
8543,352,0.08068058461707668
8543,78,0.07885484358814984
8543,20,0.027446507184941005
8543,119,0.023100671849941058
8543,824,0.013016317044315289
8543,17,0.0
19024,119,0.0
19024,20,0.0
19024,399,0.0
19024,476,0.0
19024,264,0.0
19024,200,0.0
19024,189,0.0
19024,362,0.0
19024,17,0.0
19024,16,0.0
18256,119,0.0
18256,20,0.0
18256,399,0.0
18256,476,0.0
18256,264,0.0
18256,200,0.0
18256,189,0.0
18256,362,0.0
18256,17,0.0
18256,16,0.0
4634,362,0.37548019145400147
4634,22,0.35779650194326823
4634,310,0.33876928831692454
4634,399,0.31988699191846526
4634,16,0.23998976931184451
4634,89,0.1773434540639444
4634,59,0.1394319190910327
4634,78,0.058675957202350776
4634,77,0.05147582750004779
4634,255,0.04809893189589995
465,119,0.0
465,20,0.0
465,399,0.0
465,476,0.0
465,264,0.0
465,200,0.0
465,189,0.0
465,362,0.0
465,17,0.0
465,16,0.0
5924,119,0.0
5924,20,0.0
5924,399,0.0
5924,476,0.0
5924,264,0.0
5924,200,0.0
5924,189,0.0
5924,362,0.0
5924,17,0.0
5924,16,0.0
19034,119,0.0
19034,20,0.0
19034,399,0.0
19034,476,0.0
19034,264,0.0
19034,200,0.0
19034,189,0.0
19034,362,0.0
19034,17,0.0
19034,16,0.0
8773,119,0.0
8773,20,0.0
8773,399,0.0
8773,476,0.0
8773,264,0.0
8773,200,0.0
8773,189,0.0
8773,362,0.0
8773,17,0.0
8773,16,0.0
469,119,0.0
469,20,0.0
469,399,0.0
469,476,0.0
469,264,0.0
469,200,0.0
469,189,0.0
469,362,0.0
469,17,0.0
469,16,0.0
18649,119,0.0
18649,20,0.0
18649,399,0.0
18649,476,0.0
18649,264,0.0
18649,200,0.0
18649,189,0.0
18649,362,0.0
18649,17,0.0
18649,16,0.0
19033,119,0.0
19033,20,0.0
19033,399,0.0
19033,476,0.0
19033,264,0.0
19033,200,0.0
19033,189,0.0
19033,362,0.0
19033,17,0.0
19033,16,0.0
4310,89,0.03613408526362065
4310,264,0.021882091254688422
4310,399,0.01742671637459857
4310,255,0.014683572409323196
4310,22,0.01360213616551905
4310,416,0.009236272688579041
4310,20,0.009119235325136475
4310,16,0.008528665284839334
4310,78,0.007367120712588229
4310,287,0.003952904238119686
5873,22,0.28520231683395036
5873,352,0.1442632404733671
5873,16,0.035514183222832674
5873,200,0.030355354614890043
5873,287,0.026011021187703737
5873,78,0.016066301295596233
5873,119,0.006509893062368807
5873,310,0.0022652195958439147
5873,824,0.0011150099979547658
5873,134,0.0
11908,189,0.24351480354053867
11908,287,0.12160255811964521
11908,200,0.10902657461173643
11908,310,0.09561518158232536
11908,352,0.08068058461707668
11908,78,0.07885484358814984
11908,20,0.027446507184941005
11908,119,0.023100671849941058
11908,824,0.013016317044315289
11908,17,0.0
18070,22,0.2854351106657585
18070,352,0.14438099404883484
18070,16,0.03554317135619639
18070,200,0.030380131900695884
18070,287,0.02603225245033433
18070,78,0.016079415269855388
18070,119,0.0065152067041636605
18070,310,0.0022670685610114566
18070,824,0.0011159201148598944
18070,134,0.0
14822,119,0.0
14822,20,0.0
14822,399,0.0
14822,476,0.0
14822,264,0.0
14822,200,0.0
14822,189,0.0
14822,362,0.0
14822,17,0.0
14822,16,0.0
18999,362,0.50071793583713
18999,189,0.2758275557576414
18999,79,0.2482910828370748
18999,89,0.22462372753814536
18999,310,0.201052890791498
18999,287,0.14451896194378705
18999,78,0.12484280419559297
18999,20,0.12345393634846616
18999,94,0.05020503132050233
18999,119,0.031125561947401847
14091,119,0.0
14091,20,0.0
14091,399,0.0
14091,476,0.0
14091,264,0.0
14091,200,0.0
14091,189,0.0
14091,362,0.0
14091,17,0.0
14091,16,0.0
1023,119,0.0
1023,20,0.0
1023,399,0.0
1023,476,0.0
1023,264,0.0
1023,200,0.0
1023,189,0.0
1023,362,0.0
1023,17,0.0
1023,16,0.0
3783,119,0.0
3783,20,0.0
3783,399,0.0
3783,476,0.0
3783,264,0.0
3783,200,0.0
3783,189,0.0
3783,362,0.0
3783,17,0.0
3783,16,0.0
19913,119,0.0
19913,20,0.0
19913,399,0.0
19913,476,0.0
19913,264,0.0
19913,200,0.0
19913,189,0.0
19913,362,0.0
19913,17,0.0
19913,16,0.0
19012,119,0.0
19012,20,0.0
19012,399,0.0
19012,476,0.0
19012,264,0.0
19012,200,0.0
19012,189,0.0
19012,362,0.0
19012,17,0.0
19012,16,0.0
11918,119,0.0
11918,20,0.0
11918,399,0.0
11918,476,0.0
11918,264,0.0
11918,200,0.0
11918,189,0.0
11918,362,0.0
11918,17,0.0
11918,16,0.0
11912,22,0.2842252749911478
11912,352,0.14376902561604948
11912,16,0.035392519263693606
11912,200,0.030251363693844527
11912,287,0.025921913019311155
11912,78,0.01601126160027007
11912,119,0.006487591567820167
11912,310,0.002257459440341489
11912,824,0.0011111902133357759
11912,134,0.0
19022,119,0.0
19022,20,0.0
19022,399,0.0
19022,476,0.0
19022,264,0.0
19022,200,0.0
19022,189,0.0
19022,362,0.0
19022,17,0.0
19022,16,0.0
18250,119,0.0
18250,20,0.0
18250,399,0.0
18250,476,0.0
18250,264,0.0
18250,200,0.0
18250,189,0.0
18250,362,0.0
18250,17,0.0
18250,16,0.0
19028,119,0.0
19028,20,0.0
19028,399,0.0
19028,476,0.0
19028,264,0.0
19028,200,0.0
19028,189,0.0
19028,362,0.0
19028,17,0.0
19028,16,0.0
12350,22,0.28520231683395036
12350,352,0.1442632404733671
12350,16,0.035514183222832674
12350,200,0.030355354614890043
12350,287,0.026011021187703737
12350,78,0.016066301295596233
12350,119,0.006509893062368807
12350,310,0.0022652195958439147
12350,824,0.0011150099979547658
12350,134,0.0
19021,119,0.0
19021,20,0.0
19021,399,0.0
19021,476,0.0
19021,264,0.0
19021,200,0.0
19021,189,0.0
19021,362,0.0
19021,17,0.0
19021,16,0.0
11911,119,0.0
11911,20,0.0
11911,399,0.0
11911,476,0.0
11911,264,0.0
11911,200,0.0
11911,189,0.0
11911,362,0.0
11911,17,0.0
11911,16,0.0
80,119,0.0
80,20,0.0
80,399,0.0
80,476,0.0
80,264,0.0
80,200,0.0
80,189,0.0
80,362,0.0
80,17,0.0
80,16,0.0
19043,416,0.4343502361378359
19043,22,0.391622286298154
19043,190,0.3830541020734958
19043,77,0.3148034120097259
19043,352,0.3059194744253737
19043,89,0.16297729964803573
19043,287,0.13612597932951284
19043,189,0.047678840107921866
19043,119,0.04449419995856982
19043,79,0.04262132947135241
11903,119,0.0
11903,20,0.0
11903,399,0.0
11903,476,0.0
11903,264,0.0
11903,200,0.0
11903,189,0.0
11903,362,0.0
11903,17,0.0
11903,16,0.0
19044,824,0.1291471694371089
19044,22,0.0781676500935763
19044,16,0.07566641517652495
19044,362,0.05832461531652098
19044,399,0.03804805459490131
19044,59,0.02958239261883261
19044,79,0.026826172968696924
19044,255,0.02144440453502193
19044,416,0.013492487468843468
19044,287,0.012105298954931357
8335,119,0.0
8335,20,0.0
8335,399,0.0
8335,476,0.0
8335,264,0.0
8335,200,0.0
8335,189,0.0
8335,362,0.0
8335,17,0.0
8335,16,0.0
4633,119,0.0
4633,20,0.0
4633,399,0.0
4633,476,0.0
4633,264,0.0
4633,200,0.0
4633,189,0.0
4633,362,0.0
4633,17,0.0
4633,16,0.0
4448,119,0.0
4448,20,0.0
4448,399,0.0
4448,476,0.0
4448,264,0.0
4448,200,0.0
4448,189,0.0
4448,362,0.0
4448,17,0.0
4448,16,0.0
11899,119,0.0
11899,20,0.0
11899,399,0.0
11899,476,0.0
11899,264,0.0
11899,200,0.0
11899,189,0.0
11899,362,0.0
11899,17,0.0
11899,16,0.0
10748,362,0.36541851557944144
10748,22,0.34820869274975513
10748,310,0.3296913479811081
10748,399,0.3113150371191774
10748,16,0.2335588061692203
10748,89,0.1725912130832507
10748,59,0.13569558676673832
10748,78,0.05710362801845045
10748,77,0.05009643891053343
10748,255,0.04681003337697896
11901,119,0.0
11901,20,0.0
11901,399,0.0
11901,476,0.0
11901,264,0.0
11901,200,0.0
11901,189,0.0
11901,362,0.0
11901,17,0.0
11901,16,0.0
18230,89,0.2811008428047528
18230,824,0.26197498734965863
18230,264,0.16576441877225873
18230,310,0.12956948502073504
18230,399,0.11323250800117302
18230,77,0.038802032777216444
18230,94,0.029314774168253975
18230,20,0.02260814494337378
18230,476,0.0
18230,134,0.0
11909,119,0.0
11909,20,0.0
11909,399,0.0
11909,476,0.0
11909,264,0.0
11909,200,0.0
11909,189,0.0
11909,362,0.0
11909,17,0.0
11909,16,0.0
7727,119,0.0
7727,20,0.0
7727,399,0.0
7727,476,0.0
7727,264,0.0
7727,200,0.0
7727,189,0.0
7727,362,0.0
7727,17,0.0
7727,16,0.0
11907,22,0.28520231683395036
11907,352,0.1442632404733671
11907,16,0.035514183222832674
11907,200,0.030355354614890043
11907,287,0.026011021187703737
11907,78,0.016066301295596233
11907,119,0.006509893062368807
11907,310,0.0022652195958439147
11907,824,0.0011150099979547658
11907,134,0.0
6527,119,0.0
6527,20,0.0
6527,399,0.0
6527,476,0.0
6527,264,0.0
6527,200,0.0
6527,189,0.0
6527,362,0.0
6527,17,0.0
6527,16,0.0
19041,119,0.0
19041,20,0.0
19041,399,0.0
19041,476,0.0
19041,264,0.0
19041,200,0.0
19041,189,0.0
19041,362,0.0
19041,17,0.0
19041,16,0.0
8324,119,0.0
8324,20,0.0
8324,399,0.0
8324,476,0.0
8324,264,0.0
8324,200,0.0
8324,189,0.0
8324,362,0.0
8324,17,0.0
8324,16,0.0
11910,119,0.0
11910,20,0.0
11910,399,0.0
11910,476,0.0
11910,264,0.0
11910,200,0.0
11910,189,0.0
11910,362,0.0
11910,17,0.0
11910,16,0.0
502,119,0.0
502,20,0.0
502,399,0.0
502,476,0.0
502,264,0.0
502,200,0.0
502,189,0.0
502,362,0.0
502,17,0.0
502,16,0.0
6973,119,0.0
6973,20,0.0
6973,399,0.0
6973,476,0.0
6973,264,0.0
6973,200,0.0
6973,189,0.0
6973,362,0.0
6973,17,0.0
6973,16,0.0
19042,119,0.0
19042,20,0.0
19042,399,0.0
19042,476,0.0
19042,264,0.0
19042,200,0.0
19042,189,0.0
19042,362,0.0
19042,17,0.0
19042,16,0.0
18185,119,0.0
18185,20,0.0
18185,399,0.0
18185,476,0.0
18185,264,0.0
18185,200,0.0
18185,189,0.0
18185,362,0.0
18185,17,0.0
18185,16,0.0
10265,119,0.0
10265,20,0.0
10265,399,0.0
10265,476,0.0
10265,264,0.0
10265,200,0.0
10265,189,0.0
10265,362,0.0
10265,17,0.0
10265,16,0.0
5606,119,0.0
5606,20,0.0
5606,399,0.0
5606,476,0.0
5606,264,0.0
5606,200,0.0
5606,189,0.0
5606,362,0.0
5606,17,0.0
5606,16,0.0
19004,416,0.4343502361378359
19004,22,0.391622286298154
19004,190,0.3830541020734958
19004,77,0.3148034120097259
19004,352,0.3059194744253737
19004,89,0.16297729964803573
19004,287,0.13612597932951284
19004,189,0.047678840107921866
19004,119,0.04449419995856982
19004,79,0.04262132947135241
6128,310,0.3914951911827509
6128,352,0.14522319888814178
6128,16,0.11938537481476949
6128,190,0.06550913297046398
6128,264,0.04072662700190409
6128,20,0.038664967198709585
6128,255,0.024260853323062576
6128,416,0.015371164161628245
6128,119,8.653661839258635E-4
6128,476,0.0
15717,59,0.39537033457900495
15717,200,0.16601537365683358
15717,287,0.15659441038350275
15717,352,0.10922735296639174
15717,310,0.05956172401736607
15717,79,0.041828146670155705
15717,78,0.03557970018254712
15717,119,0.029189803046205665
15717,22,0.017980910566323317
15717,189,0.011331396467052196
13880,119,0.0
13880,20,0.0
13880,399,0.0
13880,476,0.0
13880,264,0.0
13880,200,0.0
13880,189,0.0
13880,362,0.0
13880,17,0.0
13880,16,0.0
14062,119,0.0
14062,20,0.0
14062,399,0.0
14062,476,0.0
14062,264,0.0
14062,200,0.0
14062,189,0.0
14062,362,0.0
14062,17,0.0
14062,16,0.0
98,119,0.0
98,20,0.0
98,399,0.0
98,476,0.0
98,264,0.0
98,200,0.0
98,189,0.0
98,362,0.0
98,17,0.0
98,16,0.0
12122,119,0.0
12122,20,0.0
12122,399,0.0
12122,476,0.0
12122,264,0.0
12122,200,0.0
12122,189,0.0
12122,362,0.0
12122,17,0.0
12122,16,0.0
11919,119,0.0
11919,20,0.0
11919,399,0.0
11919,476,0.0
11919,264,0.0
11919,200,0.0
11919,189,0.0
11919,362,0.0
11919,17,0.0
11919,16,0.0
19035,824,0.16494802043110715
19035,362,0.07316954825401799
19035,16,0.06764465520243226
19035,22,0.06509754873759616
19035,59,0.054414140091639425
19035,79,0.023315529825623377
19035,399,0.020899189045351263
19035,200,0.01969612806826706
19035,190,0.019207342250546117
19035,119,0.009543706928244442
6528,119,0.0
6528,20,0.0
6528,399,0.0
6528,476,0.0
6528,264,0.0
6528,200,0.0
6528,189,0.0
6528,362,0.0
6528,17,0.0
6528,16,0.0
12416,119,0.0
12416,20,0.0
12416,399,0.0
12416,476,0.0
12416,264,0.0
12416,200,0.0
12416,189,0.0
12416,362,0.0
12416,17,0.0
12416,16,0.0
7333,119,0.0
7333,20,0.0
7333,399,0.0
7333,476,0.0
7333,264,0.0
7333,200,0.0
7333,189,0.0
7333,362,0.0
7333,17,0.0
7333,16,0.0
19138,119,0.0
19138,20,0.0
19138,399,0.0
19138,476,0.0
19138,264,0.0
19138,200,0.0
19138,189,0.0
19138,362,0.0
19138,17,0.0
19138,16,0.0
6526,119,0.0
6526,20,0.0
6526,399,0.0
6526,476,0.0
6526,264,0.0
6526,200,0.0
6526,189,0.0
6526,362,0.0
6526,17,0.0
6526,16,0.0
19027,119,0.0
19027,20,0.0
19027,399,0.0
19027,476,0.0
19027,264,0.0
19027,200,0.0
19027,189,0.0
19027,362,0.0
19027,17,0.0
19027,16,0.0
15594,119,0.0
15594,20,0.0
15594,399,0.0
15594,476,0.0
15594,264,0.0
15594,200,0.0
15594,189,0.0
15594,362,0.0
15594,17,0.0
15594,16,0.0
8917,119,0.0
8917,20,0.0
8917,399,0.0
8917,476,0.0
8917,264,0.0
8917,200,0.0
8917,189,0.0
8917,362,0.0
8917,17,0.0
8917,16,0.0
19011,119,0.0
19011,20,0.0
19011,399,0.0
19011,476,0.0
19011,264,0.0
19011,200,0.0
19011,189,0.0
19011,362,0.0
19011,17,0.0
19011,16,0.0
11904,119,0.0
11904,20,0.0
11904,399,0.0
11904,476,0.0
11904,264,0.0
11904,200,0.0
11904,189,0.0
11904,362,0.0
11904,17,0.0
11904,16,0.0
6553,119,0.0
6553,20,0.0
6553,399,0.0
6553,476,0.0
6553,264,0.0
6553,200,0.0
6553,189,0.0
6553,362,0.0
6553,17,0.0
6553,16,0.0
14738,119,0.0
14738,20,0.0
14738,399,0.0
14738,476,0.0
14738,264,0.0
14738,200,0.0
14738,189,0.0
14738,362,0.0
14738,17,0.0
14738,16,0.0
7645,119,0.0
7645,20,0.0
7645,399,0.0
7645,476,0.0
7645,264,0.0
7645,200,0.0
7645,189,0.0
7645,362,0.0
7645,17,0.0
7645,16,0.0
13564,119,0.0
13564,20,0.0
13564,399,0.0
13564,476,0.0
13564,264,0.0
13564,200,0.0
13564,189,0.0
13564,362,0.0
13564,17,0.0
13564,16,0.0
1013,119,0.0
1013,20,0.0
1013,399,0.0
1013,476,0.0
1013,264,0.0
1013,200,0.0
1013,189,0.0
1013,362,0.0
1013,17,0.0
1013,16,0.0
18231,119,0.0
18231,20,0.0
18231,399,0.0
18231,476,0.0
18231,264,0.0
18231,200,0.0
18231,189,0.0
18231,362,0.0
18231,17,0.0
18231,16,0.0
3736,119,0.0
3736,20,0.0
3736,399,0.0
3736,476,0.0
3736,264,0.0
3736,200,0.0
3736,189,0.0
3736,362,0.0
3736,17,0.0
3736,16,0.0
5119,119,0.0
5119,20,0.0
5119,399,0.0
5119,476,0.0
5119,264,0.0
5119,200,0.0
5119,189,0.0
5119,362,0.0
5119,17,0.0
5119,16,0.0
11915,22,0.2842252749911478
11915,352,0.14376902561604948
11915,16,0.035392519263693606
11915,200,0.030251363693844527
11915,287,0.025921913019311155
11915,78,0.01601126160027007
11915,119,0.006487591567820167
11915,310,0.002257459440341489
11915,824,0.0011111902133357759
11915,134,0.0
18261,119,0.0
18261,20,0.0
18261,399,0.0
18261,476,0.0
18261,264,0.0
18261,200,0.0
18261,189,0.0
18261,362,0.0
18261,17,0.0
18261,16,0.0
11900,119,0.0
11900,20,0.0
11900,399,0.0
11900,476,0.0
11900,264,0.0
11900,200,0.0
11900,189,0.0
11900,362,0.0
11900,17,0.0
11900,16,0.0
6788,119,0.0
6788,20,0.0
6788,399,0.0
6788,476,0.0
6788,264,0.0
6788,200,0.0
6788,189,0.0
6788,362,0.0
6788,17,0.0
6788,16,0.0
16835,119,0.0
16835,20,0.0
16835,399,0.0
16835,476,0.0
16835,264,0.0
16835,200,0.0
16835,189,0.0
16835,362,0.0
16835,17,0.0
16835,16,0.0
19201,119,0.0
19201,20,0.0
19201,399,0.0
19201,476,0.0
19201,264,0.0
19201,200,0.0
19201,189,0.0
19201,362,0.0
19201,17,0.0
19201,16,0.0
19038,119,0.0
19038,20,0.0
19038,399,0.0
19038,476,0.0
19038,264,0.0
19038,200,0.0
19038,189,0.0
19038,362,0.0
19038,17,0.0
19038,16,0.0
5925,119,0.0
5925,20,0.0
5925,399,0.0
5925,476,0.0
5925,264,0.0
5925,200,0.0
5925,189,0.0
5925,362,0.0
5925,17,0.0
5925,16,0.0
16836,119,0.0
16836,20,0.0
16836,399,0.0
16836,476,0.0
16836,264,0.0
16836,200,0.0
16836,189,0.0
16836,362,0.0
16836,17,0.0
16836,16,0.0
19013,119,0.0
19013,20,0.0
19013,399,0.0
19013,476,0.0
19013,264,0.0
19013,200,0.0
19013,189,0.0
19013,362,0.0
19013,17,0.0
19013,16,0.0
19015,119,0.0
19015,20,0.0
19015,399,0.0
19015,476,0.0
19015,264,0.0
19015,200,0.0
19015,189,0.0
19015,362,0.0
19015,17,0.0
19015,16,0.0
417,119,0.0
417,20,0.0
417,399,0.0
417,476,0.0
417,264,0.0
417,200,0.0
417,189,0.0
417,362,0.0
417,17,0.0
417,16,0.0
19005,59,0.3946675952398542
19005,200,0.16572029452780204
19005,287,0.15631607626775607
19005,352,0.10903321002968801
19005,310,0.05945585778787439
19005,79,0.04175380046464107
19005,78,0.035516460093934867
19005,119,0.029137920491778678
19005,22,0.017948950927211254
19005,189,0.011311255810638354
14710,119,0.0
14710,20,0.0
14710,399,0.0
14710,476,0.0
14710,264,0.0
14710,200,0.0
14710,189,0.0
14710,362,0.0
14710,17,0.0
14710,16,0.0
9900,119,0.0
9900,20,0.0
9900,399,0.0
9900,476,0.0
9900,264,0.0
9900,200,0.0
9900,189,0.0
9900,362,0.0
9900,17,0.0
9900,16,0.0
10091,824,0.16494802043110715
10091,362,0.07316954825401799
10091,16,0.06764465520243226
10091,22,0.06509754873759616
10091,59,0.054414140091639425
10091,79,0.023315529825623377
10091,399,0.020899189045351263
10091,200,0.01969612806826706
10091,190,0.019207342250546117
10091,119,0.009543706928244442
6754,119,0.0
6754,20,0.0
6754,399,0.0
6754,476,0.0
6754,264,0.0
6754,200,0.0
6754,189,0.0
6754,362,0.0
6754,17,0.0
6754,16,0.0
19045,119,0.0
19045,20,0.0
19045,399,0.0
19045,476,0.0
19045,264,0.0
19045,200,0.0
19045,189,0.0
19045,362,0.0
19045,17,0.0
19045,16,0.0
418,119,0.0
418,20,0.0
418,399,0.0
418,476,0.0
418,264,0.0
418,200,0.0
418,189,0.0
418,362,0.0
418,17,0.0
418,16,0.0
419,119,0.0
419,20,0.0
419,399,0.0
419,476,0.0
419,264,0.0
419,200,0.0
419,189,0.0
419,362,0.0
419,17,0.0
419,16,0.0
1362,119,0.0
1362,20,0.0
1362,399,0.0
1362,476,0.0
1362,264,0.0
1362,200,0.0
1362,189,0.0
1362,362,0.0
1362,17,0.0
1362,16,0.0
19040,119,0.0
19040,20,0.0
19040,399,0.0
19040,476,0.0
19040,264,0.0
19040,200,0.0
19040,189,0.0
19040,362,0.0
19040,17,0.0
19040,16,0.0
5565,119,0.0
5565,20,0.0
5565,399,0.0
5565,476,0.0
5565,264,0.0
5565,200,0.0
5565,189,0.0
5565,362,0.0
5565,17,0.0
5565,16,0.0
11916,22,0.28520231683395036
11916,352,0.1442632404733671
11916,16,0.035514183222832674
11916,200,0.030355354614890043
11916,287,0.026011021187703737
11916,78,0.016066301295596233
11916,119,0.006509893062368807
11916,310,0.0022652195958439147
11916,824,0.0011150099979547658
11916,134,0.0
10460,119,0.0
10460,20,0.0
10460,399,0.0
10460,476,0.0
10460,264,0.0
10460,200,0.0
10460,189,0.0
10460,362,0.0
10460,17,0.0
10460,16,0.0
2046,119,0.0
2046,20,0.0
2046,399,0.0
2046,476,0.0
2046,264,0.0
2046,200,0.0
2046,189,0.0
2046,362,0.0
2046,17,0.0
2046,16,0.0
18506,22,0.28493224000961137
18506,352,0.1441266281264255
18506,16,0.035480552507871105
18506,200,0.030326609133902796
18506,287,0.025986389641655422
18506,78,0.016051087058625985
18506,119,0.006503728416637211
18506,310,0.002263074510482563
18506,824,0.0011139541216817223
18506,134,0.0
9901,119,0.0
9901,20,0.0
9901,399,0.0
9901,476,0.0
9901,264,0.0
9901,200,0.0
9901,189,0.0
9901,362,0.0
9901,17,0.0
9901,16,0.0
12009,119,0.0
12009,20,0.0
12009,399,0.0
12009,476,0.0
12009,264,0.0
12009,200,0.0
12009,189,0.0
12009,362,0.0
12009,17,0.0
12009,16,0.0
4449,119,0.0
4449,20,0.0
4449,399,0.0
4449,476,0.0
4449,264,0.0
4449,200,0.0
4449,189,0.0
4449,362,0.0
4449,17,0.0
4449,16,0.0
19026,119,0.0
19026,20,0.0
19026,399,0.0
19026,476,0.0
19026,264,0.0
19026,200,0.0
19026,189,0.0
19026,362,0.0
19026,17,0.0
19026,16,0.0
1361,119,0.0
1361,20,0.0
1361,399,0.0
1361,476,0.0
1361,264,0.0
1361,200,0.0
1361,189,0.0
1361,362,0.0
1361,17,0.0
1361,16,0.0
12412,119,0.0
12412,20,0.0
12412,399,0.0
12412,476,0.0
12412,264,0.0
12412,200,0.0
12412,189,0.0
12412,362,0.0
12412,17,0.0
12412,16,0.0
10461,119,0.0
10461,20,0.0
10461,399,0.0
10461,476,0.0
10461,264,0.0
10461,200,0.0
10461,189,0.0
10461,362,0.0
10461,17,0.0
10461,16,0.0
11711,59,0.3946675952398542
11711,200,0.16572029452780204
11711,287,0.15631607626775607
11711,352,0.10903321002968801
11711,310,0.05945585778787439
11711,79,0.04175380046464107
11711,78,0.035516460093934867
11711,119,0.029137920491778678
11711,22,0.017948950927211254
11711,189,0.011311255810638354
6323,22,0.531304044194595
6323,190,0.5197548506928586
6323,77,0.42709552921804256
6323,352,0.41511353480315194
6323,89,0.22091482004092208
6323,287,0.18458632082061863
6323,189,0.06439826003927945
6323,119,0.06033379700726055
6323,79,0.05841794297131708
6323,20,0.04237753549736971
10833,119,0.0
10833,20,0.0
10833,399,0.0
10833,476,0.0
10833,264,0.0
10833,200,0.0
10833,189,0.0
10833,362,0.0
10833,17,0.0
10833,16,0.0
17184,119,0.0
17184,20,0.0
17184,399,0.0
17184,476,0.0
17184,264,0.0
17184,200,0.0
17184,189,0.0
17184,362,0.0
17184,17,0.0
17184,16,0.0
2418,362,0.3631989612072202
2418,79,0.2829948362615317
2418,399,0.27130465173696894
2418,94,0.227560992856938
2418,255,0.21516689222183205
2418,77,0.15742497830819335
2418,59,0.15015218070654276
2418,16,0.14424512117787577
2418,190,0.14082724658634907
2418,416,0.13539149505625436
15300,89,0.036138373358606916
15300,264,0.021884688040662667
15300,399,0.017428784433456863
15300,255,0.014685314934497602
15300,22,0.013603750354766502
15300,416,0.009237368773184948
15300,20,0.009120317520714407
15300,16,0.008529677396439297
15300,78,0.0073679949816657
15300,287,0.003953373336166964
9532,119,0.0
9532,20,0.0
9532,399,0.0
9532,476,0.0
9532,264,0.0
9532,200,0.0
9532,189,0.0
9532,362,0.0
9532,17,0.0
9532,16,0.0
11500,362,0.37261970432176184
11500,22,0.3550707328799098
11500,310,0.33618847257195505
11500,399,0.31745002548193924
11500,16,0.23816147673447227
11500,89,0.17599241430237297
11500,59,0.13836969738277455
11500,78,0.05822895140985025
11500,77,0.051083673811153855
11500,255,0.047732504108511306
6325,119,0.0
6325,20,0.0
6325,399,0.0
6325,476,0.0
6325,264,0.0
6325,200,0.0
6325,189,0.0
6325,362,0.0
6325,17,0.0
6325,16,0.0
19759,119,0.0
19759,20,0.0
19759,399,0.0
19759,476,0.0
19759,264,0.0
19759,200,0.0
19759,189,0.0
19759,362,0.0
19759,17,0.0
19759,16,0.0
6326,119,0.0
6326,20,0.0
6326,399,0.0
6326,476,0.0
6326,264,0.0
6326,200,0.0
6326,189,0.0
6326,362,0.0
6326,17,0.0
6326,16,0.0
16883,119,0.0
16883,20,0.0
16883,399,0.0
16883,476,0.0
16883,264,0.0
16883,200,0.0
16883,189,0.0
16883,362,0.0
16883,17,0.0
16883,16,0.0
5202,119,0.0
5202,20,0.0
5202,399,0.0
5202,476,0.0
5202,264,0.0
5202,200,0.0
5202,189,0.0
5202,362,0.0
5202,17,0.0
5202,16,0.0
4158,119,0.0
4158,20,0.0
4158,399,0.0
4158,476,0.0
4158,264,0.0
4158,200,0.0
4158,189,0.0
4158,362,0.0
4158,17,0.0
4158,16,0.0
13519,89,0.03612319901291243
13519,264,0.02187549875539916
13519,399,0.017421466162725774
13519,255,0.014679148634669011
13519,22,0.013598038199197564
13519,416,0.00923349004223931
13519,20,0.009116487939080611
13519,16,0.008526095822022867
13519,78,0.007364901192639378
13519,287,0.0039517133319086906
10523,119,0.0
10523,20,0.0
10523,399,0.0
10523,476,0.0
10523,264,0.0
10523,200,0.0
10523,189,0.0
10523,362,0.0
10523,17,0.0
10523,16,0.0
9147,119,0.0
9147,20,0.0
9147,399,0.0
9147,476,0.0
9147,264,0.0
9147,200,0.0
9147,189,0.0
9147,362,0.0
9147,17,0.0
9147,16,0.0
18588,310,0.3914951911827509
18588,352,0.14522319888814178
18588,16,0.11938537481476949
18588,190,0.06550913297046398
18588,264,0.04072662700190409
18588,20,0.038664967198709585
18588,255,0.024260853323062576
18588,416,0.015371164161628245
18588,119,8.653661839258635E-4
18588,476,0.0
17372,119,0.0
17372,20,0.0
17372,399,0.0
17372,476,0.0
17372,264,0.0
17372,200,0.0
17372,189,0.0
17372,362,0.0
17372,17,0.0
17372,16,0.0
971,89,0.03611602258707258
971,264,0.021871152853075504
971,399,0.0174180051220822
971,255,0.014676232397335244
971,22,0.013595336740983236
971,416,0.009231655668253971
971,20,0.009114676809351827
971,16,0.008524401982716354
971,78,0.007363438042401609
971,287,0.003950928263630282
7245,119,0.0
7245,20,0.0
7245,399,0.0
7245,476,0.0
7245,264,0.0
7245,200,0.0
7245,189,0.0
7245,362,0.0
7245,17,0.0
7245,16,0.0
2952,189,0.2815274725949736
2952,16,0.2772464027098959
2952,22,0.2615051931814226
2952,200,0.18807821512693118
2952,362,0.17268034298372842
2952,264,0.11262892690768099
2952,399,0.10747396239519844
2952,190,0.049950748739742014
2952,119,0.011487464129308124
2952,824,0.007491285723952747
964,89,0.03610699454364806
964,264,0.021865685647565324
964,399,0.01741365108486169
964,255,0.014672563730248262
964,22,0.01359193826901247
964,416,0.00922934800029182
964,20,0.009112398382987707
964,16,0.008522271109332038
964,78,0.007361597379071623
964,287,0.003949940636827097
7250,119,0.0
7250,20,0.0
7250,399,0.0
7250,476,0.0
7250,264,0.0
7250,200,0.0
7250,189,0.0
7250,362,0.0
7250,17,0.0
7250,16,0.0
2954,264,0.7585181812470072
2954,22,0.23991070551419819
2954,189,0.18979920758769744
2954,20,0.1086928301721167
2954,362,0.025892038166974662
2954,17,0.0
2954,284,0.0
2954,134,0.0
2954,415,0.0
2954,476,0.0
15304,119,0.0
15304,20,0.0
15304,399,0.0
15304,476,0.0
15304,264,0.0
15304,200,0.0
15304,189,0.0
15304,362,0.0
15304,17,0.0
15304,16,0.0
1103,119,0.0
1103,20,0.0
1103,399,0.0
1103,476,0.0
1103,264,0.0
1103,200,0.0
1103,189,0.0
1103,362,0.0
1103,17,0.0
1103,16,0.0
15924,119,0.0
15924,20,0.0
15924,399,0.0
15924,476,0.0
15924,264,0.0
15924,200,0.0
15924,189,0.0
15924,362,0.0
15924,17,0.0
15924,16,0.0
17949,119,0.0
17949,20,0.0
17949,399,0.0
17949,476,0.0
17949,264,0.0
17949,200,0.0
17949,189,0.0
17949,362,0.0
17949,17,0.0
17949,16,0.0
7908,119,0.0
7908,20,0.0
7908,399,0.0
7908,476,0.0
7908,264,0.0
7908,200,0.0
7908,189,0.0
7908,362,0.0
7908,17,0.0
7908,16,0.0
2052,119,0.0
2052,20,0.0
2052,399,0.0
2052,476,0.0
2052,264,0.0
2052,200,0.0
2052,189,0.0
2052,362,0.0
2052,17,0.0
2052,16,0.0
17577,16,0.5146482846590297
17577,189,0.47714440453747253
17577,89,0.32188816275391696
17577,310,0.20354657732802292
17577,20,0.14842851114528083
17577,287,0.10125931207073223
17577,78,0.08380160666901992
17577,22,0.05975975335148662
17577,59,0.021032822190142353
17577,77,0.013228994745732196
969,119,0.0
969,20,0.0
969,399,0.0
969,476,0.0
969,264,0.0
969,200,0.0
969,189,0.0
969,362,0.0
969,17,0.0
969,16,0.0
567,119,0.0
567,20,0.0
567,399,0.0
567,476,0.0
567,264,0.0
567,200,0.0
567,189,0.0
567,362,0.0
567,17,0.0
567,16,0.0
3009,119,0.0
3009,20,0.0
3009,399,0.0
3009,476,0.0
3009,264,0.0
3009,200,0.0
3009,189,0.0
3009,362,0.0
3009,17,0.0
3009,16,0.0
1575,119,0.0
1575,20,0.0
1575,399,0.0
1575,476,0.0
1575,264,0.0
1575,200,0.0
1575,189,0.0
1575,362,0.0
1575,17,0.0
1575,16,0.0
967,119,0.0
967,20,0.0
967,399,0.0
967,476,0.0
967,264,0.0
967,200,0.0
967,189,0.0
967,362,0.0
967,17,0.0
967,16,0.0
7103,119,0.0
7103,20,0.0
7103,399,0.0
7103,476,0.0
7103,264,0.0
7103,200,0.0
7103,189,0.0
7103,362,0.0
7103,17,0.0
7103,16,0.0
15305,119,0.0
15305,20,0.0
15305,399,0.0
15305,476,0.0
15305,264,0.0
15305,200,0.0
15305,189,0.0
15305,362,0.0
15305,17,0.0
15305,16,0.0
11612,119,0.0
11612,20,0.0
11612,399,0.0
11612,476,0.0
11612,264,0.0
11612,200,0.0
11612,189,0.0
11612,362,0.0
11612,17,0.0
11612,16,0.0
968,119,0.0
968,20,0.0
968,399,0.0
968,476,0.0
968,264,0.0
968,200,0.0
968,189,0.0
968,362,0.0
968,17,0.0
968,16,0.0
9928,287,0.6078924061163014
9928,78,0.26392970911514957
9928,22,0.2177380124029594
9928,79,0.15548834451208943
9928,264,0.09417958328448511
9928,255,0.08811110307179443
9928,89,0.07195625243144665
9928,416,0.05546759936924729
9928,399,0.05420745641513086
9928,190,0.041730995723020886
14412,89,0.3180286940250234
14412,399,0.10250763918554168
14412,264,0.09451323190210353
14412,77,0.04725326614367098
14412,310,0.016135968613637267
14412,94,0.005297746272899778
14412,190,0.0026387943618787907
14412,16,4.737262899465744E-4
14412,476,0.0
14412,17,0.0
8587,119,0.0
8587,20,0.0
8587,399,0.0
8587,476,0.0
8587,264,0.0
8587,200,0.0
8587,189,0.0
8587,362,0.0
8587,17,0.0
8587,16,0.0
9929,89,0.03612319901291243
9929,264,0.02187549875539916
9929,399,0.017421466162725774
9929,255,0.014679148634669011
9929,22,0.013598038199197564
9929,416,0.00923349004223931
9929,20,0.009116487939080611
9929,16,0.008526095822022867
9929,78,0.007364901192639378
9929,287,0.0039517133319086906
8026,119,0.0
8026,20,0.0
8026,399,0.0
8026,476,0.0
8026,264,0.0
8026,200,0.0
8026,189,0.0
8026,362,0.0
8026,17,0.0
8026,16,0.0
15067,310,0.24081049791338038
15067,189,0.22539402512030982
15067,255,0.1406563798287877
15067,190,0.10606001962092611
15067,59,0.10552875672501204
15067,77,0.09900046775733472
15067,416,0.08850873623325348
15067,20,0.07698409480974894
15067,352,0.07389661979967221
15067,119,0.021434399235916446
8464,119,0.0
8464,20,0.0
8464,399,0.0
8464,476,0.0
8464,264,0.0
8464,200,0.0
8464,189,0.0
8464,362,0.0
8464,17,0.0
8464,16,0.0
13970,119,0.0
13970,20,0.0
13970,399,0.0
13970,476,0.0
13970,264,0.0
13970,200,0.0
13970,189,0.0
13970,362,0.0
13970,17,0.0
13970,16,0.0
10542,119,0.0
10542,20,0.0
10542,399,0.0
10542,476,0.0
10542,264,0.0
10542,200,0.0
10542,189,0.0
10542,362,0.0
10542,17,0.0
10542,16,0.0
8076,119,0.0
8076,20,0.0
8076,399,0.0
8076,476,0.0
8076,264,0.0
8076,200,0.0
8076,189,0.0
8076,362,0.0
8076,17,0.0
8076,16,0.0
7874,189,0.23821425054297168
7874,287,0.11895565208115633
7874,200,0.10665340826426795
7874,310,0.09353393916921396
7874,352,0.07892442150740236
7874,78,0.07713842113055469
7874,20,0.026849082864871913
7874,119,0.02259784272563463
7874,824,0.012732992674201275
7874,17,0.0
8459,362,0.37261970432176184
8459,22,0.3550707328799098
8459,310,0.33618847257195505
8459,399,0.31745002548193924
8459,16,0.23816147673447227
8459,89,0.17599241430237297
8459,59,0.13836969738277455
8459,78,0.05822895140985025
8459,77,0.051083673811153855
8459,255,0.047732504108511306
9992,119,0.0
9992,20,0.0
9992,399,0.0
9992,476,0.0
9992,264,0.0
9992,200,0.0
9992,189,0.0
9992,362,0.0
9992,17,0.0
9992,16,0.0
4144,310,0.3914951911827509
4144,352,0.14522319888814178
4144,16,0.11938537481476949
4144,190,0.06550913297046398
4144,264,0.04072662700190409
4144,20,0.038664967198709585
4144,255,0.024260853323062576
4144,416,0.015371164161628245
4144,119,8.653661839258635E-4
4144,476,0.0
10638,119,0.0
10638,20,0.0
10638,399,0.0
10638,476,0.0
10638,264,0.0
10638,200,0.0
10638,189,0.0
10638,362,0.0
10638,17,0.0
10638,16,0.0
1090,119,0.0
1090,20,0.0
1090,399,0.0
1090,476,0.0
1090,264,0.0
1090,200,0.0
1090,189,0.0
1090,362,0.0
1090,17,0.0
1090,16,0.0
13717,119,0.0
13717,20,0.0
13717,399,0.0
13717,476,0.0
13717,264,0.0
13717,200,0.0
13717,189,0.0
13717,362,0.0
13717,17,0.0
13717,16,0.0
1110,119,0.0
1110,20,0.0
1110,399,0.0
1110,476,0.0
1110,264,0.0
1110,200,0.0
1110,189,0.0
1110,362,0.0
1110,17,0.0
1110,16,0.0
7852,22,0.2830990017464737
7852,352,0.14319932537750002
7852,16,0.03525227259664557
7852,200,0.03013148940910934
7852,287,0.025819194648872973
7852,78,0.01594781525281054
7852,119,0.006461883787942324
7852,310,0.0022485140143279625
7852,824,0.0011067870025127814
7852,134,0.0
8461,119,0.0
8461,20,0.0
8461,399,0.0
8461,476,0.0
8461,264,0.0
8461,200,0.0
8461,189,0.0
8461,362,0.0
8461,17,0.0
8461,16,0.0
3955,119,0.0
3955,20,0.0
3955,399,0.0
3955,476,0.0
3955,264,0.0
3955,200,0.0
3955,189,0.0
3955,362,0.0
3955,17,0.0
3955,16,0.0
19436,119,0.0
19436,20,0.0
19436,399,0.0
19436,476,0.0
19436,264,0.0
19436,200,0.0
19436,189,0.0
19436,362,0.0
19436,17,0.0
19436,16,0.0
3959,119,0.0
3959,20,0.0
3959,399,0.0
3959,476,0.0
3959,264,0.0
3959,200,0.0
3959,189,0.0
3959,362,0.0
3959,17,0.0
3959,16,0.0
4305,119,0.0
4305,20,0.0
4305,399,0.0
4305,476,0.0
4305,264,0.0
4305,200,0.0
4305,189,0.0
4305,362,0.0
4305,17,0.0
4305,16,0.0
14402,119,0.0
14402,20,0.0
14402,399,0.0
14402,476,0.0
14402,264,0.0
14402,200,0.0
14402,189,0.0
14402,362,0.0
14402,17,0.0
14402,16,0.0
2262,119,0.0
2262,20,0.0
2262,399,0.0
2262,476,0.0
2262,264,0.0
2262,200,0.0
2262,189,0.0
2262,362,0.0
2262,17,0.0
2262,16,0.0
8479,119,0.0
8479,20,0.0
8479,399,0.0
8479,476,0.0
8479,264,0.0
8479,200,0.0
8479,189,0.0
8479,362,0.0
8479,17,0.0
8479,16,0.0
8460,94,0.413956999389549
8460,189,0.3451239791480155
8460,255,0.3158789353369209
8460,310,0.2870318668059094
8460,190,0.20143767807380225
8460,416,0.1987681816608991
8460,77,0.17899759370791468
8460,59,0.16846055733230095
8460,20,0.10886790573377762
8460,264,0.023713397461678554
14414,119,0.0
14414,20,0.0
14414,399,0.0
14414,476,0.0
14414,264,0.0
14414,200,0.0
14414,189,0.0
14414,362,0.0
14414,17,0.0
14414,16,0.0
750,119,0.0
750,20,0.0
750,399,0.0
750,476,0.0
750,264,0.0
750,200,0.0
750,189,0.0
750,362,0.0
750,17,0.0
750,16,0.0
6928,119,0.0
6928,20,0.0
6928,399,0.0
6928,476,0.0
6928,264,0.0
6928,200,0.0
6928,189,0.0
6928,362,0.0
6928,17,0.0
6928,16,0.0
19589,119,0.0
19589,20,0.0
19589,399,0.0
19589,476,0.0
19589,264,0.0
19589,200,0.0
19589,189,0.0
19589,362,0.0
19589,17,0.0
19589,16,0.0
8665,119,0.0
8665,20,0.0
8665,399,0.0
8665,476,0.0
8665,264,0.0
8665,200,0.0
8665,189,0.0
8665,362,0.0
8665,17,0.0
8665,16,0.0
752,119,0.0
752,20,0.0
752,399,0.0
752,476,0.0
752,264,0.0
752,200,0.0
752,189,0.0
752,362,0.0
752,17,0.0
752,16,0.0
8664,119,0.0
8664,20,0.0
8664,399,0.0
8664,476,0.0
8664,264,0.0
8664,200,0.0
8664,189,0.0
8664,362,0.0
8664,17,0.0
8664,16,0.0
8666,119,0.0
8666,20,0.0
8666,399,0.0
8666,476,0.0
8666,264,0.0
8666,200,0.0
8666,189,0.0
8666,362,0.0
8666,17,0.0
8666,16,0.0
18715,189,0.20778529545366833
18715,824,0.17457057601665904
18715,287,0.1263342576218841
18715,200,0.12535252929579188
18715,352,0.08609168630184416
18715,78,0.07905484142209782
18715,119,0.03183149824661237
18715,22,0.02361116415136351
18715,476,0.0
18715,17,0.0
2810,119,0.0
2810,20,0.0
2810,399,0.0
2810,476,0.0
2810,264,0.0
2810,200,0.0
2810,189,0.0
2810,362,0.0
2810,17,0.0
2810,16,0.0
9479,119,0.0
9479,20,0.0
9479,399,0.0
9479,476,0.0
9479,264,0.0
9479,200,0.0
9479,189,0.0
9479,362,0.0
9479,17,0.0
9479,16,0.0
1113,119,0.0
1113,20,0.0
1113,399,0.0
1113,476,0.0
1113,264,0.0
1113,200,0.0
1113,189,0.0
1113,362,0.0
1113,17,0.0
1113,16,0.0
1112,264,0.7145717987357034
1112,22,0.22601096270809867
1112,189,0.1788027822109468
1112,20,0.10239547724231954
1112,362,0.024391927238305064
1112,17,0.0
1112,284,0.0
1112,134,0.0
1112,415,0.0
1112,476,0.0
1114,119,0.0
1114,20,0.0
1114,399,0.0
1114,476,0.0
1114,264,0.0
1114,200,0.0
1114,189,0.0
1114,362,0.0
1114,17,0.0
1114,16,0.0
2643,119,0.0
2643,20,0.0
2643,399,0.0
2643,476,0.0
2643,264,0.0
2643,200,0.0
2643,189,0.0
2643,362,0.0
2643,17,0.0
2643,16,0.0
17051,119,0.0
17051,20,0.0
17051,399,0.0
17051,476,0.0
17051,264,0.0
17051,200,0.0
17051,189,0.0
17051,362,0.0
17051,17,0.0
17051,16,0.0
8250,119,0.0
8250,20,0.0
8250,399,0.0
8250,476,0.0
8250,264,0.0
8250,200,0.0
8250,189,0.0
8250,362,0.0
8250,17,0.0
8250,16,0.0
8447,119,0.0
8447,20,0.0
8447,399,0.0
8447,476,0.0
8447,264,0.0
8447,200,0.0
8447,189,0.0
8447,362,0.0
8447,17,0.0
8447,16,0.0
18754,119,0.0
18754,20,0.0
18754,399,0.0
18754,476,0.0
18754,264,0.0
18754,200,0.0
18754,189,0.0
18754,362,0.0
18754,17,0.0
18754,16,0.0
1111,119,0.0
1111,20,0.0
1111,399,0.0
1111,476,0.0
1111,264,0.0
1111,200,0.0
1111,189,0.0
1111,362,0.0
1111,17,0.0
1111,16,0.0
7875,119,0.0
7875,20,0.0
7875,399,0.0
7875,476,0.0
7875,264,0.0
7875,200,0.0
7875,189,0.0
7875,362,0.0
7875,17,0.0
7875,16,0.0
12369,200,0.4373898197020398
12369,362,0.30139523023877435
12369,16,0.24298301475732725
12369,189,0.20533538309712535
12369,287,0.19673778838070483
12369,77,0.15581143829104935
12369,352,0.13265685018808385
12369,824,0.13139384023265283
12369,255,0.1283177442611655
12369,78,0.1215554516382615
8446,119,0.0
8446,20,0.0
8446,399,0.0
8446,476,0.0
8446,264,0.0
8446,200,0.0
8446,189,0.0
8446,362,0.0
8446,17,0.0
8446,16,0.0
748,119,0.0
748,20,0.0
748,399,0.0
748,476,0.0
748,264,0.0
748,200,0.0
748,189,0.0
748,362,0.0
748,17,0.0
748,16,0.0
9078,119,0.0
9078,20,0.0
9078,399,0.0
9078,476,0.0
9078,264,0.0
9078,200,0.0
9078,189,0.0
9078,362,0.0
9078,17,0.0
9078,16,0.0
10805,119,0.0
10805,20,0.0
10805,399,0.0
10805,476,0.0
10805,264,0.0
10805,200,0.0
10805,189,0.0
10805,362,0.0
10805,17,0.0
10805,16,0.0
12506,119,0.0
12506,20,0.0
12506,399,0.0
12506,476,0.0
12506,264,0.0
12506,200,0.0
12506,189,0.0
12506,362,0.0
12506,17,0.0
12506,16,0.0
2285,119,0.0
2285,20,0.0
2285,399,0.0
2285,476,0.0
2285,264,0.0
2285,200,0.0
2285,189,0.0
2285,362,0.0
2285,17,0.0
2285,16,0.0
8613,119,0.0
8613,20,0.0
8613,399,0.0
8613,476,0.0
8613,264,0.0
8613,200,0.0
8613,189,0.0
8613,362,0.0
8613,17,0.0
8613,16,0.0
2860,89,0.036138373358606916
2860,264,0.021884688040662667
2860,399,0.017428784433456863
2860,255,0.014685314934497602
2860,22,0.013603750354766502
2860,416,0.009237368773184948
2860,20,0.009120317520714407
2860,16,0.008529677396439297
2860,78,0.0073679949816657
2860,287,0.003953373336166964
12003,119,0.0
12003,20,0.0
12003,399,0.0
12003,476,0.0
12003,264,0.0
12003,200,0.0
12003,189,0.0
12003,362,0.0
12003,17,0.0
12003,16,0.0
3154,119,0.0
3154,20,0.0
3154,399,0.0
3154,476,0.0
3154,264,0.0
3154,200,0.0
3154,189,0.0
3154,362,0.0
3154,17,0.0
3154,16,0.0
8471,119,0.0
8471,20,0.0
8471,399,0.0
8471,476,0.0
8471,264,0.0
8471,200,0.0
8471,189,0.0
8471,362,0.0
8471,17,0.0
8471,16,0.0
8909,189,0.17388528038361478
8909,59,0.1456674670007833
8909,824,0.1437504453359143
8909,310,0.12605671082444037
8909,255,0.1226845821194043
8909,190,0.10945779731771986
8909,352,0.08846141755002135
8909,77,0.08307740808767304
8909,416,0.07720173322217942
8909,362,0.045134956800330805
8469,119,0.0
8469,20,0.0
8469,399,0.0
8469,476,0.0
8469,264,0.0
8469,200,0.0
8469,189,0.0
8469,362,0.0
8469,17,0.0
8469,16,0.0
8710,119,0.0
8710,20,0.0
8710,399,0.0
8710,476,0.0
8710,264,0.0
8710,200,0.0
8710,189,0.0
8710,362,0.0
8710,17,0.0
8710,16,0.0
16209,89,0.4663013759431395
16209,310,0.4639498319543275
16209,287,0.18324724201422138
16209,78,0.167257007702315
16209,20,0.15254124185963108
16209,22,0.08513619944602518
16209,59,0.016054736070947366
16209,284,0.0
16209,476,0.0
16209,17,0.0
8695,89,0.03612319901291243
8695,264,0.02187549875539916
8695,399,0.017421466162725774
8695,255,0.014679148634669011
8695,22,0.013598038199197564
8695,416,0.00923349004223931
8695,20,0.009116487939080611
8695,16,0.008526095822022867
8695,78,0.007364901192639378
8695,287,0.0039517133319086906
8681,119,0.0
8681,20,0.0
8681,399,0.0
8681,476,0.0
8681,264,0.0
8681,200,0.0
8681,189,0.0
8681,362,0.0
8681,17,0.0
8681,16,0.0
8618,119,0.0
8618,20,0.0
8618,399,0.0
8618,476,0.0
8618,264,0.0
8618,200,0.0
8618,189,0.0
8618,362,0.0
8618,17,0.0
8618,16,0.0
2847,119,0.0
2847,20,0.0
2847,399,0.0
2847,476,0.0
2847,264,0.0
2847,200,0.0
2847,189,0.0
2847,362,0.0
2847,17,0.0
2847,16,0.0
8764,119,0.0
8764,20,0.0
8764,399,0.0
8764,476,0.0
8764,264,0.0
8764,200,0.0
8764,189,0.0
8764,362,0.0
8764,17,0.0
8764,16,0.0
8676,119,0.0
8676,20,0.0
8676,399,0.0
8676,476,0.0
8676,264,0.0
8676,200,0.0
8676,189,0.0
8676,362,0.0
8676,17,0.0
8676,16,0.0
8690,119,0.0
8690,20,0.0
8690,399,0.0
8690,476,0.0
8690,264,0.0
8690,200,0.0
8690,189,0.0
8690,362,0.0
8690,17,0.0
8690,16,0.0
11312,119,0.0
11312,20,0.0
11312,399,0.0
11312,476,0.0
11312,264,0.0
11312,200,0.0
11312,189,0.0
11312,362,0.0
11312,17,0.0
11312,16,0.0
8707,119,0.0
8707,20,0.0
8707,399,0.0
8707,476,0.0
8707,264,0.0
8707,200,0.0
8707,189,0.0
8707,362,0.0
8707,17,0.0
8707,16,0.0
8688,824,0.24274769837024338
8688,89,0.19753608077479984
8688,310,0.16728855087023298
8688,59,0.16443612767088903
8688,287,0.059725434147545914
8688,352,0.029872120685423262
8688,77,0.023561441048134447
8688,79,0.021073035192981524
8688,399,0.011999501699412413
8688,119,0.007709365704347958
5492,119,0.0
5492,20,0.0
5492,399,0.0
5492,476,0.0
5492,264,0.0
5492,200,0.0
5492,189,0.0
5492,362,0.0
5492,17,0.0
5492,16,0.0
8705,119,0.0
8705,20,0.0
8705,399,0.0
8705,476,0.0
8705,264,0.0
8705,200,0.0
8705,189,0.0
8705,362,0.0
8705,17,0.0
8705,16,0.0
12205,310,0.36441691540172816
12205,22,0.27316108686031043
12205,362,0.20209182575317247
12205,287,0.13417011085541963
12205,16,0.13012884294019622
12205,78,0.11198663248519686
12205,59,0.062019616563033904
12205,200,0.02081153354768541
12205,255,0.017093157787019822
12205,416,0.010701721515768321
8702,119,0.0
8702,20,0.0
8702,399,0.0
8702,476,0.0
8702,264,0.0
8702,200,0.0
8702,189,0.0
8702,362,0.0
8702,17,0.0
8702,16,0.0
16213,119,0.0
16213,20,0.0
16213,399,0.0
16213,476,0.0
16213,264,0.0
16213,200,0.0
16213,189,0.0
16213,362,0.0
16213,17,0.0
16213,16,0.0
8697,59,0.3946675952398542
8697,200,0.16572029452780204
8697,287,0.15631607626775607
8697,352,0.10903321002968801
8697,310,0.05945585778787439
8697,79,0.04175380046464107
8697,78,0.035516460093934867
8697,119,0.029137920491778678
8697,22,0.017948950927211254
8697,189,0.011311255810638354
12231,189,0.2410127781193277
12231,287,0.12035313637083975
12231,200,0.10790636648763016
12231,310,0.09463277060979149
12231,352,0.07985162115869507
12231,78,0.0780446389501787
12231,20,0.02716450437565886
12231,119,0.0228633209071026
12231,824,0.012882579153797173
12231,17,0.0
8919,119,0.0
8919,20,0.0
8919,399,0.0
8919,476,0.0
8919,264,0.0
8919,200,0.0
8919,189,0.0
8919,362,0.0
8919,17,0.0
8919,16,0.0
8696,119,0.0
8696,20,0.0
8696,399,0.0
8696,476,0.0
8696,264,0.0
8696,200,0.0
8696,189,0.0
8696,362,0.0
8696,17,0.0
8696,16,0.0
8703,119,0.0
8703,20,0.0
8703,399,0.0
8703,476,0.0
8703,264,0.0
8703,200,0.0
8703,189,0.0
8703,362,0.0
8703,17,0.0
8703,16,0.0
8668,119,0.0
8668,20,0.0
8668,399,0.0
8668,476,0.0
8668,264,0.0
8668,200,0.0
8668,189,0.0
8668,362,0.0
8668,17,0.0
8668,16,0.0
8671,119,0.0
8671,20,0.0
8671,399,0.0
8671,476,0.0
8671,264,0.0
8671,200,0.0
8671,189,0.0
8671,362,0.0
8671,17,0.0
8671,16,0.0
8669,119,0.0
8669,20,0.0
8669,399,0.0
8669,476,0.0
8669,264,0.0
8669,200,0.0
8669,189,0.0
8669,362,0.0
8669,17,0.0
8669,16,0.0
15528,119,0.0
15528,20,0.0
15528,399,0.0
15528,476,0.0
15528,264,0.0
15528,200,0.0
15528,189,0.0
15528,362,0.0
15528,17,0.0
15528,16,0.0
8704,119,0.0
8704,20,0.0
8704,399,0.0
8704,476,0.0
8704,264,0.0
8704,200,0.0
8704,189,0.0
8704,362,0.0
8704,17,0.0
8704,16,0.0
19628,22,0.20968645845159806
19628,189,0.16445101855213695
19628,20,0.08128272615580794
19628,362,0.0093259293405481
19628,415,0.0
19628,476,0.0
19628,134,0.0
19628,17,0.0
19628,284,0.0
19628,125,0.0
8617,119,0.0
8617,20,0.0
8617,399,0.0
8617,476,0.0
8617,264,0.0
8617,200,0.0
8617,189,0.0
8617,362,0.0
8617,17,0.0
8617,16,0.0
8275,119,0.0
8275,20,0.0
8275,399,0.0
8275,476,0.0
8275,264,0.0
8275,200,0.0
8275,189,0.0
8275,362,0.0
8275,17,0.0
8275,16,0.0
8667,119,0.0
8667,20,0.0
8667,399,0.0
8667,476,0.0
8667,264,0.0
8667,200,0.0
8667,189,0.0
8667,362,0.0
8667,17,0.0
8667,16,0.0
2132,119,0.0
2132,20,0.0
2132,399,0.0
2132,476,0.0
2132,264,0.0
2132,200,0.0
2132,189,0.0
2132,362,0.0
2132,17,0.0
2132,16,0.0
16229,119,0.0
16229,20,0.0
16229,399,0.0
16229,476,0.0
16229,264,0.0
16229,200,0.0
16229,189,0.0
16229,362,0.0
16229,17,0.0
16229,16,0.0
8699,119,0.0
8699,20,0.0
8699,399,0.0
8699,476,0.0
8699,264,0.0
8699,200,0.0
8699,189,0.0
8699,362,0.0
8699,17,0.0
8699,16,0.0
9776,89,0.2811008428047528
9776,824,0.26197498734965863
9776,264,0.16576441877225873
9776,310,0.12956948502073504
9776,399,0.11323250800117302
9776,77,0.038802032777216444
9776,94,0.029314774168253975
9776,20,0.02260814494337378
9776,476,0.0
9776,134,0.0
14543,119,0.0
14543,20,0.0
14543,399,0.0
14543,476,0.0
14543,264,0.0
14543,200,0.0
14543,189,0.0
14543,362,0.0
14543,17,0.0
14543,16,0.0
8701,119,0.0
8701,20,0.0
8701,399,0.0
8701,476,0.0
8701,264,0.0
8701,200,0.0
8701,189,0.0
8701,362,0.0
8701,17,0.0
8701,16,0.0
8708,89,0.03613408526362065
8708,264,0.021882091254688422
8708,399,0.01742671637459857
8708,255,0.014683572409323196
8708,22,0.01360213616551905
8708,416,0.009236272688579041
8708,20,0.009119235325136475
8708,16,0.008528665284839334
8708,78,0.007367120712588229
8708,287,0.003952904238119686
16132,119,0.0
16132,20,0.0
16132,399,0.0
16132,476,0.0
16132,264,0.0
16132,200,0.0
16132,189,0.0
16132,362,0.0
16132,17,0.0
16132,16,0.0
7323,119,0.0
7323,20,0.0
7323,399,0.0
7323,476,0.0
7323,264,0.0
7323,200,0.0
7323,189,0.0
7323,362,0.0
7323,17,0.0
7323,16,0.0
16304,59,0.3968636004955441
16304,200,0.1666423936363859
16304,287,0.15718584852464512
16304,352,0.10963989146276687
16304,310,0.059786681442409575
16304,79,0.04198612651920315
16304,78,0.03571408040523082
16304,119,0.029300049400539943
16304,22,0.01804882228996251
16304,189,0.011374193780484931
6309,119,0.0
6309,20,0.0
6309,399,0.0
6309,476,0.0
6309,264,0.0
6309,200,0.0
6309,189,0.0
6309,362,0.0
6309,17,0.0
6309,16,0.0
12176,119,0.0
12176,20,0.0
12176,399,0.0
12176,476,0.0
12176,264,0.0
12176,200,0.0
12176,189,0.0
12176,362,0.0
12176,17,0.0
12176,16,0.0
10125,119,0.0
10125,20,0.0
10125,399,0.0
10125,476,0.0
10125,264,0.0
10125,200,0.0
10125,189,0.0
10125,362,0.0
10125,17,0.0
10125,16,0.0
8692,119,0.0
8692,20,0.0
8692,399,0.0
8692,476,0.0
8692,264,0.0
8692,200,0.0
8692,189,0.0
8692,362,0.0
8692,17,0.0
8692,16,0.0
8682,119,0.0
8682,20,0.0
8682,399,0.0
8682,476,0.0
8682,264,0.0
8682,200,0.0
8682,189,0.0
8682,362,0.0
8682,17,0.0
8682,16,0.0
8691,119,0.0
8691,20,0.0
8691,399,0.0
8691,476,0.0
8691,264,0.0
8691,200,0.0
8691,189,0.0
8691,362,0.0
8691,17,0.0
8691,16,0.0
8694,119,0.0
8694,20,0.0
8694,399,0.0
8694,476,0.0
8694,264,0.0
8694,200,0.0
8694,189,0.0
8694,362,0.0
8694,17,0.0
8694,16,0.0
19158,119,0.0
19158,20,0.0
19158,399,0.0
19158,476,0.0
19158,264,0.0
19158,200,0.0
19158,189,0.0
19158,362,0.0
19158,17,0.0
19158,16,0.0
8706,119,0.0
8706,20,0.0
8706,399,0.0
8706,476,0.0
8706,264,0.0
8706,200,0.0
8706,189,0.0
8706,362,0.0
8706,17,0.0
8706,16,0.0
9572,119,0.0
9572,20,0.0
9572,399,0.0
9572,476,0.0
9572,264,0.0
9572,200,0.0
9572,189,0.0
9572,362,0.0
9572,17,0.0
9572,16,0.0
8685,119,0.0
8685,20,0.0
8685,399,0.0
8685,476,0.0
8685,264,0.0
8685,200,0.0
8685,189,0.0
8685,362,0.0
8685,17,0.0
8685,16,0.0
18194,119,0.0
18194,20,0.0
18194,399,0.0
18194,476,0.0
18194,264,0.0
18194,200,0.0
18194,189,0.0
18194,362,0.0
18194,17,0.0
18194,16,0.0
18177,89,0.2797138883259388
18177,824,0.26068240004036275
18177,264,0.16494653540787546
18177,310,0.12893018783551854
18177,399,0.1126738176302991
18177,77,0.03861058314437124
18177,94,0.029170134767950953
18177,20,0.022496596121343006
18177,476,0.0
18177,134,0.0
16678,119,0.0
16678,20,0.0
16678,399,0.0
16678,476,0.0
16678,264,0.0
16678,200,0.0
16678,189,0.0
16678,362,0.0
16678,17,0.0
16678,16,0.0
8418,287,0.6469255344163942
8418,78,0.27644950895668624
8418,255,0.2545753239606826
8418,79,0.21848857765584456
8418,94,0.2110962349877675
8418,416,0.160218217487125
8418,264,0.14939129830611367
8418,190,0.1253809687758371
8418,89,0.1070237571434163
8418,399,0.10039987423972839
8435,119,0.0
8435,20,0.0
8435,399,0.0
8435,476,0.0
8435,264,0.0
8435,200,0.0
8435,189,0.0
8435,362,0.0
8435,17,0.0
8435,16,0.0
745,79,0.6260356469324918
745,189,0.4697752975421693
745,22,0.3248177591153111
745,16,0.24947550866372542
745,200,0.24588535821988458
745,362,0.2123602394628754
745,399,0.17916277320633917
745,264,0.10691477552447406
745,94,0.03637694750693859
745,824,0.015903658082732548
15416,119,0.0
15416,20,0.0
15416,399,0.0
15416,476,0.0
15416,264,0.0
15416,200,0.0
15416,189,0.0
15416,362,0.0
15416,17,0.0
15416,16,0.0
2702,119,0.0
2702,20,0.0
2702,399,0.0
2702,476,0.0
2702,264,0.0
2702,200,0.0
2702,189,0.0
2702,362,0.0
2702,17,0.0
2702,16,0.0
17788,119,0.0
17788,20,0.0
17788,399,0.0
17788,476,0.0
17788,264,0.0
17788,200,0.0
17788,189,0.0
17788,362,0.0
17788,17,0.0
17788,16,0.0
15362,119,0.0
15362,20,0.0
15362,399,0.0
15362,476,0.0
15362,264,0.0
15362,200,0.0
15362,189,0.0
15362,362,0.0
15362,17,0.0
15362,16,0.0
2693,119,0.0
2693,20,0.0
2693,399,0.0
2693,476,0.0
2693,264,0.0
2693,200,0.0
2693,189,0.0
2693,362,0.0
2693,17,0.0
2693,16,0.0
3089,119,0.0
3089,20,0.0
3089,399,0.0
3089,476,0.0
3089,264,0.0
3089,200,0.0
3089,189,0.0
3089,362,0.0
3089,17,0.0
3089,16,0.0
18318,119,0.0
18318,20,0.0
18318,399,0.0
18318,476,0.0
18318,264,0.0
18318,200,0.0
18318,189,0.0
18318,362,0.0
18318,17,0.0
18318,16,0.0
17777,119,0.0
17777,20,0.0
17777,399,0.0
17777,476,0.0
17777,264,0.0
17777,200,0.0
17777,189,0.0
17777,362,0.0
17777,17,0.0
17777,16,0.0
18752,119,0.0
18752,20,0.0
18752,399,0.0
18752,476,0.0
18752,264,0.0
18752,200,0.0
18752,189,0.0
18752,362,0.0
18752,17,0.0
18752,16,0.0
18108,119,0.0
18108,20,0.0
18108,399,0.0
18108,476,0.0
18108,264,0.0
18108,200,0.0
18108,189,0.0
18108,362,0.0
18108,17,0.0
18108,16,0.0
510,59,0.39537033457900495
510,200,0.16601537365683358
510,287,0.15659441038350275
510,352,0.10922735296639174
510,310,0.05956172401736607
510,79,0.041828146670155705
510,78,0.03557970018254712
510,119,0.029189803046205665
510,22,0.017980910566323317
510,189,0.011331396467052196
3891,119,0.0
3891,20,0.0
3891,399,0.0
3891,476,0.0
3891,264,0.0
3891,200,0.0
3891,189,0.0
3891,362,0.0
3891,17,0.0
3891,16,0.0
2694,119,0.0
2694,20,0.0
2694,399,0.0
2694,476,0.0
2694,264,0.0
2694,200,0.0
2694,189,0.0
2694,362,0.0
2694,17,0.0
2694,16,0.0
19108,119,0.0
19108,20,0.0
19108,399,0.0
19108,476,0.0
19108,264,0.0
19108,200,0.0
19108,189,0.0
19108,362,0.0
19108,17,0.0
19108,16,0.0
2573,119,0.0
2573,20,0.0
2573,399,0.0
2573,476,0.0
2573,264,0.0
2573,200,0.0
2573,189,0.0
2573,362,0.0
2573,17,0.0
2573,16,0.0
17771,119,0.0
17771,20,0.0
17771,399,0.0
17771,476,0.0
17771,264,0.0
17771,200,0.0
17771,189,0.0
17771,362,0.0
17771,17,0.0
17771,16,0.0
6346,59,0.3946675952398542
6346,200,0.16572029452780204
6346,287,0.15631607626775607
6346,352,0.10903321002968801
6346,310,0.05945585778787439
6346,79,0.04175380046464107
6346,78,0.035516460093934867
6346,119,0.029137920491778678
6346,22,0.017948950927211254
6346,189,0.011311255810638354
15398,310,0.2399171284883121
15398,189,0.20332826642711857
15398,255,0.15315428201156345
15398,416,0.09636974453268381
15398,190,0.09095171242436347
15398,77,0.08685363442288244
15398,20,0.08497290120545345
15398,59,0.08012665173398606
15398,352,0.03894722275826647
15398,264,0.0058687688121519255
17798,119,0.0
17798,20,0.0
17798,399,0.0
17798,476,0.0
17798,264,0.0
17798,200,0.0
17798,189,0.0
17798,362,0.0
17798,17,0.0
17798,16,0.0
2998,119,0.0
2998,20,0.0
2998,399,0.0
2998,476,0.0
2998,264,0.0
2998,200,0.0
2998,189,0.0
2998,362,0.0
2998,17,0.0
2998,16,0.0
17790,89,0.2797138883259388
17790,824,0.26068240004036275
17790,264,0.16494653540787546
17790,310,0.12893018783551854
17790,399,0.1126738176302991
17790,77,0.03861058314437124
17790,94,0.029170134767950953
17790,20,0.022496596121343006
17790,476,0.0
17790,134,0.0
1147,119,0.0
1147,20,0.0
1147,399,0.0
1147,476,0.0
1147,264,0.0
1147,200,0.0
1147,189,0.0
1147,362,0.0
1147,17,0.0
1147,16,0.0
18357,119,0.0
18357,20,0.0
18357,399,0.0
18357,476,0.0
18357,264,0.0
18357,200,0.0
18357,189,0.0
18357,362,0.0
18357,17,0.0
18357,16,0.0
15543,119,0.0
15543,20,0.0
15543,399,0.0
15543,476,0.0
15543,264,0.0
15543,200,0.0
15543,189,0.0
15543,362,0.0
15543,17,0.0
15543,16,0.0
403,89,0.036138373358606916
403,264,0.021884688040662667
403,399,0.017428784433456863
403,255,0.014685314934497602
403,22,0.013603750354766502
403,416,0.009237368773184948
403,20,0.009120317520714407
403,16,0.008529677396439297
403,78,0.0073679949816657
403,287,0.003953373336166964
15517,824,0.1653652119246354
15517,362,0.07335461087578908
15517,16,0.06781574409855479
15517,22,0.06526219541545233
15517,59,0.05455176597108064
15517,79,0.023374500164794504
15517,399,0.020952047902757134
15517,200,0.019745944107671165
15517,190,0.01925592203816221
15517,119,0.009567845158801987
2987,189,0.24281202862081303
2987,287,0.12125161753296065
2987,200,0.10871192785882107
2987,310,0.09533923962485889
2987,352,0.08044774336655225
2987,78,0.0786272713602323
2987,20,0.027367297557422243
2987,119,0.02303400414609392
2987,824,0.01297875242387748
2987,17,0.0
5504,287,0.6469255344163942
5504,78,0.27644950895668624
5504,255,0.2545753239606826
5504,79,0.21848857765584456
5504,94,0.2110962349877675
5504,416,0.160218217487125
5504,264,0.14939129830611367
5504,190,0.1253809687758371
5504,89,0.1070237571434163
5504,399,0.10039987423972839
11469,119,0.0
11469,20,0.0
11469,399,0.0
11469,476,0.0
11469,264,0.0
11469,200,0.0
11469,189,0.0
11469,362,0.0
11469,17,0.0
11469,16,0.0
2994,119,0.0
2994,20,0.0
2994,399,0.0
2994,476,0.0
2994,264,0.0
2994,200,0.0
2994,189,0.0
2994,362,0.0
2994,17,0.0
2994,16,0.0
17802,119,0.0
17802,20,0.0
17802,399,0.0
17802,476,0.0
17802,264,0.0
17802,200,0.0
17802,189,0.0
17802,362,0.0
17802,17,0.0
17802,16,0.0
13583,119,0.0
13583,20,0.0
13583,399,0.0
13583,476,0.0
13583,264,0.0
13583,200,0.0
13583,189,0.0
13583,362,0.0
13583,17,0.0
13583,16,0.0
2986,119,0.0
2986,20,0.0
2986,399,0.0
2986,476,0.0
2986,264,0.0
2986,200,0.0
2986,189,0.0
2986,362,0.0
2986,17,0.0
2986,16,0.0
8395,119,0.0
8395,20,0.0
8395,399,0.0
8395,476,0.0
8395,264,0.0
8395,200,0.0
8395,189,0.0
8395,362,0.0
8395,17,0.0
8395,16,0.0
2423,310,0.3914951911827509
2423,352,0.14522319888814178
2423,16,0.11938537481476949
2423,190,0.06550913297046398
2423,264,0.04072662700190409
2423,20,0.038664967198709585
2423,255,0.024260853323062576
2423,416,0.015371164161628245
2423,119,8.653661839258635E-4
2423,476,0.0
15338,119,0.0
15338,20,0.0
15338,399,0.0
15338,476,0.0
15338,264,0.0
15338,200,0.0
15338,189,0.0
15338,362,0.0
15338,17,0.0
15338,16,0.0
9636,119,0.0
9636,20,0.0
9636,399,0.0
9636,476,0.0
9636,264,0.0
9636,200,0.0
9636,189,0.0
9636,362,0.0
9636,17,0.0
9636,16,0.0
511,119,0.0
511,20,0.0
511,399,0.0
511,476,0.0
511,264,0.0
511,200,0.0
511,189,0.0
511,362,0.0
511,17,0.0
511,16,0.0
18675,119,0.0
18675,20,0.0
18675,399,0.0
18675,476,0.0
18675,264,0.0
18675,200,0.0
18675,189,0.0
18675,362,0.0
18675,17,0.0
18675,16,0.0
17818,189,0.24281202862081303
17818,287,0.12125161753296065
17818,200,0.10871192785882107
17818,310,0.09533923962485889
17818,352,0.08044774336655225
17818,78,0.0786272713602323
17818,20,0.027367297557422243
17818,119,0.02303400414609392
17818,824,0.01297875242387748
17818,17,0.0
1324,352,0.7085516873088522
1324,78,0.3565687406391131
1324,264,0.25780233171716566
1324,399,0.199307741574177
1324,89,0.18922594201549015
1324,16,0.1468065234797668
1324,362,0.1085073022403146
1324,255,0.0895490405516326
1324,189,0.07605633634427073
1324,416,0.05632250063268788
512,119,0.0
512,20,0.0
512,399,0.0
512,476,0.0
512,264,0.0
512,200,0.0
512,189,0.0
512,362,0.0
512,17,0.0
512,16,0.0
12055,119,0.0
12055,20,0.0
12055,399,0.0
12055,476,0.0
12055,264,0.0
12055,200,0.0
12055,189,0.0
12055,362,0.0
12055,17,0.0
12055,16,0.0
9638,119,0.0
9638,20,0.0
9638,399,0.0
9638,476,0.0
9638,264,0.0
9638,200,0.0
9638,189,0.0
9638,362,0.0
9638,17,0.0
9638,16,0.0
19346,119,0.0
19346,20,0.0
19346,399,0.0
19346,476,0.0
19346,264,0.0
19346,200,0.0
19346,189,0.0
19346,362,0.0
19346,17,0.0
19346,16,0.0
17793,119,0.0
17793,20,0.0
17793,399,0.0
17793,476,0.0
17793,264,0.0
17793,200,0.0
17793,189,0.0
17793,362,0.0
17793,17,0.0
17793,16,0.0
19308,310,0.3914951911827509
19308,352,0.14522319888814178
19308,16,0.11938537481476949
19308,190,0.06550913297046398
19308,264,0.04072662700190409
19308,20,0.038664967198709585
19308,255,0.024260853323062576
19308,416,0.015371164161628245
19308,119,8.653661839258635E-4
19308,476,0.0
1326,310,0.3914951911827509
1326,352,0.14522319888814178
1326,16,0.11938537481476949
1326,190,0.06550913297046398
1326,264,0.04072662700190409
1326,20,0.038664967198709585
1326,255,0.024260853323062576
1326,416,0.015371164161628245
1326,119,8.653661839258635E-4
1326,476,0.0
8540,119,0.0
8540,20,0.0
8540,399,0.0
8540,476,0.0
8540,264,0.0
8540,200,0.0
8540,189,0.0
8540,362,0.0
8540,17,0.0
8540,16,0.0
157,824,0.1653652119246354
157,362,0.07335461087578908
157,16,0.06781574409855479
157,22,0.06526219541545233
157,59,0.05455176597108064
157,79,0.023374500164794504
157,399,0.020952047902757134
157,200,0.019745944107671165
157,190,0.01925592203816221
157,119,0.009567845158801987
2688,59,0.39644060595162517
2688,200,0.16646477890123268
2688,287,0.15701831298794156
2688,352,0.10952303248193151
2688,310,0.05972295818833009
2688,79,0.041941375873349535
2688,78,0.03567601477982807
2688,119,0.029268820129280844
2688,22,0.01802958506754319
2688,189,0.011362070668401336
10298,119,0.0
10298,20,0.0
10298,399,0.0
10298,476,0.0
10298,264,0.0
10298,200,0.0
10298,189,0.0
10298,362,0.0
10298,17,0.0
10298,16,0.0
1123,119,0.0
1123,20,0.0
1123,399,0.0
1123,476,0.0
1123,264,0.0
1123,200,0.0
1123,189,0.0
1123,362,0.0
1123,17,0.0
1123,16,0.0
1136,119,0.0
1136,20,0.0
1136,399,0.0
1136,476,0.0
1136,264,0.0
1136,200,0.0
1136,189,0.0
1136,362,0.0
1136,17,0.0
1136,16,0.0
1124,119,0.0
1124,20,0.0
1124,399,0.0
1124,476,0.0
1124,264,0.0
1124,200,0.0
1124,189,0.0
1124,362,0.0
1124,17,0.0
1124,16,0.0
352,362,0.5127710810530325
352,189,0.28246720124694485
352,79,0.254267877880866
352,89,0.23003080847769283
352,310,0.2058925809949962
352,287,0.1479977828728753
352,78,0.12784798603637182
352,20,0.12642568574225427
352,94,0.05141355310445489
352,119,0.031874807962429516
8422,119,0.0
8422,20,0.0
8422,399,0.0
8422,476,0.0
8422,264,0.0
8422,200,0.0
8422,189,0.0
8422,362,0.0
8422,17,0.0
8422,16,0.0
2993,119,0.0
2993,20,0.0
2993,399,0.0
2993,476,0.0
2993,264,0.0
2993,200,0.0
2993,189,0.0
2993,362,0.0
2993,17,0.0
2993,16,0.0
8539,119,0.0
8539,20,0.0
8539,399,0.0
8539,476,0.0
8539,264,0.0
8539,200,0.0
8539,189,0.0
8539,362,0.0
8539,17,0.0
8539,16,0.0
13511,119,0.0
13511,20,0.0
13511,399,0.0
13511,476,0.0
13511,264,0.0
13511,200,0.0
13511,189,0.0
13511,362,0.0
13511,17,0.0
13511,16,0.0
2689,119,0.0
2689,20,0.0
2689,399,0.0
2689,476,0.0
2689,264,0.0
2689,200,0.0
2689,189,0.0
2689,362,0.0
2689,17,0.0
2689,16,0.0
16633,119,0.0
16633,20,0.0
16633,399,0.0
16633,476,0.0
16633,264,0.0
16633,200,0.0
16633,189,0.0
16633,362,0.0
16633,17,0.0
16633,16,0.0
19347,119,0.0
19347,20,0.0
19347,399,0.0
19347,476,0.0
19347,264,0.0
19347,200,0.0
19347,189,0.0
19347,362,0.0
19347,17,0.0
19347,16,0.0
19312,287,0.6469255344163942
19312,78,0.27644950895668624
19312,255,0.2545753239606826
19312,79,0.21848857765584456
19312,94,0.2110962349877675
19312,416,0.160218217487125
19312,264,0.14939129830611367
19312,190,0.1253809687758371
19312,89,0.1070237571434163
19312,399,0.10039987423972839
18105,119,0.0
18105,20,0.0
18105,399,0.0
18105,476,0.0
18105,264,0.0
18105,200,0.0
18105,189,0.0
18105,362,0.0
18105,17,0.0
18105,16,0.0
4073,119,0.0
4073,20,0.0
4073,399,0.0
4073,476,0.0
4073,264,0.0
4073,200,0.0
4073,189,0.0
4073,362,0.0
4073,17,0.0
4073,16,0.0
17778,119,0.0
17778,20,0.0
17778,399,0.0
17778,476,0.0
17778,264,0.0
17778,200,0.0
17778,189,0.0
17778,362,0.0
17778,17,0.0
17778,16,0.0
18669,119,0.0
18669,20,0.0
18669,399,0.0
18669,476,0.0
18669,264,0.0
18669,200,0.0
18669,189,0.0
18669,362,0.0
18669,17,0.0
18669,16,0.0
4105,119,0.0
4105,20,0.0
4105,399,0.0
4105,476,0.0
4105,264,0.0
4105,200,0.0
4105,189,0.0
4105,362,0.0
4105,17,0.0
4105,16,0.0
358,89,0.2820824974678714
358,824,0.2628898510881884
358,264,0.16634329791414704
358,310,0.13002196494893223
358,399,0.11362793626950124
358,77,0.03893753644925885
358,94,0.029417146628163686
358,20,0.022687096648700635
358,476,0.0
358,134,0.0
1047,119,0.0
1047,20,0.0
1047,399,0.0
1047,476,0.0
1047,264,0.0
1047,200,0.0
1047,189,0.0
1047,362,0.0
1047,17,0.0
1047,16,0.0
15342,119,0.0
15342,20,0.0
15342,399,0.0
15342,476,0.0
15342,264,0.0
15342,200,0.0
15342,189,0.0
15342,362,0.0
15342,17,0.0
15342,16,0.0
516,22,0.28373907323973835
516,352,0.14352309128788265
516,16,0.03533197607360161
516,200,0.03019961507292772
516,287,0.02587757044805236
516,78,0.01598387239840353
516,119,0.006476493756822327
516,310,0.002253597782599509
516,824,0.0011092893879151664
516,134,0.0
4638,119,0.0
4638,20,0.0
4638,399,0.0
4638,476,0.0
4638,264,0.0
4638,200,0.0
4638,189,0.0
4638,362,0.0
4638,17,0.0
4638,16,0.0
19107,119,0.0
19107,20,0.0
19107,399,0.0
19107,476,0.0
19107,264,0.0
19107,200,0.0
19107,189,0.0
19107,362,0.0
19107,17,0.0
19107,16,0.0
14253,119,0.0
14253,20,0.0
14253,399,0.0
14253,476,0.0
14253,264,0.0
14253,200,0.0
14253,189,0.0
14253,362,0.0
14253,17,0.0
14253,16,0.0
14905,310,0.3914951911827509
14905,352,0.14522319888814178
14905,16,0.11938537481476949
14905,190,0.06550913297046398
14905,264,0.04072662700190409
14905,20,0.038664967198709585
14905,255,0.024260853323062576
14905,416,0.015371164161628245
14905,119,8.653661839258635E-4
14905,476,0.0
10289,119,0.0
10289,20,0.0
10289,399,0.0
10289,476,0.0
10289,264,0.0
10289,200,0.0
10289,189,0.0
10289,362,0.0
10289,17,0.0
10289,16,0.0
12841,119,0.0
12841,20,0.0
12841,399,0.0
12841,476,0.0
12841,264,0.0
12841,200,0.0
12841,189,0.0
12841,362,0.0
12841,17,0.0
12841,16,0.0
3281,119,0.0
3281,20,0.0
3281,399,0.0
3281,476,0.0
3281,264,0.0
3281,200,0.0
3281,189,0.0
3281,362,0.0
3281,17,0.0
3281,16,0.0
17097,119,0.0
17097,20,0.0
17097,399,0.0
17097,476,0.0
17097,264,0.0
17097,200,0.0
17097,189,0.0
17097,362,0.0
17097,17,0.0
17097,16,0.0
8538,119,0.0
8538,20,0.0
8538,399,0.0
8538,476,0.0
8538,264,0.0
8538,200,0.0
8538,189,0.0
8538,362,0.0
8538,17,0.0
8538,16,0.0
4162,119,0.0
4162,20,0.0
4162,399,0.0
4162,476,0.0
4162,264,0.0
4162,200,0.0
4162,189,0.0
4162,362,0.0
4162,17,0.0
4162,16,0.0
8118,119,0.0
8118,20,0.0
8118,399,0.0
8118,476,0.0
8118,264,0.0
8118,200,0.0
8118,189,0.0
8118,362,0.0
8118,17,0.0
8118,16,0.0
3888,119,0.0
3888,20,0.0
3888,399,0.0
3888,476,0.0
3888,264,0.0
3888,200,0.0
3888,189,0.0
3888,362,0.0
3888,17,0.0
3888,16,0.0
3869,119,0.0
3869,20,0.0
3869,399,0.0
3869,476,0.0
3869,264,0.0
3869,200,0.0
3869,189,0.0
3869,362,0.0
3869,17,0.0
3869,16,0.0
15232,78,0.42098079140254435
15232,264,0.27385774598528556
15232,255,0.2176377225371797
15232,399,0.20259608948403027
15232,89,0.1994215241103819
15232,94,0.16509788899670522
15232,416,0.13694599428720733
15232,16,0.08841217289178424
15232,190,0.07991958000479653
15232,79,0.06927478804311835
9635,119,0.0
9635,20,0.0
9635,399,0.0
9635,476,0.0
9635,264,0.0
9635,200,0.0
9635,189,0.0
9635,362,0.0
9635,17,0.0
9635,16,0.0
19104,119,0.0
19104,20,0.0
19104,399,0.0
19104,476,0.0
19104,264,0.0
19104,200,0.0
19104,189,0.0
19104,362,0.0
19104,17,0.0
19104,16,0.0
17803,200,0.43431822189440794
17803,362,0.2992786630789284
17803,16,0.24127665109315016
17803,189,0.20389340231901706
17803,287,0.19535618475792185
17803,77,0.1547172425628891
17803,352,0.13172525902649068
17803,824,0.13047111863874397
17803,255,0.12741662474672122
17803,78,0.1207018207535458
17810,119,0.0
17810,20,0.0
17810,399,0.0
17810,476,0.0
17810,264,0.0
17810,200,0.0
17810,189,0.0
17810,362,0.0
17810,17,0.0
17810,16,0.0
17807,119,0.0
17807,20,0.0
17807,399,0.0
17807,476,0.0
17807,264,0.0
17807,200,0.0
17807,189,0.0
17807,362,0.0
17807,17,0.0
17807,16,0.0
17808,119,0.0
17808,20,0.0
17808,399,0.0
17808,476,0.0
17808,264,0.0
17808,200,0.0
17808,189,0.0
17808,362,0.0
17808,17,0.0
17808,16,0.0
8290,119,0.0
8290,20,0.0
8290,399,0.0
8290,476,0.0
8290,264,0.0
8290,200,0.0
8290,189,0.0
8290,362,0.0
8290,17,0.0
8290,16,0.0
18670,89,0.03613408526362065
18670,264,0.021882091254688422
18670,399,0.01742671637459857
18670,255,0.014683572409323196
18670,22,0.01360213616551905
18670,416,0.009236272688579041
18670,20,0.009119235325136475
18670,16,0.008528665284839334
18670,78,0.007367120712588229
18670,287,0.003952904238119686
18674,119,0.0
18674,20,0.0
18674,399,0.0
18674,476,0.0
18674,264,0.0
18674,200,0.0
18674,189,0.0
18674,362,0.0
18674,17,0.0
18674,16,0.0
9640,119,0.0
9640,20,0.0
9640,399,0.0
9640,476,0.0
9640,264,0.0
9640,200,0.0
9640,189,0.0
9640,362,0.0
9640,17,0.0
9640,16,0.0
16888,119,0.0
16888,20,0.0
16888,399,0.0
16888,476,0.0
16888,264,0.0
16888,200,0.0
16888,189,0.0
16888,362,0.0
16888,17,0.0
16888,16,0.0
42,119,0.0
42,20,0.0
42,399,0.0
42,476,0.0
42,264,0.0
42,200,0.0
42,189,0.0
42,362,0.0
42,17,0.0
42,16,0.0
17018,119,0.0
17018,20,0.0
17018,399,0.0
17018,476,0.0
17018,264,0.0
17018,200,0.0
17018,189,0.0
17018,362,0.0
17018,17,0.0
17018,16,0.0
17009,119,0.0
17009,20,0.0
17009,399,0.0
17009,476,0.0
17009,264,0.0
17009,200,0.0
17009,189,0.0
17009,362,0.0
17009,17,0.0
17009,16,0.0
17015,119,0.0
17015,20,0.0
17015,399,0.0
17015,476,0.0
17015,264,0.0
17015,200,0.0
17015,189,0.0
17015,362,0.0
17015,17,0.0
17015,16,0.0
17012,119,0.0
17012,20,0.0
17012,399,0.0
17012,476,0.0
17012,264,0.0
17012,200,0.0
17012,189,0.0
17012,362,0.0
17012,17,0.0
17012,16,0.0
15335,78,0.41025839894667493
15335,59,0.15687014197278765
15335,255,0.13381260001464892
15335,89,0.13150123977561629
15335,94,0.1128182934946792
15335,79,0.10770473898276822
15335,399,0.10098656956903934
15335,416,0.0841924485991999
15335,190,0.05311267164861794
15335,77,0.04503460140234114
17801,119,0.0
17801,20,0.0
17801,399,0.0
17801,476,0.0
17801,264,0.0
17801,200,0.0
17801,189,0.0
17801,362,0.0
17801,17,0.0
17801,16,0.0
11208,59,0.3937866852910283
11208,200,0.16535040184359728
11208,287,0.15596717408169739
11208,352,0.10878984462389829
11208,310,0.05932315052415959
11208,79,0.041660604725558284
11208,78,0.03543718628625165
11208,119,0.02907288377642899
11208,22,0.01790888832862601
11208,189,0.01128600874729338
17791,119,0.0
17791,20,0.0
17791,399,0.0
17791,476,0.0
17791,264,0.0
17791,200,0.0
17791,189,0.0
17791,362,0.0
17791,17,0.0
17791,16,0.0
10272,119,0.0
10272,20,0.0
10272,399,0.0
10272,476,0.0
10272,264,0.0
10272,200,0.0
10272,189,0.0
10272,362,0.0
10272,17,0.0
10272,16,0.0
15034,119,0.0
15034,20,0.0
15034,399,0.0
15034,476,0.0
15034,264,0.0
15034,200,0.0
15034,189,0.0
15034,362,0.0
15034,17,0.0
15034,16,0.0
3224,119,0.0
3224,20,0.0
3224,399,0.0
3224,476,0.0
3224,264,0.0
3224,200,0.0
3224,189,0.0
3224,362,0.0
3224,17,0.0
3224,16,0.0
1046,119,0.0
1046,20,0.0
1046,399,0.0
1046,476,0.0
1046,264,0.0
1046,200,0.0
1046,189,0.0
1046,362,0.0
1046,17,0.0
1046,16,0.0
3885,119,0.0
3885,20,0.0
3885,399,0.0
3885,476,0.0
3885,264,0.0
3885,200,0.0
3885,189,0.0
3885,362,0.0
3885,17,0.0
3885,16,0.0
17005,119,0.0
17005,20,0.0
17005,399,0.0
17005,476,0.0
17005,264,0.0
17005,200,0.0
17005,189,0.0
17005,362,0.0
17005,17,0.0
17005,16,0.0
17013,119,0.0
17013,20,0.0
17013,399,0.0
17013,476,0.0
17013,264,0.0
17013,200,0.0
17013,189,0.0
17013,362,0.0
17013,17,0.0
17013,16,0.0
16285,119,0.0
16285,20,0.0
16285,399,0.0
16285,476,0.0
16285,264,0.0
16285,200,0.0
16285,189,0.0
16285,362,0.0
16285,17,0.0
16285,16,0.0
15061,119,0.0
15061,20,0.0
15061,399,0.0
15061,476,0.0
15061,264,0.0
15061,200,0.0
15061,189,0.0
15061,362,0.0
15061,17,0.0
15061,16,0.0
17782,119,0.0
17782,20,0.0
17782,399,0.0
17782,476,0.0
17782,264,0.0
17782,200,0.0
17782,189,0.0
17782,362,0.0
17782,17,0.0
17782,16,0.0
11847,119,0.0
11847,20,0.0
11847,399,0.0
11847,476,0.0
11847,264,0.0
11847,200,0.0
11847,189,0.0
11847,362,0.0
11847,17,0.0
11847,16,0.0
17784,119,0.0
17784,20,0.0
17784,399,0.0
17784,476,0.0
17784,264,0.0
17784,200,0.0
17784,189,0.0
17784,362,0.0
17784,17,0.0
17784,16,0.0
15663,119,0.0
15663,20,0.0
15663,399,0.0
15663,476,0.0
15663,264,0.0
15663,200,0.0
15663,189,0.0
15663,362,0.0
15663,17,0.0
15663,16,0.0
2651,119,0.0
2651,20,0.0
2651,399,0.0
2651,476,0.0
2651,264,0.0
2651,200,0.0
2651,189,0.0
2651,362,0.0
2651,17,0.0
2651,16,0.0
8623,119,0.0
8623,20,0.0
8623,399,0.0
8623,476,0.0
8623,264,0.0
8623,200,0.0
8623,189,0.0
8623,362,0.0
8623,17,0.0
8623,16,0.0
7925,119,0.0
7925,20,0.0
7925,399,0.0
7925,476,0.0
7925,264,0.0
7925,200,0.0
7925,189,0.0
7925,362,0.0
7925,17,0.0
7925,16,0.0
15334,119,0.0
15334,20,0.0
15334,399,0.0
15334,476,0.0
15334,264,0.0
15334,200,0.0
15334,189,0.0
15334,362,0.0
15334,17,0.0
15334,16,0.0
17022,119,0.0
17022,20,0.0
17022,399,0.0
17022,476,0.0
17022,264,0.0
17022,200,0.0
17022,189,0.0
17022,362,0.0
17022,17,0.0
17022,16,0.0
6347,119,0.0
6347,20,0.0
6347,399,0.0
6347,476,0.0
6347,264,0.0
6347,200,0.0
6347,189,0.0
6347,362,0.0
6347,17,0.0
6347,16,0.0
11209,119,0.0
11209,20,0.0
11209,399,0.0
11209,476,0.0
11209,264,0.0
11209,200,0.0
11209,189,0.0
11209,362,0.0
11209,17,0.0
11209,16,0.0
17772,94,0.413956999389549
17772,189,0.3451239791480155
17772,255,0.3158789353369209
17772,310,0.2870318668059094
17772,190,0.20143767807380225
17772,416,0.1987681816608991
17772,77,0.17899759370791468
17772,59,0.16846055733230095
17772,20,0.10886790573377762
17772,264,0.023713397461678554
18111,119,0.0
18111,20,0.0
18111,399,0.0
18111,476,0.0
18111,264,0.0
18111,200,0.0
18111,189,0.0
18111,362,0.0
18111,17,0.0
18111,16,0.0
18678,119,0.0
18678,20,0.0
18678,399,0.0
18678,476,0.0
18678,264,0.0
18678,200,0.0
18678,189,0.0
18678,362,0.0
18678,17,0.0
18678,16,0.0
15993,119,0.0
15993,20,0.0
15993,399,0.0
15993,476,0.0
15993,264,0.0
15993,200,0.0
15993,189,0.0
15993,362,0.0
15993,17,0.0
15993,16,0.0
11609,119,0.0
11609,20,0.0
11609,399,0.0
11609,476,0.0
11609,264,0.0
11609,200,0.0
11609,189,0.0
11609,362,0.0
11609,17,0.0
11609,16,0.0
2456,119,0.0
2456,20,0.0
2456,399,0.0
2456,476,0.0
2456,264,0.0
2456,200,0.0
2456,189,0.0
2456,362,0.0
2456,17,0.0
2456,16,0.0
9639,119,0.0
9639,20,0.0
9639,399,0.0
9639,476,0.0
9639,264,0.0
9639,200,0.0
9639,189,0.0
9639,362,0.0
9639,17,0.0
9639,16,0.0
9641,119,0.0
9641,20,0.0
9641,399,0.0
9641,476,0.0
9641,264,0.0
9641,200,0.0
9641,189,0.0
9641,362,0.0
9641,17,0.0
9641,16,0.0
17006,119,0.0
17006,20,0.0
17006,399,0.0
17006,476,0.0
17006,264,0.0
17006,200,0.0
17006,189,0.0
17006,362,0.0
17006,17,0.0
17006,16,0.0
9634,119,0.0
9634,20,0.0
9634,399,0.0
9634,476,0.0
9634,264,0.0
9634,200,0.0
9634,189,0.0
9634,362,0.0
9634,17,0.0
9634,16,0.0
15991,119,0.0
15991,20,0.0
15991,399,0.0
15991,476,0.0
15991,264,0.0
15991,200,0.0
15991,189,0.0
15991,362,0.0
15991,17,0.0
15991,16,0.0
11608,79,0.6141869349233658
11608,189,0.4608840591009516
11608,22,0.3186700707175893
11608,16,0.24475379118650079
11608,200,0.24123159000223776
11608,362,0.20834098699392445
11608,399,0.17577183514573527
11608,264,0.10489124477040793
11608,94,0.03568845640121177
11608,824,0.015602656270076511
3011,189,0.24281202862081303
3011,287,0.12125161753296065
3011,200,0.10871192785882107
3011,310,0.09533923962485889
3011,352,0.08044774336655225
3011,78,0.0786272713602323
3011,20,0.027367297557422243
3011,119,0.02303400414609392
3011,824,0.01297875242387748
3011,17,0.0
8429,119,0.0
8429,20,0.0
8429,399,0.0
8429,476,0.0
8429,264,0.0
8429,200,0.0
8429,189,0.0
8429,362,0.0
8429,17,0.0
8429,16,0.0
15992,119,0.0
15992,20,0.0
15992,399,0.0
15992,476,0.0
15992,264,0.0
15992,200,0.0
15992,189,0.0
15992,362,0.0
15992,17,0.0
15992,16,0.0
17820,94,0.40553865936864825
17820,189,0.3381054457976462
17820,255,0.30945513700272737
17820,310,0.2811947101563798
17820,190,0.19734118769063028
17820,416,0.194725978869244
17820,77,0.1753574508694595
17820,59,0.16503469847781826
17820,20,0.10665393894693259
17820,264,0.023231155482010546
79,119,0.0
79,20,0.0
79,399,0.0
79,476,0.0
79,264,0.0
79,200,0.0
79,189,0.0
79,362,0.0
79,17,0.0
79,16,0.0
17779,255,0.516223924961757
17779,22,0.38636190608709475
17779,416,0.32484034663275424
17779,89,0.32443905085016417
17779,190,0.30762757732465074
17779,352,0.15293831134379135
17779,200,0.126599944753857
17779,189,0.10498065408806563
17779,310,0.08251454442162914
17779,824,0.04065128871550414
2686,119,0.0
2686,20,0.0
2686,399,0.0
2686,476,0.0
2686,264,0.0
2686,200,0.0
2686,189,0.0
2686,362,0.0
2686,17,0.0
2686,16,0.0
10251,119,0.0
10251,20,0.0
10251,399,0.0
10251,476,0.0
10251,264,0.0
10251,200,0.0
10251,189,0.0
10251,362,0.0
10251,17,0.0
10251,16,0.0
18954,119,0.0
18954,20,0.0
18954,399,0.0
18954,476,0.0
18954,264,0.0
18954,200,0.0
18954,189,0.0
18954,362,0.0
18954,17,0.0
18954,16,0.0
11611,89,0.03610699454364806
11611,264,0.021865685647565324
11611,399,0.01741365108486169
11611,255,0.014672563730248262
11611,22,0.01359193826901247
11611,416,0.00922934800029182
11611,20,0.009112398382987707
11611,16,0.008522271109332038
11611,78,0.007361597379071623
11611,287,0.003949940636827097
1435,119,0.0
1435,20,0.0
1435,399,0.0
1435,476,0.0
1435,264,0.0
1435,200,0.0
1435,189,0.0
1435,362,0.0
1435,17,0.0
1435,16,0.0
1437,824,0.16494802043110715
1437,362,0.07316954825401799
1437,16,0.06764465520243226
1437,22,0.06509754873759616
1437,59,0.054414140091639425
1437,79,0.023315529825623377
1437,399,0.020899189045351263
1437,200,0.01969612806826706
1437,190,0.019207342250546117
1437,119,0.009543706928244442
15231,119,0.0
15231,20,0.0
15231,399,0.0
15231,476,0.0
15231,264,0.0
15231,200,0.0
15231,189,0.0
15231,362,0.0
15231,17,0.0
15231,16,0.0
1125,119,0.0
1125,20,0.0
1125,399,0.0
1125,476,0.0
1125,264,0.0
1125,200,0.0
1125,189,0.0
1125,362,0.0
1125,17,0.0
1125,16,0.0
17014,119,0.0
17014,20,0.0
17014,399,0.0
17014,476,0.0
17014,264,0.0
17014,200,0.0
17014,189,0.0
17014,362,0.0
17014,17,0.0
17014,16,0.0
11613,89,0.03611602258707258
11613,264,0.021871152853075504
11613,399,0.0174180051220822
11613,255,0.014676232397335244
11613,22,0.013595336740983236
11613,416,0.009231655668253971
11613,20,0.009114676809351827
11613,16,0.008524401982716354
11613,78,0.007363438042401609
11613,287,0.003950928263630282
41,119,0.0
41,20,0.0
41,399,0.0
41,476,0.0
41,264,0.0
41,200,0.0
41,189,0.0
41,362,0.0
41,17,0.0
41,16,0.0
8421,59,0.3926283932501968
8421,200,0.16486403686083484
8421,287,0.1555084091129525
8421,352,0.10846984799664343
8421,310,0.05914865622139147
8421,79,0.04153806338865604
8421,78,0.03533295063695728
8421,119,0.028987368213968072
8421,22,0.017856210765909847
8421,189,0.01125281185518634
1327,119,0.0
1327,20,0.0
1327,399,0.0
1327,476,0.0
1327,264,0.0
1327,200,0.0
1327,189,0.0
1327,362,0.0
1327,17,0.0
1327,16,0.0
174,119,0.0
174,20,0.0
174,399,0.0
174,476,0.0
174,264,0.0
174,200,0.0
174,189,0.0
174,362,0.0
174,17,0.0
174,16,0.0
13983,119,0.0
13983,20,0.0
13983,399,0.0
13983,476,0.0
13983,264,0.0
13983,200,0.0
13983,189,0.0
13983,362,0.0
13983,17,0.0
13983,16,0.0
13986,119,0.0
13986,20,0.0
13986,399,0.0
13986,476,0.0
13986,264,0.0
13986,200,0.0
13986,189,0.0
13986,362,0.0
13986,17,0.0
13986,16,0.0
744,119,0.0
744,20,0.0
744,399,0.0
744,476,0.0
744,264,0.0
744,200,0.0
744,189,0.0
744,362,0.0
744,17,0.0
744,16,0.0
11207,119,0.0
11207,20,0.0
11207,399,0.0
11207,476,0.0
11207,264,0.0
11207,200,0.0
11207,189,0.0
11207,362,0.0
11207,17,0.0
11207,16,0.0
13985,824,0.16512470813330643
13985,362,0.0732479254259183
13985,16,0.06771711426355065
13985,22,0.06516727940956919
13985,59,0.05447242699532477
13985,79,0.023340504768516096
13985,399,0.020921575671638992
13985,200,0.019717226009312326
13985,190,0.019227916617905867
13985,119,0.009553929879954837
14343,119,0.0
14343,20,0.0
14343,399,0.0
14343,476,0.0
14343,264,0.0
14343,200,0.0
14343,189,0.0
14343,362,0.0
14343,17,0.0
14343,16,0.0
18680,119,0.0
18680,20,0.0
18680,399,0.0
18680,476,0.0
18680,264,0.0
18680,200,0.0
18680,189,0.0
18680,362,0.0
18680,17,0.0
18680,16,0.0
18681,119,0.0
18681,20,0.0
18681,399,0.0
18681,476,0.0
18681,264,0.0
18681,200,0.0
18681,189,0.0
18681,362,0.0
18681,17,0.0
18681,16,0.0
1476,119,0.0
1476,20,0.0
1476,399,0.0
1476,476,0.0
1476,264,0.0
1476,200,0.0
1476,189,0.0
1476,362,0.0
1476,17,0.0
1476,16,0.0
17775,200,0.43431822189440794
17775,362,0.2992786630789284
17775,16,0.24127665109315016
17775,189,0.20389340231901706
17775,287,0.19535618475792185
17775,77,0.1547172425628891
17775,352,0.13172525902649068
17775,824,0.13047111863874397
17775,255,0.12741662474672122
17775,78,0.1207018207535458
17822,310,0.3914951911827509
17822,352,0.14522319888814178
17822,16,0.11938537481476949
17822,190,0.06550913297046398
17822,264,0.04072662700190409
17822,20,0.038664967198709585
17822,255,0.024260853323062576
17822,416,0.015371164161628245
17822,119,8.653661839258635E-4
17822,476,0.0
13981,352,0.7300569357879247
13981,78,0.3673909565827914
13981,264,0.26562688891089575
13981,399,0.20535692977473655
13981,89,0.1949691375714635
13981,16,0.1512622474902085
13981,362,0.1118006067913693
13981,255,0.09226694300337858
13981,189,0.07836472180264645
13981,416,0.05803194454872606
3134,119,0.0
3134,20,0.0
3134,399,0.0
3134,476,0.0
3134,264,0.0
3134,200,0.0
3134,189,0.0
3134,362,0.0
3134,17,0.0
3134,16,0.0
19106,119,0.0
19106,20,0.0
19106,399,0.0
19106,476,0.0
19106,264,0.0
19106,200,0.0
19106,189,0.0
19106,362,0.0
19106,17,0.0
19106,16,0.0
13980,119,0.0
13980,20,0.0
13980,399,0.0
13980,476,0.0
13980,264,0.0
13980,200,0.0
13980,189,0.0
13980,362,0.0
13980,17,0.0
13980,16,0.0
8625,119,0.0
8625,20,0.0
8625,399,0.0
8625,476,0.0
8625,264,0.0
8625,200,0.0
8625,189,0.0
8625,362,0.0
8625,17,0.0
8625,16,0.0
3828,200,0.4373898197020398
3828,362,0.30139523023877435
3828,16,0.24298301475732725
3828,189,0.20533538309712535
3828,287,0.19673778838070483
3828,77,0.15581143829104935
3828,352,0.13265685018808385
3828,824,0.13139384023265283
3828,255,0.1283177442611655
3828,78,0.1215554516382615
17800,119,0.0
17800,20,0.0
17800,399,0.0
17800,476,0.0
17800,264,0.0
17800,200,0.0
17800,189,0.0
17800,362,0.0
17800,17,0.0
17800,16,0.0
7649,119,0.0
7649,20,0.0
7649,399,0.0
7649,476,0.0
7649,264,0.0
7649,200,0.0
7649,189,0.0
7649,362,0.0
7649,17,0.0
7649,16,0.0
17010,119,0.0
17010,20,0.0
17010,399,0.0
17010,476,0.0
17010,264,0.0
17010,200,0.0
17010,189,0.0
17010,362,0.0
17010,17,0.0
17010,16,0.0
11470,119,0.0
11470,20,0.0
11470,399,0.0
11470,476,0.0
11470,264,0.0
11470,200,0.0
11470,189,0.0
11470,362,0.0
11470,17,0.0
11470,16,0.0
3829,119,0.0
3829,20,0.0
3829,399,0.0
3829,476,0.0
3829,264,0.0
3829,200,0.0
3829,189,0.0
3829,362,0.0
3829,17,0.0
3829,16,0.0
10250,119,0.0
10250,20,0.0
10250,399,0.0
10250,476,0.0
10250,264,0.0
10250,200,0.0
10250,189,0.0
10250,362,0.0
10250,17,0.0
10250,16,0.0
11610,119,0.0
11610,20,0.0
11610,399,0.0
11610,476,0.0
11610,264,0.0
11610,200,0.0
11610,189,0.0
11610,362,0.0
11610,17,0.0
11610,16,0.0
17780,119,0.0
17780,20,0.0
17780,399,0.0
17780,476,0.0
17780,264,0.0
17780,200,0.0
17780,189,0.0
17780,362,0.0
17780,17,0.0
17780,16,0.0
17672,119,0.0
17672,20,0.0
17672,399,0.0
17672,476,0.0
17672,264,0.0
17672,200,0.0
17672,189,0.0
17672,362,0.0
17672,17,0.0
17672,16,0.0
515,119,0.0
515,20,0.0
515,399,0.0
515,476,0.0
515,264,0.0
515,200,0.0
515,189,0.0
515,362,0.0
515,17,0.0
515,16,0.0
513,119,0.0
513,20,0.0
513,399,0.0
513,476,0.0
513,264,0.0
513,200,0.0
513,189,0.0
513,362,0.0
513,17,0.0
513,16,0.0
1328,119,0.0
1328,20,0.0
1328,399,0.0
1328,476,0.0
1328,264,0.0
1328,200,0.0
1328,189,0.0
1328,362,0.0
1328,17,0.0
1328,16,0.0
18676,824,0.41994926300556473
18676,89,0.22197447371970716
18676,264,0.14458429889089044
18676,399,0.13198695989022804
18676,77,0.035161897570791585
18676,310,0.026440839512645406
18676,22,0.02346985309658681
18676,94,0.012480546736106837
18676,79,0.0058724961191277125
18676,190,0.0036744966031539254
17785,119,0.0
17785,20,0.0
17785,399,0.0
17785,476,0.0
17785,264,0.0
17785,200,0.0
17785,189,0.0
17785,362,0.0
17785,17,0.0
17785,16,0.0
1325,119,0.0
1325,20,0.0
1325,399,0.0
1325,476,0.0
1325,264,0.0
1325,200,0.0
1325,189,0.0
1325,362,0.0
1325,17,0.0
1325,16,0.0
17786,119,0.0
17786,20,0.0
17786,399,0.0
17786,476,0.0
17786,264,0.0
17786,200,0.0
17786,189,0.0
17786,362,0.0
17786,17,0.0
17786,16,0.0
8622,119,0.0
8622,20,0.0
8622,399,0.0
8622,476,0.0
8622,264,0.0
8622,200,0.0
8622,189,0.0
8622,362,0.0
8622,17,0.0
8622,16,0.0
17008,119,0.0
17008,20,0.0
17008,399,0.0
17008,476,0.0
17008,264,0.0
17008,200,0.0
17008,189,0.0
17008,362,0.0
17008,17,0.0
17008,16,0.0
17017,119,0.0
17017,20,0.0
17017,399,0.0
17017,476,0.0
17017,264,0.0
17017,200,0.0
17017,189,0.0
17017,362,0.0
17017,17,0.0
17017,16,0.0
65,119,0.0
65,20,0.0
65,399,0.0
65,476,0.0
65,264,0.0
65,200,0.0
65,189,0.0
65,362,0.0
65,17,0.0
65,16,0.0
13984,310,0.3914951911827509
13984,352,0.14522319888814178
13984,16,0.11938537481476949
13984,190,0.06550913297046398
13984,264,0.04072662700190409
13984,20,0.038664967198709585
13984,255,0.024260853323062576
13984,416,0.015371164161628245
13984,119,8.653661839258635E-4
13984,476,0.0
9487,119,0.0
9487,20,0.0
9487,399,0.0
9487,476,0.0
9487,264,0.0
9487,200,0.0
9487,189,0.0
9487,362,0.0
9487,17,0.0
9487,16,0.0
9637,119,0.0
9637,20,0.0
9637,399,0.0
9637,476,0.0
9637,264,0.0
9637,200,0.0
9637,189,0.0
9637,362,0.0
9637,17,0.0
9637,16,0.0
18110,119,0.0
18110,20,0.0
18110,399,0.0
18110,476,0.0
18110,264,0.0
18110,200,0.0
18110,189,0.0
18110,362,0.0
18110,17,0.0
18110,16,0.0
17019,119,0.0
17019,20,0.0
17019,399,0.0
17019,476,0.0
17019,264,0.0
17019,200,0.0
17019,189,0.0
17019,362,0.0
17019,17,0.0
17019,16,0.0
8537,119,0.0
8537,20,0.0
8537,399,0.0
8537,476,0.0
8537,264,0.0
8537,200,0.0
8537,189,0.0
8537,362,0.0
8537,17,0.0
8537,16,0.0
13987,119,0.0
13987,20,0.0
13987,399,0.0
13987,476,0.0
13987,264,0.0
13987,200,0.0
13987,189,0.0
13987,362,0.0
13987,17,0.0
13987,16,0.0
3883,119,0.0
3883,20,0.0
3883,399,0.0
3883,476,0.0
3883,264,0.0
3883,200,0.0
3883,189,0.0
3883,362,0.0
3883,17,0.0
3883,16,0.0
4520,119,0.0
4520,20,0.0
4520,399,0.0
4520,476,0.0
4520,264,0.0
4520,200,0.0
4520,189,0.0
4520,362,0.0
4520,17,0.0
4520,16,0.0
15526,824,0.1652586409702054
15526,362,0.07330733690079794
15526,16,0.06777203969126211
15526,22,0.06522013666335597
15526,59,0.05451660964226279
15526,79,0.023359436278243453
15526,399,0.02093854518524918
15526,200,0.019733218673554348
15526,190,0.0192435124027487
15526,119,0.009561679083250008
15498,119,0.0
15498,20,0.0
15498,399,0.0
15498,476,0.0
15498,264,0.0
15498,200,0.0
15498,189,0.0
15498,362,0.0
15498,17,0.0
15498,16,0.0
18200,119,0.0
18200,20,0.0
18200,399,0.0
18200,476,0.0
18200,264,0.0
18200,200,0.0
18200,189,0.0
18200,362,0.0
18200,17,0.0
18200,16,0.0
17799,119,0.0
17799,20,0.0
17799,399,0.0
17799,476,0.0
17799,264,0.0
17799,200,0.0
17799,189,0.0
17799,362,0.0
17799,17,0.0
17799,16,0.0
17797,119,0.0
17797,20,0.0
17797,399,0.0
17797,476,0.0
17797,264,0.0
17797,200,0.0
17797,189,0.0
17797,362,0.0
17797,17,0.0
17797,16,0.0
18109,119,0.0
18109,20,0.0
18109,399,0.0
18109,476,0.0
18109,264,0.0
18109,200,0.0
18109,189,0.0
18109,362,0.0
18109,17,0.0
18109,16,0.0
17789,189,0.24177263455298914
17789,287,0.1207325814180955
17789,200,0.10824656980568025
17789,310,0.09493112541132602
17789,352,0.0801033744829348
17789,78,0.07829069528578808
17789,20,0.027250147649754607
17789,119,0.022935403564385816
17789,824,0.012923194886824018
17789,17,0.0
743,119,0.0
743,20,0.0
743,399,0.0
743,476,0.0
743,264,0.0
743,200,0.0
743,189,0.0
743,362,0.0
743,17,0.0
743,16,0.0
1121,119,0.0
1121,20,0.0
1121,399,0.0
1121,476,0.0
1121,264,0.0
1121,200,0.0
1121,189,0.0
1121,362,0.0
1121,17,0.0
1121,16,0.0
7924,119,0.0
7924,20,0.0
7924,399,0.0
7924,476,0.0
7924,264,0.0
7924,200,0.0
7924,189,0.0
7924,362,0.0
7924,17,0.0
7924,16,0.0
6296,119,0.0
6296,20,0.0
6296,399,0.0
6296,476,0.0
6296,264,0.0
6296,200,0.0
6296,189,0.0
6296,362,0.0
6296,17,0.0
6296,16,0.0
17795,119,0.0
17795,20,0.0
17795,399,0.0
17795,476,0.0
17795,264,0.0
17795,200,0.0
17795,189,0.0
17795,362,0.0
17795,17,0.0
17795,16,0.0
10651,119,0.0
10651,20,0.0
10651,399,0.0
10651,476,0.0
10651,264,0.0
10651,200,0.0
10651,189,0.0
10651,362,0.0
10651,17,0.0
10651,16,0.0
7123,119,0.0
7123,20,0.0
7123,399,0.0
7123,476,0.0
7123,264,0.0
7123,200,0.0
7123,189,0.0
7123,362,0.0
7123,17,0.0
7123,16,0.0
16169,119,0.0
16169,20,0.0
16169,399,0.0
16169,476,0.0
16169,264,0.0
16169,200,0.0
16169,189,0.0
16169,362,0.0
16169,17,0.0
16169,16,0.0
10286,824,0.16512470813330643
10286,362,0.0732479254259183
10286,16,0.06771711426355065
10286,22,0.06516727940956919
10286,59,0.05447242699532477
10286,79,0.023340504768516096
10286,399,0.020921575671638992
10286,200,0.019717226009312326
10286,190,0.019227916617905867
10286,119,0.009553929879954837
17011,119,0.0
17011,20,0.0
17011,399,0.0
17011,476,0.0
17011,264,0.0
17011,200,0.0
17011,189,0.0
17011,362,0.0
17011,17,0.0
17011,16,0.0
2687,119,0.0
2687,20,0.0
2687,399,0.0
2687,476,0.0
2687,264,0.0
2687,200,0.0
2687,189,0.0
2687,362,0.0
2687,17,0.0
2687,16,0.0
18106,119,0.0
18106,20,0.0
18106,399,0.0
18106,476,0.0
18106,264,0.0
18106,200,0.0
18106,189,0.0
18106,362,0.0
18106,17,0.0
18106,16,0.0
3884,119,0.0
3884,20,0.0
3884,399,0.0
3884,476,0.0
3884,264,0.0
3884,200,0.0
3884,189,0.0
3884,362,0.0
3884,17,0.0
3884,16,0.0
18955,119,0.0
18955,20,0.0
18955,399,0.0
18955,476,0.0
18955,264,0.0
18955,200,0.0
18955,189,0.0
18955,362,0.0
18955,17,0.0
18955,16,0.0
17023,119,0.0
17023,20,0.0
17023,399,0.0
17023,476,0.0
17023,264,0.0
17023,200,0.0
17023,189,0.0
17023,362,0.0
17023,17,0.0
17023,16,0.0
514,119,0.0
514,20,0.0
514,399,0.0
514,476,0.0
514,264,0.0
514,200,0.0
514,189,0.0
514,362,0.0
514,17,0.0
514,16,0.0
17796,119,0.0
17796,20,0.0
17796,399,0.0
17796,476,0.0
17796,264,0.0
17796,200,0.0
17796,189,0.0
17796,362,0.0
17796,17,0.0
17796,16,0.0
13982,119,0.0
13982,20,0.0
13982,399,0.0
13982,476,0.0
13982,264,0.0
13982,200,0.0
13982,189,0.0
13982,362,0.0
13982,17,0.0
13982,16,0.0
201,119,0.0
201,20,0.0
201,399,0.0
201,476,0.0
201,264,0.0
201,200,0.0
201,189,0.0
201,362,0.0
201,17,0.0
201,16,0.0
12059,119,0.0
12059,20,0.0
12059,399,0.0
12059,476,0.0
12059,264,0.0
12059,200,0.0
12059,189,0.0
12059,362,0.0
12059,17,0.0
12059,16,0.0
18679,119,0.0
18679,20,0.0
18679,399,0.0
18679,476,0.0
18679,264,0.0
18679,200,0.0
18679,189,0.0
18679,362,0.0
18679,17,0.0
18679,16,0.0
5660,119,0.0
5660,20,0.0
5660,399,0.0
5660,476,0.0
5660,264,0.0
5660,200,0.0
5660,189,0.0
5660,362,0.0
5660,17,0.0
5660,16,0.0
15230,119,0.0
15230,20,0.0
15230,399,0.0
15230,476,0.0
15230,264,0.0
15230,200,0.0
15230,189,0.0
15230,362,0.0
15230,17,0.0
15230,16,0.0
3904,824,0.16494802043110715
3904,362,0.07316954825401799
3904,16,0.06764465520243226
3904,22,0.06509754873759616
3904,59,0.054414140091639425
3904,79,0.023315529825623377
3904,399,0.020899189045351263
3904,200,0.01969612806826706
3904,190,0.019207342250546117
3904,119,0.009543706928244442
15033,119,0.0
15033,20,0.0
15033,399,0.0
15033,476,0.0
15033,264,0.0
15033,200,0.0
15033,189,0.0
15033,362,0.0
15033,17,0.0
15033,16,0.0
17007,119,0.0
17007,20,0.0
17007,399,0.0
17007,476,0.0
17007,264,0.0
17007,200,0.0
17007,189,0.0
17007,362,0.0
17007,17,0.0
17007,16,0.0
17021,119,0.0
17021,20,0.0
17021,399,0.0
17021,476,0.0
17021,264,0.0
17021,200,0.0
17021,189,0.0
17021,362,0.0
17021,17,0.0
17021,16,0.0
1436,119,0.0
1436,20,0.0
1436,399,0.0
1436,476,0.0
1436,264,0.0
1436,200,0.0
1436,189,0.0
1436,362,0.0
1436,17,0.0
1436,16,0.0
18107,119,0.0
18107,20,0.0
18107,399,0.0
18107,476,0.0
18107,264,0.0
18107,200,0.0
18107,189,0.0
18107,362,0.0
18107,17,0.0
18107,16,0.0
17020,119,0.0
17020,20,0.0
17020,399,0.0
17020,476,0.0
17020,264,0.0
17020,200,0.0
17020,189,0.0
17020,362,0.0
17020,17,0.0
17020,16,0.0
4182,119,0.0
4182,20,0.0
4182,399,0.0
4182,476,0.0
4182,264,0.0
4182,200,0.0
4182,189,0.0
4182,362,0.0
4182,17,0.0
4182,16,0.0
2988,119,0.0
2988,20,0.0
2988,399,0.0
2988,476,0.0
2988,264,0.0
2988,200,0.0
2988,189,0.0
2988,362,0.0
2988,17,0.0
2988,16,0.0
17685,119,0.0
17685,20,0.0
17685,399,0.0
17685,476,0.0
17685,264,0.0
17685,200,0.0
17685,189,0.0
17685,362,0.0
17685,17,0.0
17685,16,0.0
8494,119,0.0
8494,20,0.0
8494,399,0.0
8494,476,0.0
8494,264,0.0
8494,200,0.0
8494,189,0.0
8494,362,0.0
8494,17,0.0
8494,16,0.0
17804,119,0.0
17804,20,0.0
17804,399,0.0
17804,476,0.0
17804,264,0.0
17804,200,0.0
17804,189,0.0
17804,362,0.0
17804,17,0.0
17804,16,0.0
17781,119,0.0
17781,20,0.0
17781,399,0.0
17781,476,0.0
17781,264,0.0
17781,200,0.0
17781,189,0.0
17781,362,0.0
17781,17,0.0
17781,16,0.0
17794,119,0.0
17794,20,0.0
17794,399,0.0
17794,476,0.0
17794,264,0.0
17794,200,0.0
17794,189,0.0
17794,362,0.0
17794,17,0.0
17794,16,0.0
13989,119,0.0
13989,20,0.0
13989,399,0.0
13989,476,0.0
13989,264,0.0
13989,200,0.0
13989,189,0.0
13989,362,0.0
13989,17,0.0
13989,16,0.0
18566,824,0.16494802043110715
18566,362,0.07316954825401799
18566,16,0.06764465520243226
18566,22,0.06509754873759616
18566,59,0.054414140091639425
18566,79,0.023315529825623377
18566,399,0.020899189045351263
18566,200,0.01969612806826706
18566,190,0.019207342250546117
18566,119,0.009543706928244442
15415,119,0.0
15415,20,0.0
15415,399,0.0
15415,476,0.0
15415,264,0.0
15415,200,0.0
15415,189,0.0
15415,362,0.0
15415,17,0.0
15415,16,0.0
1438,119,0.0
1438,20,0.0
1438,399,0.0
1438,476,0.0
1438,264,0.0
1438,200,0.0
1438,189,0.0
1438,362,0.0
1438,17,0.0
1438,16,0.0
17783,119,0.0
17783,20,0.0
17783,399,0.0
17783,476,0.0
17783,264,0.0
17783,200,0.0
17783,189,0.0
17783,362,0.0
17783,17,0.0
17783,16,0.0
2358,119,0.0
2358,20,0.0
2358,399,0.0
2358,476,0.0
2358,264,0.0
2358,200,0.0
2358,189,0.0
2358,362,0.0
2358,17,0.0
2358,16,0.0
17809,119,0.0
17809,20,0.0
17809,399,0.0
17809,476,0.0
17809,264,0.0
17809,200,0.0
17809,189,0.0
17809,362,0.0
17809,17,0.0
17809,16,0.0
17773,119,0.0
17773,20,0.0
17773,399,0.0
17773,476,0.0
17773,264,0.0
17773,200,0.0
17773,189,0.0
17773,362,0.0
17773,17,0.0
17773,16,0.0
17774,119,0.0
17774,20,0.0
17774,399,0.0
17774,476,0.0
17774,264,0.0
17774,200,0.0
17774,189,0.0
17774,362,0.0
17774,17,0.0
17774,16,0.0
18671,119,0.0
18671,20,0.0
18671,399,0.0
18671,476,0.0
18671,264,0.0
18671,200,0.0
18671,189,0.0
18671,362,0.0
18671,17,0.0
18671,16,0.0
2842,119,0.0
2842,20,0.0
2842,399,0.0
2842,476,0.0
2842,264,0.0
2842,200,0.0
2842,189,0.0
2842,362,0.0
2842,17,0.0
2842,16,0.0
17770,119,0.0
17770,20,0.0
17770,399,0.0
17770,476,0.0
17770,264,0.0
17770,200,0.0
17770,189,0.0
17770,362,0.0
17770,17,0.0
17770,16,0.0
17194,119,0.0
17194,20,0.0
17194,399,0.0
17194,476,0.0
17194,264,0.0
17194,200,0.0
17194,189,0.0
17194,362,0.0
17194,17,0.0
17194,16,0.0
4938,119,0.0
4938,20,0.0
4938,399,0.0
4938,476,0.0
4938,264,0.0
4938,200,0.0
4938,189,0.0
4938,362,0.0
4938,17,0.0
4938,16,0.0
16286,119,0.0
16286,20,0.0
16286,399,0.0
16286,476,0.0
16286,264,0.0
16286,200,0.0
16286,189,0.0
16286,362,0.0
16286,17,0.0
16286,16,0.0
17016,119,0.0
17016,20,0.0
17016,399,0.0
17016,476,0.0
17016,264,0.0
17016,200,0.0
17016,189,0.0
17016,362,0.0
17016,17,0.0
17016,16,0.0
11614,119,0.0
11614,20,0.0
11614,399,0.0
11614,476,0.0
11614,264,0.0
11614,200,0.0
11614,189,0.0
11614,362,0.0
11614,17,0.0
11614,16,0.0
18677,119,0.0
18677,20,0.0
18677,399,0.0
18677,476,0.0
18677,264,0.0
18677,200,0.0
18677,189,0.0
18677,362,0.0
18677,17,0.0
18677,16,0.0
17490,119,0.0
17490,20,0.0
17490,399,0.0
17490,476,0.0
17490,264,0.0
17490,200,0.0
17490,189,0.0
17490,362,0.0
17490,17,0.0
17490,16,0.0
64,119,0.0
64,20,0.0
64,399,0.0
64,476,0.0
64,264,0.0
64,200,0.0
64,189,0.0
64,362,0.0
64,17,0.0
64,16,0.0
8278,119,0.0
8278,20,0.0
8278,399,0.0
8278,476,0.0
8278,264,0.0
8278,200,0.0
8278,189,0.0
8278,362,0.0
8278,17,0.0
8278,16,0.0
11481,824,0.1652586409702054
11481,362,0.07330733690079794
11481,16,0.06777203969126211
11481,22,0.06522013666335597
11481,59,0.05451660964226279
11481,79,0.023359436278243453
11481,399,0.02093854518524918
11481,200,0.019733218673554348
11481,190,0.0192435124027487
11481,119,0.009561679083250008
17776,119,0.0
17776,20,0.0
17776,399,0.0
17776,476,0.0
17776,264,0.0
17776,200,0.0
17776,189,0.0
17776,362,0.0
17776,17,0.0
17776,16,0.0
1323,119,0.0
1323,20,0.0
1323,399,0.0
1323,476,0.0
1323,264,0.0
1323,200,0.0
1323,189,0.0
1323,362,0.0
1323,17,0.0
1323,16,0.0
2989,119,0.0
2989,20,0.0
2989,399,0.0
2989,476,0.0
2989,264,0.0
2989,200,0.0
2989,189,0.0
2989,362,0.0
2989,17,0.0
2989,16,0.0
