17,12777,0.0
17,2386,0.0
17,8046,0.0
17,755,0.0
17,2739,0.0
17,16118,0.0
17,19483,0.0
17,16678,0.0
17,19036,0.0
17,18460,0.0
22,9928,3.8347050304738177
22,15067,3.8024143662099683
22,4342,2.88050226970798
22,14412,2.8376505449722362
22,397,2.8376505449722362
22,11188,2.795540261257106
22,7861,1.9759520548308027
22,19001,1.9759520548308027
22,5681,1.9759520548308027
22,8418,1.9407158760685348
5,8319,1.9441093267915743
5,16944,1.9441093267915743
5,6323,1.9441093267915743
5,11151,1.9441093267915743
5,5777,1.9441093267915743
5,4548,1.9441093267915743
5,10257,1.9441093267915743
5,7753,1.9441093267915743
5,12931,1.9441093267915743
5,11139,1.9441093267915743
2,111,1.0
2,7753,1.0
2,16398,1.0
2,19001,1.0
2,8347,1.0
2,8039,1.0
2,17052,1.0
2,18460,1.0
2,19036,1.0
2,17036,1.0
41,6323,1.9547819760266578
41,15102,1.9547819760266578
41,5777,1.9547819760266578
41,16408,1.9547819760266578
41,16950,1.9547819760266578
41,12931,1.9547819760266578
41,7753,1.9547819760266578
41,12235,1.9547819760266578
41,14084,1.9547819760266578
41,12262,1.9547819760266578
50,15102,3.8850394820303595
50,12262,2.8984698981612707
50,1265,2.8139882145099184
50,1848,1.9832820049844602
50,4437,1.9832820049844602
50,16642,1.9759520548308027
50,4187,1.9759520548308027
50,6792,1.9702612087506117
50,12777,1.9702612087506117
50,2386,1.9702612087506117
38,4337,1.0
38,12187,1.0
38,1221,1.0
38,5624,1.0
38,7691,1.0
38,2044,1.0
38,4183,1.0
38,16209,1.0
38,16678,1.0
38,12231,1.0
10,7753,3.9191450300180577
10,12931,3.9191450300180577
10,11188,3.0
10,15067,2.97439119569462
10,16141,2.9191450300180577
10,6323,2.9191450300180577
10,5777,2.9191450300180577
10,11151,2.9191450300180577
10,19111,2.9191450300180577
10,9928,2.0
27,1265,2.8905317414047382
27,11151,2.733477838988168
27,1848,2.0
27,4437,2.0
27,7861,1.9225178433304677
27,16187,1.9225178433304677
27,19001,1.9225178433304677
27,5681,1.9225178433304677
27,8418,1.9225178433304677
27,5137,1.9064097807805231
35,15067,3.7656271053647323
35,6323,3.6806650969138586
35,12262,2.821447772329649
35,9928,2.7656271053647323
35,397,2.7656271053647323
35,14412,2.7656271053647323
35,15102,2.756445298647433
35,16141,2.7456675705960754
35,19111,2.7456675705960754
35,5777,2.7456675705960754
15,12931,4.948045826222192
15,7753,3.948045826222192
15,6323,3.948045826222192
15,14412,2.98328200498446
15,9928,2.98328200498446
15,11188,2.98328200498446
15,397,2.98328200498446
15,15102,2.964763821237732
15,11151,2.9480458262221925
15,5777,2.9480458262221925
16,16209,2.0
16,16678,2.0
16,4183,2.0
16,12235,1.0
16,12185,1.0
16,2044,1.0
16,5624,1.0
16,7753,1.0
16,12187,1.0
16,12931,1.0
30,8530,0.0
30,12777,0.0
30,2386,0.0
30,8046,0.0
30,755,0.0
30,2739,0.0
30,16118,0.0
30,19483,0.0
30,16678,0.0
30,19036,0.0
42,18275,1.0
42,9320,1.0
42,8339,1.0
42,7753,1.0
42,12187,1.0
42,2386,1.0
42,12931,1.0
42,8046,1.0
42,12777,1.0
42,8075,1.0
44,16209,2.0
44,16678,2.0
44,4183,2.0
44,12235,1.0
44,12185,1.0
44,2044,1.0
44,5624,1.0
44,7753,1.0
44,12187,1.0
44,12931,1.0
34,7753,3.8646969119786903
34,4342,2.97255111039665
34,16141,2.9296993856609066
34,5777,2.9296993856609066
34,19111,2.9296993856609066
34,11188,2.9075486367144334
34,11151,2.878715385451129
34,8418,1.9865695838690889
34,5681,1.9865695838690889
34,19001,1.9865695838690889
33,18275,1.0
33,9320,1.0
33,8339,1.0
33,7753,1.0
33,12187,1.0
33,2386,1.0
33,12931,1.0
33,8046,1.0
33,12777,1.0
33,8075,1.0
48,6323,3.8514665758100266
48,12931,3.8514665758100266
48,15102,3.0
48,14412,2.8514665758100266
48,5777,2.8514665758100266
48,15067,2.8514665758100266
48,7753,2.8514665758100266
48,16141,2.8514665758100266
48,9928,2.8514665758100266
48,397,2.8514665758100266
4,6189,1.9151958994477798
4,11151,1.9151958994477798
4,11188,1.9151958994477798
4,19410,1.9151958994477798
4,7753,1.9151958994477798
4,12931,1.9151958994477798
4,11880,1.9151958994477798
4,17995,0.9818502932447203
4,1337,0.9818502932447203
4,9646,0.9818502932447203
46,6323,3.9781507924727975
46,12931,3.9781507924727975
46,5777,2.981677751548222
46,16141,2.981677751548222
46,7753,2.981677751548222
46,19111,2.981677751548222
46,15067,2.9810963069712155
46,397,2.9810963069712155
46,14412,2.9810963069712155
46,10257,1.9970544855015815
45,8530,0.0
45,12777,0.0
45,2386,0.0
45,8046,0.0
45,755,0.0
45,2739,0.0
45,16118,0.0
45,19483,0.0
45,16678,0.0
45,19036,0.0
29,8530,0.0
29,12777,0.0
29,2386,0.0
29,8046,0.0
29,755,0.0
29,2739,0.0
29,16118,0.0
29,19483,0.0
29,16678,0.0
29,19036,0.0
37,8530,0.0
37,12777,0.0
37,2386,0.0
37,8046,0.0
37,755,0.0
37,2739,0.0
37,16118,0.0
37,19483,0.0
37,16678,0.0
37,19036,0.0
18,10202,1.9990561583550595
18,5777,1.9990561583550595
18,8587,1.9990561583550595
18,9928,1.9990561583550595
18,4342,1.9990561583550595
18,6323,1.9990561583550595
18,7753,1.9990561583550595
18,12931,1.9990561583550595
18,7531,1.9990561583550595
18,11392,1.9990561583550595
36,8530,0.0
36,12777,0.0
36,2386,0.0
36,8046,0.0
36,755,0.0
36,2739,0.0
36,16118,0.0
36,19483,0.0
36,16678,0.0
36,19036,0.0
11,18705,2.0
11,8405,2.0
11,11188,2.0
11,12931,2.0
11,7753,2.0
11,5189,2.0
11,3433,2.0
11,9646,1.0
11,14084,1.0
11,7691,1.0
31,12135,1.0
31,8620,1.0
31,6311,1.0
31,6792,1.0
31,8619,1.0
31,2386,1.0
31,16118,1.0
31,12777,1.0
31,12064,1.0
31,14326,1.0
9,8530,0.0
9,12777,0.0
9,2386,0.0
9,8046,0.0
9,755,0.0
9,2739,0.0
9,16118,0.0
9,19483,0.0
9,16678,0.0
9,19036,0.0
1,8530,0.0
1,12777,0.0
1,2386,0.0
1,8046,0.0
1,755,0.0
1,2739,0.0
1,16118,0.0
1,19483,0.0
1,16678,0.0
1,19036,0.0
49,8530,0.0
49,12777,0.0
49,2386,0.0
49,8046,0.0
49,755,0.0
49,2739,0.0
49,16118,0.0
49,19483,0.0
49,16678,0.0
49,19036,0.0
