17,12777,0.0
17,2386,0.0
17,8046,0.0
17,755,0.0
17,2739,0.0
17,16118,0.0
17,19483,0.0
17,16678,0.0
17,19036,0.0
17,18460,0.0
22,6189,0.5227965744015588
22,19410,0.5227965744015588
22,11880,0.5227965744015588
22,397,0.5020335161781633
22,14412,0.5020335161781633
22,9928,0.5020335161781633
22,15067,0.5020335161781633
22,11188,0.47140950904387935
22,17052,0.4042111621452446
22,19036,0.4042111621452446
5,111,0.16666666666666663
5,8039,0.16666666666666663
5,16398,0.16666666666666663
5,8347,0.16666666666666663
5,7753,0.16666666666666663
5,17052,0.16666666666666663
5,19036,0.16666666666666663
5,18460,0.16666666666666663
5,19001,0.16666666666666663
5,17036,0.16666666666666663
2,8530,0.0
2,12777,0.0
2,2386,0.0
2,8046,0.0
2,755,0.0
2,16118,0.0
2,19483,0.0
2,16678,0.0
2,19036,0.0
2,18460,0.0
41,7531,0.2486823656509969
41,12235,0.2486823656509969
41,14201,0.2486823656509969
41,12931,0.2486823656509969
41,14084,0.2486823656509969
41,11973,0.2486823656509969
41,16408,0.2486823656509969
41,7753,0.2486823656509969
41,12185,0.2486823656509969
41,9928,0.2486823656509969
50,15102,1.1196890279008533
50,1265,0.9031424388564336
50,3029,0.854523984955898
50,16408,0.854523984955898
50,12262,0.854523984955898
50,12235,0.854523984955898
50,4183,0.854523984955898
50,16950,0.854523984955898
50,14084,0.854523984955898
50,6034,0.854523984955898
38,8530,0.0
38,12777,0.0
38,2386,0.0
38,8046,0.0
38,755,0.0
38,2739,0.0
38,16118,0.0
38,19483,0.0
38,16678,0.0
38,19036,0.0
10,8530,0.0
10,12777,0.0
10,2386,0.0
10,8046,0.0
10,755,0.0
10,2739,0.0
10,16118,0.0
10,19483,0.0
10,16678,0.0
10,19036,0.0
27,17036,0.4503128228106534
27,111,0.4503128228106534
27,16398,0.4503128228106534
27,8039,0.4503128228106534
27,8347,0.4503128228106534
27,19001,0.4503128228106534
27,17052,0.4503128228106534
27,18460,0.4503128228106534
27,19036,0.4503128228106534
27,12321,0.4503128228106534
35,2044,0.11858541225631425
35,8339,0.11858541225631425
35,8075,0.11858541225631425
35,12187,0.11858541225631425
35,9320,0.11858541225631425
35,2386,0.11858541225631425
35,18275,0.11858541225631425
35,8046,0.11858541225631425
35,12777,0.11858541225631425
35,1087,0.11858541225631425
15,755,0.0
15,8530,0.0
15,2386,0.0
15,8046,0.0
15,12777,0.0
15,2739,0.0
15,16118,0.0
15,19483,0.0
15,16678,0.0
15,16209,0.0
16,8530,0.0
16,12777,0.0
16,2386,0.0
16,8046,0.0
16,755,0.0
16,2739,0.0
16,16118,0.0
16,19483,0.0
16,16678,0.0
16,19036,0.0
30,8530,0.0
30,12777,0.0
30,2386,0.0
30,8046,0.0
30,755,0.0
30,2739,0.0
30,16118,0.0
30,19483,0.0
30,16678,0.0
30,19036,0.0
42,8530,0.0
42,12777,0.0
42,2386,0.0
42,8046,0.0
42,755,0.0
42,2739,0.0
42,16118,0.0
42,19483,0.0
42,16678,0.0
42,19036,0.0
44,8530,0.0
44,12777,0.0
44,2386,0.0
44,8046,0.0
44,755,0.0
44,2739,0.0
44,16118,0.0
44,19483,0.0
44,16678,0.0
44,19036,0.0
34,16141,0.5599552702269015
34,5777,0.5599552702269015
34,19111,0.5599552702269015
34,4068,0.4143744623355534
34,1237,0.4143744623355534
34,8319,0.4143744623355534
34,11139,0.4143744623355534
34,4548,0.4143744623355534
34,16944,0.4143744623355534
34,10257,0.4143744623355534
33,8530,0.0
33,12777,0.0
33,2386,0.0
33,8046,0.0
33,755,0.0
33,2739,0.0
33,16118,0.0
33,19483,0.0
33,16678,0.0
33,19036,0.0
48,17036,0.23376623376623376
48,8039,0.23376623376623376
48,111,0.23376623376623376
48,8347,0.23376623376623376
48,7753,0.23376623376623376
48,17052,0.23376623376623376
48,16398,0.23376623376623376
48,19036,0.23376623376623376
48,18460,0.23376623376623376
48,12931,0.23376623376623376
4,8402,0.056892327817972224
4,13159,0.056892327817972224
4,17995,0.056892327817972224
4,12931,0.056892327817972224
4,13878,0.056892327817972224
4,11151,0.056892327817972224
4,1337,0.056892327817972224
4,7753,0.056892327817972224
4,9646,0.056892327817972224
4,19169,0.056892327817972224
46,16408,0.16666666666666663
46,7691,0.16666666666666663
46,11973,0.16666666666666663
46,7753,0.16666666666666663
46,12185,0.16666666666666663
46,14084,0.16666666666666663
46,12235,0.16666666666666663
46,16209,0.16666666666666663
46,16678,0.16666666666666663
46,14201,0.16666666666666663
45,8530,0.0
45,12777,0.0
45,2386,0.0
45,8046,0.0
45,755,0.0
45,2739,0.0
45,16118,0.0
45,19483,0.0
45,16678,0.0
45,19036,0.0
29,8530,0.0
29,12777,0.0
29,2386,0.0
29,8046,0.0
29,755,0.0
29,2739,0.0
29,16118,0.0
29,19483,0.0
29,16678,0.0
29,19036,0.0
37,8530,0.0
37,12777,0.0
37,2386,0.0
37,8046,0.0
37,755,0.0
37,2739,0.0
37,16118,0.0
37,19483,0.0
37,16678,0.0
37,19036,0.0
18,11973,0.16666666666666663
18,7691,0.16666666666666663
18,12235,0.16666666666666663
18,7753,0.16666666666666663
18,12185,0.16666666666666663
18,12931,0.16666666666666663
18,14084,0.16666666666666663
18,16209,0.16666666666666663
18,16678,0.16666666666666663
18,16408,0.16666666666666663
36,8530,0.0
36,12777,0.0
36,2386,0.0
36,8046,0.0
36,755,0.0
36,2739,0.0
36,16118,0.0
36,19483,0.0
36,16678,0.0
36,19036,0.0
11,8530,0.0
11,12777,0.0
11,2386,0.0
11,8046,0.0
11,755,0.0
11,2739,0.0
11,16118,0.0
11,19483,0.0
11,16678,0.0
11,19036,0.0
31,8530,0.0
31,12777,0.0
31,2386,0.0
31,8046,0.0
31,755,0.0
31,2739,0.0
31,16118,0.0
31,19483,0.0
31,16678,0.0
31,19036,0.0
9,8530,0.0
9,12777,0.0
9,2386,0.0
9,8046,0.0
9,755,0.0
9,2739,0.0
9,16118,0.0
9,19483,0.0
9,16678,0.0
9,19036,0.0
1,8530,0.0
1,12777,0.0
1,2386,0.0
1,8046,0.0
1,755,0.0
1,2739,0.0
1,16118,0.0
1,19483,0.0
1,16678,0.0
1,19036,0.0
49,8530,0.0
49,12777,0.0
49,2386,0.0
49,8046,0.0
49,755,0.0
49,2739,0.0
49,16118,0.0
49,19483,0.0
49,16678,0.0
49,19036,0.0
