448,264,9.519549596325621
448,399,8.038064043635679
448,255,3.9439864364012416
448,78,2.648342129498872
448,16,2.626659139198786
448,22,2.518989007433676
448,89,2.0
448,77,0.4472135954999579
448,284,0.27988092706244444
448,824,0.20049160254417175
444,119,0.0
444,20,0.0
444,399,0.0
444,476,0.0
444,264,0.0
444,200,0.0
444,189,0.0
444,362,0.0
444,17,0.0
444,16,0.0
450,119,0.0
450,20,0.0
450,476,0.0
450,200,0.0
450,189,0.0
450,362,0.0
450,17,0.0
450,16,0.0
450,310,0.0
450,59,0.0
445,119,0.0
445,20,0.0
445,399,0.0
445,476,0.0
445,264,0.0
445,200,0.0
445,189,0.0
445,362,0.0
445,17,0.0
445,16,0.0
446,119,0.0
446,20,0.0
446,399,0.0
446,476,0.0
446,264,0.0
446,189,0.0
446,362,0.0
446,17,0.0
446,16,0.0
446,310,0.0
447,20,5.0133474333781916
447,200,4.639165594876739
447,22,2.849322887646471
447,94,2.7565235002052315
447,287,1.78632653582932
447,59,1.6589006526231793
447,134,1.425149034097468
447,400,1.0
447,255,0.960946638325344
447,476,0.5000000000000002
449,119,0.0
449,20,0.0
449,399,0.0
449,476,0.0
449,264,0.0
449,200,0.0
449,189,0.0
449,17,0.0
449,16,0.0
449,310,0.0
522,20,34.29013971080421
522,352,8.863202236961287
522,255,7.952669416444801
522,59,5.141811257606751
522,22,4.529700616550786
522,134,1.8217424690149322
522,89,1.6991036869001894
522,416,0.8060599359358184
522,824,0.7960841664045328
522,77,0.3952847075210474
524,310,11.152559541191888
524,399,10.286534137407449
524,79,9.36602540378444
524,119,8.152559541191888
524,287,6.983579068860482
524,352,6.294596832355866
524,20,6.286534137407449
524,362,5.555007640289052
524,255,4.98357906886048
524,94,4.849604472644919
516,94,18.581765155328434
516,310,12.032075708216915
516,16,9.433265416346
516,189,8.399816142404225
516,22,8.290823276702893
516,352,7.171991232263998
516,78,2.5571565136563597
516,362,2.390964959135737
516,59,2.219410015151508
516,89,2.161179893172738
619,79,2.126304963999546
619,78,0.8638661291156204
619,284,0.7038633068173474
619,416,0.6838215401729895
619,824,0.6118246362850557
619,134,0.5509312397226142
619,59,0.2511953919004446
619,352,0.10859193382959154
619,77,0.08192319205190406
619,17,0.0
494,400,0.9999999999999998
494,77,0.5000000000000001
494,352,0.08790091828783464
494,17,0.0
494,415,-0.11440107883060736
494,89,-0.13245323570650436
494,416,-0.4959400140039517
494,284,-0.49613893835683387
494,824,-0.7378647873726218
494,19,-0.785714285714286
655,200,10.646169627611684
655,255,7.284020060778975
655,189,7.100353685854548
655,287,6.317481427264267
655,310,5.156778514995143
655,16,5.099267590510828
655,59,4.428574122904386
655,78,4.200718043356109
655,79,3.85499537659528
655,134,1.432117204367475
466,264,15.0
466,119,12.0
466,287,10.0
466,20,9.0
466,200,7.0
466,94,7.0
466,310,7.0
466,189,6.0
466,362,6.0
466,255,4.0
523,119,12.0
523,200,10.0
523,362,10.0
523,264,10.0
523,189,8.0
523,255,6.0
523,287,5.0
523,79,5.0
523,310,5.0
523,399,4.0
620,119,22.446868676651093
620,200,21.566843952409126
620,255,10.901880811355936
620,352,8.964172068535385
620,22,5.0764016662825915
620,16,3.2735630593365697
620,134,3.123673832690825
620,89,2.9726344888522953
620,59,2.4095188871968727
620,77,0.8164965809277259
570,20,0.0
570,399,0.0
570,476,0.0
570,264,0.0
570,200,0.0
570,189,0.0
570,362,0.0
570,17,0.0
570,16,0.0
570,310,0.0
544,200,10.766126581986235
544,287,9.455001276282589
544,79,7.6593524520882355
544,352,3.3039613212045156
544,89,2.721580083735887
544,16,2.5539449002986823
544,310,2.550140349353833
544,362,1.4803025410305117
544,59,1.4575581053933906
544,22,1.0814022709992681
618,264,11.554795932048762
618,255,4.939737170177857
618,352,4.616737410451553
618,16,4.557166053662231
618,310,4.366582685997531
618,79,3.846490725013279
618,22,2.5808269925018106
618,134,1.6011801360624114
618,400,1.0000000000000002
618,189,0.9628828386928947
640,264,12.023777246243963
640,399,10.845400621046942
640,310,6.813029818629416
640,362,6.712024447855652
640,79,5.270711039746864
640,16,5.0098422415206
640,255,4.652293344285187
640,94,4.5973165809203715
640,200,4.597316580920371
640,287,4.4090693793086855
487,119,0.0
487,20,0.0
487,399,0.0
487,476,0.0
487,264,0.0
487,200,0.0
487,189,0.0
487,362,0.0
487,17,0.0
487,16,0.0
610,20,0.0
610,399,0.0
610,476,0.0
610,264,0.0
610,200,0.0
610,189,0.0
610,362,0.0
610,17,0.0
610,16,0.0
610,310,0.0
492,264,8.056758140896276
492,362,6.577437215388693
492,119,4.556758140896276
492,79,4.23790945208042
492,200,2.569455697628153
492,310,2.266500629081187
492,16,1.5323863740892556
492,78,1.5000000000000002
492,824,1.0000000000000002
492,190,0.9999999999999998
569,310,6.510024221001762
569,16,6.06969669005748
569,79,5.2582642618954125
569,119,5.201146893952091
569,255,4.904081072452749
569,352,4.516041440874644
569,362,3.537890025482164
569,20,3.4279139767274547
569,22,2.703863817800264
569,78,2.191843957435855
518,119,0.0
518,20,0.0
518,399,0.0
518,476,0.0
518,264,0.0
518,200,0.0
518,189,0.0
518,362,0.0
518,17,0.0
518,16,0.0
481,119,0.0
481,20,0.0
481,399,0.0
481,476,0.0
481,264,0.0
481,200,0.0
481,189,0.0
481,362,0.0
481,17,0.0
481,16,0.0
624,119,0.0
624,20,0.0
624,399,0.0
624,476,0.0
624,264,0.0
624,200,0.0
624,362,0.0
624,17,0.0
624,16,0.0
624,310,0.0
514,20,0.0
514,399,0.0
514,476,0.0
514,264,0.0
514,200,0.0
514,189,0.0
514,362,0.0
514,17,0.0
514,16,0.0
514,310,0.0
592,20,0.0
592,399,0.0
592,476,0.0
592,264,0.0
592,200,0.0
592,189,0.0
592,362,0.0
592,17,0.0
592,16,0.0
592,310,0.0
454,20,0.0
454,399,0.0
454,476,0.0
454,264,0.0
454,200,0.0
454,189,0.0
454,362,0.0
454,17,0.0
454,16,0.0
454,310,0.0
486,20,0.0
486,399,0.0
486,476,0.0
486,264,0.0
486,200,0.0
486,189,0.0
486,362,0.0
486,17,0.0
486,16,0.0
486,310,0.0
560,119,0.0
560,20,0.0
560,399,0.0
560,476,0.0
560,264,0.0
560,200,0.0
560,189,0.0
560,362,0.0
560,17,0.0
560,16,0.0
489,264,12.172592970602086
489,399,10.437017844784235
489,94,8.76143069892897
489,362,7.10205669829574
489,200,6.064711021767751
489,16,6.005756704246585
489,287,5.761430698928971
489,189,5.131494831365535
489,59,3.0678823008453757
489,352,2.749116638198612
477,119,0.0
477,399,0.0
477,476,0.0
477,264,0.0
477,200,0.0
477,362,0.0
477,17,0.0
477,16,0.0
477,310,0.0
477,59,0.0
612,119,0.0
612,20,0.0
612,399,0.0
612,476,0.0
612,264,0.0
612,200,0.0
612,189,0.0
612,362,0.0
612,17,0.0
612,16,0.0
451,255,10.640765289228845
451,352,7.3529736435875535
451,362,7.022630485531145
451,16,6.828451992606027
451,59,4.420081262886196
451,78,3.547673030496611
451,134,2.8241295440620293
451,22,2.2405105007769235
451,89,1.2702049127145918
451,824,0.917985092043157
639,287,1.6487315410189016
639,89,0.917662935482247
639,189,0.7310686055366546
639,399,0.2773500981126136
639,78,0.0
639,17,0.0
639,416,0.0
639,284,0.0
639,476,0.0
639,824,0.0
654,20,21.65522072014414
654,119,18.622263170796163
654,264,18.49500621820101
654,287,14.440620253300233
654,189,12.284088644099228
654,362,11.342637957310927
654,79,10.736806640508023
654,310,10.592786608582186
654,255,9.547282003591205
654,16,8.61210484462441
607,352,3.9639359034237645
607,22,3.752564170347303
607,310,2.519890432898091
607,16,1.2519412404669659
607,125,0.9999999999999998
607,190,0.9999999999999998
607,19,0.9999999999999998
607,77,0.9999999999999998
607,476,0.0
607,17,0.0
471,20,0.0
471,399,0.0
471,476,0.0
471,264,0.0
471,200,0.0
471,189,0.0
471,362,0.0
471,17,0.0
471,16,0.0
471,310,0.0
657,264,24.128736187831645
657,399,21.612771992554826
657,287,15.793540800037913
657,189,13.088659743227703
657,310,12.430090542064697
657,79,11.61883567191874
657,16,11.371625872179855
657,255,9.632814096256654
657,362,9.099734565127235
657,352,7.47062000255661
632,20,0.0
632,399,0.0
632,476,0.0
632,264,0.0
632,200,0.0
632,189,0.0
632,362,0.0
632,17,0.0
632,16,0.0
632,310,0.0
578,200,3.3956654200971483
578,22,1.6525946445094366
578,310,1.2739359917439856
578,16,1.2610975415744035
578,362,1.0956322483656422
578,416,0.9999999999999998
578,134,0.8415768810140505
578,59,0.6983055075515522
578,284,0.5773502691896258
578,476,0.5000000000000001
660,20,18.95537169324871
660,200,13.692115087174766
660,399,13.183541246018933
660,79,7.046713175712682
660,287,6.738630063495865
660,189,6.711381816455045
660,310,5.293718880972797
660,255,4.994871956330149
660,362,4.361839083112387
660,78,3.7559289460184537
519,20,0.0
519,399,0.0
519,476,0.0
519,264,0.0
519,200,0.0
519,189,0.0
519,362,0.0
519,17,0.0
519,16,0.0
519,310,0.0
588,79,7.0
588,399,4.0
588,287,4.0
588,119,3.0
588,200,2.0
588,89,2.0
588,415,1.0
588,190,1.0
588,352,1.0
588,189,1.0
605,399,0.0
605,476,0.0
605,264,0.0
605,200,0.0
605,189,0.0
605,362,0.0
605,17,0.0
605,16,0.0
605,310,0.0
605,59,0.0
540,119,0.0
540,399,0.0
540,476,0.0
540,264,0.0
540,200,0.0
540,189,0.0
540,362,0.0
540,17,0.0
540,16,0.0
540,310,0.0
653,119,0.0
653,20,0.0
653,399,0.0
653,476,0.0
653,200,0.0
653,189,0.0
653,362,0.0
653,17,0.0
653,16,0.0
653,310,0.0
535,20,0.0
535,399,0.0
535,476,0.0
535,264,0.0
535,200,0.0
535,189,0.0
535,362,0.0
535,17,0.0
535,16,0.0
535,310,0.0
484,20,0.0
484,399,0.0
484,476,0.0
484,264,0.0
484,200,0.0
484,189,0.0
484,362,0.0
484,17,0.0
484,16,0.0
484,310,0.0
566,264,22.572319013566627
566,119,20.572319013566627
566,20,16.600595188893873
566,287,14.590338507504661
566,310,13.58257569495584
566,94,11.600595188893875
566,255,9.971723824672752
566,189,9.600595188893875
566,16,7.618614682831909
566,362,7.600595188893875
591,264,20.451175966906906
591,20,15.841444321304621
591,200,14.14005804360562
591,287,12.438044138180121
591,310,10.42703915440365
591,94,9.597768296382998
591,16,8.599309404892715
591,22,7.049869858910034
591,362,4.8160868972737445
591,59,4.21677749238103
611,119,0.0
611,20,0.0
611,399,0.0
611,476,0.0
611,264,0.0
611,200,0.0
611,189,0.0
611,362,0.0
611,17,0.0
611,16,0.0
525,20,12.5463348454202
525,119,12.47105352701685
525,79,10.589247291019111
525,287,10.44415131977434
525,310,10.409858353722841
525,16,9.427807973846491
525,189,7.710843609454912
525,352,6.83457265685168
525,362,6.2581380531930835
525,255,5.818260158555374
635,415,0.9999999999999998
635,125,0.0
635,19,0.0
635,89,0.0
635,17,0.0
635,190,0.0
635,416,0.0
635,400,0.0
635,476,-0.7559289460184545
635,824,-0.9176629354822472
609,119,0.0
609,20,0.0
609,399,0.0
609,476,0.0
609,264,0.0
609,200,0.0
609,189,0.0
609,362,0.0
609,17,0.0
609,16,0.0
483,20,0.0
483,399,0.0
483,476,0.0
483,264,0.0
483,200,0.0
483,362,0.0
483,17,0.0
483,16,0.0
483,310,0.0
483,59,0.0
458,119,0.0
458,20,0.0
458,399,0.0
458,476,0.0
458,264,0.0
458,200,0.0
458,189,0.0
458,362,0.0
458,17,0.0
458,16,0.0
496,119,0.0
496,20,0.0
496,399,0.0
496,476,0.0
496,264,0.0
496,200,0.0
496,189,0.0
496,362,0.0
496,17,0.0
496,16,0.0
642,352,0.9999999999999998
642,824,0.0
642,284,0.0
642,89,0.0
642,17,0.0
642,190,0.0
642,78,0.0
642,416,0.0
642,476,0.0
642,125,0.0
526,20,0.0
526,399,0.0
526,476,0.0
526,264,0.0
526,200,0.0
526,189,0.0
526,362,0.0
526,17,0.0
526,16,0.0
526,310,0.0
459,119,0.0
459,20,0.0
459,399,0.0
459,476,0.0
459,264,0.0
459,200,0.0
459,189,0.0
459,362,0.0
459,17,0.0
459,16,0.0
616,20,0.0
616,399,0.0
616,476,0.0
616,264,0.0
616,200,0.0
616,189,0.0
616,362,0.0
616,17,0.0
616,16,0.0
616,310,0.0
641,119,0.0
641,20,0.0
641,399,0.0
641,476,0.0
641,264,0.0
641,189,0.0
641,362,0.0
641,17,0.0
641,16,0.0
641,310,0.0
478,264,20.004692551411562
478,20,18.815710314906948
478,399,17.46507526612642
478,94,14.146729842575542
478,287,13.032021975640262
478,310,12.276093029621807
478,16,9.744457262097209
478,79,9.53961728528514
478,255,9.418049143597909
478,362,7.185960919745021
493,119,0.0
493,20,0.0
493,399,0.0
493,476,0.0
493,264,0.0
493,200,0.0
493,189,0.0
493,362,0.0
493,17,0.0
493,16,0.0
553,119,0.0
553,20,0.0
553,476,0.0
553,264,0.0
553,200,0.0
553,189,0.0
553,362,0.0
553,17,0.0
553,16,0.0
553,310,0.0
601,119,0.0
601,20,0.0
601,399,0.0
601,476,0.0
601,264,0.0
601,200,0.0
601,189,0.0
601,362,0.0
601,17,0.0
601,16,0.0
583,119,0.0
583,399,0.0
583,476,0.0
583,264,0.0
583,200,0.0
583,189,0.0
583,362,0.0
583,17,0.0
583,16,0.0
583,310,0.0
617,264,16.788115015411787
617,20,16.74180900507709
617,94,16.19336596500818
617,79,8.060149763093516
617,189,6.671126852503088
617,310,6.4687936628184985
617,255,6.328250308103813
617,362,5.1827698822635995
617,352,5.133995897212414
617,78,3.238951316942563
576,119,0.0
576,20,0.0
576,476,0.0
576,264,0.0
576,200,0.0
576,189,0.0
576,362,0.0
576,17,0.0
576,16,0.0
576,310,0.0
464,119,0.0
464,20,0.0
464,476,0.0
464,264,0.0
464,200,0.0
464,189,0.0
464,362,0.0
464,17,0.0
464,16,0.0
464,310,0.0
474,20,9.607942034952107
474,264,8.29692427145672
474,287,6.79692427145672
474,200,5.722649901887386
474,16,4.722649901887386
474,79,3.1889822365046134
474,310,2.85201308893365
474,255,2.35201308893365
474,362,1.9145667896705678
474,59,1.6933752452815365
662,119,0.0
662,20,0.0
662,399,0.0
662,476,0.0
662,264,0.0
662,200,0.0
662,189,0.0
662,362,0.0
662,17,0.0
662,16,0.0
627,119,0.0
627,20,0.0
627,399,0.0
627,476,0.0
627,264,0.0
627,200,0.0
627,189,0.0
627,362,0.0
627,17,0.0
627,16,0.0
561,119,0.0
561,20,0.0
561,476,0.0
561,264,0.0
561,200,0.0
561,189,0.0
561,362,0.0
561,17,0.0
561,16,0.0
561,310,0.0
557,119,0.0
557,20,0.0
557,399,0.0
557,476,0.0
557,264,0.0
557,200,0.0
557,189,0.0
557,362,0.0
557,17,0.0
557,16,0.0
634,20,0.0
634,399,0.0
634,476,0.0
634,264,0.0
634,200,0.0
634,189,0.0
634,362,0.0
634,17,0.0
634,16,0.0
634,310,0.0
606,20,0.0
606,399,0.0
606,476,0.0
606,264,0.0
606,200,0.0
606,189,0.0
606,362,0.0
606,17,0.0
606,16,0.0
606,310,0.0
638,20,0.0
638,399,0.0
638,476,0.0
638,264,0.0
638,200,0.0
638,189,0.0
638,362,0.0
638,17,0.0
638,16,0.0
638,310,0.0
565,119,0.0
565,20,0.0
565,399,0.0
565,476,0.0
565,264,0.0
565,200,0.0
565,189,0.0
565,362,0.0
565,17,0.0
565,16,0.0
633,119,0.0
633,399,0.0
633,476,0.0
633,264,0.0
633,200,0.0
633,189,0.0
633,362,0.0
633,17,0.0
633,16,0.0
633,310,0.0
556,264,12.0
556,20,8.0
556,200,8.0
556,399,8.0
556,119,8.0
556,94,8.0
556,310,5.0
556,352,5.0
556,255,4.0
556,189,4.0
452,119,0.0
452,20,0.0
452,399,0.0
452,476,0.0
452,264,0.0
452,189,0.0
452,362,0.0
452,17,0.0
452,16,0.0
452,310,0.0
650,119,8.58538032515656
650,200,7.233673883719003
650,264,6.7563216803570185
650,287,6.34799882130606
650,134,3.17268486288723
650,22,2.2970493186982104
650,59,2.018173506254256
650,79,1.5606973200275027
650,89,1.4234433398029445
650,310,1.1824812734016117
550,264,8.0
550,20,8.0
550,200,7.0
550,287,6.0
550,16,6.0
550,94,5.0
550,310,3.0
550,79,3.0
550,59,1.9999999999999998
550,22,1.9999999999999991
651,20,32.52897282765563
651,200,18.894654323021697
651,255,9.051849813868968
651,352,7.856649348317361
651,310,6.807093385743182
651,16,5.57526938657963
651,362,5.19313730044067
651,189,4.605544576960685
651,89,4.230282455514118
651,59,3.234654895453289
521,119,0.0
521,20,0.0
521,399,0.0
521,476,0.0
521,264,0.0
521,200,0.0
521,362,0.0
521,17,0.0
521,16,0.0
521,310,0.0
482,119,0.0
482,399,0.0
482,476,0.0
482,264,0.0
482,200,0.0
482,189,0.0
482,362,0.0
482,17,0.0
482,16,0.0
482,310,0.0
479,119,0.0
479,20,0.0
479,476,0.0
479,264,0.0
479,200,0.0
479,189,0.0
479,362,0.0
479,17,0.0
479,16,0.0
479,310,0.0
546,119,0.0
546,20,0.0
546,399,0.0
546,476,0.0
546,264,0.0
546,200,0.0
546,189,0.0
546,362,0.0
546,17,0.0
546,16,0.0
539,119,0.0
539,20,0.0
539,399,0.0
539,476,0.0
539,264,0.0
539,200,0.0
539,189,0.0
539,362,0.0
539,17,0.0
539,16,0.0
548,119,0.0
548,20,0.0
548,399,0.0
548,476,0.0
548,264,0.0
548,200,0.0
548,362,0.0
548,17,0.0
548,16,0.0
548,310,0.0
603,20,19.976039857182485
603,264,17.807468838476012
603,287,13.286262808623922
603,189,11.918260166033338
603,310,11.546056329413076
603,79,11.037859299090913
603,255,9.342760324924589
603,16,8.698034807672895
603,362,7.257504334967804
603,352,6.436908933959189
554,119,0.0
554,20,0.0
554,476,0.0
554,264,0.0
554,200,0.0
554,189,0.0
554,362,0.0
554,17,0.0
554,16,0.0
554,310,0.0
513,20,0.0
513,399,0.0
513,476,0.0
513,264,0.0
513,200,0.0
513,189,0.0
513,362,0.0
513,17,0.0
513,16,0.0
513,310,0.0
552,119,0.0
552,20,0.0
552,399,0.0
552,476,0.0
552,264,0.0
552,200,0.0
552,362,0.0
552,17,0.0
552,16,0.0
552,310,0.0
500,264,13.0
500,399,13.0
500,200,10.0
500,20,9.0
500,310,8.0
500,287,8.0
500,94,6.0
500,22,6.0
500,255,6.0
500,362,5.0
648,119,0.0
648,20,0.0
648,399,0.0
648,476,0.0
648,264,0.0
648,200,0.0
648,189,0.0
648,362,0.0
648,17,0.0
648,16,0.0
520,119,0.0
520,20,0.0
520,399,0.0
520,476,0.0
520,264,0.0
520,200,0.0
520,189,0.0
520,362,0.0
520,17,0.0
520,16,0.0
555,119,0.0
555,20,0.0
555,399,0.0
555,476,0.0
555,264,0.0
555,200,0.0
555,189,0.0
555,362,0.0
555,17,0.0
555,16,0.0
460,119,0.0
460,20,0.0
460,476,0.0
460,264,0.0
460,200,0.0
460,189,0.0
460,362,0.0
460,17,0.0
460,16,0.0
460,310,0.0
506,119,0.0
506,20,0.0
506,399,0.0
506,476,0.0
506,264,0.0
506,200,0.0
506,362,0.0
506,17,0.0
506,16,0.0
506,310,0.0
649,119,0.0
649,20,0.0
649,399,0.0
649,476,0.0
649,264,0.0
649,200,0.0
649,189,0.0
649,362,0.0
649,17,0.0
649,16,0.0
602,119,0.0
602,20,0.0
602,399,0.0
602,476,0.0
602,200,0.0
602,189,0.0
602,362,0.0
602,17,0.0
602,16,0.0
602,310,0.0
533,119,0.0
533,20,0.0
533,399,0.0
533,476,0.0
533,264,0.0
533,200,0.0
533,189,0.0
533,362,0.0
533,17,0.0
533,16,0.0
491,119,0.0
491,20,0.0
491,399,0.0
491,476,0.0
491,264,0.0
491,200,0.0
491,189,0.0
491,362,0.0
491,17,0.0
491,16,0.0
621,79,6.1851935184635
621,89,2.1059868537712125
621,352,1.0088009474898212
621,125,0.4350284129166655
621,19,0.4350284129166655
621,190,0.4350284129166655
621,416,0.2812992271871206
621,17,0.0
621,476,-0.09300324093471209
621,400,-0.1147078669352809
498,119,0.0
498,20,0.0
498,399,0.0
498,476,0.0
498,264,0.0
498,200,0.0
498,189,0.0
498,362,0.0
498,17,0.0
498,16,0.0
590,119,9.713300622898945
590,362,7.148684432439948
590,200,5.921722648147236
590,255,5.6388699772513124
590,310,5.271848479207382
590,189,5.268277386263756
590,78,3.802955068546966
590,16,2.5489977276253946
590,134,2.242406637887724
590,399,1.3630163170588236
574,119,0.0
574,20,0.0
574,399,0.0
574,476,0.0
574,200,0.0
574,189,0.0
574,362,0.0
574,17,0.0
574,16,0.0
574,310,0.0
575,20,0.0
575,399,0.0
575,476,0.0
575,264,0.0
575,200,0.0
575,189,0.0
575,362,0.0
575,17,0.0
575,16,0.0
575,310,0.0
453,119,0.0
453,20,0.0
453,399,0.0
453,476,0.0
453,264,0.0
453,200,0.0
453,189,0.0
453,362,0.0
453,17,0.0
453,16,0.0
564,119,0.0
564,20,0.0
564,399,0.0
564,476,0.0
564,264,0.0
564,200,0.0
564,189,0.0
564,362,0.0
564,17,0.0
564,16,0.0
562,119,0.0
562,20,0.0
562,399,0.0
562,476,0.0
562,264,0.0
562,200,0.0
562,189,0.0
562,362,0.0
562,17,0.0
562,16,0.0
643,119,12.0
643,200,10.0
643,362,10.0
643,264,10.0
643,189,8.0
643,255,5.999999999999999
643,310,4.999999999999999
643,79,4.999999999999999
643,287,4.999999999999999
643,399,3.999999999999999
501,264,25.52191650531937
501,119,20.46613572083223
501,200,17.620789391540207
501,287,12.867262834611397
501,362,12.602997577983517
501,399,12.403301822487467
501,189,9.385282328549431
501,255,9.374543628850361
501,310,8.039935999257409
501,352,7.618614682831909
571,119,0.0
571,20,0.0
571,399,0.0
571,476,0.0
571,264,0.0
571,200,0.0
571,189,0.0
571,362,0.0
571,17,0.0
571,16,0.0
508,119,0.0
508,20,0.0
508,399,0.0
508,476,0.0
508,264,0.0
508,200,0.0
508,189,0.0
508,362,0.0
508,17,0.0
508,16,0.0
656,119,0.0
656,20,0.0
656,399,0.0
656,476,0.0
656,264,0.0
656,200,0.0
656,189,0.0
656,362,0.0
656,17,0.0
656,16,0.0
499,119,0.0
499,399,0.0
499,476,0.0
499,264,0.0
499,200,0.0
499,189,0.0
499,362,0.0
499,17,0.0
499,16,0.0
499,310,0.0
637,119,0.0
637,399,0.0
637,476,0.0
637,264,0.0
637,200,0.0
637,189,0.0
637,362,0.0
637,17,0.0
637,16,0.0
637,310,0.0
586,352,6.452464232625715
586,287,4.326366358376962
586,310,4.280550912701038
586,399,2.152223452999614
586,255,2.089241326485018
586,134,1.7209469667576334
586,89,1.5598443312084231
586,362,1.5225875992159033
586,415,0.8660254037844387
586,16,0.8543417000637561
527,119,0.0
527,20,0.0
527,399,0.0
527,476,0.0
527,264,0.0
527,200,0.0
527,189,0.0
527,362,0.0
527,17,0.0
527,16,0.0
626,119,0.0
626,399,0.0
626,476,0.0
626,264,0.0
626,200,0.0
626,189,0.0
626,362,0.0
626,17,0.0
626,16,0.0
626,310,0.0
551,119,0.0
551,20,0.0
551,399,0.0
551,476,0.0
551,264,0.0
551,200,0.0
551,189,0.0
551,362,0.0
551,17,0.0
551,16,0.0
502,119,0.0
502,20,0.0
502,399,0.0
502,476,0.0
502,264,0.0
502,200,0.0
502,189,0.0
502,362,0.0
502,17,0.0
502,16,0.0
582,119,0.0
582,20,0.0
582,399,0.0
582,476,0.0
582,264,0.0
582,200,0.0
582,189,0.0
582,362,0.0
582,17,0.0
582,16,0.0
511,119,0.0
511,399,0.0
511,476,0.0
511,264,0.0
511,200,0.0
511,189,0.0
511,362,0.0
511,17,0.0
511,16,0.0
511,310,0.0
573,119,0.0
573,20,0.0
573,399,0.0
573,476,0.0
573,200,0.0
573,189,0.0
573,362,0.0
573,17,0.0
573,16,0.0
573,310,0.0
462,119,0.0
462,20,0.0
462,399,0.0
462,476,0.0
462,264,0.0
462,200,0.0
462,189,0.0
462,362,0.0
462,17,0.0
462,16,0.0
604,119,0.0
604,399,0.0
604,476,0.0
604,264,0.0
604,200,0.0
604,189,0.0
604,362,0.0
604,17,0.0
604,16,0.0
604,310,0.0
473,119,0.0
473,20,0.0
473,399,0.0
473,476,0.0
473,264,0.0
473,200,0.0
473,189,0.0
473,362,0.0
473,17,0.0
473,16,0.0
488,119,0.0
488,399,0.0
488,476,0.0
488,264,0.0
488,200,0.0
488,189,0.0
488,362,0.0
488,17,0.0
488,16,0.0
488,310,0.0
558,399,15.35457113242985
558,287,13.603875243769922
558,119,8.917092948322242
558,352,8.268076540311961
558,200,7.417769196588562
558,22,5.467435572554021
558,89,4.889822365046135
558,310,3.2560293013091197
558,255,1.4795078516760742
558,189,1.2580784000976084
613,119,0.0
613,20,0.0
613,399,0.0
613,476,0.0
613,264,0.0
613,200,0.0
613,189,0.0
613,362,0.0
613,17,0.0
613,16,0.0
547,20,0.0
547,476,0.0
547,264,0.0
547,200,0.0
547,189,0.0
547,362,0.0
547,17,0.0
547,16,0.0
547,310,0.0
547,59,0.0
505,119,0.0
505,20,0.0
505,399,0.0
505,476,0.0
505,264,0.0
505,189,0.0
505,362,0.0
505,17,0.0
505,16,0.0
505,310,0.0
595,119,0.0
595,20,0.0
595,399,0.0
595,476,0.0
595,264,0.0
595,200,0.0
595,189,0.0
595,362,0.0
595,17,0.0
595,16,0.0
658,20,0.0
658,399,0.0
658,476,0.0
658,264,0.0
658,200,0.0
658,189,0.0
658,362,0.0
658,17,0.0
658,16,0.0
658,310,0.0
646,119,0.0
646,20,0.0
646,399,0.0
646,476,0.0
646,264,0.0
646,200,0.0
646,189,0.0
646,362,0.0
646,17,0.0
646,16,0.0
497,119,0.0
497,20,0.0
497,399,0.0
497,476,0.0
497,264,0.0
497,200,0.0
497,189,0.0
497,362,0.0
497,17,0.0
497,16,0.0
596,119,0.0
596,20,0.0
596,399,0.0
596,476,0.0
596,264,0.0
596,200,0.0
596,189,0.0
596,362,0.0
596,17,0.0
596,16,0.0
628,79,7.0
628,287,3.9999999999999982
628,399,3.9999999999999982
628,119,3.0
628,200,2.0
628,89,1.9999999999999996
628,824,0.9999999999999998
628,190,0.9999999999999998
628,415,0.9999999999999998
628,125,0.9999999999999998
630,119,0.0
630,20,0.0
630,399,0.0
630,476,0.0
630,200,0.0
630,189,0.0
630,362,0.0
630,17,0.0
630,16,0.0
630,310,0.0
455,119,0.0
455,20,0.0
455,399,0.0
455,476,0.0
455,264,0.0
455,200,0.0
455,189,0.0
455,362,0.0
455,17,0.0
455,16,0.0
622,189,6.0
622,94,6.0
622,20,5.0
622,255,5.0
622,310,4.0
622,287,4.0
622,264,4.0
622,200,3.0
622,119,2.0
622,78,1.9999999999999998
580,119,0.0
580,20,0.0
580,399,0.0
580,476,0.0
580,264,0.0
580,200,0.0
580,189,0.0
580,362,0.0
580,17,0.0
580,16,0.0
530,119,0.0
530,20,0.0
530,399,0.0
530,476,0.0
530,264,0.0
530,200,0.0
530,189,0.0
530,362,0.0
530,17,0.0
530,16,0.0
532,20,0.0
532,399,0.0
532,476,0.0
532,264,0.0
532,200,0.0
532,189,0.0
532,362,0.0
532,17,0.0
532,16,0.0
532,310,0.0
503,119,0.0
503,20,0.0
503,399,0.0
503,476,0.0
503,264,0.0
503,189,0.0
503,362,0.0
503,17,0.0
503,16,0.0
503,310,0.0
652,20,0.0
652,399,0.0
652,476,0.0
652,264,0.0
652,200,0.0
652,189,0.0
652,362,0.0
652,17,0.0
652,16,0.0
652,310,0.0
456,119,0.0
456,20,0.0
456,399,0.0
456,476,0.0
456,264,0.0
456,189,0.0
456,362,0.0
456,17,0.0
456,16,0.0
456,310,0.0
457,119,0.0
457,399,0.0
457,476,0.0
457,264,0.0
457,200,0.0
457,189,0.0
457,362,0.0
457,17,0.0
457,16,0.0
457,310,0.0
468,119,0.0
468,20,0.0
468,399,0.0
468,476,0.0
468,264,0.0
468,200,0.0
468,189,0.0
468,362,0.0
468,17,0.0
468,16,0.0
647,119,0.0
647,20,0.0
647,476,0.0
647,264,0.0
647,200,0.0
647,189,0.0
647,362,0.0
647,17,0.0
647,16,0.0
647,310,0.0
490,119,0.0
490,20,0.0
490,399,0.0
490,476,0.0
490,264,0.0
490,200,0.0
490,189,0.0
490,362,0.0
490,17,0.0
490,16,0.0
559,264,12.0
559,287,10.0
559,20,10.0
559,200,8.0
559,119,8.0
559,310,8.0
559,399,7.0
559,362,6.0
559,189,6.0
559,255,5.0
536,119,0.0
536,20,0.0
536,399,0.0
536,476,0.0
536,264,0.0
536,200,0.0
536,189,0.0
536,362,0.0
536,17,0.0
536,16,0.0
470,119,0.0
470,20,0.0
470,399,0.0
470,476,0.0
470,264,0.0
470,200,0.0
470,189,0.0
470,362,0.0
470,17,0.0
470,16,0.0
615,119,0.0
615,20,0.0
615,399,0.0
615,476,0.0
615,264,0.0
615,200,0.0
615,189,0.0
615,362,0.0
615,17,0.0
615,16,0.0
531,264,14.0
531,200,7.0
531,399,7.0
531,287,6.0
531,119,6.0
531,352,6.0
531,94,5.0
531,310,3.0
531,78,2.0
531,362,2.0
563,119,0.0
563,399,0.0
563,476,0.0
563,264,0.0
563,200,0.0
563,189,0.0
563,362,0.0
563,17,0.0
563,16,0.0
563,310,0.0
480,119,0.0
480,399,0.0
480,476,0.0
480,264,0.0
480,200,0.0
480,189,0.0
480,362,0.0
480,17,0.0
480,16,0.0
480,310,0.0
636,119,0.0
636,20,0.0
636,476,0.0
636,264,0.0
636,200,0.0
636,189,0.0
636,362,0.0
636,17,0.0
636,16,0.0
636,310,0.0
467,119,0.0
467,20,0.0
467,399,0.0
467,476,0.0
467,264,0.0
467,200,0.0
467,189,0.0
467,362,0.0
467,17,0.0
467,16,0.0
567,119,0.0
567,20,0.0
567,399,0.0
567,476,0.0
567,264,0.0
567,200,0.0
567,189,0.0
567,362,0.0
567,17,0.0
567,16,0.0
537,119,0.0
537,20,0.0
537,399,0.0
537,476,0.0
537,264,0.0
537,200,0.0
537,189,0.0
537,362,0.0
537,17,0.0
537,16,0.0
543,119,0.0
543,20,0.0
543,399,0.0
543,476,0.0
543,264,0.0
543,200,0.0
543,189,0.0
543,362,0.0
543,17,0.0
543,16,0.0
666,264,15.802199261986814
666,119,13.533575715874356
666,79,9.742890592685313
666,94,5.599617411554236
666,287,4.088668205878289
666,78,2.376012859063463
666,134,1.5224745712698815
666,824,0.8834522085987724
666,284,0.8060599359358184
666,190,0.6546536707079771
670,119,0.0
670,20,0.0
670,399,0.0
670,476,0.0
670,264,0.0
670,200,0.0
670,189,0.0
670,362,0.0
670,17,0.0
670,16,0.0
674,400,0.9999999999999998
674,415,0.6546536707079771
674,22,0.5373239973339747
674,89,0.0
674,77,0.0
674,17,0.0
674,287,-0.8493804809428798
674,824,-0.9819805060619657
674,19,-0.9999999999999998
674,284,-0.9999999999999998
663,78,0.6077611258918759
663,476,0.20628424925175867
663,16,0.10228645583489682
663,59,0.08893929976713544
663,17,0.0
663,400,0.0
663,284,-0.06939315030888374
663,77,-0.07142857142857148
663,416,-0.6123724356957946
663,19,-0.6546536707079772
673,264,13.0
673,399,13.0
673,200,10.0
673,20,9.0
673,310,8.0
673,287,8.0
673,94,6.0
673,22,6.0
673,255,6.0
673,362,5.0
669,119,0.0
669,20,0.0
669,476,0.0
669,264,0.0
669,200,0.0
669,189,0.0
669,362,0.0
669,17,0.0
669,16,0.0
669,310,0.0
672,119,5.7830375807070595
672,399,4.942484756783303
672,362,4.372589713969079
672,16,3.6706761345315826
672,200,3.4894841528880693
672,78,2.3720838324685998
672,94,2.3711506912338765
672,59,1.8643816760563894
672,284,1.0000000000000002
672,77,1.0000000000000002
667,20,0.0
667,399,0.0
667,476,0.0
667,264,0.0
667,200,0.0
667,189,0.0
667,362,0.0
667,17,0.0
667,16,0.0
667,310,0.0
675,119,0.0
675,20,0.0
675,399,0.0
675,476,0.0
675,264,0.0
675,200,0.0
675,189,0.0
675,362,0.0
675,17,0.0
675,16,0.0
668,119,0.0
668,20,0.0
668,399,0.0
668,476,0.0
668,264,0.0
668,200,0.0
668,189,0.0
668,362,0.0
668,17,0.0
668,16,0.0
439,119,0.0
439,399,0.0
439,476,0.0
439,264,0.0
439,200,0.0
439,189,0.0
439,362,0.0
439,17,0.0
439,16,0.0
439,310,0.0
426,20,0.0
426,399,0.0
426,476,0.0
426,264,0.0
426,200,0.0
426,189,0.0
426,362,0.0
426,17,0.0
426,16,0.0
426,310,0.0
424,119,0.0
424,20,0.0
424,399,0.0
424,476,0.0
424,264,0.0
424,200,0.0
424,189,0.0
424,362,0.0
424,17,0.0
424,16,0.0
435,119,0.0
435,20,0.0
435,399,0.0
435,476,0.0
435,264,0.0
435,200,0.0
435,189,0.0
435,362,0.0
435,17,0.0
435,16,0.0
433,119,0.0
433,20,0.0
433,399,0.0
433,476,0.0
433,264,0.0
433,200,0.0
433,189,0.0
433,362,0.0
433,17,0.0
433,16,0.0
432,119,0.0
432,20,0.0
432,399,0.0
432,476,0.0
432,264,0.0
432,200,0.0
432,189,0.0
432,362,0.0
432,17,0.0
432,16,0.0
443,119,0.0
443,20,0.0
443,399,0.0
443,476,0.0
443,264,0.0
443,200,0.0
443,189,0.0
443,362,0.0
443,17,0.0
443,16,0.0
440,119,0.0
440,20,0.0
440,399,0.0
440,476,0.0
440,264,0.0
440,200,0.0
440,189,0.0
440,362,0.0
440,17,0.0
440,16,0.0
415,264,11.988781578458976
415,399,10.680340215027938
415,362,7.1226749974866586
415,310,7.113393505514098
415,94,5.311657233991273
415,200,5.311657233991271
415,16,5.2412475189342835
415,79,4.955401767952258
415,255,4.495809158345018
415,287,4.440720340868087
429,119,0.0
429,20,0.0
429,399,0.0
429,476,0.0
429,264,0.0
429,200,0.0
429,189,0.0
429,362,0.0
429,17,0.0
429,16,0.0
420,399,6.081266845114673
420,16,2.876611562988325
420,78,2.178898026881097
420,134,1.9394356048699177
420,416,0.6546536707079771
420,824,0.6049845093200366
420,77,0.5477225575051661
420,59,0.5220246119097974
420,310,0.49316072610014317
420,415,0.4350284129166655
411,89,3.5117514612682514
411,352,3.4064036873254184
411,79,2.1371898540932985
411,78,1.1439926885964273
411,400,0.9999999999999998
411,22,0.7194301635005081
411,476,0.5591614245528838
411,77,0.5000000000000001
411,134,0.3796606287272164
411,255,0.3541979900340032
430,119,0.0
430,20,0.0
430,399,0.0
430,476,0.0
430,264,0.0
430,200,0.0
430,362,0.0
430,17,0.0
430,16,0.0
430,310,0.0
422,399,7.453882058675905
422,189,7.379992785057742
422,94,6.972000951934284
422,310,3.5665449364397013
422,16,3.40860694077611
422,200,3.1902742302454286
422,362,2.7356036495994767
422,78,2.2858863871599064
422,255,1.2501252709239585
422,284,1.0
436,119,0.0
436,20,0.0
436,399,0.0
436,476,0.0
436,264,0.0
436,200,0.0
436,189,0.0
436,362,0.0
436,17,0.0
436,16,0.0
417,119,0.0
417,20,0.0
417,399,0.0
417,476,0.0
417,264,0.0
417,200,0.0
417,189,0.0
417,362,0.0
417,17,0.0
417,16,0.0
438,119,0.0
438,20,0.0
438,399,0.0
438,476,0.0
438,264,0.0
438,200,0.0
438,189,0.0
438,362,0.0
438,17,0.0
438,16,0.0
442,119,0.0
442,399,0.0
442,476,0.0
442,264,0.0
442,200,0.0
442,189,0.0
442,362,0.0
442,17,0.0
442,16,0.0
442,310,0.0
431,119,0.0
431,399,0.0
431,476,0.0
431,264,0.0
431,200,0.0
431,189,0.0
431,362,0.0
431,17,0.0
431,16,0.0
431,310,0.0
419,119,0.0
419,20,0.0
419,399,0.0
419,476,0.0
419,264,0.0
419,200,0.0
419,189,0.0
419,362,0.0
419,17,0.0
419,16,0.0
441,399,9.9153230905552
441,287,6.686150577984609
441,79,6.326777638629512
441,119,4.11038268601526
441,94,3.704170071922645
441,255,3.5036325427841657
441,200,2.788027337970936
441,189,2.3559454476323305
441,352,2.219975763170293
441,89,2.0
414,119,0.0
414,20,0.0
414,399,0.0
414,476,0.0
414,264,0.0
414,200,0.0
414,362,0.0
414,17,0.0
414,16,0.0
414,310,0.0
410,119,0.0
410,20,0.0
410,399,0.0
410,476,0.0
410,264,0.0
410,200,0.0
410,189,0.0
410,362,0.0
410,17,0.0
410,16,0.0
423,119,0.0
423,20,0.0
423,399,0.0
423,476,0.0
423,264,0.0
423,200,0.0
423,189,0.0
423,362,0.0
423,17,0.0
423,16,0.0
418,119,0.0
418,20,0.0
418,399,0.0
418,476,0.0
418,264,0.0
418,189,0.0
418,362,0.0
418,17,0.0
418,16,0.0
418,310,0.0
412,119,0.0
412,20,0.0
412,399,0.0
412,476,0.0
412,200,0.0
412,189,0.0
412,362,0.0
412,17,0.0
412,16,0.0
412,310,0.0
428,119,0.0
428,20,0.0
428,399,0.0
428,476,0.0
428,200,0.0
428,189,0.0
428,362,0.0
428,17,0.0
428,16,0.0
428,310,0.0
437,119,0.0
437,20,0.0
437,399,0.0
437,476,0.0
437,264,0.0
437,200,0.0
437,189,0.0
437,362,0.0
437,17,0.0
437,16,0.0
434,20,0.0
434,399,0.0
434,476,0.0
434,264,0.0
434,200,0.0
434,189,0.0
434,362,0.0
434,17,0.0
434,16,0.0
434,310,0.0
413,119,0.0
413,20,0.0
413,399,0.0
413,476,0.0
413,200,0.0
413,189,0.0
413,362,0.0
413,17,0.0
413,16,0.0
413,310,0.0
44,79,7.101230291480771
44,362,2.78499839409558
44,89,1.6342803006512696
44,78,1.1226409213693314
44,400,1.0000000000000002
44,284,0.46879058265883544
44,416,0.3393515852015294
44,77,0.2545196757423025
44,190,0.1569078098447415
44,125,0.1569078098447415
57,287,11.749988112192675
57,79,10.439979413790475
57,255,8.072926312660266
57,362,6.772040205441421
57,310,6.709682424147821
57,16,4.69063488621712
57,352,4.636916988603087
57,59,4.273377249054305
57,78,2.3433623412422184
57,134,1.7996358893513946
38,399,17.286963122733916
38,287,8.84135841878609
38,310,7.8660795222182
38,255,7.211667673305774
38,16,7.173462977276438
38,79,5.337134180703416
38,78,3.1189070587869834
38,59,2.7762438414474273
38,352,2.4254382489993174
38,134,1.7110438517726836
45,20,27.499304600557156
45,94,16.844522130329477
45,189,7.676383522911399
45,352,7.125128036416303
45,16,6.784782493225301
45,310,6.239895033865027
45,362,5.825072841239788
45,89,4.81862761539304
45,59,3.2916971981002887
45,78,2.8614827591175094
28,119,0.0
28,399,0.0
28,476,0.0
28,264,0.0
28,200,0.0
28,189,0.0
28,362,0.0
28,17,0.0
28,16,0.0
28,310,0.0
61,399,13.960108221722049
61,189,6.487685679161438
61,78,2.850041529616033
61,134,1.9429986593435733
61,89,1.230147955604918
61,284,0.42282539855313167
61,77,0.3579145664532706
61,19,0.3009422553299009
61,190,0.3009422553299009
61,125,0.3009422553299009
36,119,11.30654091107645
36,200,10.062469857094905
36,264,8.80654091107645
36,362,7.495523147581065
36,189,6.306540911076451
36,255,4.806540911076451
36,79,4.751452093599519
36,310,3.3065409110764508
36,287,3.3065409110764508
36,16,2.8110177634953857
54,119,0.0
54,399,0.0
54,476,0.0
54,264,0.0
54,200,0.0
54,189,0.0
54,362,0.0
54,17,0.0
54,16,0.0
54,310,0.0
47,20,0.0
47,399,0.0
47,476,0.0
47,264,0.0
47,200,0.0
47,189,0.0
47,362,0.0
47,17,0.0
47,16,0.0
47,310,0.0
29,119,0.0
29,20,0.0
29,399,0.0
29,476,0.0
29,264,0.0
29,200,0.0
29,189,0.0
29,362,0.0
29,17,0.0
29,16,0.0
26,119,0.0
26,20,0.0
26,399,0.0
26,476,0.0
26,264,0.0
26,200,0.0
26,189,0.0
26,362,0.0
26,17,0.0
26,16,0.0
33,79,9.356577169638065
33,189,6.096661098877359
33,94,4.958304307688358
33,352,4.125827993383098
33,59,3.2733259854021552
33,362,3.134629234446158
33,16,2.5458801213257183
33,310,1.9820584759898985
33,255,1.4015877710850697
33,134,1.26794033308579
46,824,0.9999999999999998
46,89,0.0
46,476,0.0
46,416,0.0
46,17,0.0
46,415,0.0
46,400,0.0
46,125,-0.9999999999999998
46,134,-0.9999999999999998
46,190,-0.9999999999999998
21,200,11.544031495448856
21,352,7.550577246249042
21,287,7.2877689687786535
21,310,6.557422398353877
21,78,2.9953889511759053
21,94,2.557120585737925
21,362,2.2842234383109403
21,89,1.8918023107180697
21,22,1.3993101639994678
21,284,0.780987800703446
48,119,0.0
48,20,0.0
48,476,0.0
48,264,0.0
48,200,0.0
48,189,0.0
48,362,0.0
48,17,0.0
48,16,0.0
48,310,0.0
7,20,0.0
7,399,0.0
7,476,0.0
7,264,0.0
7,200,0.0
7,189,0.0
7,362,0.0
7,17,0.0
7,16,0.0
7,310,0.0
53,119,0.0
53,20,0.0
53,399,0.0
53,476,0.0
53,264,0.0
53,189,0.0
53,362,0.0
53,17,0.0
53,16,0.0
53,310,0.0
8,119,0.0
8,399,0.0
8,476,0.0
8,264,0.0
8,200,0.0
8,189,0.0
8,362,0.0
8,17,0.0
8,16,0.0
8,310,0.0
25,119,0.0
25,399,0.0
25,476,0.0
25,264,0.0
25,200,0.0
25,189,0.0
25,362,0.0
25,17,0.0
25,16,0.0
25,310,0.0
35,16,4.063825848277299
35,78,3.910564753556887
35,59,3.6743723366480814
35,89,0.7215270813902482
35,824,0.6829670358530852
35,476,0.6723407098598252
35,284,0.6388813270317226
35,416,0.4439059237448881
35,77,0.28284271247461906
35,415,0.11015684057086961
19,20,0.0
19,399,0.0
19,476,0.0
19,264,0.0
19,200,0.0
19,189,0.0
19,362,0.0
19,17,0.0
19,16,0.0
19,310,0.0
69,119,0.0
69,20,0.0
69,399,0.0
69,476,0.0
69,200,0.0
69,189,0.0
69,362,0.0
69,17,0.0
69,16,0.0
69,310,0.0
20,352,1.1339745962155612
20,190,1.0
20,125,1.0
20,19,1.0
20,415,0.5000000000000001
20,89,2.220446049250313E-16
20,824,0.0
20,284,0.0
20,17,0.0
20,416,0.0
23,119,0.0
23,20,0.0
23,476,0.0
23,264,0.0
23,200,0.0
23,189,0.0
23,362,0.0
23,17,0.0
23,16,0.0
23,310,0.0
56,119,0.0
56,20,0.0
56,476,0.0
56,264,0.0
56,200,0.0
56,189,0.0
56,362,0.0
56,17,0.0
56,16,0.0
56,310,0.0
14,119,0.0
14,399,0.0
14,476,0.0
14,264,0.0
14,200,0.0
14,189,0.0
14,362,0.0
14,17,0.0
14,16,0.0
14,310,0.0
37,119,0.0
37,20,0.0
37,399,0.0
37,476,0.0
37,200,0.0
37,189,0.0
37,362,0.0
37,17,0.0
37,16,0.0
37,310,0.0
34,119,0.0
34,20,0.0
34,399,0.0
34,476,0.0
34,264,0.0
34,200,0.0
34,189,0.0
34,362,0.0
34,17,0.0
34,16,0.0
58,119,0.0
58,399,0.0
58,476,0.0
58,264,0.0
58,200,0.0
58,189,0.0
58,362,0.0
58,17,0.0
58,16,0.0
58,310,0.0
4,20,8.0
4,119,6.0
4,79,5.0
4,94,4.0
4,287,4.0
4,189,4.0
4,310,3.0
4,200,3.0
4,78,2.9999999999999996
4,362,2.999999999999999
24,119,0.0
24,20,0.0
24,399,0.0
24,476,0.0
24,200,0.0
24,189,0.0
24,362,0.0
24,17,0.0
24,16,0.0
24,310,0.0
70,119,0.0
70,20,0.0
70,399,0.0
70,476,0.0
70,264,0.0
70,200,0.0
70,189,0.0
70,362,0.0
70,17,0.0
70,16,0.0
40,119,0.0
40,20,0.0
40,399,0.0
40,476,0.0
40,264,0.0
40,200,0.0
40,189,0.0
40,362,0.0
40,17,0.0
40,16,0.0
6,119,0.0
6,20,0.0
6,399,0.0
6,476,0.0
6,200,0.0
6,189,0.0
6,362,0.0
6,17,0.0
6,16,0.0
6,310,0.0
39,119,0.0
39,20,0.0
39,476,0.0
39,264,0.0
39,200,0.0
39,189,0.0
39,362,0.0
39,17,0.0
39,16,0.0
39,310,0.0
41,119,0.0
41,20,0.0
41,399,0.0
41,476,0.0
41,264,0.0
41,200,0.0
41,362,0.0
41,17,0.0
41,16,0.0
41,310,0.0
66,94,13.51277865102654
66,287,13.339356275091264
66,399,13.223399867353677
66,79,10.3556563797695
66,310,7.004549240262821
66,352,3.8149719323624067
66,16,2.6430009593855477
66,59,2.513059736611467
66,362,1.8274564985275203
66,78,1.7714980510467435
17,264,12.844718859852389
17,20,12.400383880200554
17,399,11.694635920790347
17,119,10.668282972176243
17,94,9.363314556661656
17,287,9.318566640250408
17,189,7.802649000873184
17,362,5.203268918031994
17,16,3.7904422822049475
17,134,3.0674803065350233
43,119,0.0
43,20,0.0
43,399,0.0
43,476,0.0
43,264,0.0
43,200,0.0
43,189,0.0
43,362,0.0
43,17,0.0
43,16,0.0
11,119,0.0
11,20,0.0
11,399,0.0
11,476,0.0
11,264,0.0
11,200,0.0
11,189,0.0
11,362,0.0
11,17,0.0
11,16,0.0
10,79,13.906794868801196
10,94,12.033439612918313
10,16,5.253205385449071
10,352,4.190354558414336
10,255,3.628605826701322
10,362,2.148308828377047
10,89,1.6312554176946117
10,78,1.3395352596560464
10,134,1.194562214730121
10,190,0.7167580288225636
12,119,0.0
12,20,0.0
12,399,0.0
12,476,0.0
12,264,0.0
12,200,0.0
12,189,0.0
12,362,0.0
12,17,0.0
12,16,0.0
16,119,0.0
16,20,0.0
16,399,0.0
16,476,0.0
16,264,0.0
16,189,0.0
16,362,0.0
16,17,0.0
16,16,0.0
16,310,0.0
64,119,0.0
64,20,0.0
64,399,0.0
64,476,0.0
64,264,0.0
64,200,0.0
64,189,0.0
64,362,0.0
64,17,0.0
64,310,0.0
30,119,0.0
30,399,0.0
30,476,0.0
30,264,0.0
30,200,0.0
30,189,0.0
30,362,0.0
30,17,0.0
30,16,0.0
30,310,0.0
32,119,0.0
32,20,0.0
32,399,0.0
32,476,0.0
32,200,0.0
32,189,0.0
32,362,0.0
32,17,0.0
32,16,0.0
32,310,0.0
68,119,0.0
68,20,0.0
68,399,0.0
68,476,0.0
68,264,0.0
68,200,0.0
68,189,0.0
68,362,0.0
68,17,0.0
68,16,0.0
9,119,3.0
9,20,3.0
9,79,2.0
9,94,2.0
9,287,2.0
9,310,2.0
9,264,2.0
9,189,2.0
9,399,2.0
9,22,2.0
27,119,0.0
27,399,0.0
27,476,0.0
27,264,0.0
27,200,0.0
27,189,0.0
27,362,0.0
27,17,0.0
27,16,0.0
27,310,0.0
50,119,0.0
50,20,0.0
50,399,0.0
50,476,0.0
50,264,0.0
50,200,0.0
50,189,0.0
50,362,0.0
50,17,0.0
50,16,0.0
31,119,0.0
31,20,0.0
31,399,0.0
31,476,0.0
31,264,0.0
31,200,0.0
31,189,0.0
31,362,0.0
31,17,0.0
31,16,0.0
2,119,0.0
2,20,0.0
2,399,0.0
2,476,0.0
2,264,0.0
2,200,0.0
2,189,0.0
2,362,0.0
2,17,0.0
2,16,0.0
42,119,0.0
42,20,0.0
42,399,0.0
42,476,0.0
42,200,0.0
42,189,0.0
42,362,0.0
42,17,0.0
42,16,0.0
42,310,0.0
49,119,0.0
49,20,0.0
49,399,0.0
49,476,0.0
49,264,0.0
49,200,0.0
49,189,0.0
49,362,0.0
49,17,0.0
49,16,0.0
51,119,0.0
51,20,0.0
51,399,0.0
51,476,0.0
51,264,0.0
51,200,0.0
51,189,0.0
51,362,0.0
51,17,0.0
51,16,0.0
15,20,0.0
15,399,0.0
15,476,0.0
15,264,0.0
15,200,0.0
15,189,0.0
15,362,0.0
15,17,0.0
15,16,0.0
15,310,0.0
688,119,0.0
688,20,0.0
688,399,0.0
688,476,0.0
688,264,0.0
688,200,0.0
688,189,0.0
688,362,0.0
688,17,0.0
688,16,0.0
678,119,0.0
678,20,0.0
678,399,0.0
678,476,0.0
678,264,0.0
678,200,0.0
678,189,0.0
678,362,0.0
678,17,0.0
678,16,0.0
739,264,7.0
739,20,6.0
739,287,6.0
739,399,6.0
739,119,6.0
739,94,6.0
739,310,5.0
739,200,5.0
739,362,5.0
739,255,2.9999999999999996
679,119,0.0
679,20,0.0
679,399,0.0
679,476,0.0
679,200,0.0
679,189,0.0
679,362,0.0
679,17,0.0
679,16,0.0
679,310,0.0
687,119,0.0
687,20,0.0
687,399,0.0
687,476,0.0
687,264,0.0
687,200,0.0
687,189,0.0
687,362,0.0
687,17,0.0
687,310,0.0
729,189,7.391113743487324
729,399,5.680378585743634
729,362,4.242358279531395
729,255,3.7182145383146175
729,78,3.4489017393324684
729,310,2.2872620796896053
729,16,1.3298925717497125
729,134,1.1455773510888188
729,476,0.9146591207600472
729,284,0.588348405414552
685,119,0.0
685,20,0.0
685,399,0.0
685,476,0.0
685,264,0.0
685,200,0.0
685,189,0.0
685,362,0.0
685,17,0.0
685,16,0.0
726,119,0.0
726,20,0.0
726,476,0.0
726,200,0.0
726,189,0.0
726,362,0.0
726,17,0.0
726,16,0.0
726,310,0.0
726,59,0.0
750,189,10.012313921554291
750,94,6.557973304697979
750,362,3.7663719931811377
750,79,2.450257523417232
750,287,2.3135306763963843
750,284,0.839743523386984
750,255,0.6914009269308468
750,134,0.6330800391829422
750,824,0.6189220598177386
750,416,0.5312532024908597
691,287,2.654653670707977
691,119,2.654653670707977
691,22,2.654653670707977
691,134,1.9999999999999998
691,79,1.654653670707977
691,200,1.654653670707977
691,264,1.654653670707977
691,189,1.0000000000000002
691,284,1.0
691,476,0.9999999999999998
712,20,0.0
712,399,0.0
712,476,0.0
712,264,0.0
712,200,0.0
712,189,0.0
712,362,0.0
712,17,0.0
712,16,0.0
712,310,0.0
701,119,0.0
701,20,0.0
701,399,0.0
701,476,0.0
701,264,0.0
701,200,0.0
701,189,0.0
701,362,0.0
701,17,0.0
701,310,0.0
690,119,0.0
690,20,0.0
690,399,0.0
690,476,0.0
690,200,0.0
690,189,0.0
690,362,0.0
690,17,0.0
690,16,0.0
690,310,0.0
677,119,0.0
677,20,0.0
677,399,0.0
677,476,0.0
677,264,0.0
677,200,0.0
677,189,0.0
677,362,0.0
677,17,0.0
677,16,0.0
727,20,14.738891235589684
727,79,5.0828602084255206
727,255,4.742572933977625
727,287,4.671417069790448
727,362,3.818246743062332
727,134,2.80518808322717
727,59,2.27886660648986
727,189,2.1815161638288822
727,352,2.119077695895659
727,78,1.9232378879057554
699,119,0.0
699,20,0.0
699,399,0.0
699,476,0.0
699,200,0.0
699,189,0.0
699,362,0.0
699,17,0.0
699,16,0.0
699,310,0.0
707,264,12.363901066119427
707,119,8.36390106611943
707,399,7.23593268087534
707,79,6.556718062368484
707,352,5.890586351583318
707,287,4.843221991627013
707,310,3.908605845521352
707,189,3.715253606382926
707,94,1.8432219916270132
707,59,1.6792146185068584
737,119,0.0
737,20,0.0
737,399,0.0
737,476,0.0
737,264,0.0
737,200,0.0
737,189,0.0
737,362,0.0
737,17,0.0
737,16,0.0
724,20,0.0
724,399,0.0
724,476,0.0
724,264,0.0
724,200,0.0
724,189,0.0
724,362,0.0
724,17,0.0
724,16,0.0
724,310,0.0
705,119,14.690275825164793
705,399,13.082422812309257
705,255,5.497090124339838
705,362,4.645092643991378
705,352,4.432523095755259
705,189,2.033292258692743
705,16,1.7483962675286415
705,89,1.5933968614754397
705,416,0.9999999999999998
705,415,0.9058216273156767
680,119,0.0
680,20,0.0
680,399,0.0
680,476,0.0
680,200,0.0
680,189,0.0
680,362,0.0
680,17,0.0
680,16,0.0
680,310,0.0
722,119,0.0
722,399,0.0
722,476,0.0
722,264,0.0
722,200,0.0
722,189,0.0
722,362,0.0
722,17,0.0
722,16,0.0
722,310,0.0
741,20,19.287835971327834
741,200,10.669658147590477
741,287,5.908910689710742
741,79,5.3045101539393045
741,310,4.458317827680052
741,362,3.431018584478437
741,255,3.3041715048276394
741,78,3.061294929513257
741,59,1.954920640489092
741,824,1.0
719,119,0.0
719,20,0.0
719,399,0.0
719,476,0.0
719,264,0.0
719,200,0.0
719,189,0.0
719,362,0.0
719,17,0.0
719,16,0.0
752,20,0.0
752,399,0.0
752,476,0.0
752,264,0.0
752,200,0.0
752,189,0.0
752,362,0.0
752,17,0.0
752,16,0.0
752,310,0.0
714,399,24.724637228414423
714,119,22.799325262465658
714,287,14.466913374180251
714,189,8.05771237051117
714,362,7.783537498821696
714,16,7.044990452632903
714,89,3.809223377173496
714,22,3.7097194782349288
714,134,2.5932684381929096
714,59,1.5986281666292679
742,119,0.7820365470213395
742,79,0.5152507354430094
742,125,0.13245323570650436
742,190,0.13245323570650436
742,19,0.13245323570650436
742,352,0.004149999196931375
742,824,0.0
742,89,0.0
742,17,0.0
742,77,0.0
730,119,0.0
730,20,0.0
730,399,0.0
730,476,0.0
730,264,0.0
730,200,0.0
730,189,0.0
730,362,0.0
730,17,0.0
730,16,0.0
713,399,7.713594717872654
713,310,6.168140172418109
713,200,4.884451833151421
713,94,4.71691508478922
713,22,4.110117842108122
713,59,4.086239703658544
713,189,3.1283950340282045
713,78,2.8738279507679882
713,119,2.802114768633669
713,255,2.7375943000165637
720,264,21.489212335587876
720,399,17.411920292581915
720,287,14.199248033810282
720,94,13.69876234228602
720,310,11.10325022604041
720,352,8.800826157955731
720,22,7.75487287227503
720,189,7.273978490070887
720,16,6.261176337144366
720,255,6.24896837702388
693,119,0.0
693,399,0.0
693,476,0.0
693,264,0.0
693,200,0.0
693,189,0.0
693,362,0.0
693,17,0.0
693,16,0.0
693,310,0.0
695,20,9.0
695,200,7.082337064517752
695,310,6.000000000000001
695,399,5.582337064517753
695,264,4.582337064517753
695,94,4.000000000000001
695,16,3.5
695,189,3.0
695,79,2.582337064517753
695,59,2.5000000000000004
694,119,0.0
694,399,0.0
694,476,0.0
694,264,0.0
694,200,0.0
694,189,0.0
694,362,0.0
694,17,0.0
694,16,0.0
694,310,0.0
748,119,0.0
748,20,0.0
748,476,0.0
748,264,0.0
748,200,0.0
748,189,0.0
748,362,0.0
748,17,0.0
748,16,0.0
748,310,0.0
721,119,0.0
721,20,0.0
721,399,0.0
721,476,0.0
721,264,0.0
721,200,0.0
721,189,0.0
721,362,0.0
721,17,0.0
721,16,0.0
766,119,0.0
766,20,0.0
766,399,0.0
766,476,0.0
766,200,0.0
766,189,0.0
766,362,0.0
766,17,0.0
766,16,0.0
766,310,0.0
689,119,0.0
689,20,0.0
689,399,0.0
689,476,0.0
689,264,0.0
689,200,0.0
689,189,0.0
689,362,0.0
689,17,0.0
689,16,0.0
684,119,0.0
684,20,0.0
684,399,0.0
684,476,0.0
684,264,0.0
684,200,0.0
684,189,0.0
684,362,0.0
684,17,0.0
684,16,0.0
692,119,0.0
692,20,0.0
692,399,0.0
692,476,0.0
692,264,0.0
692,189,0.0
692,362,0.0
692,17,0.0
692,16,0.0
692,310,0.0
676,119,0.0
676,20,0.0
676,399,0.0
676,476,0.0
676,200,0.0
676,189,0.0
676,362,0.0
676,17,0.0
676,16,0.0
676,310,0.0
754,119,0.0
754,20,0.0
754,399,0.0
754,476,0.0
754,264,0.0
754,200,0.0
754,189,0.0
754,17,0.0
754,16,0.0
754,310,0.0
716,119,0.0
716,20,0.0
716,399,0.0
716,476,0.0
716,264,0.0
716,200,0.0
716,189,0.0
716,362,0.0
716,17,0.0
716,16,0.0
732,119,0.0
732,20,0.0
732,399,0.0
732,476,0.0
732,264,0.0
732,200,0.0
732,189,0.0
732,362,0.0
732,17,0.0
732,16,0.0
743,399,9.0
743,189,6.0
743,20,6.0
743,264,5.0
743,119,5.0
743,16,5.0
743,78,3.0
743,287,3.0
743,79,3.0
743,352,3.0
718,119,0.0
718,20,0.0
718,399,0.0
718,476,0.0
718,264,0.0
718,200,0.0
718,189,0.0
718,362,0.0
718,17,0.0
718,16,0.0
725,20,0.0
725,399,0.0
725,476,0.0
725,264,0.0
725,200,0.0
725,189,0.0
725,362,0.0
725,17,0.0
725,16,0.0
725,310,0.0
749,119,0.0
749,20,0.0
749,399,0.0
749,476,0.0
749,264,0.0
749,200,0.0
749,189,0.0
749,362,0.0
749,17,0.0
749,16,0.0
683,119,0.0
683,20,0.0
683,399,0.0
683,476,0.0
683,264,0.0
683,200,0.0
683,189,0.0
683,362,0.0
683,17,0.0
683,16,0.0
755,119,0.0
755,20,0.0
755,399,0.0
755,476,0.0
755,200,0.0
755,189,0.0
755,362,0.0
755,17,0.0
755,16,0.0
755,310,0.0
682,119,0.0
682,20,0.0
682,399,0.0
682,476,0.0
682,200,0.0
682,189,0.0
682,362,0.0
682,17,0.0
682,16,0.0
682,310,0.0
740,22,2.0
740,415,1.0
740,352,1.0
740,134,1.0
740,77,0.0
740,89,0.0
740,17,0.0
740,476,0.0
740,416,0.0
740,400,0.0
733,119,0.0
733,20,0.0
733,399,0.0
733,476,0.0
733,264,0.0
733,200,0.0
733,189,0.0
733,362,0.0
733,17,0.0
733,16,0.0
709,119,0.0
709,20,0.0
709,399,0.0
709,476,0.0
709,264,0.0
709,200,0.0
709,189,0.0
709,362,0.0
709,17,0.0
709,16,0.0
702,119,0.0
702,20,0.0
702,399,0.0
702,476,0.0
702,264,0.0
702,200,0.0
702,362,0.0
702,17,0.0
702,16,0.0
702,310,0.0
708,264,14.0
708,200,7.0
708,399,7.0
708,287,6.0
708,119,6.0
708,352,6.0
708,94,5.0
708,310,3.0
708,78,2.0
708,362,2.0
711,119,0.0
711,20,0.0
711,399,0.0
711,476,0.0
711,264,0.0
711,200,0.0
711,189,0.0
711,362,0.0
711,17,0.0
711,16,0.0
765,119,0.0
765,20,0.0
765,399,0.0
765,476,0.0
765,264,0.0
765,200,0.0
765,189,0.0
765,362,0.0
765,17,0.0
765,16,0.0
723,119,0.0
723,20,0.0
723,399,0.0
723,476,0.0
723,264,0.0
723,200,0.0
723,189,0.0
723,362,0.0
723,17,0.0
723,16,0.0
731,119,0.0
731,20,0.0
731,399,0.0
731,476,0.0
731,264,0.0
731,200,0.0
731,189,0.0
731,17,0.0
731,16,0.0
731,310,0.0
703,416,1.0
703,89,0.9999999999999998
703,19,0.47809144373375745
703,190,0.47809144373375745
703,125,0.47809144373375745
703,17,0.0
703,400,0.0
703,415,-0.27735009811261463
703,284,-0.3281650616569468
703,824,-0.6933752452815365
763,119,0.0
763,20,0.0
763,399,0.0
763,476,0.0
763,264,0.0
763,200,0.0
763,189,0.0
763,362,0.0
763,17,0.0
763,16,0.0
762,399,9.0
762,119,9.0
762,264,9.0
762,20,7.0
762,79,7.0
762,94,5.0
762,16,4.999999999999999
762,255,4.0
762,189,4.0
762,352,2.9999999999999996
761,119,0.0
761,20,0.0
761,399,0.0
761,476,0.0
761,264,0.0
761,200,0.0
761,189,0.0
761,362,0.0
761,17,0.0
761,16,0.0
199,94,14.021375535524413
199,287,12.762898093823784
199,189,9.383324546490087
199,255,6.184164441197739
199,89,3.5125135641705096
199,22,3.1984852836954056
199,59,2.613849604319516
199,824,0.8029550685469661
199,284,0.7978953309109194
199,416,0.6585218495941968
206,119,0.0
206,20,0.0
206,399,0.0
206,476,0.0
206,264,0.0
206,200,0.0
206,189,0.0
206,362,0.0
206,17,0.0
206,16,0.0
103,119,0.0
103,20,0.0
103,399,0.0
103,476,0.0
103,264,0.0
103,200,0.0
103,189,0.0
103,362,0.0
103,17,0.0
103,16,0.0
286,399,18.91563652591722
286,310,15.702776150963029
286,119,13.781661929701656
286,287,13.281661929701658
286,20,13.202776150963025
286,352,10.732050807568879
286,94,10.202776150963029
286,16,9.83675074717859
286,22,8.810936586307507
286,255,7.676961990091947
145,119,0.0
145,20,0.0
145,476,0.0
145,264,0.0
145,200,0.0
145,189,0.0
145,362,0.0
145,17,0.0
145,16,0.0
145,310,0.0
345,119,0.0
345,20,0.0
345,399,0.0
345,476,0.0
345,264,0.0
345,200,0.0
345,189,0.0
345,362,0.0
345,17,0.0
345,16,0.0
282,119,0.0
282,20,0.0
282,399,0.0
282,476,0.0
282,264,0.0
282,200,0.0
282,189,0.0
282,362,0.0
282,17,0.0
282,16,0.0
143,119,0.0
143,399,0.0
143,476,0.0
143,264,0.0
143,200,0.0
143,189,0.0
143,362,0.0
143,17,0.0
143,16,0.0
143,310,0.0
160,119,0.0
160,20,0.0
160,399,0.0
160,476,0.0
160,264,0.0
160,200,0.0
160,189,0.0
160,362,0.0
160,17,0.0
160,16,0.0
381,119,0.0
381,20,0.0
381,399,0.0
381,476,0.0
381,264,0.0
381,200,0.0
381,189,0.0
381,362,0.0
381,17,0.0
381,16,0.0
335,20,17.643301591352813
335,200,6.915897286187622
335,189,3.184240188200672
335,78,2.482441861898736
335,362,2.442837295893993
335,284,0.4838099029171114
335,134,0.27715647971227086
335,824,0.2581988897471611
335,415,0.04735137238103784
335,17,0.0
398,119,0.0
398,20,0.0
398,476,0.0
398,264,0.0
398,200,0.0
398,189,0.0
398,362,0.0
398,17,0.0
398,16,0.0
398,310,0.0
375,119,0.0
375,20,0.0
375,399,0.0
375,476,0.0
375,200,0.0
375,189,0.0
375,362,0.0
375,17,0.0
375,16,0.0
375,310,0.0
91,16,2.56688853846907
91,59,1.617584347169079
91,78,1.444911182523068
91,362,1.3153295950844297
91,310,1.0737033381999594
91,416,1.0
91,77,1.0
91,22,0.5386985684304502
91,284,0.0
91,17,0.0
172,119,0.0
172,20,0.0
172,399,0.0
172,476,0.0
172,264,0.0
172,200,0.0
172,189,0.0
172,362,0.0
172,17,0.0
172,310,0.0
144,20,8.0
144,119,6.0
144,79,5.0
144,189,4.000000000000001
144,287,4.0
144,94,4.0
144,200,3.0
144,310,3.0
144,362,3.0
144,78,3.0
405,119,0.0
405,20,0.0
405,399,0.0
405,476,0.0
405,200,0.0
405,189,0.0
405,362,0.0
405,17,0.0
405,16,0.0
405,310,0.0
133,119,0.0
133,20,0.0
133,399,0.0
133,476,0.0
133,264,0.0
133,200,0.0
133,189,0.0
133,362,0.0
133,17,0.0
133,16,0.0
329,264,9.0
329,399,8.0
329,94,7.0
329,200,6.0
329,310,6.0
329,362,5.000000000000001
329,16,5.0
329,189,4.0
329,287,4.0
329,255,3.0
185,79,7.0
185,287,3.9999999999999982
185,399,3.9999999999999982
185,119,3.0
185,200,2.0
185,89,1.9999999999999996
185,824,0.9999999999999998
185,190,0.9999999999999998
185,415,0.9999999999999998
185,125,0.9999999999999998
283,399,3.928571428571428
283,287,2.928571428571428
283,255,1.9285714285714288
283,134,1.9285714285714288
283,264,1.928571428571428
283,200,1.617553665076042
283,362,1.4285714285714288
283,400,0.9999999999999998
283,20,0.928571428571429
283,189,0.9285714285714288
355,399,13.11925406763124
355,20,11.232050807568877
355,119,10.132455532033676
355,287,8.998480935818115
355,94,8.364506339602553
355,200,7.866025403784439
355,22,7.357905607401335
355,310,6.73053174338699
355,16,5.3660254037844375
355,189,4.999999999999999
157,119,0.0
157,20,0.0
157,399,0.0
157,476,0.0
157,264,0.0
157,200,0.0
157,189,0.0
157,362,0.0
157,17,0.0
157,16,0.0
347,264,10.0
347,119,9.0
347,399,9.0
347,287,7.0
347,79,6.0
347,352,6.0
347,189,5.0
347,310,4.0
347,94,3.0
347,16,2.0
115,119,0.0
115,20,0.0
115,399,0.0
115,476,0.0
115,264,0.0
115,200,0.0
115,189,0.0
115,362,0.0
115,17,0.0
115,16,0.0
385,119,0.0
385,20,0.0
385,476,0.0
385,264,0.0
385,200,0.0
385,189,0.0
385,362,0.0
385,17,0.0
385,16,0.0
385,310,0.0
291,119,0.0
291,399,0.0
291,476,0.0
291,264,0.0
291,200,0.0
291,189,0.0
291,362,0.0
291,17,0.0
291,16,0.0
291,310,0.0
89,264,13.0
89,399,13.0
89,200,10.0
89,20,9.0
89,310,8.0
89,287,8.0
89,94,6.0
89,22,6.0
89,255,6.0
89,362,5.0
288,119,0.0
288,20,0.0
288,399,0.0
288,476,0.0
288,264,0.0
288,200,0.0
288,189,0.0
288,362,0.0
288,17,0.0
288,16,0.0
148,77,0.0
148,125,0.0
148,190,0.0
148,19,0.0
148,476,0.0
148,17,0.0
148,415,0.0
148,89,0.0
148,400,0.0
148,824,-0.9999999999999998
182,362,1.9999999999999998
182,79,1.0
182,190,1.0
182,125,1.0
182,19,1.0
182,16,0.9999999999999998
182,78,0.0
182,17,0.0
182,284,0.0
182,416,0.0
237,119,0.0
237,20,0.0
237,399,0.0
237,476,0.0
237,264,0.0
237,189,0.0
237,362,0.0
237,17,0.0
237,16,0.0
237,310,0.0
153,399,0.0
153,476,0.0
153,264,0.0
153,200,0.0
153,189,0.0
153,362,0.0
153,17,0.0
153,16,0.0
153,310,0.0
153,59,0.0
359,119,0.0
359,20,0.0
359,476,0.0
359,264,0.0
359,200,0.0
359,189,0.0
359,362,0.0
359,17,0.0
359,16,0.0
359,310,0.0
255,119,0.0
255,20,0.0
255,399,0.0
255,476,0.0
255,200,0.0
255,189,0.0
255,362,0.0
255,17,0.0
255,16,0.0
255,310,0.0
147,119,0.0
147,20,0.0
147,399,0.0
147,476,0.0
147,264,0.0
147,200,0.0
147,189,0.0
147,362,0.0
147,17,0.0
147,16,0.0
198,94,8.700846183630466
198,310,7.182484991541152
198,264,6.919000297772611
198,22,2.335864671036566
198,255,1.7678830243927905
198,200,1.6509004085797656
198,89,1.6100964577659838
198,189,1.19364120070275
198,476,1.0
198,77,0.9999999999999998
131,119,0.0
131,20,0.0
131,399,0.0
131,476,0.0
131,264,0.0
131,200,0.0
131,189,0.0
131,362,0.0
131,17,0.0
131,16,0.0
280,119,0.0
280,20,0.0
280,476,0.0
280,264,0.0
280,200,0.0
280,189,0.0
280,362,0.0
280,17,0.0
280,16,0.0
280,310,0.0
219,119,0.0
219,399,0.0
219,476,0.0
219,264,0.0
219,200,0.0
219,189,0.0
219,362,0.0
219,17,0.0
219,16,0.0
219,310,0.0
92,119,3.0463328982289237
92,79,2.3262921469056117
92,94,1.3847213592048184
92,255,1.3828795612382867
92,89,0.9433756729740645
92,362,0.8405736995167836
92,824,0.7255892438417318
92,415,0.5773502691896258
92,189,0.3407921801987501
92,190,0.2581988897471611
391,20,0.0
391,399,0.0
391,476,0.0
391,264,0.0
391,200,0.0
391,189,0.0
391,362,0.0
391,17,0.0
391,16,0.0
391,310,0.0
366,20,17.012217425617806
366,200,9.97623225140306
366,94,9.122594679960127
366,119,9.09131118606847
366,352,7.435984698205575
366,189,6.129183303355626
366,310,6.085366190823139
366,362,5.715861279913191
366,255,4.468569222098848
366,89,3.96174990571635
119,119,0.0
119,20,0.0
119,399,0.0
119,476,0.0
119,264,0.0
119,200,0.0
119,189,0.0
119,362,0.0
119,17,0.0
119,16,0.0
93,119,0.0
93,20,0.0
93,476,0.0
93,264,0.0
93,200,0.0
93,189,0.0
93,362,0.0
93,17,0.0
93,16,0.0
93,310,0.0
247,119,0.0
247,399,0.0
247,476,0.0
247,264,0.0
247,200,0.0
247,189,0.0
247,362,0.0
247,17,0.0
247,16,0.0
247,310,0.0
221,119,0.0
221,20,0.0
221,399,0.0
221,476,0.0
221,264,0.0
221,200,0.0
221,189,0.0
221,362,0.0
221,17,0.0
221,16,0.0
408,89,0.0
408,17,0.0
408,415,0.0
408,416,0.0
408,400,0.0
408,19,-0.9999999999999998
408,824,-0.9999999999999998
408,284,-0.9999999999999998
408,190,-0.9999999999999998
408,476,-0.9999999999999998
350,119,0.0
350,399,0.0
350,476,0.0
350,264,0.0
350,200,0.0
350,189,0.0
350,362,0.0
350,17,0.0
350,16,0.0
350,310,0.0
406,20,7.999999999999999
406,264,7.999999999999999
406,200,4.999999999999999
406,287,3.999999999999999
406,310,3.999999999999999
406,255,2.9999999999999996
406,94,2.9999999999999996
406,399,2.9999999999999996
406,119,2.9999999999999996
406,89,2.9999999999999996
121,200,19.760948113927526
121,287,15.8023853541765
121,94,14.872818147417949
121,310,10.052726210939268
121,352,8.034643258885648
121,255,7.403574710675138
121,362,5.897951044767518
121,16,5.840742493269355
121,189,5.771758060141973
121,59,4.321335333624002
212,119,0.0
212,20,0.0
212,399,0.0
212,476,0.0
212,264,0.0
212,200,0.0
212,189,0.0
212,362,0.0
212,17,0.0
212,16,0.0
80,119,0.0
80,20,0.0
80,399,0.0
80,476,0.0
80,264,0.0
80,200,0.0
80,189,0.0
80,362,0.0
80,17,0.0
80,16,0.0
140,119,0.0
140,20,0.0
140,399,0.0
140,476,0.0
140,200,0.0
140,189,0.0
140,362,0.0
140,17,0.0
140,16,0.0
140,310,0.0
230,119,0.0
230,20,0.0
230,399,0.0
230,476,0.0
230,264,0.0
230,200,0.0
230,189,0.0
230,362,0.0
230,17,0.0
230,16,0.0
110,119,0.0
110,20,0.0
110,399,0.0
110,476,0.0
110,264,0.0
110,200,0.0
110,189,0.0
110,362,0.0
110,17,0.0
110,16,0.0
114,200,3.0
114,79,1.9999999999999993
114,189,1.0
114,78,1.0
114,310,2.220446049250313E-16
114,16,2.220446049250313E-16
114,287,2.220446049250313E-16
114,59,0.0
114,119,0.0
114,476,0.0
111,79,3.0
111,119,2.0
111,264,2.0
111,89,0.9999999999999998
111,287,2.220446049250313E-16
111,190,0.0
111,284,0.0
111,476,0.0
111,17,0.0
111,78,0.0
86,287,0.2762950603787654
86,19,0.0
86,824,0.0
86,125,0.0
86,415,0.0
86,190,0.0
86,476,0.0
86,89,0.0
86,17,0.0
86,77,0.0
203,79,4.36620693553404
203,287,3.6160419631521385
203,352,2.094566573390871
203,399,2.0249650836100024
203,59,1.097806805833735
203,89,0.9999999999999998
203,416,0.9999999999999998
203,94,0.8651277838026861
203,824,0.5468687416197305
203,190,0.4999999999999999
152,20,11.810280622631836
152,399,11.008072993518732
152,310,9.616770592063085
152,264,9.294815868736922
152,189,8.987640925031007
152,287,8.648862389465183
152,16,5.6839902385728305
152,78,4.70047279691578
152,255,4.032461803940204
152,362,4.01855301853657
211,119,0.0
211,20,0.0
211,399,0.0
211,476,0.0
211,264,0.0
211,200,0.0
211,189,0.0
211,362,0.0
211,17,0.0
211,16,0.0
253,119,0.0
253,20,0.0
253,476,0.0
253,264,0.0
253,200,0.0
253,189,0.0
253,362,0.0
253,17,0.0
253,16,0.0
253,310,0.0
141,119,0.0
141,20,0.0
141,399,0.0
141,476,0.0
141,264,0.0
141,200,0.0
141,189,0.0
141,362,0.0
141,17,0.0
141,16,0.0
300,119,0.0
300,20,0.0
300,399,0.0
300,476,0.0
300,264,0.0
300,200,0.0
300,189,0.0
300,362,0.0
300,17,0.0
300,16,0.0
409,119,3.7477781389642466
409,352,3.7205766921228918
409,264,3.470428040851634
409,255,2.7477781389642466
409,16,2.7205766921228927
409,287,2.4704280408516324
409,94,1.7498513487287406
409,59,1.7205766921228918
409,189,1.029274656605849
409,89,1.0000000000000002
407,119,0.0
407,20,0.0
407,399,0.0
407,476,0.0
407,264,0.0
407,200,0.0
407,189,0.0
407,362,0.0
407,17,0.0
407,16,0.0
372,119,0.0
372,20,0.0
372,399,0.0
372,476,0.0
372,264,0.0
372,189,0.0
372,362,0.0
372,17,0.0
372,16,0.0
372,310,0.0
174,119,0.0
174,20,0.0
174,399,0.0
174,476,0.0
174,264,0.0
174,200,0.0
174,189,0.0
174,362,0.0
174,17,0.0
174,16,0.0
336,20,0.0
336,399,0.0
336,476,0.0
336,264,0.0
336,200,0.0
336,189,0.0
336,362,0.0
336,17,0.0
336,16,0.0
336,310,0.0
387,399,12.398713694184053
387,200,12.154707773887107
387,287,10.811673430312739
387,94,9.974629270802302
387,79,8.568102719701617
387,189,5.300620041622576
387,362,5.113230944041766
387,310,4.579164876509926
387,255,4.24609346742565
387,16,3.622959576765556
175,119,0.0
175,20,0.0
175,399,0.0
175,476,0.0
175,264,0.0
175,200,0.0
175,189,0.0
175,362,0.0
175,17,0.0
175,16,0.0
88,119,0.0
88,20,0.0
88,399,0.0
88,476,0.0
88,264,0.0
88,189,0.0
88,362,0.0
88,17,0.0
88,16,0.0
88,310,0.0
107,119,0.0
107,20,0.0
107,399,0.0
107,476,0.0
107,264,0.0
107,200,0.0
107,189,0.0
107,362,0.0
107,17,0.0
107,16,0.0
281,287,1.6789266949142956
281,200,1.1213101486434187
281,824,0.9999999999999999
281,415,0.9999999999999999
281,125,0.7205766921228921
281,190,0.7205766921228921
281,19,0.7205766921228921
281,362,0.3759037848570993
281,189,0.21299078386627646
281,134,0.03923107716947716
97,22,5.547383428438366
97,352,4.008747667376478
97,77,0.8660254037844385
97,89,0.6926195506341044
97,134,0.363462523932069
97,78,0.3407256991256504
97,284,0.34017192994540635
97,59,0.11966677964509254
97,416,0.0
97,17,0.0
179,189,6.766591817093643
179,119,6.541480572862424
179,399,6.432828293442251
179,362,6.307792389943773
179,264,5.727547443886696
179,79,3.6650111310000355
179,310,2.992506276613933
179,287,2.876422055250738
179,16,2.615050065651002
179,78,1.5762619548021686
404,20,8.0
404,119,6.0
404,79,5.0
404,94,4.0
404,287,4.0
404,189,4.0
404,310,3.0
404,200,3.0
404,78,2.9999999999999996
404,362,2.999999999999999
267,119,0.0
267,20,0.0
267,399,0.0
267,476,0.0
267,200,0.0
267,189,0.0
267,362,0.0
267,17,0.0
267,16,0.0
267,310,0.0
270,119,0.0
270,20,0.0
270,399,0.0
270,476,0.0
270,264,0.0
270,200,0.0
270,189,0.0
270,362,0.0
270,17,0.0
270,16,0.0
229,352,3.999999999999999
229,310,1.9999999999999993
229,94,1.9999999999999993
229,59,1.0
229,134,1.0
229,16,1.0
229,415,0.9999999999999998
229,78,0.9999999999999998
229,190,0.9999999999999998
229,125,0.9999999999999998
252,119,0.0
252,476,0.0
252,264,0.0
252,200,0.0
252,189,0.0
252,362,0.0
252,17,0.0
252,16,0.0
252,310,0.0
252,59,0.0
163,264,5.0
163,310,4.999999999999999
163,119,4.999999999999999
163,20,3.999999999999999
163,255,3.999999999999999
163,287,2.999999999999999
163,399,2.999999999999999
163,94,2.999999999999999
163,16,1.9999999999999996
163,22,1.9999999999999993
321,119,0.0
321,399,0.0
321,476,0.0
321,264,0.0
321,200,0.0
321,189,0.0
321,362,0.0
321,17,0.0
321,16,0.0
321,310,0.0
210,119,0.0
210,20,0.0
210,399,0.0
210,476,0.0
210,264,0.0
210,200,0.0
210,189,0.0
210,362,0.0
210,17,0.0
210,16,0.0
176,119,0.0
176,20,0.0
176,399,0.0
176,476,0.0
176,264,0.0
176,200,0.0
176,189,0.0
176,362,0.0
176,17,0.0
176,16,0.0
194,119,0.0
194,20,0.0
194,399,0.0
194,476,0.0
194,200,0.0
194,189,0.0
194,362,0.0
194,17,0.0
194,16,0.0
194,310,0.0
171,119,0.0
171,20,0.0
171,399,0.0
171,476,0.0
171,200,0.0
171,189,0.0
171,362,0.0
171,17,0.0
171,16,0.0
171,310,0.0
166,119,0.0
166,20,0.0
166,476,0.0
166,264,0.0
166,200,0.0
166,189,0.0
166,362,0.0
166,17,0.0
166,16,0.0
166,310,0.0
277,200,5.999999999999999
277,20,4.999999999999999
277,59,2.999999999999999
277,16,2.999999999999999
277,310,2.999999999999999
277,119,2.999999999999999
277,362,2.999999999999999
277,264,2.999999999999999
277,189,1.9999999999999993
277,94,1.9999999999999991
218,119,0.0
218,20,0.0
218,399,0.0
218,476,0.0
218,264,0.0
218,200,0.0
218,189,0.0
218,362,0.0
218,17,0.0
218,16,0.0
402,119,0.0
402,20,0.0
402,399,0.0
402,476,0.0
402,264,0.0
402,189,0.0
402,362,0.0
402,17,0.0
402,16,0.0
402,310,0.0
360,94,7.382059595338548
360,287,5.417582105954948
360,200,4.166264569105789
360,22,3.9370672356276013
360,16,3.0
360,310,1.7644170771246992
360,264,1.6305236580970177
360,255,1.0710418318431627
360,134,0.8030926394120407
360,17,0.0
365,399,13.657522017158296
365,264,12.8134051696401
365,20,9.548430994082505
365,287,6.740272984669113
365,94,5.912923143172016
365,189,5.909034080843807
365,255,5.738645346381301
365,22,3.8176123023078103
365,352,3.4708036128071256
365,362,2.706743063861719
362,119,7.0
362,264,7.0
362,200,6.0
362,362,5.0
362,287,5.0
362,20,5.0
362,255,5.0
362,134,4.0
362,79,4.0
362,189,4.0
363,119,0.0
363,20,0.0
363,399,0.0
363,476,0.0
363,264,0.0
363,200,0.0
363,189,0.0
363,362,0.0
363,17,0.0
363,16,0.0
196,20,0.0
196,399,0.0
196,476,0.0
196,264,0.0
196,200,0.0
196,189,0.0
196,362,0.0
196,17,0.0
196,16,0.0
196,310,0.0
388,20,0.0
388,399,0.0
388,476,0.0
388,264,0.0
388,200,0.0
388,189,0.0
388,362,0.0
388,17,0.0
388,16,0.0
388,310,0.0
390,79,7.0
390,287,3.9999999999999982
390,399,3.9999999999999982
390,119,3.0
390,200,2.0
390,89,1.9999999999999996
390,824,0.9999999999999998
390,190,0.9999999999999998
390,415,0.9999999999999998
390,125,0.9999999999999998
223,20,0.0
223,399,0.0
223,476,0.0
223,264,0.0
223,200,0.0
223,189,0.0
223,362,0.0
223,17,0.0
223,16,0.0
223,310,0.0
301,119,0.0
301,20,0.0
301,399,0.0
301,476,0.0
301,264,0.0
301,200,0.0
301,189,0.0
301,362,0.0
301,17,0.0
301,16,0.0
73,119,0.0
73,20,0.0
73,476,0.0
73,264,0.0
73,200,0.0
73,189,0.0
73,362,0.0
73,17,0.0
73,16,0.0
73,310,0.0
315,22,2.7733143110144685
315,134,1.1306759741218526
315,362,0.6123844163081197
315,476,0.46475800154488994
315,415,0.3072117917126884
315,59,0.050111062879827806
315,17,0.0
315,400,0.0
315,77,-0.21926450482675733
315,89,-0.2440710539815455
306,310,6.0832557813724435
306,20,5.755928946018454
306,119,5.327326835353989
306,200,5.327326835353988
306,255,4.999999999999999
306,189,4.0832557813724435
306,399,4.0832557813724435
306,79,4.0832557813724435
306,264,3.0832557813724435
306,362,3.0832557813724435
312,310,5.250368393822682
312,200,4.031999447255064
312,78,3.999999999999999
312,189,3.35932628260905
312,119,3.1671126124502385
312,399,2.8217662831582153
312,20,2.031999447255064
312,79,1.858342790308546
312,362,1.0319994472550622
312,476,1.0
309,125,0.9999999999999998
309,190,0.9999999999999998
309,19,0.9999999999999998
309,415,0.9449111825230679
309,200,0.5034444674203005
309,89,0.4881421079630911
309,255,0.17874986800963066
309,416,0.0
309,476,0.0
309,17,0.0
279,399,16.223030741312623
279,119,16.0476237125583
279,200,13.114996795966167
279,94,9.045740804422621
279,189,4.849244234812973
279,310,4.454606554695051
279,255,4.380170622220337
279,89,4.105744124831069
279,22,3.1862251740767853
279,362,2.6834013801233407
358,264,3.999999999999999
358,399,2.999999999999999
358,352,2.999999999999999
358,22,1.9999999999999996
358,287,1.9999999999999996
358,20,1.9999999999999996
358,255,0.9999999999999998
358,94,0.9999999999999998
358,119,0.9999999999999998
358,310,0.9999999999999998
233,119,0.0
233,20,0.0
233,399,0.0
233,476,0.0
233,200,0.0
233,189,0.0
233,362,0.0
233,17,0.0
233,16,0.0
233,310,0.0
348,119,0.0
348,20,0.0
348,399,0.0
348,476,0.0
348,200,0.0
348,189,0.0
348,362,0.0
348,17,0.0
348,16,0.0
348,310,0.0
227,119,0.0
227,20,0.0
227,399,0.0
227,476,0.0
227,264,0.0
227,200,0.0
227,189,0.0
227,362,0.0
227,17,0.0
227,16,0.0
273,20,11.915636525917218
273,119,11.415636525917218
273,264,10.415636525917218
273,399,10.415636525917218
273,189,9.415636525917218
273,287,9.415636525917218
273,362,7.444911182523068
273,79,6.5
273,255,5.915636525917219
273,310,5.41563652591722
162,200,3.0
162,79,1.9999999999999993
162,189,1.0
162,78,1.0
162,16,1.1102230246251565E-16
162,399,0.0
162,17,0.0
162,119,0.0
162,264,0.0
162,476,0.0
106,399,8.277494037560684
106,94,6.437602974678783
106,16,6.380911830449163
106,189,4.658496762525837
106,22,4.039593842298412
106,134,2.5749458080678065
106,59,2.1584463397739926
106,362,1.8065593540658562
106,79,1.6333433380266065
106,352,1.315665244797844
169,119,0.0
169,20,0.0
169,476,0.0
169,264,0.0
169,200,0.0
169,189,0.0
169,362,0.0
169,17,0.0
169,16,0.0
169,310,0.0
302,20,0.0
302,399,0.0
302,476,0.0
302,264,0.0
302,200,0.0
302,189,0.0
302,362,0.0
302,17,0.0
302,16,0.0
302,310,0.0
310,119,0.0
310,20,0.0
310,399,0.0
310,476,0.0
310,264,0.0
310,200,0.0
310,189,0.0
310,362,0.0
310,17,0.0
310,16,0.0
298,119,0.0
298,20,0.0
298,399,0.0
298,476,0.0
298,264,0.0
298,200,0.0
298,189,0.0
298,362,0.0
298,17,0.0
298,16,0.0
274,119,0.0
274,20,0.0
274,399,0.0
274,476,0.0
274,264,0.0
274,200,0.0
274,189,0.0
274,362,0.0
274,17,0.0
274,16,0.0
340,22,10.531513278430399
340,287,8.332565534053415
340,352,8.327326835353986
340,310,7.59071194625794
340,399,6.681460527401407
340,255,5.205191670039071
340,200,3.063852808728134
340,134,3.0
340,89,2.999999999999999
340,362,2.724686542473502
246,134,2.2054564613187644
246,310,2.0397852347582024
246,476,1.0
246,89,0.6291655099382658
246,16,0.5387155878201375
246,362,0.09776677586299254
246,415,0.09415544714433868
246,416,0.0
246,77,0.0
246,17,0.0
342,119,0.0
342,399,0.0
342,476,0.0
342,264,0.0
342,200,0.0
342,189,0.0
342,362,0.0
342,17,0.0
342,16,0.0
342,310,0.0
292,16,1.0
292,59,0.9999999999999998
292,77,0.0
292,476,0.0
292,416,0.0
292,17,0.0
292,400,0.0
292,415,-0.9999999999999998
292,22,-0.9999999999999998
292,134,-0.9999999999999998
135,119,0.0
135,399,0.0
135,476,0.0
135,200,0.0
135,189,0.0
135,362,0.0
135,17,0.0
135,16,0.0
135,310,0.0
135,59,0.0
214,264,9.0
214,399,8.0
214,94,7.0
214,200,6.0
214,310,6.0
214,362,5.0
214,16,5.0
214,189,4.0
214,287,4.0
214,255,3.0
192,399,8.38812104681032
192,119,6.33721601721038
192,79,4.0683346794568145
192,200,2.9915889364280357
192,189,2.0574620309318075
192,94,1.9662667064034736
192,362,1.596146461285873
192,134,1.392081001940472
192,476,1.0
192,824,0.9999999999999998
278,264,20.684322390862576
278,399,14.447653825089478
278,119,14.224179343055535
278,94,7.635634177082199
278,16,7.128889290449113
278,189,6.224249883978836
278,362,5.378242211055434
278,255,5.041669303930085
278,310,3.8133545398870456
278,22,3.3112795603177485
319,399,13.0
319,20,12.0
319,119,11.0
319,287,10.0
319,200,9.0
319,310,8.999999999999998
319,94,8.0
319,352,7.999999999999998
319,22,7.0
319,255,5.999999999999999
186,119,0.0
186,20,0.0
186,399,0.0
186,476,0.0
186,264,0.0
186,200,0.0
186,189,0.0
186,17,0.0
186,16,0.0
186,310,0.0
234,119,0.0
234,20,0.0
234,399,0.0
234,476,0.0
234,264,0.0
234,200,0.0
234,189,0.0
234,362,0.0
234,17,0.0
234,16,0.0
330,119,0.0
330,20,0.0
330,399,0.0
330,476,0.0
330,264,0.0
330,200,0.0
330,189,0.0
330,362,0.0
330,17,0.0
330,16,0.0
378,119,0.0
378,20,0.0
378,399,0.0
378,476,0.0
378,264,0.0
378,200,0.0
378,189,0.0
378,362,0.0
378,17,0.0
378,16,0.0
394,119,0.0
394,20,0.0
394,399,0.0
394,476,0.0
394,264,0.0
394,200,0.0
394,189,0.0
394,362,0.0
394,17,0.0
394,16,0.0
295,119,0.0
295,20,0.0
295,399,0.0
295,476,0.0
295,264,0.0
295,200,0.0
295,189,0.0
295,362,0.0
295,17,0.0
295,16,0.0
241,119,0.0
241,20,0.0
241,476,0.0
241,264,0.0
241,200,0.0
241,189,0.0
241,362,0.0
241,17,0.0
241,16,0.0
241,310,0.0
132,119,0.0
132,20,0.0
132,476,0.0
132,264,0.0
132,200,0.0
132,189,0.0
132,362,0.0
132,17,0.0
132,16,0.0
132,310,0.0
222,119,0.0
222,20,0.0
222,399,0.0
222,476,0.0
222,264,0.0
222,200,0.0
222,189,0.0
222,362,0.0
222,17,0.0
222,310,0.0
224,119,0.0
224,20,0.0
224,399,0.0
224,476,0.0
224,264,0.0
224,200,0.0
224,189,0.0
224,362,0.0
224,17,0.0
224,310,0.0
303,119,0.0
303,20,0.0
303,399,0.0
303,476,0.0
303,200,0.0
303,189,0.0
303,362,0.0
303,17,0.0
303,16,0.0
303,310,0.0
217,20,0.0
217,399,0.0
217,476,0.0
217,264,0.0
217,200,0.0
217,189,0.0
217,362,0.0
217,17,0.0
217,16,0.0
217,310,0.0
293,119,0.0
293,20,0.0
293,399,0.0
293,476,0.0
293,264,0.0
293,200,0.0
293,189,0.0
293,362,0.0
293,17,0.0
293,16,0.0
240,119,0.0
240,20,0.0
240,476,0.0
240,264,0.0
240,200,0.0
240,189,0.0
240,362,0.0
240,17,0.0
240,16,0.0
240,59,0.0
158,119,0.0
158,20,0.0
158,476,0.0
158,264,0.0
158,200,0.0
158,189,0.0
158,362,0.0
158,17,0.0
158,16,0.0
158,310,0.0
204,119,0.0
204,399,0.0
204,476,0.0
204,200,0.0
204,189,0.0
204,362,0.0
204,17,0.0
204,16,0.0
204,310,0.0
204,59,0.0
294,119,0.0
294,20,0.0
294,399,0.0
294,476,0.0
294,264,0.0
294,200,0.0
294,189,0.0
294,362,0.0
294,17,0.0
294,16,0.0
367,119,6.821809534470768
367,352,6.475215271794507
367,200,5.827909529152977
367,310,5.7832213089468
367,20,4.935926319680407
367,287,4.855015898080136
367,94,3.3693988851127337
367,255,3.320470644334441
367,362,2.9918670078584197
367,16,2.433233613770195
77,22,9.10838637478984
77,119,7.796529243870152
77,20,7.493223639559076
77,287,7.254665135234367
77,310,6.847082209828272
77,200,6.696383160497916
77,94,5.474978006060649
77,16,5.463697582413909
77,255,5.256504350637267
77,362,3.7123800455647498
337,399,9.964003583463173
337,189,8.208971335006343
337,94,7.0501030905572915
337,16,6.213454385200988
337,287,3.3383067547634404
337,362,3.270668604842901
337,22,1.814026632444353
337,59,0.5916933215440565
337,190,0.5477225575051661
337,125,0.5477225575051661
138,119,0.0
138,20,0.0
138,399,0.0
138,476,0.0
138,264,0.0
138,200,0.0
138,189,0.0
138,17,0.0
138,16,0.0
138,310,0.0
226,119,0.0
226,20,0.0
226,399,0.0
226,476,0.0
226,264,0.0
226,200,0.0
226,189,0.0
226,362,0.0
226,17,0.0
226,16,0.0
399,264,13.805442976320585
399,119,13.479034857821285
399,399,10.04959520749001
399,362,9.9328909361104
399,189,9.195346518554599
399,287,7.64370898685679
399,310,6.56490438530604
399,79,6.305580547185657
399,255,5.936204651024449
399,16,5.448224897437117
243,20,0.0
243,399,0.0
243,476,0.0
243,264,0.0
243,189,0.0
243,362,0.0
243,17,0.0
243,16,0.0
243,310,0.0
243,59,0.0
124,119,0.0
124,399,0.0
124,476,0.0
124,264,0.0
124,200,0.0
124,189,0.0
124,362,0.0
124,17,0.0
124,16,0.0
124,310,0.0
126,119,0.0
126,399,0.0
126,476,0.0
126,264,0.0
126,200,0.0
126,189,0.0
126,362,0.0
126,17,0.0
126,16,0.0
126,310,0.0
276,119,0.0
276,20,0.0
276,399,0.0
276,476,0.0
276,264,0.0
276,200,0.0
276,189,0.0
276,362,0.0
276,17,0.0
276,16,0.0
112,119,0.0
112,20,0.0
112,399,0.0
112,476,0.0
112,264,0.0
112,200,0.0
112,189,0.0
112,17,0.0
112,16,0.0
112,310,0.0
311,119,0.0
311,20,0.0
311,399,0.0
311,476,0.0
311,264,0.0
311,200,0.0
311,189,0.0
311,362,0.0
311,17,0.0
311,16,0.0
244,22,5.492553820295957
244,16,5.009125945499093
244,310,3.749818451648527
244,59,1.1298599254737167
244,476,1.0
244,77,0.9449111825230683
244,200,0.8493589886133619
244,362,0.6180173063942642
244,400,0.5
244,94,0.48470725082997723
72,119,0.0
72,20,0.0
72,476,0.0
72,264,0.0
72,200,0.0
72,189,0.0
72,362,0.0
72,17,0.0
72,16,0.0
72,310,0.0
202,79,7.546617355179517
202,287,6.7518607551018
202,200,6.155215881935039
202,189,5.812151587914004
202,94,4.627359489822352
202,362,4.475289906657266
202,255,4.066417124566559
202,59,3.761510005333406
202,310,2.660257908492836
202,352,2.3050162374387817
122,119,0.0
122,20,0.0
122,476,0.0
122,264,0.0
122,200,0.0
122,189,0.0
122,362,0.0
122,17,0.0
122,16,0.0
122,310,0.0
81,119,0.0
81,20,0.0
81,399,0.0
81,476,0.0
81,264,0.0
81,200,0.0
81,189,0.0
81,17,0.0
81,16,0.0
81,310,0.0
261,399,19.540825640245803
261,310,17.6928197303994
261,119,16.040825640245803
261,20,14.058845134183837
261,287,13.174800236461367
261,94,10.326794326614962
261,352,10.232050807568879
261,16,9.692819730399401
261,255,9.348005909846405
261,22,8.981980506061966
264,264,6.000000000000001
264,399,5.000000000000001
264,310,5.0
264,119,4.000000000000001
264,200,4.0
264,20,4.0
264,287,4.0
264,22,4.0
264,94,3.0
264,189,2.0
102,119,0.0
102,20,0.0
102,399,0.0
102,476,0.0
102,264,0.0
102,200,0.0
102,189,0.0
102,362,0.0
102,17,0.0
102,16,0.0
232,119,0.0
232,20,0.0
232,399,0.0
232,476,0.0
232,264,0.0
232,200,0.0
232,189,0.0
232,362,0.0
232,17,0.0
232,16,0.0
263,79,7.0
263,287,3.9999999999999982
263,399,3.9999999999999982
263,119,3.0
263,200,2.0
263,89,1.9999999999999996
263,824,0.9999999999999998
263,190,0.9999999999999998
263,415,0.9999999999999998
263,125,0.9999999999999998
268,119,0.0
268,20,0.0
268,399,0.0
268,476,0.0
268,264,0.0
268,200,0.0
268,189,0.0
268,362,0.0
268,17,0.0
268,16,0.0
396,264,16.869820600872927
396,399,8.944911182523068
396,119,7.444911182523068
396,287,7.121954349802893
396,200,6.97991705863891
396,94,6.302955068546966
396,310,4.247866251070034
396,89,3.4999999999999996
396,255,3.302955068546966
396,16,2.4449111825230685
397,399,22.678872914663728
397,119,17.48662658358634
397,287,14.592772826287678
397,310,12.656343929150639
397,94,10.985044610112226
397,16,9.187749463208299
397,189,7.534144845262304
397,22,7.401525191460256
397,255,4.688989816698729
397,362,4.123736899967764
129,119,0.0
129,20,0.0
129,399,0.0
129,476,0.0
129,200,0.0
129,189,0.0
129,362,0.0
129,17,0.0
129,16,0.0
129,310,0.0
333,119,8.482100598033817
333,94,5.969566085962791
333,200,5.865378379240154
333,189,5.725670032003329
333,352,3.9505990836905367
333,362,3.935470361318603
333,310,3.026566809011527
333,255,2.437683049439169
333,134,2.0384401184381753
333,59,1.3981720725896902
369,20,7.999999999999999
369,264,7.999999999999999
369,200,4.999999999999999
369,287,3.999999999999999
369,310,3.999999999999999
369,255,2.9999999999999996
369,94,2.9999999999999996
369,399,2.9999999999999996
369,119,2.9999999999999996
369,89,2.9999999999999996
259,119,0.0
259,399,0.0
259,476,0.0
259,264,0.0
259,200,0.0
259,189,0.0
259,362,0.0
259,17,0.0
259,16,0.0
259,310,0.0
161,824,0.9999999999999998
161,476,0.0
161,89,0.0
161,17,0.0
161,415,0.0
161,400,0.0
161,77,-0.5000000000000001
161,125,-0.5000000000000001
161,19,-0.5000000000000001
161,190,-0.5000000000000001
403,264,15.714856871873092
403,352,6.746477677712853
403,200,5.89373569376092
403,287,2.16947979554143
403,255,2.0175662247532085
403,22,1.9316184954365718
403,89,1.7517995409042773
403,189,1.2321166846203482
403,78,0.5901594485200397
403,824,0.5000000000000001
258,264,10.476247673270663
258,20,6.346085172222438
258,399,5.081710895613877
258,310,4.1229963847275615
258,287,3.497192266788006
258,94,3.148811875503787
258,16,2.191943715268251
258,352,2.117125662977563
258,78,1.5000000000000004
258,362,0.6430457971237364
215,119,0.0
215,20,0.0
215,399,0.0
215,476,0.0
215,264,0.0
215,200,0.0
215,189,0.0
215,362,0.0
215,17,0.0
215,16,0.0
164,119,0.0
164,20,0.0
164,399,0.0
164,476,0.0
164,264,0.0
164,200,0.0
164,189,0.0
164,362,0.0
164,17,0.0
164,16,0.0
357,119,0.0
357,20,0.0
357,399,0.0
357,476,0.0
357,200,0.0
357,189,0.0
357,362,0.0
357,17,0.0
357,16,0.0
357,310,0.0
190,119,0.0
190,476,0.0
190,264,0.0
190,200,0.0
190,189,0.0
190,362,0.0
190,17,0.0
190,16,0.0
190,310,0.0
190,59,0.0
307,119,0.0
307,399,0.0
307,476,0.0
307,264,0.0
307,200,0.0
307,189,0.0
307,362,0.0
307,17,0.0
307,16,0.0
307,310,0.0
238,119,0.0
238,20,0.0
238,399,0.0
238,476,0.0
238,264,0.0
238,200,0.0
238,189,0.0
238,362,0.0
238,17,0.0
238,16,0.0
165,20,0.0
165,399,0.0
165,476,0.0
165,264,0.0
165,200,0.0
165,189,0.0
165,362,0.0
165,17,0.0
165,16,0.0
165,310,0.0
225,20,0.0
225,399,0.0
225,476,0.0
225,264,0.0
225,200,0.0
225,189,0.0
225,362,0.0
225,17,0.0
225,16,0.0
225,310,0.0
242,119,0.0
242,20,0.0
242,399,0.0
242,476,0.0
242,264,0.0
242,200,0.0
242,189,0.0
242,362,0.0
242,17,0.0
242,16,0.0
338,94,9.681886014052902
338,264,7.192672444748672
338,200,7.087753155090313
338,310,6.078114842673909
338,16,4.80337314008388
338,22,3.7293286856871672
338,59,2.259871102345733
338,255,2.2293286856871664
338,362,2.0667017909409333
338,78,1.5
326,119,0.0
326,399,0.0
326,476,0.0
326,264,0.0
326,200,0.0
326,189,0.0
326,362,0.0
326,17,0.0
326,16,0.0
326,310,0.0
96,119,0.0
96,399,0.0
96,476,0.0
96,264,0.0
96,200,0.0
96,189,0.0
96,362,0.0
96,17,0.0
96,16,0.0
96,310,0.0
94,119,0.0
94,20,0.0
94,399,0.0
94,476,0.0
94,264,0.0
94,200,0.0
94,189,0.0
94,17,0.0
94,16,0.0
94,310,0.0
123,119,0.0
123,399,0.0
123,476,0.0
123,264,0.0
123,200,0.0
123,189,0.0
123,362,0.0
123,17,0.0
123,16,0.0
123,310,0.0
392,119,8.366066889271346
392,200,7.508634963356487
392,399,6.35940783252193
392,79,5.73023919145563
392,255,5.726270147900468
392,189,4.130543688801707
392,94,4.089876654756586
392,59,2.218991406365441
392,89,1.7705594375177298
392,78,1.481709965655659
343,20,7.4641016151377535
343,310,4.732050807568876
343,287,4.3660254037844375
343,119,4.098076211353315
343,255,3.7320508075688767
343,79,3.5980762113533142
343,362,3.2320508075688767
343,16,2.3660254037844384
343,94,1.8660254037844386
343,399,1.866025403784438
120,119,0.0
120,20,0.0
120,399,0.0
120,476,0.0
120,264,0.0
120,200,0.0
120,189,0.0
120,362,0.0
120,17,0.0
120,16,0.0
344,399,12.040693297050773
344,119,11.866604522996884
344,200,11.685031123735643
344,287,9.764744137063966
344,352,8.418403797951163
344,94,7.268117905950641
344,310,6.174455138464707
344,255,5.3648805991388455
344,362,2.9551843666036417
344,89,2.944911182523068
213,119,0.0
213,399,0.0
213,476,0.0
213,264,0.0
213,200,0.0
213,189,0.0
213,362,0.0
213,17,0.0
213,16,0.0
213,310,0.0
305,119,0.0
305,399,0.0
305,476,0.0
305,264,0.0
305,200,0.0
305,189,0.0
305,362,0.0
305,17,0.0
305,16,0.0
305,310,0.0
314,119,0.0
314,399,0.0
314,476,0.0
314,264,0.0
314,200,0.0
314,189,0.0
314,362,0.0
314,17,0.0
314,16,0.0
314,310,0.0
75,119,0.0
75,20,0.0
75,399,0.0
75,476,0.0
75,264,0.0
75,200,0.0
75,189,0.0
75,362,0.0
75,17,0.0
75,16,0.0
262,264,14.0
262,200,7.0
262,399,7.0
262,119,6.0
262,287,6.0
262,352,6.0
262,94,5.0
262,310,3.0
262,189,2.0
262,362,2.0
216,20,0.0
216,399,0.0
216,476,0.0
216,264,0.0
216,200,0.0
216,189,0.0
216,362,0.0
216,17,0.0
216,16,0.0
216,310,0.0
220,119,0.0
220,20,0.0
220,399,0.0
220,476,0.0
220,264,0.0
220,200,0.0
220,189,0.0
220,362,0.0
220,17,0.0
220,16,0.0
377,362,1.9999999999999991
377,125,0.9999999999999998
377,190,0.9999999999999998
377,16,0.9999999999999998
377,19,0.9999999999999998
377,79,0.9999999999999996
377,78,0.0
377,17,0.0
377,255,0.0
377,284,0.0
316,79,3.821692731999894
316,362,3.242837887446262
316,134,1.9049301111342123
316,255,1.2801200747952326
316,89,0.9819805060619659
316,190,0.9459053029269171
316,125,0.9459053029269171
316,19,0.9459053029269171
316,415,0.7567450038061341
316,352,0.2191480205033276
209,119,0.0
209,20,0.0
209,476,0.0
209,264,0.0
209,200,0.0
209,189,0.0
209,362,0.0
209,17,0.0
209,16,0.0
209,310,0.0
265,119,0.0
265,20,0.0
265,399,0.0
265,476,0.0
265,264,0.0
265,200,0.0
265,189,0.0
265,362,0.0
265,17,0.0
265,16,0.0
167,189,0.9999999999999998
167,134,0.9999999999999998
167,59,0.9999999999999998
167,22,0.9999999999999998
167,399,2.220446049250313E-16
167,94,0.0
167,476,0.0
167,16,0.0
167,17,0.0
167,284,0.0
178,20,0.0
178,399,0.0
178,476,0.0
178,264,0.0
178,200,0.0
178,189,0.0
178,362,0.0
178,17,0.0
178,16,0.0
178,310,0.0
289,119,0.0
289,399,0.0
289,476,0.0
289,264,0.0
289,200,0.0
289,189,0.0
289,362,0.0
289,17,0.0
289,16,0.0
289,310,0.0
287,119,0.0
287,20,0.0
287,399,0.0
287,476,0.0
287,200,0.0
287,189,0.0
287,362,0.0
287,17,0.0
287,16,0.0
287,310,0.0
380,119,0.0
380,399,0.0
380,476,0.0
380,200,0.0
380,189,0.0
380,362,0.0
380,17,0.0
380,16,0.0
380,310,0.0
380,59,0.0
356,119,0.0
356,20,0.0
356,399,0.0
356,476,0.0
356,264,0.0
356,200,0.0
356,189,0.0
356,362,0.0
356,17,0.0
356,16,0.0
354,119,0.0
354,399,0.0
354,476,0.0
354,200,0.0
354,189,0.0
354,362,0.0
354,17,0.0
354,16,0.0
354,310,0.0
354,59,0.0
376,119,0.0
376,20,0.0
376,399,0.0
376,476,0.0
376,264,0.0
376,200,0.0
376,189,0.0
376,362,0.0
376,17,0.0
376,16,0.0
346,119,0.0
346,20,0.0
346,476,0.0
346,264,0.0
346,200,0.0
346,189,0.0
346,362,0.0
346,17,0.0
346,16,0.0
346,310,0.0
101,20,0.0
101,399,0.0
101,476,0.0
101,264,0.0
101,200,0.0
101,189,0.0
101,362,0.0
101,17,0.0
101,16,0.0
101,310,0.0
109,119,0.0
109,20,0.0
109,399,0.0
109,476,0.0
109,264,0.0
109,200,0.0
109,189,0.0
109,362,0.0
109,17,0.0
109,16,0.0
191,119,0.0
191,20,0.0
191,399,0.0
191,476,0.0
191,200,0.0
191,189,0.0
191,362,0.0
191,17,0.0
191,16,0.0
191,310,0.0
184,119,0.0
184,20,0.0
184,399,0.0
184,476,0.0
184,264,0.0
184,200,0.0
184,189,0.0
184,362,0.0
184,17,0.0
184,16,0.0
352,119,0.0
352,399,0.0
352,476,0.0
352,264,0.0
352,200,0.0
352,189,0.0
352,362,0.0
352,17,0.0
352,16,0.0
352,310,0.0
231,119,0.0
231,20,0.0
231,399,0.0
231,476,0.0
231,264,0.0
231,200,0.0
231,189,0.0
231,362,0.0
231,17,0.0
231,16,0.0
187,119,0.0
187,20,0.0
187,399,0.0
187,476,0.0
187,264,0.0
187,200,0.0
187,189,0.0
187,362,0.0
187,17,0.0
187,16,0.0
297,399,12.671565471935672
297,119,10.671565471935672
297,20,10.458705096981483
297,200,9.592679693197043
297,287,8.78166192970166
297,94,6.647687333486097
297,352,6.4328909361103985
297,22,5.310936586307506
297,255,5.176961990091944
297,189,3.8367507471785895
228,119,0.0
228,20,0.0
228,399,0.0
228,476,0.0
228,200,0.0
228,189,0.0
228,362,0.0
228,17,0.0
228,16,0.0
228,310,0.0
308,119,0.0
308,20,0.0
308,476,0.0
308,264,0.0
308,200,0.0
308,189,0.0
308,362,0.0
308,17,0.0
308,16,0.0
308,310,0.0
139,119,0.0
139,20,0.0
139,399,0.0
139,476,0.0
139,200,0.0
139,189,0.0
139,362,0.0
139,17,0.0
139,16,0.0
139,310,0.0
373,119,0.0
373,20,0.0
373,399,0.0
373,476,0.0
373,264,0.0
373,200,0.0
373,189,0.0
373,362,0.0
373,17,0.0
373,16,0.0
168,119,0.0
168,20,0.0
168,399,0.0
168,476,0.0
168,264,0.0
168,200,0.0
168,189,0.0
168,362,0.0
168,17,0.0
168,16,0.0
400,119,0.0
400,20,0.0
400,399,0.0
400,476,0.0
400,264,0.0
400,200,0.0
400,189,0.0
400,362,0.0
400,17,0.0
400,16,0.0
320,119,0.0
320,20,0.0
320,399,0.0
320,476,0.0
320,264,0.0
320,200,0.0
320,189,0.0
320,362,0.0
320,17,0.0
320,16,0.0
95,119,0.0
95,399,0.0
95,476,0.0
95,264,0.0
95,200,0.0
95,189,0.0
95,362,0.0
95,17,0.0
95,16,0.0
95,310,0.0
353,119,0.0
353,20,0.0
353,399,0.0
353,476,0.0
353,200,0.0
353,189,0.0
353,362,0.0
353,17,0.0
353,16,0.0
353,310,0.0
260,119,0.0
260,20,0.0
260,399,0.0
260,476,0.0
260,264,0.0
260,200,0.0
260,189,0.0
260,362,0.0
260,17,0.0
260,16,0.0
83,20,0.0
83,399,0.0
83,476,0.0
83,264,0.0
83,200,0.0
83,189,0.0
83,362,0.0
83,17,0.0
83,16,0.0
83,310,0.0
250,190,1.0
250,125,1.0
250,415,1.0
250,19,1.0
250,284,0.0
250,17,0.0
250,416,0.0
250,89,0.0
250,400,0.0
250,134,-4.440892098500626E-16
395,264,14.0
395,200,7.0
395,399,7.0
395,287,6.0
395,119,6.0
395,352,6.0
395,94,5.0
395,310,3.0
395,78,2.0
395,362,2.0
183,119,0.0
183,20,0.0
183,399,0.0
183,476,0.0
183,264,0.0
183,200,0.0
183,189,0.0
183,362,0.0
183,17,0.0
183,16,0.0
275,119,0.0
275,20,0.0
275,399,0.0
275,476,0.0
275,264,0.0
275,200,0.0
275,189,0.0
275,362,0.0
275,17,0.0
275,16,0.0
173,119,0.0
173,399,0.0
173,476,0.0
173,200,0.0
173,189,0.0
173,362,0.0
173,17,0.0
173,16,0.0
173,310,0.0
173,59,0.0
272,119,0.0
272,20,0.0
272,399,0.0
272,476,0.0
272,264,0.0
272,200,0.0
272,189,0.0
272,362,0.0
272,17,0.0
272,16,0.0
304,119,0.0
304,399,0.0
304,476,0.0
304,264,0.0
304,200,0.0
304,189,0.0
304,362,0.0
304,17,0.0
304,16,0.0
304,310,0.0
318,119,0.0
318,399,0.0
318,476,0.0
318,264,0.0
318,200,0.0
318,189,0.0
318,362,0.0
318,17,0.0
318,16,0.0
318,310,0.0
125,16,3.999999999999999
125,22,2.999999999999999
125,310,2.9999999999999982
125,78,0.9999999999999998
125,134,0.9999999999999998
125,77,0.9999999999999998
125,59,0.9999999999999993
125,416,0.0
125,476,0.0
125,17,0.0
374,119,0.0
374,20,0.0
374,399,0.0
374,476,0.0
374,264,0.0
374,200,0.0
374,189,0.0
374,362,0.0
374,17,0.0
374,16,0.0
317,119,0.0
317,20,0.0
317,399,0.0
317,476,0.0
317,264,0.0
317,200,0.0
317,189,0.0
317,362,0.0
317,17,0.0
317,16,0.0
177,119,0.0
177,20,0.0
177,399,0.0
177,476,0.0
177,264,0.0
177,200,0.0
177,189,0.0
177,362,0.0
177,17,0.0
177,16,0.0
149,119,0.0
149,20,0.0
149,399,0.0
149,476,0.0
149,200,0.0
149,189,0.0
149,362,0.0
149,17,0.0
149,16,0.0
149,310,0.0
327,119,0.0
327,20,0.0
327,399,0.0
327,476,0.0
327,264,0.0
327,200,0.0
327,189,0.0
327,362,0.0
327,17,0.0
327,16,0.0
207,119,0.0
207,399,0.0
207,476,0.0
207,200,0.0
207,189,0.0
207,362,0.0
207,17,0.0
207,16,0.0
207,310,0.0
207,59,0.0
361,119,0.0
361,20,0.0
361,399,0.0
361,476,0.0
361,200,0.0
361,189,0.0
361,362,0.0
361,17,0.0
361,16,0.0
361,310,0.0
339,119,0.0
339,399,0.0
339,476,0.0
339,264,0.0
339,200,0.0
339,189,0.0
339,362,0.0
339,17,0.0
339,16,0.0
339,310,0.0
351,119,0.0
351,20,0.0
351,399,0.0
351,476,0.0
351,264,0.0
351,200,0.0
351,189,0.0
351,362,0.0
351,17,0.0
351,16,0.0
266,119,0.0
266,20,0.0
266,399,0.0
266,476,0.0
266,264,0.0
266,200,0.0
266,189,0.0
266,362,0.0
266,17,0.0
266,16,0.0
386,119,0.0
386,20,0.0
386,399,0.0
386,476,0.0
386,264,0.0
386,200,0.0
386,189,0.0
386,362,0.0
386,17,0.0
386,16,0.0
285,264,6.007246482867612
285,200,3.806325177138209
285,310,2.830203315587787
285,255,2.6412210790831736
285,399,2.444911182523067
285,362,2.1889822365046134
285,287,1.93297211329828
285,22,1.7559289460184546
285,78,1.1889822365046134
285,16,1.1889822365046134
127,119,0.0
127,20,0.0
127,476,0.0
127,264,0.0
127,200,0.0
127,189,0.0
127,362,0.0
127,17,0.0
127,16,0.0
127,310,0.0
341,119,0.0
341,399,0.0
341,476,0.0
341,264,0.0
341,200,0.0
341,189,0.0
341,362,0.0
341,17,0.0
341,16,0.0
341,310,0.0
130,119,0.0
130,20,0.0
130,399,0.0
130,476,0.0
130,264,0.0
130,200,0.0
130,189,0.0
130,362,0.0
130,17,0.0
130,16,0.0
364,264,14.0
364,200,7.0
364,399,7.0
364,287,6.0
364,119,6.0
364,352,6.0
364,94,5.0
364,310,3.0
364,78,2.0
364,362,2.0
331,119,0.0
331,20,0.0
331,399,0.0
331,476,0.0
331,200,0.0
331,189,0.0
331,362,0.0
331,17,0.0
331,16,0.0
331,310,0.0
332,119,0.0
332,20,0.0
332,399,0.0
332,476,0.0
332,264,0.0
332,200,0.0
332,189,0.0
332,362,0.0
332,17,0.0
332,16,0.0
389,119,0.0
389,20,0.0
389,399,0.0
389,476,0.0
389,264,0.0
389,189,0.0
389,362,0.0
389,17,0.0
389,16,0.0
389,310,0.0
146,20,0.0
146,399,0.0
146,476,0.0
146,264,0.0
146,200,0.0
146,189,0.0
146,362,0.0
146,17,0.0
146,16,0.0
146,310,0.0
328,119,0.0
328,399,0.0
328,476,0.0
328,264,0.0
328,200,0.0
328,189,0.0
328,362,0.0
328,17,0.0
328,16,0.0
328,310,0.0
322,119,0.0
322,399,0.0
322,476,0.0
322,264,0.0
322,200,0.0
322,189,0.0
322,362,0.0
322,17,0.0
322,16,0.0
322,310,0.0
181,119,0.0
181,399,0.0
181,476,0.0
181,264,0.0
181,200,0.0
181,189,0.0
181,362,0.0
181,17,0.0
181,16,0.0
181,310,0.0
299,119,0.0
299,20,0.0
299,399,0.0
299,476,0.0
299,264,0.0
299,200,0.0
299,189,0.0
299,362,0.0
299,17,0.0
299,16,0.0
313,119,0.0
313,20,0.0
313,399,0.0
313,476,0.0
313,264,0.0
313,200,0.0
313,189,0.0
313,362,0.0
313,17,0.0
313,16,0.0
245,119,0.0
245,20,0.0
245,399,0.0
245,476,0.0
245,264,0.0
245,200,0.0
245,189,0.0
245,362,0.0
245,17,0.0
245,16,0.0
393,119,0.0
393,20,0.0
393,399,0.0
393,476,0.0
393,264,0.0
393,200,0.0
393,189,0.0
393,362,0.0
393,17,0.0
393,16,0.0
324,399,15.45194076571126
324,287,14.287261682629154
324,119,13.719889958142385
324,200,11.46335952744808
324,352,7.77466170290257
324,94,6.707430581429627
324,255,4.883302810032798
324,89,4.8660254037844375
324,22,3.999999999999999
324,362,3.981980506061965
74,119,0.0
74,20,0.0
74,476,0.0
74,264,0.0
74,200,0.0
74,189,0.0
74,362,0.0
74,17,0.0
74,16,0.0
74,310,0.0
195,119,0.0
195,399,0.0
195,476,0.0
195,264,0.0
195,200,0.0
195,189,0.0
195,362,0.0
195,17,0.0
195,16,0.0
195,310,0.0
239,119,0.0
239,399,0.0
239,476,0.0
239,264,0.0
239,200,0.0
239,189,0.0
239,362,0.0
239,17,0.0
239,16,0.0
239,310,0.0
334,119,0.0
334,20,0.0
334,476,0.0
334,264,0.0
334,200,0.0
334,189,0.0
334,362,0.0
334,17,0.0
334,16,0.0
334,310,0.0
118,119,0.0
118,20,0.0
118,476,0.0
118,264,0.0
118,200,0.0
118,189,0.0
118,17,0.0
118,16,0.0
118,310,0.0
118,59,0.0
150,119,0.0
150,20,0.0
150,399,0.0
150,476,0.0
150,264,0.0
150,200,0.0
150,189,0.0
150,362,0.0
150,17,0.0
150,16,0.0
