448,287,2.2586095610915145
448,255,1.0314994353963034
448,416,0.42113125614324626
448,190,0.3413280743931446
448,19,0.3413280743931446
448,125,0.3413280743931446
448,78,0.22071195300792712
448,77,0.14002800840280097
448,284,0.10221294744798162
448,824,0.07322207385747478
444,119,0.0
444,20,0.0
444,399,0.0
444,476,0.0
444,264,0.0
444,200,0.0
444,189,0.0
444,362,0.0
444,17,0.0
444,16,0.0
450,20,11.0
450,200,11.0
450,264,8.0
450,119,7.0
450,189,5.0
450,362,5.0
450,255,4.999999999999999
450,287,4.0
450,310,3.0
450,134,2.9999999999999996
445,119,0.0
445,20,0.0
445,399,0.0
445,476,0.0
445,264,0.0
445,200,0.0
445,189,0.0
445,362,0.0
445,17,0.0
445,16,0.0
446,119,0.0
446,20,0.0
446,399,0.0
446,476,0.0
446,264,0.0
446,200,0.0
446,189,0.0
446,362,0.0
446,17,0.0
446,16,0.0
447,16,2.70410455195638
447,200,2.570802888170567
447,134,1.5228694266795193
447,287,1.330294850511736
447,94,1.2928243290581305
447,20,1.1317022079894492
447,189,0.6170629652882036
447,17,0.32871912932571284
447,476,0.32871912932571284
447,78,0.1989025590167256
449,119,0.0
449,20,0.0
449,399,0.0
449,476,0.0
449,264,0.0
449,200,0.0
449,189,0.0
449,362,0.0
449,17,0.0
449,16,0.0
522,399,27.82891924735715
522,255,8.911342536345165
522,22,7.214525987614072
522,352,6.9249202590415315
522,59,4.664101316568711
522,89,2.3512651046258015
522,134,1.3298237396876245
522,824,1.1663083994269559
522,190,0.68978911648034
522,125,0.18978911648034008
524,287,6.0
524,94,6.0
524,310,6.0
524,20,5.0
524,189,5.0
524,200,5.0
524,399,4.0
524,362,4.0
524,79,3.0
524,119,2.999999999999999
516,200,20.357815324711527
516,310,10.13972532345486
516,16,7.330540467793927
516,22,5.976047579139385
516,362,4.65640885326791
516,78,3.1726086907809012
516,352,2.0334241181923964
516,89,2.013567875344779
516,134,1.2098104233047002
516,59,1.0811241153266826
619,352,5.244405641974351
619,22,4.262391209003838
619,362,2.8336649857135887
619,59,2.7172470551012857
619,78,2.4305099496816953
619,89,2.3883094594680307
619,824,1.4307335264605126
619,416,0.7841674460608582
619,284,0.5777323739892984
619,134,0.24778861913629902
494,287,2.284044502535805
494,78,2.2349357444892237
494,264,2.1333621318344047
494,89,0.9950753216583662
494,352,0.9116411828942291
494,284,0.5057339288052698
494,77,0.0
494,400,0.0
494,16,-0.13972288227287644
494,255,-0.3115167565478254
655,200,7.323209609817139
655,79,4.588419564187246
655,287,4.096710587400163
655,16,3.441259320800259
655,22,2.168617250904237
655,134,1.4118842555316555
655,352,1.158138124365868
655,190,0.777124981901337
655,284,0.6910820064381951
655,476,0.6573757351339165
466,119,0.0
466,20,0.0
466,399,0.0
466,476,0.0
466,264,0.0
466,200,0.0
466,189,0.0
466,362,0.0
466,17,0.0
466,16,0.0
523,119,0.0
523,20,0.0
523,399,0.0
523,476,0.0
523,264,0.0
523,200,0.0
523,189,0.0
523,362,0.0
523,17,0.0
523,16,0.0
620,200,21.37023815922521
620,255,10.361388582290594
620,22,9.377514092769424
620,189,8.062504569124881
620,352,7.068781699736238
620,16,4.923982718726021
620,59,3.506839121046202
620,89,2.632869228608098
620,416,1.3065433418314627
620,134,1.1566529387741418
570,119,0.0
570,20,0.0
570,399,0.0
570,476,0.0
570,264,0.0
570,200,0.0
570,189,0.0
570,362,0.0
570,17,0.0
570,16,0.0
544,79,11.303829503766387
544,310,10.402114523315642
544,287,10.24277934782082
544,362,6.9652395278423915
544,352,5.147356643667471
544,16,5.001736718425516
544,134,1.9354749889166687
544,416,1.8433931798299232
544,78,1.3969637335943388
544,284,1.2175780362518867
618,264,12.358512582380786
618,310,8.542251794852566
618,255,5.050331069189258
618,352,4.638643135342461
618,78,3.9765365238411885
618,189,3.2974305980913545
618,362,3.1633672241634603
618,16,3.0756743081572133
618,79,1.8380890559041643
618,89,1.6531811995272787
640,399,12.88496041201515
640,264,12.487475071198126
640,200,12.46457718473398
640,287,9.357893970845698
640,310,7.54326026267783
640,255,6.027993526275696
640,79,5.161344415006905
640,16,4.805286719177757
640,362,3.7196400595142625
640,22,2.6980702740429066
487,119,0.0
487,20,0.0
487,399,0.0
487,476,0.0
487,264,0.0
487,200,0.0
487,189,0.0
487,362,0.0
487,17,0.0
487,16,0.0
610,119,0.0
610,20,0.0
610,399,0.0
610,476,0.0
610,264,0.0
610,200,0.0
610,189,0.0
610,362,0.0
610,17,0.0
610,16,0.0
492,119,4.434111201895055
492,22,3.061156850738959
492,200,2.820267266725943
492,362,2.3945462836047495
492,16,2.0900344217298037
492,78,1.7320500953919555
492,824,1.388740791511612
492,255,1.250417977043636
492,310,1.1535550741859912
492,77,0.9999999999999998
569,20,13.647673800195061
569,287,11.026557850882579
569,189,9.992875844365145
569,310,9.71408190579066
569,94,9.658285963097253
569,79,8.999742095390346
569,362,7.458835634639865
569,16,6.792502120651548
569,352,6.384210851331473
569,255,5.358773817221468
518,119,0.0
518,20,0.0
518,399,0.0
518,476,0.0
518,264,0.0
518,200,0.0
518,189,0.0
518,362,0.0
518,17,0.0
518,16,0.0
481,119,0.0
481,20,0.0
481,399,0.0
481,476,0.0
481,264,0.0
481,200,0.0
481,189,0.0
481,362,0.0
481,17,0.0
481,16,0.0
624,119,0.0
624,20,0.0
624,399,0.0
624,476,0.0
624,264,0.0
624,200,0.0
624,189,0.0
624,362,0.0
624,17,0.0
624,16,0.0
514,119,0.0
514,20,0.0
514,399,0.0
514,476,0.0
514,264,0.0
514,200,0.0
514,189,0.0
514,362,0.0
514,17,0.0
514,16,0.0
592,119,0.0
592,20,0.0
592,399,0.0
592,476,0.0
592,264,0.0
592,200,0.0
592,189,0.0
592,362,0.0
592,17,0.0
592,16,0.0
454,20,0.0
454,399,0.0
454,476,0.0
454,264,0.0
454,200,0.0
454,189,0.0
454,362,0.0
454,17,0.0
454,16,0.0
454,310,0.0
486,119,0.0
486,20,0.0
486,399,0.0
486,476,0.0
486,264,0.0
486,200,0.0
486,189,0.0
486,362,0.0
486,17,0.0
486,16,0.0
560,119,0.0
560,20,0.0
560,399,0.0
560,476,0.0
560,264,0.0
560,200,0.0
560,189,0.0
560,362,0.0
560,17,0.0
560,16,0.0
489,264,3.226735466600486
489,287,3.092760870384925
489,119,3.0927608703849243
489,200,1.90377863388031
489,352,1.8779644730092269
489,399,1.5927608703849243
489,22,1.4826644126189397
489,416,1.1889822365046137
489,59,1.0000000000000007
489,284,1.0
477,20,0.0
477,399,0.0
477,476,0.0
477,264,0.0
477,200,0.0
477,362,0.0
477,17,0.0
477,16,0.0
477,310,0.0
477,59,0.0
612,119,0.0
612,20,0.0
612,399,0.0
612,476,0.0
612,264,0.0
612,200,0.0
612,189,0.0
612,362,0.0
612,17,0.0
612,16,0.0
451,189,10.261929677365448
451,255,9.307245200182306
451,352,8.089522992194716
451,362,6.485797558470045
451,16,6.44086182904778
451,22,6.121403491362557
451,78,4.314205463726263
451,59,4.004790809726304
451,416,1.9514669927780597
451,134,1.864508369170398
639,415,0.9999999999999998
639,79,2.220446049250313E-16
639,310,2.220446049250313E-16
639,284,0.0
639,59,0.0
639,476,0.0
639,17,0.0
639,78,0.0
639,16,0.0
639,89,0.0
654,20,25.22074693370573
654,264,24.9606164176342
654,287,15.63202496495719
654,189,13.147273839287882
654,255,11.317341047000257
654,310,9.948905139623065
654,352,9.723136360333404
654,362,9.590186670097639
654,16,6.424471700056071
654,22,6.287358349165967
607,20,11.24605395053577
607,264,5.425327847382992
607,119,4.717886986640252
607,255,3.0447079480809514
607,362,2.9817816824299355
607,310,1.968558772823016
607,416,1.676353164287896
607,287,1.6526506992058447
607,78,1.5000000000000002
607,79,1.0020839549951797
471,119,0.0
471,20,0.0
471,399,0.0
471,476,0.0
471,264,0.0
471,200,0.0
471,189,0.0
471,362,0.0
471,17,0.0
471,16,0.0
657,264,27.09495855473786
657,399,26.11721772431198
657,287,17.678673424236838
657,189,17.14051539462584
657,79,13.982573780305273
657,16,11.335522785259483
657,310,10.391170153059505
657,362,10.088757362823126
657,255,9.698106930599865
657,352,9.583247851693088
632,119,0.0
632,20,0.0
632,399,0.0
632,476,0.0
632,264,0.0
632,200,0.0
632,189,0.0
632,362,0.0
632,17,0.0
632,16,0.0
578,284,1.5000000000000002
578,77,0.0
578,17,0.0
578,824,0.0
578,476,0.0
578,400,0.0
578,89,-0.18898223650461365
578,134,-0.19347937371609125
578,415,-0.23570226039551587
578,416,-0.5
660,20,17.0
660,119,15.0
660,399,14.0
660,200,12.0
660,189,9.0
660,79,9.0
660,287,8.0
660,310,7.0
660,22,7.0
660,362,7.0
519,119,0.0
519,20,0.0
519,399,0.0
519,476,0.0
519,264,0.0
519,200,0.0
519,189,0.0
519,362,0.0
519,17,0.0
519,16,0.0
588,79,6.0
588,200,5.0
588,119,5.0
588,399,4.0
588,416,3.0
588,352,2.0
588,284,2.0
588,362,2.0
588,310,1.9999999999999998
588,94,1.9999999999999998
605,20,0.0
605,399,0.0
605,476,0.0
605,264,0.0
605,200,0.0
605,189,0.0
605,362,0.0
605,17,0.0
605,16,0.0
605,310,0.0
540,119,0.0
540,20,0.0
540,399,0.0
540,476,0.0
540,264,0.0
540,200,0.0
540,189,0.0
540,362,0.0
540,17,0.0
540,16,0.0
653,119,0.0
653,20,0.0
653,399,0.0
653,476,0.0
653,264,0.0
653,200,0.0
653,189,0.0
653,362,0.0
653,17,0.0
653,16,0.0
535,119,0.0
535,20,0.0
535,399,0.0
535,476,0.0
535,264,0.0
535,200,0.0
535,189,0.0
535,362,0.0
535,17,0.0
535,16,0.0
484,399,0.0
484,476,0.0
484,264,0.0
484,200,0.0
484,189,0.0
484,362,0.0
484,17,0.0
484,16,0.0
484,310,0.0
484,59,0.0
566,264,26.10603898992869
566,119,25.041503414367003
566,20,24.62400330387931
566,287,17.781710831102128
566,189,16.42899597981695
566,310,12.784903620491725
566,255,12.269552576902298
566,362,12.134392090462647
566,16,9.859572280616725
566,352,8.243890956317573
591,200,6.0
591,264,5.0
591,362,4.000000000000001
591,20,4.0
591,189,4.0
591,134,2.000000000000001
591,16,1.0000000000000007
591,476,1.0000000000000002
591,17,1.0000000000000002
591,94,0.9999999999999996
611,119,0.0
611,20,0.0
611,399,0.0
611,476,0.0
611,264,0.0
611,200,0.0
611,189,0.0
611,362,0.0
611,17,0.0
611,16,0.0
525,119,17.10450497123512
525,20,16.544560481355187
525,189,13.93493473146538
525,287,13.384327247561687
525,310,10.83681557473248
525,79,10.089077323971127
525,255,9.532908638155153
525,352,9.300490845921411
525,362,7.94441816084344
525,16,7.518635278867053
635,415,0.0
635,400,0.0
635,77,-0.9999999999999998
635,190,-0.9999999999999998
635,125,-0.9999999999999998
635,19,-0.9999999999999998
635,476,-0.9999999999999998
635,17,-0.9999999999999998
635,89,-0.9999999999999998
635,824,-1.9999999999999996
609,119,0.0
609,20,0.0
609,399,0.0
609,476,0.0
609,264,0.0
609,200,0.0
609,189,0.0
609,362,0.0
609,17,0.0
609,16,0.0
483,20,0.0
483,476,0.0
483,264,0.0
483,200,0.0
483,189,0.0
483,362,0.0
483,17,0.0
483,16,0.0
483,310,0.0
483,59,0.0
458,119,0.0
458,20,0.0
458,399,0.0
458,476,0.0
458,264,0.0
458,200,0.0
458,189,0.0
458,362,0.0
458,17,0.0
458,16,0.0
496,119,0.0
496,20,0.0
496,399,0.0
496,476,0.0
496,264,0.0
496,200,0.0
496,189,0.0
496,362,0.0
496,17,0.0
496,16,0.0
642,352,6.267140611201611
642,310,2.481426325487325
642,200,2.062112390798557
642,416,2.0
642,19,1.0000000000000004
642,190,1.0000000000000004
642,125,1.0000000000000004
642,824,0.9999999999999998
642,77,0.9999999999999998
642,362,0.9029154939897752
526,119,0.0
526,20,0.0
526,399,0.0
526,476,0.0
526,264,0.0
526,200,0.0
526,189,0.0
526,362,0.0
526,17,0.0
526,16,0.0
459,119,0.0
459,20,0.0
459,399,0.0
459,476,0.0
459,264,0.0
459,200,0.0
459,189,0.0
459,362,0.0
459,17,0.0
459,16,0.0
616,119,0.0
616,20,0.0
616,399,0.0
616,476,0.0
616,264,0.0
616,200,0.0
616,189,0.0
616,362,0.0
616,17,0.0
616,16,0.0
641,119,0.0
641,20,0.0
641,399,0.0
641,476,0.0
641,264,0.0
641,200,0.0
641,189,0.0
641,362,0.0
641,17,0.0
641,16,0.0
478,399,15.0
478,264,14.0
478,20,13.0
478,94,12.0
478,119,11.0
478,362,9.0
478,287,9.0
478,255,8.0
478,16,7.999999999999998
478,79,6.999999999999999
493,119,0.0
493,20,0.0
493,399,0.0
493,476,0.0
493,264,0.0
493,200,0.0
493,189,0.0
493,362,0.0
493,17,0.0
493,16,0.0
553,119,0.0
553,20,0.0
553,399,0.0
553,476,0.0
553,264,0.0
553,200,0.0
553,189,0.0
553,362,0.0
553,17,0.0
553,16,0.0
601,119,0.0
601,20,0.0
601,399,0.0
601,476,0.0
601,264,0.0
601,200,0.0
601,189,0.0
601,362,0.0
601,17,0.0
601,16,0.0
583,119,0.0
583,20,0.0
583,399,0.0
583,476,0.0
583,264,0.0
583,200,0.0
583,189,0.0
583,362,0.0
583,17,0.0
583,16,0.0
617,264,7.639609850998996
617,94,6.622965486200195
617,362,5.913713119425152
617,189,5.900735585425697
617,200,5.788811145606953
617,134,1.4667478937704423
617,476,0.9271726499455305
617,17,0.9271726499455305
617,78,0.8486956970245865
617,77,0.6933752452815364
576,119,0.0
576,20,0.0
576,399,0.0
576,476,0.0
576,264,0.0
576,200,0.0
576,189,0.0
576,362,0.0
576,17,0.0
576,16,0.0
464,119,0.0
464,20,0.0
464,399,0.0
464,476,0.0
464,264,0.0
464,200,0.0
464,189,0.0
464,362,0.0
464,17,0.0
464,16,0.0
474,20,0.0
474,399,0.0
474,476,0.0
474,264,0.0
474,200,0.0
474,189,0.0
474,362,0.0
474,17,0.0
474,16,0.0
474,310,0.0
662,119,0.0
662,20,0.0
662,399,0.0
662,476,0.0
662,264,0.0
662,200,0.0
662,189,0.0
662,362,0.0
662,17,0.0
662,16,0.0
627,119,0.0
627,20,0.0
627,399,0.0
627,476,0.0
627,264,0.0
627,200,0.0
627,189,0.0
627,362,0.0
627,17,0.0
627,16,0.0
561,119,0.0
561,20,0.0
561,399,0.0
561,476,0.0
561,264,0.0
561,200,0.0
561,189,0.0
561,362,0.0
561,17,0.0
561,16,0.0
557,119,0.0
557,20,0.0
557,399,0.0
557,476,0.0
557,264,0.0
557,200,0.0
557,189,0.0
557,362,0.0
557,17,0.0
557,16,0.0
634,119,0.0
634,20,0.0
634,399,0.0
634,476,0.0
634,264,0.0
634,200,0.0
634,189,0.0
634,362,0.0
634,17,0.0
634,16,0.0
606,119,0.0
606,20,0.0
606,399,0.0
606,476,0.0
606,264,0.0
606,200,0.0
606,189,0.0
606,362,0.0
606,17,0.0
606,16,0.0
638,119,0.0
638,20,0.0
638,399,0.0
638,476,0.0
638,264,0.0
638,200,0.0
638,189,0.0
638,362,0.0
638,17,0.0
638,16,0.0
565,119,0.0
565,20,0.0
565,399,0.0
565,476,0.0
565,264,0.0
565,200,0.0
565,189,0.0
565,362,0.0
565,17,0.0
565,16,0.0
633,119,0.0
633,20,0.0
633,399,0.0
633,476,0.0
633,264,0.0
633,200,0.0
633,189,0.0
633,362,0.0
633,17,0.0
633,16,0.0
556,119,0.0
556,20,0.0
556,399,0.0
556,476,0.0
556,264,0.0
556,200,0.0
556,189,0.0
556,362,0.0
556,17,0.0
556,16,0.0
452,119,0.0
452,20,0.0
452,399,0.0
452,476,0.0
452,264,0.0
452,200,0.0
452,189,0.0
452,362,0.0
452,17,0.0
452,16,0.0
650,119,13.401435856390957
650,79,9.591579622879648
650,287,9.54470708027806
650,310,8.240799626651299
650,16,4.294392404040769
650,352,4.232820633784843
650,59,2.7551366599982354
650,416,1.9279635789033773
650,134,1.5757861777391529
650,78,1.2326856618099056
550,20,9.636409204335564
550,200,8.513199578933538
550,189,6.764058580972051
550,287,5.223023014112293
550,362,4.946840610305095
550,94,4.785140745354468
550,79,4.170098177065463
550,16,3.8341646412279875
550,310,1.937446299263082
550,134,1.917662935482247
651,399,26.97933346714998
651,200,21.384445645216562
651,189,12.723389884495802
651,16,9.384057095869816
651,255,8.231946904723667
651,310,7.754898977463901
651,362,7.599726174995899
651,22,7.322870751586608
651,352,3.7872579781523497
651,59,3.502595404895176
521,119,0.0
521,20,0.0
521,399,0.0
521,476,0.0
521,264,0.0
521,200,0.0
521,189,0.0
521,362,0.0
521,17,0.0
521,16,0.0
482,119,0.0
482,20,0.0
482,399,0.0
482,476,0.0
482,264,0.0
482,200,0.0
482,189,0.0
482,362,0.0
482,17,0.0
482,16,0.0
479,119,0.0
479,20,0.0
479,399,0.0
479,476,0.0
479,264,0.0
479,200,0.0
479,189,0.0
479,362,0.0
479,17,0.0
479,16,0.0
546,119,0.0
546,20,0.0
546,399,0.0
546,476,0.0
546,264,0.0
546,200,0.0
546,189,0.0
546,362,0.0
546,17,0.0
546,16,0.0
539,119,0.0
539,20,0.0
539,399,0.0
539,476,0.0
539,264,0.0
539,200,0.0
539,189,0.0
539,362,0.0
539,17,0.0
539,16,0.0
548,119,0.0
548,20,0.0
548,399,0.0
548,476,0.0
548,264,0.0
548,200,0.0
548,362,0.0
548,17,0.0
548,16,0.0
548,310,0.0
603,264,19.722984447306892
603,20,17.68300563273942
603,189,13.158477854504419
603,79,12.730149815614134
603,287,11.504031189950567
603,310,9.777898361814547
603,362,8.904458430286086
603,255,8.821980218296146
603,16,7.680933194767191
603,352,7.130550831635972
554,119,0.0
554,20,0.0
554,399,0.0
554,476,0.0
554,264,0.0
554,200,0.0
554,189,0.0
554,362,0.0
554,17,0.0
554,16,0.0
513,119,0.0
513,20,0.0
513,399,0.0
513,476,0.0
513,264,0.0
513,200,0.0
513,189,0.0
513,362,0.0
513,17,0.0
513,16,0.0
552,20,0.0
552,399,0.0
552,476,0.0
552,264,0.0
552,200,0.0
552,189,0.0
552,362,0.0
552,17,0.0
552,16,0.0
552,310,0.0
500,20,0.0
500,399,0.0
500,476,0.0
500,264,0.0
500,200,0.0
500,189,0.0
500,362,0.0
500,17,0.0
500,16,0.0
500,310,0.0
648,119,0.0
648,20,0.0
648,399,0.0
648,476,0.0
648,264,0.0
648,200,0.0
648,189,0.0
648,362,0.0
648,17,0.0
648,16,0.0
520,119,0.0
520,20,0.0
520,399,0.0
520,476,0.0
520,264,0.0
520,200,0.0
520,189,0.0
520,362,0.0
520,17,0.0
520,16,0.0
555,119,0.0
555,20,0.0
555,399,0.0
555,476,0.0
555,264,0.0
555,200,0.0
555,189,0.0
555,362,0.0
555,17,0.0
555,16,0.0
460,119,0.0
460,20,0.0
460,399,0.0
460,476,0.0
460,264,0.0
460,200,0.0
460,189,0.0
460,362,0.0
460,17,0.0
460,16,0.0
506,119,0.0
506,20,0.0
506,399,0.0
506,476,0.0
506,264,0.0
506,200,0.0
506,189,0.0
506,362,0.0
506,17,0.0
506,16,0.0
649,119,0.0
649,20,0.0
649,399,0.0
649,476,0.0
649,264,0.0
649,200,0.0
649,189,0.0
649,362,0.0
649,17,0.0
649,16,0.0
602,119,0.0
602,20,0.0
602,399,0.0
602,476,0.0
602,264,0.0
602,200,0.0
602,189,0.0
602,362,0.0
602,17,0.0
602,16,0.0
533,119,0.0
533,20,0.0
533,399,0.0
533,476,0.0
533,264,0.0
533,200,0.0
533,189,0.0
533,362,0.0
533,17,0.0
533,16,0.0
491,119,0.0
491,20,0.0
491,399,0.0
491,476,0.0
491,264,0.0
491,200,0.0
491,189,0.0
491,362,0.0
491,17,0.0
491,16,0.0
621,79,7.5328383670607675
621,352,4.3549151671433455
621,362,3.9414329498418352
621,78,1.3543550368996875
621,89,1.2818527639567439
621,59,0.9949391418303013
621,416,0.9011183779903845
621,824,0.47843368398619884
621,284,0.46931078302727514
621,125,0.45958799169714093
498,119,0.0
498,20,0.0
498,399,0.0
498,476,0.0
498,264,0.0
498,200,0.0
498,189,0.0
498,362,0.0
498,17,0.0
498,16,0.0
590,22,3.7491458736536334
590,189,3.2678505736160632
590,59,2.1069645260991576
590,119,1.984040426907448
590,824,1.7004727969157798
590,78,1.6459585447084304
590,352,1.558701674401817
590,16,1.1659537576346686
590,77,1.0
590,287,0.14112324960876133
574,20,0.0
574,399,0.0
574,476,0.0
574,200,0.0
574,189,0.0
574,362,0.0
574,17,0.0
574,16,0.0
574,310,0.0
574,59,0.0
575,119,0.0
575,20,0.0
575,399,0.0
575,476,0.0
575,264,0.0
575,200,0.0
575,189,0.0
575,362,0.0
575,17,0.0
575,16,0.0
453,119,0.0
453,20,0.0
453,399,0.0
453,476,0.0
453,264,0.0
453,200,0.0
453,189,0.0
453,362,0.0
453,17,0.0
453,16,0.0
564,119,0.0
564,20,0.0
564,399,0.0
564,476,0.0
564,264,0.0
564,200,0.0
564,189,0.0
564,362,0.0
564,17,0.0
564,16,0.0
562,119,0.0
562,20,0.0
562,399,0.0
562,476,0.0
562,264,0.0
562,200,0.0
562,189,0.0
562,362,0.0
562,17,0.0
562,16,0.0
643,119,0.0
643,20,0.0
643,399,0.0
643,476,0.0
643,264,0.0
643,200,0.0
643,189,0.0
643,362,0.0
643,17,0.0
643,16,0.0
501,399,16.809249170371185
501,119,15.701307135419079
501,200,14.923957037306465
501,264,14.923957037306465
501,189,12.923957037306463
501,362,9.264249457407699
501,287,8.923957037306463
501,255,7.411632138391999
501,310,6.923957037306463
501,79,5.508320511389245
571,119,0.0
571,20,0.0
571,399,0.0
571,476,0.0
571,264,0.0
571,200,0.0
571,189,0.0
571,362,0.0
571,17,0.0
571,16,0.0
508,119,0.0
508,20,0.0
508,399,0.0
508,476,0.0
508,264,0.0
508,200,0.0
508,189,0.0
508,362,0.0
508,17,0.0
508,16,0.0
656,119,0.0
656,20,0.0
656,399,0.0
656,476,0.0
656,264,0.0
656,200,0.0
656,189,0.0
656,362,0.0
656,17,0.0
656,16,0.0
499,119,0.0
499,20,0.0
499,399,0.0
499,476,0.0
499,264,0.0
499,200,0.0
499,189,0.0
499,362,0.0
499,17,0.0
499,16,0.0
637,119,0.0
637,20,0.0
637,399,0.0
637,476,0.0
637,264,0.0
637,200,0.0
637,189,0.0
637,362,0.0
637,17,0.0
637,16,0.0
586,287,7.498552968190298
586,399,5.907627882787597
586,119,5.809067576299583
586,200,5.607140261587697
586,310,5.451228092592535
586,16,5.278318223339541
586,352,4.840165686506834
586,94,4.6042914587874435
586,189,4.4315991436020425
586,78,3.1653981539113474
527,119,0.0
527,20,0.0
527,399,0.0
527,476,0.0
527,264,0.0
527,200,0.0
527,189,0.0
527,362,0.0
527,17,0.0
527,16,0.0
626,119,0.0
626,20,0.0
626,399,0.0
626,476,0.0
626,264,0.0
626,200,0.0
626,189,0.0
626,362,0.0
626,17,0.0
626,16,0.0
551,119,0.0
551,20,0.0
551,399,0.0
551,476,0.0
551,264,0.0
551,200,0.0
551,189,0.0
551,362,0.0
551,17,0.0
551,16,0.0
502,119,0.0
502,20,0.0
502,399,0.0
502,476,0.0
502,264,0.0
502,200,0.0
502,189,0.0
502,362,0.0
502,17,0.0
502,16,0.0
582,119,0.0
582,20,0.0
582,399,0.0
582,476,0.0
582,264,0.0
582,200,0.0
582,189,0.0
582,362,0.0
582,17,0.0
582,16,0.0
511,119,0.0
511,20,0.0
511,399,0.0
511,476,0.0
511,264,0.0
511,200,0.0
511,189,0.0
511,362,0.0
511,17,0.0
511,16,0.0
573,119,0.0
573,20,0.0
573,399,0.0
573,476,0.0
573,264,0.0
573,200,0.0
573,189,0.0
573,362,0.0
573,17,0.0
573,16,0.0
462,119,0.0
462,20,0.0
462,399,0.0
462,476,0.0
462,264,0.0
462,200,0.0
462,189,0.0
462,362,0.0
462,17,0.0
462,16,0.0
604,119,0.0
604,399,0.0
604,476,0.0
604,264,0.0
604,200,0.0
604,189,0.0
604,362,0.0
604,17,0.0
604,16,0.0
604,310,0.0
473,119,0.0
473,20,0.0
473,399,0.0
473,476,0.0
473,264,0.0
473,200,0.0
473,189,0.0
473,362,0.0
473,17,0.0
473,16,0.0
488,119,0.0
488,399,0.0
488,476,0.0
488,264,0.0
488,200,0.0
488,189,0.0
488,362,0.0
488,17,0.0
488,16,0.0
488,310,0.0
558,399,13.638202814024968
558,119,12.40155095795895
558,200,12.16638029556485
558,94,9.885590521741447
558,287,9.628667141095253
558,255,8.102629137914239
558,310,7.935161568247949
558,189,7.72466466490501
558,22,6.426127211258304
558,352,5.599433586051008
613,119,0.0
613,20,0.0
613,399,0.0
613,476,0.0
613,264,0.0
613,200,0.0
613,189,0.0
613,362,0.0
613,17,0.0
613,16,0.0
547,20,0.0
547,399,0.0
547,476,0.0
547,264,0.0
547,200,0.0
547,189,0.0
547,362,0.0
547,17,0.0
547,16,0.0
547,310,0.0
505,119,0.0
505,20,0.0
505,399,0.0
505,476,0.0
505,264,0.0
505,200,0.0
505,189,0.0
505,362,0.0
505,17,0.0
505,16,0.0
595,119,0.0
595,20,0.0
595,399,0.0
595,476,0.0
595,264,0.0
595,200,0.0
595,189,0.0
595,362,0.0
595,17,0.0
595,16,0.0
658,119,0.0
658,20,0.0
658,399,0.0
658,476,0.0
658,264,0.0
658,200,0.0
658,189,0.0
658,362,0.0
658,17,0.0
658,16,0.0
646,119,0.0
646,20,0.0
646,399,0.0
646,476,0.0
646,264,0.0
646,200,0.0
646,189,0.0
646,362,0.0
646,17,0.0
646,16,0.0
497,119,0.0
497,20,0.0
497,399,0.0
497,476,0.0
497,264,0.0
497,200,0.0
497,189,0.0
497,362,0.0
497,17,0.0
497,16,0.0
596,119,0.0
596,20,0.0
596,399,0.0
596,476,0.0
596,264,0.0
596,200,0.0
596,189,0.0
596,362,0.0
596,17,0.0
596,16,0.0
628,119,0.0
628,20,0.0
628,399,0.0
628,476,0.0
628,200,0.0
628,189,0.0
628,362,0.0
628,17,0.0
628,16,0.0
628,310,0.0
630,119,0.0
630,20,0.0
630,399,0.0
630,476,0.0
630,264,0.0
630,200,0.0
630,189,0.0
630,362,0.0
630,17,0.0
630,16,0.0
455,119,0.0
455,20,0.0
455,399,0.0
455,476,0.0
455,264,0.0
455,200,0.0
455,189,0.0
455,362,0.0
455,17,0.0
455,16,0.0
622,134,0.48594310291328535
622,59,0.2559289460184544
622,77,0.0
622,824,0.0
622,415,0.0
622,17,0.0
622,476,0.0
622,400,0.0
622,255,-0.014056897086714981
622,94,-0.8207046579482868
580,119,0.0
580,20,0.0
580,399,0.0
580,476,0.0
580,264,0.0
580,200,0.0
580,189,0.0
580,362,0.0
580,17,0.0
580,16,0.0
530,20,0.0
530,399,0.0
530,476,0.0
530,264,0.0
530,200,0.0
530,189,0.0
530,362,0.0
530,17,0.0
530,16,0.0
530,310,0.0
532,119,0.0
532,399,0.0
532,476,0.0
532,264,0.0
532,200,0.0
532,189,0.0
532,362,0.0
532,17,0.0
532,16,0.0
532,310,0.0
503,119,0.0
503,20,0.0
503,399,0.0
503,476,0.0
503,264,0.0
503,200,0.0
503,189,0.0
503,362,0.0
503,17,0.0
503,16,0.0
652,119,0.0
652,20,0.0
652,399,0.0
652,476,0.0
652,264,0.0
652,200,0.0
652,189,0.0
652,362,0.0
652,17,0.0
652,16,0.0
456,119,0.0
456,20,0.0
456,399,0.0
456,476,0.0
456,264,0.0
456,200,0.0
456,189,0.0
456,362,0.0
456,17,0.0
456,16,0.0
457,119,0.0
457,20,0.0
457,399,0.0
457,476,0.0
457,264,0.0
457,200,0.0
457,189,0.0
457,362,0.0
457,17,0.0
457,16,0.0
468,119,0.0
468,20,0.0
468,399,0.0
468,476,0.0
468,264,0.0
468,200,0.0
468,189,0.0
468,362,0.0
468,17,0.0
468,16,0.0
647,119,0.0
647,20,0.0
647,399,0.0
647,476,0.0
647,264,0.0
647,200,0.0
647,189,0.0
647,362,0.0
647,17,0.0
647,16,0.0
490,119,0.0
490,20,0.0
490,399,0.0
490,476,0.0
490,264,0.0
490,200,0.0
490,189,0.0
490,362,0.0
490,17,0.0
490,16,0.0
559,119,0.0
559,20,0.0
559,399,0.0
559,476,0.0
559,264,0.0
559,200,0.0
559,189,0.0
559,362,0.0
559,17,0.0
559,16,0.0
536,119,0.0
536,20,0.0
536,399,0.0
536,476,0.0
536,264,0.0
536,200,0.0
536,189,0.0
536,362,0.0
536,17,0.0
536,16,0.0
470,119,0.0
470,20,0.0
470,399,0.0
470,476,0.0
470,264,0.0
470,200,0.0
470,189,0.0
470,362,0.0
470,17,0.0
470,16,0.0
615,119,0.0
615,20,0.0
615,399,0.0
615,476,0.0
615,264,0.0
615,200,0.0
615,189,0.0
615,362,0.0
615,17,0.0
615,16,0.0
531,119,0.0
531,399,0.0
531,476,0.0
531,264,0.0
531,200,0.0
531,189,0.0
531,362,0.0
531,17,0.0
531,16,0.0
531,310,0.0
563,119,0.0
563,20,0.0
563,399,0.0
563,476,0.0
563,264,0.0
563,200,0.0
563,189,0.0
563,362,0.0
563,17,0.0
563,16,0.0
480,119,0.0
480,20,0.0
480,399,0.0
480,476,0.0
480,264,0.0
480,200,0.0
480,189,0.0
480,362,0.0
480,17,0.0
480,16,0.0
636,119,0.0
636,20,0.0
636,399,0.0
636,476,0.0
636,264,0.0
636,200,0.0
636,189,0.0
636,362,0.0
636,17,0.0
636,16,0.0
467,119,0.0
467,20,0.0
467,399,0.0
467,476,0.0
467,264,0.0
467,200,0.0
467,189,0.0
467,362,0.0
467,17,0.0
467,16,0.0
567,119,0.0
567,20,0.0
567,399,0.0
567,476,0.0
567,264,0.0
567,200,0.0
567,189,0.0
567,362,0.0
567,17,0.0
567,16,0.0
537,119,0.0
537,20,0.0
537,399,0.0
537,476,0.0
537,264,0.0
537,200,0.0
537,189,0.0
537,362,0.0
537,17,0.0
537,16,0.0
543,119,0.0
543,20,0.0
543,399,0.0
543,476,0.0
543,264,0.0
543,200,0.0
543,189,0.0
543,362,0.0
543,17,0.0
543,16,0.0
666,255,6.964940346660251
666,78,2.323248937852605
666,89,1.5440460887854865
666,284,1.1132983111967043
666,134,1.0356227457334972
666,190,0.5189824673802234
666,19,0.5189824673802234
666,125,0.5189824673802234
666,77,0.45838154016456234
666,415,0.39144191674603085
670,119,0.0
670,20,0.0
670,399,0.0
670,476,0.0
670,264,0.0
670,200,0.0
670,189,0.0
670,362,0.0
670,17,0.0
670,16,0.0
674,89,0.9999999999999998
674,284,0.9999999999999998
674,352,2.220446049250313E-16
674,77,0.0
674,415,0.0
674,400,0.0
674,22,-0.9999999999999996
674,59,-0.9999999999999998
674,416,-0.9999999999999998
674,134,-0.9999999999999998
663,94,4.784727049314144
663,399,2.9448668562911795
663,16,1.8611792481305296
663,78,1.33370596010089
663,59,1.3145042142851726
663,119,0.6881701152286137
663,416,0.5782969424480733
663,284,0.3809139315613332
663,190,0.33836394755025095
663,125,0.33836394755025095
673,20,17.73776413775158
673,264,17.528687558119433
673,94,13.755831506311186
673,189,8.988740333114965
673,287,8.617518422582219
673,310,8.489352530027615
673,255,6.235652493577569
673,362,6.1363004869578495
673,16,6.086139258236196
673,78,4.347403438136017
669,119,0.0
669,20,0.0
669,399,0.0
669,476,0.0
669,264,0.0
669,200,0.0
669,189,0.0
669,362,0.0
669,17,0.0
669,16,0.0
672,94,5.6719856988262425
672,119,4.9967574335242375
672,399,4.735883025294795
672,362,3.1251867464850163
672,16,2.7341941259329117
672,22,2.6733501642079474
672,59,2.312986696353585
672,200,2.0394555015343077
672,78,1.764658495575626
672,824,1.6488856845230502
667,119,0.0
667,20,0.0
667,399,0.0
667,476,0.0
667,264,0.0
667,200,0.0
667,189,0.0
667,362,0.0
667,17,0.0
667,16,0.0
675,119,0.0
675,20,0.0
675,399,0.0
675,476,0.0
675,264,0.0
675,200,0.0
675,189,0.0
675,362,0.0
675,17,0.0
675,16,0.0
668,119,0.0
668,20,0.0
668,399,0.0
668,476,0.0
668,264,0.0
668,200,0.0
668,189,0.0
668,362,0.0
668,17,0.0
668,16,0.0
439,119,0.0
439,20,0.0
439,399,0.0
439,476,0.0
439,264,0.0
439,200,0.0
439,189,0.0
439,362,0.0
439,17,0.0
439,16,0.0
426,119,0.0
426,20,0.0
426,399,0.0
426,476,0.0
426,264,0.0
426,200,0.0
426,189,0.0
426,362,0.0
426,17,0.0
426,16,0.0
424,119,0.0
424,20,0.0
424,399,0.0
424,476,0.0
424,264,0.0
424,200,0.0
424,189,0.0
424,362,0.0
424,17,0.0
424,16,0.0
435,119,0.0
435,20,0.0
435,399,0.0
435,476,0.0
435,264,0.0
435,200,0.0
435,189,0.0
435,362,0.0
435,17,0.0
435,16,0.0
433,119,0.0
433,20,0.0
433,399,0.0
433,476,0.0
433,264,0.0
433,200,0.0
433,189,0.0
433,362,0.0
433,17,0.0
433,16,0.0
432,119,0.0
432,20,0.0
432,399,0.0
432,476,0.0
432,264,0.0
432,200,0.0
432,189,0.0
432,362,0.0
432,17,0.0
432,16,0.0
443,119,0.0
443,20,0.0
443,399,0.0
443,476,0.0
443,264,0.0
443,200,0.0
443,189,0.0
443,362,0.0
443,17,0.0
443,16,0.0
440,119,0.0
440,20,0.0
440,399,0.0
440,476,0.0
440,264,0.0
440,200,0.0
440,189,0.0
440,362,0.0
440,17,0.0
440,16,0.0
415,59,3.0
415,310,3.0
415,287,1.9999999999999991
415,22,1.0
415,200,1.0
415,416,0.9999999999999998
415,352,0.9999999999999998
415,824,0.9999999999999998
415,79,0.9999999999999993
415,78,0.0
429,119,0.0
429,20,0.0
429,399,0.0
429,476,0.0
429,264,0.0
429,200,0.0
429,189,0.0
429,362,0.0
429,17,0.0
429,16,0.0
420,189,5.2924830368354625
420,16,3.7058590309302355
420,134,1.3759938993585965
420,824,0.9820248339906209
420,77,0.6609789738588475
420,78,0.5992033367035978
420,284,0.5654132296930141
420,415,0.45958799169714093
420,476,0.3413280743931446
420,17,0.3413280743931446
411,352,2.5549425955244747
411,78,0.746565830191755
411,89,0.5839642697996359
411,284,0.2032279911003082
411,415,0.07863804617387939
411,19,0.0
411,125,0.0
411,400,0.0
411,416,-0.03642486662794475
411,79,-0.10665852318656066
430,119,0.0
430,20,0.0
430,399,0.0
430,476,0.0
430,264,0.0
430,200,0.0
430,189,0.0
430,362,0.0
430,17,0.0
430,16,0.0
422,79,7.015642515016891
422,264,5.9955867347692156
422,287,5.686188004957472
422,94,4.372175979000524
422,189,4.140354814854898
422,16,3.9099090552361893
422,352,2.3179874646990526
422,200,2.1693961692016828
422,824,1.6814354951012416
422,310,1.091264635915908
436,119,0.0
436,20,0.0
436,399,0.0
436,476,0.0
436,264,0.0
436,200,0.0
436,189,0.0
436,362,0.0
436,17,0.0
436,16,0.0
417,119,0.0
417,20,0.0
417,399,0.0
417,476,0.0
417,200,0.0
417,189,0.0
417,362,0.0
417,17,0.0
417,16,0.0
417,310,0.0
438,119,0.0
438,20,0.0
438,399,0.0
438,476,0.0
438,264,0.0
438,200,0.0
438,189,0.0
438,362,0.0
438,17,0.0
438,16,0.0
442,119,0.0
442,20,0.0
442,399,0.0
442,476,0.0
442,264,0.0
442,200,0.0
442,189,0.0
442,362,0.0
442,17,0.0
442,16,0.0
431,119,0.0
431,20,0.0
431,399,0.0
431,476,0.0
431,264,0.0
431,200,0.0
431,189,0.0
431,362,0.0
431,17,0.0
431,16,0.0
419,119,0.0
419,20,0.0
419,399,0.0
419,476,0.0
419,264,0.0
419,200,0.0
419,189,0.0
419,362,0.0
419,17,0.0
419,16,0.0
441,287,2.2857142857142856
441,79,2.2857142857142856
441,310,1.7857142857142863
441,94,1.7857142857142854
441,255,1.7857142857142854
441,416,1.5
441,352,1.285714285714286
441,22,1.2857142857142858
441,284,1.0
441,78,1.0
414,119,0.0
414,20,0.0
414,399,0.0
414,476,0.0
414,264,0.0
414,200,0.0
414,189,0.0
414,362,0.0
414,17,0.0
414,16,0.0
410,119,0.0
410,20,0.0
410,399,0.0
410,476,0.0
410,264,0.0
410,200,0.0
410,189,0.0
410,362,0.0
410,17,0.0
410,16,0.0
423,119,0.0
423,20,0.0
423,399,0.0
423,476,0.0
423,264,0.0
423,200,0.0
423,189,0.0
423,362,0.0
423,17,0.0
423,16,0.0
418,119,0.0
418,20,0.0
418,399,0.0
418,476,0.0
418,264,0.0
418,200,0.0
418,189,0.0
418,362,0.0
418,17,0.0
418,16,0.0
412,119,0.0
412,20,0.0
412,399,0.0
412,476,0.0
412,264,0.0
412,200,0.0
412,189,0.0
412,362,0.0
412,17,0.0
412,16,0.0
428,119,0.0
428,20,0.0
428,399,0.0
428,476,0.0
428,264,0.0
428,200,0.0
428,189,0.0
428,362,0.0
428,17,0.0
428,16,0.0
437,119,0.0
437,20,0.0
437,399,0.0
437,476,0.0
437,264,0.0
437,200,0.0
437,189,0.0
437,362,0.0
437,17,0.0
437,16,0.0
434,119,0.0
434,20,0.0
434,399,0.0
434,476,0.0
434,264,0.0
434,200,0.0
434,189,0.0
434,362,0.0
434,17,0.0
434,16,0.0
413,119,0.0
413,20,0.0
413,399,0.0
413,476,0.0
413,264,0.0
413,200,0.0
413,189,0.0
413,362,0.0
413,17,0.0
413,16,0.0
44,119,12.61224974489923
44,78,2.31538602119687
44,89,1.5445944557585793
44,416,1.061368079345262
44,284,0.9670743648114908
44,824,0.6096637465120814
44,415,0.4161434703668009
44,125,0.17571825197102134
44,19,0.17571825197102134
44,77,0.12539735414374104
57,264,25.151190340676422
57,79,15.854849032864323
57,287,14.578724736320876
57,310,9.853829591099757
57,352,9.474159259372295
57,362,8.418274054096463
57,16,8.15698147604113
57,255,6.439317181059024
57,22,4.150959456774094
57,59,2.857492583048651
38,79,9.696255044459045
38,287,9.312944047055508
38,16,7.204379166010354
38,310,3.9113650319107522
38,255,3.8984782633327297
38,352,2.5880630777711646
38,22,1.7086249749934428
38,134,1.4611896091398424
38,78,1.3840759206422613
38,416,1.284048134491807
45,20,23.625128835074403
45,94,12.668465674982471
45,189,10.251790171074536
45,352,8.735450007911245
45,255,7.9055526129446125
45,362,7.632920494819244
45,310,7.490550455736106
45,16,6.1577680346666
45,78,5.170769913795623
45,59,2.5986768453327027
28,399,0.0
28,476,0.0
28,264,0.0
28,200,0.0
28,189,0.0
28,362,0.0
28,17,0.0
28,16,0.0
28,310,0.0
28,59,0.0
61,20,29.250308569524996
61,78,2.9139229510303615
61,416,1.0504777938054275
61,824,1.0057605797728884
61,89,0.6640878911378956
61,134,0.5436269750186611
61,284,0.43860382011070403
61,77,0.18856180831641264
61,125,0.0
61,19,0.0
36,59,1.0
36,476,1.0
36,17,1.0
36,416,0.0
36,352,0.0
36,284,0.0
36,310,0.0
36,16,0.0
36,78,0.0
36,190,0.0
54,119,0.0
54,20,0.0
54,399,0.0
54,476,0.0
54,264,0.0
54,200,0.0
54,189,0.0
54,362,0.0
54,17,0.0
54,16,0.0
47,119,0.0
47,20,0.0
47,399,0.0
47,476,0.0
47,264,0.0
47,200,0.0
47,189,0.0
47,362,0.0
47,17,0.0
47,16,0.0
29,119,0.0
29,20,0.0
29,399,0.0
29,476,0.0
29,264,0.0
29,200,0.0
29,189,0.0
29,362,0.0
29,17,0.0
29,16,0.0
26,119,0.0
26,20,0.0
26,399,0.0
26,476,0.0
26,264,0.0
26,200,0.0
26,189,0.0
26,362,0.0
26,17,0.0
26,16,0.0
33,20,16.24473507205438
33,79,13.02614676287247
33,94,11.467480719884266
33,362,4.413921262856292
33,16,3.924449801760712
33,22,3.6122560488924913
33,352,3.5786434626391164
33,59,3.5645341807364326
33,255,3.3495669549723894
33,78,2.4353420373700128
46,17,0.9999999999999998
46,476,0.9999999999999998
46,400,0.0
46,77,-0.9999999999999998
46,125,-0.9999999999999998
46,19,-0.9999999999999998
46,190,-0.9999999999999998
46,415,-1.0
46,824,-1.0
46,284,-1.9999999999999996
21,20,20.019075889913278
21,94,10.212555429742403
21,200,8.293623486419664
21,287,6.97797658165331
21,22,5.9196758954187505
21,310,5.759810941260909
21,352,4.321888279237242
21,89,1.6567457626395634
21,16,1.636089571021427
21,78,1.342889279065181
48,119,0.0
48,20,0.0
48,399,0.0
48,476,0.0
48,264,0.0
48,200,0.0
48,189,0.0
48,362,0.0
48,17,0.0
48,16,0.0
7,119,0.0
7,20,0.0
7,399,0.0
7,476,0.0
7,264,0.0
7,200,0.0
7,189,0.0
7,362,0.0
7,17,0.0
7,16,0.0
53,119,0.0
53,20,0.0
53,399,0.0
53,476,0.0
53,264,0.0
53,200,0.0
53,189,0.0
53,362,0.0
53,17,0.0
53,16,0.0
8,119,0.0
8,20,0.0
8,399,0.0
8,476,0.0
8,264,0.0
8,200,0.0
8,189,0.0
8,362,0.0
8,17,0.0
8,16,0.0
25,119,0.0
25,20,0.0
25,399,0.0
25,476,0.0
25,264,0.0
25,200,0.0
25,189,0.0
25,362,0.0
25,17,0.0
25,16,0.0
35,16,5.702914422664318
35,310,3.016321173409419
35,59,2.5594526348125735
35,78,2.2750608298374786
35,824,1.049588504161599
35,476,0.5723128319476511
35,17,0.5723128319476511
35,416,0.56173258295969
35,89,0.4445494935326584
35,284,0.30684264246450177
19,119,0.0
19,20,0.0
19,399,0.0
19,476,0.0
19,264,0.0
19,200,0.0
19,189,0.0
19,362,0.0
19,17,0.0
19,16,0.0
69,119,0.0
69,20,0.0
69,399,0.0
69,476,0.0
69,264,0.0
69,189,0.0
69,362,0.0
69,17,0.0
69,16,0.0
69,310,0.0
20,119,0.0
20,20,0.0
20,476,0.0
20,264,0.0
20,200,0.0
20,362,0.0
20,17,0.0
20,16,0.0
20,310,0.0
20,59,0.0
23,119,0.0
23,20,0.0
23,399,0.0
23,476,0.0
23,264,0.0
23,200,0.0
23,189,0.0
23,362,0.0
23,17,0.0
23,16,0.0
56,119,0.0
56,20,0.0
56,399,0.0
56,476,0.0
56,264,0.0
56,200,0.0
56,189,0.0
56,362,0.0
56,17,0.0
56,16,0.0
14,119,0.0
14,20,0.0
14,399,0.0
14,476,0.0
14,264,0.0
14,200,0.0
14,189,0.0
14,362,0.0
14,17,0.0
14,16,0.0
37,119,0.0
37,20,0.0
37,399,0.0
37,476,0.0
37,264,0.0
37,200,0.0
37,189,0.0
37,362,0.0
37,17,0.0
37,16,0.0
34,119,0.0
34,20,0.0
34,399,0.0
34,476,0.0
34,264,0.0
34,200,0.0
34,189,0.0
34,362,0.0
34,17,0.0
34,16,0.0
58,119,0.0
58,20,0.0
58,399,0.0
58,476,0.0
58,264,0.0
58,200,0.0
58,189,0.0
58,362,0.0
58,17,0.0
58,16,0.0
4,119,0.0
4,20,0.0
4,476,0.0
4,264,0.0
4,200,0.0
4,189,0.0
4,362,0.0
4,17,0.0
4,16,0.0
4,310,0.0
24,119,0.0
24,20,0.0
24,399,0.0
24,476,0.0
24,264,0.0
24,200,0.0
24,189,0.0
24,362,0.0
24,17,0.0
24,16,0.0
70,119,0.0
70,20,0.0
70,399,0.0
70,476,0.0
70,264,0.0
70,200,0.0
70,189,0.0
70,362,0.0
70,17,0.0
70,16,0.0
40,119,0.0
40,20,0.0
40,399,0.0
40,476,0.0
40,264,0.0
40,200,0.0
40,189,0.0
40,362,0.0
40,17,0.0
40,16,0.0
6,119,0.0
6,20,0.0
6,399,0.0
6,476,0.0
6,264,0.0
6,200,0.0
6,189,0.0
6,362,0.0
6,17,0.0
6,16,0.0
39,119,0.0
39,20,0.0
39,399,0.0
39,476,0.0
39,264,0.0
39,200,0.0
39,189,0.0
39,362,0.0
39,17,0.0
39,16,0.0
41,119,0.0
41,20,0.0
41,399,0.0
41,476,0.0
41,264,0.0
41,200,0.0
41,189,0.0
41,362,0.0
41,17,0.0
41,16,0.0
66,119,10.388348402892623
66,79,8.114112939732266
66,287,6.396011345436053
66,310,3.854372612040736
66,362,3.1246562183788305
66,16,2.7091388319880556
66,78,1.973867233223055
66,416,1.0813455389750448
66,59,0.9923668073620115
66,134,0.9765901908446106
17,264,14.945941518185895
17,20,14.273268353539887
17,399,11.963961012123931
17,94,11.963961012123931
17,189,10.600595188893875
17,119,9.981980506061966
17,287,6.945941518185896
17,310,5.9639610121239315
17,22,4.963961012123931
17,16,4.636634176769942
43,119,0.0
43,20,0.0
43,399,0.0
43,476,0.0
43,264,0.0
43,200,0.0
43,189,0.0
43,362,0.0
43,17,0.0
43,16,0.0
11,119,0.0
11,20,0.0
11,399,0.0
11,476,0.0
11,264,0.0
11,200,0.0
11,189,0.0
11,362,0.0
11,17,0.0
11,16,0.0
10,79,12.719727073933388
10,94,9.049847636825351
10,287,7.896485773652826
10,255,7.200487620905912
10,352,5.274767631591995
10,362,3.665549916426901
10,22,2.4985694895178687
10,78,2.1125093785429057
10,16,1.81320055664052
10,416,1.6243692947844308
12,119,0.0
12,20,0.0
12,399,0.0
12,476,0.0
12,264,0.0
12,200,0.0
12,189,0.0
12,362,0.0
12,17,0.0
12,16,0.0
16,119,0.0
16,20,0.0
16,399,0.0
16,476,0.0
16,264,0.0
16,200,0.0
16,189,0.0
16,362,0.0
16,17,0.0
16,16,0.0
64,119,0.0
64,20,0.0
64,399,0.0
64,476,0.0
64,264,0.0
64,200,0.0
64,189,0.0
64,362,0.0
64,17,0.0
64,16,0.0
30,119,0.0
30,20,0.0
30,399,0.0
30,476,0.0
30,264,0.0
30,200,0.0
30,189,0.0
30,362,0.0
30,17,0.0
30,16,0.0
32,119,0.0
32,20,0.0
32,399,0.0
32,476,0.0
32,264,0.0
32,200,0.0
32,189,0.0
32,362,0.0
32,17,0.0
32,16,0.0
68,119,0.0
68,20,0.0
68,399,0.0
68,476,0.0
68,264,0.0
68,200,0.0
68,189,0.0
68,362,0.0
68,17,0.0
68,16,0.0
9,264,4.0
9,189,4.0
9,399,4.0
9,20,4.0
9,255,4.0
9,119,3.0000000000000004
9,16,3.0000000000000004
9,287,3.0
9,22,3.0
9,362,3.0
27,119,0.0
27,20,0.0
27,399,0.0
27,476,0.0
27,264,0.0
27,200,0.0
27,189,0.0
27,362,0.0
27,17,0.0
27,16,0.0
50,119,0.0
50,20,0.0
50,399,0.0
50,476,0.0
50,264,0.0
50,200,0.0
50,189,0.0
50,362,0.0
50,17,0.0
50,16,0.0
31,119,0.0
31,20,0.0
31,399,0.0
31,476,0.0
31,264,0.0
31,200,0.0
31,189,0.0
31,362,0.0
31,17,0.0
31,16,0.0
2,119,0.0
2,20,0.0
2,399,0.0
2,476,0.0
2,264,0.0
2,200,0.0
2,189,0.0
2,362,0.0
2,17,0.0
2,16,0.0
42,119,0.0
42,20,0.0
42,399,0.0
42,476,0.0
42,264,0.0
42,200,0.0
42,189,0.0
42,362,0.0
42,17,0.0
42,16,0.0
49,119,0.0
49,20,0.0
49,399,0.0
49,476,0.0
49,264,0.0
49,200,0.0
49,189,0.0
49,362,0.0
49,17,0.0
49,16,0.0
51,119,0.0
51,20,0.0
51,399,0.0
51,476,0.0
51,264,0.0
51,200,0.0
51,189,0.0
51,362,0.0
51,17,0.0
51,16,0.0
15,119,0.0
15,20,0.0
15,399,0.0
15,476,0.0
15,264,0.0
15,200,0.0
15,189,0.0
15,362,0.0
15,17,0.0
15,16,0.0
688,119,0.0
688,20,0.0
688,399,0.0
688,476,0.0
688,264,0.0
688,200,0.0
688,189,0.0
688,362,0.0
688,17,0.0
688,16,0.0
678,119,0.0
678,20,0.0
678,399,0.0
678,476,0.0
678,264,0.0
678,200,0.0
678,189,0.0
678,362,0.0
678,17,0.0
678,16,0.0
739,119,0.0
739,20,0.0
739,399,0.0
739,476,0.0
739,264,0.0
739,200,0.0
739,362,0.0
739,17,0.0
739,16,0.0
739,310,0.0
679,119,0.0
679,20,0.0
679,399,0.0
679,476,0.0
679,200,0.0
679,189,0.0
679,362,0.0
679,17,0.0
679,16,0.0
679,310,0.0
687,119,0.0
687,20,0.0
687,399,0.0
687,476,0.0
687,264,0.0
687,200,0.0
687,189,0.0
687,362,0.0
687,17,0.0
687,16,0.0
729,17,0.9259259259259259
729,476,0.9259259259259259
729,189,0.8365342042314649
729,399,0.6500919470401068
729,125,0.22663336788336172
729,190,0.22663336788336172
729,19,0.22663336788336172
729,824,0.1147078669352809
729,400,0.0
729,77,-0.1889822365046136
685,119,0.0
685,20,0.0
685,399,0.0
685,476,0.0
685,264,0.0
685,200,0.0
685,189,0.0
685,362,0.0
685,17,0.0
685,16,0.0
726,119,0.0
726,20,0.0
726,399,0.0
726,476,0.0
726,200,0.0
726,189,0.0
726,362,0.0
726,17,0.0
726,16,0.0
726,310,0.0
750,79,9.12622833130426
750,22,4.837361905491053
750,352,4.421835699855889
750,255,3.1460760502591443
750,416,1.66434414439625
750,134,1.3678552103939996
750,59,1.2798457748724479
750,824,1.1806887794242906
750,284,0.8016727249709577
750,125,0.4985882324763691
691,264,7.0
691,200,7.0
691,189,7.0
691,20,7.0
691,310,7.0
691,362,6.0
691,399,6.0
691,119,6.0
691,287,6.0
691,59,3.999999999999999
712,119,0.0
712,20,0.0
712,399,0.0
712,476,0.0
712,264,0.0
712,200,0.0
712,189,0.0
712,362,0.0
712,17,0.0
712,16,0.0
701,119,0.0
701,20,0.0
701,399,0.0
701,476,0.0
701,264,0.0
701,200,0.0
701,189,0.0
701,362,0.0
701,17,0.0
701,16,0.0
690,119,0.0
690,20,0.0
690,399,0.0
690,476,0.0
690,264,0.0
690,200,0.0
690,189,0.0
690,362,0.0
690,17,0.0
690,16,0.0
677,119,0.0
677,20,0.0
677,399,0.0
677,476,0.0
677,264,0.0
677,200,0.0
677,189,0.0
677,362,0.0
677,17,0.0
677,16,0.0
727,362,5.693334481902617
727,255,4.6062815020627275
727,134,1.027795938712971
727,89,0.6690269953892326
727,77,0.6449148155868303
727,416,0.4820721174697853
727,476,0.44752064228896227
727,17,0.44752064228896227
727,78,0.3622246527500341
727,824,0.33337866928258797
699,119,0.0
699,20,0.0
699,399,0.0
699,476,0.0
699,264,0.0
699,200,0.0
699,189,0.0
699,362,0.0
699,17,0.0
699,16,0.0
707,264,11.0
707,352,9.0
707,119,8.999999999999998
707,287,8.0
707,94,8.0
707,79,8.0
707,189,8.0
707,310,7.0
707,399,7.0
707,255,4.0
737,119,0.0
737,20,0.0
737,399,0.0
737,476,0.0
737,264,0.0
737,200,0.0
737,189,0.0
737,362,0.0
737,17,0.0
737,16,0.0
724,20,0.0
724,399,0.0
724,476,0.0
724,264,0.0
724,200,0.0
724,189,0.0
724,362,0.0
724,17,0.0
724,16,0.0
724,310,0.0
705,399,11.926840897142924
705,119,11.309437311610502
705,287,7.803416265002733
705,310,4.8826192575971925
705,362,4.615045787902992
705,22,3.230624098270166
705,189,2.7992078887811953
705,78,2.6582067677786627
705,352,2.5623957893472094
705,255,2.1844264116890484
680,119,0.0
680,20,0.0
680,399,0.0
680,476,0.0
680,264,0.0
680,200,0.0
680,189,0.0
680,362,0.0
680,17,0.0
680,16,0.0
722,119,0.0
722,20,0.0
722,399,0.0
722,476,0.0
722,264,0.0
722,200,0.0
722,189,0.0
722,362,0.0
722,17,0.0
722,16,0.0
741,20,14.570915571107026
741,200,9.545291509986537
741,79,8.290212036008842
741,189,7.797826169643503
741,287,6.425626684152241
741,310,3.865315680487118
741,255,3.740878068483985
741,362,3.1570749214086735
741,16,2.339062022398074
741,352,2.2848884643848852
719,20,0.0
719,399,0.0
719,476,0.0
719,264,0.0
719,200,0.0
719,189,0.0
719,362,0.0
719,17,0.0
719,16,0.0
719,310,0.0
752,119,0.0
752,20,0.0
752,399,0.0
752,476,0.0
752,264,0.0
752,200,0.0
752,189,0.0
752,362,0.0
752,17,0.0
752,16,0.0
714,399,29.50544637739304
714,119,26.71737990132858
714,287,15.505057166843795
714,255,13.976232710803423
714,189,11.307398191191083
714,362,8.968216905548557
714,16,6.411168136787147
714,78,4.838452595688702
714,59,2.8964227534672276
714,134,2.1968046759708773
742,79,11.640213829247795
742,287,8.482525622627326
742,94,7.754501990593029
742,352,5.761621551016123
742,310,4.880761511177618
742,22,1.7722037937317654
742,89,1.270937126618148
742,190,1.0630532705768136
742,416,0.7960900883411354
742,824,0.7902328840253056
730,119,0.0
730,20,0.0
730,399,0.0
730,476,0.0
730,264,0.0
730,200,0.0
730,189,0.0
730,362,0.0
730,17,0.0
730,16,0.0
713,287,5.783420311251312
713,94,5.283420311251312
713,399,4.980465242704346
713,310,4.783420311251312
713,200,4.783420311251312
713,189,4.783420311251312
713,362,3.9799486082037925
713,119,3.5240897070767323
713,22,3.3480059098464037
713,79,3.3063567267030916
720,264,24.283339208404332
720,399,20.00738306348439
720,94,13.434569465406234
720,287,12.197344475503723
720,352,10.542667087437925
720,310,9.929879960819102
720,189,9.85378238256021
720,255,9.575205398838056
720,22,8.532515324154456
720,362,6.250219211997841
693,119,0.0
693,20,0.0
693,399,0.0
693,476,0.0
693,264,0.0
693,200,0.0
693,189,0.0
693,362,0.0
693,17,0.0
693,16,0.0
695,20,9.0
695,264,8.082337064517752
695,189,7.0
695,310,6.5
695,79,5.582337064517753
695,399,5.582337064517753
695,200,5.582337064517752
695,94,4.5
695,362,4.5
695,16,3.5
694,119,0.0
694,20,0.0
694,399,0.0
694,476,0.0
694,264,0.0
694,200,0.0
694,189,0.0
694,362,0.0
694,17,0.0
694,16,0.0
748,119,0.0
748,20,0.0
748,399,0.0
748,476,0.0
748,264,0.0
748,200,0.0
748,189,0.0
748,362,0.0
748,17,0.0
748,16,0.0
721,119,0.0
721,20,0.0
721,399,0.0
721,476,0.0
721,264,0.0
721,200,0.0
721,189,0.0
721,362,0.0
721,17,0.0
721,16,0.0
766,119,0.0
766,20,0.0
766,399,0.0
766,476,0.0
766,200,0.0
766,189,0.0
766,362,0.0
766,17,0.0
766,16,0.0
766,310,0.0
689,119,0.0
689,20,0.0
689,399,0.0
689,476,0.0
689,264,0.0
689,200,0.0
689,189,0.0
689,362,0.0
689,17,0.0
689,16,0.0
684,119,0.0
684,20,0.0
684,399,0.0
684,476,0.0
684,264,0.0
684,200,0.0
684,189,0.0
684,362,0.0
684,17,0.0
684,16,0.0
692,119,0.0
692,20,0.0
692,399,0.0
692,476,0.0
692,264,0.0
692,200,0.0
692,189,0.0
692,362,0.0
692,17,0.0
692,16,0.0
676,119,0.0
676,20,0.0
676,399,0.0
676,476,0.0
676,264,0.0
676,200,0.0
676,189,0.0
676,362,0.0
676,17,0.0
676,16,0.0
754,119,0.0
754,20,0.0
754,399,0.0
754,476,0.0
754,264,0.0
754,200,0.0
754,189,0.0
754,362,0.0
754,17,0.0
754,16,0.0
716,119,0.0
716,20,0.0
716,399,0.0
716,476,0.0
716,264,0.0
716,200,0.0
716,189,0.0
716,362,0.0
716,17,0.0
716,16,0.0
732,119,0.0
732,20,0.0
732,399,0.0
732,476,0.0
732,264,0.0
732,200,0.0
732,189,0.0
732,362,0.0
732,17,0.0
732,16,0.0
743,119,3.0
743,200,3.0
743,20,3.0
743,416,2.0
743,89,2.0
743,189,1.9999999999999998
743,352,1.9999999999999998
743,79,1.9999999999999998
743,17,1.0
743,78,1.0
718,119,0.0
718,20,0.0
718,399,0.0
718,476,0.0
718,200,0.0
718,189,0.0
718,362,0.0
718,17,0.0
718,16,0.0
718,310,0.0
725,119,0.0
725,20,0.0
725,399,0.0
725,476,0.0
725,264,0.0
725,200,0.0
725,189,0.0
725,362,0.0
725,17,0.0
725,16,0.0
749,119,0.0
749,20,0.0
749,399,0.0
749,476,0.0
749,264,0.0
749,200,0.0
749,189,0.0
749,362,0.0
749,17,0.0
749,16,0.0
683,119,0.0
683,20,0.0
683,399,0.0
683,476,0.0
683,264,0.0
683,200,0.0
683,189,0.0
683,362,0.0
683,17,0.0
683,16,0.0
755,119,0.0
755,20,0.0
755,399,0.0
755,476,0.0
755,264,0.0
755,200,0.0
755,189,0.0
755,362,0.0
755,17,0.0
755,16,0.0
682,119,0.0
682,20,0.0
682,399,0.0
682,476,0.0
682,264,0.0
682,200,0.0
682,189,0.0
682,362,0.0
682,17,0.0
682,16,0.0
740,119,0.0
740,20,0.0
740,399,0.0
740,476,0.0
740,264,0.0
740,200,0.0
740,362,0.0
740,17,0.0
740,16,0.0
740,310,0.0
733,119,0.0
733,20,0.0
733,399,0.0
733,476,0.0
733,264,0.0
733,200,0.0
733,189,0.0
733,362,0.0
733,17,0.0
733,16,0.0
709,119,0.0
709,20,0.0
709,399,0.0
709,476,0.0
709,264,0.0
709,200,0.0
709,189,0.0
709,362,0.0
709,17,0.0
709,16,0.0
702,119,0.0
702,20,0.0
702,399,0.0
702,476,0.0
702,264,0.0
702,200,0.0
702,189,0.0
702,362,0.0
702,17,0.0
702,16,0.0
708,119,0.0
708,20,0.0
708,399,0.0
708,476,0.0
708,264,0.0
708,200,0.0
708,189,0.0
708,362,0.0
708,17,0.0
708,16,0.0
711,119,0.0
711,20,0.0
711,399,0.0
711,476,0.0
711,264,0.0
711,200,0.0
711,189,0.0
711,362,0.0
711,17,0.0
711,16,0.0
765,119,0.0
765,20,0.0
765,399,0.0
765,476,0.0
765,264,0.0
765,200,0.0
765,189,0.0
765,362,0.0
765,17,0.0
765,16,0.0
723,119,0.0
723,20,0.0
723,399,0.0
723,476,0.0
723,264,0.0
723,200,0.0
723,189,0.0
723,362,0.0
723,17,0.0
723,16,0.0
731,119,0.0
731,20,0.0
731,399,0.0
731,476,0.0
731,264,0.0
731,200,0.0
731,189,0.0
731,362,0.0
731,17,0.0
731,16,0.0
703,89,1.9999999999999996
703,415,1.0
703,125,0.9707253433941508
703,190,0.9707253433941508
703,19,0.9707253433941508
703,352,0.5839748528310778
703,77,0.0
703,400,0.0
703,78,-0.08341452336445532
703,284,-0.14196383657615286
763,119,0.0
763,20,0.0
763,399,0.0
763,476,0.0
763,264,0.0
763,200,0.0
763,189,0.0
763,362,0.0
763,17,0.0
763,16,0.0
762,119,0.0
762,20,0.0
762,399,0.0
762,476,0.0
762,264,0.0
762,189,0.0
762,362,0.0
762,17,0.0
762,16,0.0
762,310,0.0
761,119,0.0
761,20,0.0
761,399,0.0
761,476,0.0
761,264,0.0
761,200,0.0
761,189,0.0
761,362,0.0
761,17,0.0
761,16,0.0
199,94,8.766820155315882
199,22,5.7842740602758225
199,255,3.0346547820079026
199,78,2.1067835484224218
199,89,2.053703657161134
199,190,1.3756241132126743
199,416,1.3144530804306507
199,59,1.1621172968630986
199,134,1.1400880623025247
199,824,0.8267756419267105
206,119,0.0
206,20,0.0
206,399,0.0
206,476,0.0
206,264,0.0
206,200,0.0
206,189,0.0
206,362,0.0
206,17,0.0
206,16,0.0
103,119,0.0
103,20,0.0
103,399,0.0
103,476,0.0
103,264,0.0
103,200,0.0
103,189,0.0
103,362,0.0
103,17,0.0
103,16,0.0
286,20,15.0
286,287,12.0
286,119,10.0
286,399,10.0
286,94,9.0
286,310,9.0
286,189,9.0
286,200,9.0
286,22,8.0
286,255,7.0
145,119,0.0
145,20,0.0
145,399,0.0
145,476,0.0
145,264,0.0
145,200,0.0
145,189,0.0
145,362,0.0
145,17,0.0
145,16,0.0
345,119,0.0
345,20,0.0
345,399,0.0
345,476,0.0
345,264,0.0
345,200,0.0
345,189,0.0
345,362,0.0
345,17,0.0
345,16,0.0
282,119,0.0
282,20,0.0
282,399,0.0
282,476,0.0
282,264,0.0
282,200,0.0
282,189,0.0
282,362,0.0
282,17,0.0
282,16,0.0
143,119,0.0
143,20,0.0
143,399,0.0
143,476,0.0
143,264,0.0
143,200,0.0
143,189,0.0
143,362,0.0
143,17,0.0
143,16,0.0
160,119,0.0
160,20,0.0
160,399,0.0
160,476,0.0
160,264,0.0
160,200,0.0
160,189,0.0
160,362,0.0
160,17,0.0
160,16,0.0
381,119,0.0
381,20,0.0
381,399,0.0
381,476,0.0
381,264,0.0
381,200,0.0
381,189,0.0
381,362,0.0
381,17,0.0
381,16,0.0
335,200,5.148219832005241
335,59,1.4058228728222424
335,284,1.1808509094302286
335,416,0.8149136392812008
335,400,0.5
335,415,0.21976226824788309
335,19,-0.17698552785060684
335,125,-0.17698552785060684
335,824,-0.194842661288539
335,190,-0.3659677643552205
398,119,0.0
398,20,0.0
398,399,0.0
398,476,0.0
398,264,0.0
398,200,0.0
398,189,0.0
398,362,0.0
398,17,0.0
398,16,0.0
375,119,0.0
375,20,0.0
375,399,0.0
375,476,0.0
375,264,0.0
375,200,0.0
375,189,0.0
375,362,0.0
375,17,0.0
375,16,0.0
91,20,13.487253935081466
91,287,13.449504383730842
91,119,11.774541211501338
91,200,10.66888611096898
91,22,10.027131829939114
91,352,9.481549431379804
91,310,8.867374766391217
91,94,7.193575437712388
91,16,5.867374766391216
91,362,5.476436021239104
172,119,0.0
172,20,0.0
172,399,0.0
172,476,0.0
172,264,0.0
172,200,0.0
172,189,0.0
172,362,0.0
172,17,0.0
172,16,0.0
144,119,0.0
144,20,0.0
144,399,0.0
144,476,0.0
144,200,0.0
144,189,0.0
144,362,0.0
144,17,0.0
144,16,0.0
144,310,0.0
405,119,0.0
405,20,0.0
405,399,0.0
405,476,0.0
405,264,0.0
405,200,0.0
405,189,0.0
405,362,0.0
405,17,0.0
405,16,0.0
133,119,0.0
133,20,0.0
133,399,0.0
133,476,0.0
133,264,0.0
133,200,0.0
133,189,0.0
133,362,0.0
133,17,0.0
133,16,0.0
329,94,8.722649901887387
329,264,7.722649901887387
329,189,7.000000000000002
329,200,7.000000000000002
329,399,6.722649901887387
329,16,6.000000000000001
329,287,4.722649901887385
329,362,4.000000000000001
329,255,2.7226499018873866
329,78,2.7226499018873858
185,119,0.0
185,20,0.0
185,399,0.0
185,476,0.0
185,200,0.0
185,189,0.0
185,362,0.0
185,17,0.0
185,16,0.0
185,310,0.0
283,20,2.4999999999999996
283,352,1.4999999999999998
283,264,1.4999999999999998
283,255,1.4999999999999998
283,200,0.9999999999999998
283,400,0.9999999999999998
283,310,0.5
283,78,0.5
283,399,0.5
283,79,0.5
355,94,9.421432489153602
355,20,8.89724324839846
355,310,8.437930979620846
355,399,8.11197728180652
355,79,7.3240659859213295
355,287,6.680276774501518
355,189,6.614587683519667
355,362,6.614231797972857
355,16,6.2163871678910025
355,22,5.52373098366934
157,119,0.0
157,20,0.0
157,399,0.0
157,476,0.0
157,264,0.0
157,200,0.0
157,189,0.0
157,362,0.0
157,17,0.0
157,16,0.0
347,89,0.9999999999999998
347,284,0.9999999999999998
347,352,2.220446049250313E-16
347,77,0.0
347,415,0.0
347,400,0.0
347,22,-0.9999999999999996
347,59,-0.9999999999999998
347,416,-0.9999999999999998
347,134,-0.9999999999999998
115,119,0.0
115,20,0.0
115,399,0.0
115,476,0.0
115,264,0.0
115,200,0.0
115,189,0.0
115,362,0.0
115,17,0.0
115,16,0.0
385,119,0.0
385,20,0.0
385,399,0.0
385,476,0.0
385,264,0.0
385,200,0.0
385,189,0.0
385,362,0.0
385,17,0.0
385,16,0.0
291,119,0.0
291,399,0.0
291,476,0.0
291,264,0.0
291,200,0.0
291,189,0.0
291,362,0.0
291,17,0.0
291,16,0.0
291,310,0.0
89,20,0.0
89,399,0.0
89,476,0.0
89,264,0.0
89,200,0.0
89,189,0.0
89,362,0.0
89,17,0.0
89,16,0.0
89,310,0.0
288,119,0.0
288,20,0.0
288,399,0.0
288,476,0.0
288,264,0.0
288,200,0.0
288,189,0.0
288,362,0.0
288,17,0.0
288,16,0.0
148,119,0.0
148,20,0.0
148,476,0.0
148,264,0.0
148,200,0.0
148,189,0.0
148,362,0.0
148,17,0.0
148,16,0.0
148,310,0.0
182,264,10.51432810340187
182,119,8.312804755403144
182,287,5.684124787814081
182,362,5.528235056942975
182,200,5.274277731858167
182,94,5.0122161754247525
182,189,3.2574015303756063
182,78,3.161164592805076
182,310,2.892373753598976
182,16,2.391376126591168
237,119,0.0
237,20,0.0
237,399,0.0
237,476,0.0
237,264,0.0
237,189,0.0
237,362,0.0
237,17,0.0
237,16,0.0
237,310,0.0
153,20,0.0
153,399,0.0
153,476,0.0
153,264,0.0
153,200,0.0
153,189,0.0
153,362,0.0
153,17,0.0
153,16,0.0
153,310,0.0
359,119,0.0
359,20,0.0
359,476,0.0
359,264,0.0
359,200,0.0
359,189,0.0
359,362,0.0
359,17,0.0
359,16,0.0
359,310,0.0
255,119,0.0
255,20,0.0
255,399,0.0
255,476,0.0
255,264,0.0
255,200,0.0
255,189,0.0
255,362,0.0
255,17,0.0
255,16,0.0
147,119,0.0
147,20,0.0
147,399,0.0
147,476,0.0
147,264,0.0
147,200,0.0
147,189,0.0
147,362,0.0
147,17,0.0
147,16,0.0
198,264,5.97869741702319
198,200,5.175821076666557
198,189,5.03037236500501
198,94,4.424157796270733
198,399,4.261591660051305
198,79,2.7067584903911364
198,78,2.047675180238753
198,255,1.8632352620502128
198,89,1.759807769292369
198,134,1.283901125140598
131,119,0.0
131,20,0.0
131,399,0.0
131,476,0.0
131,264,0.0
131,200,0.0
131,189,0.0
131,362,0.0
131,17,0.0
131,16,0.0
280,119,0.0
280,20,0.0
280,399,0.0
280,476,0.0
280,264,0.0
280,200,0.0
280,189,0.0
280,362,0.0
280,17,0.0
280,16,0.0
219,119,0.0
219,20,0.0
219,399,0.0
219,476,0.0
219,264,0.0
219,200,0.0
219,189,0.0
219,362,0.0
219,17,0.0
219,16,0.0
92,79,3.20584339103383
92,59,1.1058325587419287
92,119,0.6277320073686865
92,284,0.44804120026861416
92,94,0.42438855996485025
92,476,0.33333333333333337
92,17,0.33333333333333337
92,416,0.29288202821023046
92,824,0.1781741612749496
92,190,0.0
391,119,0.0
391,20,0.0
391,399,0.0
391,476,0.0
391,264,0.0
391,200,0.0
391,189,0.0
391,362,0.0
391,17,0.0
391,16,0.0
366,264,15.17432584228122
366,119,9.95374915015833
366,20,9.765224238130632
366,200,9.442275034712344
366,94,8.899198834346192
366,362,7.881179340408158
366,189,7.515153936623719
366,310,7.483819633288645
366,352,7.117794229504205
366,255,4.5999169053043705
119,119,0.0
119,20,0.0
119,399,0.0
119,476,0.0
119,264,0.0
119,200,0.0
119,189,0.0
119,362,0.0
119,17,0.0
119,16,0.0
93,119,0.0
93,20,0.0
93,399,0.0
93,476,0.0
93,264,0.0
93,200,0.0
93,189,0.0
93,362,0.0
93,17,0.0
93,16,0.0
247,119,0.0
247,20,0.0
247,399,0.0
247,476,0.0
247,264,0.0
247,200,0.0
247,189,0.0
247,362,0.0
247,17,0.0
247,16,0.0
221,119,0.0
221,20,0.0
221,399,0.0
221,476,0.0
221,264,0.0
221,200,0.0
221,189,0.0
221,362,0.0
221,17,0.0
221,16,0.0
408,415,0.0
408,400,0.0
408,77,-0.9999999999999998
408,190,-0.9999999999999998
408,125,-0.9999999999999998
408,19,-0.9999999999999998
408,476,-0.9999999999999998
408,17,-0.9999999999999998
408,89,-0.9999999999999998
408,824,-1.9999999999999996
350,119,0.0
350,20,0.0
350,399,0.0
350,476,0.0
350,264,0.0
350,200,0.0
350,189,0.0
350,362,0.0
350,17,0.0
350,16,0.0
406,119,0.0
406,20,0.0
406,399,0.0
406,476,0.0
406,264,0.0
406,200,0.0
406,189,0.0
406,362,0.0
406,17,0.0
406,16,0.0
121,399,25.802610420256656
121,200,23.01131815298266
121,94,16.925419698459997
121,189,14.34140740533061
121,287,13.704305424532604
121,16,9.377463444369026
121,362,9.06926979156006
121,310,8.10680962295182
121,255,7.76272100310722
121,22,6.486002926055777
212,119,0.0
212,20,0.0
212,399,0.0
212,476,0.0
212,264,0.0
212,200,0.0
212,189,0.0
212,362,0.0
212,17,0.0
212,16,0.0
80,119,0.0
80,20,0.0
80,399,0.0
80,476,0.0
80,264,0.0
80,200,0.0
80,189,0.0
80,362,0.0
80,17,0.0
80,16,0.0
140,119,0.0
140,20,0.0
140,399,0.0
140,476,0.0
140,264,0.0
140,200,0.0
140,189,0.0
140,362,0.0
140,17,0.0
140,16,0.0
230,119,0.0
230,20,0.0
230,399,0.0
230,476,0.0
230,264,0.0
230,200,0.0
230,189,0.0
230,362,0.0
230,17,0.0
230,16,0.0
110,119,0.0
110,20,0.0
110,399,0.0
110,476,0.0
110,264,0.0
110,200,0.0
110,189,0.0
110,362,0.0
110,17,0.0
110,16,0.0
114,119,0.0
114,20,0.0
114,399,0.0
114,476,0.0
114,264,0.0
114,200,0.0
114,189,0.0
114,362,0.0
114,17,0.0
114,16,0.0
111,119,0.0
111,20,0.0
111,476,0.0
111,264,0.0
111,200,0.0
111,189,0.0
111,362,0.0
111,17,0.0
111,16,0.0
111,310,0.0
86,255,1.9286021106644662
86,77,0.0
86,19,0.0
86,125,0.0
86,190,0.0
86,89,0.0
86,400,0.0
86,134,-0.32732683535398865
86,17,-0.5000000000000001
86,476,-0.5000000000000001
203,79,7.571468227183473
203,59,2.3211750774033555
203,416,1.9005903722826731
203,284,1.549155454848412
203,352,1.5189107572386693
203,824,1.125957197707995
203,94,0.8293818794121981
203,415,0.26035958758213296
203,190,0.09759000729485333
203,125,0.09759000729485333
152,352,1.6411607797883363
152,89,1.3660254037844388
152,77,0.0
152,400,0.0
152,19,-0.3133397807202561
152,190,-0.3133397807202561
152,125,-0.3133397807202561
152,59,-0.45077827687478933
152,284,-0.5000000000000001
152,310,-0.7248646239961039
211,119,0.0
211,20,0.0
211,399,0.0
211,476,0.0
211,264,0.0
211,200,0.0
211,189,0.0
211,362,0.0
211,17,0.0
211,16,0.0
253,119,0.0
253,20,0.0
253,399,0.0
253,476,0.0
253,264,0.0
253,200,0.0
253,189,0.0
253,362,0.0
253,17,0.0
253,16,0.0
141,119,0.0
141,20,0.0
141,399,0.0
141,476,0.0
141,264,0.0
141,200,0.0
141,189,0.0
141,362,0.0
141,17,0.0
141,16,0.0
300,119,0.0
300,20,0.0
300,399,0.0
300,476,0.0
300,264,0.0
300,200,0.0
300,189,0.0
300,362,0.0
300,17,0.0
300,16,0.0
409,416,1.9999999999999998
409,824,1.0
409,125,0.9999999999999998
409,190,0.9999999999999998
409,19,0.9999999999999998
409,59,2.220446049250313E-16
409,352,2.220446049250313E-16
409,362,2.220446049250313E-16
409,284,0.0
409,134,0.0
407,119,0.0
407,20,0.0
407,399,0.0
407,476,0.0
407,264,0.0
407,200,0.0
407,189,0.0
407,362,0.0
407,17,0.0
407,16,0.0
372,119,0.0
372,20,0.0
372,399,0.0
372,476,0.0
372,264,0.0
372,200,0.0
372,189,0.0
372,362,0.0
372,17,0.0
372,16,0.0
174,119,0.0
174,20,0.0
174,399,0.0
174,476,0.0
174,264,0.0
174,200,0.0
174,189,0.0
174,362,0.0
174,17,0.0
174,16,0.0
336,119,0.0
336,20,0.0
336,399,0.0
336,476,0.0
336,264,0.0
336,200,0.0
336,189,0.0
336,362,0.0
336,17,0.0
336,16,0.0
387,399,19.0
387,20,16.0
387,200,13.0
387,189,12.0
387,94,10.0
387,79,10.0
387,287,9.0
387,362,7.0
387,16,6.0
387,310,5.0
175,119,0.0
175,20,0.0
175,399,0.0
175,476,0.0
175,264,0.0
175,200,0.0
175,189,0.0
175,362,0.0
175,17,0.0
175,16,0.0
88,119,0.0
88,20,0.0
88,399,0.0
88,476,0.0
88,264,0.0
88,200,0.0
88,189,0.0
88,362,0.0
88,17,0.0
88,16,0.0
107,119,0.0
107,20,0.0
107,399,0.0
107,476,0.0
107,264,0.0
107,200,0.0
107,189,0.0
107,362,0.0
107,17,0.0
107,16,0.0
281,190,0.9999999999999998
281,125,0.9999999999999998
281,19,0.9999999999999998
281,77,0.0
281,17,0.0
281,824,0.0
281,476,0.0
281,416,0.0
281,415,0.0
281,400,0.0
97,119,6.059802236262479
97,22,4.843687689116459
97,352,4.090715006176019
97,255,2.4940931720016097
97,89,2.1009975808100245
97,78,1.3988697712748455
97,824,0.35281082693515486
97,77,0.2886751345948128
97,284,0.28672940211514486
97,59,0.20887855638042807
179,399,15.031382154711181
179,119,12.503243796195019
179,264,9.879383867592479
179,189,7.847556469587195
179,362,4.168312371628551
179,287,4.022451446568486
179,16,3.761460980313606
179,79,2.527540932633153
179,78,2.064705257344195
179,134,1.3239694423099961
404,119,0.0
404,20,0.0
404,399,0.0
404,476,0.0
404,200,0.0
404,189,0.0
404,362,0.0
404,17,0.0
404,16,0.0
404,310,0.0
267,119,0.0
267,20,0.0
267,399,0.0
267,476,0.0
267,264,0.0
267,200,0.0
267,189,0.0
267,362,0.0
267,17,0.0
267,16,0.0
270,119,0.0
270,20,0.0
270,399,0.0
270,476,0.0
270,264,0.0
270,200,0.0
270,189,0.0
270,362,0.0
270,17,0.0
270,16,0.0
229,119,0.0
229,20,0.0
229,399,0.0
229,476,0.0
229,200,0.0
229,189,0.0
229,362,0.0
229,17,0.0
229,16,0.0
229,310,0.0
252,119,0.0
252,20,0.0
252,476,0.0
252,264,0.0
252,200,0.0
252,189,0.0
252,362,0.0
252,17,0.0
252,16,0.0
252,310,0.0
163,119,0.0
163,20,0.0
163,399,0.0
163,476,0.0
163,264,0.0
163,189,0.0
163,362,0.0
163,17,0.0
163,16,0.0
163,310,0.0
321,119,0.0
321,20,0.0
321,399,0.0
321,476,0.0
321,264,0.0
321,200,0.0
321,189,0.0
321,362,0.0
321,17,0.0
321,16,0.0
210,119,0.0
210,20,0.0
210,399,0.0
210,476,0.0
210,264,0.0
210,200,0.0
210,189,0.0
210,362,0.0
210,17,0.0
210,16,0.0
176,119,0.0
176,20,0.0
176,399,0.0
176,476,0.0
176,264,0.0
176,200,0.0
176,189,0.0
176,362,0.0
176,17,0.0
176,16,0.0
194,119,0.0
194,20,0.0
194,399,0.0
194,476,0.0
194,264,0.0
194,200,0.0
194,189,0.0
194,362,0.0
194,17,0.0
194,16,0.0
171,119,0.0
171,20,0.0
171,399,0.0
171,476,0.0
171,264,0.0
171,200,0.0
171,189,0.0
171,362,0.0
171,17,0.0
171,16,0.0
166,119,0.0
166,20,0.0
166,399,0.0
166,476,0.0
166,264,0.0
166,200,0.0
166,189,0.0
166,362,0.0
166,17,0.0
166,16,0.0
277,200,3.999999999999999
277,310,2.999999999999999
277,362,2.999999999999999
277,287,2.999999999999999
277,59,1.9999999999999996
277,16,1.9999999999999996
277,94,1.9999999999999991
277,20,1.9999999999999991
277,399,1.9999999999999991
277,264,1.9999999999999991
218,119,0.0
218,20,0.0
218,399,0.0
218,476,0.0
218,264,0.0
218,200,0.0
218,189,0.0
218,362,0.0
218,17,0.0
218,16,0.0
402,255,1.9999999999999998
402,264,1.9999999999999998
402,352,1.9999999999999998
402,79,1.0
402,189,1.0
402,287,1.0
402,310,1.0
402,22,1.0
402,20,1.0
402,119,0.9999999999999998
360,94,1.4999999999999998
360,78,0.5
360,399,0.5
360,264,0.4999999999999998
360,255,0.4999999999999998
360,59,0.0
360,16,0.0
360,362,0.0
360,476,0.0
360,17,0.0
365,20,13.557051996608667
365,264,12.05129566565779
365,94,10.364915385601119
365,287,9.079697452873267
365,255,8.761313170731007
365,399,8.385298435624408
365,22,7.869037864729739
365,189,7.656162755586066
365,352,5.68793438350362
365,78,2.982624023184944
362,119,0.0
362,20,0.0
362,399,0.0
362,476,0.0
362,264,0.0
362,200,0.0
362,189,0.0
362,362,0.0
362,17,0.0
362,16,0.0
363,119,0.0
363,20,0.0
363,399,0.0
363,476,0.0
363,264,0.0
363,200,0.0
363,189,0.0
363,362,0.0
363,17,0.0
363,16,0.0
196,119,0.0
196,20,0.0
196,399,0.0
196,476,0.0
196,264,0.0
196,200,0.0
196,189,0.0
196,362,0.0
196,17,0.0
196,16,0.0
388,119,0.0
388,20,0.0
388,399,0.0
388,476,0.0
388,264,0.0
388,200,0.0
388,189,0.0
388,362,0.0
388,17,0.0
388,16,0.0
390,94,7.015644168340996
390,399,6.461550083898249
390,16,5.801427957453054
390,264,5.102293064447792
390,287,4.862019332582893
390,189,3.6751884312380514
390,255,2.368963616938468
390,310,2.3438440468098194
390,78,2.2873810315812926
390,362,2.2403302508436473
223,119,0.0
223,20,0.0
223,399,0.0
223,476,0.0
223,264,0.0
223,200,0.0
223,189,0.0
223,362,0.0
223,17,0.0
223,16,0.0
301,119,0.0
301,20,0.0
301,399,0.0
301,476,0.0
301,264,0.0
301,200,0.0
301,189,0.0
301,362,0.0
301,17,0.0
301,16,0.0
73,119,0.0
73,20,0.0
73,399,0.0
73,476,0.0
73,264,0.0
73,200,0.0
73,189,0.0
73,362,0.0
73,17,0.0
73,16,0.0
315,59,0.8654766680093675
315,17,0.424529482606335
315,476,0.424529482606335
315,400,0.0
315,415,-0.1147078669352809
315,78,-0.37712788466831215
315,22,-0.4263472992901747
315,19,-0.4286075751095582
315,125,-0.4286075751095582
315,89,-0.4465032271283421
306,79,4.0
306,94,3.0
306,20,3.0
306,264,3.0
306,255,2.0
306,22,2.0
306,399,2.0
306,119,2.0
306,310,2.0
306,89,2.0
312,20,7.183800802035789
312,79,5.6212854593418315
312,119,5.2850760773462655
312,264,3.8564739666818015
312,310,3.681141221481405
312,399,3.0678456997582586
312,200,2.9218416253030064
312,22,2.379927658479324
312,89,2.0077406527937605
312,416,1.3273268353539882
309,415,1.0
309,134,1.0
309,190,1.0
309,125,1.0
309,19,1.0
309,255,0.9999999999999998
309,20,0.9999999999999996
309,89,0.0
309,416,0.0
309,476,0.0
279,119,18.149652583971125
279,399,17.661522636894446
279,94,10.3522351452753
279,189,8.932079224492654
279,310,8.055717808744948
279,255,7.148213838787939
279,362,6.328405984354157
279,22,6.206714154498221
279,78,3.562890918252892
279,16,3.1999576130106417
358,119,0.0
358,20,0.0
358,399,0.0
358,476,0.0
358,264,0.0
358,200,0.0
358,189,0.0
358,362,0.0
358,17,0.0
358,16,0.0
233,119,0.0
233,20,0.0
233,399,0.0
233,476,0.0
233,264,0.0
233,200,0.0
233,189,0.0
233,362,0.0
233,17,0.0
233,16,0.0
348,119,0.0
348,20,0.0
348,399,0.0
348,476,0.0
348,264,0.0
348,200,0.0
348,189,0.0
348,362,0.0
348,17,0.0
348,16,0.0
227,119,0.0
227,20,0.0
227,399,0.0
227,476,0.0
227,264,0.0
227,200,0.0
227,189,0.0
227,362,0.0
227,17,0.0
227,16,0.0
273,79,4.0
273,20,3.0
273,255,3.0
273,22,2.0
273,119,2.0
273,264,2.0
273,310,2.0
273,287,2.0
273,189,2.0
273,399,2.0
162,119,0.0
162,399,0.0
162,476,0.0
162,264,0.0
162,200,0.0
162,189,0.0
162,362,0.0
162,17,0.0
162,16,0.0
162,310,0.0
106,399,4.455568331653784
106,94,4.257116300897703
106,255,3.3050979362746222
106,200,2.7825607227032436
106,189,2.0615208483770733
106,22,1.9313822123059246
106,59,1.4901510039787622
106,362,1.4492802698390241
106,134,1.4253437630961994
106,352,1.2660547868709973
169,119,0.0
169,20,0.0
169,399,0.0
169,476,0.0
169,264,0.0
169,200,0.0
169,189,0.0
169,362,0.0
169,17,0.0
169,16,0.0
302,119,0.0
302,20,0.0
302,399,0.0
302,476,0.0
302,264,0.0
302,200,0.0
302,189,0.0
302,362,0.0
302,17,0.0
302,16,0.0
310,119,0.0
310,20,0.0
310,399,0.0
310,476,0.0
310,264,0.0
310,200,0.0
310,189,0.0
310,362,0.0
310,17,0.0
310,16,0.0
298,119,0.0
298,20,0.0
298,399,0.0
298,476,0.0
298,264,0.0
298,200,0.0
298,189,0.0
298,362,0.0
298,17,0.0
298,16,0.0
274,119,0.0
274,20,0.0
274,399,0.0
274,476,0.0
274,264,0.0
274,200,0.0
274,189,0.0
274,362,0.0
274,17,0.0
274,16,0.0
340,89,1.9999999999999996
340,415,1.0
340,77,0.0
340,352,0.0
340,19,0.0
340,125,0.0
340,190,0.0
340,400,0.0
340,78,-2.220446049250313E-16
340,22,-0.9999999999999998
246,89,2.106596081698351
246,352,0.28857684986067855
246,134,0.13768865248788298
246,415,0.07808688094430304
246,400,0.0
246,77,-0.2961744388795462
246,824,-0.3660254037844386
246,476,-0.47140452079103173
246,17,-0.47140452079103173
246,19,-0.7427813527082077
342,119,0.0
342,20,0.0
342,399,0.0
342,476,0.0
342,264,0.0
342,200,0.0
342,189,0.0
342,362,0.0
342,17,0.0
342,16,0.0
292,119,0.0
292,20,0.0
292,399,0.0
292,476,0.0
292,200,0.0
292,189,0.0
292,362,0.0
292,17,0.0
292,16,0.0
292,310,0.0
135,119,0.0
135,399,0.0
135,476,0.0
135,264,0.0
135,200,0.0
135,189,0.0
135,362,0.0
135,17,0.0
135,16,0.0
135,310,0.0
214,362,2.999999999999999
214,824,1.9999999999999998
214,16,1.0000000000000002
214,119,1.0
214,79,0.9999999999999996
214,78,4.440892098500626E-16
214,59,2.220446049250313E-16
214,189,2.220446049250313E-16
214,264,0.0
214,17,0.0
192,200,9.716756422840971
192,119,7.577888304562162
192,310,7.254232634527334
192,352,3.5880710121726533
192,94,2.8069489104195746
192,22,2.34481003250617
192,362,1.761419825050832
192,16,1.1895195972546737
192,189,0.9247481128114394
192,284,0.8795824406046957
278,264,23.37979179869971
278,119,16.898311970429237
278,399,15.60097698782019
278,287,13.95936835552196
278,94,12.267063921856586
278,189,10.616679055489389
278,310,9.950496170019859
278,255,8.406842918437892
278,362,6.1389120233564825
278,22,5.964108853309622
319,119,0.0
319,20,0.0
319,399,0.0
319,476,0.0
319,264,0.0
319,200,0.0
319,189,0.0
319,362,0.0
319,17,0.0
319,16,0.0
186,119,6.7320508075688785
186,200,5.366025403784439
186,20,4.866025403784439
186,399,3.8660254037844393
186,79,2.8660254037844384
186,16,2.499999999999999
186,416,1.3660254037844386
186,352,1.2320508075688765
186,77,1.0
186,415,0.9999999999999998
234,119,0.0
234,20,0.0
234,399,0.0
234,476,0.0
234,264,0.0
234,200,0.0
234,189,0.0
234,362,0.0
234,17,0.0
234,16,0.0
330,119,0.0
330,20,0.0
330,399,0.0
330,476,0.0
330,264,0.0
330,200,0.0
330,189,0.0
330,362,0.0
330,17,0.0
330,16,0.0
378,119,0.0
378,20,0.0
378,399,0.0
378,476,0.0
378,264,0.0
378,200,0.0
378,189,0.0
378,362,0.0
378,17,0.0
378,16,0.0
394,119,0.0
394,20,0.0
394,399,0.0
394,476,0.0
394,264,0.0
394,200,0.0
394,189,0.0
394,362,0.0
394,17,0.0
394,16,0.0
295,119,0.0
295,20,0.0
295,399,0.0
295,476,0.0
295,264,0.0
295,200,0.0
295,189,0.0
295,362,0.0
295,17,0.0
295,16,0.0
241,119,0.0
241,20,0.0
241,399,0.0
241,476,0.0
241,264,0.0
241,200,0.0
241,189,0.0
241,362,0.0
241,17,0.0
241,16,0.0
132,119,0.0
132,20,0.0
132,476,0.0
132,264,0.0
132,200,0.0
132,189,0.0
132,362,0.0
132,17,0.0
132,16,0.0
132,310,0.0
222,119,0.0
222,20,0.0
222,399,0.0
222,476,0.0
222,264,0.0
222,200,0.0
222,189,0.0
222,362,0.0
222,17,0.0
222,16,0.0
224,119,0.0
224,20,0.0
224,399,0.0
224,476,0.0
224,264,0.0
224,200,0.0
224,189,0.0
224,362,0.0
224,17,0.0
224,16,0.0
303,119,0.0
303,20,0.0
303,399,0.0
303,476,0.0
303,264,0.0
303,200,0.0
303,189,0.0
303,362,0.0
303,17,0.0
303,16,0.0
217,119,0.0
217,20,0.0
217,399,0.0
217,476,0.0
217,264,0.0
217,200,0.0
217,189,0.0
217,362,0.0
217,17,0.0
217,16,0.0
293,119,0.0
293,20,0.0
293,399,0.0
293,476,0.0
293,264,0.0
293,200,0.0
293,189,0.0
293,362,0.0
293,17,0.0
293,16,0.0
240,415,0.5000000000000001
240,77,0.0
240,400,0.0
240,134,-0.012170838852737842
240,16,-0.057533614574007075
240,19,-0.5000000000000001
240,190,-0.5000000000000001
240,476,-0.5000000000000001
240,125,-0.5000000000000001
240,17,-0.5000000000000001
158,119,0.0
158,20,0.0
158,399,0.0
158,476,0.0
158,264,0.0
158,200,0.0
158,189,0.0
158,362,0.0
158,17,0.0
158,16,0.0
204,119,0.0
204,20,0.0
204,399,0.0
204,476,0.0
204,200,0.0
204,189,0.0
204,362,0.0
204,17,0.0
204,16,0.0
204,310,0.0
294,352,3.999999999999999
294,416,1.9999999999999996
294,94,1.9999999999999991
294,310,1.9999999999999991
294,125,0.9999999999999998
294,824,0.9999999999999998
294,89,0.9999999999999998
294,190,0.9999999999999998
294,19,0.9999999999999998
294,255,0.9999999999999991
367,20,13.423579344885647
367,287,11.18757098585252
367,119,10.553811051646461
367,200,8.327353579879968
367,399,8.30512858849562
367,189,8.24846780114134
367,310,7.235332143273962
367,94,6.852889745917062
367,255,5.931642039834065
367,16,5.8660254037844375
77,264,16.007140946816335
77,20,13.66179461752431
77,200,13.01127035193051
77,287,13.007140946816332
77,119,11.1685130774388
77,94,11.007140946816332
77,310,9.007140946816332
77,189,7.767199297948965
77,362,7.01127035193051
77,255,6.078569518244904
337,399,11.299116491282593
337,79,5.125351940558929
337,94,5.0012161712769805
337,189,4.6973786607301395
337,16,3.516976975370777
337,22,3.366652650078789
337,362,2.5738079426909986
337,89,1.7818366665787173
337,824,1.3111844055870043
337,134,0.9991945427047542
138,119,0.0
138,20,0.0
138,399,0.0
138,476,0.0
138,264,0.0
138,200,0.0
138,189,0.0
138,362,0.0
138,17,0.0
138,16,0.0
226,119,0.0
226,20,0.0
226,399,0.0
226,476,0.0
226,264,0.0
226,200,0.0
226,189,0.0
226,362,0.0
226,17,0.0
226,16,0.0
399,399,16.0
399,119,14.0
399,200,13.0
399,264,13.0
399,189,11.0
399,362,7.0
399,287,7.0
399,255,5.999999999999999
399,16,5.0
399,310,5.0
243,20,0.0
243,399,0.0
243,476,0.0
243,264,0.0
243,200,0.0
243,189,0.0
243,362,0.0
243,17,0.0
243,16,0.0
243,310,0.0
124,119,0.0
124,399,0.0
124,476,0.0
124,264,0.0
124,200,0.0
124,189,0.0
124,362,0.0
124,17,0.0
124,16,0.0
124,310,0.0
126,119,0.0
126,399,0.0
126,476,0.0
126,264,0.0
126,200,0.0
126,189,0.0
126,362,0.0
126,17,0.0
126,16,0.0
126,310,0.0
276,119,0.0
276,20,0.0
276,399,0.0
276,476,0.0
276,264,0.0
276,200,0.0
276,189,0.0
276,362,0.0
276,17,0.0
276,16,0.0
112,119,0.0
112,20,0.0
112,399,0.0
112,476,0.0
112,264,0.0
112,200,0.0
112,189,0.0
112,362,0.0
112,17,0.0
112,16,0.0
311,119,0.0
311,20,0.0
311,399,0.0
311,476,0.0
311,264,0.0
311,200,0.0
311,189,0.0
311,362,0.0
311,17,0.0
311,16,0.0
244,77,1.0
244,134,0.1546536707079771
244,400,0.0
244,17,0.0
244,476,0.0
244,78,-0.25592894601845495
244,89,-0.44491118252306827
244,125,-0.5000000000000001
244,190,-0.5000000000000001
244,415,-0.5000000000000001
72,119,0.0
72,20,0.0
72,399,0.0
72,476,0.0
72,264,0.0
72,200,0.0
72,189,0.0
72,362,0.0
72,17,0.0
72,16,0.0
202,399,18.153354670261844
202,200,14.862213994885266
202,94,12.824973632688167
202,189,9.373747722959559
202,79,8.218666685404378
202,362,6.928350375613833
202,255,6.571660512836404
202,16,3.5187475581431213
202,59,3.374606364502153
202,78,2.5670591929787006
122,119,0.0
122,20,0.0
122,399,0.0
122,476,0.0
122,264,0.0
122,200,0.0
122,189,0.0
122,362,0.0
122,17,0.0
122,16,0.0
81,119,0.0
81,20,0.0
81,399,0.0
81,476,0.0
81,264,0.0
81,200,0.0
81,189,0.0
81,362,0.0
81,17,0.0
81,16,0.0
261,20,8.86602540378444
261,119,7.866025403784439
261,264,7.866025403784439
261,94,6.866025403784439
261,399,6.0
261,310,5.866025403784438
261,287,5.866025403784438
261,255,4.0
261,22,3.0
261,189,2.8660254037844384
264,119,0.0
264,20,0.0
264,399,0.0
264,476,0.0
264,264,0.0
264,200,0.0
264,189,0.0
264,362,0.0
264,17,0.0
264,16,0.0
102,119,0.0
102,20,0.0
102,399,0.0
102,476,0.0
102,264,0.0
102,200,0.0
102,189,0.0
102,362,0.0
102,17,0.0
102,16,0.0
232,119,0.0
232,20,0.0
232,399,0.0
232,476,0.0
232,264,0.0
232,200,0.0
232,189,0.0
232,362,0.0
232,17,0.0
232,16,0.0
263,119,0.0
263,20,0.0
263,399,0.0
263,476,0.0
263,200,0.0
263,189,0.0
263,362,0.0
263,17,0.0
263,16,0.0
263,310,0.0
268,119,0.0
268,20,0.0
268,399,0.0
268,476,0.0
268,264,0.0
268,200,0.0
268,189,0.0
268,362,0.0
268,17,0.0
268,16,0.0
396,119,0.0
396,399,0.0
396,476,0.0
396,264,0.0
396,189,0.0
396,362,0.0
396,17,0.0
396,16,0.0
396,310,0.0
396,59,0.0
397,119,14.020576831608654
397,399,12.348097406534151
397,287,11.643846436576956
397,189,9.853257249947728
397,94,8.906051887061068
397,310,8.723742157397915
397,79,8.573341985059011
397,16,6.084711924385275
397,362,5.586798563839311
397,255,4.695899791213069
129,119,0.0
129,20,0.0
129,399,0.0
129,476,0.0
129,264,0.0
129,200,0.0
129,189,0.0
129,362,0.0
129,17,0.0
129,16,0.0
333,200,9.247375341664888
333,94,6.516290935890206
333,352,5.235179335185595
333,310,5.174674204965084
333,22,4.2287808033815315
333,255,3.5854132851578413
333,189,3.2542553844729554
333,59,2.861626287344949
333,16,2.3298542223786844
333,284,1.678241677249884
369,119,0.0
369,20,0.0
369,399,0.0
369,476,0.0
369,264,0.0
369,200,0.0
369,189,0.0
369,362,0.0
369,17,0.0
369,16,0.0
259,119,0.0
259,20,0.0
259,476,0.0
259,264,0.0
259,200,0.0
259,189,0.0
259,362,0.0
259,17,0.0
259,16,0.0
259,310,0.0
161,476,0.9999999999999998
161,17,0.9999999999999998
161,77,0.0
161,400,0.0
161,190,-0.5000000000000001
161,125,-0.5000000000000001
161,19,-0.5000000000000001
161,59,-0.7205766921228922
161,415,-0.8029550685469662
161,22,-1.3345495241652445
403,119,11.6845037096768
403,200,8.205283167005845
403,94,6.659945010521541
403,287,5.681310516740449
403,189,4.420269312299903
403,352,4.061242725828626
403,16,2.4562003538670663
403,22,1.3274140102207774
403,824,1.1880177617488084
403,284,0.9999973156174697
258,352,1.1131121015918874
258,77,0.5000000000000001
258,19,0.47140452079103173
258,190,0.47140452079103173
258,125,0.47140452079103173
258,416,0.47140452079103173
258,362,0.4060573402742702
258,284,0.0
258,476,0.0
258,17,0.0
215,119,0.0
215,20,0.0
215,399,0.0
215,476,0.0
215,264,0.0
215,200,0.0
215,189,0.0
215,362,0.0
215,17,0.0
215,16,0.0
164,119,0.0
164,20,0.0
164,399,0.0
164,476,0.0
164,264,0.0
164,200,0.0
164,189,0.0
164,362,0.0
164,17,0.0
164,16,0.0
357,119,0.0
357,20,0.0
357,399,0.0
357,476,0.0
357,264,0.0
357,200,0.0
357,189,0.0
357,362,0.0
357,17,0.0
357,16,0.0
190,20,0.0
190,476,0.0
190,264,0.0
190,200,0.0
190,189,0.0
190,362,0.0
190,17,0.0
190,16,0.0
190,310,0.0
190,59,0.0
307,119,0.0
307,20,0.0
307,399,0.0
307,476,0.0
307,264,0.0
307,200,0.0
307,189,0.0
307,362,0.0
307,17,0.0
307,16,0.0
238,119,0.0
238,20,0.0
238,399,0.0
238,476,0.0
238,264,0.0
238,200,0.0
238,189,0.0
238,362,0.0
238,17,0.0
238,16,0.0
165,119,0.0
165,20,0.0
165,399,0.0
165,476,0.0
165,264,0.0
165,200,0.0
165,189,0.0
165,362,0.0
165,17,0.0
165,16,0.0
225,119,0.0
225,20,0.0
225,399,0.0
225,476,0.0
225,264,0.0
225,200,0.0
225,189,0.0
225,362,0.0
225,17,0.0
225,16,0.0
242,119,0.0
242,20,0.0
242,399,0.0
242,476,0.0
242,264,0.0
242,200,0.0
242,189,0.0
242,362,0.0
242,17,0.0
242,16,0.0
338,89,1.044617988163305
338,16,1.015497438705546
338,189,0.9802854501689958
338,255,0.9614588417281802
338,77,0.6882472016116852
338,17,0.6663924874789787
338,476,0.6663924874789787
338,134,0.6355858845223178
338,310,0.6159330916252903
338,94,0.2828781842860988
326,119,0.0
326,20,0.0
326,399,0.0
326,476,0.0
326,264,0.0
326,200,0.0
326,189,0.0
326,362,0.0
326,17,0.0
326,16,0.0
96,119,0.0
96,20,0.0
96,399,0.0
96,476,0.0
96,264,0.0
96,200,0.0
96,189,0.0
96,362,0.0
96,17,0.0
96,16,0.0
94,119,0.0
94,20,0.0
94,399,0.0
94,476,0.0
94,264,0.0
94,200,0.0
94,189,0.0
94,362,0.0
94,17,0.0
94,16,0.0
123,119,0.0
123,20,0.0
123,399,0.0
123,476,0.0
123,264,0.0
123,200,0.0
123,189,0.0
123,362,0.0
123,17,0.0
123,16,0.0
392,119,9.297518444104258
392,264,8.348416412323203
392,79,7.326568801427891
392,399,4.088897406716631
392,94,3.7443784646466067
392,189,3.547834894918428
392,78,3.419150969521014
392,362,2.7690443544184475
392,22,2.335027338071317
392,16,2.208721176877355
343,119,0.0
343,20,0.0
343,399,0.0
343,476,0.0
343,189,0.0
343,362,0.0
343,17,0.0
343,16,0.0
343,310,0.0
343,59,0.0
120,119,0.0
120,20,0.0
120,399,0.0
120,476,0.0
120,264,0.0
120,200,0.0
120,189,0.0
120,362,0.0
120,17,0.0
120,16,0.0
344,399,11.831242717884782
344,287,11.490149810334946
344,119,11.264951776524336
344,200,11.252240358254527
344,94,10.489927372934115
344,310,9.034906943218738
344,189,7.360050355674276
344,352,6.860570431765483
344,255,6.579574142267197
344,362,5.406665328821279
213,94,3.0
213,119,3.0
213,287,2.9999999999999982
213,399,2.0
213,200,2.0
213,264,2.0
213,255,1.9999999999999993
213,22,1.9999999999999993
213,59,1.0
213,284,1.0
305,119,0.0
305,20,0.0
305,399,0.0
305,476,0.0
305,264,0.0
305,200,0.0
305,189,0.0
305,362,0.0
305,17,0.0
305,16,0.0
314,119,0.0
314,20,0.0
314,399,0.0
314,476,0.0
314,264,0.0
314,200,0.0
314,189,0.0
314,362,0.0
314,17,0.0
314,16,0.0
75,119,0.0
75,20,0.0
75,399,0.0
75,476,0.0
75,264,0.0
75,200,0.0
75,189,0.0
75,362,0.0
75,17,0.0
75,16,0.0
262,119,0.0
262,20,0.0
262,399,0.0
262,476,0.0
262,264,0.0
262,200,0.0
262,189,0.0
262,362,0.0
262,17,0.0
262,16,0.0
216,119,0.0
216,20,0.0
216,399,0.0
216,476,0.0
216,264,0.0
216,200,0.0
216,189,0.0
216,362,0.0
216,17,0.0
216,16,0.0
220,119,0.0
220,20,0.0
220,399,0.0
220,476,0.0
220,264,0.0
220,200,0.0
220,189,0.0
220,362,0.0
220,17,0.0
220,16,0.0
377,119,0.0
377,20,0.0
377,399,0.0
377,476,0.0
377,264,0.0
377,200,0.0
377,189,0.0
377,362,0.0
377,17,0.0
377,16,0.0
316,200,4.084659722351681
316,255,3.831358533712576
316,189,3.334627421381801
316,59,1.6196114073067087
316,310,1.582568836766609
316,264,1.2598016383338242
316,22,1.077386656302554
316,287,1.0429319575200697
316,125,0.9459053029269171
316,19,0.9459053029269171
209,119,0.0
209,20,0.0
209,476,0.0
209,264,0.0
209,200,0.0
209,189,0.0
209,362,0.0
209,17,0.0
209,16,0.0
209,310,0.0
265,119,0.0
265,20,0.0
265,399,0.0
265,476,0.0
265,264,0.0
265,200,0.0
265,189,0.0
265,362,0.0
265,17,0.0
265,16,0.0
167,22,0.8921863208612251
167,89,0.8840448977224724
167,16,0.7401922307076296
167,189,0.6062176344920687
167,77,0.4999999999999999
167,134,0.24019223070763074
167,400,0.0
167,476,0.0
167,17,0.0
167,78,-0.48198050606196596
178,119,0.0
178,20,0.0
178,399,0.0
178,476,0.0
178,264,0.0
178,200,0.0
178,189,0.0
178,362,0.0
178,17,0.0
178,16,0.0
289,119,0.0
289,20,0.0
289,399,0.0
289,476,0.0
289,264,0.0
289,200,0.0
289,189,0.0
289,362,0.0
289,17,0.0
289,16,0.0
287,119,0.0
287,20,0.0
287,399,0.0
287,476,0.0
287,264,0.0
287,200,0.0
287,189,0.0
287,362,0.0
287,17,0.0
287,16,0.0
380,119,0.0
380,399,0.0
380,476,0.0
380,264,0.0
380,200,0.0
380,189,0.0
380,362,0.0
380,17,0.0
380,16,0.0
380,310,0.0
356,119,0.0
356,20,0.0
356,399,0.0
356,476,0.0
356,200,0.0
356,189,0.0
356,362,0.0
356,17,0.0
356,16,0.0
356,310,0.0
354,119,0.0
354,20,0.0
354,399,0.0
354,476,0.0
354,200,0.0
354,189,0.0
354,362,0.0
354,17,0.0
354,16,0.0
354,310,0.0
376,119,0.0
376,20,0.0
376,399,0.0
376,476,0.0
376,264,0.0
376,200,0.0
376,189,0.0
376,362,0.0
376,17,0.0
376,16,0.0
346,119,0.0
346,20,0.0
346,399,0.0
346,476,0.0
346,264,0.0
346,200,0.0
346,189,0.0
346,362,0.0
346,17,0.0
346,16,0.0
101,119,0.0
101,20,0.0
101,399,0.0
101,476,0.0
101,264,0.0
101,200,0.0
101,189,0.0
101,362,0.0
101,17,0.0
101,16,0.0
109,119,0.0
109,20,0.0
109,399,0.0
109,476,0.0
109,264,0.0
109,200,0.0
109,189,0.0
109,362,0.0
109,17,0.0
109,16,0.0
191,119,0.0
191,20,0.0
191,399,0.0
191,476,0.0
191,200,0.0
191,189,0.0
191,362,0.0
191,17,0.0
191,16,0.0
191,310,0.0
184,119,0.0
184,20,0.0
184,399,0.0
184,476,0.0
184,264,0.0
184,200,0.0
184,189,0.0
184,362,0.0
184,17,0.0
184,16,0.0
352,119,0.0
352,20,0.0
352,399,0.0
352,476,0.0
352,264,0.0
352,200,0.0
352,189,0.0
352,362,0.0
352,17,0.0
352,16,0.0
231,119,0.0
231,20,0.0
231,399,0.0
231,476,0.0
231,264,0.0
231,200,0.0
231,189,0.0
231,362,0.0
231,17,0.0
231,16,0.0
187,119,0.0
187,20,0.0
187,399,0.0
187,476,0.0
187,264,0.0
187,200,0.0
187,189,0.0
187,362,0.0
187,17,0.0
187,16,0.0
297,20,13.0
297,264,11.0
297,94,10.0
297,200,10.0
297,287,10.0
297,399,9.0
297,119,8.0
297,189,7.0
297,16,6.0
297,362,6.0
228,119,0.0
228,20,0.0
228,399,0.0
228,476,0.0
228,200,0.0
228,189,0.0
228,362,0.0
228,17,0.0
228,16,0.0
228,310,0.0
308,119,0.0
308,20,0.0
308,399,0.0
308,476,0.0
308,264,0.0
308,200,0.0
308,189,0.0
308,362,0.0
308,17,0.0
308,16,0.0
139,119,0.0
139,20,0.0
139,399,0.0
139,476,0.0
139,264,0.0
139,200,0.0
139,189,0.0
139,362,0.0
139,17,0.0
139,16,0.0
373,119,0.0
373,20,0.0
373,399,0.0
373,476,0.0
373,264,0.0
373,200,0.0
373,189,0.0
373,362,0.0
373,17,0.0
373,16,0.0
168,119,0.0
168,20,0.0
168,399,0.0
168,476,0.0
168,264,0.0
168,200,0.0
168,189,0.0
168,362,0.0
168,17,0.0
168,16,0.0
400,119,0.0
400,20,0.0
400,399,0.0
400,476,0.0
400,264,0.0
400,200,0.0
400,189,0.0
400,362,0.0
400,17,0.0
400,16,0.0
320,119,0.0
320,20,0.0
320,399,0.0
320,476,0.0
320,264,0.0
320,200,0.0
320,189,0.0
320,362,0.0
320,17,0.0
320,16,0.0
95,119,0.0
95,20,0.0
95,399,0.0
95,476,0.0
95,264,0.0
95,200,0.0
95,189,0.0
95,362,0.0
95,17,0.0
95,16,0.0
353,119,0.0
353,20,0.0
353,399,0.0
353,476,0.0
353,264,0.0
353,200,0.0
353,189,0.0
353,362,0.0
353,17,0.0
353,16,0.0
260,119,0.0
260,20,0.0
260,399,0.0
260,476,0.0
260,264,0.0
260,200,0.0
260,189,0.0
260,362,0.0
260,17,0.0
260,16,0.0
83,119,0.0
83,20,0.0
83,399,0.0
83,476,0.0
83,264,0.0
83,200,0.0
83,189,0.0
83,362,0.0
83,17,0.0
83,16,0.0
250,119,0.0
250,399,0.0
250,476,0.0
250,264,0.0
250,200,0.0
250,189,0.0
250,362,0.0
250,17,0.0
250,16,0.0
250,310,0.0
395,119,0.0
395,20,0.0
395,399,0.0
395,476,0.0
395,264,0.0
395,200,0.0
395,189,0.0
395,362,0.0
395,17,0.0
395,16,0.0
183,119,0.0
183,20,0.0
183,399,0.0
183,476,0.0
183,264,0.0
183,200,0.0
183,189,0.0
183,362,0.0
183,17,0.0
183,16,0.0
275,119,0.0
275,20,0.0
275,399,0.0
275,476,0.0
275,264,0.0
275,200,0.0
275,189,0.0
275,362,0.0
275,17,0.0
275,16,0.0
173,119,0.0
173,399,0.0
173,476,0.0
173,200,0.0
173,189,0.0
173,362,0.0
173,17,0.0
173,16,0.0
173,310,0.0
173,59,0.0
272,119,0.0
272,20,0.0
272,399,0.0
272,476,0.0
272,264,0.0
272,200,0.0
272,189,0.0
272,362,0.0
272,17,0.0
272,16,0.0
304,119,0.0
304,20,0.0
304,399,0.0
304,476,0.0
304,264,0.0
304,200,0.0
304,189,0.0
304,362,0.0
304,17,0.0
304,16,0.0
318,119,0.0
318,20,0.0
318,399,0.0
318,476,0.0
318,264,0.0
318,200,0.0
318,189,0.0
318,362,0.0
318,17,0.0
318,16,0.0
125,119,0.0
125,20,0.0
125,399,0.0
125,476,0.0
125,200,0.0
125,189,0.0
125,362,0.0
125,17,0.0
125,16,0.0
125,310,0.0
374,119,0.0
374,20,0.0
374,399,0.0
374,476,0.0
374,264,0.0
374,200,0.0
374,189,0.0
374,362,0.0
374,17,0.0
374,16,0.0
317,119,0.0
317,20,0.0
317,399,0.0
317,476,0.0
317,264,0.0
317,200,0.0
317,189,0.0
317,362,0.0
317,17,0.0
317,16,0.0
177,119,0.0
177,20,0.0
177,399,0.0
177,476,0.0
177,264,0.0
177,200,0.0
177,189,0.0
177,362,0.0
177,17,0.0
177,16,0.0
149,119,0.0
149,20,0.0
149,399,0.0
149,476,0.0
149,264,0.0
149,200,0.0
149,189,0.0
149,362,0.0
149,17,0.0
149,16,0.0
327,119,0.0
327,20,0.0
327,399,0.0
327,476,0.0
327,264,0.0
327,200,0.0
327,189,0.0
327,362,0.0
327,17,0.0
327,16,0.0
207,119,0.0
207,20,0.0
207,399,0.0
207,476,0.0
207,200,0.0
207,189,0.0
207,362,0.0
207,17,0.0
207,16,0.0
207,310,0.0
361,119,0.0
361,20,0.0
361,399,0.0
361,476,0.0
361,264,0.0
361,200,0.0
361,189,0.0
361,362,0.0
361,17,0.0
361,16,0.0
339,119,0.0
339,20,0.0
339,399,0.0
339,476,0.0
339,264,0.0
339,200,0.0
339,189,0.0
339,362,0.0
339,17,0.0
339,16,0.0
351,119,0.0
351,20,0.0
351,399,0.0
351,476,0.0
351,264,0.0
351,200,0.0
351,189,0.0
351,362,0.0
351,17,0.0
351,16,0.0
266,119,0.0
266,20,0.0
266,399,0.0
266,476,0.0
266,264,0.0
266,200,0.0
266,189,0.0
266,362,0.0
266,17,0.0
266,16,0.0
386,119,0.0
386,20,0.0
386,399,0.0
386,476,0.0
386,264,0.0
386,200,0.0
386,189,0.0
386,362,0.0
386,17,0.0
386,16,0.0
285,416,0.9999999999999998
285,824,0.9999999999999998
285,77,0.9999999999999998
285,200,0.4999999999999991
285,78,0.1339745962155613
285,19,0.0
285,415,0.0
285,476,0.0
285,17,0.0
285,190,0.0
127,119,0.0
127,20,0.0
127,399,0.0
127,476,0.0
127,264,0.0
127,200,0.0
127,189,0.0
127,362,0.0
127,17,0.0
127,16,0.0
341,119,0.0
341,20,0.0
341,399,0.0
341,476,0.0
341,264,0.0
341,200,0.0
341,189,0.0
341,362,0.0
341,17,0.0
341,16,0.0
130,119,0.0
130,20,0.0
130,399,0.0
130,476,0.0
130,264,0.0
130,200,0.0
130,189,0.0
130,362,0.0
130,17,0.0
130,16,0.0
364,119,0.0
364,20,0.0
364,399,0.0
364,476,0.0
364,264,0.0
364,200,0.0
364,189,0.0
364,362,0.0
364,17,0.0
364,16,0.0
331,119,0.0
331,20,0.0
331,399,0.0
331,476,0.0
331,264,0.0
331,200,0.0
331,189,0.0
331,362,0.0
331,17,0.0
331,16,0.0
332,119,0.0
332,20,0.0
332,399,0.0
332,476,0.0
332,264,0.0
332,200,0.0
332,189,0.0
332,362,0.0
332,17,0.0
332,16,0.0
389,119,0.0
389,20,0.0
389,399,0.0
389,476,0.0
389,264,0.0
389,200,0.0
389,189,0.0
389,362,0.0
389,17,0.0
389,16,0.0
146,119,0.0
146,20,0.0
146,399,0.0
146,476,0.0
146,264,0.0
146,200,0.0
146,189,0.0
146,362,0.0
146,17,0.0
146,16,0.0
328,119,0.0
328,20,0.0
328,399,0.0
328,476,0.0
328,264,0.0
328,200,0.0
328,189,0.0
328,362,0.0
328,17,0.0
328,16,0.0
322,119,0.0
322,20,0.0
322,399,0.0
322,476,0.0
322,264,0.0
322,200,0.0
322,189,0.0
322,362,0.0
322,17,0.0
322,16,0.0
181,119,0.0
181,20,0.0
181,399,0.0
181,476,0.0
181,264,0.0
181,200,0.0
181,189,0.0
181,362,0.0
181,17,0.0
181,16,0.0
299,119,0.0
299,20,0.0
299,399,0.0
299,476,0.0
299,264,0.0
299,200,0.0
299,189,0.0
299,362,0.0
299,17,0.0
299,16,0.0
313,119,0.0
313,20,0.0
313,399,0.0
313,476,0.0
313,264,0.0
313,200,0.0
313,189,0.0
313,362,0.0
313,17,0.0
313,16,0.0
245,119,0.0
245,20,0.0
245,399,0.0
245,476,0.0
245,264,0.0
245,200,0.0
245,189,0.0
245,362,0.0
245,17,0.0
245,16,0.0
393,119,0.0
393,20,0.0
393,399,0.0
393,476,0.0
393,264,0.0
393,200,0.0
393,189,0.0
393,362,0.0
393,17,0.0
393,16,0.0
324,79,6.0
324,200,5.0
324,119,5.0
324,399,4.0
324,416,2.9999999999999996
324,94,2.0
324,310,2.0
324,352,2.0
324,284,1.9999999999999998
324,362,1.9999999999999993
74,119,0.0
74,20,0.0
74,399,0.0
74,476,0.0
74,264,0.0
74,200,0.0
74,189,0.0
74,362,0.0
74,17,0.0
74,16,0.0
195,119,0.0
195,20,0.0
195,399,0.0
195,476,0.0
195,264,0.0
195,200,0.0
195,189,0.0
195,362,0.0
195,17,0.0
195,16,0.0
239,119,0.0
239,20,0.0
239,399,0.0
239,476,0.0
239,264,0.0
239,200,0.0
239,189,0.0
239,362,0.0
239,17,0.0
239,16,0.0
334,119,0.0
334,20,0.0
334,399,0.0
334,476,0.0
334,264,0.0
334,200,0.0
334,189,0.0
334,362,0.0
334,17,0.0
334,16,0.0
118,119,0.0
118,20,0.0
118,476,0.0
118,264,0.0
118,200,0.0
118,189,0.0
118,17,0.0
118,16,0.0
118,310,0.0
118,59,0.0
150,119,0.0
150,20,0.0
150,399,0.0
150,476,0.0
150,264,0.0
150,200,0.0
150,189,0.0
150,362,0.0
150,17,0.0
150,16,0.0
