448,416,0.9242086547139778
448,134,0.844128703989534
448,190,0.804131006247889
448,400,0.5000000000000001
448,284,0.4420468417555283
448,824,0.44022665525583937
448,22,0.37399539495120226
448,89,0.25682956772695587
448,125,0.22678073705826324
448,19,0.22678073705826324
444,20,0.0
444,399,0.0
444,476,0.0
444,264,0.0
444,200,0.0
444,189,0.0
444,362,0.0
444,17,0.0
444,16,0.0
444,310,0.0
450,264,8.0
450,189,7.0
450,119,7.0
450,20,4.0
450,287,4.0
450,200,3.0
450,362,2.0
450,310,1.9999999999999993
450,79,1.9999999999999993
450,16,1.0000000000000002
445,119,0.0
445,399,0.0
445,476,0.0
445,264,0.0
445,200,0.0
445,189,0.0
445,362,0.0
445,17,0.0
445,16,0.0
445,310,0.0
446,119,0.0
446,20,0.0
446,399,0.0
446,476,0.0
446,264,0.0
446,189,0.0
446,362,0.0
446,17,0.0
446,16,0.0
446,310,0.0
447,20,6.688471867551947
447,94,5.692790808476959
447,362,4.053337394829057
447,399,4.01443700303349
447,200,3.285702394520425
447,59,2.505433867352176
447,189,2.472214116354066
447,79,2.178353805443468
447,134,1.9948503863711942
447,352,1.9425090411552377
449,119,0.0
449,20,0.0
449,399,0.0
449,476,0.0
449,264,0.0
449,200,0.0
449,189,0.0
449,17,0.0
449,16,0.0
449,310,0.0
522,264,25.798077916349705
522,200,10.089720893400036
522,310,9.367983501093875
522,22,7.682943723350698
522,189,7.315059356431483
522,352,5.535601974732987
522,59,5.212607453438833
522,255,4.784028716552143
522,78,2.0386225953147505
522,134,1.5556345900509232
524,119,9.562254123156666
524,189,7.676961990091945
524,255,6.6962287193722245
524,399,6.562254123156665
524,287,5.8109365863075055
524,310,5.117342940633595
524,20,3.6173429406335966
524,352,3.3660254037844384
524,59,2.3660254037844384
524,362,2.3660254037844384
516,310,9.769561492226332
516,255,8.516181368382133
516,16,8.213023612614016
516,22,7.664486666717792
516,352,6.8828561237139665
516,78,3.7909891043870356
516,362,3.552747202877563
516,134,3.3350781601730435
516,89,3.156361890676133
516,190,0.9477061484837288
619,399,31.044789667248182
619,94,12.663102865270584
619,287,9.412198484247972
619,16,7.002741865478375
619,22,5.5737211383024
619,78,2.9305120714439163
619,59,2.912014978672981
619,352,2.420213672432787
619,134,2.090017418566259
619,89,1.5827492510724142
494,310,8.37461333555359
494,119,6.534944537207922
494,287,6.499847654265549
494,264,5.849034796079678
494,89,1.714291990528539
494,255,1.5667396386080457
494,362,1.1742339180587855
494,400,0.9999999999999998
494,16,0.7021605480232482
494,352,0.6372897659552297
655,22,5.054577810616391
655,79,4.488404425600887
655,287,3.3731743534558145
655,16,3.3143702499826286
655,200,2.798811766165148
655,255,2.7593896090921417
655,362,2.239943992765482
655,134,1.537643013989275
655,824,1.270211342798376
655,310,0.8493588721340879
466,264,10.0
466,119,10.0
466,20,8.0
466,189,6.0
466,287,6.0
466,94,5.0
466,362,4.0
466,310,3.0
466,16,3.0
466,200,3.0
523,399,10.0
523,119,9.0
523,264,9.0
523,189,7.0
523,310,5.0
523,362,4.0
523,200,3.000000000000001
523,16,3.0
523,255,3.0
523,287,2.0
620,200,14.005535299564817
620,255,10.158066087393303
620,22,8.234633050915818
620,16,6.388932094153657
620,352,5.036096010758162
620,59,4.492855623334266
620,134,1.8744189844418955
620,416,1.4480411726941025
620,89,1.306126286307266
620,824,0.9513198747286911
570,20,0.0
570,399,0.0
570,476,0.0
570,264,0.0
570,200,0.0
570,189,0.0
570,362,0.0
570,17,0.0
570,16,0.0
570,310,0.0
544,264,26.4108752961727
544,119,24.14390629991186
544,287,15.567845744281335
544,310,10.985884080365759
544,16,7.002821109743267
544,362,6.983993333596817
544,255,6.225153351659237
544,22,5.527248045571618
544,352,5.40784351970317
544,89,2.612267026892931
618,200,9.492946133267711
618,79,6.3428757751471245
618,94,4.669315151618163
618,189,4.289915092266413
618,22,2.9212910977510615
618,310,2.8413691400418415
618,89,1.7952653771682885
618,400,1.0000000000000002
618,255,0.7350337586855737
618,134,0.7339341618086495
640,19,0.8029550685469663
640,125,0.8029550685469663
640,416,0.4963303138285027
640,59,0.22315045941803346
640,824,1.1102230246251565E-16
640,415,0.0
640,77,0.0
640,400,0.0
640,190,-0.19704493145303392
640,78,-0.38675049056307287
487,20,0.0
487,399,0.0
487,476,0.0
487,264,0.0
487,200,0.0
487,189,0.0
487,362,0.0
487,17,0.0
487,16,0.0
487,310,0.0
610,20,0.0
610,399,0.0
610,476,0.0
610,264,0.0
610,200,0.0
610,189,0.0
610,362,0.0
610,17,0.0
610,16,0.0
610,310,0.0
492,310,2.5268852590658843
492,362,2.479717505856882
492,255,2.372250331540526
492,16,2.2833474338562914
492,824,1.331042355440947
492,189,0.6220527634858967
492,134,0.5589225771750649
492,190,0.5515710623129397
492,78,0.5428932188134525
492,17,0.40824829046386296
569,399,18.89131553340742
569,20,17.930982799611193
569,310,9.802198804518394
569,287,9.695534383679208
569,94,9.473494453760864
569,79,9.395742081546032
569,255,8.531035079543498
569,16,6.759614936770852
569,22,6.6810480463861985
569,362,6.210214018626968
518,20,0.0
518,399,0.0
518,476,0.0
518,264,0.0
518,200,0.0
518,189,0.0
518,362,0.0
518,17,0.0
518,16,0.0
518,310,0.0
481,20,0.0
481,399,0.0
481,476,0.0
481,264,0.0
481,200,0.0
481,189,0.0
481,362,0.0
481,17,0.0
481,16,0.0
481,310,0.0
624,119,0.0
624,20,0.0
624,399,0.0
624,476,0.0
624,264,0.0
624,200,0.0
624,362,0.0
624,17,0.0
624,16,0.0
624,310,0.0
514,20,0.0
514,399,0.0
514,476,0.0
514,264,0.0
514,200,0.0
514,189,0.0
514,362,0.0
514,17,0.0
514,16,0.0
514,310,0.0
592,20,0.0
592,399,0.0
592,476,0.0
592,264,0.0
592,200,0.0
592,189,0.0
592,362,0.0
592,17,0.0
592,16,0.0
592,310,0.0
454,20,0.0
454,399,0.0
454,476,0.0
454,264,0.0
454,200,0.0
454,189,0.0
454,362,0.0
454,17,0.0
454,16,0.0
454,310,0.0
486,119,0.0
486,20,0.0
486,399,0.0
486,476,0.0
486,264,0.0
486,200,0.0
486,189,0.0
486,362,0.0
486,17,0.0
486,16,0.0
560,119,0.0
560,20,0.0
560,399,0.0
560,476,0.0
560,264,0.0
560,200,0.0
560,189,0.0
560,362,0.0
560,17,0.0
560,16,0.0
489,264,10.421302038198302
489,200,8.287327441982741
489,310,6.2873274419827405
489,399,4.03405364265091
489,352,3.944911182523068
489,16,3.889822365046137
489,94,3.6697430948136613
489,79,3.5212229917629525
489,362,2.33215957807046
489,189,1.7515589433846408
477,399,0.0
477,476,0.0
477,264,0.0
477,200,0.0
477,362,0.0
477,17,0.0
477,16,0.0
477,310,0.0
477,59,0.0
477,94,0.0
612,119,0.0
612,20,0.0
612,399,0.0
612,476,0.0
612,264,0.0
612,200,0.0
612,189,0.0
612,362,0.0
612,17,0.0
612,16,0.0
451,119,19.810725122102394
451,94,11.227716456676113
451,22,9.47403397115725
451,255,8.100372778186598
451,352,7.8279821708227075
451,362,7.058176897443994
451,16,5.928701037967423
451,59,5.4637950015686085
451,78,3.565800921390693
451,416,1.690245562179069
639,89,1.0
639,78,1.0
639,19,0.0
639,190,0.0
639,125,0.0
639,476,0.0
639,284,0.0
639,415,0.0
639,17,0.0
639,77,0.0
654,255,9.465941350149112
654,287,8.421467502104916
654,20,7.704280742706196
654,22,7.087415465194355
654,352,6.600425690369207
654,362,5.48111244746758
654,200,4.82712463937999
654,310,4.367111060893072
654,189,4.300414102366927
654,78,3.6108740285595315
607,119,12.909862099263322
607,20,10.21484906566846
607,399,9.909862099263322
607,255,8.283688339266686
607,189,8.043836695478882
607,310,7.177043167279825
607,16,6.728680698977634
607,287,6.30518516579672
607,352,5.0
607,79,4.210479063034647
471,119,0.0
471,20,0.0
471,399,0.0
471,476,0.0
471,264,0.0
471,200,0.0
471,189,0.0
471,362,0.0
471,17,0.0
471,16,0.0
657,264,20.747596983795987
657,189,11.219878797979867
657,287,10.286837907074313
657,310,8.433449278092375
657,94,7.733209343582297
657,79,7.5155166080526215
657,255,6.38841087470769
657,16,6.284751570503178
657,362,5.292160798555935
657,352,4.910752539424622
632,119,0.0
632,20,0.0
632,399,0.0
632,476,0.0
632,264,0.0
632,200,0.0
632,189,0.0
632,362,0.0
632,17,0.0
632,16,0.0
578,264,6.485100172645817
578,200,4.451192609212613
578,16,3.3896129410147022
578,399,2.7454423006367836
578,310,2.7435415660220634
578,79,2.659903558145994
578,134,2.3219949365267865
578,362,1.973278567926203
578,22,1.3844082690473138
578,284,1.0
660,20,17.509165093764874
660,399,15.698147330269489
660,189,13.320182857260262
660,200,13.227864486896827
660,287,9.539945803772698
660,79,9.402519921778012
660,310,7.37527167473719
660,22,6.823634143039381
660,362,5.37527167473719
660,16,4.539945803772697
519,20,0.0
519,399,0.0
519,476,0.0
519,264,0.0
519,200,0.0
519,189,0.0
519,362,0.0
519,17,0.0
519,16,0.0
519,310,0.0
588,189,6.763243611954561
588,200,6.7306254682373545
588,287,6.309430069788103
588,94,5.412580124855925
588,22,3.6819546566185704
588,399,3.3048868436872993
588,416,2.7008401285415227
588,59,2.599564853231045
588,89,2.0
588,16,1.9196077047419668
605,119,0.0
605,399,0.0
605,476,0.0
605,264,0.0
605,200,0.0
605,189,0.0
605,362,0.0
605,17,0.0
605,16,0.0
605,310,0.0
540,119,0.0
540,399,0.0
540,476,0.0
540,264,0.0
540,200,0.0
540,189,0.0
540,362,0.0
540,17,0.0
540,16,0.0
540,310,0.0
653,119,0.0
653,20,0.0
653,399,0.0
653,476,0.0
653,200,0.0
653,189,0.0
653,362,0.0
653,17,0.0
653,16,0.0
653,310,0.0
535,20,0.0
535,399,0.0
535,476,0.0
535,264,0.0
535,200,0.0
535,189,0.0
535,362,0.0
535,17,0.0
535,16,0.0
535,310,0.0
484,119,0.0
484,399,0.0
484,476,0.0
484,264,0.0
484,200,0.0
484,189,0.0
484,362,0.0
484,17,0.0
484,16,0.0
484,310,0.0
566,264,18.33690891366144
566,20,16.541340202745474
566,287,10.028308026902323
566,200,8.427719627852518
566,310,7.281866423200316
566,362,7.198815723816494
566,189,7.051215999618426
566,255,6.20897557844633
566,22,5.497269071010141
566,352,4.5835606506662225
591,20,21.7683533827263
591,264,21.45163270068489
591,200,13.720618004029212
591,287,11.480789528861356
591,189,10.971999046380542
591,94,8.128398834938373
591,362,7.837558618517267
591,310,7.034603549970299
591,16,5.64711441926545
591,134,4.0
611,119,0.0
611,20,0.0
611,399,0.0
611,476,0.0
611,264,0.0
611,200,0.0
611,189,0.0
611,362,0.0
611,17,0.0
611,16,0.0
525,20,13.95948361132898
525,264,11.541820675846735
525,189,7.598076211353316
525,310,6.979998235826791
525,255,5.668980472331404
525,79,5.5
525,94,5.366025403784438
525,16,4.979998235826791
525,287,4.8178325632262755
525,352,3.8660254037844384
635,77,0.0
635,125,0.0
635,19,0.0
635,416,0.0
635,415,0.0
635,190,0.0
635,400,0.0
635,89,-0.9999999999999998
635,476,-0.9999999999999998
635,17,-0.9999999999999998
609,119,0.0
609,20,0.0
609,399,0.0
609,476,0.0
609,264,0.0
609,200,0.0
609,189,0.0
609,362,0.0
609,17,0.0
609,16,0.0
483,20,0.0
483,476,0.0
483,264,0.0
483,200,0.0
483,362,0.0
483,17,0.0
483,16,0.0
483,310,0.0
483,59,0.0
483,94,0.0
458,119,0.0
458,20,0.0
458,399,0.0
458,476,0.0
458,264,0.0
458,200,0.0
458,189,0.0
458,362,0.0
458,17,0.0
458,16,0.0
496,119,0.0
496,20,0.0
496,399,0.0
496,476,0.0
496,264,0.0
496,200,0.0
496,189,0.0
496,362,0.0
496,17,0.0
496,16,0.0
642,352,4.125094486657456
642,287,3.967645302039374
642,189,3.9369230202928787
642,79,3.6234811821291686
642,200,3.484317695842627
642,59,1.8147819668398901
642,416,1.6139661875727036
642,119,1.5852874223988065
642,89,1.488792279661845
642,399,1.3733010581186276
526,20,0.0
526,399,0.0
526,476,0.0
526,264,0.0
526,200,0.0
526,189,0.0
526,362,0.0
526,17,0.0
526,16,0.0
526,310,0.0
459,119,0.0
459,20,0.0
459,399,0.0
459,476,0.0
459,264,0.0
459,200,0.0
459,189,0.0
459,362,0.0
459,17,0.0
459,16,0.0
616,20,0.0
616,399,0.0
616,476,0.0
616,264,0.0
616,200,0.0
616,189,0.0
616,362,0.0
616,17,0.0
616,16,0.0
616,310,0.0
641,119,0.0
641,20,0.0
641,399,0.0
641,476,0.0
641,264,0.0
641,200,0.0
641,189,0.0
641,362,0.0
641,17,0.0
641,16,0.0
478,20,17.529346866912427
478,399,14.611683931430179
478,264,14.529346866912425
478,94,8.670442435078607
478,310,7.42205594425917
478,79,7.41106220328103
478,287,6.107372099841135
478,255,4.611038180763782
478,16,4.0043930087769235
478,22,3.999999999999999
493,119,0.0
493,20,0.0
493,399,0.0
493,476,0.0
493,264,0.0
493,200,0.0
493,189,0.0
493,362,0.0
493,17,0.0
493,16,0.0
553,119,0.0
553,20,0.0
553,476,0.0
553,264,0.0
553,200,0.0
553,189,0.0
553,362,0.0
553,17,0.0
553,16,0.0
553,310,0.0
601,119,0.0
601,20,0.0
601,399,0.0
601,476,0.0
601,264,0.0
601,200,0.0
601,189,0.0
601,362,0.0
601,17,0.0
601,16,0.0
583,119,0.0
583,399,0.0
583,476,0.0
583,264,0.0
583,200,0.0
583,189,0.0
583,362,0.0
583,17,0.0
583,16,0.0
583,310,0.0
617,119,8.777802281936314
617,287,8.53451490034716
617,189,6.078517864474122
617,79,5.754157334904696
617,94,5.46396234366605
617,264,4.887174700257857
617,352,4.857857485008122
617,255,4.123047620153018
617,310,3.618760254636312
617,78,2.760120462356738
576,119,0.0
576,20,0.0
576,399,0.0
576,476,0.0
576,264,0.0
576,200,0.0
576,189,0.0
576,362,0.0
576,17,0.0
576,16,0.0
464,119,0.0
464,20,0.0
464,476,0.0
464,264,0.0
464,200,0.0
464,189,0.0
464,362,0.0
464,17,0.0
464,16,0.0
464,310,0.0
474,20,0.0
474,399,0.0
474,476,0.0
474,264,0.0
474,200,0.0
474,189,0.0
474,362,0.0
474,17,0.0
474,16,0.0
474,310,0.0
662,119,0.0
662,20,0.0
662,399,0.0
662,476,0.0
662,264,0.0
662,200,0.0
662,189,0.0
662,362,0.0
662,17,0.0
662,16,0.0
627,119,0.0
627,20,0.0
627,399,0.0
627,476,0.0
627,264,0.0
627,200,0.0
627,189,0.0
627,362,0.0
627,17,0.0
627,16,0.0
561,119,0.0
561,20,0.0
561,399,0.0
561,476,0.0
561,264,0.0
561,200,0.0
561,189,0.0
561,362,0.0
561,17,0.0
561,16,0.0
557,119,0.0
557,20,0.0
557,399,0.0
557,476,0.0
557,264,0.0
557,200,0.0
557,189,0.0
557,362,0.0
557,17,0.0
557,16,0.0
634,20,0.0
634,399,0.0
634,476,0.0
634,264,0.0
634,200,0.0
634,189,0.0
634,362,0.0
634,17,0.0
634,16,0.0
634,310,0.0
606,119,0.0
606,20,0.0
606,399,0.0
606,476,0.0
606,264,0.0
606,200,0.0
606,189,0.0
606,362,0.0
606,17,0.0
606,16,0.0
638,119,0.0
638,20,0.0
638,399,0.0
638,476,0.0
638,264,0.0
638,200,0.0
638,189,0.0
638,362,0.0
638,17,0.0
638,16,0.0
565,119,0.0
565,20,0.0
565,399,0.0
565,476,0.0
565,264,0.0
565,200,0.0
565,189,0.0
565,362,0.0
565,17,0.0
565,16,0.0
633,119,0.0
633,20,0.0
633,399,0.0
633,476,0.0
633,264,0.0
633,200,0.0
633,189,0.0
633,362,0.0
633,17,0.0
633,16,0.0
556,264,12.0
556,399,10.0
556,20,10.0
556,119,9.0
556,189,7.0
556,94,6.0
556,310,5.0
556,200,5.0
556,362,5.0
556,255,4.0
452,119,0.0
452,20,0.0
452,399,0.0
452,476,0.0
452,264,0.0
452,189,0.0
452,362,0.0
452,17,0.0
452,16,0.0
452,310,0.0
650,287,11.13441001944016
650,79,10.783119891412081
650,310,7.780140233127987
650,94,6.97471007301036
650,22,6.167978368952549
650,255,5.7351324730194175
650,352,5.704341279900401
650,362,4.520930205459179
650,16,4.388584890080802
650,89,3.100044533994737
550,20,10.89396268660077
550,200,5.4496033035288045
550,287,4.010681803138501
550,16,3.089188432064102
550,79,3.0822270919390453
550,94,2.440084750016217
550,310,2.3419561211530406
550,134,2.0
550,22,1.9272089287193066
550,362,1.464442788471834
651,399,21.73418768197049
651,94,17.358961954416507
651,200,14.156928213453861
651,189,12.529904207444934
651,22,10.235356429507629
651,310,6.871236687281381
651,255,6.825636582740364
651,362,6.348015404554337
651,16,5.204106408362041
651,352,4.788855685837633
521,119,0.0
521,20,0.0
521,399,0.0
521,476,0.0
521,264,0.0
521,200,0.0
521,362,0.0
521,17,0.0
521,16,0.0
521,310,0.0
482,119,0.0
482,20,0.0
482,399,0.0
482,476,0.0
482,264,0.0
482,200,0.0
482,189,0.0
482,362,0.0
482,17,0.0
482,16,0.0
479,119,0.0
479,20,0.0
479,476,0.0
479,264,0.0
479,200,0.0
479,189,0.0
479,362,0.0
479,17,0.0
479,16,0.0
479,310,0.0
546,119,0.0
546,20,0.0
546,476,0.0
546,264,0.0
546,200,0.0
546,189,0.0
546,362,0.0
546,17,0.0
546,16,0.0
546,310,0.0
539,119,0.0
539,20,0.0
539,399,0.0
539,476,0.0
539,264,0.0
539,200,0.0
539,362,0.0
539,17,0.0
539,16,0.0
539,310,0.0
548,119,0.0
548,399,0.0
548,476,0.0
548,264,0.0
548,200,0.0
548,362,0.0
548,17,0.0
548,16,0.0
548,310,0.0
548,59,0.0
603,264,9.718232171782027
603,287,7.384304173643421
603,189,6.717134751264491
603,310,5.848820274500977
603,94,5.460100791080847
603,79,5.404908030429965
603,352,5.258198889747161
603,255,4.791914453981901
603,16,4.054882424227975
603,22,2.806108689125741
554,119,0.0
554,20,0.0
554,476,0.0
554,264,0.0
554,200,0.0
554,189,0.0
554,362,0.0
554,17,0.0
554,16,0.0
554,310,0.0
513,20,0.0
513,399,0.0
513,476,0.0
513,264,0.0
513,200,0.0
513,189,0.0
513,362,0.0
513,17,0.0
513,16,0.0
513,310,0.0
552,20,0.0
552,399,0.0
552,476,0.0
552,264,0.0
552,200,0.0
552,362,0.0
552,17,0.0
552,16,0.0
552,310,0.0
552,59,0.0
500,264,13.0
500,20,13.0
500,399,11.0
500,287,8.0
500,94,8.0
500,200,7.000000000000001
500,189,6.000000000000001
500,362,6.000000000000001
500,255,6.0
500,310,5.000000000000001
648,119,0.0
648,20,0.0
648,399,0.0
648,476,0.0
648,264,0.0
648,200,0.0
648,189,0.0
648,362,0.0
648,17,0.0
648,16,0.0
520,119,0.0
520,20,0.0
520,399,0.0
520,476,0.0
520,264,0.0
520,200,0.0
520,362,0.0
520,17,0.0
520,16,0.0
520,310,0.0
555,119,0.0
555,20,0.0
555,399,0.0
555,476,0.0
555,264,0.0
555,200,0.0
555,189,0.0
555,362,0.0
555,17,0.0
555,16,0.0
460,119,0.0
460,20,0.0
460,476,0.0
460,264,0.0
460,200,0.0
460,189,0.0
460,362,0.0
460,17,0.0
460,16,0.0
460,310,0.0
506,119,0.0
506,20,0.0
506,399,0.0
506,476,0.0
506,264,0.0
506,200,0.0
506,362,0.0
506,17,0.0
506,16,0.0
506,310,0.0
649,119,0.0
649,399,0.0
649,476,0.0
649,264,0.0
649,200,0.0
649,189,0.0
649,362,0.0
649,17,0.0
649,16,0.0
649,310,0.0
602,119,0.0
602,20,0.0
602,399,0.0
602,476,0.0
602,264,0.0
602,200,0.0
602,189,0.0
602,362,0.0
602,17,0.0
602,16,0.0
533,119,0.0
533,20,0.0
533,399,0.0
533,476,0.0
533,264,0.0
533,200,0.0
533,189,0.0
533,362,0.0
533,17,0.0
533,16,0.0
491,119,0.0
491,20,0.0
491,399,0.0
491,476,0.0
491,264,0.0
491,200,0.0
491,189,0.0
491,362,0.0
491,17,0.0
491,16,0.0
621,352,7.310808037129717
621,20,3.9212454777986316
621,79,3.435918506012829
621,78,2.852352928039983
621,22,1.825261060703653
621,824,0.9231420330001201
621,416,0.671801299857658
621,125,0.49491339773243226
621,19,0.49491339773243226
621,284,0.18632335785469017
498,119,0.0
498,20,0.0
498,399,0.0
498,476,0.0
498,264,0.0
498,200,0.0
498,189,0.0
498,362,0.0
498,17,0.0
498,16,0.0
590,119,9.284058814462801
590,362,6.486672381962295
590,189,5.492271917057036
590,310,5.228002405857762
590,255,3.475939916245591
590,22,2.420585401103394
590,16,1.95219922973698
590,824,1.7667007762924165
590,59,1.2443173512073382
590,79,1.160076448939171
574,20,0.0
574,399,0.0
574,476,0.0
574,200,0.0
574,189,0.0
574,362,0.0
574,17,0.0
574,16,0.0
574,310,0.0
574,59,0.0
575,20,0.0
575,399,0.0
575,476,0.0
575,264,0.0
575,200,0.0
575,189,0.0
575,362,0.0
575,17,0.0
575,16,0.0
575,310,0.0
453,119,0.0
453,20,0.0
453,399,0.0
453,476,0.0
453,264,0.0
453,200,0.0
453,189,0.0
453,362,0.0
453,17,0.0
453,16,0.0
564,119,0.0
564,20,0.0
564,399,0.0
564,476,0.0
564,200,0.0
564,189,0.0
564,362,0.0
564,17,0.0
564,16,0.0
564,310,0.0
562,119,0.0
562,20,0.0
562,399,0.0
562,476,0.0
562,264,0.0
562,200,0.0
562,189,0.0
562,362,0.0
562,17,0.0
562,16,0.0
643,119,0.0
643,399,0.0
643,476,0.0
643,264,0.0
643,200,0.0
643,189,0.0
643,362,0.0
643,17,0.0
643,16,0.0
643,310,0.0
501,399,13.067413716391396
501,119,12.790063618278781
501,264,10.952705849456116
501,189,8.952705849456116
501,362,6.8193382748846325
501,310,5.175355751343503
501,287,5.067413716391398
501,200,4.693375245281537
501,255,3.9819805060619657
501,59,3.7046304079493515
571,119,0.0
571,20,0.0
571,399,0.0
571,476,0.0
571,264,0.0
571,200,0.0
571,189,0.0
571,362,0.0
571,17,0.0
571,16,0.0
508,119,0.0
508,20,0.0
508,399,0.0
508,476,0.0
508,264,0.0
508,200,0.0
508,189,0.0
508,362,0.0
508,17,0.0
508,16,0.0
656,119,0.0
656,20,0.0
656,399,0.0
656,476,0.0
656,264,0.0
656,200,0.0
656,189,0.0
656,362,0.0
656,17,0.0
656,16,0.0
499,119,0.0
499,399,0.0
499,476,0.0
499,264,0.0
499,200,0.0
499,189,0.0
499,362,0.0
499,17,0.0
499,16,0.0
499,310,0.0
637,119,0.0
637,20,0.0
637,399,0.0
637,476,0.0
637,264,0.0
637,200,0.0
637,189,0.0
637,362,0.0
637,17,0.0
637,16,0.0
586,264,16.187804190794118
586,119,11.402210607914386
586,287,10.871802871108102
586,399,10.73790945208042
586,189,7.73790945208042
586,94,7.646783356171831
586,200,6.231247865347806
586,16,4.1417997999812
586,352,3.7643370212478744
586,255,3.4869640622525973
527,119,0.0
527,20,0.0
527,399,0.0
527,476,0.0
527,264,0.0
527,200,0.0
527,362,0.0
527,17,0.0
527,16,0.0
527,310,0.0
626,119,0.0
626,399,0.0
626,476,0.0
626,264,0.0
626,200,0.0
626,189,0.0
626,362,0.0
626,17,0.0
626,16,0.0
626,310,0.0
551,119,0.0
551,20,0.0
551,399,0.0
551,476,0.0
551,264,0.0
551,189,0.0
551,362,0.0
551,17,0.0
551,16,0.0
551,310,0.0
502,119,0.0
502,20,0.0
502,399,0.0
502,476,0.0
502,264,0.0
502,189,0.0
502,362,0.0
502,17,0.0
502,16,0.0
502,310,0.0
582,119,0.0
582,20,0.0
582,399,0.0
582,476,0.0
582,264,0.0
582,200,0.0
582,189,0.0
582,362,0.0
582,17,0.0
582,16,0.0
511,119,0.0
511,399,0.0
511,476,0.0
511,264,0.0
511,200,0.0
511,189,0.0
511,362,0.0
511,17,0.0
511,16,0.0
511,310,0.0
573,119,0.0
573,20,0.0
573,399,0.0
573,476,0.0
573,200,0.0
573,189,0.0
573,362,0.0
573,17,0.0
573,16,0.0
573,310,0.0
462,119,0.0
462,20,0.0
462,399,0.0
462,476,0.0
462,264,0.0
462,200,0.0
462,189,0.0
462,362,0.0
462,17,0.0
462,16,0.0
604,119,0.0
604,20,0.0
604,399,0.0
604,476,0.0
604,264,0.0
604,200,0.0
604,189,0.0
604,362,0.0
604,17,0.0
604,16,0.0
473,119,0.0
473,20,0.0
473,399,0.0
473,476,0.0
473,264,0.0
473,200,0.0
473,189,0.0
473,362,0.0
473,17,0.0
473,16,0.0
488,119,0.0
488,399,0.0
488,476,0.0
488,264,0.0
488,200,0.0
488,189,0.0
488,362,0.0
488,17,0.0
488,16,0.0
488,310,0.0
558,287,9.755922260833888
558,200,6.569130032891078
558,22,6.5238645003888855
558,119,6.358968743562011
558,399,5.470765626699622
558,189,4.883051241195405
558,352,4.775797924319551
558,255,3.7127163180704477
558,284,1.9538209664765325
558,89,1.944911182523068
613,119,0.0
613,20,0.0
613,399,0.0
613,476,0.0
613,264,0.0
613,200,0.0
613,189,0.0
613,362,0.0
613,17,0.0
613,16,0.0
547,20,0.0
547,476,0.0
547,264,0.0
547,200,0.0
547,189,0.0
547,362,0.0
547,17,0.0
547,16,0.0
547,310,0.0
547,59,0.0
505,119,0.0
505,20,0.0
505,399,0.0
505,476,0.0
505,264,0.0
505,189,0.0
505,362,0.0
505,17,0.0
505,16,0.0
505,310,0.0
595,119,0.0
595,20,0.0
595,399,0.0
595,476,0.0
595,264,0.0
595,200,0.0
595,189,0.0
595,362,0.0
595,17,0.0
595,16,0.0
658,20,0.0
658,399,0.0
658,476,0.0
658,264,0.0
658,200,0.0
658,189,0.0
658,362,0.0
658,17,0.0
658,16,0.0
658,310,0.0
646,119,0.0
646,20,0.0
646,399,0.0
646,476,0.0
646,264,0.0
646,200,0.0
646,189,0.0
646,362,0.0
646,17,0.0
646,16,0.0
497,119,0.0
497,20,0.0
497,399,0.0
497,476,0.0
497,264,0.0
497,200,0.0
497,362,0.0
497,17,0.0
497,16,0.0
497,310,0.0
596,119,0.0
596,20,0.0
596,399,0.0
596,476,0.0
596,264,0.0
596,200,0.0
596,189,0.0
596,362,0.0
596,17,0.0
596,16,0.0
628,79,6.0
628,287,4.999999999999998
628,189,3.9999999999999982
628,22,3.0
628,200,3.0
628,399,3.0
628,352,2.999999999999999
628,255,2.0
628,94,2.0
628,416,1.9999999999999996
630,119,0.0
630,20,0.0
630,399,0.0
630,476,0.0
630,200,0.0
630,189,0.0
630,362,0.0
630,17,0.0
630,16,0.0
630,310,0.0
455,119,0.0
455,399,0.0
455,476,0.0
455,264,0.0
455,200,0.0
455,189,0.0
455,362,0.0
455,17,0.0
455,16,0.0
455,310,0.0
622,79,6.0
622,287,4.999999999999998
622,189,3.9999999999999982
622,22,3.0
622,200,3.0
622,399,3.0
622,352,2.999999999999999
622,255,2.0
622,94,2.0
622,416,1.9999999999999996
580,119,0.0
580,20,0.0
580,399,0.0
580,476,0.0
580,264,0.0
580,200,0.0
580,189,0.0
580,362,0.0
580,17,0.0
580,16,0.0
530,20,0.0
530,399,0.0
530,476,0.0
530,264,0.0
530,200,0.0
530,189,0.0
530,362,0.0
530,17,0.0
530,16,0.0
530,310,0.0
532,119,0.0
532,399,0.0
532,476,0.0
532,264,0.0
532,200,0.0
532,189,0.0
532,362,0.0
532,17,0.0
532,16,0.0
532,310,0.0
503,119,0.0
503,20,0.0
503,399,0.0
503,476,0.0
503,264,0.0
503,200,0.0
503,189,0.0
503,362,0.0
503,17,0.0
503,16,0.0
652,20,0.0
652,399,0.0
652,476,0.0
652,264,0.0
652,200,0.0
652,189,0.0
652,362,0.0
652,17,0.0
652,16,0.0
652,310,0.0
456,119,0.0
456,20,0.0
456,399,0.0
456,476,0.0
456,264,0.0
456,189,0.0
456,362,0.0
456,17,0.0
456,16,0.0
456,310,0.0
457,119,0.0
457,20,0.0
457,399,0.0
457,476,0.0
457,264,0.0
457,200,0.0
457,189,0.0
457,362,0.0
457,17,0.0
457,16,0.0
468,119,0.0
468,20,0.0
468,399,0.0
468,476,0.0
468,264,0.0
468,200,0.0
468,189,0.0
468,362,0.0
468,17,0.0
468,16,0.0
647,119,0.0
647,20,0.0
647,476,0.0
647,264,0.0
647,200,0.0
647,189,0.0
647,362,0.0
647,17,0.0
647,16,0.0
647,310,0.0
490,119,0.0
490,20,0.0
490,399,0.0
490,476,0.0
490,264,0.0
490,189,0.0
490,362,0.0
490,17,0.0
490,16,0.0
490,310,0.0
559,119,0.0
559,20,0.0
559,399,0.0
559,476,0.0
559,264,0.0
559,200,0.0
559,189,0.0
559,362,0.0
559,17,0.0
559,16,0.0
536,119,0.0
536,20,0.0
536,399,0.0
536,476,0.0
536,264,0.0
536,200,0.0
536,189,0.0
536,362,0.0
536,17,0.0
536,16,0.0
470,119,0.0
470,20,0.0
470,399,0.0
470,476,0.0
470,264,0.0
470,200,0.0
470,189,0.0
470,362,0.0
470,17,0.0
470,16,0.0
615,119,0.0
615,20,0.0
615,399,0.0
615,476,0.0
615,264,0.0
615,200,0.0
615,189,0.0
615,362,0.0
615,17,0.0
615,16,0.0
531,264,14.0
531,399,10.0
531,119,9.0
531,287,9.0
531,94,9.0
531,189,8.0
531,200,7.0
531,16,5.0
531,22,5.0
531,310,4.0
563,119,0.0
563,20,0.0
563,399,0.0
563,476,0.0
563,264,0.0
563,200,0.0
563,189,0.0
563,362,0.0
563,17,0.0
563,16,0.0
480,119,0.0
480,399,0.0
480,476,0.0
480,264,0.0
480,200,0.0
480,189,0.0
480,362,0.0
480,17,0.0
480,16,0.0
480,310,0.0
636,119,0.0
636,20,0.0
636,476,0.0
636,264,0.0
636,200,0.0
636,189,0.0
636,362,0.0
636,17,0.0
636,16,0.0
636,310,0.0
467,119,0.0
467,20,0.0
467,399,0.0
467,476,0.0
467,264,0.0
467,200,0.0
467,189,0.0
467,362,0.0
467,17,0.0
467,16,0.0
567,119,0.0
567,20,0.0
567,399,0.0
567,476,0.0
567,264,0.0
567,200,0.0
567,189,0.0
567,362,0.0
567,17,0.0
567,16,0.0
537,119,0.0
537,20,0.0
537,399,0.0
537,476,0.0
537,264,0.0
537,200,0.0
537,189,0.0
537,362,0.0
537,17,0.0
537,16,0.0
543,119,0.0
543,20,0.0
543,399,0.0
543,476,0.0
543,200,0.0
543,189,0.0
543,362,0.0
543,17,0.0
543,16,0.0
543,310,0.0
666,200,10.83773771182807
666,134,1.1449437305762529
666,284,1.062864170333407
666,19,0.3615602157093187
666,125,0.3615602157093187
666,476,0.23973505271166765
666,17,0.23973505271166765
666,78,0.23096154097592958
666,415,0.0
666,77,0.0
670,119,0.0
670,20,0.0
670,399,0.0
670,476,0.0
670,264,0.0
670,200,0.0
670,189,0.0
670,362,0.0
670,17,0.0
670,16,0.0
674,200,5.0
674,287,5.0
674,119,3.0
674,89,1.9999999999999996
674,94,1.9999999999999991
674,189,1.9999999999999982
674,264,1.0
674,190,0.9999999999999998
674,125,0.9999999999999998
674,19,0.9999999999999998
663,264,2.5580459759652543
663,255,1.9806957067756286
663,59,1.7208614819498316
663,16,1.2208614819498316
663,416,1.1118727530144745
663,189,0.589639785147381
663,125,0.5773502691896257
663,190,0.5773502691896257
663,19,0.5773502691896257
663,824,0.5345224838248488
673,255,1.5506376376552364
673,310,1.398724724689522
673,89,0.49999999999999967
673,134,0.18898223650461365
673,352,0.17267316464601046
673,287,0.17096274256657873
673,125,0.0
673,190,0.0
673,415,0.0
673,19,0.0
669,119,0.0
669,20,0.0
669,399,0.0
669,476,0.0
669,264,0.0
669,200,0.0
669,189,0.0
669,362,0.0
669,17,0.0
669,16,0.0
672,399,13.158408837400398
672,200,7.344513539079578
672,94,5.83789505268267
672,16,5.118564818684193
672,362,4.671796784203552
672,287,3.6178073313156522
672,22,2.478806344364518
672,134,2.2713125988356087
672,59,2.2136010944991007
672,824,1.3535533905932737
667,20,0.0
667,399,0.0
667,476,0.0
667,264,0.0
667,200,0.0
667,189,0.0
667,362,0.0
667,17,0.0
667,16,0.0
667,310,0.0
675,119,0.0
675,399,0.0
675,476,0.0
675,264,0.0
675,200,0.0
675,189,0.0
675,362,0.0
675,17,0.0
675,16,0.0
675,310,0.0
668,119,0.0
668,20,0.0
668,399,0.0
668,476,0.0
668,264,0.0
668,200,0.0
668,189,0.0
668,362,0.0
668,17,0.0
668,16,0.0
439,119,0.0
439,399,0.0
439,476,0.0
439,264,0.0
439,200,0.0
439,189,0.0
439,362,0.0
439,17,0.0
439,16,0.0
439,310,0.0
426,20,0.0
426,399,0.0
426,476,0.0
426,264,0.0
426,200,0.0
426,189,0.0
426,362,0.0
426,17,0.0
426,16,0.0
426,310,0.0
424,119,0.0
424,20,0.0
424,399,0.0
424,476,0.0
424,264,0.0
424,200,0.0
424,189,0.0
424,362,0.0
424,17,0.0
424,16,0.0
435,20,0.0
435,399,0.0
435,476,0.0
435,264,0.0
435,200,0.0
435,189,0.0
435,362,0.0
435,17,0.0
435,16,0.0
435,310,0.0
433,119,0.0
433,20,0.0
433,399,0.0
433,476,0.0
433,264,0.0
433,200,0.0
433,189,0.0
433,362,0.0
433,17,0.0
433,16,0.0
432,119,0.0
432,20,0.0
432,399,0.0
432,476,0.0
432,264,0.0
432,200,0.0
432,189,0.0
432,362,0.0
432,17,0.0
432,16,0.0
443,119,0.0
443,20,0.0
443,399,0.0
443,476,0.0
443,264,0.0
443,200,0.0
443,189,0.0
443,362,0.0
443,17,0.0
443,16,0.0
440,119,0.0
440,20,0.0
440,399,0.0
440,476,0.0
440,264,0.0
440,189,0.0
440,362,0.0
440,17,0.0
440,16,0.0
440,310,0.0
415,264,10.0
415,200,8.0
415,399,7.0
415,310,6.0
415,16,5.0
415,94,5.0
415,189,4.0
415,362,4.0
415,79,4.0
415,255,3.0
429,119,0.0
429,20,0.0
429,399,0.0
429,476,0.0
429,264,0.0
429,200,0.0
429,189,0.0
429,362,0.0
429,17,0.0
429,16,0.0
420,200,9.663418923537211
420,255,4.842996715040242
420,352,1.203992053427925
420,59,1.1935740984451262
420,89,1.1230466418000158
420,16,1.0349019544574032
420,824,0.5015882241121197
420,400,0.5000000000000001
420,17,0.22678073705826324
420,476,0.22678073705826324
411,89,0.8135916056897322
411,284,0.6867317268830763
411,416,0.5891906050753892
411,17,0.20080483222562473
411,476,0.20080483222562473
411,59,0.08103084950818074
411,77,0.0
411,415,0.0
411,400,0.0
411,19,-0.0917341117855138
430,119,0.0
430,20,0.0
430,399,0.0
430,476,0.0
430,264,0.0
430,200,0.0
430,362,0.0
430,17,0.0
430,16,0.0
430,310,0.0
422,362,3.396051891604025
422,255,2.5828196474126095
422,189,1.9167635167081323
422,824,1.8797804965597555
422,78,1.0000000000000002
422,119,0.9642448652368003
422,416,0.6823949880718246
422,352,0.5832176032477312
422,284,0.3592106040535498
422,476,0.12598815766974242
436,119,0.0
436,20,0.0
436,399,0.0
436,476,0.0
436,264,0.0
436,200,0.0
436,189,0.0
436,362,0.0
436,17,0.0
436,16,0.0
417,77,0.0
417,415,0.0
417,19,0.0
417,134,0.0
417,190,0.0
417,89,0.0
417,125,0.0
417,17,0.0
417,476,0.0
417,400,0.0
438,20,0.0
438,399,0.0
438,476,0.0
438,264,0.0
438,200,0.0
438,189,0.0
438,362,0.0
438,17,0.0
438,16,0.0
438,310,0.0
442,119,0.0
442,399,0.0
442,476,0.0
442,264,0.0
442,200,0.0
442,189,0.0
442,362,0.0
442,17,0.0
442,16,0.0
442,310,0.0
431,119,0.0
431,399,0.0
431,476,0.0
431,264,0.0
431,200,0.0
431,189,0.0
431,362,0.0
431,17,0.0
431,16,0.0
431,310,0.0
419,119,0.0
419,20,0.0
419,399,0.0
419,476,0.0
419,264,0.0
419,200,0.0
419,362,0.0
419,17,0.0
419,16,0.0
419,310,0.0
441,79,7.522931853768688
441,200,5.499899062292089
441,287,4.406707594434183
441,94,4.1674358106542915
441,352,3.996316539382958
441,255,3.5008597654837637
441,22,3.432571959584073
441,119,3.3917703010544678
441,189,3.2787291799861933
441,284,2.0
414,399,4.0
414,119,4.0
414,264,4.0
414,20,2.999999999999999
414,255,2.999999999999999
414,287,2.0
414,79,1.9999999999999996
414,352,1.9999999999999996
414,94,1.9999999999999993
414,362,1.9999999999999993
410,119,0.0
410,399,0.0
410,476,0.0
410,264,0.0
410,200,0.0
410,189,0.0
410,362,0.0
410,17,0.0
410,16,0.0
410,310,0.0
423,119,0.0
423,20,0.0
423,399,0.0
423,476,0.0
423,264,0.0
423,200,0.0
423,189,0.0
423,362,0.0
423,17,0.0
423,16,0.0
418,119,0.0
418,20,0.0
418,399,0.0
418,476,0.0
418,264,0.0
418,189,0.0
418,362,0.0
418,17,0.0
418,16,0.0
418,310,0.0
412,119,0.0
412,20,0.0
412,399,0.0
412,476,0.0
412,200,0.0
412,189,0.0
412,362,0.0
412,17,0.0
412,16,0.0
412,310,0.0
428,119,0.0
428,20,0.0
428,399,0.0
428,476,0.0
428,264,0.0
428,200,0.0
428,189,0.0
428,362,0.0
428,17,0.0
428,16,0.0
437,119,0.0
437,20,0.0
437,399,0.0
437,476,0.0
437,264,0.0
437,200,0.0
437,189,0.0
437,362,0.0
437,17,0.0
437,16,0.0
434,20,0.0
434,399,0.0
434,476,0.0
434,264,0.0
434,200,0.0
434,189,0.0
434,362,0.0
434,17,0.0
434,16,0.0
434,310,0.0
413,119,0.0
413,20,0.0
413,399,0.0
413,476,0.0
413,200,0.0
413,189,0.0
413,362,0.0
413,17,0.0
413,16,0.0
413,310,0.0
44,264,37.987019212604
44,399,20.295336467537272
44,287,15.577716236511495
44,189,12.147287017159442
44,255,9.620691205595358
44,78,4.435137463975599
44,89,3.434475837171486
44,284,1.911586805637517
44,416,0.9087923672074711
44,824,0.8106181762510551
57,264,19.578531642160133
57,189,10.861913494204654
57,310,9.198651222073089
57,287,8.783129926799917
57,255,7.711306361937349
57,352,6.514983628156757
57,16,5.800790739675432
57,79,5.532105930071237
57,362,4.617671874656913
57,22,3.731924179233315
38,20,22.328169189365248
38,200,14.828004843179318
38,79,14.073893076947146
38,287,11.59032288164921
38,22,8.466595701235416
38,16,5.9192415002538175
38,255,4.550713191968299
38,59,3.2950891457040328
38,352,2.743891834300709
38,134,2.649491469891668
45,20,17.601119276313042
45,200,14.470410844189445
45,94,10.90291331589483
45,189,10.1546767966074
45,310,5.52475578921478
45,352,5.0967248643775696
45,362,4.042841822428763
45,78,3.405320422015763
45,16,2.5899575662266545
45,134,2.423498684678607
28,476,1.0000000000000002
28,17,1.0000000000000002
28,284,1.0000000000000002
28,16,2.220446049250313E-16
28,78,2.220446049250313E-16
28,89,0.0
28,415,0.0
28,134,0.0
28,190,0.0
28,77,0.0
61,22,4.711454922308834
61,287,4.273531212223532
61,78,2.051270581370423
61,79,1.569700795713797
61,824,1.1856582253553531
61,134,0.9649555823536087
61,416,0.9086038267018594
61,284,0.27631428369774746
61,415,0.0
61,77,0.0
36,284,0.0
36,287,0.0
36,78,0.0
36,16,0.0
36,59,0.0
36,399,0.0
36,189,0.0
36,476,0.0
36,17,0.0
36,352,0.0
54,119,0.0
54,399,0.0
54,476,0.0
54,264,0.0
54,200,0.0
54,189,0.0
54,362,0.0
54,17,0.0
54,16,0.0
54,310,0.0
47,20,0.0
47,399,0.0
47,476,0.0
47,264,0.0
47,200,0.0
47,189,0.0
47,362,0.0
47,17,0.0
47,16,0.0
47,310,0.0
29,119,0.0
29,20,0.0
29,399,0.0
29,476,0.0
29,264,0.0
29,200,0.0
29,189,0.0
29,362,0.0
29,17,0.0
29,16,0.0
26,119,0.0
26,20,0.0
26,476,0.0
26,264,0.0
26,200,0.0
26,189,0.0
26,362,0.0
26,17,0.0
26,16,0.0
26,310,0.0
33,119,9.667640270053
33,79,8.910703419637258
33,94,5.221063521379897
33,362,5.023080900404638
33,59,4.79896800298728
33,255,3.935346630894138
33,310,3.916784813688123
33,200,3.6716460124536745
33,352,3.0726687238720922
33,22,3.008313779186527
46,399,8.979794149914111
46,20,8.409228769409555
46,119,7.711844957482988
46,22,7.232050807568877
46,362,6.848005909846403
46,79,5.982337080824525
46,310,5.348005909846403
46,287,2.9956518902215645
46,59,2.981980506061965
46,189,2.4797941499141114
21,94,9.886101350310291
21,287,7.717968020485214
21,200,6.991430881153525
21,362,6.277927372863728
21,22,6.2400081965114875
21,352,3.162134054441038
21,310,2.782013954566014
21,16,2.5025733290022654
21,78,2.4646424952946204
21,134,1.378945675308421
48,119,0.0
48,20,0.0
48,476,0.0
48,264,0.0
48,200,0.0
48,189,0.0
48,362,0.0
48,17,0.0
48,16,0.0
48,310,0.0
7,20,0.0
7,399,0.0
7,476,0.0
7,264,0.0
7,200,0.0
7,189,0.0
7,362,0.0
7,17,0.0
7,16,0.0
7,310,0.0
53,119,0.0
53,20,0.0
53,399,0.0
53,476,0.0
53,264,0.0
53,200,0.0
53,189,0.0
53,362,0.0
53,17,0.0
53,16,0.0
8,119,0.0
8,399,0.0
8,476,0.0
8,264,0.0
8,200,0.0
8,189,0.0
8,362,0.0
8,17,0.0
8,16,0.0
8,310,0.0
25,119,0.0
25,399,0.0
25,476,0.0
25,264,0.0
25,200,0.0
25,189,0.0
25,362,0.0
25,17,0.0
25,16,0.0
25,310,0.0
35,399,15.028674814616398
35,189,6.818628058355571
35,16,5.58198004826228
35,59,2.2004007876032126
35,824,0.985354269895673
35,476,0.8286644571892146
35,17,0.8286644571892146
35,287,0.8260732700868436
35,190,0.8059388348314835
35,284,0.5162884942655767
19,20,0.0
19,399,0.0
19,476,0.0
19,264,0.0
19,200,0.0
19,189,0.0
19,362,0.0
19,17,0.0
19,16,0.0
19,310,0.0
69,119,0.0
69,20,0.0
69,399,0.0
69,476,0.0
69,189,0.0
69,362,0.0
69,17,0.0
69,16,0.0
69,310,0.0
69,59,0.0
20,255,2.7766080205108707
20,94,1.8511097741963656
20,22,1.1546536707079773
20,416,1.1546536707079773
20,59,1.0539581186234848
20,78,1.0000000000000004
20,362,0.9656714342033637
20,352,0.9105826167264316
20,824,0.6546536707079772
20,125,0.5000000000000001
23,119,0.0
23,20,0.0
23,399,0.0
23,476,0.0
23,264,0.0
23,200,0.0
23,189,0.0
23,362,0.0
23,17,0.0
23,16,0.0
56,119,0.0
56,20,0.0
56,476,0.0
56,264,0.0
56,200,0.0
56,189,0.0
56,362,0.0
56,17,0.0
56,16,0.0
56,310,0.0
14,119,0.0
14,399,0.0
14,476,0.0
14,264,0.0
14,200,0.0
14,189,0.0
14,362,0.0
14,17,0.0
14,16,0.0
14,310,0.0
37,119,0.0
37,20,0.0
37,399,0.0
37,476,0.0
37,200,0.0
37,189,0.0
37,362,0.0
37,17,0.0
37,16,0.0
37,310,0.0
34,119,0.0
34,20,0.0
34,399,0.0
34,476,0.0
34,264,0.0
34,200,0.0
34,189,0.0
34,362,0.0
34,17,0.0
34,16,0.0
58,119,0.0
58,399,0.0
58,476,0.0
58,264,0.0
58,200,0.0
58,189,0.0
58,362,0.0
58,17,0.0
58,16,0.0
58,310,0.0
4,119,0.0
4,20,0.0
4,399,0.0
4,476,0.0
4,200,0.0
4,189,0.0
4,362,0.0
4,17,0.0
4,16,0.0
4,310,0.0
24,119,0.0
24,20,0.0
24,399,0.0
24,476,0.0
24,200,0.0
24,189,0.0
24,362,0.0
24,17,0.0
24,16,0.0
24,310,0.0
70,119,0.0
70,20,0.0
70,399,0.0
70,476,0.0
70,264,0.0
70,200,0.0
70,189,0.0
70,362,0.0
70,17,0.0
70,16,0.0
40,20,0.0
40,399,0.0
40,476,0.0
40,264,0.0
40,200,0.0
40,189,0.0
40,362,0.0
40,17,0.0
40,16,0.0
40,310,0.0
6,119,0.0
6,20,0.0
6,399,0.0
6,476,0.0
6,200,0.0
6,189,0.0
6,362,0.0
6,17,0.0
6,16,0.0
6,310,0.0
39,119,0.0
39,20,0.0
39,399,0.0
39,476,0.0
39,264,0.0
39,200,0.0
39,189,0.0
39,362,0.0
39,17,0.0
39,16,0.0
41,119,0.0
41,20,0.0
41,399,0.0
41,476,0.0
41,264,0.0
41,200,0.0
41,362,0.0
41,17,0.0
41,16,0.0
41,310,0.0
66,287,10.06487147736758
66,310,7.338142070063197
66,79,6.232059041127625
66,22,4.950676118869536
66,362,4.128980596314979
66,16,3.634969503940834
66,59,2.6615953421157945
66,255,2.4801569350385337
66,352,2.4332321541493487
66,89,1.4796173442820164
17,264,15.422102532214728
17,20,12.940122026152762
17,119,11.958141520090797
17,399,9.761298842694838
17,287,8.55429711225219
17,94,8.483432819937839
17,189,8.300325113427514
17,22,5.967123748079235
17,362,5.867805419962536
17,16,3.510944278394621
43,119,0.0
43,20,0.0
43,399,0.0
43,476,0.0
43,264,0.0
43,200,0.0
43,189,0.0
43,362,0.0
43,17,0.0
43,16,0.0
11,20,0.0
11,399,0.0
11,476,0.0
11,264,0.0
11,200,0.0
11,189,0.0
11,362,0.0
11,17,0.0
11,16,0.0
11,310,0.0
10,79,11.146534313194387
10,255,7.106684589095165
10,352,6.9651759664813255
10,94,6.8621192726540485
10,22,6.784488083383508
10,310,6.262397263303841
10,362,4.741878705580676
10,16,4.090830638371884
10,89,3.6080362123320326
10,78,3.1387452931332476
12,119,0.0
12,20,0.0
12,399,0.0
12,476,0.0
12,264,0.0
12,200,0.0
12,189,0.0
12,362,0.0
12,17,0.0
12,16,0.0
16,119,0.0
16,20,0.0
16,399,0.0
16,476,0.0
16,264,0.0
16,189,0.0
16,362,0.0
16,17,0.0
16,16,0.0
16,310,0.0
64,119,0.0
64,20,0.0
64,399,0.0
64,476,0.0
64,264,0.0
64,200,0.0
64,189,0.0
64,362,0.0
64,17,0.0
64,310,0.0
30,119,0.0
30,20,0.0
30,399,0.0
30,476,0.0
30,264,0.0
30,200,0.0
30,189,0.0
30,362,0.0
30,17,0.0
30,16,0.0
32,119,0.0
32,20,0.0
32,399,0.0
32,476,0.0
32,264,0.0
32,200,0.0
32,189,0.0
32,362,0.0
32,17,0.0
32,16,0.0
68,119,0.0
68,20,0.0
68,399,0.0
68,476,0.0
68,264,0.0
68,200,0.0
68,189,0.0
68,362,0.0
68,17,0.0
68,16,0.0
9,119,2.7875632494454847
9,20,2.7875632494454847
9,264,1.921537845661046
9,255,1.921537845661046
9,22,1.8267943266149618
9,362,1.8267943266149618
9,79,1.8267943266149618
9,94,1.8267943266149618
9,16,1.8267943266149618
9,399,0.960768922830523
27,119,0.0
27,399,0.0
27,476,0.0
27,264,0.0
27,200,0.0
27,189,0.0
27,362,0.0
27,17,0.0
27,16,0.0
27,310,0.0
50,20,3.0
50,287,3.0
50,200,2.0
50,352,2.0
50,22,1.0000000000000002
50,255,1.0
50,264,1.0
50,399,1.0
50,119,1.0
50,78,1.0
31,119,0.0
31,399,0.0
31,476,0.0
31,264,0.0
31,200,0.0
31,189,0.0
31,362,0.0
31,17,0.0
31,16,0.0
31,310,0.0
2,119,0.0
2,20,0.0
2,399,0.0
2,476,0.0
2,264,0.0
2,200,0.0
2,362,0.0
2,17,0.0
2,16,0.0
2,310,0.0
42,119,0.0
42,20,0.0
42,399,0.0
42,476,0.0
42,200,0.0
42,189,0.0
42,362,0.0
42,17,0.0
42,16,0.0
42,310,0.0
49,119,0.0
49,20,0.0
49,399,0.0
49,476,0.0
49,264,0.0
49,200,0.0
49,189,0.0
49,362,0.0
49,17,0.0
49,16,0.0
51,119,0.0
51,20,0.0
51,399,0.0
51,476,0.0
51,264,0.0
51,200,0.0
51,189,0.0
51,362,0.0
51,17,0.0
51,16,0.0
15,119,0.0
15,20,0.0
15,399,0.0
15,476,0.0
15,264,0.0
15,200,0.0
15,189,0.0
15,362,0.0
15,17,0.0
15,16,0.0
688,119,0.0
688,20,0.0
688,399,0.0
688,476,0.0
688,264,0.0
688,200,0.0
688,189,0.0
688,362,0.0
688,17,0.0
688,16,0.0
678,20,0.0
678,399,0.0
678,476,0.0
678,264,0.0
678,200,0.0
678,189,0.0
678,362,0.0
678,17,0.0
678,16,0.0
678,310,0.0
739,20,10.0
739,399,9.0
739,264,8.0
739,119,7.0
739,287,6.0
739,94,6.0
739,310,5.999999999999999
739,200,5.0
739,362,4.999999999999999
739,22,2.9999999999999996
679,119,0.0
679,20,0.0
679,399,0.0
679,476,0.0
679,264,0.0
679,200,0.0
679,189,0.0
679,362,0.0
679,17,0.0
679,16,0.0
687,119,0.0
687,20,0.0
687,399,0.0
687,476,0.0
687,264,0.0
687,200,0.0
687,189,0.0
687,362,0.0
687,17,0.0
687,310,0.0
729,20,16.021208061474542
729,399,13.014689083268024
729,189,8.192827889474401
729,79,5.759066301647016
729,310,4.57230348587488
729,362,4.494992451124177
729,287,3.9940710242240485
729,16,3.0703100644724213
729,59,2.819616833085174
729,134,1.913925981710909
685,119,0.0
685,20,0.0
685,399,0.0
685,476,0.0
685,264,0.0
685,189,0.0
685,362,0.0
685,17,0.0
685,16,0.0
685,310,0.0
726,119,0.0
726,20,0.0
726,476,0.0
726,200,0.0
726,189,0.0
726,362,0.0
726,17,0.0
726,16,0.0
726,310,0.0
726,59,0.0
750,20,25.999050572948878
750,200,15.151989722946123
750,79,12.57418500582095
750,310,8.198487342890516
750,22,6.288998420862844
750,255,3.4173957060992146
750,416,1.6454041453115238
750,352,1.5755863892894493
750,134,1.3868004598196109
750,89,1.3288158029956352
691,16,5.0
691,362,5.0
691,119,5.0
691,310,3.999999999999999
691,20,3.999999999999999
691,399,3.999999999999999
691,189,3.999999999999999
691,264,3.999999999999999
691,287,2.9999999999999996
691,200,2.999999999999999
712,20,0.0
712,399,0.0
712,476,0.0
712,264,0.0
712,200,0.0
712,189,0.0
712,362,0.0
712,17,0.0
712,16,0.0
712,310,0.0
701,119,0.0
701,20,0.0
701,399,0.0
701,476,0.0
701,264,0.0
701,200,0.0
701,189,0.0
701,362,0.0
701,17,0.0
701,16,0.0
690,119,0.0
690,20,0.0
690,399,0.0
690,476,0.0
690,264,0.0
690,200,0.0
690,189,0.0
690,362,0.0
690,17,0.0
690,16,0.0
677,119,0.0
677,20,0.0
677,399,0.0
677,476,0.0
677,264,0.0
677,200,0.0
677,189,0.0
677,362,0.0
677,17,0.0
677,16,0.0
727,255,5.608313449349037
727,352,4.747049337712346
727,22,1.87556668822263
727,362,1.7839911467051712
727,89,1.7194482862295932
727,78,1.594577686615887
727,79,1.40036865145837
727,134,1.2211113356921124
727,400,0.6933752452815364
727,190,0.5803494242111188
699,119,0.0
699,20,0.0
699,399,0.0
699,476,0.0
699,200,0.0
699,189,0.0
699,362,0.0
699,17,0.0
699,16,0.0
699,310,0.0
707,399,10.0
707,119,6.0
707,287,5.999999999999998
707,189,5.0
707,79,5.0
707,264,4.0
707,94,3.999999999999999
707,352,3.0
707,78,2.9999999999999996
707,22,1.9999999999999993
737,119,0.0
737,20,0.0
737,399,0.0
737,476,0.0
737,264,0.0
737,200,0.0
737,189,0.0
737,362,0.0
737,17,0.0
737,16,0.0
724,119,0.0
724,399,0.0
724,476,0.0
724,264,0.0
724,200,0.0
724,189,0.0
724,362,0.0
724,17,0.0
724,16,0.0
724,310,0.0
705,399,13.255225885264267
705,119,12.952476862217157
705,22,10.41758815035718
705,352,5.065019209898105
705,189,5.055736563896746
705,255,4.83453436234462
705,310,3.698305911252784
705,362,3.623712358153435
705,78,2.8785568529291687
705,59,1.5116212953824812
680,119,0.0
680,20,0.0
680,399,0.0
680,476,0.0
680,200,0.0
680,189,0.0
680,362,0.0
680,17,0.0
680,16,0.0
680,310,0.0
722,119,0.0
722,399,0.0
722,476,0.0
722,264,0.0
722,200,0.0
722,189,0.0
722,362,0.0
722,17,0.0
722,16,0.0
722,310,0.0
741,20,12.774826165438089
741,79,8.08908913676996
741,200,8.05268133276785
741,287,7.153969275036719
741,362,5.815399803413326
741,310,5.223756381991431
741,59,3.8210043220207406
741,255,3.7217517288555344
741,16,2.432639916525444
741,352,0.991003686252468
719,264,13.0
719,20,13.0
719,399,11.0
719,287,8.0
719,94,8.0
719,200,7.000000000000001
719,189,6.000000000000001
719,362,6.000000000000001
719,255,6.0
719,310,5.000000000000001
752,20,0.0
752,399,0.0
752,476,0.0
752,264,0.0
752,200,0.0
752,189,0.0
752,362,0.0
752,17,0.0
752,16,0.0
752,310,0.0
714,119,23.226334109984283
714,399,18.89189851162109
714,287,14.691090539770762
714,200,14.637392731663091
714,189,13.204867084542366
714,16,9.159674870888074
714,362,6.664304816491226
714,59,4.712046487808017
714,78,2.9249737263023508
714,89,2.158227924985983
742,189,7.130373866791837
742,94,4.6930530824089445
742,79,4.370099325340913
742,287,3.5382170763364593
742,352,3.472483368554764
742,22,1.6566257333158778
742,362,1.3201942728299518
742,89,0.9386018619766348
742,78,0.7742190636263326
742,190,0.625
730,119,0.0
730,20,0.0
730,399,0.0
730,476,0.0
730,264,0.0
730,200,0.0
730,189,0.0
730,362,0.0
730,17,0.0
730,16,0.0
713,94,2.7559289460184546
713,16,2.5
713,59,2.366025403784439
713,22,1.7559289460184546
713,134,1.7559289460184546
713,119,1.7226499018873855
713,79,1.7226499018873853
713,352,1.5
713,78,1.0000000000000002
713,200,1.0
720,264,13.0
720,20,12.904194430179466
720,399,11.0
720,287,8.0
720,94,7.904194430179466
720,200,6.904194430179466
720,189,6.000000000000001
720,255,6.0
720,362,5.904194430179466
720,310,4.904194430179466
693,119,0.0
693,399,0.0
693,476,0.0
693,264,0.0
693,200,0.0
693,189,0.0
693,362,0.0
693,17,0.0
693,16,0.0
693,310,0.0
695,94,4.999999999999999
695,20,4.999999999999999
695,399,3.999999999999999
695,189,2.9999999999999996
695,310,2.999999999999999
695,59,1.9999999999999996
695,352,1.9999999999999996
695,416,1.9999999999999996
695,287,1.9999999999999993
695,255,1.9999999999999991
694,119,0.0
694,399,0.0
694,476,0.0
694,264,0.0
694,200,0.0
694,189,0.0
694,362,0.0
694,17,0.0
694,16,0.0
694,310,0.0
748,119,0.0
748,20,0.0
748,476,0.0
748,264,0.0
748,200,0.0
748,189,0.0
748,362,0.0
748,17,0.0
748,16,0.0
748,310,0.0
721,119,0.0
721,20,0.0
721,399,0.0
721,476,0.0
721,264,0.0
721,200,0.0
721,189,0.0
721,362,0.0
721,17,0.0
721,16,0.0
766,119,0.0
766,20,0.0
766,399,0.0
766,476,0.0
766,264,0.0
766,200,0.0
766,189,0.0
766,362,0.0
766,17,0.0
766,16,0.0
689,119,0.0
689,20,0.0
689,399,0.0
689,476,0.0
689,200,0.0
689,189,0.0
689,362,0.0
689,17,0.0
689,16,0.0
689,310,0.0
684,119,0.0
684,20,0.0
684,399,0.0
684,476,0.0
684,264,0.0
684,200,0.0
684,189,0.0
684,362,0.0
684,17,0.0
684,16,0.0
692,119,0.0
692,20,0.0
692,399,0.0
692,476,0.0
692,264,0.0
692,189,0.0
692,362,0.0
692,17,0.0
692,16,0.0
692,310,0.0
676,119,0.0
676,20,0.0
676,399,0.0
676,476,0.0
676,264,0.0
676,200,0.0
676,189,0.0
676,362,0.0
676,17,0.0
676,16,0.0
754,119,0.0
754,20,0.0
754,399,0.0
754,476,0.0
754,264,0.0
754,200,0.0
754,189,0.0
754,362,0.0
754,17,0.0
754,16,0.0
716,119,0.0
716,20,0.0
716,399,0.0
716,476,0.0
716,264,0.0
716,200,0.0
716,189,0.0
716,362,0.0
716,17,0.0
716,16,0.0
732,119,0.0
732,20,0.0
732,399,0.0
732,476,0.0
732,264,0.0
732,189,0.0
732,362,0.0
732,17,0.0
732,16,0.0
732,310,0.0
743,79,2.5
743,416,2.0
743,255,1.8953000603902879
743,22,1.8660254037844386
743,189,1.66324925282141
743,362,1.5292746566058486
743,287,1.1339745962155607
743,59,1.0292746566058488
743,352,1.0292746566058488
743,94,1.0292746566058482
718,20,10.0
718,119,9.0
718,399,8.0
718,287,6.0
718,255,6.0
718,189,4.999999999999999
718,94,4.0
718,352,3.999999999999999
718,22,3.0
718,78,3.0
725,20,0.0
725,399,0.0
725,476,0.0
725,264,0.0
725,200,0.0
725,189,0.0
725,362,0.0
725,17,0.0
725,16,0.0
725,310,0.0
749,119,0.0
749,20,0.0
749,399,0.0
749,476,0.0
749,264,0.0
749,200,0.0
749,189,0.0
749,362,0.0
749,17,0.0
749,16,0.0
683,119,0.0
683,20,0.0
683,399,0.0
683,476,0.0
683,264,0.0
683,200,0.0
683,189,0.0
683,362,0.0
683,17,0.0
683,16,0.0
755,119,0.0
755,20,0.0
755,399,0.0
755,476,0.0
755,264,0.0
755,200,0.0
755,189,0.0
755,362,0.0
755,17,0.0
755,16,0.0
682,119,0.0
682,20,0.0
682,399,0.0
682,476,0.0
682,200,0.0
682,189,0.0
682,362,0.0
682,17,0.0
682,16,0.0
682,310,0.0
740,119,0.0
740,20,0.0
740,399,0.0
740,476,0.0
740,264,0.0
740,200,0.0
740,362,0.0
740,17,0.0
740,16,0.0
740,310,0.0
733,119,0.0
733,20,0.0
733,399,0.0
733,476,0.0
733,264,0.0
733,200,0.0
733,189,0.0
733,362,0.0
733,17,0.0
733,16,0.0
709,119,0.0
709,20,0.0
709,399,0.0
709,476,0.0
709,264,0.0
709,200,0.0
709,189,0.0
709,362,0.0
709,17,0.0
709,16,0.0
702,119,0.0
702,20,0.0
702,399,0.0
702,476,0.0
702,264,0.0
702,200,0.0
702,362,0.0
702,17,0.0
702,16,0.0
702,310,0.0
708,264,14.0
708,399,10.0
708,119,9.0
708,287,9.0
708,94,9.0
708,189,8.0
708,200,7.0
708,16,5.0
708,22,5.0
708,310,4.0
711,119,0.0
711,399,0.0
711,476,0.0
711,264,0.0
711,200,0.0
711,189,0.0
711,362,0.0
711,17,0.0
711,16,0.0
711,310,0.0
765,119,0.0
765,20,0.0
765,399,0.0
765,476,0.0
765,264,0.0
765,200,0.0
765,189,0.0
765,362,0.0
765,17,0.0
765,16,0.0
723,119,0.0
723,20,0.0
723,399,0.0
723,476,0.0
723,264,0.0
723,200,0.0
723,189,0.0
723,362,0.0
723,17,0.0
723,16,0.0
731,119,0.0
731,20,0.0
731,399,0.0
731,476,0.0
731,264,0.0
731,200,0.0
731,189,0.0
731,17,0.0
731,16,0.0
731,310,0.0
703,77,0.0
703,125,0.0
703,19,0.0
703,416,0.0
703,415,0.0
703,190,0.0
703,400,0.0
703,89,-0.9999999999999998
703,476,-0.9999999999999998
703,17,-0.9999999999999998
763,119,0.0
763,399,0.0
763,476,0.0
763,264,0.0
763,200,0.0
763,189,0.0
763,362,0.0
763,17,0.0
763,16,0.0
763,310,0.0
762,264,6.0
762,189,5.0
762,399,5.0
762,20,5.0
762,79,4.999999999999999
762,94,3.999999999999999
762,352,3.999999999999999
762,255,2.999999999999999
762,78,2.999999999999999
762,119,2.999999999999999
761,119,0.0
761,20,0.0
761,399,0.0
761,476,0.0
761,264,0.0
761,200,0.0
761,189,0.0
761,362,0.0
761,17,0.0
761,16,0.0
199,94,10.972077291649821
199,255,10.67551738466618
199,22,10.412953428738643
199,310,5.334266858372222
199,362,5.276743070435814
199,59,3.3305686901215403
199,134,2.6519914699075384
199,89,2.2728483251993152
199,824,1.278420205505061
199,416,0.9251766672531261
206,20,0.0
206,399,0.0
206,476,0.0
206,264,0.0
206,200,0.0
206,189,0.0
206,362,0.0
206,17,0.0
206,16,0.0
206,310,0.0
103,476,0.9999999999999998
103,190,0.9999999999999998
103,17,0.9999999999999998
103,125,0.9999999999999998
103,19,0.9999999999999998
103,416,0.0
103,79,0.0
103,415,0.0
103,134,0.0
103,284,0.0
286,119,0.0
286,20,0.0
286,399,0.0
286,476,0.0
286,264,0.0
286,189,0.0
286,362,0.0
286,17,0.0
286,16,0.0
286,310,0.0
145,119,0.0
145,20,0.0
145,476,0.0
145,264,0.0
145,200,0.0
145,189,0.0
145,362,0.0
145,17,0.0
145,16,0.0
145,310,0.0
345,119,0.0
345,20,0.0
345,399,0.0
345,476,0.0
345,264,0.0
345,200,0.0
345,189,0.0
345,362,0.0
345,17,0.0
345,16,0.0
282,119,0.0
282,20,0.0
282,399,0.0
282,476,0.0
282,264,0.0
282,200,0.0
282,189,0.0
282,362,0.0
282,17,0.0
282,16,0.0
143,119,0.0
143,399,0.0
143,476,0.0
143,264,0.0
143,200,0.0
143,189,0.0
143,362,0.0
143,17,0.0
143,16,0.0
143,310,0.0
160,119,0.0
160,399,0.0
160,476,0.0
160,264,0.0
160,200,0.0
160,189,0.0
160,362,0.0
160,17,0.0
160,16,0.0
160,310,0.0
381,119,0.0
381,399,0.0
381,476,0.0
381,264,0.0
381,200,0.0
381,189,0.0
381,362,0.0
381,17,0.0
381,16,0.0
381,310,0.0
335,79,3.5386474755490154
335,189,3.193873353276592
335,59,2.327492095080741
335,362,1.8501275297395052
335,284,0.9368387188791378
335,16,0.860068288555812
335,416,0.610389223134901
335,824,0.3092291327043896
335,352,0.21194982876687485
335,125,0.10170952554312156
398,119,0.0
398,20,0.0
398,476,0.0
398,264,0.0
398,200,0.0
398,189,0.0
398,362,0.0
398,17,0.0
398,16,0.0
398,310,0.0
375,119,0.0
375,20,0.0
375,399,0.0
375,476,0.0
375,264,0.0
375,200,0.0
375,189,0.0
375,362,0.0
375,17,0.0
375,16,0.0
91,119,3.9891158780823055
91,399,3.4117514598527343
91,16,2.7336674943057613
91,352,2.233667494305761
91,310,2.0843776231227276
91,94,2.050049057326091
91,78,1.3402924201012354
91,22,0.2733598596273408
91,134,0.13245323570650436
91,362,0.05510296651687874
172,119,0.0
172,20,0.0
172,399,0.0
172,476,0.0
172,264,0.0
172,200,0.0
172,189,0.0
172,362,0.0
172,17,0.0
172,310,0.0
144,119,0.0
144,20,0.0
144,399,0.0
144,476,0.0
144,200,0.0
144,189,0.0
144,362,0.0
144,17,0.0
144,16,0.0
144,310,0.0
405,119,0.0
405,20,0.0
405,399,0.0
405,476,0.0
405,200,0.0
405,189,0.0
405,362,0.0
405,17,0.0
405,16,0.0
405,310,0.0
133,119,0.0
133,20,0.0
133,399,0.0
133,476,0.0
133,200,0.0
133,189,0.0
133,362,0.0
133,17,0.0
133,16,0.0
133,310,0.0
329,264,13.677579811982511
329,200,8.232587452271563
329,310,6.699000964076668
329,189,6.138286427804605
329,362,5.055007640289053
329,94,4.088904506310686
329,16,3.525732983683204
329,255,2.49622481311364
329,287,2.493994093634166
329,134,2.0000000000000004
185,79,6.0
185,287,4.999999999999998
185,189,3.9999999999999982
185,22,3.0
185,200,3.0
185,399,3.0
185,352,2.999999999999999
185,255,2.0
185,94,2.0
185,416,1.9999999999999996
283,119,0.0
283,20,0.0
283,399,0.0
283,476,0.0
283,264,0.0
283,200,0.0
283,189,0.0
283,362,0.0
283,17,0.0
283,16,0.0
355,20,9.724904546306764
355,399,5.343043159126696
355,310,4.335497515027768
355,79,3.814749485010129
355,16,3.6941095223240996
355,78,2.7821940611072367
355,134,1.7771482153354146
355,22,1.0109804768172466
355,400,0.9999999999999998
355,284,0.3999999999999999
157,119,0.0
157,20,0.0
157,399,0.0
157,476,0.0
157,264,0.0
157,200,0.0
157,189,0.0
157,362,0.0
157,17,0.0
157,16,0.0
347,284,0.9999999999999998
347,89,0.9999999999999998
347,22,4.440892098500626E-16
347,79,4.440892098500626E-16
347,134,2.220446049250313E-16
347,415,0.0
347,77,0.0
347,400,0.0
347,352,-0.9999999999999996
347,125,-0.9999999999999998
115,119,0.0
115,20,0.0
115,399,0.0
115,476,0.0
115,264,0.0
115,200,0.0
115,189,0.0
115,362,0.0
115,17,0.0
115,16,0.0
385,119,0.0
385,20,0.0
385,476,0.0
385,264,0.0
385,200,0.0
385,189,0.0
385,362,0.0
385,17,0.0
385,16,0.0
385,310,0.0
291,20,0.0
291,399,0.0
291,476,0.0
291,264,0.0
291,200,0.0
291,189,0.0
291,362,0.0
291,17,0.0
291,16,0.0
291,310,0.0
89,264,13.0
89,20,13.0
89,399,11.0
89,287,8.0
89,94,8.0
89,200,7.000000000000001
89,189,6.000000000000001
89,362,6.000000000000001
89,255,6.0
89,310,5.000000000000001
288,119,0.0
288,399,0.0
288,476,0.0
288,264,0.0
288,200,0.0
288,189,0.0
288,362,0.0
288,17,0.0
288,16,0.0
288,310,0.0
148,119,0.0
148,20,0.0
148,476,0.0
148,264,0.0
148,200,0.0
148,189,0.0
148,362,0.0
148,17,0.0
148,16,0.0
148,310,0.0
182,264,11.848005909846405
182,119,8.981980506061966
182,20,8.981980506061966
182,287,6.848005909846404
182,94,5.327326835353989
182,255,5.193352239138427
182,189,3.9819805060619657
182,200,3.654653670707976
182,310,3.327326835353989
182,362,3.327326835353989
237,94,1.9999999999999993
237,189,1.0
237,362,1.0
237,59,1.0
237,17,0.9999999999999998
237,476,0.9999999999999998
237,119,0.9999999999999996
237,399,2.220446049250313E-16
237,16,0.0
237,284,0.0
153,399,0.0
153,476,0.0
153,264,0.0
153,200,0.0
153,189,0.0
153,362,0.0
153,17,0.0
153,16,0.0
153,310,0.0
153,59,0.0
359,59,3.0
359,352,1.9999999999999998
359,362,1.9999999999999998
359,255,1.9999999999999998
359,824,1.9999999999999998
359,16,2.220446049250313E-16
359,78,2.220446049250313E-16
359,284,0.0
359,134,0.0
359,17,0.0
255,119,0.0
255,20,0.0
255,399,0.0
255,476,0.0
255,200,0.0
255,189,0.0
255,362,0.0
255,17,0.0
255,16,0.0
255,310,0.0
147,119,0.0
147,20,0.0
147,476,0.0
147,264,0.0
147,200,0.0
147,189,0.0
147,362,0.0
147,17,0.0
147,16,0.0
147,310,0.0
198,264,9.253880477220545
198,310,8.186745835258941
198,200,7.127369965543139
198,189,5.931831991229878
198,79,3.069650031720073
198,89,1.8506657718706403
198,362,1.4382508211706426
198,134,1.4045340337332908
198,255,1.1839626927520357
198,94,1.1674170938951154
131,119,0.0
131,20,0.0
131,399,0.0
131,476,0.0
131,264,0.0
131,200,0.0
131,189,0.0
131,362,0.0
131,17,0.0
131,16,0.0
280,119,0.0
280,20,0.0
280,476,0.0
280,264,0.0
280,200,0.0
280,189,0.0
280,362,0.0
280,17,0.0
280,16,0.0
280,310,0.0
219,119,0.0
219,399,0.0
219,476,0.0
219,264,0.0
219,200,0.0
219,189,0.0
219,362,0.0
219,17,0.0
219,16,0.0
219,310,0.0
92,79,7.089037493134761
92,94,6.155081377776239
92,22,4.761071792800216
92,59,3.0477733487482674
92,20,2.709995337814621
92,362,2.6028621662252
92,189,2.256730572757025
92,119,1.3202744789708598
92,416,1.1286185570937124
92,824,0.6286185570937122
391,20,0.0
391,399,0.0
391,476,0.0
391,264,0.0
391,200,0.0
391,189,0.0
391,362,0.0
391,17,0.0
391,16,0.0
391,310,0.0
366,94,11.386750490563072
366,119,11.029275982040538
366,20,10.613250834871614
366,189,9.617380239985792
366,255,8.65997118356151
366,362,7.902989148326765
366,287,7.3148848903815065
366,22,6.970725343394151
366,352,6.966595938279973
366,59,4.9665959382799745
119,362,0.9999999999999998
119,17,0.9999999999999998
119,476,0.9999999999999998
119,824,0.0
119,416,0.0
119,190,0.0
119,134,0.0
119,415,0.0
119,59,0.0
119,125,0.0
93,119,0.0
93,20,0.0
93,476,0.0
93,264,0.0
93,200,0.0
93,189,0.0
93,362,0.0
93,17,0.0
93,16,0.0
93,310,0.0
247,119,0.0
247,20,0.0
247,399,0.0
247,476,0.0
247,264,0.0
247,200,0.0
247,189,0.0
247,362,0.0
247,17,0.0
247,16,0.0
221,119,0.0
221,20,0.0
221,399,0.0
221,476,0.0
221,264,0.0
221,200,0.0
221,189,0.0
221,362,0.0
221,17,0.0
221,16,0.0
408,264,8.0
408,200,7.0
408,20,6.0
408,16,6.0
408,94,3.999999999999999
408,189,3.999999999999999
408,362,3.999999999999999
408,134,3.0
408,255,3.0
408,399,3.0
350,119,0.0
350,399,0.0
350,476,0.0
350,264,0.0
350,200,0.0
350,189,0.0
350,362,0.0
350,17,0.0
350,16,0.0
350,310,0.0
406,119,0.0
406,20,0.0
406,399,0.0
406,476,0.0
406,264,0.0
406,200,0.0
406,189,0.0
406,362,0.0
406,17,0.0
406,16,0.0
121,200,16.14539230899339
121,94,15.726009357651684
121,287,13.480407855898402
121,189,13.037020769483672
121,22,11.25540974349073
121,362,9.37651742815577
121,310,8.654127579200244
121,255,7.214106805639943
121,16,6.4339246491824404
121,352,6.008222250713789
212,264,7.598076211353315
212,20,6.732050807568876
212,287,5.732050807568877
212,399,4.866025403784438
212,200,4.8660254037844375
212,310,4.732050807568876
212,119,3.8660254037844375
212,16,3.8660254037844375
212,94,3.7320508075688763
212,189,2.866025403784438
80,119,0.0
80,399,0.0
80,476,0.0
80,264,0.0
80,200,0.0
80,189,0.0
80,362,0.0
80,17,0.0
80,16,0.0
80,310,0.0
140,119,0.0
140,20,0.0
140,399,0.0
140,476,0.0
140,200,0.0
140,189,0.0
140,362,0.0
140,17,0.0
140,16,0.0
140,310,0.0
230,119,0.0
230,20,0.0
230,399,0.0
230,476,0.0
230,264,0.0
230,200,0.0
230,189,0.0
230,362,0.0
230,17,0.0
230,16,0.0
110,119,0.0
110,20,0.0
110,399,0.0
110,476,0.0
110,264,0.0
110,200,0.0
110,189,0.0
110,362,0.0
110,17,0.0
110,16,0.0
114,119,3.0
114,399,2.9999999999999996
114,94,2.0
114,362,2.0
114,200,2.0
114,79,2.0
114,189,1.9999999999999998
114,310,1.0000000000000002
114,264,1.0
114,134,1.0
111,119,0.0
111,20,0.0
111,399,0.0
111,476,0.0
111,264,0.0
111,200,0.0
111,189,0.0
111,362,0.0
111,17,0.0
111,16,0.0
86,134,0.6913933000758163
86,77,0.0
86,125,0.0
86,190,0.0
86,19,0.0
86,89,0.0
86,415,0.0
86,400,0.0
86,17,-0.4714045207910317
86,476,-0.4714045207910317
203,352,1.4449111825230685
203,59,1.2516488078778123
203,824,1.133893419027682
203,78,0.7655388967016687
203,416,0.7559289460184548
203,284,0.0
203,415,0.0
203,77,0.0
203,89,-0.1242834683444679
203,19,-0.1889822365046136
152,20,11.67957633258745
152,264,8.077937634012931
152,399,4.551419131305435
152,362,4.316404402893704
152,200,4.0397686529583225
152,287,3.666126998240716
152,189,3.3261026061548513
152,310,2.6832460187589504
152,352,2.607990971443511
152,134,2.380721973473422
211,119,0.0
211,20,0.0
211,399,0.0
211,476,0.0
211,264,0.0
211,200,0.0
211,189,0.0
211,362,0.0
211,17,0.0
211,16,0.0
253,119,0.0
253,20,0.0
253,476,0.0
253,264,0.0
253,200,0.0
253,189,0.0
253,362,0.0
253,17,0.0
253,16,0.0
253,310,0.0
141,119,0.0
141,20,0.0
141,476,0.0
141,264,0.0
141,200,0.0
141,189,0.0
141,362,0.0
141,17,0.0
141,16,0.0
141,310,0.0
300,119,0.0
300,20,0.0
300,399,0.0
300,476,0.0
300,264,0.0
300,200,0.0
300,189,0.0
300,362,0.0
300,17,0.0
300,16,0.0
409,20,6.000000000000001
409,119,5.0
409,94,4.0
409,287,4.0
409,264,4.0
409,352,4.0
409,255,3.0
409,399,3.0
409,16,3.0
409,310,3.0
407,119,0.0
407,20,0.0
407,399,0.0
407,476,0.0
407,264,0.0
407,200,0.0
407,189,0.0
407,362,0.0
407,17,0.0
407,16,0.0
372,119,0.0
372,20,0.0
372,399,0.0
372,476,0.0
372,264,0.0
372,189,0.0
372,362,0.0
372,17,0.0
372,16,0.0
372,310,0.0
174,20,6.000000000000001
174,119,5.0
174,94,4.0
174,287,4.0
174,264,4.0
174,352,4.0
174,255,3.0
174,399,3.0
174,16,3.0
174,310,3.0
336,20,0.0
336,399,0.0
336,476,0.0
336,264,0.0
336,200,0.0
336,189,0.0
336,362,0.0
336,17,0.0
336,16,0.0
336,310,0.0
387,200,12.46238909245362
387,189,12.384298897050714
387,399,12.21457056435878
387,94,10.292278849997608
387,310,8.995803945488184
387,287,8.841335221821259
387,79,8.560205587020894
387,362,5.957283625610702
387,16,4.927922024247863
387,22,4.673664167165697
175,119,0.0
175,20,0.0
175,399,0.0
175,476,0.0
175,264,0.0
175,200,0.0
175,189,0.0
175,362,0.0
175,17,0.0
175,16,0.0
88,119,0.0
88,20,0.0
88,399,0.0
88,476,0.0
88,264,0.0
88,189,0.0
88,362,0.0
88,17,0.0
88,16,0.0
88,310,0.0
107,119,0.0
107,20,0.0
107,399,0.0
107,476,0.0
107,264,0.0
107,200,0.0
107,189,0.0
107,362,0.0
107,17,0.0
107,16,0.0
281,190,0.9999999999999998
281,416,0.9999999999999998
281,125,0.9999999999999998
281,19,0.9999999999999998
281,89,0.0
281,134,0.0
281,824,0.0
281,17,0.0
281,415,0.0
281,476,0.0
97,200,5.003457603563851
97,255,4.755587217493054
97,352,3.1848342872828166
97,94,2.109330500291663
97,78,1.8561106181192741
97,16,1.4092881708598162
97,89,0.9895658205201622
97,134,0.958429450339473
97,824,0.6297976081536717
97,190,0.29104430912057944
179,119,8.678786919301473
179,399,7.591018593921261
179,189,6.8453463292920205
179,287,6.24567226462924
179,310,6.035929776444332
179,79,4.700840128541522
179,16,4.601275275310478
179,20,3.0359297764443287
179,78,1.989743318610787
179,134,1.7008401285415222
404,119,0.0
404,20,0.0
404,399,0.0
404,476,0.0
404,200,0.0
404,189,0.0
404,362,0.0
404,17,0.0
404,16,0.0
404,310,0.0
267,119,0.0
267,20,0.0
267,399,0.0
267,476,0.0
267,200,0.0
267,189,0.0
267,362,0.0
267,17,0.0
267,16,0.0
267,310,0.0
270,119,0.0
270,20,0.0
270,399,0.0
270,476,0.0
270,264,0.0
270,200,0.0
270,189,0.0
270,362,0.0
270,17,0.0
270,16,0.0
229,352,1.9999999999999993
229,16,0.9999999999999998
229,125,0.0
229,476,0.0
229,89,0.0
229,17,0.0
229,284,0.0
229,190,0.0
229,415,0.0
229,19,0.0
252,119,0.0
252,476,0.0
252,264,0.0
252,200,0.0
252,189,0.0
252,362,0.0
252,17,0.0
252,16,0.0
252,310,0.0
252,59,0.0
163,119,0.0
163,20,0.0
163,399,0.0
163,476,0.0
163,264,0.0
163,189,0.0
163,362,0.0
163,17,0.0
163,16,0.0
163,310,0.0
321,119,0.0
321,20,0.0
321,399,0.0
321,476,0.0
321,264,0.0
321,200,0.0
321,189,0.0
321,362,0.0
321,17,0.0
321,16,0.0
210,119,0.0
210,20,0.0
210,399,0.0
210,476,0.0
210,264,0.0
210,200,0.0
210,189,0.0
210,362,0.0
210,17,0.0
210,16,0.0
176,119,0.0
176,20,0.0
176,399,0.0
176,476,0.0
176,264,0.0
176,200,0.0
176,189,0.0
176,362,0.0
176,17,0.0
176,16,0.0
194,119,0.0
194,20,0.0
194,399,0.0
194,476,0.0
194,264,0.0
194,200,0.0
194,189,0.0
194,362,0.0
194,17,0.0
194,16,0.0
171,119,0.0
171,20,0.0
171,399,0.0
171,476,0.0
171,200,0.0
171,189,0.0
171,362,0.0
171,17,0.0
171,16,0.0
171,310,0.0
166,119,0.0
166,20,0.0
166,476,0.0
166,264,0.0
166,200,0.0
166,189,0.0
166,362,0.0
166,17,0.0
166,16,0.0
166,310,0.0
277,264,5.866025403784438
277,79,5.366025403784438
277,399,3.3660254037844384
277,200,2.5
277,16,2.5
277,94,2.5
277,189,2.5
277,119,2.5
277,310,1.9999999999999998
277,20,1.9999999999999998
218,119,0.0
218,20,0.0
218,399,0.0
218,476,0.0
218,264,0.0
218,200,0.0
218,189,0.0
218,362,0.0
218,17,0.0
218,16,0.0
402,20,3.0
402,287,3.0
402,352,3.0
402,264,1.9999999999999996
402,119,1.9999999999999996
402,255,1.9999999999999996
402,22,1.0000000000000002
402,399,0.9999999999999998
402,78,0.9999999999999998
402,362,0.0
360,264,5.54723001633266
360,200,4.791219893126324
360,287,3.358166602640164
360,189,3.3078647118244415
360,310,1.3107861999868564
360,362,1.2440710539815452
360,94,0.9878293672666814
360,16,0.80347170304752
360,476,0.5000000000000001
360,17,0.5000000000000001
365,264,15.074756852382567
365,20,13.213094324592168
365,399,9.177696841881948
365,119,8.713094324592173
365,287,7.478381549089908
365,22,7.04317927835526
365,189,6.385683844101979
365,94,5.380913099822737
365,352,5.017523178004471
365,362,3.450481573367329
362,119,9.0
362,20,9.0
362,264,9.0
362,362,8.0
362,399,7.0
362,189,7.0
362,79,6.0
362,16,5.0
362,287,5.0
362,200,5.0
363,119,0.0
363,20,0.0
363,399,0.0
363,476,0.0
363,264,0.0
363,200,0.0
363,189,0.0
363,362,0.0
363,17,0.0
363,16,0.0
196,20,0.0
196,399,0.0
196,476,0.0
196,264,0.0
196,200,0.0
196,189,0.0
196,362,0.0
196,17,0.0
196,16,0.0
196,310,0.0
388,20,0.0
388,399,0.0
388,476,0.0
388,264,0.0
388,200,0.0
388,189,0.0
388,362,0.0
388,17,0.0
388,16,0.0
388,310,0.0
390,94,7.626830411099098
390,189,6.482427185607023
390,362,5.064368710710241
390,399,4.620348636744815
390,310,4.585509154448439
390,22,3.51839601509488
390,287,3.330897295537987
390,59,2.32542137725087
390,134,1.630844272641741
390,255,1.5661672698746834
223,20,0.0
223,399,0.0
223,476,0.0
223,264,0.0
223,200,0.0
223,189,0.0
223,362,0.0
223,17,0.0
223,16,0.0
223,310,0.0
301,119,0.0
301,20,0.0
301,399,0.0
301,476,0.0
301,264,0.0
301,200,0.0
301,189,0.0
301,362,0.0
301,17,0.0
301,16,0.0
73,119,0.0
73,20,0.0
73,399,0.0
73,476,0.0
73,264,0.0
73,200,0.0
73,189,0.0
73,362,0.0
73,17,0.0
73,16,0.0
315,119,10.187079189378656
315,264,8.242168006855588
315,189,7.806871025657981
315,362,3.6390219305197693
315,310,3.2125586488960174
315,287,2.808246638031516
315,78,2.0477225575051663
315,200,1.9265551088523072
315,79,1.6362406121818835
315,59,1.0512101076548985
306,119,0.0
306,20,0.0
306,399,0.0
306,476,0.0
306,264,0.0
306,200,0.0
306,189,0.0
306,362,0.0
306,17,0.0
306,16,0.0
312,264,3.4268916885850342
312,79,2.481980506061966
312,119,2.4449111825230685
312,20,2.4449111825230685
312,310,1.9449111825230685
312,189,1.5000000000000004
312,362,1.0000000000000002
312,94,1.0000000000000002
312,255,0.9819805060619657
312,89,0.9819805060619657
309,125,1.0
309,255,1.0
309,190,1.0
309,19,1.0
309,79,0.9999999999999998
309,200,0.9999999999999996
309,89,0.0
309,415,0.0
309,134,0.0
309,22,0.0
279,399,18.397258473085678
279,20,17.11162286707551
279,119,14.577350756164357
279,310,10.25040367304233
279,189,10.190185694365846
279,16,9.047303036164049
279,94,7.671273380163571
279,362,6.478588704528515
279,22,6.16970386180552
279,78,3.7179494568858145
358,119,0.0
358,20,0.0
358,399,0.0
358,476,0.0
358,264,0.0
358,200,0.0
358,189,0.0
358,362,0.0
358,17,0.0
358,16,0.0
233,119,0.0
233,20,0.0
233,399,0.0
233,476,0.0
233,200,0.0
233,189,0.0
233,362,0.0
233,17,0.0
233,16,0.0
233,310,0.0
348,119,0.0
348,20,0.0
348,399,0.0
348,476,0.0
348,200,0.0
348,189,0.0
348,362,0.0
348,17,0.0
348,16,0.0
348,310,0.0
227,119,0.0
227,20,0.0
227,399,0.0
227,476,0.0
227,264,0.0
227,200,0.0
227,189,0.0
227,362,0.0
227,17,0.0
227,16,0.0
273,119,0.0
273,20,0.0
273,399,0.0
273,476,0.0
273,264,0.0
273,200,0.0
273,189,0.0
273,362,0.0
273,17,0.0
273,310,0.0
162,119,0.0
162,20,0.0
162,399,0.0
162,476,0.0
162,264,0.0
162,200,0.0
162,189,0.0
162,362,0.0
162,17,0.0
162,16,0.0
106,399,11.975714524505348
106,189,6.405035058446879
106,16,6.259352932552022
106,94,5.948880557875986
106,59,2.4163663662339947
106,362,1.8380441157065184
106,134,1.6378351463009722
106,284,1.3001225239993908
106,89,0.9010120561297161
106,22,0.7231912983714268
169,119,0.0
169,20,0.0
169,399,0.0
169,476,0.0
169,264,0.0
169,200,0.0
169,189,0.0
169,362,0.0
169,17,0.0
169,16,0.0
302,119,0.0
302,20,0.0
302,399,0.0
302,476,0.0
302,264,0.0
302,200,0.0
302,189,0.0
302,362,0.0
302,17,0.0
302,16,0.0
310,119,0.0
310,20,0.0
310,399,0.0
310,476,0.0
310,264,0.0
310,200,0.0
310,189,0.0
310,362,0.0
310,17,0.0
310,16,0.0
298,119,0.0
298,20,0.0
298,399,0.0
298,476,0.0
298,264,0.0
298,200,0.0
298,189,0.0
298,362,0.0
298,17,0.0
298,16,0.0
274,119,1.9999999999999996
274,200,1.9999999999999996
274,22,0.9999999999999998
274,94,0.9999999999999998
274,310,0.9999999999999998
274,20,0.9999999999999998
274,255,0.9999999999999998
274,16,0.0
274,189,0.0
274,362,0.0
340,255,8.241255766615309
340,20,5.718177798866982
340,352,5.327326835353988
340,22,4.854551288338453
340,287,4.2625326622878905
340,78,4.193352239138427
340,94,3.600570080193707
340,89,2.999999999999999
340,399,1.6700417656645907
340,16,1.3273268353539889
246,89,2.223670374887395
246,16,1.465281498580679
246,284,0.7072299781154403
246,17,0.29696871563399335
246,476,0.29696871563399335
246,416,0.16268717521853804
246,824,0.08222740510359544
246,415,0.0
246,77,0.0
246,400,0.0
342,119,0.0
342,399,0.0
342,476,0.0
342,264,0.0
342,200,0.0
342,189,0.0
342,362,0.0
342,17,0.0
342,16,0.0
342,310,0.0
292,119,0.0
292,20,0.0
292,399,0.0
292,476,0.0
292,264,0.0
292,200,0.0
292,189,0.0
292,362,0.0
292,17,0.0
292,16,0.0
135,119,0.0
135,399,0.0
135,476,0.0
135,200,0.0
135,189,0.0
135,362,0.0
135,17,0.0
135,16,0.0
135,310,0.0
135,59,0.0
214,20,0.0
214,476,0.0
214,264,0.0
214,200,0.0
214,189,0.0
214,362,0.0
214,17,0.0
214,16,0.0
214,310,0.0
214,59,0.0
192,20,8.698319732938185
192,200,6.137078798225186
192,119,5.155078607649033
192,94,3.190163706663655
192,310,2.9905939918319593
192,189,2.8620338240730154
192,22,2.581850575109355
192,362,1.4950995598070136
192,16,1.4379667720434781
192,134,0.9999999999999998
278,189,6.552277066103436
278,399,5.806839265495137
278,94,4.232545681745382
278,79,3.362923929400928
278,119,3.3200294123351277
278,16,2.0916485621056378
278,264,1.5315153286342937
278,22,1.1947598372373465
278,190,0.9999999999999998
278,125,0.9999999999999998
319,119,0.0
319,20,0.0
319,399,0.0
319,476,0.0
319,200,0.0
319,189,0.0
319,362,0.0
319,17,0.0
319,16,0.0
319,310,0.0
186,79,8.763906703167578
186,189,6.5977559108705055
186,255,4.4061811972299605
186,94,3.9197250804202204
186,119,3.741866411798979
186,22,2.928414165097055
186,352,2.7722066010143998
186,200,2.113781899626612
186,59,1.9061811972299614
186,16,1.444879765660412
234,119,0.0
234,20,0.0
234,399,0.0
234,476,0.0
234,264,0.0
234,200,0.0
234,189,0.0
234,362,0.0
234,17,0.0
234,16,0.0
330,119,0.0
330,20,0.0
330,399,0.0
330,476,0.0
330,264,0.0
330,200,0.0
330,189,0.0
330,362,0.0
330,17,0.0
330,16,0.0
378,119,0.0
378,20,0.0
378,476,0.0
378,264,0.0
378,200,0.0
378,189,0.0
378,362,0.0
378,17,0.0
378,16,0.0
378,310,0.0
394,20,0.0
394,399,0.0
394,476,0.0
394,264,0.0
394,200,0.0
394,189,0.0
394,362,0.0
394,17,0.0
394,16,0.0
394,310,0.0
295,119,0.0
295,20,0.0
295,399,0.0
295,476,0.0
295,264,0.0
295,200,0.0
295,189,0.0
295,362,0.0
295,17,0.0
295,16,0.0
241,119,0.0
241,20,0.0
241,399,0.0
241,476,0.0
241,264,0.0
241,200,0.0
241,189,0.0
241,362,0.0
241,17,0.0
241,16,0.0
132,94,1.0
132,119,1.0
132,200,1.0
132,20,1.0
132,310,1.0
132,22,1.0
132,264,2.220446049250313E-16
132,287,2.220446049250313E-16
132,78,2.220446049250313E-16
132,255,2.220446049250313E-16
222,119,0.0
222,20,0.0
222,399,0.0
222,476,0.0
222,264,0.0
222,200,0.0
222,189,0.0
222,362,0.0
222,17,0.0
222,310,0.0
224,119,0.0
224,20,0.0
224,399,0.0
224,476,0.0
224,264,0.0
224,200,0.0
224,189,0.0
224,362,0.0
224,17,0.0
224,310,0.0
303,119,0.0
303,20,0.0
303,399,0.0
303,476,0.0
303,200,0.0
303,189,0.0
303,362,0.0
303,17,0.0
303,16,0.0
303,310,0.0
217,119,0.0
217,20,0.0
217,399,0.0
217,476,0.0
217,264,0.0
217,200,0.0
217,189,0.0
217,362,0.0
217,17,0.0
217,16,0.0
293,119,0.0
293,20,0.0
293,399,0.0
293,476,0.0
293,264,0.0
293,200,0.0
293,189,0.0
293,362,0.0
293,17,0.0
293,16,0.0
240,200,4.018858799860251
240,134,1.4999999999999998
240,22,1.2644325904896783
240,16,1.17572934438739
240,287,1.0880183115682505
240,89,0.9999999999999998
240,400,0.9999999999999998
240,352,0.6839620071955284
240,119,0.40284924224127394
240,77,0.0
158,119,0.0
158,20,0.0
158,476,0.0
158,264,0.0
158,200,0.0
158,189,0.0
158,362,0.0
158,17,0.0
158,16,0.0
158,310,0.0
204,119,0.0
204,399,0.0
204,476,0.0
204,200,0.0
204,189,0.0
204,362,0.0
204,17,0.0
204,16,0.0
204,310,0.0
204,59,0.0
294,399,13.605910137093932
294,119,12.991202270158652
294,20,12.247131216177106
294,189,9.605910137093932
294,200,7.385292133064719
294,287,6.605910137093932
294,310,6.247131216177106
294,362,5.491202270158651
294,79,4.247131216177105
294,59,3.8029550685469657
367,119,6.8899035422340145
367,20,5.822956832720175
367,287,4.389903542234016
367,399,4.389903542234015
367,189,3.6339745962155616
367,255,2.944911182523067
367,352,2.6889822365046125
367,200,2.499999999999999
367,362,2.1339745962155603
367,78,2.0
77,119,10.282651840184233
77,20,10.085606908731199
77,399,8.167943973248953
77,255,5.970899041795917
77,94,4.688247201611685
77,189,4.282651840184232
77,22,3.688247201611685
77,287,3.565303680368464
77,362,2.885292133064718
77,310,2.6882472016116843
337,264,3.247937275737172
337,189,2.6488856845230497
337,16,2.6488856845230497
337,255,2.5990515912141223
337,119,2.0752871172342697
337,20,2.068686385033052
337,79,1.821535843025952
337,94,1.4264014327112209
337,399,1.3819118719527328
337,59,1.0
138,119,0.0
138,20,0.0
138,399,0.0
138,476,0.0
138,264,0.0
138,200,0.0
138,189,0.0
138,17,0.0
138,16,0.0
138,310,0.0
226,20,0.0
226,399,0.0
226,476,0.0
226,264,0.0
226,200,0.0
226,189,0.0
226,362,0.0
226,17,0.0
226,16,0.0
226,310,0.0
399,399,10.0
399,119,9.0
399,264,9.0
399,189,7.0
399,310,5.0
399,362,3.999999999999999
399,200,3.0
399,16,3.0
399,255,2.999999999999999
399,287,2.0
243,119,0.0
243,20,0.0
243,399,0.0
243,476,0.0
243,264,0.0
243,189,0.0
243,362,0.0
243,17,0.0
243,16,0.0
243,310,0.0
124,287,1.9999999999999998
124,416,1.9999999999999996
124,264,1.0000000000000002
124,399,1.0
124,125,0.9999999999999998
124,824,0.9999999999999998
124,189,0.9999999999999998
124,190,0.9999999999999998
124,59,0.9999999999999998
124,19,0.9999999999999998
126,134,1.0
126,362,0.9999999999999998
126,310,0.9999999999999996
126,77,0.0
126,476,0.0
126,16,0.0
126,415,0.0
126,17,0.0
126,400,0.0
126,824,-1.0
276,119,0.0
276,20,0.0
276,399,0.0
276,476,0.0
276,264,0.0
276,200,0.0
276,189,0.0
276,362,0.0
276,17,0.0
276,16,0.0
112,119,0.0
112,20,0.0
112,399,0.0
112,476,0.0
112,264,0.0
112,200,0.0
112,189,0.0
112,17,0.0
112,16,0.0
112,310,0.0
311,119,0.0
311,20,0.0
311,399,0.0
311,476,0.0
311,264,0.0
311,200,0.0
311,189,0.0
311,362,0.0
311,17,0.0
311,16,0.0
244,16,1.0209793526505355
244,134,0.7872539828349352
244,89,0.647987132769742
244,400,0.5
244,190,0.4444444444444442
244,17,0.3333333333333333
244,476,0.3333333333333333
244,77,0.0
244,415,0.0
244,824,-0.15648795188977438
72,119,0.0
72,20,0.0
72,399,0.0
72,476,0.0
72,264,0.0
72,200,0.0
72,189,0.0
72,362,0.0
72,17,0.0
72,16,0.0
202,20,16.090011201148453
202,79,10.986739667965834
202,189,10.898145932564297
202,200,10.331048944434865
202,94,10.068913797282937
202,362,7.521646817627396
202,16,6.299194222736283
202,59,5.075908303008029
202,22,4.891542393316238
202,255,2.9066748613732205
122,119,0.0
122,20,0.0
122,476,0.0
122,264,0.0
122,200,0.0
122,189,0.0
122,362,0.0
122,17,0.0
122,16,0.0
122,310,0.0
81,119,0.0
81,20,0.0
81,399,0.0
81,476,0.0
81,264,0.0
81,200,0.0
81,189,0.0
81,362,0.0
81,17,0.0
81,16,0.0
261,20,9.673591881500702
261,119,8.673591881500702
261,399,8.173591881500702
261,255,6.5
261,287,6.173591881500702
261,189,4.673591881500702
261,352,4.255928946018455
261,94,3.917662935482247
261,22,3.0
261,310,2.917662935482247
264,119,0.0
264,20,0.0
264,399,0.0
264,476,0.0
264,264,0.0
264,200,0.0
264,189,0.0
264,362,0.0
264,17,0.0
264,16,0.0
102,20,0.0
102,399,0.0
102,476,0.0
102,264,0.0
102,200,0.0
102,189,0.0
102,362,0.0
102,17,0.0
102,16,0.0
102,310,0.0
232,119,0.0
232,20,0.0
232,399,0.0
232,476,0.0
232,264,0.0
232,200,0.0
232,189,0.0
232,362,0.0
232,17,0.0
232,16,0.0
263,79,6.0
263,287,4.999999999999998
263,189,3.9999999999999982
263,22,3.0
263,200,3.0
263,399,3.0
263,352,2.999999999999999
263,255,2.0
263,94,2.0
263,416,1.9999999999999996
268,119,0.0
268,20,0.0
268,399,0.0
268,476,0.0
268,264,0.0
268,200,0.0
268,189,0.0
268,362,0.0
268,17,0.0
268,16,0.0
396,264,13.417662935482248
396,119,9.5
396,399,7.866025403784438
396,94,7.783688339266686
396,287,7.417662935482246
396,189,5.866025403784438
396,22,5.8660254037844375
396,310,5.5
396,255,5.499999999999999
396,16,5.0
397,399,11.359863801883312
397,119,11.115792747901766
397,287,8.993838398098875
397,94,8.540864520627387
397,200,7.2379094520804195
397,189,7.103934855864859
397,22,6.302955068546966
397,352,5.05888401456542
397,255,4.668980472331405
397,16,4.255928946018455
129,119,0.0
129,20,0.0
129,399,0.0
129,476,0.0
129,200,0.0
129,189,0.0
129,362,0.0
129,17,0.0
129,16,0.0
129,310,0.0
333,264,13.729104894956372
333,399,11.059606553212422
333,22,7.665916946580192
333,94,6.5729056543503965
333,200,4.967265480351809
333,189,4.634626269056369
333,59,3.7542837754359706
333,310,3.3013257603125385
333,352,2.5701829905015927
333,78,2.3146930642221593
369,264,5.999999999999999
369,20,4.999999999999999
369,255,4.999999999999999
369,287,3.999999999999999
369,399,3.999999999999999
369,22,2.999999999999999
369,119,2.999999999999999
369,94,2.999999999999999
369,310,2.999999999999999
369,200,2.999999999999999
259,119,0.0
259,476,0.0
259,264,0.0
259,200,0.0
259,189,0.0
259,362,0.0
259,17,0.0
259,16,0.0
259,310,0.0
259,59,0.0
161,17,1.0
161,476,1.0
161,77,0.0
161,19,0.0
161,190,0.0
161,125,0.0
161,415,0.0
161,362,0.0
161,416,0.0
161,400,0.0
403,189,5.876546888653845
403,119,5.4174976318561825
403,94,5.136142620419406
403,22,3.9755890005334615
403,287,2.7717463207915927
403,352,2.618988838478766
403,255,1.8749177844972202
403,200,1.7008401285415224
403,59,1.6189888384787656
403,20,1.551472228071743
258,20,16.625438515269895
258,264,9.58676619770807
258,94,7.927381542984387
258,399,7.911680147236538
258,287,5.79015748057037
258,362,4.841979370481277
258,16,3.7265123694680975
258,310,3.6573222839694592
258,352,3.5567156850558854
258,189,3.4124102363396736
215,119,0.0
215,399,0.0
215,476,0.0
215,264,0.0
215,200,0.0
215,189,0.0
215,362,0.0
215,17,0.0
215,16,0.0
215,310,0.0
164,20,3.0
164,287,3.0
164,200,2.0
164,352,2.0
164,22,1.0000000000000002
164,255,1.0
164,264,1.0
164,399,1.0
164,119,1.0
164,78,1.0
357,119,0.0
357,20,0.0
357,399,0.0
357,476,0.0
357,200,0.0
357,189,0.0
357,362,0.0
357,17,0.0
357,16,0.0
357,310,0.0
190,476,0.0
190,264,0.0
190,200,0.0
190,189,0.0
190,362,0.0
190,17,0.0
190,16,0.0
190,310,0.0
190,59,0.0
190,94,0.0
307,119,0.0
307,399,0.0
307,476,0.0
307,264,0.0
307,200,0.0
307,189,0.0
307,362,0.0
307,17,0.0
307,16,0.0
307,310,0.0
238,119,0.0
238,20,0.0
238,399,0.0
238,476,0.0
238,264,0.0
238,200,0.0
238,189,0.0
238,362,0.0
238,17,0.0
238,16,0.0
165,20,0.0
165,399,0.0
165,476,0.0
165,264,0.0
165,200,0.0
165,189,0.0
165,362,0.0
165,17,0.0
165,16,0.0
165,310,0.0
225,20,0.0
225,399,0.0
225,476,0.0
225,264,0.0
225,200,0.0
225,189,0.0
225,362,0.0
225,17,0.0
225,16,0.0
225,310,0.0
242,119,0.0
242,399,0.0
242,476,0.0
242,264,0.0
242,200,0.0
242,189,0.0
242,362,0.0
242,17,0.0
242,16,0.0
242,310,0.0
338,310,1.409433225988736
338,89,1.303273890244058
338,189,1.1458164621745703
338,134,0.9218313273016397
338,400,0.8660254037844387
338,190,0.8543071206464103
338,476,0.5229125165837972
338,17,0.5229125165837972
338,415,0.0
338,77,0.0
326,119,0.0
326,399,0.0
326,476,0.0
326,264,0.0
326,200,0.0
326,189,0.0
326,362,0.0
326,17,0.0
326,16,0.0
326,310,0.0
96,119,0.0
96,399,0.0
96,476,0.0
96,264,0.0
96,200,0.0
96,189,0.0
96,362,0.0
96,17,0.0
96,16,0.0
96,310,0.0
94,119,0.0
94,20,0.0
94,399,0.0
94,476,0.0
94,264,0.0
94,200,0.0
94,189,0.0
94,17,0.0
94,16,0.0
94,310,0.0
123,119,0.0
123,20,0.0
123,399,0.0
123,476,0.0
123,264,0.0
123,200,0.0
123,189,0.0
123,362,0.0
123,17,0.0
123,16,0.0
392,399,11.337470242390832
392,79,9.872212256078216
392,119,8.877657737170956
392,189,6.75736784008604
392,94,6.288000670809115
392,16,4.5238637461286215
392,22,3.5583728938597368
392,78,2.8145430914608016
392,362,2.624202918993093
392,59,2.227693344246643
343,287,6.732050807568877
343,20,5.366025403784438
343,255,4.177043167279825
343,79,3.732050807568876
343,310,3.5
343,16,3.366025403784438
343,399,3.366025403784438
343,119,3.177043167279824
343,22,2.999999999999999
343,78,2.866025403784438
120,20,0.0
120,399,0.0
120,476,0.0
120,264,0.0
120,200,0.0
120,189,0.0
120,362,0.0
120,17,0.0
120,16,0.0
120,310,0.0
344,119,12.594775984248821
344,399,10.586112216920448
344,287,9.22008681313601
344,200,8.896981505904408
344,94,8.666285042415778
344,189,6.885272088378926
344,255,6.431021799777387
344,352,5.146197324423434
344,310,4.928375590335357
344,362,3.1277348213099208
213,200,5.417662935482246
213,94,3.7836883392666847
213,352,2.2836883392666847
213,255,1.8660254037844375
213,399,1.499999999999999
213,134,1.417662935482247
213,16,1.4176629354822465
213,78,1.0
213,264,0.8660254037844373
213,287,0.4999999999999989
305,119,0.0
305,399,0.0
305,476,0.0
305,264,0.0
305,200,0.0
305,189,0.0
305,362,0.0
305,17,0.0
305,16,0.0
305,310,0.0
314,119,0.0
314,399,0.0
314,476,0.0
314,264,0.0
314,200,0.0
314,189,0.0
314,362,0.0
314,17,0.0
314,16,0.0
314,310,0.0
75,119,0.0
75,20,0.0
75,399,0.0
75,476,0.0
75,264,0.0
75,200,0.0
75,189,0.0
75,362,0.0
75,17,0.0
75,16,0.0
262,264,14.0
262,399,10.0
262,119,9.0
262,287,9.0
262,94,9.0
262,189,8.0
262,200,7.0
262,16,5.0
262,22,5.0
262,310,4.0
216,20,0.0
216,399,0.0
216,476,0.0
216,264,0.0
216,200,0.0
216,189,0.0
216,362,0.0
216,17,0.0
216,16,0.0
216,310,0.0
220,119,0.0
220,20,0.0
220,399,0.0
220,476,0.0
220,264,0.0
220,200,0.0
220,189,0.0
220,362,0.0
220,17,0.0
220,16,0.0
377,119,0.0
377,20,0.0
377,399,0.0
377,476,0.0
377,264,0.0
377,200,0.0
377,189,0.0
377,362,0.0
377,17,0.0
377,16,0.0
316,189,1.8626953133901336
316,78,1.3396870238450087
316,125,0.926367113173171
316,19,0.926367113173171
316,255,0.8692438418399238
316,352,0.8040120535298535
316,89,0.7886751345948124
316,59,0.722495843533976
316,824,0.6730431384260932
316,416,0.5397843659472292
209,264,8.0
209,189,7.0
209,119,7.0
209,20,4.0
209,287,4.0
209,200,3.0
209,362,2.0
209,310,1.9999999999999993
209,79,1.9999999999999993
209,16,1.0000000000000002
265,119,0.0
265,20,0.0
265,399,0.0
265,476,0.0
265,264,0.0
265,200,0.0
265,189,0.0
265,362,0.0
265,17,0.0
265,16,0.0
167,264,4.94029977335377
167,255,4.7513175368491565
167,399,4.055007640289051
167,287,4.055007640289051
167,200,3.271181730157291
167,16,2.1372071339417302
167,119,2.1372071339417302
167,189,2.055007640289052
167,59,1.948224897437117
167,362,1.948224897437117
178,20,0.0
178,399,0.0
178,476,0.0
178,264,0.0
178,200,0.0
178,189,0.0
178,362,0.0
178,17,0.0
178,16,0.0
178,310,0.0
289,119,0.0
289,399,0.0
289,476,0.0
289,264,0.0
289,200,0.0
289,189,0.0
289,362,0.0
289,17,0.0
289,16,0.0
289,310,0.0
287,119,0.0
287,20,0.0
287,399,0.0
287,476,0.0
287,200,0.0
287,189,0.0
287,362,0.0
287,17,0.0
287,16,0.0
287,310,0.0
380,119,0.0
380,399,0.0
380,476,0.0
380,200,0.0
380,189,0.0
380,362,0.0
380,17,0.0
380,16,0.0
380,310,0.0
380,59,0.0
356,20,10.0
356,119,9.0
356,399,8.0
356,287,6.0
356,255,6.0
356,189,4.999999999999999
356,94,4.0
356,352,3.999999999999999
356,22,3.0
356,78,3.0
354,119,0.0
354,399,0.0
354,476,0.0
354,200,0.0
354,189,0.0
354,362,0.0
354,17,0.0
354,16,0.0
354,310,0.0
354,59,0.0
376,119,0.0
376,20,0.0
376,399,0.0
376,476,0.0
376,264,0.0
376,200,0.0
376,189,0.0
376,362,0.0
376,17,0.0
376,16,0.0
346,119,0.0
346,20,0.0
346,399,0.0
346,476,0.0
346,264,0.0
346,200,0.0
346,189,0.0
346,362,0.0
346,17,0.0
346,16,0.0
101,20,0.0
101,399,0.0
101,476,0.0
101,264,0.0
101,200,0.0
101,189,0.0
101,362,0.0
101,17,0.0
101,16,0.0
101,310,0.0
109,119,0.0
109,20,0.0
109,399,0.0
109,476,0.0
109,264,0.0
109,200,0.0
109,189,0.0
109,362,0.0
109,17,0.0
109,16,0.0
191,20,10.0
191,119,9.0
191,399,8.0
191,287,6.0
191,255,6.0
191,189,4.999999999999999
191,94,4.0
191,352,3.999999999999999
191,22,3.0
191,78,3.0
184,119,0.0
184,20,0.0
184,399,0.0
184,476,0.0
184,264,0.0
184,200,0.0
184,189,0.0
184,362,0.0
184,17,0.0
184,16,0.0
352,119,0.0
352,399,0.0
352,476,0.0
352,264,0.0
352,200,0.0
352,189,0.0
352,362,0.0
352,17,0.0
352,16,0.0
352,310,0.0
231,119,0.0
231,20,0.0
231,399,0.0
231,476,0.0
231,264,0.0
231,189,0.0
231,362,0.0
231,17,0.0
231,16,0.0
231,310,0.0
187,119,0.0
187,20,0.0
187,399,0.0
187,476,0.0
187,264,0.0
187,200,0.0
187,189,0.0
187,362,0.0
187,17,0.0
187,16,0.0
297,20,10.0
297,119,9.0
297,399,8.0
297,287,6.0
297,255,6.0
297,189,4.999999999999999
297,94,4.0
297,352,3.999999999999999
297,22,3.0
297,78,3.0
228,287,9.583255781372442
228,200,8.272238017877056
228,189,8.138263421661495
228,399,7.583174604184563
228,94,7.189900953359304
228,119,6.394192367679949
228,22,5.917662935482247
228,352,3.8625741180053152
228,59,2.8660254037844384
228,255,2.7836883392666856
308,119,0.0
308,20,0.0
308,399,0.0
308,476,0.0
308,264,0.0
308,200,0.0
308,189,0.0
308,362,0.0
308,17,0.0
308,16,0.0
139,119,0.0
139,20,0.0
139,399,0.0
139,476,0.0
139,200,0.0
139,189,0.0
139,362,0.0
139,17,0.0
139,16,0.0
139,310,0.0
373,119,0.0
373,20,0.0
373,399,0.0
373,476,0.0
373,264,0.0
373,200,0.0
373,189,0.0
373,362,0.0
373,17,0.0
373,16,0.0
168,119,0.0
168,20,0.0
168,399,0.0
168,476,0.0
168,200,0.0
168,189,0.0
168,362,0.0
168,17,0.0
168,16,0.0
168,310,0.0
400,119,0.0
400,20,0.0
400,399,0.0
400,476,0.0
400,264,0.0
400,200,0.0
400,189,0.0
400,362,0.0
400,17,0.0
400,16,0.0
320,119,0.0
320,20,0.0
320,399,0.0
320,476,0.0
320,264,0.0
320,200,0.0
320,189,0.0
320,362,0.0
320,17,0.0
320,16,0.0
95,119,0.0
95,399,0.0
95,476,0.0
95,264,0.0
95,200,0.0
95,189,0.0
95,362,0.0
95,17,0.0
95,16,0.0
95,310,0.0
353,119,0.0
353,20,0.0
353,399,0.0
353,476,0.0
353,200,0.0
353,189,0.0
353,362,0.0
353,17,0.0
353,16,0.0
353,310,0.0
260,119,0.0
260,20,0.0
260,399,0.0
260,476,0.0
260,264,0.0
260,200,0.0
260,189,0.0
260,362,0.0
260,17,0.0
260,16,0.0
83,20,0.0
83,399,0.0
83,476,0.0
83,264,0.0
83,200,0.0
83,189,0.0
83,362,0.0
83,17,0.0
83,16,0.0
83,310,0.0
250,20,0.0
250,399,0.0
250,476,0.0
250,264,0.0
250,200,0.0
250,189,0.0
250,362,0.0
250,17,0.0
250,16,0.0
250,310,0.0
395,264,14.0
395,399,10.0
395,119,9.0
395,287,9.0
395,94,9.0
395,189,8.0
395,200,7.0
395,16,5.0
395,22,5.0
395,310,4.0
183,119,0.0
183,20,0.0
183,399,0.0
183,476,0.0
183,264,0.0
183,200,0.0
183,189,0.0
183,362,0.0
183,17,0.0
183,16,0.0
275,119,0.0
275,20,0.0
275,399,0.0
275,476,0.0
275,264,0.0
275,200,0.0
275,189,0.0
275,362,0.0
275,17,0.0
275,16,0.0
173,119,0.0
173,20,0.0
173,399,0.0
173,476,0.0
173,200,0.0
173,189,0.0
173,362,0.0
173,17,0.0
173,16,0.0
173,310,0.0
272,119,0.0
272,20,0.0
272,399,0.0
272,476,0.0
272,264,0.0
272,200,0.0
272,189,0.0
272,362,0.0
272,17,0.0
272,16,0.0
304,119,0.0
304,399,0.0
304,476,0.0
304,264,0.0
304,200,0.0
304,189,0.0
304,362,0.0
304,17,0.0
304,16,0.0
304,310,0.0
318,119,0.0
318,399,0.0
318,476,0.0
318,264,0.0
318,200,0.0
318,189,0.0
318,362,0.0
318,17,0.0
318,16,0.0
318,310,0.0
125,119,0.0
125,20,0.0
125,399,0.0
125,476,0.0
125,264,0.0
125,200,0.0
125,189,0.0
125,362,0.0
125,17,0.0
125,16,0.0
374,119,0.0
374,20,0.0
374,399,0.0
374,476,0.0
374,264,0.0
374,200,0.0
374,189,0.0
374,362,0.0
374,17,0.0
374,16,0.0
317,119,0.0
317,20,0.0
317,399,0.0
317,476,0.0
317,264,0.0
317,200,0.0
317,189,0.0
317,362,0.0
317,17,0.0
317,16,0.0
177,119,0.0
177,20,0.0
177,399,0.0
177,476,0.0
177,264,0.0
177,200,0.0
177,189,0.0
177,362,0.0
177,17,0.0
177,16,0.0
149,20,10.0
149,119,9.0
149,399,8.0
149,287,6.0
149,255,6.0
149,189,4.999999999999999
149,94,4.0
149,352,3.999999999999999
149,22,3.0
149,78,3.0
327,119,0.0
327,20,0.0
327,399,0.0
327,476,0.0
327,264,0.0
327,200,0.0
327,189,0.0
327,362,0.0
327,17,0.0
327,16,0.0
207,119,0.0
207,399,0.0
207,476,0.0
207,264,0.0
207,200,0.0
207,189,0.0
207,362,0.0
207,17,0.0
207,16,0.0
207,310,0.0
361,119,0.0
361,20,0.0
361,399,0.0
361,476,0.0
361,200,0.0
361,189,0.0
361,362,0.0
361,17,0.0
361,16,0.0
361,310,0.0
339,119,0.0
339,20,0.0
339,399,0.0
339,476,0.0
339,264,0.0
339,200,0.0
339,189,0.0
339,362,0.0
339,17,0.0
339,16,0.0
351,119,0.0
351,20,0.0
351,399,0.0
351,476,0.0
351,264,0.0
351,200,0.0
351,189,0.0
351,362,0.0
351,17,0.0
351,16,0.0
266,119,0.0
266,20,0.0
266,399,0.0
266,476,0.0
266,264,0.0
266,200,0.0
266,189,0.0
266,362,0.0
266,17,0.0
266,16,0.0
386,119,0.0
386,399,0.0
386,476,0.0
386,264,0.0
386,200,0.0
386,189,0.0
386,362,0.0
386,17,0.0
386,16,0.0
386,310,0.0
285,352,2.0
285,287,1.5000000000000002
285,200,1.0000000000000002
285,22,4.440892098500626E-16
285,17,0.0
285,16,0.0
285,476,0.0
285,264,0.0
285,189,0.0
285,362,0.0
127,119,0.0
127,20,0.0
127,399,0.0
127,476,0.0
127,264,0.0
127,200,0.0
127,189,0.0
127,362,0.0
127,17,0.0
127,16,0.0
341,119,0.0
341,399,0.0
341,476,0.0
341,264,0.0
341,200,0.0
341,189,0.0
341,362,0.0
341,17,0.0
341,16,0.0
341,310,0.0
130,264,5.999999999999999
130,20,4.999999999999999
130,255,4.999999999999999
130,287,3.999999999999999
130,399,3.999999999999999
130,22,2.999999999999999
130,119,2.999999999999999
130,94,2.999999999999999
130,310,2.999999999999999
130,200,2.999999999999999
364,119,0.0
364,399,0.0
364,476,0.0
364,264,0.0
364,200,0.0
364,189,0.0
364,362,0.0
364,17,0.0
364,16,0.0
364,310,0.0
331,119,0.0
331,20,0.0
331,399,0.0
331,476,0.0
331,200,0.0
331,189,0.0
331,362,0.0
331,17,0.0
331,16,0.0
331,310,0.0
332,119,0.0
332,20,0.0
332,399,0.0
332,476,0.0
332,264,0.0
332,200,0.0
332,189,0.0
332,362,0.0
332,17,0.0
332,16,0.0
389,119,0.0
389,20,0.0
389,399,0.0
389,476,0.0
389,264,0.0
389,189,0.0
389,362,0.0
389,17,0.0
389,16,0.0
389,310,0.0
146,20,0.0
146,399,0.0
146,476,0.0
146,264,0.0
146,200,0.0
146,189,0.0
146,362,0.0
146,17,0.0
146,16,0.0
146,310,0.0
328,119,0.0
328,20,0.0
328,399,0.0
328,476,0.0
328,264,0.0
328,200,0.0
328,189,0.0
328,362,0.0
328,17,0.0
328,16,0.0
322,119,0.0
322,399,0.0
322,476,0.0
322,264,0.0
322,200,0.0
322,189,0.0
322,362,0.0
322,17,0.0
322,16,0.0
322,310,0.0
181,119,0.0
181,399,0.0
181,476,0.0
181,264,0.0
181,200,0.0
181,189,0.0
181,362,0.0
181,17,0.0
181,16,0.0
181,310,0.0
299,264,12.0
299,399,10.0
299,20,10.0
299,119,9.0
299,189,7.0
299,94,6.0
299,200,5.0
299,310,5.0
299,362,4.999999999999999
299,255,3.999999999999999
313,119,0.0
313,20,0.0
313,399,0.0
313,476,0.0
313,264,0.0
313,200,0.0
313,189,0.0
313,362,0.0
313,17,0.0
313,16,0.0
245,119,0.0
245,20,0.0
245,399,0.0
245,476,0.0
245,200,0.0
245,189,0.0
245,362,0.0
245,17,0.0
245,16,0.0
245,310,0.0
393,119,0.0
393,20,0.0
393,399,0.0
393,476,0.0
393,264,0.0
393,200,0.0
393,189,0.0
393,362,0.0
393,17,0.0
393,16,0.0
324,20,10.0
324,119,9.0
324,399,8.0
324,287,6.0
324,255,6.0
324,189,4.999999999999999
324,94,4.0
324,352,3.999999999999999
324,22,3.0
324,78,3.0
74,119,0.0
74,20,0.0
74,476,0.0
74,264,0.0
74,200,0.0
74,189,0.0
74,362,0.0
74,17,0.0
74,16,0.0
74,310,0.0
195,119,0.0
195,20,0.0
195,399,0.0
195,476,0.0
195,264,0.0
195,200,0.0
195,189,0.0
195,362,0.0
195,17,0.0
195,16,0.0
239,119,0.0
239,20,0.0
239,399,0.0
239,476,0.0
239,264,0.0
239,200,0.0
239,189,0.0
239,362,0.0
239,17,0.0
239,16,0.0
334,119,0.0
334,20,0.0
334,476,0.0
334,264,0.0
334,200,0.0
334,189,0.0
334,362,0.0
334,17,0.0
334,16,0.0
334,310,0.0
118,119,0.0
118,20,0.0
118,399,0.0
118,476,0.0
118,264,0.0
118,200,0.0
118,189,0.0
118,362,0.0
118,17,0.0
118,16,0.0
150,119,0.0
150,20,0.0
150,399,0.0
150,476,0.0
150,264,0.0
150,200,0.0
150,189,0.0
150,362,0.0
150,17,0.0
150,16,0.0
