448,119,0.6288163567380247
448,416,0.475649145634697
448,824,0.2926926002193468
448,190,0.16862252772435765
448,415,0.11331177597167016
448,19,0.0
448,125,0.0
448,400,0.0
448,77,-0.30151134457776363
448,284,-0.6911035194099661
444,20,0.0
444,399,0.0
444,476,0.0
444,264,0.0
444,200,0.0
444,189,0.0
444,362,0.0
444,17,0.0
444,16,0.0
444,310,0.0
450,20,14.340627121454958
450,200,11.96924567854867
450,119,11.47072534339415
450,362,7.066946709513841
450,189,5.166290610001704
450,287,4.802955068546966
450,255,4.099343900487863
450,310,3.566946709513841
450,22,3.5
450,79,3.4103616639832506
445,119,0.0
445,399,0.0
445,476,0.0
445,264,0.0
445,200,0.0
445,189,0.0
445,362,0.0
445,17,0.0
445,16,0.0
445,310,0.0
446,119,0.0
446,20,0.0
446,399,0.0
446,476,0.0
446,264,0.0
446,200,0.0
446,189,0.0
446,362,0.0
446,17,0.0
446,16,0.0
447,189,2.7435471567646736
447,94,2.145229538875876
447,287,1.8536436145306572
447,400,1.0
447,16,0.5773502691896251
447,134,0.5550076402890519
447,255,0.0908611453483592
447,77,0.0
447,19,0.0
447,125,0.0
449,119,0.0
449,20,0.0
449,399,0.0
449,476,0.0
449,264,0.0
449,200,0.0
449,189,0.0
449,17,0.0
449,16,0.0
449,310,0.0
522,119,10.60514520937829
522,255,10.333104944909234
522,287,10.306524883340295
522,22,7.820568031207166
522,352,5.948499604730707
522,59,3.983107753714763
522,89,2.1862886005739517
522,134,1.953245575318981
522,824,0.781132666492965
522,415,0.7656414934887763
524,119,0.0
524,20,0.0
524,399,0.0
524,476,0.0
524,264,0.0
524,189,0.0
524,362,0.0
524,17,0.0
524,310,0.0
524,59,0.0
516,20,11.90884860582477
516,119,10.319444469682125
516,310,7.860030725699408
516,287,6.905433353123149
516,22,6.7671234075293345
516,352,6.251735715594683
516,78,5.567323302861181
516,16,5.19746506669174
516,362,4.285679931585765
516,59,1.9892905444134412
619,200,4.116396356965243
619,22,4.103115137922124
619,78,2.911599976529884
619,310,2.7481126202465784
619,352,1.8639023478743597
619,59,0.7857133124102964
619,284,0.5619729823902425
619,416,0.3522458909001464
619,824,0.2277100170213244
619,190,0.18777263632034608
494,352,2.600321697696233
494,134,0.7191929642649872
494,59,0.478638975105103
494,284,0.07055188475586444
494,125,0.0
494,19,0.0
494,400,0.0
494,415,-0.2461829819586655
494,824,-0.3002881697800081
494,78,-0.3342846815095608
655,399,10.71593687247838
655,200,6.4435163090000955
655,22,4.963733939644304
655,287,4.469329374846155
655,16,3.6494481433959995
655,134,2.8893373228838106
655,310,1.967471036988938
655,255,1.4432566331870507
655,59,1.0831436585748593
655,415,0.9999999999999998
466,264,11.0
466,20,9.0
466,189,8.0
466,200,6.0
466,287,6.0
466,94,6.0
466,119,5.0
466,310,4.0
466,255,4.0
466,362,4.0
523,264,13.0
523,119,10.0
523,399,10.0
523,189,9.0
523,200,8.0
523,362,6.000000000000001
523,310,5.000000000000001
523,287,5.0
523,79,4.0
523,255,4.0
620,399,11.924519661377742
620,200,9.46080685066682
620,255,6.341097612910269
620,189,5.66715459153633
620,362,4.536633266554325
620,79,4.039739610400614
620,22,3.908418228262841
620,352,2.215931220730181
620,59,1.9653910599474007
620,416,1.6420328756527156
570,119,0.0
570,20,0.0
570,399,0.0
570,476,0.0
570,264,0.0
570,200,0.0
570,189,0.0
570,362,0.0
570,17,0.0
570,16,0.0
544,287,13.894950559437856
544,362,8.918818325630228
544,310,8.417343073335259
544,352,7.431869718520716
544,22,7.416422317281322
544,16,6.23912400777186
544,78,3.9581772794702914
544,89,3.3335507865169873
544,134,3.253635012409806
544,416,2.0501041874736057
618,255,8.307577581172938
618,79,6.243176607977238
618,119,4.603684115006315
618,362,3.309082916226391
618,89,3.126142316137701
618,22,3.0272235598654245
618,352,2.4823381780483205
618,134,2.014659304741161
618,310,1.6413764340670347
618,78,1.4493385593072157
640,59,1.072256962043345
640,310,0.8369565481898205
640,17,0.5744269579035527
640,476,0.5744269579035527
640,190,0.04923659639173309
640,77,0.0
640,19,0.0
640,125,0.0
640,400,0.0
640,824,-0.9285714285714286
487,20,0.0
487,399,0.0
487,476,0.0
487,264,0.0
487,200,0.0
487,189,0.0
487,362,0.0
487,17,0.0
487,16,0.0
487,310,0.0
610,20,0.0
610,399,0.0
610,476,0.0
610,264,0.0
610,200,0.0
610,189,0.0
610,362,0.0
610,17,0.0
610,16,0.0
610,310,0.0
492,20,0.0
492,476,0.0
492,200,0.0
492,362,0.0
492,17,0.0
492,16,0.0
492,310,0.0
492,59,0.0
492,287,0.0
492,134,0.0
569,200,10.480799016007417
569,94,9.725276444953122
569,362,6.883692160804863
569,20,5.458103012862205
569,287,5.113532731071793
569,79,4.220337130859315
569,310,3.6742481615895937
569,255,3.1261777366642276
569,16,2.915433618593984
569,22,1.3086809481408537
518,20,0.0
518,399,0.0
518,476,0.0
518,264,0.0
518,200,0.0
518,189,0.0
518,362,0.0
518,17,0.0
518,16,0.0
518,310,0.0
481,20,0.0
481,399,0.0
481,476,0.0
481,264,0.0
481,200,0.0
481,189,0.0
481,362,0.0
481,17,0.0
481,16,0.0
481,310,0.0
624,119,0.0
624,20,0.0
624,399,0.0
624,476,0.0
624,264,0.0
624,200,0.0
624,362,0.0
624,17,0.0
624,16,0.0
624,310,0.0
514,20,0.0
514,399,0.0
514,476,0.0
514,264,0.0
514,200,0.0
514,189,0.0
514,362,0.0
514,17,0.0
514,16,0.0
514,310,0.0
592,119,0.0
592,20,0.0
592,399,0.0
592,476,0.0
592,264,0.0
592,200,0.0
592,189,0.0
592,362,0.0
592,17,0.0
592,16,0.0
454,20,0.0
454,399,0.0
454,476,0.0
454,264,0.0
454,200,0.0
454,189,0.0
454,362,0.0
454,17,0.0
454,16,0.0
454,310,0.0
486,20,0.0
486,399,0.0
486,476,0.0
486,264,0.0
486,200,0.0
486,189,0.0
486,362,0.0
486,17,0.0
486,16,0.0
486,310,0.0
560,119,0.0
560,20,0.0
560,399,0.0
560,476,0.0
560,264,0.0
560,200,0.0
560,189,0.0
560,362,0.0
560,17,0.0
560,16,0.0
489,264,6.377964473009229
489,79,4.877964473009227
489,22,4.348689816403378
489,352,3.877964473009227
489,399,3.6597075798987646
489,287,3.1889822365046134
489,200,2.848689816403378
489,362,1.6597075798987646
489,416,1.1889822365046137
489,89,1.1889822365046134
477,20,0.0
477,399,0.0
477,476,0.0
477,264,0.0
477,200,0.0
477,362,0.0
477,17,0.0
477,16,0.0
477,310,0.0
477,59,0.0
612,119,0.0
612,20,0.0
612,399,0.0
612,476,0.0
612,264,0.0
612,200,0.0
612,189,0.0
612,362,0.0
612,17,0.0
612,16,0.0
451,287,11.823214973971252
451,255,10.53636534749236
451,362,8.011612461926312
451,16,7.310061875829408
451,22,6.993848569972657
451,352,4.9489557285050605
451,310,4.055727322259534
451,59,3.9920070847971916
451,134,2.669375928249184
451,78,2.5586863454809565
639,20,0.0
639,399,0.0
639,476,0.0
639,264,0.0
639,200,0.0
639,189,0.0
639,362,0.0
639,17,0.0
639,16,0.0
639,310,0.0
654,20,22.78458536904119
654,255,13.005453323920973
654,22,12.469521809019069
654,287,11.842186864695865
654,189,9.66351190728685
654,362,7.389957062267316
654,310,7.151819356414897
654,352,7.027307959634326
654,16,6.543125522044642
654,78,6.497213893282665
607,255,8.196842715168486
607,79,5.869577497557964
607,352,4.4781953806503445
607,22,3.611938582354143
607,78,3.4564999808943266
607,310,1.914665596561811
607,89,1.5000000000000002
607,77,0.9999999999999998
607,416,0.8818527579373202
607,824,0.7857142857142857
471,20,0.0
471,399,0.0
471,476,0.0
471,264,0.0
471,200,0.0
471,189,0.0
471,362,0.0
471,17,0.0
471,16,0.0
471,310,0.0
657,264,8.856543320915069
657,200,7.882357481786151
657,20,7.667561084410455
657,362,5.693375245281536
657,255,5.222649901887385
657,287,4.029274656605849
657,189,3.529274656605849
657,310,3.5
657,16,2.0292746566058497
657,134,2.0
632,20,0.0
632,399,0.0
632,476,0.0
632,264,0.0
632,200,0.0
632,189,0.0
632,362,0.0
632,17,0.0
632,16,0.0
632,310,0.0
578,77,0.9999999999999998
578,284,0.9106836025229591
578,16,0.17647976519180886
578,59,0.08536142132666502
578,19,0.0
578,125,0.0
578,17,-0.3333333333333333
578,476,-0.3333333333333333
578,400,-0.5000000000000001
578,824,-0.6933752452815364
660,20,16.0
660,399,15.0
660,200,14.0
660,119,11.0
660,189,9.0
660,362,8.0
660,79,7.0
660,310,5.0
660,22,5.0
660,255,4.0
519,20,0.0
519,399,0.0
519,476,0.0
519,264,0.0
519,200,0.0
519,189,0.0
519,362,0.0
519,17,0.0
519,16,0.0
519,310,0.0
588,264,12.0
588,200,10.0
588,399,8.0
588,352,7.0
588,189,6.0
588,119,5.999999999999999
588,255,5.0
588,94,4.999999999999999
588,287,4.0
588,362,4.0
605,20,0.0
605,399,0.0
605,476,0.0
605,264,0.0
605,200,0.0
605,189,0.0
605,362,0.0
605,17,0.0
605,16,0.0
605,310,0.0
540,119,0.0
540,399,0.0
540,476,0.0
540,264,0.0
540,200,0.0
540,189,0.0
540,362,0.0
540,17,0.0
540,16,0.0
540,310,0.0
653,119,0.0
653,20,0.0
653,399,0.0
653,476,0.0
653,264,0.0
653,200,0.0
653,189,0.0
653,362,0.0
653,17,0.0
653,16,0.0
535,119,0.0
535,20,0.0
535,399,0.0
535,476,0.0
535,264,0.0
535,200,0.0
535,189,0.0
535,362,0.0
535,17,0.0
535,16,0.0
484,399,0.0
484,476,0.0
484,264,0.0
484,200,0.0
484,189,0.0
484,362,0.0
484,17,0.0
484,16,0.0
484,310,0.0
484,59,0.0
566,264,22.016954687690767
566,399,17.650929283906333
566,20,15.72235785533491
566,189,12.78542819057238
566,79,9.770255154650393
566,287,9.297599029425118
566,255,8.431573625640679
566,362,8.100554097972083
566,310,5.7975990294251165
566,78,5.0
591,264,11.0
591,20,9.0
591,189,8.0
591,200,6.0
591,287,6.0
591,94,6.0
591,119,5.0
591,310,4.0
591,255,4.0
591,362,4.0
611,310,1.0
611,119,1.0
611,20,1.0
611,264,1.0
611,287,1.0
611,362,0.0
611,17,0.0
611,200,0.0
611,16,0.0
611,189,0.0
525,20,0.0
525,476,0.0
525,200,0.0
525,189,0.0
525,362,0.0
525,17,0.0
525,16,0.0
525,310,0.0
525,59,0.0
525,287,0.0
635,89,1.4999999999999998
635,19,0.0
635,415,0.0
635,125,0.0
635,17,0.0
635,476,0.0
635,400,0.0
635,284,-0.5000000000000001
635,134,-0.9176629354822472
635,824,-0.9999999999999998
609,119,0.0
609,20,0.0
609,399,0.0
609,476,0.0
609,264,0.0
609,200,0.0
609,189,0.0
609,362,0.0
609,17,0.0
609,16,0.0
483,20,0.0
483,476,0.0
483,264,0.0
483,200,0.0
483,189,0.0
483,362,0.0
483,17,0.0
483,16,0.0
483,310,0.0
483,59,0.0
458,119,0.0
458,20,0.0
458,399,0.0
458,476,0.0
458,264,0.0
458,200,0.0
458,189,0.0
458,362,0.0
458,17,0.0
458,16,0.0
496,119,0.0
496,20,0.0
496,399,0.0
496,476,0.0
496,264,0.0
496,200,0.0
496,189,0.0
496,362,0.0
496,17,0.0
496,16,0.0
642,119,12.60903470444743
642,200,11.546454955576616
642,287,9.679449386214742
642,79,8.770384451730918
642,399,8.747107612267683
642,189,5.762051666556271
642,362,5.645832336957202
642,310,4.661924069970706
642,352,3.9605864344030266
642,94,3.6320191723393602
526,20,0.0
526,399,0.0
526,476,0.0
526,264,0.0
526,200,0.0
526,189,0.0
526,362,0.0
526,17,0.0
526,16,0.0
526,310,0.0
459,119,0.0
459,20,0.0
459,399,0.0
459,476,0.0
459,264,0.0
459,200,0.0
459,189,0.0
459,362,0.0
459,17,0.0
459,16,0.0
616,20,0.0
616,399,0.0
616,476,0.0
616,264,0.0
616,200,0.0
616,189,0.0
616,362,0.0
616,17,0.0
616,16,0.0
616,310,0.0
641,119,0.0
641,20,0.0
641,399,0.0
641,476,0.0
641,264,0.0
641,189,0.0
641,362,0.0
641,17,0.0
641,16,0.0
641,310,0.0
478,399,13.0
478,264,11.0
478,20,10.0
478,94,9.0
478,119,9.0
478,79,9.0
478,362,8.0
478,310,7.0
478,287,7.0
478,255,6.0
493,119,0.0
493,20,0.0
493,399,0.0
493,476,0.0
493,264,0.0
493,200,0.0
493,189,0.0
493,362,0.0
493,17,0.0
493,16,0.0
553,119,0.0
553,20,0.0
553,399,0.0
553,476,0.0
553,264,0.0
553,200,0.0
553,189,0.0
553,362,0.0
553,17,0.0
553,16,0.0
601,119,0.0
601,20,0.0
601,399,0.0
601,476,0.0
601,264,0.0
601,200,0.0
601,189,0.0
601,362,0.0
601,17,0.0
601,16,0.0
583,119,0.0
583,399,0.0
583,476,0.0
583,264,0.0
583,200,0.0
583,189,0.0
583,362,0.0
583,17,0.0
583,16,0.0
583,310,0.0
617,79,14.28785777758311
617,264,12.616566071784145
617,94,11.17503662445081
617,189,11.120808934963105
617,362,9.119712048495414
617,352,6.687606441380881
617,255,5.720652891158021
617,22,4.17677322219754
617,310,3.5696660163419107
617,416,2.585919177602538
576,119,0.0
576,20,0.0
576,476,0.0
576,264,0.0
576,200,0.0
576,189,0.0
576,362,0.0
576,17,0.0
576,16,0.0
576,310,0.0
464,119,0.0
464,20,0.0
464,399,0.0
464,476,0.0
464,264,0.0
464,200,0.0
464,189,0.0
464,362,0.0
464,17,0.0
464,16,0.0
474,264,8.856543320915069
474,200,7.882357481786151
474,20,7.667561084410455
474,362,5.693375245281537
474,255,5.222649901887386
474,287,4.029274656605849
474,189,3.529274656605849
474,310,3.500000000000001
474,16,2.0292746566058497
474,134,2.0000000000000004
662,119,0.0
662,20,0.0
662,399,0.0
662,476,0.0
662,264,0.0
662,200,0.0
662,189,0.0
662,362,0.0
662,17,0.0
662,16,0.0
627,119,0.0
627,20,0.0
627,399,0.0
627,476,0.0
627,264,0.0
627,200,0.0
627,189,0.0
627,362,0.0
627,17,0.0
627,16,0.0
561,119,0.0
561,20,0.0
561,476,0.0
561,264,0.0
561,200,0.0
561,189,0.0
561,362,0.0
561,17,0.0
561,16,0.0
561,310,0.0
557,119,0.0
557,20,0.0
557,399,0.0
557,476,0.0
557,264,0.0
557,200,0.0
557,189,0.0
557,362,0.0
557,17,0.0
557,16,0.0
634,20,0.0
634,399,0.0
634,476,0.0
634,264,0.0
634,200,0.0
634,189,0.0
634,362,0.0
634,17,0.0
634,16,0.0
634,310,0.0
606,20,0.0
606,399,0.0
606,476,0.0
606,264,0.0
606,200,0.0
606,189,0.0
606,362,0.0
606,17,0.0
606,16,0.0
606,310,0.0
638,20,0.0
638,399,0.0
638,476,0.0
638,264,0.0
638,200,0.0
638,189,0.0
638,362,0.0
638,17,0.0
638,16,0.0
638,310,0.0
565,119,0.0
565,20,0.0
565,399,0.0
565,476,0.0
565,264,0.0
565,200,0.0
565,189,0.0
565,362,0.0
565,17,0.0
565,16,0.0
633,119,0.0
633,399,0.0
633,476,0.0
633,264,0.0
633,200,0.0
633,189,0.0
633,362,0.0
633,17,0.0
633,16,0.0
633,310,0.0
556,119,0.0
556,20,0.0
556,399,0.0
556,476,0.0
556,264,0.0
556,200,0.0
556,189,0.0
556,362,0.0
556,17,0.0
556,16,0.0
452,119,0.0
452,20,0.0
452,399,0.0
452,476,0.0
452,264,0.0
452,200,0.0
452,189,0.0
452,362,0.0
452,17,0.0
452,16,0.0
650,287,8.980614857709066
650,79,8.338907812458697
650,16,5.136691688955057
650,78,4.392208398948836
650,310,4.0100636063712765
650,189,3.0358845321193435
650,134,2.9360767370778316
650,352,2.679854608970164
650,22,2.626981236169243
650,89,2.5737979132078275
550,119,0.0
550,20,0.0
550,476,0.0
550,200,0.0
550,362,0.0
550,17,0.0
550,16,0.0
550,310,0.0
550,59,0.0
550,94,0.0
651,200,19.83535679953065
651,189,17.118993997646538
651,287,12.949620520944409
651,310,9.472234434744724
651,255,8.711662361694872
651,362,8.391288740568497
651,22,7.165820994736373
651,352,6.51189194400728
651,16,6.14681615797492
651,78,5.495746118591423
521,119,0.0
521,20,0.0
521,399,0.0
521,476,0.0
521,264,0.0
521,200,0.0
521,189,0.0
521,362,0.0
521,17,0.0
521,16,0.0
482,119,0.0
482,399,0.0
482,476,0.0
482,264,0.0
482,200,0.0
482,189,0.0
482,362,0.0
482,17,0.0
482,16,0.0
482,310,0.0
479,119,0.0
479,20,0.0
479,399,0.0
479,476,0.0
479,264,0.0
479,200,0.0
479,189,0.0
479,362,0.0
479,17,0.0
479,16,0.0
546,119,0.0
546,20,0.0
546,476,0.0
546,264,0.0
546,200,0.0
546,189,0.0
546,362,0.0
546,17,0.0
546,16,0.0
546,310,0.0
539,119,0.0
539,20,0.0
539,399,0.0
539,476,0.0
539,264,0.0
539,200,0.0
539,362,0.0
539,17,0.0
539,16,0.0
539,310,0.0
548,119,0.0
548,399,0.0
548,476,0.0
548,264,0.0
548,200,0.0
548,189,0.0
548,362,0.0
548,17,0.0
548,16,0.0
548,310,0.0
603,399,0.0
603,476,0.0
603,264,0.0
603,200,0.0
603,189,0.0
603,362,0.0
603,17,0.0
603,16,0.0
603,310,0.0
603,59,0.0
554,119,0.0
554,20,0.0
554,476,0.0
554,264,0.0
554,200,0.0
554,189,0.0
554,362,0.0
554,17,0.0
554,16,0.0
554,310,0.0
513,119,0.0
513,20,0.0
513,399,0.0
513,476,0.0
513,264,0.0
513,200,0.0
513,189,0.0
513,362,0.0
513,17,0.0
513,16,0.0
552,20,0.0
552,399,0.0
552,476,0.0
552,264,0.0
552,200,0.0
552,362,0.0
552,17,0.0
552,16,0.0
552,310,0.0
552,59,0.0
500,119,0.0
500,20,0.0
500,399,0.0
500,476,0.0
500,264,0.0
500,200,0.0
500,189,0.0
500,362,0.0
500,17,0.0
500,16,0.0
648,119,0.0
648,20,0.0
648,399,0.0
648,476,0.0
648,264,0.0
648,200,0.0
648,189,0.0
648,362,0.0
648,17,0.0
648,16,0.0
520,119,0.0
520,20,0.0
520,399,0.0
520,476,0.0
520,264,0.0
520,200,0.0
520,362,0.0
520,17,0.0
520,16,0.0
520,310,0.0
555,119,0.0
555,20,0.0
555,399,0.0
555,476,0.0
555,264,0.0
555,200,0.0
555,189,0.0
555,362,0.0
555,17,0.0
555,16,0.0
460,119,0.0
460,20,0.0
460,476,0.0
460,264,0.0
460,200,0.0
460,189,0.0
460,362,0.0
460,17,0.0
460,16,0.0
460,310,0.0
506,119,0.0
506,20,0.0
506,399,0.0
506,476,0.0
506,264,0.0
506,200,0.0
506,362,0.0
506,17,0.0
506,16,0.0
506,310,0.0
649,119,0.0
649,399,0.0
649,476,0.0
649,264,0.0
649,200,0.0
649,189,0.0
649,362,0.0
649,17,0.0
649,16,0.0
649,310,0.0
602,119,0.0
602,20,0.0
602,399,0.0
602,476,0.0
602,200,0.0
602,189,0.0
602,362,0.0
602,17,0.0
602,16,0.0
602,310,0.0
533,119,0.0
533,20,0.0
533,399,0.0
533,476,0.0
533,264,0.0
533,200,0.0
533,189,0.0
533,362,0.0
533,17,0.0
533,16,0.0
491,119,0.0
491,20,0.0
491,399,0.0
491,476,0.0
491,264,0.0
491,200,0.0
491,189,0.0
491,362,0.0
491,17,0.0
491,16,0.0
621,264,12.381300454184732
621,79,6.881122922458033
621,352,4.515565086335968
621,287,4.151002102033492
621,89,3.5027501844238302
621,78,2.852677965094482
621,284,1.2297810543052332
621,400,0.9999999999999998
621,416,0.9857231274344389
621,189,0.9477038534417199
498,119,0.0
498,20,0.0
498,399,0.0
498,476,0.0
498,264,0.0
498,200,0.0
498,189,0.0
498,362,0.0
498,17,0.0
498,16,0.0
590,119,7.78184829544915
590,189,6.064982343787225
590,22,4.601086964115174
590,59,4.439280864355948
590,287,3.530002899159361
590,362,3.2975510151811402
590,310,2.55322936644452
590,78,2.295645879581304
590,16,1.8578856128767722
590,416,1.0673081422054582
574,20,0.0
574,399,0.0
574,476,0.0
574,200,0.0
574,189,0.0
574,362,0.0
574,17,0.0
574,16,0.0
574,310,0.0
574,59,0.0
575,20,0.0
575,399,0.0
575,476,0.0
575,264,0.0
575,200,0.0
575,189,0.0
575,362,0.0
575,17,0.0
575,16,0.0
575,310,0.0
453,119,0.0
453,20,0.0
453,399,0.0
453,476,0.0
453,264,0.0
453,200,0.0
453,189,0.0
453,362,0.0
453,17,0.0
453,16,0.0
564,119,0.0
564,20,0.0
564,399,0.0
564,476,0.0
564,200,0.0
564,189,0.0
564,362,0.0
564,17,0.0
564,16,0.0
564,310,0.0
562,119,0.0
562,20,0.0
562,399,0.0
562,476,0.0
562,264,0.0
562,200,0.0
562,189,0.0
562,362,0.0
562,17,0.0
562,16,0.0
643,264,13.0
643,119,10.0
643,399,10.0
643,189,9.0
643,200,8.0
643,362,6.0
643,310,5.0
643,287,4.999999999999999
643,79,3.999999999999999
643,255,3.999999999999999
501,264,25.194485826887522
501,200,19.368694133788196
501,399,16.794050680118566
501,119,15.771167162251261
501,189,14.794626882989801
501,362,11.94977520645234
501,255,10.062566925971547
501,287,10.007478108494615
501,310,9.94977520645234
501,352,7.981980506061966
571,119,0.0
571,20,0.0
571,399,0.0
571,476,0.0
571,264,0.0
571,200,0.0
571,189,0.0
571,362,0.0
571,17,0.0
571,16,0.0
508,119,0.0
508,20,0.0
508,399,0.0
508,476,0.0
508,264,0.0
508,200,0.0
508,189,0.0
508,362,0.0
508,17,0.0
508,16,0.0
656,119,0.0
656,20,0.0
656,399,0.0
656,476,0.0
656,264,0.0
656,200,0.0
656,189,0.0
656,362,0.0
656,17,0.0
656,16,0.0
499,119,0.0
499,20,0.0
499,399,0.0
499,476,0.0
499,264,0.0
499,200,0.0
499,189,0.0
499,362,0.0
499,17,0.0
499,16,0.0
637,119,0.0
637,399,0.0
637,476,0.0
637,264,0.0
637,200,0.0
637,189,0.0
637,362,0.0
637,17,0.0
637,16,0.0
637,310,0.0
586,352,0.7604849478641649
586,77,0.42640143271122083
586,59,0.17265015850290233
586,19,0.0
586,476,0.0
586,125,0.0
586,17,0.0
586,400,0.0
586,190,-0.09090909090909091
586,824,-0.4999999999999999
527,119,0.0
527,20,0.0
527,399,0.0
527,476,0.0
527,264,0.0
527,200,0.0
527,362,0.0
527,17,0.0
527,16,0.0
527,310,0.0
626,119,0.0
626,20,0.0
626,399,0.0
626,476,0.0
626,264,0.0
626,200,0.0
626,189,0.0
626,362,0.0
626,17,0.0
626,16,0.0
551,119,0.0
551,20,0.0
551,399,0.0
551,476,0.0
551,264,0.0
551,189,0.0
551,362,0.0
551,17,0.0
551,16,0.0
551,310,0.0
502,119,0.0
502,20,0.0
502,399,0.0
502,476,0.0
502,264,0.0
502,189,0.0
502,362,0.0
502,17,0.0
502,16,0.0
502,310,0.0
582,119,0.0
582,20,0.0
582,399,0.0
582,476,0.0
582,264,0.0
582,200,0.0
582,189,0.0
582,362,0.0
582,17,0.0
582,16,0.0
511,119,0.0
511,399,0.0
511,476,0.0
511,264,0.0
511,200,0.0
511,189,0.0
511,362,0.0
511,17,0.0
511,16,0.0
511,310,0.0
573,119,0.0
573,20,0.0
573,399,0.0
573,476,0.0
573,264,0.0
573,200,0.0
573,189,0.0
573,362,0.0
573,17,0.0
573,16,0.0
462,119,0.0
462,20,0.0
462,399,0.0
462,476,0.0
462,264,0.0
462,200,0.0
462,189,0.0
462,362,0.0
462,17,0.0
462,16,0.0
604,119,0.0
604,399,0.0
604,476,0.0
604,264,0.0
604,200,0.0
604,189,0.0
604,362,0.0
604,17,0.0
604,16,0.0
604,310,0.0
473,119,0.0
473,20,0.0
473,399,0.0
473,476,0.0
473,264,0.0
473,200,0.0
473,189,0.0
473,362,0.0
473,17,0.0
473,16,0.0
488,119,0.0
488,20,0.0
488,399,0.0
488,476,0.0
488,264,0.0
488,200,0.0
488,189,0.0
488,362,0.0
488,17,0.0
488,16,0.0
558,264,12.0
558,200,10.0
558,399,8.0
558,352,7.000000000000001
558,189,6.0
558,119,6.0
558,255,5.0
558,94,5.0
558,78,4.0
558,362,4.0
613,119,0.0
613,20,0.0
613,399,0.0
613,476,0.0
613,264,0.0
613,200,0.0
613,189,0.0
613,362,0.0
613,17,0.0
613,16,0.0
547,20,0.0
547,476,0.0
547,264,0.0
547,200,0.0
547,189,0.0
547,362,0.0
547,17,0.0
547,16,0.0
547,310,0.0
547,59,0.0
505,119,0.0
505,20,0.0
505,399,0.0
505,476,0.0
505,264,0.0
505,189,0.0
505,362,0.0
505,17,0.0
505,16,0.0
505,310,0.0
595,119,0.0
595,20,0.0
595,399,0.0
595,476,0.0
595,264,0.0
595,200,0.0
595,189,0.0
595,362,0.0
595,17,0.0
595,16,0.0
658,20,0.0
658,399,0.0
658,476,0.0
658,264,0.0
658,200,0.0
658,189,0.0
658,362,0.0
658,17,0.0
658,16,0.0
658,310,0.0
646,119,0.0
646,20,0.0
646,399,0.0
646,476,0.0
646,264,0.0
646,200,0.0
646,189,0.0
646,362,0.0
646,17,0.0
646,16,0.0
497,119,0.0
497,20,0.0
497,399,0.0
497,476,0.0
497,264,0.0
497,200,0.0
497,362,0.0
497,17,0.0
497,16,0.0
497,310,0.0
596,119,0.0
596,20,0.0
596,399,0.0
596,476,0.0
596,264,0.0
596,200,0.0
596,189,0.0
596,362,0.0
596,17,0.0
596,16,0.0
628,119,0.0
628,20,0.0
628,399,0.0
628,476,0.0
628,200,0.0
628,189,0.0
628,362,0.0
628,17,0.0
628,16,0.0
628,310,0.0
630,119,0.0
630,20,0.0
630,399,0.0
630,476,0.0
630,200,0.0
630,189,0.0
630,362,0.0
630,17,0.0
630,16,0.0
630,310,0.0
455,119,0.0
455,399,0.0
455,476,0.0
455,264,0.0
455,200,0.0
455,189,0.0
455,362,0.0
455,17,0.0
455,16,0.0
455,310,0.0
622,255,6.306675237029978
622,200,5.7232824935075755
622,89,4.0
622,79,2.433979357847079
622,352,2.1010577126181342
622,400,0.9999999999999998
622,415,0.9538209664765321
622,134,0.9384808996003454
622,416,0.2581988897471611
622,284,0.0
580,119,0.0
580,20,0.0
580,399,0.0
580,476,0.0
580,264,0.0
580,200,0.0
580,189,0.0
580,362,0.0
580,17,0.0
580,16,0.0
530,20,0.0
530,399,0.0
530,476,0.0
530,264,0.0
530,200,0.0
530,189,0.0
530,362,0.0
530,17,0.0
530,16,0.0
530,310,0.0
532,189,7.0
532,94,5.0
532,16,4.0
532,399,4.0
532,287,4.0
532,310,2.0
532,200,2.0
532,362,2.0
532,22,2.0
532,264,2.0
503,119,0.0
503,20,0.0
503,399,0.0
503,476,0.0
503,264,0.0
503,189,0.0
503,362,0.0
503,17,0.0
503,16,0.0
503,310,0.0
652,20,0.0
652,399,0.0
652,476,0.0
652,264,0.0
652,200,0.0
652,189,0.0
652,362,0.0
652,17,0.0
652,16,0.0
652,310,0.0
456,119,0.0
456,20,0.0
456,399,0.0
456,476,0.0
456,264,0.0
456,189,0.0
456,362,0.0
456,17,0.0
456,16,0.0
456,310,0.0
457,119,0.0
457,399,0.0
457,476,0.0
457,264,0.0
457,200,0.0
457,189,0.0
457,362,0.0
457,17,0.0
457,16,0.0
457,310,0.0
468,119,0.0
468,20,0.0
468,399,0.0
468,476,0.0
468,264,0.0
468,200,0.0
468,189,0.0
468,362,0.0
468,17,0.0
468,16,0.0
647,119,0.0
647,20,0.0
647,399,0.0
647,476,0.0
647,264,0.0
647,200,0.0
647,189,0.0
647,362,0.0
647,17,0.0
647,16,0.0
490,119,0.0
490,20,0.0
490,399,0.0
490,476,0.0
490,264,0.0
490,189,0.0
490,362,0.0
490,17,0.0
490,16,0.0
490,310,0.0
559,119,0.0
559,20,0.0
559,399,0.0
559,476,0.0
559,264,0.0
559,200,0.0
559,189,0.0
559,362,0.0
559,17,0.0
559,16,0.0
536,119,0.0
536,20,0.0
536,399,0.0
536,476,0.0
536,264,0.0
536,200,0.0
536,189,0.0
536,362,0.0
536,17,0.0
536,16,0.0
470,119,0.0
470,20,0.0
470,399,0.0
470,476,0.0
470,264,0.0
470,200,0.0
470,189,0.0
470,362,0.0
470,17,0.0
470,16,0.0
615,119,0.0
615,20,0.0
615,399,0.0
615,476,0.0
615,264,0.0
615,200,0.0
615,189,0.0
615,362,0.0
615,17,0.0
615,16,0.0
531,264,12.0
531,200,10.0
531,399,8.0
531,352,7.0
531,189,6.0
531,119,5.999999999999999
531,255,5.0
531,94,4.999999999999999
531,287,4.0
531,362,4.0
563,119,0.0
563,399,0.0
563,476,0.0
563,264,0.0
563,200,0.0
563,189,0.0
563,362,0.0
563,17,0.0
563,16,0.0
563,310,0.0
480,119,0.0
480,399,0.0
480,476,0.0
480,264,0.0
480,200,0.0
480,189,0.0
480,362,0.0
480,17,0.0
480,16,0.0
480,310,0.0
636,119,0.0
636,20,0.0
636,476,0.0
636,264,0.0
636,200,0.0
636,189,0.0
636,362,0.0
636,17,0.0
636,16,0.0
636,310,0.0
467,119,0.0
467,20,0.0
467,399,0.0
467,476,0.0
467,264,0.0
467,200,0.0
467,189,0.0
467,362,0.0
467,17,0.0
467,16,0.0
567,119,0.0
567,20,0.0
567,399,0.0
567,476,0.0
567,264,0.0
567,200,0.0
567,189,0.0
567,362,0.0
567,17,0.0
567,16,0.0
537,119,0.0
537,20,0.0
537,399,0.0
537,476,0.0
537,264,0.0
537,200,0.0
537,189,0.0
537,362,0.0
537,17,0.0
537,16,0.0
543,119,0.0
543,20,0.0
543,399,0.0
543,476,0.0
543,200,0.0
543,189,0.0
543,362,0.0
543,17,0.0
543,16,0.0
543,310,0.0
666,399,24.296311374823492
666,20,22.675216597244887
666,255,11.606165627536916
666,16,7.92405345476183
666,352,5.949118283657337
666,78,4.624691567845529
666,89,1.8968599298802638
666,284,1.1205547831440303
666,134,0.6207477304427171
666,77,0.5799865854994131
670,119,0.0
670,20,0.0
670,399,0.0
670,476,0.0
670,264,0.0
670,200,0.0
670,189,0.0
670,362,0.0
670,17,0.0
670,16,0.0
674,255,4.1351290651640635
674,89,1.9999999999999996
674,134,1.672673164646011
674,415,0.9999999999999998
674,400,0.9999999999999998
674,78,0.5713978893355336
674,284,0.32732683535398854
674,416,0.1844696924968457
674,200,0.06989277772965807
674,125,0.0
663,352,5.458446651319186
663,16,2.906677114404573
663,78,0.9097233538092878
663,284,0.7559289460184544
663,134,0.293640849565662
663,824,0.10814761408717503
663,416,0.08776913543869448
663,125,0.0
663,19,0.0
663,400,0.0
673,94,12.775613353469561
673,20,11.663748487570285
673,255,10.504178928498451
673,189,9.844031000506716
673,287,9.142195546592161
673,352,7.426422446125997
673,310,6.222060582884502
673,362,5.265244437883547
673,22,5.13449984497888
673,78,3.52000995211111
669,119,0.0
669,20,0.0
669,476,0.0
669,264,0.0
669,200,0.0
669,189,0.0
669,362,0.0
669,17,0.0
669,16,0.0
669,310,0.0
672,94,4.287784502260852
672,399,3.229146566886106
672,287,2.9592770273598914
672,362,2.939128767096591
672,16,2.3899945676384444
672,59,1.876250234665981
672,79,1.7927728118320807
672,22,0.7173904636027522
672,77,0.6546536707079771
672,200,0.5883933231638618
667,20,0.0
667,399,0.0
667,476,0.0
667,264,0.0
667,200,0.0
667,189,0.0
667,362,0.0
667,17,0.0
667,16,0.0
667,310,0.0
675,119,0.0
675,399,0.0
675,476,0.0
675,264,0.0
675,200,0.0
675,189,0.0
675,362,0.0
675,17,0.0
675,16,0.0
675,310,0.0
668,119,0.0
668,20,0.0
668,399,0.0
668,476,0.0
668,264,0.0
668,200,0.0
668,189,0.0
668,362,0.0
668,17,0.0
668,16,0.0
439,119,0.0
439,20,0.0
439,399,0.0
439,476,0.0
439,264,0.0
439,200,0.0
439,189,0.0
439,362,0.0
439,17,0.0
439,16,0.0
426,119,0.0
426,20,0.0
426,399,0.0
426,476,0.0
426,264,0.0
426,200,0.0
426,189,0.0
426,362,0.0
426,17,0.0
426,16,0.0
424,119,0.0
424,20,0.0
424,399,0.0
424,476,0.0
424,264,0.0
424,200,0.0
424,189,0.0
424,362,0.0
424,17,0.0
424,16,0.0
435,264,4.0
435,200,3.0
435,399,3.0
435,310,2.999999999999999
435,79,2.999999999999999
435,416,1.9999999999999996
435,255,1.0
435,78,0.9999999999999998
435,59,0.9999999999999998
435,362,0.9999999999999998
433,119,0.0
433,20,0.0
433,399,0.0
433,476,0.0
433,264,0.0
433,200,0.0
433,189,0.0
433,362,0.0
433,17,0.0
433,16,0.0
432,119,0.0
432,20,0.0
432,399,0.0
432,476,0.0
432,264,0.0
432,200,0.0
432,189,0.0
432,362,0.0
432,17,0.0
432,16,0.0
443,119,0.0
443,20,0.0
443,399,0.0
443,476,0.0
443,264,0.0
443,200,0.0
443,189,0.0
443,362,0.0
443,17,0.0
443,16,0.0
440,119,0.0
440,20,0.0
440,399,0.0
440,476,0.0
440,264,0.0
440,189,0.0
440,362,0.0
440,17,0.0
440,16,0.0
440,310,0.0
415,94,6.948127053083304
415,287,5.275453888437291
415,310,5.070409715056988
415,399,4.519524942418837
415,200,4.278277423484553
415,22,4.272238017877057
415,16,3.131069883980419
415,264,3.0583046880371665
415,59,2.944911182523068
415,79,2.5685743542882715
429,119,0.0
429,20,0.0
429,399,0.0
429,476,0.0
429,264,0.0
429,200,0.0
429,189,0.0
429,362,0.0
429,17,0.0
429,16,0.0
420,16,4.006381587620166
420,59,1.3814942639392205
420,134,1.3398467767826916
420,78,1.2151101222809515
420,824,0.7800393596345313
420,77,0.6773207610784114
420,476,0.501955861057691
420,17,0.501955861057691
420,400,0.5000000000000001
420,284,0.40262967824442447
411,352,3.250901323863801
411,89,1.4706250319963499
411,59,0.2663040054400755
411,77,0.09759000729485333
411,79,0.015768928062419363
411,19,0.0
411,476,0.0
411,17,0.0
411,125,0.0
411,824,-0.10846522890932807
430,119,0.0
430,20,0.0
430,399,0.0
430,476,0.0
430,264,0.0
430,200,0.0
430,362,0.0
430,17,0.0
430,16,0.0
430,310,0.0
422,189,7.062341186160204
422,264,4.675610174003673
422,94,2.551070773853434
422,79,2.218843575811108
422,16,0.9899386275012287
422,287,0.9649729002849208
422,77,0.8660254037844387
422,310,0.7015877893809688
422,190,0.43962397107321777
422,200,0.1362240815349156
436,119,0.0
436,20,0.0
436,399,0.0
436,476,0.0
436,264,0.0
436,200,0.0
436,189,0.0
436,362,0.0
436,17,0.0
436,16,0.0
417,134,0.9999999999999998
417,399,2.220446049250313E-16
417,125,0.0
417,476,0.0
417,824,0.0
417,17,0.0
417,59,0.0
417,415,0.0
417,16,0.0
417,19,0.0
438,20,0.0
438,399,0.0
438,476,0.0
438,264,0.0
438,200,0.0
438,189,0.0
438,362,0.0
438,17,0.0
438,16,0.0
438,310,0.0
442,119,0.0
442,399,0.0
442,476,0.0
442,264,0.0
442,200,0.0
442,189,0.0
442,362,0.0
442,17,0.0
442,16,0.0
442,310,0.0
431,119,0.0
431,399,0.0
431,476,0.0
431,264,0.0
431,200,0.0
431,189,0.0
431,362,0.0
431,17,0.0
431,16,0.0
431,310,0.0
419,119,0.0
419,20,0.0
419,399,0.0
419,476,0.0
419,264,0.0
419,200,0.0
419,362,0.0
419,17,0.0
419,16,0.0
419,310,0.0
441,200,9.0
441,399,8.0
441,119,6.0
441,79,6.0
441,189,3.000000000000001
441,255,3.000000000000001
441,362,3.0
441,284,2.0
441,416,2.0
441,89,2.0
414,287,2.999999999999999
414,79,2.999999999999999
414,119,1.9999999999999996
414,22,1.9999999999999996
414,399,1.9999999999999993
414,310,1.9999999999999993
414,20,1.9999999999999993
414,362,1.9999999999999993
414,78,0.9999999999999999
414,200,0.9999999999999998
410,119,0.0
410,399,0.0
410,476,0.0
410,264,0.0
410,200,0.0
410,189,0.0
410,362,0.0
410,17,0.0
410,16,0.0
410,310,0.0
423,119,0.0
423,20,0.0
423,399,0.0
423,476,0.0
423,264,0.0
423,200,0.0
423,189,0.0
423,362,0.0
423,17,0.0
423,16,0.0
418,119,0.0
418,20,0.0
418,399,0.0
418,476,0.0
418,264,0.0
418,200,0.0
418,189,0.0
418,362,0.0
418,17,0.0
418,16,0.0
412,119,0.0
412,20,0.0
412,399,0.0
412,476,0.0
412,200,0.0
412,189,0.0
412,362,0.0
412,17,0.0
412,16,0.0
412,310,0.0
428,119,0.0
428,20,0.0
428,399,0.0
428,476,0.0
428,200,0.0
428,189,0.0
428,362,0.0
428,17,0.0
428,16,0.0
428,310,0.0
437,119,0.0
437,20,0.0
437,399,0.0
437,476,0.0
437,264,0.0
437,200,0.0
437,189,0.0
437,362,0.0
437,17,0.0
437,16,0.0
434,20,0.0
434,399,0.0
434,476,0.0
434,264,0.0
434,200,0.0
434,189,0.0
434,362,0.0
434,17,0.0
434,16,0.0
434,310,0.0
413,119,0.0
413,20,0.0
413,399,0.0
413,476,0.0
413,200,0.0
413,189,0.0
413,362,0.0
413,17,0.0
413,16,0.0
413,310,0.0
44,16,6.962942382915202
44,119,5.3652807942643825
44,94,3.982466703397069
44,89,2.9838947257638213
44,78,2.4806800072983166
44,416,1.3225416700630181
44,400,0.9999999999999998
44,284,0.9050339851586408
44,415,0.5536751896171439
44,824,0.4646955484874565
57,20,13.086094427692736
57,287,10.531865108633959
57,94,9.564190421802737
57,362,7.762626349699538
57,79,6.69884069633552
57,310,5.578920632831718
57,16,4.468596531622639
57,255,3.5749589419250105
57,22,2.9391079047027393
57,59,2.0906440929038146
38,119,18.382434501312687
38,287,7.218356740861665
38,79,6.438002979058476
38,22,4.810928765897504
38,59,3.185583419216387
38,16,3.041205669860271
38,78,3.0325858698482655
38,255,2.660086083674683
38,416,1.933176143911072
38,824,0.797092424639248
45,399,20.256827751611198
45,20,19.037053065409875
45,94,11.235204569499853
45,189,10.488186794979077
45,352,8.914763767302755
45,16,6.331620374737926
45,362,5.498424271739479
45,310,4.501723927741244
45,78,4.123877330897008
45,89,2.8316871230620566
28,134,1.5
28,284,1.0000000000000002
28,78,0.5000000000000001
28,352,0.13397459621556118
28,125,0.0
28,89,0.0
28,17,0.0
28,476,0.0
28,415,0.0
28,19,0.0
61,119,8.896726753858482
61,200,5.083964814914037
61,94,3.7847239969722537
61,78,2.488948404650846
61,416,1.0350420509270684
61,16,0.8147193490410427
61,824,0.4319620198480262
61,77,0.3503742974842703
61,190,0.1687960533986263
61,284,0.12224593782159854
36,264,13.0
36,119,10.0
36,399,10.0
36,189,9.0
36,200,8.0
36,362,6.0
36,310,5.0
36,287,4.999999999999999
36,79,3.999999999999999
36,255,3.999999999999999
54,119,0.0
54,399,0.0
54,476,0.0
54,264,0.0
54,200,0.0
54,189,0.0
54,362,0.0
54,17,0.0
54,16,0.0
54,310,0.0
47,119,0.0
47,20,0.0
47,399,0.0
47,476,0.0
47,264,0.0
47,200,0.0
47,189,0.0
47,362,0.0
47,17,0.0
47,16,0.0
29,119,0.0
29,20,0.0
29,399,0.0
29,476,0.0
29,264,0.0
29,200,0.0
29,189,0.0
29,362,0.0
29,17,0.0
29,16,0.0
26,119,0.0
26,20,0.0
26,476,0.0
26,264,0.0
26,200,0.0
26,189,0.0
26,362,0.0
26,17,0.0
26,16,0.0
26,310,0.0
33,79,11.924122853380386
33,287,7.2387963800399415
33,255,5.568349125050451
33,362,5.47682351987125
33,16,4.126487105719895
33,94,3.523803213452555
33,22,2.84145474441958
33,59,2.6971113854735638
33,416,2.279481986528119
33,352,1.6554865460563093
46,20,10.71402782060676
46,399,9.377711997955078
46,119,6.720514890153794
46,362,5.193590440182847
46,189,3.2681295877918526
46,59,2.6005700801937075
46,416,1.7236301805335494
46,16,1.3093073414159544
46,476,0.9819805060619659
46,17,0.9819805060619659
21,264,15.289339894191553
21,119,11.52026316484545
21,200,8.730541321171392
21,287,6.697028090911935
21,352,6.480640168161086
21,310,6.348521900197858
21,94,6.096047436488817
21,78,3.427201243391048
21,22,2.589366481860024
21,255,2.3822600016980076
48,119,0.0
48,20,0.0
48,476,0.0
48,264,0.0
48,200,0.0
48,189,0.0
48,362,0.0
48,17,0.0
48,16,0.0
48,310,0.0
7,119,0.0
7,20,0.0
7,399,0.0
7,476,0.0
7,264,0.0
7,200,0.0
7,189,0.0
7,362,0.0
7,17,0.0
7,16,0.0
53,119,0.0
53,20,0.0
53,399,0.0
53,476,0.0
53,264,0.0
53,189,0.0
53,362,0.0
53,17,0.0
53,16,0.0
53,310,0.0
8,119,0.0
8,399,0.0
8,476,0.0
8,264,0.0
8,200,0.0
8,189,0.0
8,362,0.0
8,17,0.0
8,16,0.0
8,310,0.0
25,119,0.0
25,399,0.0
25,476,0.0
25,264,0.0
25,200,0.0
25,189,0.0
25,362,0.0
25,17,0.0
25,16,0.0
25,310,0.0
35,16,2.7549021538752676
35,59,2.621880500842545
35,22,1.7502171736053818
35,78,1.391216659960173
35,416,0.5660295724418062
35,190,0.5034323093757285
35,824,0.3128234298098608
35,17,0.2225659536298629
35,476,0.2225659536298629
35,415,0.17297460150541596
19,119,0.0
19,20,0.0
19,399,0.0
19,476,0.0
19,264,0.0
19,200,0.0
19,189,0.0
19,362,0.0
19,17,0.0
19,16,0.0
69,119,0.0
69,20,0.0
69,399,0.0
69,476,0.0
69,189,0.0
69,362,0.0
69,17,0.0
69,16,0.0
69,310,0.0
69,59,0.0
20,119,0.0
20,20,0.0
20,399,0.0
20,476,0.0
20,264,0.0
20,200,0.0
20,362,0.0
20,17,0.0
20,16,0.0
20,310,0.0
23,119,0.0
23,20,0.0
23,476,0.0
23,264,0.0
23,200,0.0
23,189,0.0
23,362,0.0
23,17,0.0
23,16,0.0
23,310,0.0
56,119,0.0
56,20,0.0
56,476,0.0
56,264,0.0
56,200,0.0
56,189,0.0
56,362,0.0
56,17,0.0
56,16,0.0
56,310,0.0
14,119,0.0
14,20,0.0
14,399,0.0
14,476,0.0
14,264,0.0
14,200,0.0
14,189,0.0
14,362,0.0
14,17,0.0
14,16,0.0
37,119,0.0
37,20,0.0
37,399,0.0
37,476,0.0
37,200,0.0
37,189,0.0
37,362,0.0
37,17,0.0
37,16,0.0
37,310,0.0
34,119,0.0
34,20,0.0
34,399,0.0
34,476,0.0
34,264,0.0
34,200,0.0
34,189,0.0
34,362,0.0
34,17,0.0
34,16,0.0
58,119,0.0
58,399,0.0
58,476,0.0
58,264,0.0
58,200,0.0
58,189,0.0
58,362,0.0
58,17,0.0
58,16,0.0
58,310,0.0
4,20,8.0
4,119,6.0
4,287,5.0
4,310,4.0
4,189,4.0
4,362,3.999999999999999
4,78,3.0
4,94,2.0
4,16,1.9999999999999998
4,284,1.9999999999999998
24,119,0.0
24,20,0.0
24,399,0.0
24,476,0.0
24,200,0.0
24,189,0.0
24,362,0.0
24,17,0.0
24,16,0.0
24,310,0.0
70,119,0.0
70,20,0.0
70,399,0.0
70,476,0.0
70,264,0.0
70,200,0.0
70,189,0.0
70,362,0.0
70,17,0.0
70,16,0.0
40,20,0.0
40,399,0.0
40,476,0.0
40,264,0.0
40,200,0.0
40,189,0.0
40,362,0.0
40,17,0.0
40,16,0.0
40,310,0.0
6,119,0.0
6,20,0.0
6,399,0.0
6,476,0.0
6,200,0.0
6,189,0.0
6,362,0.0
6,17,0.0
6,16,0.0
6,310,0.0
39,119,0.0
39,20,0.0
39,476,0.0
39,264,0.0
39,200,0.0
39,189,0.0
39,362,0.0
39,17,0.0
39,16,0.0
39,310,0.0
41,119,0.0
41,20,0.0
41,399,0.0
41,476,0.0
41,264,0.0
41,200,0.0
41,362,0.0
41,17,0.0
41,16,0.0
41,310,0.0
66,119,9.253131640776026
66,362,6.52060133844749
66,287,4.723105612116071
66,16,3.6883905255396807
66,79,2.8128673192105786
66,89,2.4702699724282975
66,134,1.7426029883393521
66,78,1.516864620841968
66,416,1.3378937538132438
66,310,1.3100705063945446
17,264,4.0
17,119,2.999999999999999
17,20,2.999999999999999
17,78,1.9999999999999998
17,352,1.9999999999999993
17,255,1.9999999999999993
17,134,0.9999999999999998
17,16,0.9999999999999998
17,89,0.9999999999999998
17,310,0.9999999999999993
43,119,0.0
43,20,0.0
43,399,0.0
43,476,0.0
43,264,0.0
43,200,0.0
43,189,0.0
43,362,0.0
43,17,0.0
43,16,0.0
11,20,0.0
11,399,0.0
11,476,0.0
11,264,0.0
11,200,0.0
11,189,0.0
11,362,0.0
11,17,0.0
11,16,0.0
11,310,0.0
10,200,8.899780619870604
10,255,8.34328708422966
10,79,5.206366123868943
10,362,3.2009367074896016
10,89,2.9557338874282144
10,78,2.762479046528638
10,22,2.6915495964646294
10,94,2.400189185373307
10,189,1.1919434646335265
10,284,0.863494682468389
12,119,0.0
12,20,0.0
12,399,0.0
12,476,0.0
12,264,0.0
12,200,0.0
12,189,0.0
12,362,0.0
12,17,0.0
12,16,0.0
16,119,0.0
16,20,0.0
16,399,0.0
16,476,0.0
16,264,0.0
16,189,0.0
16,362,0.0
16,17,0.0
16,16,0.0
16,310,0.0
64,119,0.0
64,20,0.0
64,399,0.0
64,476,0.0
64,264,0.0
64,200,0.0
64,189,0.0
64,362,0.0
64,17,0.0
64,310,0.0
30,119,0.0
30,399,0.0
30,476,0.0
30,264,0.0
30,200,0.0
30,189,0.0
30,362,0.0
30,17,0.0
30,16,0.0
30,310,0.0
32,119,0.0
32,20,0.0
32,399,0.0
32,476,0.0
32,200,0.0
32,189,0.0
32,362,0.0
32,17,0.0
32,16,0.0
32,310,0.0
68,119,0.0
68,20,0.0
68,399,0.0
68,476,0.0
68,264,0.0
68,200,0.0
68,189,0.0
68,362,0.0
68,17,0.0
68,16,0.0
9,20,4.3538545649317015
9,399,3.353854564931701
9,362,3.353854564931701
9,255,2.853854564931701
9,16,2.4878291611472623
9,189,2.366025403784439
9,264,2.366025403784439
9,79,1.8660254037844388
9,22,1.8538545649317006
9,119,1.0000000000000002
27,119,0.0
27,20,0.0
27,399,0.0
27,476,0.0
27,264,0.0
27,200,0.0
27,189,0.0
27,362,0.0
27,17,0.0
27,16,0.0
50,200,3.0
50,22,3.0
50,255,3.0
50,264,3.0
50,78,2.0
50,310,2.0
50,399,2.0
50,20,2.0
50,287,2.0
50,352,2.0
31,119,0.0
31,399,0.0
31,476,0.0
31,264,0.0
31,200,0.0
31,189,0.0
31,362,0.0
31,17,0.0
31,16,0.0
31,310,0.0
2,119,0.0
2,20,0.0
2,399,0.0
2,476,0.0
2,264,0.0
2,200,0.0
2,362,0.0
2,17,0.0
2,16,0.0
2,310,0.0
42,119,0.0
42,20,0.0
42,399,0.0
42,476,0.0
42,264,0.0
42,200,0.0
42,189,0.0
42,362,0.0
42,17,0.0
42,16,0.0
49,119,0.0
49,20,0.0
49,399,0.0
49,476,0.0
49,264,0.0
49,200,0.0
49,189,0.0
49,362,0.0
49,17,0.0
49,16,0.0
51,119,0.0
51,20,0.0
51,399,0.0
51,476,0.0
51,264,0.0
51,200,0.0
51,189,0.0
51,362,0.0
51,17,0.0
51,16,0.0
15,20,0.0
15,399,0.0
15,476,0.0
15,264,0.0
15,200,0.0
15,189,0.0
15,362,0.0
15,17,0.0
15,16,0.0
15,310,0.0
688,119,0.0
688,20,0.0
688,399,0.0
688,476,0.0
688,264,0.0
688,200,0.0
688,189,0.0
688,362,0.0
688,17,0.0
688,16,0.0
678,20,0.0
678,399,0.0
678,476,0.0
678,264,0.0
678,200,0.0
678,189,0.0
678,362,0.0
678,17,0.0
678,16,0.0
678,310,0.0
739,119,0.0
739,20,0.0
739,399,0.0
739,476,0.0
739,264,0.0
739,200,0.0
739,362,0.0
739,17,0.0
739,16,0.0
739,310,0.0
679,22,3.0
679,352,3.0
679,310,3.0
679,362,2.0
679,287,1.9999999999999998
679,134,1.0000000000000002
679,190,1.0
679,59,1.0
679,416,1.0
679,77,1.0
687,119,0.0
687,20,0.0
687,399,0.0
687,476,0.0
687,264,0.0
687,200,0.0
687,189,0.0
687,362,0.0
687,17,0.0
687,310,0.0
729,399,9.692874256764428
729,189,9.46038293688092
729,59,2.8267989891463063
729,362,2.022271797392115
729,287,2.0174154266369193
729,16,1.9319747504929587
729,476,0.9259259259259259
729,17,0.9259259259259259
729,190,0.7434468335251451
729,78,0.316203572339568
685,119,0.0
685,20,0.0
685,399,0.0
685,476,0.0
685,264,0.0
685,189,0.0
685,362,0.0
685,17,0.0
685,16,0.0
685,310,0.0
726,119,0.0
726,20,0.0
726,399,0.0
726,476,0.0
726,264,0.0
726,200,0.0
726,189,0.0
726,362,0.0
726,17,0.0
726,16,0.0
750,264,17.602374761637194
750,79,11.238375846676744
750,22,3.230963209307773
750,352,2.2114416529712284
750,416,1.737608632466396
750,255,0.6818221409072416
750,824,0.6534640392130712
750,190,0.5988924685641934
750,284,0.46932237825305656
750,134,0.3612880466523136
691,200,2.4798720511772547
691,362,2.4798720511772547
691,310,2.4798720511772547
691,79,1.9999999999999998
691,416,1.9999999999999998
691,78,1.4798720511772552
691,189,1.479872051177255
691,20,1.479872051177255
691,264,1.0
691,284,1.0
712,20,0.0
712,399,0.0
712,476,0.0
712,264,0.0
712,200,0.0
712,189,0.0
712,362,0.0
712,17,0.0
712,16,0.0
712,310,0.0
701,119,0.0
701,20,0.0
701,399,0.0
701,476,0.0
701,264,0.0
701,200,0.0
701,189,0.0
701,362,0.0
701,17,0.0
701,310,0.0
690,119,0.0
690,20,0.0
690,399,0.0
690,476,0.0
690,200,0.0
690,189,0.0
690,362,0.0
690,17,0.0
690,16,0.0
690,310,0.0
677,119,0.0
677,20,0.0
677,399,0.0
677,476,0.0
677,264,0.0
677,200,0.0
677,189,0.0
677,362,0.0
677,17,0.0
677,16,0.0
727,94,10.743873703719194
727,399,9.808026257755579
727,79,8.397090197865651
727,264,7.081426218286717
727,255,4.018274190181157
727,362,2.860323495373443
727,59,1.7842783762696826
727,16,1.6830254940917089
727,416,1.5505156290244602
727,78,1.4748834283436698
699,119,0.0
699,20,0.0
699,399,0.0
699,476,0.0
699,200,0.0
699,189,0.0
699,362,0.0
699,17,0.0
699,16,0.0
699,310,0.0
707,264,9.354277966114923
707,79,8.981980506061966
707,399,8.693432011412783
707,255,6.628195723978374
707,352,6.0
707,362,5.937503065394327
707,94,4.3093073414159555
707,310,4.2378787699873826
707,119,4.110206912133377
707,189,4.008931636822901
737,119,0.0
737,20,0.0
737,399,0.0
737,476,0.0
737,264,0.0
737,200,0.0
737,189,0.0
737,362,0.0
737,17,0.0
737,16,0.0
724,399,0.0
724,476,0.0
724,264,0.0
724,200,0.0
724,189,0.0
724,362,0.0
724,17,0.0
724,16,0.0
724,310,0.0
724,59,0.0
705,399,10.680371841661916
705,16,5.133503512092997
705,362,4.724186322612583
705,119,4.4770545948737475
705,352,4.302344498663844
705,287,4.22337122688901
705,255,3.322659844051831
705,89,2.255928946018454
705,134,2.042333151508914
705,189,1.8673409704661255
680,119,0.0
680,20,0.0
680,399,0.0
680,476,0.0
680,200,0.0
680,189,0.0
680,362,0.0
680,17,0.0
680,16,0.0
680,310,0.0
722,119,0.0
722,20,0.0
722,399,0.0
722,476,0.0
722,264,0.0
722,200,0.0
722,189,0.0
722,362,0.0
722,17,0.0
722,16,0.0
741,20,16.13545108216127
741,189,9.153691896584256
741,200,8.812771108934777
741,287,7.1556710670448
741,362,6.306033787278684
741,310,5.502702027041827
741,79,4.67938812749727
741,78,2.8110177634953866
741,255,2.4896853285978233
741,16,2.1961543991812666
719,20,0.0
719,399,0.0
719,476,0.0
719,264,0.0
719,200,0.0
719,189,0.0
719,362,0.0
719,17,0.0
719,16,0.0
719,310,0.0
752,20,0.0
752,399,0.0
752,476,0.0
752,264,0.0
752,200,0.0
752,189,0.0
752,362,0.0
752,17,0.0
752,16,0.0
752,310,0.0
714,20,18.90814910976265
714,399,15.554242968376926
714,119,13.901601807229312
714,255,11.68563488404841
714,79,11.472700217512475
714,189,11.275044919234572
714,362,9.889195651022153
714,287,8.922971450707943
714,310,8.613220124006013
714,352,6.4959100033104775
742,94,11.502464442228993
742,79,11.075275191116827
742,287,5.811614459850491
742,22,5.54992869268724
742,310,4.397390973577214
742,352,2.899991685909447
742,78,1.573057861999522
742,190,0.9039489015607161
742,89,0.7840897895782291
742,416,0.7828863742114239
730,119,0.0
730,20,0.0
730,399,0.0
730,476,0.0
730,264,0.0
730,200,0.0
730,189,0.0
730,362,0.0
730,17,0.0
730,16,0.0
713,200,6.479342370712069
713,399,4.479342370712069
713,94,3.589438828478051
713,310,3.3453677744965065
713,287,2.5960395606792686
713,119,1.7300141568948302
713,189,1.7234134246936126
713,78,1.5894388284780523
713,264,1.127373864014344
713,284,0.9933992677987827
720,264,15.040916519259412
720,399,13.239625734117851
720,255,10.18105414443434
720,352,9.303098878032428
720,119,9.128222911203949
720,94,6.405035152013088
720,287,6.328016758609136
720,189,5.539152937202072
720,16,4.9359506532141895
720,362,4.2639674118233275
693,119,0.0
693,20,0.0
693,399,0.0
693,476,0.0
693,264,0.0
693,200,0.0
693,189,0.0
693,362,0.0
693,17,0.0
693,16,0.0
695,399,17.104074978137717
695,20,13.425745631011758
695,94,8.19583630990395
695,200,6.398829594815641
695,189,6.189235577702732
695,362,4.386280509155764
695,16,2.802955068546966
695,79,2.6118584905525903
695,59,1.6059101370939326
695,78,1.3150699206728238
694,119,0.0
694,399,0.0
694,476,0.0
694,264,0.0
694,200,0.0
694,189,0.0
694,362,0.0
694,17,0.0
694,16,0.0
694,310,0.0
748,119,0.0
748,20,0.0
748,399,0.0
748,476,0.0
748,264,0.0
748,200,0.0
748,189,0.0
748,362,0.0
748,17,0.0
748,16,0.0
721,119,0.0
721,20,0.0
721,399,0.0
721,476,0.0
721,264,0.0
721,200,0.0
721,189,0.0
721,362,0.0
721,17,0.0
721,16,0.0
766,255,0.9999999999999998
766,399,0.9999999999999998
766,20,0.9999999999999998
766,287,0.9999999999999998
766,352,0.9999999999999998
766,284,0.0
766,310,0.0
766,22,0.0
766,119,0.0
766,78,0.0
689,119,0.0
689,20,0.0
689,399,0.0
689,476,0.0
689,200,0.0
689,189,0.0
689,362,0.0
689,17,0.0
689,16,0.0
689,310,0.0
684,119,0.0
684,20,0.0
684,399,0.0
684,476,0.0
684,264,0.0
684,200,0.0
684,189,0.0
684,362,0.0
684,17,0.0
684,16,0.0
692,119,0.0
692,20,0.0
692,399,0.0
692,476,0.0
692,264,0.0
692,200,0.0
692,189,0.0
692,362,0.0
692,17,0.0
692,16,0.0
676,119,0.0
676,20,0.0
676,399,0.0
676,476,0.0
676,200,0.0
676,189,0.0
676,362,0.0
676,17,0.0
676,16,0.0
676,310,0.0
754,119,0.0
754,20,0.0
754,399,0.0
754,476,0.0
754,264,0.0
754,200,0.0
754,189,0.0
754,17,0.0
754,16,0.0
754,310,0.0
716,119,0.0
716,20,0.0
716,399,0.0
716,476,0.0
716,264,0.0
716,200,0.0
716,189,0.0
716,362,0.0
716,17,0.0
716,16,0.0
732,119,0.0
732,20,0.0
732,399,0.0
732,476,0.0
732,264,0.0
732,189,0.0
732,362,0.0
732,17,0.0
732,16,0.0
732,310,0.0
743,200,6.0
743,94,5.0
743,119,4.0
743,189,4.0
743,79,3.0
743,399,3.0
743,59,2.0
743,416,2.0
743,89,2.0
743,362,1.9999999999999998
718,200,13.0
718,399,12.0
718,255,10.0
718,20,8.999999999999998
718,119,8.0
718,352,6.999999999999999
718,189,6.999999999999999
718,94,6.0
718,310,5.999999999999999
718,287,5.999999999999999
725,20,0.0
725,399,0.0
725,476,0.0
725,264,0.0
725,200,0.0
725,189,0.0
725,362,0.0
725,17,0.0
725,16,0.0
725,310,0.0
749,119,0.0
749,20,0.0
749,399,0.0
749,476,0.0
749,264,0.0
749,200,0.0
749,189,0.0
749,362,0.0
749,17,0.0
749,16,0.0
683,119,0.0
683,20,0.0
683,399,0.0
683,476,0.0
683,264,0.0
683,200,0.0
683,189,0.0
683,362,0.0
683,17,0.0
683,16,0.0
755,119,0.0
755,20,0.0
755,399,0.0
755,476,0.0
755,200,0.0
755,189,0.0
755,362,0.0
755,17,0.0
755,16,0.0
755,310,0.0
682,119,0.0
682,20,0.0
682,399,0.0
682,476,0.0
682,200,0.0
682,189,0.0
682,362,0.0
682,17,0.0
682,16,0.0
682,310,0.0
740,134,1.0
740,89,0.9999999999999998
740,77,0.0
740,352,0.0
740,19,0.0
740,476,0.0
740,125,0.0
740,415,0.0
740,17,0.0
740,400,0.0
733,119,0.0
733,20,0.0
733,399,0.0
733,476,0.0
733,264,0.0
733,200,0.0
733,189,0.0
733,362,0.0
733,17,0.0
733,16,0.0
709,119,0.0
709,20,0.0
709,399,0.0
709,476,0.0
709,264,0.0
709,200,0.0
709,189,0.0
709,362,0.0
709,17,0.0
709,16,0.0
702,119,0.0
702,20,0.0
702,399,0.0
702,476,0.0
702,264,0.0
702,200,0.0
702,189,0.0
702,362,0.0
702,17,0.0
702,16,0.0
708,119,0.0
708,399,0.0
708,476,0.0
708,264,0.0
708,200,0.0
708,189,0.0
708,362,0.0
708,17,0.0
708,16,0.0
708,310,0.0
711,119,0.0
711,399,0.0
711,476,0.0
711,264,0.0
711,200,0.0
711,189,0.0
711,362,0.0
711,17,0.0
711,16,0.0
711,310,0.0
765,119,0.0
765,20,0.0
765,399,0.0
765,476,0.0
765,264,0.0
765,200,0.0
765,189,0.0
765,362,0.0
765,17,0.0
765,16,0.0
723,119,0.0
723,20,0.0
723,399,0.0
723,476,0.0
723,264,0.0
723,200,0.0
723,189,0.0
723,362,0.0
723,17,0.0
723,16,0.0
731,119,0.0
731,20,0.0
731,399,0.0
731,476,0.0
731,264,0.0
731,200,0.0
731,189,0.0
731,17,0.0
731,16,0.0
731,310,0.0
703,416,0.6963733588242522
703,284,0.5975900072948536
703,190,0.47809144373375745
703,19,0.0
703,125,0.0
703,415,0.0
703,400,0.0
703,17,-0.18898223650461365
703,476,-0.18898223650461365
703,824,-0.2817180849095055
763,119,0.0
763,399,0.0
763,476,0.0
763,264,0.0
763,200,0.0
763,189,0.0
763,362,0.0
763,17,0.0
763,16,0.0
763,310,0.0
762,119,0.0
762,20,0.0
762,399,0.0
762,476,0.0
762,264,0.0
762,200,0.0
762,189,0.0
762,362,0.0
762,17,0.0
762,16,0.0
761,119,0.0
761,20,0.0
761,399,0.0
761,476,0.0
761,264,0.0
761,200,0.0
761,189,0.0
761,362,0.0
761,17,0.0
761,16,0.0
199,255,9.77727610721972
199,94,8.338954166316578
199,16,5.249800902611161
199,22,4.918304284889833
199,89,2.9841423334615436
199,134,2.031663472929792
199,416,0.8920848577975338
199,190,0.702871938850929
199,59,0.5168263601195612
199,415,0.464139560816457
206,20,0.0
206,399,0.0
206,476,0.0
206,264,0.0
206,200,0.0
206,189,0.0
206,362,0.0
206,17,0.0
206,16,0.0
206,310,0.0
103,119,0.0
103,20,0.0
103,476,0.0
103,264,0.0
103,200,0.0
103,189,0.0
103,362,0.0
103,17,0.0
103,16,0.0
103,310,0.0
286,399,12.810936586307506
286,255,12.781661929701658
286,119,9.226573112224726
286,20,8.5
286,287,8.44491118252307
286,310,8.36602540378444
286,352,7.83675074717859
286,189,7.5
286,94,7.366025403784439
286,22,7.310936586307507
145,119,0.0
145,20,0.0
145,476,0.0
145,264,0.0
145,200,0.0
145,189,0.0
145,362,0.0
145,17,0.0
145,16,0.0
145,310,0.0
345,119,0.0
345,20,0.0
345,399,0.0
345,476,0.0
345,264,0.0
345,200,0.0
345,189,0.0
345,362,0.0
345,17,0.0
345,16,0.0
282,119,0.0
282,20,0.0
282,399,0.0
282,476,0.0
282,264,0.0
282,200,0.0
282,189,0.0
282,362,0.0
282,17,0.0
282,16,0.0
143,119,0.0
143,399,0.0
143,476,0.0
143,264,0.0
143,200,0.0
143,189,0.0
143,362,0.0
143,17,0.0
143,16,0.0
143,310,0.0
160,119,0.0
160,399,0.0
160,476,0.0
160,264,0.0
160,200,0.0
160,189,0.0
160,362,0.0
160,17,0.0
160,16,0.0
160,310,0.0
381,119,0.0
381,399,0.0
381,476,0.0
381,264,0.0
381,200,0.0
381,189,0.0
381,362,0.0
381,17,0.0
381,16,0.0
381,310,0.0
335,399,8.894869991890443
335,94,6.101584764268093
335,287,5.873367075612739
335,16,5.804134114453155
335,362,2.6987087792666546
335,189,1.8802270364786295
335,284,1.6372654347698028
335,416,1.4467336877253183
335,134,1.287415000692361
335,415,0.6926789743934109
398,119,0.0
398,20,0.0
398,399,0.0
398,476,0.0
398,264,0.0
398,200,0.0
398,189,0.0
398,362,0.0
398,17,0.0
398,16,0.0
375,119,6.999999999999998
375,399,5.999999999999998
375,20,3.999999999999999
375,79,2.999999999999999
375,200,2.999999999999999
375,416,1.9999999999999996
375,94,1.9999999999999991
375,77,1.0
375,78,0.9999999999999998
375,16,0.9999999999999998
91,20,8.589483697729795
91,200,8.081426835896844
91,352,6.65859259865963
91,310,6.595522263422158
91,287,5.867374766391216
91,22,5.839593317403703
91,189,5.55908420699627
91,119,4.926933547605918
91,362,4.284504499926771
91,16,2.9954051582768413
172,119,0.0
172,20,0.0
172,399,0.0
172,476,0.0
172,264,0.0
172,200,0.0
172,189,0.0
172,362,0.0
172,17,0.0
172,16,0.0
144,20,8.0
144,119,6.0
144,287,5.0
144,189,4.0
144,310,4.0
144,362,4.0
144,78,3.0000000000000004
144,94,2.000000000000001
144,16,2.0
144,284,2.0
405,119,0.0
405,20,0.0
405,399,0.0
405,476,0.0
405,264,0.0
405,200,0.0
405,189,0.0
405,362,0.0
405,17,0.0
405,16,0.0
133,119,0.0
133,20,0.0
133,399,0.0
133,476,0.0
133,200,0.0
133,189,0.0
133,362,0.0
133,17,0.0
133,16,0.0
133,310,0.0
329,59,0.0
329,310,0.0
329,476,0.0
329,264,0.0
329,200,0.0
329,189,0.0
329,362,0.0
329,17,0.0
329,16,0.0
329,94,0.0
185,119,0.0
185,20,0.0
185,399,0.0
185,476,0.0
185,264,0.0
185,200,0.0
185,189,0.0
185,362,0.0
185,17,0.0
185,16,0.0
283,400,0.9999999999999998
283,362,0.3920579650478954
283,416,0.3920579650478954
283,59,0.2773500981126145
283,824,0.2773500981126145
283,190,0.1147078669352809
283,17,0.0
283,16,0.0
283,476,0.0
283,284,0.0
355,20,13.585426245459157
355,399,13.101672829657094
355,22,12.19047911172079
355,287,9.880220232569384
355,310,8.83067017174225
355,94,8.734205040544792
355,189,8.040347546224561
355,78,6.106189428318445
355,16,5.520786900881264
355,362,5.274336751612549
157,119,0.0
157,20,0.0
157,399,0.0
157,476,0.0
157,264,0.0
157,200,0.0
157,189,0.0
157,362,0.0
157,17,0.0
157,16,0.0
347,264,8.440058467673715
347,255,6.659667908991645
347,79,6.497509076989154
347,399,6.195987413692162
347,352,5.142857142857144
347,362,3.7119006646642463
347,134,3.2142857142857144
347,22,2.197945960334075
347,119,2.18869600553902
347,416,2.096678109333675
115,119,0.0
115,20,0.0
115,399,0.0
115,476,0.0
115,264,0.0
115,200,0.0
115,189,0.0
115,362,0.0
115,17,0.0
115,16,0.0
385,119,0.0
385,20,0.0
385,399,0.0
385,476,0.0
385,264,0.0
385,200,0.0
385,189,0.0
385,362,0.0
385,17,0.0
385,16,0.0
291,189,7.0
291,94,5.0
291,16,4.0
291,399,4.0
291,287,4.0
291,310,2.0
291,200,2.0
291,362,2.0
291,22,2.0
291,264,2.0
89,264,13.0
89,200,10.0
89,20,7.0
89,399,6.000000000000001
89,94,6.0
89,255,5.000000000000001
89,189,4.0
89,287,3.0
89,16,2.0000000000000004
89,352,2.0000000000000004
288,119,0.0
288,399,0.0
288,476,0.0
288,264,0.0
288,200,0.0
288,189,0.0
288,362,0.0
288,17,0.0
288,16,0.0
288,310,0.0
148,476,0.9999999999999998
148,17,0.9999999999999998
148,77,0.0
148,19,0.0
148,89,0.0
148,824,0.0
148,125,0.0
148,400,0.0
148,59,-2.220446049250313E-16
148,190,-0.9999999999999998
182,200,9.396746598700787
182,119,9.095361097110773
182,264,8.550479277836516
182,189,7.69947108081381
182,94,5.709429361562075
182,22,5.098074791403131
182,310,3.22249601643105
182,59,2.841347206990077
182,416,2.209952292808831
182,16,2.0938411363890443
237,17,0.9999999999999998
237,476,0.9999999999999998
237,125,0.0
237,19,0.0
237,400,0.0
237,415,-0.9999999999999998
237,77,-0.9999999999999998
237,824,-0.9999999999999998
237,134,-0.9999999999999998
237,59,-1.0
153,119,0.0
153,399,0.0
153,476,0.0
153,264,0.0
153,200,0.0
153,189,0.0
153,362,0.0
153,17,0.0
153,16,0.0
153,310,0.0
359,119,0.0
359,399,0.0
359,476,0.0
359,264,0.0
359,200,0.0
359,189,0.0
359,362,0.0
359,17,0.0
359,16,0.0
359,310,0.0
255,119,0.0
255,20,0.0
255,399,0.0
255,476,0.0
255,264,0.0
255,200,0.0
255,189,0.0
255,362,0.0
255,17,0.0
255,16,0.0
147,119,0.0
147,20,0.0
147,476,0.0
147,264,0.0
147,200,0.0
147,189,0.0
147,362,0.0
147,17,0.0
147,16,0.0
147,310,0.0
198,255,4.214796397375696
198,89,2.3660254037844384
198,134,1.9707253433941507
198,362,1.442558379498639
198,415,0.9999999999999998
198,400,0.9999999999999998
198,264,0.6468231723394005
198,284,0.5000000000000001
198,78,0.4211142212613703
198,310,0.41328372289279125
131,119,0.0
131,20,0.0
131,399,0.0
131,476,0.0
131,264,0.0
131,200,0.0
131,189,0.0
131,362,0.0
131,17,0.0
131,16,0.0
280,119,0.0
280,20,0.0
280,476,0.0
280,264,0.0
280,200,0.0
280,189,0.0
280,362,0.0
280,17,0.0
280,16,0.0
280,310,0.0
219,119,0.0
219,399,0.0
219,476,0.0
219,264,0.0
219,200,0.0
219,189,0.0
219,362,0.0
219,17,0.0
219,16,0.0
219,310,0.0
92,119,8.583712332303042
92,200,6.533356012671218
92,79,6.155390521162747
92,362,5.208788507483568
92,255,3.3185942323311552
92,78,3.2028271953680356
92,189,2.634736689573968
92,416,2.5222329678670934
92,310,2.25604954547741
92,284,1.8703882797784894
391,20,0.0
391,399,0.0
391,476,0.0
391,264,0.0
391,200,0.0
391,189,0.0
391,362,0.0
391,17,0.0
391,16,0.0
391,310,0.0
366,20,14.941130466308863
366,119,13.22581180059862
366,200,12.254731008133923
366,189,9.50765774983021
366,310,8.389689962928923
366,255,7.328327650846156
366,94,7.13817284245097
366,352,6.81832668705553
366,362,6.578672199433539
366,78,5.968949012436446
119,125,0.0
119,19,0.0
119,89,0.0
119,415,0.0
119,17,0.0
119,476,0.0
119,400,0.0
119,824,-0.9999999999999998
119,77,-0.9999999999999998
119,134,-0.9999999999999998
93,119,0.0
93,20,0.0
93,476,0.0
93,264,0.0
93,200,0.0
93,189,0.0
93,362,0.0
93,17,0.0
93,16,0.0
93,310,0.0
247,119,0.0
247,399,0.0
247,476,0.0
247,264,0.0
247,200,0.0
247,189,0.0
247,362,0.0
247,17,0.0
247,16,0.0
247,310,0.0
221,119,0.0
221,20,0.0
221,399,0.0
221,476,0.0
221,264,0.0
221,200,0.0
221,189,0.0
221,362,0.0
221,17,0.0
221,16,0.0
408,476,1.0
408,17,1.0
408,125,0.0
408,19,0.0
408,400,0.0
408,59,-0.08325578137244305
408,77,-0.7559289460184544
408,824,-0.7559289460184544
408,190,-0.9999999999999998
408,415,-1.0
350,119,0.0
350,20,0.0
350,399,0.0
350,476,0.0
350,264,0.0
350,200,0.0
350,189,0.0
350,362,0.0
350,17,0.0
350,16,0.0
406,119,0.0
406,20,0.0
406,399,0.0
406,476,0.0
406,264,0.0
406,200,0.0
406,189,0.0
406,362,0.0
406,17,0.0
406,16,0.0
121,119,0.0
121,476,0.0
121,264,0.0
121,200,0.0
121,189,0.0
121,362,0.0
121,17,0.0
121,16,0.0
121,310,0.0
121,59,0.0
212,20,8.921033044073491
212,264,5.921033044073489
212,200,5.055007640289051
212,255,4.732050807568876
212,287,4.421033044073489
212,399,3.42103304407349
212,22,1.7320508075688772
212,78,1.6889822365046137
212,89,1.5
212,189,1.4210330440734906
80,119,0.0
80,399,0.0
80,476,0.0
80,264,0.0
80,200,0.0
80,189,0.0
80,362,0.0
80,17,0.0
80,16,0.0
80,310,0.0
140,119,0.0
140,20,0.0
140,399,0.0
140,476,0.0
140,264,0.0
140,200,0.0
140,189,0.0
140,362,0.0
140,17,0.0
140,16,0.0
230,119,0.0
230,20,0.0
230,399,0.0
230,476,0.0
230,264,0.0
230,200,0.0
230,189,0.0
230,362,0.0
230,17,0.0
230,16,0.0
110,119,0.0
110,20,0.0
110,399,0.0
110,476,0.0
110,264,0.0
110,200,0.0
110,189,0.0
110,362,0.0
110,17,0.0
110,16,0.0
114,78,1.0
114,125,0.0
114,89,0.0
114,824,0.0
114,59,0.0
114,284,0.0
114,476,0.0
114,17,0.0
114,16,0.0
114,19,0.0
111,119,0.0
111,20,0.0
111,476,0.0
111,264,0.0
111,200,0.0
111,189,0.0
111,362,0.0
111,17,0.0
111,16,0.0
111,310,0.0
86,119,0.0
86,399,0.0
86,476,0.0
86,264,0.0
86,200,0.0
86,189,0.0
86,362,0.0
86,17,0.0
86,16,0.0
86,59,0.0
203,362,2.8004738709463197
203,16,2.40768944014814
203,59,1.4376373491761145
203,284,1.2999526707508324
203,79,1.0035405604161447
203,134,0.7951142067777637
203,416,0.6729132695481002
203,287,0.5814005141970786
203,415,0.43355498476206006
203,190,0.4221084385646921
152,20,9.246058437905415
152,189,6.708776129803132
152,264,6.369529293632722
152,287,4.9346607480337425
152,255,4.66959647267947
152,22,3.9694773743238017
152,399,3.9481334305405653
152,78,3.4756583222945236
152,352,3.1705346515200916
152,16,3.115139550072004
211,119,0.0
211,20,0.0
211,399,0.0
211,476,0.0
211,264,0.0
211,200,0.0
211,189,0.0
211,362,0.0
211,17,0.0
211,16,0.0
253,119,0.0
253,20,0.0
253,476,0.0
253,264,0.0
253,200,0.0
253,189,0.0
253,362,0.0
253,17,0.0
253,16,0.0
253,310,0.0
141,119,0.0
141,20,0.0
141,476,0.0
141,264,0.0
141,200,0.0
141,189,0.0
141,362,0.0
141,17,0.0
141,16,0.0
141,310,0.0
300,119,0.0
300,20,0.0
300,399,0.0
300,476,0.0
300,264,0.0
300,200,0.0
300,189,0.0
300,362,0.0
300,17,0.0
300,16,0.0
409,416,1.9999999999999998
409,362,1.0
409,59,1.0
409,824,1.0
409,190,0.9999999999999998
409,94,4.440892098500626E-16
409,287,2.220446049250313E-16
409,189,2.220446049250313E-16
409,17,0.0
409,284,0.0
407,119,0.0
407,20,0.0
407,399,0.0
407,476,0.0
407,264,0.0
407,200,0.0
407,189,0.0
407,362,0.0
407,17,0.0
407,16,0.0
372,119,0.0
372,20,0.0
372,399,0.0
372,476,0.0
372,264,0.0
372,200,0.0
372,189,0.0
372,362,0.0
372,17,0.0
372,16,0.0
174,264,7.0
174,255,6.0
174,200,6.0
174,287,6.0
174,310,6.0
174,189,5.0
174,362,4.0
174,20,4.0
174,119,4.0
174,352,4.0
336,119,0.0
336,20,0.0
336,399,0.0
336,476,0.0
336,264,0.0
336,200,0.0
336,189,0.0
336,362,0.0
336,17,0.0
336,16,0.0
387,200,9.0
387,399,8.0
387,119,6.0
387,79,6.0
387,189,3.0
387,255,3.0
387,362,2.999999999999999
387,284,1.9999999999999998
387,416,1.9999999999999998
387,89,1.9999999999999998
175,119,0.0
175,20,0.0
175,399,0.0
175,476,0.0
175,264,0.0
175,200,0.0
175,189,0.0
175,362,0.0
175,17,0.0
175,16,0.0
88,119,0.0
88,20,0.0
88,399,0.0
88,476,0.0
88,264,0.0
88,189,0.0
88,362,0.0
88,17,0.0
88,16,0.0
88,310,0.0
107,119,0.0
107,20,0.0
107,399,0.0
107,476,0.0
107,264,0.0
107,200,0.0
107,189,0.0
107,362,0.0
107,17,0.0
107,16,0.0
281,264,12.0
281,200,10.0
281,399,8.0
281,352,7.0
281,189,6.0
281,119,6.0
281,255,5.0
281,94,4.999999999999999
281,78,4.0
281,362,4.0
97,264,17.89172989582419
97,119,12.163393090938982
97,20,11.212686192301302
97,22,7.856795098437964
97,255,7.658092066658882
97,352,7.1471116141767626
97,78,3.6426403938807748
97,89,2.4053852937550326
97,59,1.4912952661140702
97,134,1.2482226033007646
179,22,7.435746890615553
179,189,5.443069896229533
179,362,3.98716379940715
179,399,3.6213910724703453
179,287,2.892224192795517
179,16,2.825472719298152
179,310,2.7469715686995215
179,59,2.6933752452815365
179,200,2.6328535513624924
179,119,2.5149128159665146
404,119,0.0
404,20,0.0
404,476,0.0
404,264,0.0
404,200,0.0
404,189,0.0
404,362,0.0
404,17,0.0
404,16,0.0
404,310,0.0
267,119,0.0
267,20,0.0
267,399,0.0
267,476,0.0
267,200,0.0
267,189,0.0
267,362,0.0
267,17,0.0
267,16,0.0
267,310,0.0
270,119,0.0
270,20,0.0
270,399,0.0
270,476,0.0
270,264,0.0
270,200,0.0
270,189,0.0
270,362,0.0
270,17,0.0
270,16,0.0
229,22,2.999999999999999
229,352,2.999999999999999
229,310,2.999999999999999
229,362,1.9999999999999998
229,287,1.9999999999999991
229,79,1.0
229,134,1.0
229,59,0.9999999999999998
229,416,0.9999999999999998
229,190,0.9999999999999998
252,119,0.0
252,476,0.0
252,264,0.0
252,200,0.0
252,189,0.0
252,362,0.0
252,17,0.0
252,16,0.0
252,310,0.0
252,59,0.0
163,119,0.0
163,20,0.0
163,399,0.0
163,476,0.0
163,264,0.0
163,200,0.0
163,189,0.0
163,362,0.0
163,17,0.0
163,16,0.0
321,119,0.0
321,399,0.0
321,476,0.0
321,264,0.0
321,200,0.0
321,189,0.0
321,362,0.0
321,17,0.0
321,16,0.0
321,310,0.0
210,119,0.0
210,20,0.0
210,399,0.0
210,476,0.0
210,264,0.0
210,200,0.0
210,189,0.0
210,362,0.0
210,17,0.0
210,16,0.0
176,119,0.0
176,20,0.0
176,399,0.0
176,476,0.0
176,264,0.0
176,200,0.0
176,189,0.0
176,362,0.0
176,17,0.0
176,16,0.0
194,119,0.0
194,20,0.0
194,399,0.0
194,476,0.0
194,200,0.0
194,189,0.0
194,362,0.0
194,17,0.0
194,16,0.0
194,310,0.0
171,119,0.0
171,20,0.0
171,399,0.0
171,476,0.0
171,200,0.0
171,189,0.0
171,362,0.0
171,17,0.0
171,16,0.0
171,310,0.0
166,119,0.0
166,20,0.0
166,399,0.0
166,476,0.0
166,264,0.0
166,200,0.0
166,189,0.0
166,362,0.0
166,17,0.0
166,16,0.0
277,20,3.999999999999999
277,22,3.999999999999999
277,352,3.999999999999999
277,362,2.9999999999999996
277,310,2.999999999999999
277,264,2.999999999999999
277,200,2.999999999999999
277,79,2.999999999999999
277,119,1.9999999999999996
277,399,1.9999999999999991
218,119,0.0
218,20,0.0
218,399,0.0
218,476,0.0
218,264,0.0
218,200,0.0
218,189,0.0
218,362,0.0
218,17,0.0
218,16,0.0
402,255,2.5
402,22,2.5
402,264,2.5
402,287,2.0
402,399,1.9999999999999996
402,310,1.5000000000000004
402,20,1.5
402,78,1.5
402,352,1.5
402,189,1.0000000000000002
360,255,5.366025403784438
360,200,3.8940035450856243
360,362,3.7838259101317586
360,134,2.4999999999999996
360,22,2.1339745962155603
360,94,1.9178005063473218
360,287,1.5889427837617625
360,78,1.3660254037844384
360,264,1.199120418715628
360,16,1.1339745962155612
365,264,14.320053274569279
365,200,10.467250409146839
365,94,8.250162572541955
365,399,5.750162572541955
365,189,5.750162572541955
365,20,5.683419097799337
365,352,3.5879101959653603
365,310,2.9332565252573826
365,22,2.9152370313193483
365,287,2.8347833714844075
362,119,0.0
362,20,0.0
362,399,0.0
362,476,0.0
362,264,0.0
362,200,0.0
362,189,0.0
362,362,0.0
362,17,0.0
362,16,0.0
363,119,0.0
363,20,0.0
363,399,0.0
363,476,0.0
363,264,0.0
363,200,0.0
363,189,0.0
363,362,0.0
363,17,0.0
363,16,0.0
196,20,0.0
196,399,0.0
196,476,0.0
196,264,0.0
196,200,0.0
196,189,0.0
196,362,0.0
196,17,0.0
196,16,0.0
196,310,0.0
388,20,0.0
388,399,0.0
388,476,0.0
388,264,0.0
388,200,0.0
388,189,0.0
388,362,0.0
388,17,0.0
388,16,0.0
388,310,0.0
390,189,7.364339389965657
390,399,5.897114815696602
390,94,2.1778752561185106
390,362,1.7181663576805641
390,16,1.4193036598040278
390,59,1.3047062899143052
390,476,0.8660254037844385
390,17,0.8660254037844385
390,190,0.5714285714285712
390,287,0.34944106999142566
223,20,0.0
223,399,0.0
223,476,0.0
223,264,0.0
223,200,0.0
223,189,0.0
223,362,0.0
223,17,0.0
223,16,0.0
223,310,0.0
301,119,0.0
301,20,0.0
301,399,0.0
301,476,0.0
301,264,0.0
301,200,0.0
301,189,0.0
301,362,0.0
301,17,0.0
301,16,0.0
73,119,0.0
73,20,0.0
73,476,0.0
73,264,0.0
73,200,0.0
73,189,0.0
73,362,0.0
73,17,0.0
73,16,0.0
73,310,0.0
315,17,0.42640143271122094
315,476,0.42640143271122094
315,125,0.0
315,19,0.0
315,400,0.0
315,415,-0.18641092980035998
315,77,-0.21926450482675733
315,59,-0.6535884584177317
315,89,-0.748467801141339
315,22,-0.8584501421312694
306,399,2.0
306,79,2.0
306,20,2.0
306,264,2.0
306,352,2.0
306,284,1.0
306,255,1.0
306,310,1.0
306,119,1.0
306,94,1.0
312,264,8.725185804002479
312,20,6.247813140138382
312,119,5.800807248349474
312,200,4.744713986119933
312,189,1.9167768643115484
312,310,1.460219949365123
312,89,1.2410001960911203
312,59,1.08851549842599
312,17,1.0
312,476,1.0
309,79,4.55904718091006
309,200,3.5114499934299737
309,255,3.386374016264047
309,352,2.6356038411071143
309,77,1.0
309,824,0.9999999999999998
309,22,0.9629306764611023
309,190,0.9449111825230679
309,416,0.9449111825230676
309,119,0.7328334585239018
279,399,17.904770050805144
279,119,11.206289538319666
279,287,9.543800084863573
279,310,8.059472241490376
279,94,6.8926217370204945
279,189,5.932106521487295
279,16,5.453893526376474
279,362,5.030908406474096
279,89,4.3692372534356645
279,22,3.53453085273837
358,200,2.9999999999999996
358,22,2.9999999999999996
358,264,2.9999999999999996
358,255,2.9999999999999996
358,287,1.9999999999999998
358,310,1.9999999999999998
358,20,1.9999999999999996
358,78,1.9999999999999996
358,399,1.9999999999999996
358,352,1.9999999999999996
233,119,0.0
233,20,0.0
233,399,0.0
233,476,0.0
233,200,0.0
233,189,0.0
233,362,0.0
233,17,0.0
233,16,0.0
233,310,0.0
348,119,0.0
348,20,0.0
348,399,0.0
348,476,0.0
348,200,0.0
348,189,0.0
348,362,0.0
348,17,0.0
348,16,0.0
348,310,0.0
227,119,0.0
227,20,0.0
227,399,0.0
227,476,0.0
227,264,0.0
227,200,0.0
227,189,0.0
227,362,0.0
227,17,0.0
227,16,0.0
273,264,16.0
273,399,13.0
273,20,11.0
273,189,9.0
273,362,8.0
273,119,8.0
273,310,6.0
273,287,5.0
273,79,5.0
273,255,5.0
162,119,0.0
162,399,0.0
162,476,0.0
162,264,0.0
162,200,0.0
162,189,0.0
162,362,0.0
162,17,0.0
162,16,0.0
162,310,0.0
106,255,2.6768113976518757
106,22,1.176811397651875
106,415,0.9999999999999998
106,134,0.9878291611472618
106,352,0.6768113976518756
106,399,0.2651792592598765
106,78,0.18898223650461343
106,284,1.1102230246251565E-16
106,125,0.0
106,19,0.0
169,119,0.0
169,20,0.0
169,476,0.0
169,264,0.0
169,200,0.0
169,189,0.0
169,362,0.0
169,17,0.0
169,16,0.0
169,310,0.0
302,20,0.0
302,399,0.0
302,476,0.0
302,264,0.0
302,200,0.0
302,189,0.0
302,362,0.0
302,17,0.0
302,16,0.0
302,310,0.0
310,119,0.0
310,20,0.0
310,399,0.0
310,476,0.0
310,264,0.0
310,200,0.0
310,189,0.0
310,362,0.0
310,17,0.0
310,16,0.0
298,119,0.0
298,20,0.0
298,399,0.0
298,476,0.0
298,264,0.0
298,200,0.0
298,189,0.0
298,362,0.0
298,17,0.0
298,16,0.0
274,119,0.0
274,20,0.0
274,399,0.0
274,476,0.0
274,200,0.0
274,189,0.0
274,362,0.0
274,17,0.0
274,16,0.0
274,310,0.0
340,255,7.867333588996466
340,200,7.521987259704442
340,352,6.422070354400073
340,22,4.8545512883384525
340,310,4.46130143156955
340,78,3.327326835353988
340,89,1.9999999999999993
340,94,1.7640080407842866
340,16,1.6546536707079769
340,284,1.3273268353539884
246,89,2.421493534840759
246,415,0.6546536707079771
246,134,0.3213203373746436
246,125,0.0
246,19,0.0
246,400,0.0
246,77,-0.32839478871459266
246,352,-0.4353151389718968
246,476,-0.5000000000000001
246,17,-0.5000000000000001
342,119,0.0
342,399,0.0
342,476,0.0
342,264,0.0
342,200,0.0
342,189,0.0
342,362,0.0
342,17,0.0
342,16,0.0
342,310,0.0
292,89,0.9999999999999998
292,19,0.0
292,415,0.0
292,125,0.0
292,77,0.0
292,400,0.0
292,824,-0.9999999999999998
292,352,-0.9999999999999998
292,190,-0.9999999999999998
292,284,-0.9999999999999998
135,119,0.0
135,399,0.0
135,476,0.0
135,200,0.0
135,189,0.0
135,362,0.0
135,17,0.0
135,16,0.0
135,310,0.0
135,59,0.0
214,189,8.325227474252959
214,94,3.6362452377483416
214,59,2.7613254641747265
214,264,2.1774589635789834
214,310,1.799494490569752
214,16,1.7320508075688779
214,79,1.7320508075688759
214,287,1.6655198943541896
214,77,0.9999999999999998
214,22,0.8660254037844386
192,264,14.607270997349744
192,200,12.72539610410033
192,310,7.446398766250082
192,22,5.287736035651312
192,362,4.867788167599857
192,94,4.297093359631821
192,134,2.7569318893151067
192,119,1.5780803708050692
192,416,1.4676345030667994
192,16,1.371377163762645
278,200,14.485677754171917
278,264,11.817177442433547
278,189,10.02778564261585
278,119,8.871723770204763
278,94,7.907800605834517
278,399,7.17093074148289
278,255,6.744433027763207
278,362,6.045805136553886
278,16,5.981980506061965
278,22,5.273961093542176
319,200,13.0
319,399,12.0
319,255,10.0
319,20,8.999999999999998
319,119,8.0
319,352,6.999999999999999
319,189,6.999999999999999
319,94,6.0
319,310,5.999999999999999
319,287,5.999999999999999
186,119,6.38529213306472
186,20,6.293215169236769
186,287,3.4033116270027532
186,78,2.7559289460184546
186,16,2.255928946018454
186,310,2.159240573021208
186,284,1.7559289460184546
186,189,1.6592405730212079
186,79,1.2739484399564889
186,416,1.2559289460184546
234,119,0.0
234,20,0.0
234,399,0.0
234,476,0.0
234,264,0.0
234,200,0.0
234,189,0.0
234,362,0.0
234,17,0.0
234,16,0.0
330,119,0.0
330,20,0.0
330,399,0.0
330,476,0.0
330,264,0.0
330,200,0.0
330,189,0.0
330,362,0.0
330,17,0.0
330,16,0.0
378,119,0.0
378,20,0.0
378,476,0.0
378,264,0.0
378,200,0.0
378,189,0.0
378,362,0.0
378,17,0.0
378,16,0.0
378,310,0.0
394,20,0.0
394,399,0.0
394,476,0.0
394,264,0.0
394,200,0.0
394,189,0.0
394,362,0.0
394,17,0.0
394,16,0.0
394,310,0.0
295,119,0.0
295,20,0.0
295,399,0.0
295,476,0.0
295,264,0.0
295,200,0.0
295,189,0.0
295,362,0.0
295,17,0.0
295,16,0.0
241,119,0.0
241,20,0.0
241,476,0.0
241,264,0.0
241,200,0.0
241,189,0.0
241,362,0.0
241,17,0.0
241,16,0.0
241,310,0.0
132,59,0.0
132,310,0.0
132,476,0.0
132,264,0.0
132,200,0.0
132,189,0.0
132,362,0.0
132,17,0.0
132,16,0.0
132,94,0.0
222,119,0.0
222,20,0.0
222,399,0.0
222,476,0.0
222,264,0.0
222,200,0.0
222,189,0.0
222,362,0.0
222,17,0.0
222,16,0.0
224,119,0.0
224,20,0.0
224,399,0.0
224,476,0.0
224,264,0.0
224,200,0.0
224,189,0.0
224,362,0.0
224,17,0.0
224,16,0.0
303,119,0.0
303,20,0.0
303,399,0.0
303,476,0.0
303,200,0.0
303,189,0.0
303,362,0.0
303,17,0.0
303,16,0.0
303,310,0.0
217,20,0.0
217,399,0.0
217,476,0.0
217,264,0.0
217,200,0.0
217,189,0.0
217,362,0.0
217,17,0.0
217,16,0.0
217,310,0.0
293,119,0.0
293,20,0.0
293,399,0.0
293,476,0.0
293,264,0.0
293,200,0.0
293,189,0.0
293,362,0.0
293,17,0.0
293,16,0.0
240,255,2.676811397651875
240,22,1.176811397651875
240,415,0.9999999999999998
240,134,0.9878291611472616
240,352,0.6768113976518756
240,399,0.26517925925987607
240,78,0.18898223650461343
240,284,0.0
240,125,0.0
240,19,0.0
158,119,0.0
158,20,0.0
158,399,0.0
158,476,0.0
158,264,0.0
158,200,0.0
158,189,0.0
158,362,0.0
158,17,0.0
158,16,0.0
204,119,0.0
204,399,0.0
204,476,0.0
204,200,0.0
204,189,0.0
204,362,0.0
204,17,0.0
204,16,0.0
204,310,0.0
204,59,0.0
294,20,15.302955068546964
294,200,14.050821319617
294,399,12.802955068546966
294,119,9.105910137093932
294,189,8.794892373598547
294,362,6.605910137093932
294,255,5.991937305051579
294,310,5.794892373598547
294,79,5.794892373598547
294,78,2.999999999999999
367,200,8.395202946795997
367,352,7.370799469838555
367,255,5.723188085041907
367,20,4.558697115840582
367,16,2.5062511765915563
367,189,2.391939870720315
367,59,1.9204138910034076
367,134,1.8432455191596175
367,287,1.6892977487776502
367,119,1.564448036032452
77,134,0.8660254037844388
77,77,0.0
77,125,0.0
77,19,0.0
77,824,0.0
77,476,0.0
77,17,0.0
77,415,0.0
77,400,0.0
77,59,-0.1889822365046136
337,79,9.225046592094339
337,399,9.085175912959848
337,94,8.96660432995421
337,189,6.636018513639163
337,352,5.343207035075708
337,190,1.6773207610784113
337,59,1.2109089587145192
337,416,1.1236767256216125
337,824,0.5799865854994131
337,362,0.3050053553234411
138,119,0.0
138,20,0.0
138,399,0.0
138,476,0.0
138,264,0.0
138,200,0.0
138,189,0.0
138,17,0.0
138,16,0.0
138,310,0.0
226,20,0.0
226,399,0.0
226,476,0.0
226,264,0.0
226,200,0.0
226,189,0.0
226,362,0.0
226,17,0.0
226,16,0.0
226,310,0.0
399,119,0.0
399,399,0.0
399,476,0.0
399,264,0.0
399,189,0.0
399,362,0.0
399,17,0.0
399,16,0.0
399,310,0.0
399,59,0.0
243,20,0.0
243,399,0.0
243,476,0.0
243,264,0.0
243,200,0.0
243,189,0.0
243,362,0.0
243,17,0.0
243,16,0.0
243,310,0.0
124,119,4.0
124,264,2.999999999999999
124,59,1.9999999999999998
124,189,1.9999999999999996
124,94,1.9999999999999996
124,287,1.9999999999999991
124,416,0.9999999999999998
124,190,0.9999999999999998
124,399,0.9999999999999998
124,77,0.9999999999999998
126,119,0.0
126,20,0.0
126,399,0.0
126,476,0.0
126,200,0.0
126,189,0.0
126,362,0.0
126,17,0.0
126,16,0.0
126,310,0.0
276,119,0.0
276,20,0.0
276,399,0.0
276,476,0.0
276,264,0.0
276,200,0.0
276,189,0.0
276,362,0.0
276,17,0.0
276,16,0.0
112,119,0.0
112,20,0.0
112,399,0.0
112,476,0.0
112,264,0.0
112,200,0.0
112,189,0.0
112,17,0.0
112,16,0.0
112,310,0.0
311,119,0.0
311,20,0.0
311,399,0.0
311,476,0.0
311,264,0.0
311,200,0.0
311,189,0.0
311,362,0.0
311,17,0.0
311,16,0.0
244,134,1.0
244,255,1.0
244,89,2.220446049250313E-16
244,824,0.0
244,415,0.0
244,476,0.0
244,190,0.0
244,352,0.0
244,17,0.0
244,125,0.0
72,119,0.0
72,20,0.0
72,476,0.0
72,264,0.0
72,200,0.0
72,189,0.0
72,362,0.0
72,17,0.0
72,16,0.0
72,310,0.0
202,189,6.3597692920886
202,362,5.145372020963169
202,255,3.439617114975542
202,200,2.8378665578090665
202,59,2.784163371682425
202,78,2.690554811734993
202,284,1.5692274273162603
202,16,1.0098765569561166
202,416,0.9171400530999619
202,22,0.82078099277063
122,119,0.0
122,20,0.0
122,476,0.0
122,264,0.0
122,200,0.0
122,189,0.0
122,362,0.0
122,17,0.0
122,16,0.0
122,310,0.0
81,119,0.0
81,20,0.0
81,399,0.0
81,476,0.0
81,264,0.0
81,200,0.0
81,189,0.0
81,17,0.0
81,16,0.0
81,310,0.0
261,399,14.463331927732202
261,255,11.582781659047663
261,119,10.0794017265555
261,20,8.917089805980023
261,189,8.847376825454674
261,287,8.818605663291278
261,352,8.741273887508374
261,94,8.50261024508661
261,310,7.685038998411143
261,22,7.023936524863821
264,264,8.0
264,200,7.0
264,119,5.000000000000001
264,20,4.0
264,189,4.0
264,22,3.0
264,287,3.0
264,399,3.0
264,94,3.0
264,352,3.0
102,20,0.0
102,399,0.0
102,476,0.0
102,264,0.0
102,200,0.0
102,189,0.0
102,362,0.0
102,17,0.0
102,16,0.0
102,310,0.0
232,119,0.0
232,20,0.0
232,399,0.0
232,476,0.0
232,264,0.0
232,200,0.0
232,189,0.0
232,362,0.0
232,17,0.0
232,16,0.0
263,119,0.0
263,20,0.0
263,399,0.0
263,476,0.0
263,264,0.0
263,200,0.0
263,189,0.0
263,362,0.0
263,17,0.0
263,16,0.0
268,119,0.0
268,20,0.0
268,399,0.0
268,476,0.0
268,264,0.0
268,200,0.0
268,189,0.0
268,362,0.0
268,17,0.0
268,16,0.0
396,20,11.255928946018454
396,264,8.121954349802893
396,287,5.499999999999999
396,399,5.499999999999999
396,255,5.121954349802892
396,310,4.255928946018454
396,119,3.621954349802892
396,78,3.2559289460184546
396,22,2.7559289460184537
396,189,2.499999999999999
397,399,16.558225207454825
397,255,13.073415034144265
397,287,10.703637184950967
397,119,9.462340212693588
397,94,9.377384013327534
397,310,7.534299559654416
397,189,7.0033799215415335
397,22,6.4457546515377135
397,16,5.355186110494136
397,362,4.637790251371613
129,119,0.0
129,20,0.0
129,399,0.0
129,476,0.0
129,200,0.0
129,189,0.0
129,362,0.0
129,17,0.0
129,16,0.0
129,310,0.0
333,200,2.626138071900119
333,78,2.045739366033502
333,255,1.9603727892406788
333,284,1.8385254915624214
333,362,1.4529572106934907
333,416,1.2204915028125267
333,59,0.7127267462496616
333,310,0.5582683419923049
333,79,0.518617030490331
333,824,0.5000000000000001
369,119,0.0
369,20,0.0
369,399,0.0
369,476,0.0
369,264,0.0
369,200,0.0
369,189,0.0
369,362,0.0
369,17,0.0
369,16,0.0
259,119,0.0
259,476,0.0
259,264,0.0
259,200,0.0
259,189,0.0
259,362,0.0
259,17,0.0
259,16,0.0
259,310,0.0
259,59,0.0
161,119,0.0
161,399,0.0
161,476,0.0
161,264,0.0
161,200,0.0
161,189,0.0
161,362,0.0
161,17,0.0
161,16,0.0
161,310,0.0
403,200,14.570516044871848
403,399,13.59127269723303
403,189,8.653736410273922
403,287,7.990048897113537
403,255,6.518835757327057
403,94,5.689914408700652
403,352,4.781459213957674
403,89,2.400547887609287
403,16,1.949692072628026
403,78,1.7155984874751793
258,264,5.838266010536207
258,189,4.755928946018455
258,200,3.8382660105362074
258,20,3.704291414320646
258,352,2.8382660105362065
258,399,2.7559289460184546
258,362,2.7559289460184546
258,287,2.7559289460184537
258,310,2.704291414320645
258,79,1.9722406067517682
215,119,0.0
215,399,0.0
215,476,0.0
215,264,0.0
215,200,0.0
215,189,0.0
215,362,0.0
215,17,0.0
215,16,0.0
215,310,0.0
164,119,0.0
164,20,0.0
164,399,0.0
164,476,0.0
164,264,0.0
164,200,0.0
164,189,0.0
164,362,0.0
164,17,0.0
164,16,0.0
357,119,0.0
357,20,0.0
357,399,0.0
357,476,0.0
357,200,0.0
357,189,0.0
357,362,0.0
357,17,0.0
357,16,0.0
357,310,0.0
190,476,0.0
190,264,0.0
190,200,0.0
190,189,0.0
190,362,0.0
190,17,0.0
190,16,0.0
190,310,0.0
190,59,0.0
190,94,0.0
307,119,0.0
307,399,0.0
307,476,0.0
307,264,0.0
307,200,0.0
307,189,0.0
307,362,0.0
307,17,0.0
307,16,0.0
307,310,0.0
238,119,0.0
238,20,0.0
238,399,0.0
238,476,0.0
238,264,0.0
238,200,0.0
238,189,0.0
238,362,0.0
238,17,0.0
238,16,0.0
165,20,0.0
165,399,0.0
165,476,0.0
165,264,0.0
165,200,0.0
165,189,0.0
165,362,0.0
165,17,0.0
165,16,0.0
165,310,0.0
225,20,0.0
225,399,0.0
225,476,0.0
225,264,0.0
225,200,0.0
225,189,0.0
225,362,0.0
225,17,0.0
225,16,0.0
225,310,0.0
242,119,0.0
242,399,0.0
242,476,0.0
242,264,0.0
242,200,0.0
242,189,0.0
242,362,0.0
242,17,0.0
242,16,0.0
242,310,0.0
338,89,1.226319588058883
338,22,1.1014995561945227
338,400,1.0
338,77,0.5000000000000001
338,476,0.49374193110101877
338,17,0.49374193110101877
338,19,0.0
338,125,0.0
338,824,0.0
338,415,-0.5000000000000001
326,119,0.0
326,399,0.0
326,476,0.0
326,264,0.0
326,200,0.0
326,189,0.0
326,362,0.0
326,17,0.0
326,16,0.0
326,310,0.0
96,119,0.0
96,20,0.0
96,399,0.0
96,476,0.0
96,264,0.0
96,200,0.0
96,189,0.0
96,362,0.0
96,17,0.0
96,16,0.0
94,119,0.0
94,20,0.0
94,399,0.0
94,476,0.0
94,264,0.0
94,200,0.0
94,189,0.0
94,17,0.0
94,16,0.0
94,310,0.0
123,119,0.0
123,399,0.0
123,476,0.0
123,264,0.0
123,200,0.0
123,189,0.0
123,362,0.0
123,17,0.0
123,16,0.0
123,310,0.0
392,264,11.278205078859434
392,399,8.5800707549582
392,119,6.008464777302551
392,79,5.659299569614205
392,310,4.649154838628997
392,362,2.9110902826267973
392,352,2.6076620379163975
392,134,2.2548812937611684
392,89,2.193352239138427
392,78,2.115947851823547
343,20,3.3301270189221928
343,79,3.1411447824175793
343,310,2.5980762113533156
343,119,2.4090939748487017
343,255,2.4090939748487017
343,22,1.732050807568877
343,189,1.732050807568877
343,287,1.732050807568877
343,78,1.732050807568877
343,362,1.732050807568877
120,20,0.0
120,399,0.0
120,476,0.0
120,264,0.0
120,200,0.0
120,189,0.0
120,362,0.0
120,17,0.0
120,16,0.0
120,310,0.0
344,287,8.0
344,264,8.0
344,255,8.0
344,200,7.0
344,189,7.0
344,310,7.0
344,119,6.000000000000001
344,94,6.0
344,20,6.0
344,399,5.0
213,255,2.0336180377597746
213,79,1.917662935482247
213,78,1.6339745962155616
213,284,1.0
213,89,1.0
213,415,0.9819805060619656
213,352,0.9176629354822468
213,134,0.8996434415442127
213,399,0.8996434415442127
213,264,0.5516375316978086
305,119,0.0
305,399,0.0
305,476,0.0
305,264,0.0
305,200,0.0
305,189,0.0
305,362,0.0
305,17,0.0
305,16,0.0
305,310,0.0
314,119,0.0
314,399,0.0
314,476,0.0
314,264,0.0
314,200,0.0
314,189,0.0
314,362,0.0
314,17,0.0
314,16,0.0
314,310,0.0
75,119,0.0
75,20,0.0
75,399,0.0
75,476,0.0
75,264,0.0
75,200,0.0
75,189,0.0
75,362,0.0
75,17,0.0
75,16,0.0
262,264,12.0
262,200,10.0
262,399,8.0
262,352,7.0
262,189,6.0
262,119,6.0
262,255,5.0
262,94,4.999999999999999
262,78,4.0
262,362,4.0
216,119,0.0
216,20,0.0
216,399,0.0
216,476,0.0
216,264,0.0
216,200,0.0
216,189,0.0
216,362,0.0
216,17,0.0
216,16,0.0
220,119,0.0
220,20,0.0
220,399,0.0
220,476,0.0
220,264,0.0
220,200,0.0
220,189,0.0
220,362,0.0
220,17,0.0
220,16,0.0
377,119,0.0
377,399,0.0
377,476,0.0
377,264,0.0
377,200,0.0
377,189,0.0
377,362,0.0
377,17,0.0
377,16,0.0
377,310,0.0
316,264,14.635570623389459
316,119,10.442712012608476
316,200,9.272915328196262
316,189,6.217907687907211
316,362,4.969960259649298
316,255,4.961978741888756
316,287,4.659023673341791
316,79,3.7106612050395986
316,310,3.1039348558648587
316,59,1.8660254037844388
209,264,10.0
209,200,9.0
209,20,8.0
209,119,6.0
209,255,4.999999999999999
209,362,4.0
209,189,3.0
209,287,2.999999999999999
209,310,2.0
209,79,2.0
265,119,0.0
265,20,0.0
265,399,0.0
265,476,0.0
265,264,0.0
265,200,0.0
265,189,0.0
265,362,0.0
265,17,0.0
265,16,0.0
167,22,6.507534954605046
167,287,4.82234458689755
167,255,4.528780221892943
167,94,4.345107168874018
167,200,4.301099781442947
167,310,4.257987115177118
167,399,3.171814631765619
167,78,3.166827959571361
167,119,2.741350862315942
167,189,1.7269034492425464
178,20,0.0
178,399,0.0
178,476,0.0
178,264,0.0
178,200,0.0
178,189,0.0
178,362,0.0
178,17,0.0
178,16,0.0
178,310,0.0
289,119,0.0
289,399,0.0
289,476,0.0
289,264,0.0
289,200,0.0
289,189,0.0
289,362,0.0
289,17,0.0
289,16,0.0
289,310,0.0
287,119,0.0
287,20,0.0
287,399,0.0
287,476,0.0
287,200,0.0
287,189,0.0
287,362,0.0
287,17,0.0
287,16,0.0
287,310,0.0
380,119,0.0
380,399,0.0
380,476,0.0
380,200,0.0
380,189,0.0
380,362,0.0
380,17,0.0
380,16,0.0
380,310,0.0
380,59,0.0
356,200,13.0
356,399,12.0
356,255,10.0
356,20,8.999999999999998
356,119,8.0
356,352,6.999999999999999
356,189,6.999999999999999
356,94,6.0
356,310,5.999999999999999
356,287,5.999999999999999
354,119,0.0
354,399,0.0
354,476,0.0
354,200,0.0
354,189,0.0
354,362,0.0
354,17,0.0
354,16,0.0
354,310,0.0
354,59,0.0
376,119,0.0
376,20,0.0
376,399,0.0
376,476,0.0
376,264,0.0
376,200,0.0
376,189,0.0
376,362,0.0
376,17,0.0
376,16,0.0
346,119,0.0
346,20,0.0
346,476,0.0
346,264,0.0
346,200,0.0
346,189,0.0
346,362,0.0
346,17,0.0
346,16,0.0
346,310,0.0
101,20,0.0
101,399,0.0
101,476,0.0
101,264,0.0
101,200,0.0
101,189,0.0
101,362,0.0
101,17,0.0
101,16,0.0
101,310,0.0
109,119,0.0
109,20,0.0
109,399,0.0
109,476,0.0
109,264,0.0
109,200,0.0
109,189,0.0
109,362,0.0
109,17,0.0
109,16,0.0
191,200,13.0
191,399,12.0
191,255,10.0
191,20,8.999999999999998
191,119,8.0
191,352,6.999999999999999
191,189,6.999999999999999
191,94,6.0
191,310,5.999999999999999
191,287,5.999999999999999
184,119,0.0
184,20,0.0
184,399,0.0
184,476,0.0
184,264,0.0
184,200,0.0
184,189,0.0
184,362,0.0
184,17,0.0
184,16,0.0
352,119,0.0
352,20,0.0
352,399,0.0
352,476,0.0
352,264,0.0
352,200,0.0
352,189,0.0
352,362,0.0
352,17,0.0
352,16,0.0
231,119,0.0
231,20,0.0
231,399,0.0
231,476,0.0
231,264,0.0
231,189,0.0
231,362,0.0
231,17,0.0
231,16,0.0
231,310,0.0
187,119,0.0
187,20,0.0
187,399,0.0
187,476,0.0
187,264,0.0
187,200,0.0
187,189,0.0
187,362,0.0
187,17,0.0
187,16,0.0
297,200,15.760240777607496
297,399,13.44930419129999
297,255,9.504311831589044
297,94,9.36602540378444
297,119,9.200840128541522
297,189,8.81532959508443
297,20,8.394215373823059
297,287,6.815329595084429
297,352,6.394215373823058
297,22,6.0043118315890425
228,399,12.488614524102463
228,200,10.583088857236586
228,119,6.09125481698295
228,255,5.720514739231269
228,189,5.677596760607075
228,352,5.24776298627209
228,287,4.842270889642581
228,362,4.259933825124828
228,89,2.9176629354822468
228,94,2.646343634459881
308,119,0.0
308,20,0.0
308,476,0.0
308,264,0.0
308,200,0.0
308,189,0.0
308,362,0.0
308,17,0.0
308,16,0.0
308,310,0.0
139,119,0.0
139,20,0.0
139,399,0.0
139,476,0.0
139,200,0.0
139,189,0.0
139,362,0.0
139,17,0.0
139,16,0.0
139,310,0.0
373,119,0.0
373,20,0.0
373,399,0.0
373,476,0.0
373,264,0.0
373,200,0.0
373,189,0.0
373,362,0.0
373,17,0.0
373,16,0.0
168,119,0.0
168,20,0.0
168,399,0.0
168,476,0.0
168,200,0.0
168,189,0.0
168,362,0.0
168,17,0.0
168,16,0.0
168,310,0.0
400,119,0.0
400,20,0.0
400,399,0.0
400,476,0.0
400,264,0.0
400,200,0.0
400,189,0.0
400,362,0.0
400,17,0.0
400,16,0.0
320,119,0.0
320,20,0.0
320,399,0.0
320,476,0.0
320,264,0.0
320,200,0.0
320,189,0.0
320,362,0.0
320,17,0.0
320,16,0.0
95,119,0.0
95,20,0.0
95,399,0.0
95,476,0.0
95,264,0.0
95,200,0.0
95,189,0.0
95,362,0.0
95,17,0.0
95,16,0.0
353,119,0.0
353,20,0.0
353,399,0.0
353,476,0.0
353,200,0.0
353,189,0.0
353,362,0.0
353,17,0.0
353,16,0.0
353,310,0.0
260,119,0.0
260,20,0.0
260,399,0.0
260,476,0.0
260,264,0.0
260,200,0.0
260,189,0.0
260,362,0.0
260,17,0.0
260,16,0.0
83,119,0.0
83,20,0.0
83,399,0.0
83,476,0.0
83,264,0.0
83,200,0.0
83,189,0.0
83,362,0.0
83,17,0.0
83,16,0.0
250,352,2.0
250,89,2.0
250,416,1.0
250,824,0.0
250,476,0.0
250,415,0.0
250,284,0.0
250,190,0.0
250,17,0.0
250,125,0.0
395,264,12.0
395,200,10.0
395,399,8.0
395,352,7.0
395,189,6.0
395,119,5.999999999999999
395,255,5.0
395,94,4.999999999999999
395,287,4.0
395,362,4.0
183,119,0.0
183,20,0.0
183,399,0.0
183,476,0.0
183,264,0.0
183,200,0.0
183,189,0.0
183,362,0.0
183,17,0.0
183,16,0.0
275,119,0.0
275,20,0.0
275,399,0.0
275,476,0.0
275,264,0.0
275,200,0.0
275,189,0.0
275,362,0.0
275,17,0.0
275,16,0.0
173,119,0.0
173,399,0.0
173,476,0.0
173,200,0.0
173,189,0.0
173,362,0.0
173,17,0.0
173,16,0.0
173,310,0.0
173,59,0.0
272,119,0.0
272,20,0.0
272,399,0.0
272,476,0.0
272,264,0.0
272,200,0.0
272,189,0.0
272,362,0.0
272,17,0.0
272,16,0.0
304,119,0.0
304,20,0.0
304,399,0.0
304,476,0.0
304,264,0.0
304,200,0.0
304,189,0.0
304,362,0.0
304,17,0.0
304,16,0.0
318,119,0.0
318,20,0.0
318,399,0.0
318,476,0.0
318,264,0.0
318,200,0.0
318,189,0.0
318,362,0.0
318,17,0.0
318,16,0.0
125,22,2.999999999999999
125,134,0.9999999999999998
125,77,0.9999999999999998
125,19,0.0
125,125,0.0
125,476,0.0
125,824,0.0
125,415,0.0
125,17,0.0
125,59,0.0
374,119,0.0
374,20,0.0
374,399,0.0
374,476,0.0
374,264,0.0
374,200,0.0
374,189,0.0
374,362,0.0
374,17,0.0
374,16,0.0
317,119,0.0
317,20,0.0
317,399,0.0
317,476,0.0
317,264,0.0
317,200,0.0
317,189,0.0
317,362,0.0
317,17,0.0
317,16,0.0
177,119,0.0
177,20,0.0
177,399,0.0
177,476,0.0
177,264,0.0
177,200,0.0
177,189,0.0
177,362,0.0
177,17,0.0
177,16,0.0
149,200,13.0
149,399,12.0
149,255,10.0
149,20,8.999999999999998
149,119,8.0
149,352,6.999999999999999
149,189,6.999999999999999
149,94,6.0
149,310,5.999999999999999
149,287,5.999999999999999
327,119,0.0
327,20,0.0
327,399,0.0
327,476,0.0
327,264,0.0
327,200,0.0
327,189,0.0
327,362,0.0
327,17,0.0
327,16,0.0
207,119,0.0
207,399,0.0
207,476,0.0
207,200,0.0
207,189,0.0
207,362,0.0
207,17,0.0
207,16,0.0
207,310,0.0
207,59,0.0
361,119,0.0
361,20,0.0
361,399,0.0
361,476,0.0
361,264,0.0
361,200,0.0
361,189,0.0
361,362,0.0
361,17,0.0
361,16,0.0
339,119,0.0
339,399,0.0
339,476,0.0
339,264,0.0
339,200,0.0
339,189,0.0
339,362,0.0
339,17,0.0
339,16,0.0
339,310,0.0
351,119,0.0
351,20,0.0
351,399,0.0
351,476,0.0
351,264,0.0
351,200,0.0
351,189,0.0
351,362,0.0
351,17,0.0
351,16,0.0
266,119,0.0
266,20,0.0
266,399,0.0
266,476,0.0
266,264,0.0
266,200,0.0
266,189,0.0
266,362,0.0
266,17,0.0
266,16,0.0
386,119,0.0
386,399,0.0
386,476,0.0
386,264,0.0
386,200,0.0
386,189,0.0
386,362,0.0
386,17,0.0
386,16,0.0
386,310,0.0
285,264,4.062932764372398
285,287,3.637207133941731
285,200,3.062932764372398
285,399,2.7711817301572927
285,255,2.507925124083346
285,310,2.385889597092573
285,119,1.3036901034398944
285,189,1.2711817301572925
285,362,1.2711817301572925
285,22,1.1969073605879597
127,119,0.0
127,20,0.0
127,476,0.0
127,264,0.0
127,200,0.0
127,189,0.0
127,362,0.0
127,17,0.0
127,16,0.0
127,310,0.0
341,119,0.0
341,399,0.0
341,476,0.0
341,264,0.0
341,200,0.0
341,189,0.0
341,362,0.0
341,17,0.0
341,16,0.0
341,310,0.0
130,119,0.0
130,20,0.0
130,399,0.0
130,476,0.0
130,264,0.0
130,200,0.0
130,189,0.0
130,362,0.0
130,17,0.0
130,16,0.0
364,119,0.0
364,20,0.0
364,399,0.0
364,476,0.0
364,264,0.0
364,200,0.0
364,189,0.0
364,362,0.0
364,17,0.0
364,16,0.0
331,119,0.0
331,20,0.0
331,399,0.0
331,476,0.0
331,200,0.0
331,189,0.0
331,362,0.0
331,17,0.0
331,16,0.0
331,310,0.0
332,119,0.0
332,20,0.0
332,399,0.0
332,476,0.0
332,264,0.0
332,200,0.0
332,189,0.0
332,362,0.0
332,17,0.0
332,16,0.0
389,119,0.0
389,20,0.0
389,399,0.0
389,476,0.0
389,264,0.0
389,200,0.0
389,189,0.0
389,362,0.0
389,17,0.0
389,16,0.0
146,20,0.0
146,399,0.0
146,476,0.0
146,264,0.0
146,200,0.0
146,189,0.0
146,362,0.0
146,17,0.0
146,16,0.0
146,310,0.0
328,119,0.0
328,399,0.0
328,476,0.0
328,264,0.0
328,200,0.0
328,189,0.0
328,362,0.0
328,17,0.0
328,16,0.0
328,310,0.0
322,119,0.0
322,399,0.0
322,476,0.0
322,264,0.0
322,200,0.0
322,189,0.0
322,362,0.0
322,17,0.0
322,16,0.0
322,310,0.0
181,119,0.0
181,399,0.0
181,476,0.0
181,264,0.0
181,200,0.0
181,189,0.0
181,362,0.0
181,17,0.0
181,16,0.0
181,310,0.0
299,399,9.0
299,20,8.0
299,264,8.0
299,189,6.999999999999999
299,352,6.999999999999999
299,255,6.0
299,362,5.999999999999999
299,200,5.999999999999999
299,310,5.999999999999999
299,119,5.0
313,119,0.0
313,20,0.0
313,399,0.0
313,476,0.0
313,264,0.0
313,200,0.0
313,189,0.0
313,362,0.0
313,17,0.0
313,16,0.0
245,119,0.0
245,20,0.0
245,399,0.0
245,476,0.0
245,200,0.0
245,189,0.0
245,362,0.0
245,17,0.0
245,16,0.0
245,310,0.0
393,119,0.0
393,20,0.0
393,399,0.0
393,476,0.0
393,264,0.0
393,200,0.0
393,189,0.0
393,362,0.0
393,17,0.0
393,16,0.0
324,200,9.0
324,399,8.0
324,119,6.0
324,79,6.0
324,189,3.0
324,255,3.0
324,362,2.999999999999999
324,284,1.9999999999999998
324,416,1.9999999999999998
324,89,1.9999999999999998
74,119,0.0
74,20,0.0
74,476,0.0
74,264,0.0
74,200,0.0
74,189,0.0
74,362,0.0
74,17,0.0
74,16,0.0
74,310,0.0
195,119,0.0
195,399,0.0
195,476,0.0
195,264,0.0
195,200,0.0
195,189,0.0
195,362,0.0
195,17,0.0
195,16,0.0
195,310,0.0
239,119,0.0
239,399,0.0
239,476,0.0
239,264,0.0
239,200,0.0
239,189,0.0
239,362,0.0
239,17,0.0
239,16,0.0
239,310,0.0
334,119,0.0
334,20,0.0
334,476,0.0
334,264,0.0
334,200,0.0
334,189,0.0
334,362,0.0
334,17,0.0
334,16,0.0
334,310,0.0
118,119,0.0
118,20,0.0
118,476,0.0
118,264,0.0
118,200,0.0
118,189,0.0
118,17,0.0
118,16,0.0
118,310,0.0
118,59,0.0
150,119,0.0
150,20,0.0
150,399,0.0
150,476,0.0
150,264,0.0
150,200,0.0
150,189,0.0
150,362,0.0
150,17,0.0
150,16,0.0
