448,78,1.751065310718141
448,89,1.2121157184255063
448,400,1.0
448,824,0.42680769054402523
448,255,0.35563608702792804
448,22,0.2647281821077272
448,416,0.22776258430449928
448,284,0.20136217693236336
448,125,0.06230559828490334
448,19,0.06230559828490334
444,119,0.0
444,20,0.0
444,399,0.0
444,476,0.0
444,264,0.0
444,200,0.0
444,189,0.0
444,362,0.0
444,17,0.0
444,16,0.0
450,20,14.0
450,119,12.0
450,200,11.0
450,399,11.0
450,287,8.0
450,189,8.0
450,255,8.0
450,310,7.0
450,79,5.0
450,22,4.999999999999999
445,119,0.0
445,20,0.0
445,399,0.0
445,476,0.0
445,264,0.0
445,200,0.0
445,189,0.0
445,362,0.0
445,17,0.0
445,16,0.0
446,119,0.0
446,20,0.0
446,399,0.0
446,476,0.0
446,264,0.0
446,200,0.0
446,189,0.0
446,362,0.0
446,17,0.0
446,16,0.0
447,20,7.222445508531521
447,399,5.755318428019785
447,189,4.915797747669947
447,200,4.549772343885508
447,94,3.7178479802236906
447,59,2.2789476180263963
447,287,2.1042355789763176
447,134,1.8565455439581338
447,255,1.7680227476379076
447,22,0.7006966431736028
449,119,0.0
449,20,0.0
449,399,0.0
449,476,0.0
449,264,0.0
449,200,0.0
449,189,0.0
449,362,0.0
449,17,0.0
449,16,0.0
522,94,13.158651590295385
522,255,11.10756285179889
522,22,5.789274220421553
522,352,5.2936676410334185
522,59,3.016175006246674
522,89,2.4243335076291928
522,824,1.3211799320044508
522,134,0.8583285998929346
522,190,0.22090344947506238
522,125,0.22090344947506238
524,119,7.0
524,362,6.0
524,399,5.0
524,287,5.0
524,189,5.0
524,20,5.0
524,200,5.0
524,310,4.999999999999999
524,94,3.0
524,79,3.0
516,399,27.700820863852982
516,310,12.0397079448637
516,16,11.11241766158516
516,362,8.160293047217941
516,22,6.057304605648237
516,78,4.659675372446753
516,352,4.646141831866625
516,59,3.2348457509489723
516,416,1.5758910016637286
516,89,1.4886848267563493
619,119,11.362850539435248
619,22,5.0601323628753825
619,78,2.8593597875605115
619,352,2.4098859530105363
619,89,1.6893174617132245
619,824,1.0624060112973308
619,416,0.9166404207781029
619,190,0.8243816028370726
619,284,0.7053156991295267
619,59,0.6101763618089766
494,287,3.6332401461512305
494,16,3.5794716084925993
494,310,2.0122301956270228
494,78,1.82038452866731
494,119,1.501543544153103
494,59,0.7770089956202303
494,352,0.6017987457514782
494,284,0.3500700210070024
494,255,0.03684651321900523
494,400,0.0
655,200,4.883062439488206
655,287,3.308966138288337
655,310,3.2757392516392008
655,22,2.2147443986280733
655,78,2.209413754393268
655,824,1.52358554452067
655,352,1.4575666043596587
655,16,1.2615604748294424
655,134,1.1925771029324392
655,59,1.1029089404361105
466,119,0.0
466,20,0.0
466,399,0.0
466,476,0.0
466,264,0.0
466,200,0.0
466,189,0.0
466,362,0.0
466,17,0.0
466,16,0.0
523,119,0.0
523,20,0.0
523,399,0.0
523,476,0.0
523,264,0.0
523,200,0.0
523,189,0.0
523,362,0.0
523,17,0.0
523,16,0.0
620,399,20.836401269376044
620,200,20.467794959447495
620,255,11.83738331810208
620,22,7.933068588197508
620,16,6.965775734365376
620,352,6.005870622143386
620,59,4.662136750910127
620,416,1.6775036381032327
620,824,1.3322889511550362
620,284,0.6776236865710072
570,119,0.0
570,20,0.0
570,399,0.0
570,476,0.0
570,264,0.0
570,200,0.0
570,189,0.0
570,362,0.0
570,17,0.0
570,16,0.0
544,200,14.830577053735663
544,287,10.241562555476108
544,310,8.472895494432002
544,16,6.434135678497424
544,352,5.526990962927756
544,362,4.697187077425804
544,22,4.636166475581648
544,59,2.8179372880730433
544,89,2.093376436582364
544,416,1.2983493357211238
618,399,21.55362221250007
618,189,12.74086386323412
618,79,11.355620306055362
618,255,9.421098860548787
618,310,9.030491237248471
618,362,5.85255698214628
618,352,4.8641507384892515
618,78,4.30719140228543
618,16,4.238665773922862
618,59,2.848625117626253
640,415,0.19245008972987526
640,125,0.14547859349066158
640,19,0.14547859349066158
640,77,0.0
640,400,0.0
640,59,-8.378866783236294E-4
640,17,-0.4082482904638631
640,476,-0.4082482904638631
640,78,-0.6574760050342351
640,416,-0.7517609316784503
487,119,0.0
487,20,0.0
487,399,0.0
487,476,0.0
487,264,0.0
487,200,0.0
487,189,0.0
487,362,0.0
487,17,0.0
487,16,0.0
610,119,0.0
610,20,0.0
610,399,0.0
610,476,0.0
610,264,0.0
610,200,0.0
610,189,0.0
610,362,0.0
610,17,0.0
610,16,0.0
492,119,6.382093813448148
492,310,5.846952388166553
492,22,5.003127581291446
492,200,4.989347095123917
492,362,4.764380068607829
492,287,3.3606169974758977
492,255,2.6391021299338755
492,78,1.884756772363663
492,59,1.3010884783121575
492,79,1.1386607344628492
569,399,21.503700949871728
569,20,20.614244368323817
569,79,17.930395373222947
569,255,14.178422330932749
569,287,13.130508150230355
569,94,12.911943277133279
569,310,12.565901265021296
569,362,8.70819193231524
569,16,8.017513370936815
569,352,6.646890154042533
518,119,0.0
518,20,0.0
518,399,0.0
518,476,0.0
518,264,0.0
518,200,0.0
518,189,0.0
518,362,0.0
518,17,0.0
518,16,0.0
481,119,0.0
481,20,0.0
481,399,0.0
481,476,0.0
481,264,0.0
481,200,0.0
481,189,0.0
481,362,0.0
481,17,0.0
481,16,0.0
624,119,0.0
624,20,0.0
624,399,0.0
624,476,0.0
624,264,0.0
624,200,0.0
624,189,0.0
624,362,0.0
624,17,0.0
624,16,0.0
514,119,0.0
514,20,0.0
514,399,0.0
514,476,0.0
514,264,0.0
514,200,0.0
514,189,0.0
514,362,0.0
514,17,0.0
514,16,0.0
592,119,0.0
592,20,0.0
592,399,0.0
592,476,0.0
592,264,0.0
592,200,0.0
592,189,0.0
592,362,0.0
592,17,0.0
592,16,0.0
454,119,0.0
454,20,0.0
454,399,0.0
454,476,0.0
454,264,0.0
454,200,0.0
454,189,0.0
454,362,0.0
454,17,0.0
454,16,0.0
486,119,0.0
486,20,0.0
486,399,0.0
486,476,0.0
486,264,0.0
486,200,0.0
486,189,0.0
486,362,0.0
486,17,0.0
486,16,0.0
560,119,0.0
560,20,0.0
560,399,0.0
560,476,0.0
560,264,0.0
560,200,0.0
560,189,0.0
560,362,0.0
560,17,0.0
560,16,0.0
489,189,8.715212193674851
489,362,7.904194430179467
489,20,7.412257125127885
489,399,6.912257125127885
489,200,5.912257125127885
489,264,5.412257125127885
489,94,5.046231721343448
489,16,5.000000000000001
489,287,4.412257125127886
489,79,3.8740880987328596
477,399,0.0
477,476,0.0
477,264,0.0
477,200,0.0
477,189,0.0
477,362,0.0
477,17,0.0
477,16,0.0
477,310,0.0
477,59,0.0
612,119,0.0
612,20,0.0
612,399,0.0
612,476,0.0
612,264,0.0
612,200,0.0
612,189,0.0
612,362,0.0
612,17,0.0
612,16,0.0
451,20,30.436005450347565
451,255,12.976356283201921
451,362,7.760241216553778
451,22,7.356830700261657
451,352,6.197206201156394
451,16,5.646329517956625
451,78,5.210498803634174
451,59,3.847065964504489
451,416,2.137493873497173
451,824,1.7963025247345032
639,415,0.9999999999999998
639,17,0.0
639,824,0.0
639,476,0.0
639,284,0.0
639,78,0.0
639,400,0.0
639,16,-0.9999999999999998
639,416,-0.9999999999999998
639,190,-0.9999999999999998
654,20,21.718116507808773
654,255,14.911300806920739
654,287,13.720419865440721
654,310,13.55165331600188
654,189,10.830351845686906
654,94,9.655761954830698
654,362,8.387155598017868
654,16,8.17138683576617
654,352,7.614995312723289
654,22,7.51128565727975
607,255,3.2886031582233723
607,352,2.15462856200781
607,89,1.9999999999999998
607,79,0.9039353306205637
607,125,0.0
607,415,0.0
607,17,0.0
607,190,0.0
607,476,0.0
607,19,0.0
471,119,0.0
471,20,0.0
471,399,0.0
471,476,0.0
471,264,0.0
471,200,0.0
471,189,0.0
471,362,0.0
471,17,0.0
471,16,0.0
657,264,21.831231546875955
657,119,21.02107731198181
657,287,16.668749289877915
657,189,14.430779056651392
657,310,14.335208159142818
657,79,10.943633680980895
657,362,9.537361683806175
657,255,7.95679280529254
657,16,7.333539075769565
657,22,5.88333855249565
632,119,0.0
632,20,0.0
632,399,0.0
632,476,0.0
632,264,0.0
632,200,0.0
632,189,0.0
632,362,0.0
632,17,0.0
632,16,0.0
578,362,3.7712172988098773
578,16,2.372962623500399
578,22,2.0122443417896623
578,310,1.8043590317603702
578,77,0.9999999999999998
578,264,0.7274285534420406
578,824,0.687114529179316
578,134,0.34834036018731207
578,59,0.2454334352935702
578,17,0.0
660,189,9.0
660,399,9.0
660,20,7.0
660,200,6.0
660,79,5.0
660,287,4.0
660,94,4.0
660,255,3.0
660,310,2.0
660,362,2.0
519,119,0.0
519,20,0.0
519,399,0.0
519,476,0.0
519,264,0.0
519,200,0.0
519,189,0.0
519,362,0.0
519,17,0.0
519,16,0.0
588,399,5.0
588,416,3.0
588,119,3.0
588,200,3.0
588,78,3.0
588,352,2.0
588,284,2.0
588,824,2.0
588,310,1.9999999999999998
588,94,1.9999999999999998
605,119,0.0
605,399,0.0
605,476,0.0
605,264,0.0
605,200,0.0
605,189,0.0
605,362,0.0
605,17,0.0
605,16,0.0
605,310,0.0
540,119,0.0
540,20,0.0
540,399,0.0
540,476,0.0
540,264,0.0
540,200,0.0
540,189,0.0
540,362,0.0
540,17,0.0
540,16,0.0
653,119,0.0
653,20,0.0
653,399,0.0
653,476,0.0
653,264,0.0
653,200,0.0
653,189,0.0
653,362,0.0
653,17,0.0
653,16,0.0
535,119,0.0
535,20,0.0
535,399,0.0
535,476,0.0
535,264,0.0
535,200,0.0
535,189,0.0
535,362,0.0
535,17,0.0
535,16,0.0
484,20,0.0
484,399,0.0
484,476,0.0
484,264,0.0
484,200,0.0
484,189,0.0
484,362,0.0
484,17,0.0
484,16,0.0
484,310,0.0
566,20,18.815215166863165
566,264,16.304579481720953
566,287,13.434174450781896
566,189,12.635061480959443
566,310,10.735568942321043
566,255,10.125854349416002
566,79,10.100642278097498
566,16,9.006293061631437
566,362,8.360463049810175
566,352,6.5732002435195644
591,264,15.0
591,119,12.0
591,20,12.0
591,200,9.0
591,189,9.0
591,287,9.0
591,16,7.0
591,362,7.0
591,310,7.0
591,94,6.0
611,119,0.0
611,20,0.0
611,399,0.0
611,476,0.0
611,264,0.0
611,200,0.0
611,189,0.0
611,362,0.0
611,17,0.0
611,16,0.0
525,20,0.0
525,476,0.0
525,200,0.0
525,189,0.0
525,362,0.0
525,17,0.0
525,16,0.0
525,310,0.0
525,59,0.0
525,287,0.0
635,119,0.0
635,399,0.0
635,476,0.0
635,264,0.0
635,189,0.0
635,362,0.0
635,17,0.0
635,16,0.0
635,310,0.0
635,59,0.0
609,119,0.0
609,20,0.0
609,399,0.0
609,476,0.0
609,264,0.0
609,200,0.0
609,189,0.0
609,362,0.0
609,17,0.0
609,16,0.0
483,119,0.0
483,20,0.0
483,476,0.0
483,264,0.0
483,200,0.0
483,362,0.0
483,17,0.0
483,16,0.0
483,310,0.0
483,59,0.0
458,119,0.0
458,20,0.0
458,399,0.0
458,476,0.0
458,264,0.0
458,200,0.0
458,189,0.0
458,362,0.0
458,17,0.0
458,16,0.0
496,119,0.0
496,20,0.0
496,399,0.0
496,476,0.0
496,264,0.0
496,200,0.0
496,189,0.0
496,362,0.0
496,17,0.0
496,16,0.0
642,352,5.885755294033519
642,310,2.8898846991476965
642,89,1.9449111825230678
642,79,1.9217942819095883
642,416,1.6546536707079778
642,59,1.5534397595835747
642,16,1.5534397595835745
642,119,1.071950899349031
642,190,1.0000000000000004
642,125,1.0000000000000004
526,119,0.0
526,20,0.0
526,399,0.0
526,476,0.0
526,264,0.0
526,200,0.0
526,189,0.0
526,362,0.0
526,17,0.0
526,16,0.0
459,119,0.0
459,20,0.0
459,399,0.0
459,476,0.0
459,264,0.0
459,200,0.0
459,189,0.0
459,362,0.0
459,17,0.0
459,16,0.0
616,119,0.0
616,20,0.0
616,399,0.0
616,476,0.0
616,264,0.0
616,200,0.0
616,189,0.0
616,362,0.0
616,17,0.0
616,16,0.0
641,119,0.0
641,20,0.0
641,399,0.0
641,476,0.0
641,264,0.0
641,200,0.0
641,189,0.0
641,362,0.0
641,17,0.0
641,16,0.0
478,399,16.0
478,20,15.0
478,119,14.0
478,264,12.0
478,287,10.0
478,79,10.0
478,310,10.0
478,94,10.0
478,255,10.0
478,362,9.0
493,119,0.0
493,20,0.0
493,399,0.0
493,476,0.0
493,264,0.0
493,200,0.0
493,189,0.0
493,362,0.0
493,17,0.0
493,16,0.0
553,119,0.0
553,20,0.0
553,399,0.0
553,476,0.0
553,264,0.0
553,200,0.0
553,189,0.0
553,362,0.0
553,17,0.0
553,16,0.0
601,119,0.0
601,20,0.0
601,399,0.0
601,476,0.0
601,264,0.0
601,200,0.0
601,189,0.0
601,362,0.0
601,17,0.0
601,16,0.0
583,119,0.0
583,20,0.0
583,399,0.0
583,476,0.0
583,264,0.0
583,200,0.0
583,189,0.0
583,362,0.0
583,17,0.0
583,16,0.0
617,119,12.403637632883488
617,94,10.093813675487587
617,264,10.02619544145061
617,79,9.755705310415502
617,255,7.482341101788
617,352,7.331927658611701
617,189,7.206078062638191
617,362,3.3189864590343476
617,22,3.141058165940649
617,310,2.5133787099539813
576,119,0.0
576,20,0.0
576,399,0.0
576,476,0.0
576,264,0.0
576,200,0.0
576,189,0.0
576,362,0.0
576,17,0.0
576,16,0.0
464,119,0.0
464,20,0.0
464,399,0.0
464,476,0.0
464,264,0.0
464,200,0.0
464,189,0.0
464,362,0.0
464,17,0.0
464,16,0.0
474,20,6.0
474,189,6.0
474,94,5.0
474,200,4.0
474,362,3.000000000000001
474,255,3.000000000000001
474,16,3.0
474,287,3.0
474,264,3.0
474,310,3.0
662,119,0.0
662,20,0.0
662,399,0.0
662,476,0.0
662,264,0.0
662,200,0.0
662,189,0.0
662,362,0.0
662,17,0.0
662,16,0.0
627,119,0.0
627,20,0.0
627,399,0.0
627,476,0.0
627,264,0.0
627,200,0.0
627,189,0.0
627,362,0.0
627,17,0.0
627,16,0.0
561,119,0.0
561,20,0.0
561,399,0.0
561,476,0.0
561,264,0.0
561,200,0.0
561,189,0.0
561,362,0.0
561,17,0.0
561,16,0.0
557,119,0.0
557,20,0.0
557,399,0.0
557,476,0.0
557,264,0.0
557,200,0.0
557,189,0.0
557,362,0.0
557,17,0.0
557,16,0.0
634,119,0.0
634,20,0.0
634,399,0.0
634,476,0.0
634,264,0.0
634,200,0.0
634,189,0.0
634,362,0.0
634,17,0.0
634,16,0.0
606,119,0.0
606,20,0.0
606,399,0.0
606,476,0.0
606,264,0.0
606,200,0.0
606,189,0.0
606,362,0.0
606,17,0.0
606,16,0.0
638,119,0.0
638,20,0.0
638,399,0.0
638,476,0.0
638,264,0.0
638,200,0.0
638,189,0.0
638,362,0.0
638,17,0.0
638,16,0.0
565,119,0.0
565,20,0.0
565,399,0.0
565,476,0.0
565,264,0.0
565,200,0.0
565,189,0.0
565,362,0.0
565,17,0.0
565,16,0.0
633,119,0.0
633,20,0.0
633,399,0.0
633,476,0.0
633,264,0.0
633,200,0.0
633,189,0.0
633,362,0.0
633,17,0.0
633,16,0.0
556,119,0.0
556,20,0.0
556,399,0.0
556,476,0.0
556,264,0.0
556,200,0.0
556,189,0.0
556,362,0.0
556,17,0.0
556,16,0.0
452,119,0.0
452,20,0.0
452,399,0.0
452,476,0.0
452,264,0.0
452,200,0.0
452,189,0.0
452,362,0.0
452,17,0.0
452,16,0.0
650,287,12.101014092555792
650,310,8.461528726423795
650,79,8.337817349423588
650,352,5.239821213027348
650,16,4.929345396956245
650,362,4.381243229479243
650,59,2.739676957090544
650,416,2.216826075154223
650,134,1.372878868596744
650,89,1.1944779048737435
550,399,5.04940193169605
550,20,4.049401931696048
550,362,3.1259119012671412
550,200,2.826752029808665
550,134,2.302955068546966
550,310,1.903569443443579
550,94,1.6259119012671412
550,79,1.523796961261697
550,255,1.503795197088489
550,284,1.444911182523068
651,189,7.761349190040751
651,200,7.294010947977904
651,255,4.8760711918060275
651,362,3.7853834073848196
651,16,3.604584899761682
651,22,3.065594787664767
651,310,2.6546186566900234
651,78,1.369699822982754
651,134,1.1860088454316349
651,400,0.9999999999999998
521,119,0.0
521,20,0.0
521,399,0.0
521,476,0.0
521,264,0.0
521,200,0.0
521,189,0.0
521,362,0.0
521,17,0.0
521,16,0.0
482,119,0.0
482,20,0.0
482,399,0.0
482,476,0.0
482,264,0.0
482,200,0.0
482,189,0.0
482,362,0.0
482,17,0.0
482,16,0.0
479,119,0.0
479,20,0.0
479,399,0.0
479,476,0.0
479,264,0.0
479,200,0.0
479,189,0.0
479,362,0.0
479,17,0.0
479,16,0.0
546,119,0.0
546,20,0.0
546,399,0.0
546,476,0.0
546,264,0.0
546,200,0.0
546,189,0.0
546,362,0.0
546,17,0.0
546,16,0.0
539,119,0.0
539,20,0.0
539,399,0.0
539,476,0.0
539,264,0.0
539,200,0.0
539,189,0.0
539,362,0.0
539,17,0.0
539,16,0.0
548,119,0.0
548,20,0.0
548,399,0.0
548,476,0.0
548,264,0.0
548,200,0.0
548,362,0.0
548,17,0.0
548,16,0.0
548,310,0.0
603,264,14.798347953570559
603,287,14.78945128428664
603,79,12.38651087920382
603,94,11.281987590839424
603,189,11.17962409447569
603,310,10.865763519218868
603,255,9.211749388614006
603,352,7.241872084577892
603,16,7.0560399348651135
603,362,5.593111326020625
554,119,0.0
554,20,0.0
554,399,0.0
554,476,0.0
554,264,0.0
554,200,0.0
554,189,0.0
554,362,0.0
554,17,0.0
554,16,0.0
513,119,0.0
513,20,0.0
513,399,0.0
513,476,0.0
513,264,0.0
513,200,0.0
513,189,0.0
513,362,0.0
513,17,0.0
513,16,0.0
552,119,0.0
552,20,0.0
552,399,0.0
552,476,0.0
552,264,0.0
552,200,0.0
552,362,0.0
552,17,0.0
552,16,0.0
552,310,0.0
500,20,0.0
500,399,0.0
500,476,0.0
500,264,0.0
500,200,0.0
500,189,0.0
500,362,0.0
500,17,0.0
500,16,0.0
500,310,0.0
648,119,0.0
648,20,0.0
648,399,0.0
648,476,0.0
648,264,0.0
648,200,0.0
648,189,0.0
648,362,0.0
648,17,0.0
648,16,0.0
520,119,0.0
520,20,0.0
520,399,0.0
520,476,0.0
520,264,0.0
520,200,0.0
520,189,0.0
520,362,0.0
520,17,0.0
520,16,0.0
555,119,0.0
555,20,0.0
555,399,0.0
555,476,0.0
555,264,0.0
555,200,0.0
555,189,0.0
555,362,0.0
555,17,0.0
555,16,0.0
460,119,0.0
460,20,0.0
460,399,0.0
460,476,0.0
460,264,0.0
460,200,0.0
460,189,0.0
460,362,0.0
460,17,0.0
460,16,0.0
506,119,0.0
506,20,0.0
506,399,0.0
506,476,0.0
506,264,0.0
506,200,0.0
506,189,0.0
506,362,0.0
506,17,0.0
506,16,0.0
649,119,0.0
649,20,0.0
649,399,0.0
649,476,0.0
649,264,0.0
649,200,0.0
649,189,0.0
649,362,0.0
649,17,0.0
649,16,0.0
602,119,0.0
602,20,0.0
602,399,0.0
602,476,0.0
602,264,0.0
602,200,0.0
602,189,0.0
602,362,0.0
602,17,0.0
602,16,0.0
533,119,0.0
533,20,0.0
533,399,0.0
533,476,0.0
533,264,0.0
533,200,0.0
533,189,0.0
533,362,0.0
533,17,0.0
533,16,0.0
491,119,0.0
491,20,0.0
491,399,0.0
491,476,0.0
491,264,0.0
491,200,0.0
491,189,0.0
491,362,0.0
491,17,0.0
491,16,0.0
621,352,5.83788578551696
621,59,1.7370167689501501
621,78,1.452090542495261
621,416,1.0637244248992965
621,79,0.8358463097466617
621,22,0.7840550100527051
621,824,0.654573349613682
621,284,0.48660244161693406
621,125,0.4595879916971408
621,19,0.4595879916971408
498,119,0.0
498,20,0.0
498,399,0.0
498,476,0.0
498,264,0.0
498,200,0.0
498,189,0.0
498,362,0.0
498,17,0.0
498,16,0.0
590,264,8.808790706915401
590,189,7.737886445937312
590,362,7.578120694993777
590,119,7.363798347204453
590,200,7.127789988171326
590,310,5.3167722246759395
590,287,3.1928356046378745
590,79,2.7835743577327516
590,22,2.5276454117142966
590,16,2.4105596105833227
574,20,0.0
574,399,0.0
574,476,0.0
574,200,0.0
574,189,0.0
574,362,0.0
574,17,0.0
574,16,0.0
574,310,0.0
574,59,0.0
575,119,0.0
575,20,0.0
575,399,0.0
575,476,0.0
575,264,0.0
575,200,0.0
575,189,0.0
575,362,0.0
575,17,0.0
575,16,0.0
453,119,0.0
453,20,0.0
453,399,0.0
453,476,0.0
453,264,0.0
453,200,0.0
453,189,0.0
453,362,0.0
453,17,0.0
453,16,0.0
564,119,0.0
564,20,0.0
564,399,0.0
564,476,0.0
564,264,0.0
564,200,0.0
564,189,0.0
564,362,0.0
564,17,0.0
564,16,0.0
562,119,0.0
562,20,0.0
562,399,0.0
562,476,0.0
562,264,0.0
562,200,0.0
562,189,0.0
562,362,0.0
562,17,0.0
562,16,0.0
643,119,0.0
643,20,0.0
643,399,0.0
643,476,0.0
643,264,0.0
643,200,0.0
643,189,0.0
643,362,0.0
643,17,0.0
643,16,0.0
501,264,11.57792388254524
501,119,11.07792388254524
501,200,10.577923882545239
501,399,10.577923882545239
501,287,9.07792388254524
501,189,8.57792388254524
501,94,8.321994936526787
501,255,6.821994936526785
501,310,6.077923882545241
501,22,4.321994936526787
571,119,0.0
571,20,0.0
571,399,0.0
571,476,0.0
571,264,0.0
571,200,0.0
571,189,0.0
571,362,0.0
571,17,0.0
571,16,0.0
508,119,0.0
508,20,0.0
508,399,0.0
508,476,0.0
508,264,0.0
508,200,0.0
508,189,0.0
508,362,0.0
508,17,0.0
508,16,0.0
656,119,0.0
656,20,0.0
656,399,0.0
656,476,0.0
656,264,0.0
656,200,0.0
656,189,0.0
656,362,0.0
656,17,0.0
656,16,0.0
499,119,0.0
499,20,0.0
499,399,0.0
499,476,0.0
499,264,0.0
499,200,0.0
499,189,0.0
499,362,0.0
499,17,0.0
499,16,0.0
637,119,0.0
637,20,0.0
637,399,0.0
637,476,0.0
637,264,0.0
637,200,0.0
637,189,0.0
637,362,0.0
637,17,0.0
637,16,0.0
586,89,1.3273268353539884
586,16,0.6770685874015125
586,77,0.42640143271122083
586,415,0.11470786693528091
586,400,0.0
586,190,-0.09090909090909091
586,125,-0.09090909090909091
586,19,-0.09090909090909091
586,476,-0.5000000000000001
586,17,-0.5000000000000001
527,119,0.0
527,20,0.0
527,399,0.0
527,476,0.0
527,264,0.0
527,200,0.0
527,189,0.0
527,362,0.0
527,17,0.0
527,16,0.0
626,119,0.0
626,20,0.0
626,399,0.0
626,476,0.0
626,264,0.0
626,200,0.0
626,189,0.0
626,362,0.0
626,17,0.0
626,16,0.0
551,119,0.0
551,20,0.0
551,399,0.0
551,476,0.0
551,264,0.0
551,200,0.0
551,189,0.0
551,362,0.0
551,17,0.0
551,16,0.0
502,119,0.0
502,20,0.0
502,399,0.0
502,476,0.0
502,264,0.0
502,200,0.0
502,189,0.0
502,362,0.0
502,17,0.0
502,16,0.0
582,119,0.0
582,20,0.0
582,399,0.0
582,476,0.0
582,264,0.0
582,200,0.0
582,189,0.0
582,362,0.0
582,17,0.0
582,16,0.0
511,119,0.0
511,20,0.0
511,399,0.0
511,476,0.0
511,264,0.0
511,200,0.0
511,189,0.0
511,362,0.0
511,17,0.0
511,16,0.0
573,119,0.0
573,20,0.0
573,399,0.0
573,476,0.0
573,264,0.0
573,200,0.0
573,189,0.0
573,362,0.0
573,17,0.0
573,16,0.0
462,119,0.0
462,20,0.0
462,399,0.0
462,476,0.0
462,264,0.0
462,200,0.0
462,189,0.0
462,362,0.0
462,17,0.0
462,16,0.0
604,119,0.0
604,20,0.0
604,399,0.0
604,476,0.0
604,264,0.0
604,200,0.0
604,189,0.0
604,362,0.0
604,17,0.0
604,16,0.0
473,119,0.0
473,20,0.0
473,399,0.0
473,476,0.0
473,264,0.0
473,200,0.0
473,189,0.0
473,362,0.0
473,17,0.0
473,16,0.0
488,119,0.0
488,399,0.0
488,476,0.0
488,264,0.0
488,200,0.0
488,189,0.0
488,362,0.0
488,17,0.0
488,16,0.0
488,310,0.0
558,287,5.283552379026608
558,352,3.7279618672737787
558,264,3.0394813250450614
558,16,2.585158664292633
558,119,2.2284635615496757
558,284,2.0
558,200,1.6357116799788347
558,22,1.5136761529880651
558,78,1.3873759512385924
558,89,1.0
613,119,0.0
613,20,0.0
613,399,0.0
613,476,0.0
613,264,0.0
613,200,0.0
613,189,0.0
613,362,0.0
613,17,0.0
613,16,0.0
547,119,0.0
547,20,0.0
547,476,0.0
547,264,0.0
547,200,0.0
547,189,0.0
547,362,0.0
547,17,0.0
547,16,0.0
547,310,0.0
505,119,0.0
505,20,0.0
505,399,0.0
505,476,0.0
505,264,0.0
505,200,0.0
505,189,0.0
505,362,0.0
505,17,0.0
505,16,0.0
595,119,0.0
595,20,0.0
595,399,0.0
595,476,0.0
595,264,0.0
595,200,0.0
595,189,0.0
595,362,0.0
595,17,0.0
595,16,0.0
658,119,0.0
658,20,0.0
658,399,0.0
658,476,0.0
658,264,0.0
658,200,0.0
658,189,0.0
658,362,0.0
658,17,0.0
658,16,0.0
646,119,0.0
646,20,0.0
646,399,0.0
646,476,0.0
646,264,0.0
646,200,0.0
646,189,0.0
646,362,0.0
646,17,0.0
646,16,0.0
497,119,0.0
497,20,0.0
497,399,0.0
497,476,0.0
497,264,0.0
497,200,0.0
497,189,0.0
497,362,0.0
497,17,0.0
497,16,0.0
596,119,0.0
596,20,0.0
596,399,0.0
596,476,0.0
596,264,0.0
596,200,0.0
596,189,0.0
596,362,0.0
596,17,0.0
596,16,0.0
628,119,0.0
628,399,0.0
628,476,0.0
628,264,0.0
628,200,0.0
628,189,0.0
628,362,0.0
628,17,0.0
628,16,0.0
628,310,0.0
630,119,0.0
630,20,0.0
630,399,0.0
630,476,0.0
630,264,0.0
630,200,0.0
630,189,0.0
630,362,0.0
630,17,0.0
630,16,0.0
455,119,0.0
455,20,0.0
455,399,0.0
455,476,0.0
455,264,0.0
455,200,0.0
455,189,0.0
455,362,0.0
455,17,0.0
455,16,0.0
622,16,3.881762119095262
622,94,3.632455350482509
622,189,2.80512851512852
622,59,2.2559289460184546
622,310,2.1504748444205424
622,119,1.7179939104821624
622,255,1.4778016797745321
622,287,1.4778016797745313
622,415,0.8660254037844387
622,134,0.46206496446370826
580,119,0.0
580,20,0.0
580,399,0.0
580,476,0.0
580,264,0.0
580,200,0.0
580,189,0.0
580,362,0.0
580,17,0.0
580,16,0.0
530,119,0.0
530,20,0.0
530,399,0.0
530,476,0.0
530,264,0.0
530,200,0.0
530,189,0.0
530,362,0.0
530,17,0.0
530,16,0.0
532,119,0.0
532,399,0.0
532,476,0.0
532,264,0.0
532,200,0.0
532,189,0.0
532,362,0.0
532,17,0.0
532,16,0.0
532,310,0.0
503,119,0.0
503,20,0.0
503,399,0.0
503,476,0.0
503,264,0.0
503,200,0.0
503,189,0.0
503,362,0.0
503,17,0.0
503,16,0.0
652,119,0.0
652,20,0.0
652,399,0.0
652,476,0.0
652,264,0.0
652,200,0.0
652,189,0.0
652,362,0.0
652,17,0.0
652,16,0.0
456,119,0.0
456,20,0.0
456,399,0.0
456,476,0.0
456,264,0.0
456,200,0.0
456,189,0.0
456,362,0.0
456,17,0.0
456,16,0.0
457,119,0.0
457,20,0.0
457,399,0.0
457,476,0.0
457,264,0.0
457,200,0.0
457,189,0.0
457,362,0.0
457,17,0.0
457,16,0.0
468,119,0.0
468,20,0.0
468,399,0.0
468,476,0.0
468,264,0.0
468,200,0.0
468,189,0.0
468,362,0.0
468,17,0.0
468,16,0.0
647,119,0.0
647,20,0.0
647,399,0.0
647,476,0.0
647,264,0.0
647,200,0.0
647,189,0.0
647,362,0.0
647,17,0.0
647,16,0.0
490,119,0.0
490,20,0.0
490,399,0.0
490,476,0.0
490,264,0.0
490,200,0.0
490,189,0.0
490,362,0.0
490,17,0.0
490,16,0.0
559,119,0.0
559,20,0.0
559,399,0.0
559,476,0.0
559,264,0.0
559,200,0.0
559,189,0.0
559,362,0.0
559,17,0.0
559,16,0.0
536,119,0.0
536,20,0.0
536,399,0.0
536,476,0.0
536,264,0.0
536,200,0.0
536,189,0.0
536,362,0.0
536,17,0.0
536,16,0.0
470,119,0.0
470,20,0.0
470,399,0.0
470,476,0.0
470,264,0.0
470,200,0.0
470,189,0.0
470,362,0.0
470,17,0.0
470,16,0.0
615,119,0.0
615,20,0.0
615,399,0.0
615,476,0.0
615,264,0.0
615,200,0.0
615,189,0.0
615,362,0.0
615,17,0.0
615,16,0.0
531,119,0.0
531,399,0.0
531,476,0.0
531,264,0.0
531,200,0.0
531,189,0.0
531,362,0.0
531,17,0.0
531,16,0.0
531,310,0.0
563,119,0.0
563,20,0.0
563,399,0.0
563,476,0.0
563,264,0.0
563,200,0.0
563,189,0.0
563,362,0.0
563,17,0.0
563,16,0.0
480,119,0.0
480,20,0.0
480,399,0.0
480,476,0.0
480,264,0.0
480,200,0.0
480,189,0.0
480,362,0.0
480,17,0.0
480,16,0.0
636,119,0.0
636,20,0.0
636,399,0.0
636,476,0.0
636,264,0.0
636,200,0.0
636,189,0.0
636,362,0.0
636,17,0.0
636,16,0.0
467,119,0.0
467,20,0.0
467,399,0.0
467,476,0.0
467,264,0.0
467,200,0.0
467,189,0.0
467,362,0.0
467,17,0.0
467,16,0.0
567,119,0.0
567,20,0.0
567,399,0.0
567,476,0.0
567,264,0.0
567,200,0.0
567,189,0.0
567,362,0.0
567,17,0.0
567,16,0.0
537,119,0.0
537,20,0.0
537,399,0.0
537,476,0.0
537,264,0.0
537,200,0.0
537,189,0.0
537,362,0.0
537,17,0.0
537,16,0.0
543,119,0.0
543,20,0.0
543,399,0.0
543,476,0.0
543,264,0.0
543,200,0.0
543,189,0.0
543,362,0.0
543,17,0.0
543,16,0.0
666,287,13.708865545523702
666,89,2.311558040795859
666,284,1.2933432088740973
666,134,0.8931574132336416
666,78,0.8564362300366062
666,190,0.6433512151038927
666,77,0.5916079783099616
666,415,0.5367563050652842
666,125,0.5335869551142024
666,19,0.5335869551142024
670,119,0.0
670,20,0.0
670,399,0.0
670,476,0.0
670,264,0.0
670,200,0.0
670,189,0.0
670,362,0.0
670,17,0.0
670,16,0.0
674,255,3.999999999999999
674,352,1.9999999999999991
674,125,0.9999999999999998
674,415,0.9999999999999998
674,19,0.9999999999999998
674,284,0.0
674,476,0.0
674,134,0.0
674,190,0.0
674,17,0.0
663,119,2.9687078200399073
663,16,1.6833118839918697
663,399,1.4664146529973097
663,362,0.836341191948119
663,416,0.5070900937399547
663,284,0.3809139315613332
663,476,0.2857142857142857
663,17,0.2857142857142857
663,190,0.2365419769059835
663,125,0.2365419769059835
673,200,13.027601434670036
673,20,11.29761614402754
673,189,11.16174066988526
673,255,7.932856124710916
673,287,7.5413832504352065
673,94,7.342283636656385
673,310,6.865037819734759
673,16,5.8182859851300055
673,362,5.627986770405085
673,59,3.1386101495211025
669,119,0.0
669,20,0.0
669,399,0.0
669,476,0.0
669,264,0.0
669,200,0.0
669,189,0.0
669,362,0.0
669,17,0.0
669,16,0.0
672,399,8.013107293135306
672,362,7.110600716704148
672,94,5.801158064558463
672,16,5.800842122225338
672,264,4.797634405519101
672,22,2.101184584173393
672,134,1.7530098003182755
672,59,1.5726239582797583
672,287,1.3926325053761845
672,824,1.2254938084008486
667,119,0.0
667,20,0.0
667,399,0.0
667,476,0.0
667,264,0.0
667,200,0.0
667,189,0.0
667,362,0.0
667,17,0.0
667,16,0.0
675,119,0.0
675,20,0.0
675,399,0.0
675,476,0.0
675,264,0.0
675,200,0.0
675,189,0.0
675,362,0.0
675,17,0.0
675,16,0.0
668,119,0.0
668,20,0.0
668,399,0.0
668,476,0.0
668,264,0.0
668,200,0.0
668,189,0.0
668,362,0.0
668,17,0.0
668,16,0.0
439,119,0.0
439,20,0.0
439,399,0.0
439,476,0.0
439,264,0.0
439,200,0.0
439,189,0.0
439,362,0.0
439,17,0.0
439,16,0.0
426,119,0.0
426,20,0.0
426,399,0.0
426,476,0.0
426,264,0.0
426,200,0.0
426,189,0.0
426,362,0.0
426,17,0.0
426,16,0.0
424,119,0.0
424,20,0.0
424,399,0.0
424,476,0.0
424,264,0.0
424,200,0.0
424,189,0.0
424,362,0.0
424,17,0.0
424,16,0.0
435,119,0.0
435,20,0.0
435,399,0.0
435,476,0.0
435,264,0.0
435,200,0.0
435,189,0.0
435,362,0.0
435,17,0.0
435,16,0.0
433,119,0.0
433,20,0.0
433,399,0.0
433,476,0.0
433,264,0.0
433,200,0.0
433,189,0.0
433,362,0.0
433,17,0.0
433,16,0.0
432,119,0.0
432,20,0.0
432,399,0.0
432,476,0.0
432,264,0.0
432,200,0.0
432,189,0.0
432,362,0.0
432,17,0.0
432,16,0.0
443,119,0.0
443,20,0.0
443,399,0.0
443,476,0.0
443,264,0.0
443,200,0.0
443,189,0.0
443,362,0.0
443,17,0.0
443,16,0.0
440,119,0.0
440,20,0.0
440,399,0.0
440,476,0.0
440,264,0.0
440,200,0.0
440,189,0.0
440,362,0.0
440,17,0.0
440,16,0.0
415,362,6.0
415,94,5.0
415,16,5.0
415,399,5.0
415,310,4.0
415,264,3.0
415,200,3.0
415,189,3.0
415,287,2.0
415,134,2.0
429,119,0.0
429,20,0.0
429,399,0.0
429,476,0.0
429,264,0.0
429,200,0.0
429,189,0.0
429,362,0.0
429,17,0.0
429,16,0.0
420,16,2.4993740026801055
420,59,1.725435524263203
420,362,1.1622555242725643
420,824,0.9834472312752551
420,77,0.6209822678788943
420,134,0.5258634770066144
420,415,0.4595879916971408
420,78,0.42340546301080306
420,284,0.3335141035904251
420,89,0.13980196130701994
411,89,1.642030058019237
411,476,0.22925612443543897
411,17,0.22925612443543897
411,284,0.20253278083288823
411,415,0.07863804617387939
411,400,0.0
411,125,-0.026744086967735864
411,19,-0.026744086967735864
411,416,-0.08574911959925963
411,78,-0.11863097908779119
430,119,0.0
430,20,0.0
430,399,0.0
430,476,0.0
430,264,0.0
430,200,0.0
430,189,0.0
430,362,0.0
430,17,0.0
430,16,0.0
422,189,7.62554526656054
422,79,6.155581214011239
422,94,5.342629539465576
422,200,4.737525359771601
422,362,4.206685606822727
422,310,3.759323305134444
422,287,3.7006366447955665
422,255,2.7183853069535404
422,16,1.7459553405276416
422,78,1.5732282823787693
436,119,0.0
436,20,0.0
436,399,0.0
436,476,0.0
436,264,0.0
436,200,0.0
436,189,0.0
436,362,0.0
436,17,0.0
436,16,0.0
417,119,0.0
417,20,0.0
417,399,0.0
417,476,0.0
417,200,0.0
417,189,0.0
417,362,0.0
417,17,0.0
417,16,0.0
417,310,0.0
438,119,0.0
438,20,0.0
438,399,0.0
438,476,0.0
438,264,0.0
438,200,0.0
438,189,0.0
438,362,0.0
438,17,0.0
438,16,0.0
442,119,0.0
442,20,0.0
442,399,0.0
442,476,0.0
442,264,0.0
442,200,0.0
442,189,0.0
442,362,0.0
442,17,0.0
442,16,0.0
431,119,0.0
431,20,0.0
431,399,0.0
431,476,0.0
431,264,0.0
431,200,0.0
431,189,0.0
431,362,0.0
431,17,0.0
431,16,0.0
419,119,0.0
419,20,0.0
419,399,0.0
419,476,0.0
419,264,0.0
419,200,0.0
419,189,0.0
419,362,0.0
419,17,0.0
419,16,0.0
441,189,5.698265123348262
441,119,5.698265123348262
441,20,5.698265123348262
441,399,4.698265123348262
441,287,4.198265123348263
441,94,3.832239719563825
441,310,3.6982651233482633
441,16,3.1982651233482624
441,255,2.1982651233482633
441,22,2.198265123348263
414,119,0.0
414,20,0.0
414,399,0.0
414,476,0.0
414,264,0.0
414,200,0.0
414,362,0.0
414,17,0.0
414,16,0.0
414,310,0.0
410,119,0.0
410,20,0.0
410,399,0.0
410,476,0.0
410,264,0.0
410,200,0.0
410,189,0.0
410,362,0.0
410,17,0.0
410,16,0.0
423,119,0.0
423,20,0.0
423,399,0.0
423,476,0.0
423,264,0.0
423,200,0.0
423,189,0.0
423,362,0.0
423,17,0.0
423,16,0.0
418,119,0.0
418,20,0.0
418,399,0.0
418,476,0.0
418,264,0.0
418,200,0.0
418,189,0.0
418,362,0.0
418,17,0.0
418,16,0.0
412,119,0.0
412,20,0.0
412,399,0.0
412,476,0.0
412,264,0.0
412,200,0.0
412,189,0.0
412,362,0.0
412,17,0.0
412,16,0.0
428,119,0.0
428,20,0.0
428,399,0.0
428,476,0.0
428,264,0.0
428,200,0.0
428,189,0.0
428,362,0.0
428,17,0.0
428,16,0.0
437,119,0.0
437,20,0.0
437,399,0.0
437,476,0.0
437,264,0.0
437,200,0.0
437,189,0.0
437,362,0.0
437,17,0.0
437,16,0.0
434,119,0.0
434,20,0.0
434,399,0.0
434,476,0.0
434,264,0.0
434,200,0.0
434,189,0.0
434,362,0.0
434,17,0.0
434,16,0.0
413,119,0.0
413,20,0.0
413,399,0.0
413,476,0.0
413,264,0.0
413,200,0.0
413,189,0.0
413,362,0.0
413,17,0.0
413,16,0.0
44,89,2.7738256059049493
44,78,1.7703786268443147
44,284,1.0187359645687377
44,400,0.9999999999999998
44,416,0.9256102073340761
44,134,0.7341293778545183
44,415,0.27902309073231535
44,19,0.10652811123072083
44,125,0.10652811123072083
44,824,0.09547939261460535
57,189,11.426345606991795
57,287,10.90768074584539
57,310,9.496027369608509
57,362,6.138569160019307
57,79,5.556490286248577
57,255,5.379729800763227
57,16,4.5058606868094495
57,352,3.1053388956168497
57,22,3.0636154817946952
57,59,2.4422888557535996
38,264,14.469441616910455
38,255,6.810963704613357
38,287,6.553345875628383
38,16,6.392803162395913
38,22,4.726568869006529
38,79,2.9876587059685003
38,352,2.4391735058410733
38,59,1.873939995811416
38,78,1.7862783221879515
38,134,1.6926925262410684
45,20,12.64898118532016
45,79,7.283991409183516
45,16,6.221328254135558
45,189,5.8082832991861215
45,94,5.156598390077049
45,310,3.629030036762198
45,352,2.5508000863894513
45,362,2.1153232008846246
45,78,1.4447489858840652
45,400,0.9999999999999998
28,134,3.0000000000000004
28,310,1.0000000000000007
28,476,1.0000000000000002
28,17,1.0000000000000002
28,284,1.0000000000000002
28,362,0.9999999999999998
28,255,0.9999999999999998
28,16,2.220446049250313E-16
28,78,2.220446049250313E-16
28,415,0.0
61,94,10.586446627417239
61,78,2.8197730963515535
61,190,0.9899033095896529
61,416,0.9719524363439013
61,824,0.7552478820945463
61,89,0.46928976642038256
61,77,0.3291794846689796
61,284,0.2789308274048668
61,134,0.21548984613101288
61,19,0.04499212706658479
36,399,13.0
36,189,11.0
36,264,11.0
36,200,10.0
36,119,10.0
36,362,8.0
36,310,7.0
36,287,6.0
36,255,4.999999999999999
36,16,4.0
54,119,0.0
54,20,0.0
54,399,0.0
54,476,0.0
54,264,0.0
54,200,0.0
54,189,0.0
54,362,0.0
54,17,0.0
54,16,0.0
47,119,0.0
47,20,0.0
47,399,0.0
47,476,0.0
47,264,0.0
47,200,0.0
47,189,0.0
47,362,0.0
47,17,0.0
47,16,0.0
29,119,0.0
29,20,0.0
29,399,0.0
29,476,0.0
29,264,0.0
29,200,0.0
29,189,0.0
29,362,0.0
29,17,0.0
29,16,0.0
26,119,0.0
26,20,0.0
26,399,0.0
26,476,0.0
26,264,0.0
26,200,0.0
26,189,0.0
26,362,0.0
26,17,0.0
26,16,0.0
33,264,16.60003360708113
33,79,13.620415104468576
33,94,12.185107700753537
33,310,9.51637844072518
33,362,7.36460567751498
33,255,5.481617179567168
33,352,4.955945123206282
33,22,3.918437079253115
33,16,3.8679255326311885
33,59,3.245177860429099
46,20,16.0
46,264,16.0
46,399,15.0
46,119,14.0
46,287,13.0
46,310,12.0
46,189,11.0
46,255,9.0
46,362,8.0
46,16,5.999999999999999
21,200,14.508055022038217
21,94,11.892779539420093
21,287,11.623297742536167
21,16,4.920568474703961
21,255,4.792003285124689
21,310,4.583600730795453
21,352,4.17459152790336
21,362,4.12585704132505
21,22,3.5678332750379322
21,78,2.7887536645547897
48,119,0.0
48,20,0.0
48,399,0.0
48,476,0.0
48,264,0.0
48,200,0.0
48,189,0.0
48,362,0.0
48,17,0.0
48,16,0.0
7,119,0.0
7,20,0.0
7,399,0.0
7,476,0.0
7,264,0.0
7,200,0.0
7,189,0.0
7,362,0.0
7,17,0.0
7,16,0.0
53,119,0.0
53,20,0.0
53,399,0.0
53,476,0.0
53,264,0.0
53,200,0.0
53,189,0.0
53,362,0.0
53,17,0.0
53,16,0.0
8,119,0.0
8,20,0.0
8,399,0.0
8,476,0.0
8,264,0.0
8,200,0.0
8,189,0.0
8,362,0.0
8,17,0.0
8,16,0.0
25,119,0.0
25,399,0.0
25,476,0.0
25,264,0.0
25,200,0.0
25,189,0.0
25,362,0.0
25,17,0.0
25,16,0.0
25,310,0.0
35,16,3.9272236355959516
35,59,3.212658756008465
35,89,3.0486660888780306
35,78,2.942184083824211
35,79,1.7963567148438075
35,400,1.0
35,824,0.9591237443394199
35,416,0.7134616920457227
35,17,0.6365903490137013
35,476,0.6365903490137013
19,119,0.0
19,20,0.0
19,399,0.0
19,476,0.0
19,264,0.0
19,200,0.0
19,189,0.0
19,362,0.0
19,17,0.0
19,16,0.0
69,119,0.0
69,20,0.0
69,399,0.0
69,476,0.0
69,264,0.0
69,189,0.0
69,362,0.0
69,17,0.0
69,16,0.0
69,310,0.0
20,79,3.0
20,416,2.0
20,287,1.9999999999999998
20,264,1.9999999999999998
20,94,1.9999999999999998
20,59,1.9999999999999998
20,824,1.0
20,190,1.0
20,22,1.0
20,125,1.0
23,119,0.0
23,20,0.0
23,399,0.0
23,476,0.0
23,264,0.0
23,200,0.0
23,189,0.0
23,362,0.0
23,17,0.0
23,16,0.0
56,119,0.0
56,20,0.0
56,399,0.0
56,476,0.0
56,264,0.0
56,200,0.0
56,189,0.0
56,362,0.0
56,17,0.0
56,16,0.0
14,119,0.0
14,20,0.0
14,399,0.0
14,476,0.0
14,264,0.0
14,200,0.0
14,189,0.0
14,362,0.0
14,17,0.0
14,16,0.0
37,119,0.0
37,20,0.0
37,399,0.0
37,476,0.0
37,264,0.0
37,200,0.0
37,189,0.0
37,362,0.0
37,17,0.0
37,16,0.0
34,119,0.0
34,20,0.0
34,399,0.0
34,476,0.0
34,264,0.0
34,200,0.0
34,189,0.0
34,362,0.0
34,17,0.0
34,16,0.0
58,119,0.0
58,20,0.0
58,399,0.0
58,476,0.0
58,264,0.0
58,200,0.0
58,189,0.0
58,362,0.0
58,17,0.0
58,16,0.0
4,119,0.0
4,20,0.0
4,399,0.0
4,476,0.0
4,200,0.0
4,189,0.0
4,362,0.0
4,17,0.0
4,16,0.0
4,310,0.0
24,119,0.0
24,20,0.0
24,399,0.0
24,476,0.0
24,264,0.0
24,200,0.0
24,189,0.0
24,362,0.0
24,17,0.0
24,16,0.0
70,119,0.0
70,20,0.0
70,399,0.0
70,476,0.0
70,264,0.0
70,200,0.0
70,189,0.0
70,362,0.0
70,17,0.0
70,16,0.0
40,119,0.0
40,20,0.0
40,399,0.0
40,476,0.0
40,264,0.0
40,200,0.0
40,189,0.0
40,362,0.0
40,17,0.0
40,16,0.0
6,119,0.0
6,20,0.0
6,399,0.0
6,476,0.0
6,264,0.0
6,200,0.0
6,189,0.0
6,362,0.0
6,17,0.0
6,16,0.0
39,119,0.0
39,20,0.0
39,399,0.0
39,476,0.0
39,264,0.0
39,200,0.0
39,189,0.0
39,362,0.0
39,17,0.0
39,16,0.0
41,119,0.0
41,20,0.0
41,399,0.0
41,476,0.0
41,264,0.0
41,200,0.0
41,189,0.0
41,362,0.0
41,17,0.0
41,16,0.0
66,287,5.9352887783420165
66,79,5.087798631325217
66,16,2.623973198556342
66,310,2.6142083996394003
66,94,1.570927966288093
66,400,1.0
66,284,0.7592840007730832
66,134,0.6773903188845746
66,78,0.46594609417805866
66,89,0.4451454538308831
17,264,10.173510704312822
17,119,7.728599521789754
17,20,7.673510704312822
17,399,7.673510704312822
17,189,6.755847768830574
17,94,6.484528467808208
17,287,5.173510704312821
17,79,4.551556354509929
17,362,4.2558477688305745
17,16,3.4999188228121203
43,119,0.0
43,20,0.0
43,399,0.0
43,476,0.0
43,264,0.0
43,200,0.0
43,189,0.0
43,362,0.0
43,17,0.0
43,16,0.0
11,119,0.0
11,20,0.0
11,399,0.0
11,476,0.0
11,264,0.0
11,200,0.0
11,189,0.0
11,362,0.0
11,17,0.0
11,16,0.0
10,200,6.518101085551429
10,255,6.147541280841525
10,79,3.6042509270065874
10,78,2.948854220529799
10,352,2.243132953380478
10,94,1.9140429194040622
10,22,1.6940849526899313
10,400,0.9999999999999998
10,416,0.8853747290328401
10,19,0.48498974603948164
12,119,0.0
12,20,0.0
12,399,0.0
12,476,0.0
12,264,0.0
12,200,0.0
12,189,0.0
12,362,0.0
12,17,0.0
12,16,0.0
16,119,0.0
16,20,0.0
16,399,0.0
16,476,0.0
16,264,0.0
16,200,0.0
16,189,0.0
16,362,0.0
16,17,0.0
16,16,0.0
64,119,0.0
64,20,0.0
64,399,0.0
64,476,0.0
64,264,0.0
64,200,0.0
64,189,0.0
64,362,0.0
64,17,0.0
64,16,0.0
30,119,0.0
30,20,0.0
30,399,0.0
30,476,0.0
30,264,0.0
30,200,0.0
30,189,0.0
30,362,0.0
30,17,0.0
30,16,0.0
32,119,0.0
32,20,0.0
32,399,0.0
32,476,0.0
32,264,0.0
32,200,0.0
32,189,0.0
32,362,0.0
32,17,0.0
32,16,0.0
68,119,0.0
68,20,0.0
68,399,0.0
68,476,0.0
68,264,0.0
68,200,0.0
68,189,0.0
68,362,0.0
68,17,0.0
68,16,0.0
9,399,4.0
9,119,4.0
9,200,4.0
9,189,4.0
9,362,4.0
9,20,4.0
9,287,3.0
9,264,3.0
9,94,3.0
9,255,3.0
27,119,0.0
27,20,0.0
27,399,0.0
27,476,0.0
27,264,0.0
27,200,0.0
27,189,0.0
27,362,0.0
27,17,0.0
27,16,0.0
50,119,0.0
50,20,0.0
50,399,0.0
50,476,0.0
50,264,0.0
50,200,0.0
50,189,0.0
50,362,0.0
50,17,0.0
50,16,0.0
31,119,0.0
31,20,0.0
31,399,0.0
31,476,0.0
31,264,0.0
31,200,0.0
31,189,0.0
31,362,0.0
31,17,0.0
31,16,0.0
2,119,0.0
2,20,0.0
2,399,0.0
2,476,0.0
2,264,0.0
2,200,0.0
2,189,0.0
2,362,0.0
2,17,0.0
2,16,0.0
42,119,0.0
42,20,0.0
42,399,0.0
42,476,0.0
42,264,0.0
42,200,0.0
42,189,0.0
42,362,0.0
42,17,0.0
42,16,0.0
49,119,0.0
49,20,0.0
49,399,0.0
49,476,0.0
49,264,0.0
49,200,0.0
49,189,0.0
49,362,0.0
49,17,0.0
49,16,0.0
51,119,0.0
51,20,0.0
51,399,0.0
51,476,0.0
51,264,0.0
51,200,0.0
51,189,0.0
51,362,0.0
51,17,0.0
51,16,0.0
15,119,0.0
15,20,0.0
15,399,0.0
15,476,0.0
15,264,0.0
15,200,0.0
15,189,0.0
15,362,0.0
15,17,0.0
15,16,0.0
688,119,0.0
688,20,0.0
688,399,0.0
688,476,0.0
688,264,0.0
688,200,0.0
688,189,0.0
688,362,0.0
688,17,0.0
688,16,0.0
678,119,0.0
678,20,0.0
678,399,0.0
678,476,0.0
678,264,0.0
678,200,0.0
678,189,0.0
678,362,0.0
678,17,0.0
678,16,0.0
739,119,0.0
739,20,0.0
739,399,0.0
739,476,0.0
739,264,0.0
739,200,0.0
739,362,0.0
739,17,0.0
739,16,0.0
739,310,0.0
679,119,0.0
679,20,0.0
679,399,0.0
679,476,0.0
679,264,0.0
679,200,0.0
679,189,0.0
679,362,0.0
679,17,0.0
679,16,0.0
687,119,0.0
687,20,0.0
687,399,0.0
687,476,0.0
687,264,0.0
687,200,0.0
687,189,0.0
687,362,0.0
687,17,0.0
687,16,0.0
729,362,1.734719206606055
729,17,0.9259259259259259
729,476,0.9259259259259259
729,77,0.8660254037844385
729,824,0.31628249090537025
729,19,0.22663336788336172
729,125,0.22663336788336172
729,190,0.22663336788336172
729,134,0.22480817096147288
729,78,0.0113373393880154
685,119,0.0
685,20,0.0
685,399,0.0
685,476,0.0
685,264,0.0
685,189,0.0
685,362,0.0
685,17,0.0
685,16,0.0
685,310,0.0
726,119,0.0
726,20,0.0
726,476,0.0
726,264,0.0
726,200,0.0
726,189,0.0
726,362,0.0
726,17,0.0
726,16,0.0
726,310,0.0
750,264,19.797025494449954
750,79,9.41287325772898
750,255,6.306034246010829
750,352,4.356586675665612
750,22,3.7642915042549148
750,89,1.9358965836887978
750,416,1.677282811057528
750,824,1.1363793700565297
750,400,1.0
750,134,0.9481804353847285
691,284,0.0
691,134,0.0
691,255,0.0
691,264,0.0
691,287,0.0
691,79,0.0
691,22,0.0
691,476,0.0
691,17,0.0
691,352,0.0
712,119,0.0
712,20,0.0
712,399,0.0
712,476,0.0
712,264,0.0
712,200,0.0
712,189,0.0
712,362,0.0
712,17,0.0
712,16,0.0
701,119,0.0
701,20,0.0
701,399,0.0
701,476,0.0
701,264,0.0
701,200,0.0
701,189,0.0
701,362,0.0
701,17,0.0
701,16,0.0
690,119,0.0
690,20,0.0
690,399,0.0
690,476,0.0
690,264,0.0
690,200,0.0
690,189,0.0
690,362,0.0
690,17,0.0
690,16,0.0
677,119,0.0
677,20,0.0
677,399,0.0
677,476,0.0
677,264,0.0
677,200,0.0
677,189,0.0
677,362,0.0
677,17,0.0
677,16,0.0
727,255,5.520580958782469
727,362,5.06790969510689
727,352,2.9597995139927384
727,22,2.5406567635718216
727,79,1.002465172343182
727,400,0.9999999999999998
727,77,0.6387140179060973
727,59,0.622108643655753
727,89,0.5079924920739336
727,134,0.39252959329171244
699,119,0.0
699,20,0.0
699,399,0.0
699,476,0.0
699,264,0.0
699,200,0.0
699,189,0.0
699,362,0.0
699,17,0.0
699,16,0.0
707,200,5.0
707,287,5.0
707,189,4.0
707,119,4.0
707,399,4.0
707,310,4.0
707,264,3.999999999999999
707,78,3.0
707,59,2.9999999999999996
707,94,2.999999999999999
737,119,0.0
737,20,0.0
737,399,0.0
737,476,0.0
737,264,0.0
737,200,0.0
737,189,0.0
737,362,0.0
737,17,0.0
737,16,0.0
724,119,0.0
724,399,0.0
724,476,0.0
724,264,0.0
724,200,0.0
724,189,0.0
724,362,0.0
724,17,0.0
724,16,0.0
724,310,0.0
705,399,9.315085241359172
705,119,4.950326764288027
705,79,4.41040729582269
705,352,2.2657378796537753
705,16,2.205593859147185
705,255,2.075927103733563
705,189,2.0658522874689274
705,824,1.1020237077392157
705,416,0.824618300302655
705,284,0.6653874893830123
680,119,0.0
680,20,0.0
680,399,0.0
680,476,0.0
680,264,0.0
680,200,0.0
680,189,0.0
680,362,0.0
680,17,0.0
680,16,0.0
722,119,0.0
722,20,0.0
722,399,0.0
722,476,0.0
722,264,0.0
722,200,0.0
722,189,0.0
722,362,0.0
722,17,0.0
722,16,0.0
741,20,0.0
741,476,0.0
741,264,0.0
741,200,0.0
741,362,0.0
741,17,0.0
741,16,0.0
741,310,0.0
741,59,0.0
741,287,0.0
719,119,0.0
719,20,0.0
719,399,0.0
719,476,0.0
719,264,0.0
719,200,0.0
719,189,0.0
719,362,0.0
719,17,0.0
719,16,0.0
752,119,0.0
752,20,0.0
752,399,0.0
752,476,0.0
752,264,0.0
752,200,0.0
752,189,0.0
752,362,0.0
752,17,0.0
752,16,0.0
714,399,18.90372699531796
714,119,16.19861652698247
714,287,10.033680205437735
714,189,10.024011060444954
714,79,7.22868937808968
714,16,5.736337789184058
714,362,5.5607584596294455
714,59,3.65684247134524
714,78,2.424954817403406
714,416,2.211546268314901
742,264,11.43519357551257
742,287,7.942025185956414
742,79,7.877421998444927
742,94,7.588047133876879
742,352,4.607945489882837
742,22,2.9888488059265335
742,89,1.3683992677987826
742,400,1.0
742,824,0.8517612423179054
742,190,0.6406102479553514
730,119,0.0
730,20,0.0
730,399,0.0
730,476,0.0
730,264,0.0
730,200,0.0
730,189,0.0
730,362,0.0
730,17,0.0
730,16,0.0
713,189,8.37017362621655
713,20,8.37017362621655
713,119,8.102224433785427
713,287,7.370173626216549
713,399,7.370173626216548
713,310,7.254218523939023
713,94,6.715519955508572
713,200,6.370173626216548
713,59,3.9449111825230676
713,22,2.944911182523068
720,264,18.702319691015866
720,399,17.79878168329917
720,287,13.691188811838394
720,189,11.259437807228723
720,255,10.675659394591332
720,94,9.60020201239546
720,310,8.213406506466194
720,16,6.7116226886291495
720,352,6.512163509715384
720,22,4.1868213358842095
693,119,0.0
693,20,0.0
693,399,0.0
693,476,0.0
693,264,0.0
693,200,0.0
693,189,0.0
693,362,0.0
693,17,0.0
693,16,0.0
695,20,10.50457071505254
695,189,9.815507301360045
695,399,8.815507301360045
695,200,7.815507301360045
695,79,7.672650158502902
695,255,6.315507301360045
695,94,5.815507301360045
695,287,5.504570715052537
695,310,5.370596118836977
695,352,3.1726501585029023
694,119,0.0
694,20,0.0
694,399,0.0
694,476,0.0
694,264,0.0
694,200,0.0
694,189,0.0
694,362,0.0
694,17,0.0
694,16,0.0
748,119,0.0
748,20,0.0
748,399,0.0
748,476,0.0
748,264,0.0
748,200,0.0
748,189,0.0
748,362,0.0
748,17,0.0
748,16,0.0
721,119,0.0
721,20,0.0
721,399,0.0
721,476,0.0
721,264,0.0
721,200,0.0
721,189,0.0
721,362,0.0
721,17,0.0
721,16,0.0
766,119,0.0
766,20,0.0
766,399,0.0
766,476,0.0
766,264,0.0
766,200,0.0
766,189,0.0
766,362,0.0
766,17,0.0
766,16,0.0
689,119,0.0
689,20,0.0
689,399,0.0
689,476,0.0
689,264,0.0
689,200,0.0
689,189,0.0
689,362,0.0
689,17,0.0
689,16,0.0
684,119,0.0
684,20,0.0
684,399,0.0
684,476,0.0
684,264,0.0
684,200,0.0
684,189,0.0
684,362,0.0
684,17,0.0
684,16,0.0
692,119,0.0
692,20,0.0
692,399,0.0
692,476,0.0
692,264,0.0
692,200,0.0
692,189,0.0
692,362,0.0
692,17,0.0
692,16,0.0
676,119,0.0
676,20,0.0
676,399,0.0
676,476,0.0
676,264,0.0
676,200,0.0
676,189,0.0
676,362,0.0
676,17,0.0
676,16,0.0
754,119,0.0
754,20,0.0
754,399,0.0
754,476,0.0
754,264,0.0
754,200,0.0
754,189,0.0
754,362,0.0
754,17,0.0
754,16,0.0
716,119,0.0
716,20,0.0
716,399,0.0
716,476,0.0
716,264,0.0
716,200,0.0
716,189,0.0
716,362,0.0
716,17,0.0
716,16,0.0
732,119,0.0
732,20,0.0
732,399,0.0
732,476,0.0
732,264,0.0
732,200,0.0
732,189,0.0
732,362,0.0
732,17,0.0
732,16,0.0
743,79,4.0
743,189,3.0
743,416,2.0
743,352,1.9999999999999998
743,190,1.0
743,284,1.0
743,17,1.0
743,78,1.0
743,476,1.0
743,89,1.0
718,119,0.0
718,20,0.0
718,399,0.0
718,476,0.0
718,200,0.0
718,189,0.0
718,362,0.0
718,17,0.0
718,16,0.0
718,310,0.0
725,119,0.0
725,20,0.0
725,399,0.0
725,476,0.0
725,264,0.0
725,200,0.0
725,189,0.0
725,362,0.0
725,17,0.0
725,16,0.0
749,119,0.0
749,20,0.0
749,399,0.0
749,476,0.0
749,264,0.0
749,200,0.0
749,189,0.0
749,362,0.0
749,17,0.0
749,16,0.0
683,119,0.0
683,20,0.0
683,399,0.0
683,476,0.0
683,264,0.0
683,200,0.0
683,189,0.0
683,362,0.0
683,17,0.0
683,16,0.0
755,119,0.0
755,20,0.0
755,399,0.0
755,476,0.0
755,264,0.0
755,200,0.0
755,189,0.0
755,362,0.0
755,17,0.0
755,16,0.0
682,119,0.0
682,20,0.0
682,399,0.0
682,476,0.0
682,264,0.0
682,200,0.0
682,189,0.0
682,362,0.0
682,17,0.0
682,16,0.0
740,119,0.0
740,20,0.0
740,399,0.0
740,476,0.0
740,264,0.0
740,200,0.0
740,362,0.0
740,17,0.0
740,16,0.0
740,310,0.0
733,119,0.0
733,20,0.0
733,399,0.0
733,476,0.0
733,264,0.0
733,200,0.0
733,189,0.0
733,362,0.0
733,17,0.0
733,16,0.0
709,119,0.0
709,20,0.0
709,399,0.0
709,476,0.0
709,264,0.0
709,200,0.0
709,189,0.0
709,362,0.0
709,17,0.0
709,16,0.0
702,119,0.0
702,20,0.0
702,399,0.0
702,476,0.0
702,264,0.0
702,200,0.0
702,189,0.0
702,362,0.0
702,17,0.0
702,16,0.0
708,119,0.0
708,20,0.0
708,399,0.0
708,476,0.0
708,264,0.0
708,200,0.0
708,189,0.0
708,362,0.0
708,17,0.0
708,16,0.0
711,119,0.0
711,20,0.0
711,399,0.0
711,476,0.0
711,264,0.0
711,200,0.0
711,189,0.0
711,362,0.0
711,17,0.0
711,16,0.0
765,119,0.0
765,20,0.0
765,399,0.0
765,476,0.0
765,264,0.0
765,200,0.0
765,189,0.0
765,362,0.0
765,17,0.0
765,16,0.0
723,119,0.0
723,20,0.0
723,399,0.0
723,476,0.0
723,264,0.0
723,200,0.0
723,189,0.0
723,362,0.0
723,17,0.0
723,16,0.0
731,119,0.0
731,20,0.0
731,399,0.0
731,476,0.0
731,264,0.0
731,200,0.0
731,189,0.0
731,362,0.0
731,17,0.0
731,16,0.0
703,415,0.0
703,77,0.0
703,400,0.0
703,17,-0.3273268353539886
703,476,-0.3273268353539886
703,19,-0.8660254037844385
703,190,-0.8660254037844385
703,125,-0.8660254037844385
703,824,-1.654144168112059
703,89,-1.6546536707079769
763,119,0.0
763,20,0.0
763,399,0.0
763,476,0.0
763,264,0.0
763,200,0.0
763,189,0.0
763,362,0.0
763,17,0.0
763,16,0.0
762,119,0.0
762,20,0.0
762,399,0.0
762,476,0.0
762,264,0.0
762,189,0.0
762,362,0.0
762,17,0.0
762,16,0.0
762,310,0.0
761,119,0.0
761,20,0.0
761,399,0.0
761,476,0.0
761,264,0.0
761,200,0.0
761,189,0.0
761,362,0.0
761,17,0.0
761,16,0.0
199,94,8.746641670784271
199,255,8.45662347333887
199,22,4.304429275253569
199,89,2.5907886379855003
199,362,2.571722500513493
199,824,1.3691534520840234
199,416,1.1457233830578328
199,59,1.0293543214226353
199,134,0.6290350489033383
199,415,0.41922231348006245
206,119,0.0
206,20,0.0
206,399,0.0
206,476,0.0
206,264,0.0
206,200,0.0
206,189,0.0
206,362,0.0
206,17,0.0
206,16,0.0
103,119,0.0
103,20,0.0
103,399,0.0
103,476,0.0
103,264,0.0
103,200,0.0
103,189,0.0
103,362,0.0
103,17,0.0
103,16,0.0
286,20,15.0
286,399,13.0
286,200,10.0
286,189,10.0
286,119,10.0
286,287,10.0
286,310,7.0
286,255,7.0
286,94,6.0
286,362,6.0
145,119,0.0
145,20,0.0
145,399,0.0
145,476,0.0
145,264,0.0
145,200,0.0
145,189,0.0
145,362,0.0
145,17,0.0
145,16,0.0
345,119,0.0
345,20,0.0
345,399,0.0
345,476,0.0
345,264,0.0
345,200,0.0
345,189,0.0
345,362,0.0
345,17,0.0
345,16,0.0
282,119,0.0
282,20,0.0
282,399,0.0
282,476,0.0
282,264,0.0
282,200,0.0
282,189,0.0
282,362,0.0
282,17,0.0
282,16,0.0
143,119,0.0
143,20,0.0
143,399,0.0
143,476,0.0
143,264,0.0
143,200,0.0
143,189,0.0
143,362,0.0
143,17,0.0
143,16,0.0
160,119,0.0
160,20,0.0
160,399,0.0
160,476,0.0
160,264,0.0
160,200,0.0
160,189,0.0
160,362,0.0
160,17,0.0
160,16,0.0
381,119,0.0
381,20,0.0
381,399,0.0
381,476,0.0
381,264,0.0
381,200,0.0
381,189,0.0
381,362,0.0
381,17,0.0
381,16,0.0
335,189,4.513519275091914
335,16,3.055044816203438
335,59,1.4127683123299901
335,284,1.3471305917937584
335,416,1.020399247328657
335,824,0.6724162981001944
335,89,0.6295301180143245
335,415,0.3850770231077027
335,362,0.2705871774214501
335,125,-0.03214952147802747
398,119,0.0
398,20,0.0
398,399,0.0
398,476,0.0
398,264,0.0
398,200,0.0
398,189,0.0
398,362,0.0
398,17,0.0
398,16,0.0
375,119,0.0
375,20,0.0
375,399,0.0
375,476,0.0
375,200,0.0
375,189,0.0
375,362,0.0
375,17,0.0
375,16,0.0
375,310,0.0
91,119,8.122351582459029
91,287,7.828917466099066
91,362,6.957833976826898
91,22,6.9019497519151685
91,200,6.015569385770233
91,94,5.97261321201832
91,189,5.762240188964903
91,310,5.106347987482577
91,78,3.39879149826391
91,16,3.0616087608849494
172,119,0.0
172,20,0.0
172,399,0.0
172,476,0.0
172,264,0.0
172,200,0.0
172,189,0.0
172,362,0.0
172,17,0.0
172,16,0.0
144,119,0.0
144,20,0.0
144,399,0.0
144,476,0.0
144,200,0.0
144,189,0.0
144,362,0.0
144,17,0.0
144,16,0.0
144,310,0.0
405,119,0.0
405,20,0.0
405,399,0.0
405,476,0.0
405,264,0.0
405,200,0.0
405,189,0.0
405,362,0.0
405,17,0.0
405,16,0.0
133,119,0.0
133,20,0.0
133,399,0.0
133,476,0.0
133,264,0.0
133,200,0.0
133,189,0.0
133,362,0.0
133,17,0.0
133,16,0.0
329,284,0.0
329,134,0.0
329,78,0.0
329,59,0.0
329,94,0.0
329,362,0.0
329,17,0.0
329,16,0.0
329,476,0.0
329,416,0.0
185,119,0.0
185,20,0.0
185,399,0.0
185,476,0.0
185,200,0.0
185,189,0.0
185,362,0.0
185,17,0.0
185,16,0.0
185,310,0.0
283,264,5.0
283,255,4.0
283,200,4.0
283,20,4.0
283,310,4.0
283,352,3.0
283,119,3.0
283,399,2.0
283,416,2.0
283,189,2.0
355,310,11.216866361352343
355,20,10.322249874516551
355,189,8.445859614374895
355,399,8.38135382048953
355,94,6.978465872304136
355,16,6.482068540485364
355,362,5.854087815780953
355,287,5.82791036717164
355,79,5.1224556718114655
355,22,4.485843301722622
157,119,0.0
157,20,0.0
157,399,0.0
157,476,0.0
157,264,0.0
157,200,0.0
157,189,0.0
157,362,0.0
157,17,0.0
157,16,0.0
347,20,16.0
347,264,16.0
347,399,15.0
347,119,14.0
347,287,13.0
347,310,12.0
347,189,11.0
347,255,9.0
347,362,8.0
347,16,5.999999999999999
115,119,0.0
115,20,0.0
115,399,0.0
115,476,0.0
115,264,0.0
115,200,0.0
115,189,0.0
115,362,0.0
115,17,0.0
115,16,0.0
385,119,0.0
385,20,0.0
385,399,0.0
385,476,0.0
385,264,0.0
385,200,0.0
385,189,0.0
385,362,0.0
385,17,0.0
385,16,0.0
291,20,0.0
291,399,0.0
291,476,0.0
291,264,0.0
291,200,0.0
291,189,0.0
291,362,0.0
291,17,0.0
291,16,0.0
291,310,0.0
89,20,0.0
89,399,0.0
89,476,0.0
89,264,0.0
89,200,0.0
89,189,0.0
89,362,0.0
89,17,0.0
89,16,0.0
89,310,0.0
288,119,0.0
288,20,0.0
288,399,0.0
288,476,0.0
288,264,0.0
288,200,0.0
288,189,0.0
288,362,0.0
288,17,0.0
288,16,0.0
148,119,0.0
148,20,0.0
148,399,0.0
148,476,0.0
148,264,0.0
148,189,0.0
148,362,0.0
148,17,0.0
148,16,0.0
148,310,0.0
182,16,6.3004426886503415
182,94,4.777667735938266
182,399,4.630024026817946
182,200,3.423022296375299
182,189,3.243251730232405
182,362,2.613125526334003
182,255,2.5630319694129478
182,264,1.8679334788983668
182,119,1.6120045328799113
182,416,1.4815076100125133
237,119,0.0
237,20,0.0
237,399,0.0
237,476,0.0
237,264,0.0
237,200,0.0
237,189,0.0
237,362,0.0
237,17,0.0
237,16,0.0
153,119,0.0
153,399,0.0
153,476,0.0
153,264,0.0
153,200,0.0
153,189,0.0
153,362,0.0
153,17,0.0
153,16,0.0
153,310,0.0
359,119,0.0
359,20,0.0
359,476,0.0
359,264,0.0
359,200,0.0
359,189,0.0
359,362,0.0
359,17,0.0
359,16,0.0
359,310,0.0
255,119,0.0
255,20,0.0
255,399,0.0
255,476,0.0
255,264,0.0
255,200,0.0
255,189,0.0
255,362,0.0
255,17,0.0
255,16,0.0
147,119,0.0
147,20,0.0
147,399,0.0
147,476,0.0
147,264,0.0
147,200,0.0
147,189,0.0
147,362,0.0
147,17,0.0
147,16,0.0
198,255,4.555145167650023
198,134,1.5303721644243233
198,22,1.0858686975298868
198,77,0.9999999999999998
198,400,0.9999999999999998
198,476,0.8660254037844387
198,17,0.8660254037844387
198,89,0.1339745962155613
198,78,0.100117399650272
198,19,0.0
131,119,0.0
131,20,0.0
131,399,0.0
131,476,0.0
131,264,0.0
131,200,0.0
131,189,0.0
131,362,0.0
131,17,0.0
131,16,0.0
280,119,0.0
280,20,0.0
280,399,0.0
280,476,0.0
280,264,0.0
280,200,0.0
280,189,0.0
280,362,0.0
280,17,0.0
280,16,0.0
219,119,0.0
219,20,0.0
219,399,0.0
219,476,0.0
219,264,0.0
219,200,0.0
219,189,0.0
219,362,0.0
219,17,0.0
219,16,0.0
92,78,1.6112288175765577
92,77,1.0
92,824,0.9095589286275056
92,20,0.6033852672449347
92,59,0.5765228092844304
92,416,0.321435472211118
92,284,0.2581988897471611
92,19,0.13245323570650439
92,190,0.13245323570650439
92,125,0.13245323570650439
391,119,0.0
391,20,0.0
391,399,0.0
391,476,0.0
391,264,0.0
391,200,0.0
391,189,0.0
391,362,0.0
391,17,0.0
391,16,0.0
366,264,14.629448886769893
366,20,14.49547429055433
366,119,12.49547429055433
366,189,11.629448886769891
366,200,10.62944888676989
366,362,9.147468380707926
366,310,9.129448886769891
366,94,7.720576692122892
366,255,6.2025571981848575
366,352,6.184537704246823
119,119,0.0
119,20,0.0
119,399,0.0
119,476,0.0
119,264,0.0
119,200,0.0
119,189,0.0
119,362,0.0
119,17,0.0
119,16,0.0
93,119,0.0
93,20,0.0
93,399,0.0
93,476,0.0
93,264,0.0
93,200,0.0
93,189,0.0
93,362,0.0
93,17,0.0
93,16,0.0
247,119,0.0
247,20,0.0
247,399,0.0
247,476,0.0
247,264,0.0
247,200,0.0
247,189,0.0
247,362,0.0
247,17,0.0
247,16,0.0
221,119,0.0
221,20,0.0
221,399,0.0
221,476,0.0
221,264,0.0
221,200,0.0
221,189,0.0
221,362,0.0
221,17,0.0
221,16,0.0
408,17,1.0
408,476,1.0
408,77,0.0
408,134,0.0
408,400,0.0
408,824,-1.0
408,415,-1.0
408,89,-1.0
408,59,-1.0000000000000002
408,190,-1.0000000000000002
350,119,0.0
350,20,0.0
350,399,0.0
350,476,0.0
350,264,0.0
350,200,0.0
350,189,0.0
350,362,0.0
350,17,0.0
350,16,0.0
406,119,0.0
406,20,0.0
406,399,0.0
406,476,0.0
406,264,0.0
406,200,0.0
406,189,0.0
406,362,0.0
406,17,0.0
406,16,0.0
121,200,14.332537326182909
121,287,12.12988662222923
121,119,10.16612691898564
121,94,9.988460082368288
121,189,9.696146440598458
121,310,6.141103767948147
121,255,5.759496064235043
121,16,5.194206401905056
121,352,4.552288569463901
121,362,4.36577187384073
212,119,0.0
212,20,0.0
212,399,0.0
212,476,0.0
212,264,0.0
212,200,0.0
212,189,0.0
212,362,0.0
212,17,0.0
212,16,0.0
80,119,0.0
80,20,0.0
80,399,0.0
80,476,0.0
80,264,0.0
80,200,0.0
80,189,0.0
80,362,0.0
80,17,0.0
80,16,0.0
140,119,0.0
140,20,0.0
140,399,0.0
140,476,0.0
140,264,0.0
140,200,0.0
140,189,0.0
140,362,0.0
140,17,0.0
140,16,0.0
230,119,0.0
230,20,0.0
230,399,0.0
230,476,0.0
230,264,0.0
230,200,0.0
230,189,0.0
230,362,0.0
230,17,0.0
230,16,0.0
110,119,0.0
110,20,0.0
110,399,0.0
110,476,0.0
110,264,0.0
110,200,0.0
110,189,0.0
110,362,0.0
110,17,0.0
110,16,0.0
114,119,0.0
114,399,0.0
114,476,0.0
114,264,0.0
114,200,0.0
114,189,0.0
114,362,0.0
114,17,0.0
114,16,0.0
114,310,0.0
111,119,0.0
111,20,0.0
111,476,0.0
111,264,0.0
111,200,0.0
111,189,0.0
111,362,0.0
111,17,0.0
111,16,0.0
111,310,0.0
86,362,0.759621638333061
86,134,0.5000000000000001
86,255,0.4286021106644655
86,19,0.0
86,125,0.0
86,476,0.0
86,89,0.0
86,190,0.0
86,17,0.0
86,77,0.0
203,94,10.512500360813053
203,119,9.891247368105354
203,287,6.87245462371874
203,189,6.334073381633704
203,362,5.667089962421697
203,310,5.413907098759504
203,79,4.502542300111784
203,16,3.232093813353514
203,59,2.574350460637767
203,824,1.8314154269719474
152,399,15.267727939817341
152,20,12.9502339778108
152,189,10.877009226694964
152,264,8.758963583054468
152,255,7.648018725049749
152,362,6.72027051916102
152,287,6.276729568625905
152,16,6.048231231941134
152,310,6.024712205490445
152,78,4.647387355768154
211,119,0.0
211,20,0.0
211,399,0.0
211,476,0.0
211,264,0.0
211,200,0.0
211,189,0.0
211,362,0.0
211,17,0.0
211,16,0.0
253,119,0.0
253,20,0.0
253,399,0.0
253,476,0.0
253,264,0.0
253,200,0.0
253,189,0.0
253,362,0.0
253,17,0.0
253,16,0.0
141,119,0.0
141,20,0.0
141,399,0.0
141,476,0.0
141,264,0.0
141,200,0.0
141,189,0.0
141,362,0.0
141,17,0.0
141,16,0.0
300,119,0.0
300,20,0.0
300,399,0.0
300,476,0.0
300,264,0.0
300,200,0.0
300,189,0.0
300,362,0.0
300,17,0.0
300,16,0.0
409,416,1.9999999999999998
409,824,1.0
409,190,0.9999999999999998
409,125,0.9999999999999998
409,19,0.9999999999999998
409,310,2.220446049250313E-16
409,352,2.220446049250313E-16
409,255,2.220446049250313E-16
409,59,2.220446049250313E-16
409,134,0.0
407,119,0.0
407,20,0.0
407,399,0.0
407,476,0.0
407,264,0.0
407,200,0.0
407,189,0.0
407,362,0.0
407,17,0.0
407,16,0.0
372,119,0.0
372,20,0.0
372,399,0.0
372,476,0.0
372,264,0.0
372,200,0.0
372,189,0.0
372,362,0.0
372,17,0.0
372,16,0.0
174,119,0.0
174,20,0.0
174,399,0.0
174,476,0.0
174,264,0.0
174,200,0.0
174,189,0.0
174,362,0.0
174,17,0.0
174,16,0.0
336,119,0.0
336,20,0.0
336,399,0.0
336,476,0.0
336,264,0.0
336,200,0.0
336,189,0.0
336,362,0.0
336,17,0.0
336,16,0.0
387,362,6.0
387,94,5.0
387,16,5.0
387,399,5.0
387,310,4.0
387,264,3.0
387,200,3.0
387,189,3.0
387,287,2.0
387,134,2.0
175,119,0.0
175,20,0.0
175,399,0.0
175,476,0.0
175,264,0.0
175,200,0.0
175,189,0.0
175,362,0.0
175,17,0.0
175,16,0.0
88,119,0.0
88,20,0.0
88,399,0.0
88,476,0.0
88,264,0.0
88,200,0.0
88,189,0.0
88,362,0.0
88,17,0.0
88,16,0.0
107,119,0.0
107,20,0.0
107,399,0.0
107,476,0.0
107,264,0.0
107,200,0.0
107,189,0.0
107,362,0.0
107,17,0.0
107,16,0.0
281,190,0.9999999999999998
281,125,0.9999999999999998
281,19,0.9999999999999998
281,415,0.0
281,17,0.0
281,416,0.0
281,476,0.0
281,824,0.0
281,134,0.0
281,77,0.0
97,310,5.996926722211285
97,22,4.662381392340295
97,255,4.314134884848662
97,89,3.3785714285714286
97,352,2.223528671719884
97,59,1.8869688669878166
97,78,1.2064350624688756
97,400,0.9999999999999998
97,190,0.624427052715779
97,77,0.2357022603955158
179,22,2.9020300720593957
179,362,1.7144976984081048
179,89,0.9749074371949865
179,134,0.7965787863650995
179,17,0.18898223650461365
179,476,0.18898223650461365
179,77,0.11470786693528086
179,400,0.0
179,310,-0.28499536212718257
179,16,-0.2860545397030321
404,119,0.0
404,20,0.0
404,399,0.0
404,476,0.0
404,200,0.0
404,189,0.0
404,362,0.0
404,17,0.0
404,16,0.0
404,310,0.0
267,119,0.0
267,20,0.0
267,399,0.0
267,476,0.0
267,264,0.0
267,200,0.0
267,189,0.0
267,362,0.0
267,17,0.0
267,16,0.0
270,119,0.0
270,20,0.0
270,399,0.0
270,476,0.0
270,264,0.0
270,200,0.0
270,189,0.0
270,362,0.0
270,17,0.0
270,16,0.0
229,119,0.0
229,20,0.0
229,399,0.0
229,476,0.0
229,264,0.0
229,200,0.0
229,189,0.0
229,362,0.0
229,17,0.0
229,16,0.0
252,119,0.0
252,399,0.0
252,476,0.0
252,264,0.0
252,200,0.0
252,189,0.0
252,362,0.0
252,17,0.0
252,16,0.0
252,310,0.0
163,119,0.0
163,20,0.0
163,399,0.0
163,476,0.0
163,264,0.0
163,189,0.0
163,362,0.0
163,17,0.0
163,16,0.0
163,310,0.0
321,119,0.0
321,20,0.0
321,399,0.0
321,476,0.0
321,264,0.0
321,200,0.0
321,189,0.0
321,362,0.0
321,17,0.0
321,16,0.0
210,119,0.0
210,20,0.0
210,399,0.0
210,476,0.0
210,264,0.0
210,200,0.0
210,189,0.0
210,362,0.0
210,17,0.0
210,16,0.0
176,119,0.0
176,20,0.0
176,399,0.0
176,476,0.0
176,264,0.0
176,200,0.0
176,189,0.0
176,362,0.0
176,17,0.0
176,16,0.0
194,119,0.0
194,20,0.0
194,399,0.0
194,476,0.0
194,264,0.0
194,200,0.0
194,189,0.0
194,362,0.0
194,17,0.0
194,16,0.0
171,119,0.0
171,20,0.0
171,399,0.0
171,476,0.0
171,264,0.0
171,200,0.0
171,189,0.0
171,362,0.0
171,17,0.0
171,16,0.0
166,119,0.0
166,20,0.0
166,399,0.0
166,476,0.0
166,264,0.0
166,200,0.0
166,189,0.0
166,362,0.0
166,17,0.0
166,16,0.0
277,119,0.0
277,20,0.0
277,399,0.0
277,476,0.0
277,264,0.0
277,200,0.0
277,189,0.0
277,362,0.0
277,17,0.0
277,16,0.0
218,119,0.0
218,20,0.0
218,399,0.0
218,476,0.0
218,264,0.0
218,200,0.0
218,189,0.0
218,362,0.0
218,17,0.0
218,16,0.0
402,119,0.0
402,20,0.0
402,399,0.0
402,476,0.0
402,264,0.0
402,189,0.0
402,362,0.0
402,17,0.0
402,16,0.0
402,310,0.0
360,189,6.0
360,20,5.133974596215561
360,94,5.0
360,200,5.0
360,264,4.0
360,255,4.0
360,287,3.1339745962155607
360,310,3.0
360,16,3.0
360,362,3.0
365,264,10.517830922716469
365,200,7.177095542622894
365,20,6.751498417022232
365,399,5.842404442173528
365,287,5.712222925133095
365,94,2.9880217851517967
365,189,2.585143450079146
365,22,2.3464687619795788
365,352,1.772896160026137
365,78,1.024502102514965
362,119,0.0
362,20,0.0
362,399,0.0
362,476,0.0
362,264,0.0
362,200,0.0
362,189,0.0
362,362,0.0
362,17,0.0
362,16,0.0
363,119,0.0
363,20,0.0
363,399,0.0
363,476,0.0
363,264,0.0
363,200,0.0
363,189,0.0
363,362,0.0
363,17,0.0
363,16,0.0
196,119,0.0
196,20,0.0
196,399,0.0
196,476,0.0
196,264,0.0
196,200,0.0
196,189,0.0
196,362,0.0
196,17,0.0
196,16,0.0
388,119,0.0
388,20,0.0
388,399,0.0
388,476,0.0
388,264,0.0
388,200,0.0
388,189,0.0
388,362,0.0
388,17,0.0
388,16,0.0
390,399,1.5028475194758728
390,94,1.1732215913110104
390,59,1.172262541630798
390,17,0.9449111825230684
390,476,0.9449111825230684
390,189,0.8650747083248767
390,78,0.7245356085412766
390,134,0.44491118252306827
390,284,0.4303603491296048
390,824,0.4190653475451285
223,119,0.0
223,20,0.0
223,399,0.0
223,476,0.0
223,264,0.0
223,200,0.0
223,189,0.0
223,362,0.0
223,17,0.0
223,16,0.0
301,119,0.0
301,20,0.0
301,399,0.0
301,476,0.0
301,264,0.0
301,200,0.0
301,189,0.0
301,362,0.0
301,17,0.0
301,16,0.0
73,119,0.0
73,20,0.0
73,399,0.0
73,476,0.0
73,264,0.0
73,200,0.0
73,189,0.0
73,362,0.0
73,17,0.0
73,16,0.0
315,264,3.4725692063260905
315,362,2.7839906348591974
315,59,1.436467465262754
315,22,1.1020303447363848
315,287,1.0376829088393125
315,134,0.5001507305037213
315,476,0.46475800154488994
315,17,0.46475800154488994
315,189,0.147086509251114
315,400,0.0
306,79,5.0
306,264,5.0
306,20,4.0
306,119,3.0
306,399,3.0
306,310,3.0
306,94,2.0
306,255,2.0
306,200,2.0
306,189,2.0
312,310,4.085865193696296
312,284,2.0
312,79,1.427933220203406
312,20,1.3951725351122501
312,189,1.3874318823184888
312,134,1.1100964577659842
312,17,1.0
312,476,1.0
312,89,1.0
312,119,0.6252636357767694
309,190,1.0
309,415,1.0
309,125,1.0
309,19,1.0
309,255,0.9999999999999998
309,264,0.9999999999999996
309,824,0.0
309,22,0.0
309,416,0.0
309,352,0.0
279,20,23.430351054938477
279,399,22.7452457841869
279,119,18.14421062751842
279,189,15.410096213816914
279,310,12.988057675480633
279,16,10.67192022852594
279,94,8.490161657714427
279,362,5.855459077263081
279,59,3.89496426307073
279,22,2.6099413768905677
358,119,0.0
358,20,0.0
358,399,0.0
358,476,0.0
358,264,0.0
358,200,0.0
358,189,0.0
358,362,0.0
358,17,0.0
358,16,0.0
233,119,0.0
233,20,0.0
233,399,0.0
233,476,0.0
233,264,0.0
233,200,0.0
233,189,0.0
233,362,0.0
233,17,0.0
233,16,0.0
348,119,0.0
348,20,0.0
348,399,0.0
348,476,0.0
348,264,0.0
348,200,0.0
348,189,0.0
348,362,0.0
348,17,0.0
348,16,0.0
227,119,0.0
227,20,0.0
227,399,0.0
227,476,0.0
227,264,0.0
227,200,0.0
227,189,0.0
227,362,0.0
227,17,0.0
227,16,0.0
273,399,4.0
273,20,4.0
273,255,4.0
273,189,3.0
273,264,3.0
273,79,3.0
273,362,3.0
273,310,3.0
273,287,2.0
273,119,2.0
162,119,0.0
162,20,0.0
162,399,0.0
162,476,0.0
162,264,0.0
162,200,0.0
162,189,0.0
162,362,0.0
162,17,0.0
162,16,0.0
106,399,5.911571820620536
106,119,5.103098012841521
106,255,2.9425010144938577
106,189,2.3947092649173136
106,79,1.8028145993394693
106,89,1.720491502812526
106,362,1.548430762929473
106,22,1.3585229055559733
106,134,1.0455427411141291
106,59,0.9430377922518756
169,119,0.0
169,20,0.0
169,399,0.0
169,476,0.0
169,264,0.0
169,200,0.0
169,189,0.0
169,362,0.0
169,17,0.0
169,16,0.0
302,119,0.0
302,20,0.0
302,399,0.0
302,476,0.0
302,264,0.0
302,200,0.0
302,189,0.0
302,362,0.0
302,17,0.0
302,16,0.0
310,119,0.0
310,20,0.0
310,399,0.0
310,476,0.0
310,264,0.0
310,200,0.0
310,189,0.0
310,362,0.0
310,17,0.0
310,16,0.0
298,119,0.0
298,20,0.0
298,399,0.0
298,476,0.0
298,264,0.0
298,200,0.0
298,189,0.0
298,362,0.0
298,17,0.0
298,16,0.0
274,119,0.0
274,20,0.0
274,399,0.0
274,476,0.0
274,264,0.0
274,200,0.0
274,189,0.0
274,362,0.0
274,17,0.0
274,16,0.0
340,415,1.0
340,89,0.9999999999999998
340,352,0.9999999999999996
340,77,0.0
340,19,0.0
340,16,0.0
340,125,0.0
340,190,0.0
340,400,0.0
340,134,-0.9999999999999998
246,89,1.709469331013151
246,134,0.47253899110569464
246,94,0.4692808691005559
246,362,0.30677741037580186
246,17,0.29475317237328164
246,476,0.29475317237328164
246,400,0.0
246,415,-0.18014417303072303
246,77,-0.32839478871459266
246,284,-0.43498366082655315
342,119,0.0
342,20,0.0
342,399,0.0
342,476,0.0
342,264,0.0
342,200,0.0
342,189,0.0
342,362,0.0
342,17,0.0
342,16,0.0
292,119,0.0
292,20,0.0
292,399,0.0
292,476,0.0
292,264,0.0
292,200,0.0
292,189,0.0
292,362,0.0
292,17,0.0
292,16,0.0
135,119,0.0
135,399,0.0
135,476,0.0
135,264,0.0
135,200,0.0
135,189,0.0
135,362,0.0
135,17,0.0
135,16,0.0
135,310,0.0
214,362,6.0
214,94,5.0
214,264,3.0
214,59,2.0
214,200,2.0
214,119,2.0
214,189,2.0
214,824,1.9999999999999998
214,16,1.0000000000000002
214,310,1.0000000000000002
192,200,5.896274325278011
192,119,4.5900841064525
192,16,2.9528015620207486
192,310,2.4686336779715514
192,189,1.2582821712585657
192,415,0.8750000000000001
192,22,0.7077145497936237
192,284,0.606442988751309
192,125,0.5642880936468347
192,19,0.5642880936468347
278,399,18.68036718989662
278,119,15.087944734810826
278,264,14.073874837928184
278,94,13.08615031770171
278,189,11.890220518051343
278,16,10.456692106870447
278,255,9.88633723135822
278,352,6.885322567378311
278,362,4.902910821530013
278,22,4.528250629355449
319,119,0.0
319,20,0.0
319,399,0.0
319,476,0.0
319,264,0.0
319,200,0.0
319,189,0.0
319,362,0.0
319,17,0.0
319,16,0.0
186,119,0.0
186,20,0.0
186,476,0.0
186,264,0.0
186,200,0.0
186,189,0.0
186,17,0.0
186,16,0.0
186,310,0.0
186,59,0.0
234,119,0.0
234,20,0.0
234,399,0.0
234,476,0.0
234,264,0.0
234,200,0.0
234,189,0.0
234,362,0.0
234,17,0.0
234,16,0.0
330,119,0.0
330,20,0.0
330,399,0.0
330,476,0.0
330,264,0.0
330,200,0.0
330,189,0.0
330,362,0.0
330,17,0.0
330,16,0.0
378,119,0.0
378,20,0.0
378,399,0.0
378,476,0.0
378,264,0.0
378,200,0.0
378,189,0.0
378,362,0.0
378,17,0.0
378,16,0.0
394,119,0.0
394,20,0.0
394,399,0.0
394,476,0.0
394,264,0.0
394,200,0.0
394,189,0.0
394,362,0.0
394,17,0.0
394,16,0.0
295,119,0.0
295,20,0.0
295,399,0.0
295,476,0.0
295,264,0.0
295,200,0.0
295,189,0.0
295,362,0.0
295,17,0.0
295,16,0.0
241,119,0.0
241,20,0.0
241,399,0.0
241,476,0.0
241,264,0.0
241,200,0.0
241,189,0.0
241,362,0.0
241,17,0.0
241,16,0.0
132,119,0.0
132,20,0.0
132,476,0.0
132,264,0.0
132,200,0.0
132,189,0.0
132,362,0.0
132,17,0.0
132,16,0.0
132,310,0.0
222,119,0.0
222,20,0.0
222,399,0.0
222,476,0.0
222,264,0.0
222,200,0.0
222,189,0.0
222,362,0.0
222,17,0.0
222,16,0.0
224,119,0.0
224,20,0.0
224,399,0.0
224,476,0.0
224,264,0.0
224,200,0.0
224,189,0.0
224,362,0.0
224,17,0.0
224,16,0.0
303,119,0.0
303,20,0.0
303,399,0.0
303,476,0.0
303,264,0.0
303,200,0.0
303,189,0.0
303,362,0.0
303,17,0.0
303,16,0.0
217,119,0.0
217,20,0.0
217,399,0.0
217,476,0.0
217,264,0.0
217,200,0.0
217,189,0.0
217,362,0.0
217,17,0.0
217,16,0.0
293,119,0.0
293,20,0.0
293,399,0.0
293,476,0.0
293,264,0.0
293,200,0.0
293,189,0.0
293,362,0.0
293,17,0.0
293,16,0.0
240,16,2.186537439407539
240,362,0.6865374394075394
240,415,0.5000000000000001
240,255,0.32051203562309927
240,134,0.0
240,77,0.0
240,400,0.0
240,19,-0.5000000000000001
240,476,-0.5000000000000001
240,17,-0.5000000000000001
158,119,0.0
158,20,0.0
158,399,0.0
158,476,0.0
158,264,0.0
158,200,0.0
158,189,0.0
158,362,0.0
158,17,0.0
158,16,0.0
204,119,0.0
204,20,0.0
204,399,0.0
204,476,0.0
204,200,0.0
204,189,0.0
204,362,0.0
204,17,0.0
204,16,0.0
204,310,0.0
294,20,14.0
294,119,12.0
294,200,11.0
294,399,11.0
294,287,8.0
294,189,8.0
294,255,8.0
294,310,7.0
294,79,5.0
294,22,4.999999999999999
367,264,17.305540068151235
367,119,13.805540068151235
367,20,13.305540068151235
367,287,10.360628885628167
367,200,10.305540068151235
367,189,9.612164822869698
367,310,7.3055400681512355
367,362,6.978190226654137
367,255,6.305540068151235
367,94,6.049611122132781
77,287,8.786674291949883
77,20,8.564846464755032
77,119,7.730107297648438
77,200,6.819045094367411
77,189,6.732296850766737
77,16,5.108297666752863
77,310,4.978769252570288
77,255,4.92390566867173
77,352,3.9305064008729467
77,362,3.7894505489260837
337,16,3.055990595511505
337,94,1.9456991961016985
337,399,1.7361840865115779
337,190,1.620982267878894
337,79,1.4082297591684687
337,824,0.9608824512479598
337,362,0.9067373096125099
337,125,0.6209822678788943
337,19,0.6209822678788943
337,416,0.4965494860395817
138,119,0.0
138,20,0.0
138,399,0.0
138,476,0.0
138,264,0.0
138,200,0.0
138,189,0.0
138,362,0.0
138,17,0.0
138,16,0.0
226,119,0.0
226,20,0.0
226,399,0.0
226,476,0.0
226,264,0.0
226,200,0.0
226,189,0.0
226,362,0.0
226,17,0.0
226,16,0.0
399,399,13.0
399,189,11.0
399,264,11.0
399,200,10.0
399,119,10.0
399,362,8.0
399,310,7.0
399,287,6.0
399,255,4.999999999999999
399,16,4.0
243,20,0.0
243,399,0.0
243,476,0.0
243,264,0.0
243,200,0.0
243,189,0.0
243,362,0.0
243,17,0.0
243,16,0.0
243,310,0.0
124,119,0.0
124,20,0.0
124,399,0.0
124,476,0.0
124,264,0.0
124,200,0.0
124,189,0.0
124,362,0.0
124,17,0.0
124,16,0.0
126,119,0.0
126,20,0.0
126,399,0.0
126,476,0.0
126,200,0.0
126,189,0.0
126,362,0.0
126,17,0.0
126,16,0.0
126,310,0.0
276,119,0.0
276,20,0.0
276,399,0.0
276,476,0.0
276,264,0.0
276,200,0.0
276,189,0.0
276,362,0.0
276,17,0.0
276,16,0.0
112,119,0.0
112,20,0.0
112,399,0.0
112,476,0.0
112,264,0.0
112,200,0.0
112,189,0.0
112,362,0.0
112,17,0.0
112,16,0.0
311,119,0.0
311,20,0.0
311,399,0.0
311,476,0.0
311,264,0.0
311,200,0.0
311,189,0.0
311,362,0.0
311,17,0.0
311,16,0.0
244,16,1.233150480352604
244,89,0.9999999999999998
244,400,0.9999999999999998
244,310,0.8314964550674231
244,134,0.78322250761897
244,17,0.18898223650461363
244,476,0.18898223650461363
244,362,0.01637298797157416
244,125,0.0
244,19,0.0
72,119,0.0
72,20,0.0
72,399,0.0
72,476,0.0
72,264,0.0
72,200,0.0
72,189,0.0
72,362,0.0
72,17,0.0
72,16,0.0
202,94,7.292213626381262
202,200,5.895704118351805
202,119,4.595851513729247
202,255,3.849901028870547
202,78,3.4449263223724578
202,362,3.3833004192841667
202,352,2.7722668696478676
202,189,2.6930078177355243
202,59,2.1392069654556476
202,824,1.8148015654641383
122,119,0.0
122,20,0.0
122,399,0.0
122,476,0.0
122,264,0.0
122,200,0.0
122,189,0.0
122,362,0.0
122,17,0.0
122,16,0.0
81,119,0.0
81,20,0.0
81,399,0.0
81,476,0.0
81,264,0.0
81,200,0.0
81,189,0.0
81,362,0.0
81,17,0.0
81,16,0.0
261,20,7.714031313630844
261,119,6.714031313630844
261,264,5.714031313630844
261,287,5.714031313630843
261,399,4.714031313630843
261,189,3.7320508075688776
261,94,2.9819805060619657
261,362,2.8660254037844384
261,16,2.7320508075688776
261,352,1.8480059098464043
264,119,0.0
264,20,0.0
264,399,0.0
264,476,0.0
264,264,0.0
264,200,0.0
264,189,0.0
264,362,0.0
264,17,0.0
264,16,0.0
102,119,0.0
102,20,0.0
102,399,0.0
102,476,0.0
102,264,0.0
102,200,0.0
102,189,0.0
102,362,0.0
102,17,0.0
102,16,0.0
232,119,0.0
232,20,0.0
232,399,0.0
232,476,0.0
232,264,0.0
232,200,0.0
232,189,0.0
232,362,0.0
232,17,0.0
232,16,0.0
263,119,0.0
263,20,0.0
263,399,0.0
263,476,0.0
263,200,0.0
263,189,0.0
263,362,0.0
263,17,0.0
263,16,0.0
263,310,0.0
268,119,0.0
268,20,0.0
268,399,0.0
268,476,0.0
268,264,0.0
268,200,0.0
268,189,0.0
268,362,0.0
268,17,0.0
268,16,0.0
396,119,8.505922129689074
396,264,8.377303572595363
396,399,7.2433289763798
396,287,6.654653670707977
396,94,6.243328976379801
396,189,6.088675305671824
396,78,4.654653670707977
396,16,4.222649901887386
396,255,3.377303572595362
396,310,2.8773035725953626
397,399,19.982103300997398
397,119,18.758506183059357
397,287,15.530111371834927
397,189,14.489619238338504
397,255,12.379559122575094
397,310,10.059487099813376
397,94,9.81960721442066
397,16,9.77693682224055
397,352,8.654280144358314
397,22,5.758897784691957
129,119,0.0
129,20,0.0
129,399,0.0
129,476,0.0
129,264,0.0
129,200,0.0
129,189,0.0
129,362,0.0
129,17,0.0
129,16,0.0
333,264,12.218658956222024
333,200,8.300020590550838
333,310,7.238868992353138
333,189,5.094046824993094
333,22,5.038443734790566
333,94,4.604491334289971
333,59,2.9629383350720646
333,255,2.595244184447658
333,78,2.4998037477216983
333,362,2.4578361423254655
369,119,0.0
369,20,0.0
369,399,0.0
369,476,0.0
369,264,0.0
369,200,0.0
369,189,0.0
369,362,0.0
369,17,0.0
369,16,0.0
259,119,0.0
259,20,0.0
259,476,0.0
259,264,0.0
259,200,0.0
259,189,0.0
259,362,0.0
259,17,0.0
259,16,0.0
259,310,0.0
161,119,0.0
161,399,0.0
161,476,0.0
161,200,0.0
161,189,0.0
161,362,0.0
161,17,0.0
161,16,0.0
161,310,0.0
161,59,0.0
403,200,3.590032453464765
403,20,2.682380826712812
403,287,2.44776914195711
403,22,1.680464689355513
403,255,1.2915430914382233
403,284,1.1554743321352057
403,824,0.943946707767263
403,189,0.7467395010491482
403,78,0.3143501354200018
403,352,0.29415367250612645
258,264,16.168739444596923
258,20,14.034764848381364
258,200,12.38505110533024
258,399,10.857802858289418
258,310,10.617101912899118
258,189,10.386957334832918
258,287,8.54396972792813
258,352,7.617101912899116
258,94,7.223828262073857
258,362,6.577169621327645
215,119,0.0
215,20,0.0
215,399,0.0
215,476,0.0
215,264,0.0
215,200,0.0
215,189,0.0
215,362,0.0
215,17,0.0
215,16,0.0
164,119,0.0
164,20,0.0
164,399,0.0
164,476,0.0
164,264,0.0
164,200,0.0
164,189,0.0
164,362,0.0
164,17,0.0
164,16,0.0
357,119,0.0
357,20,0.0
357,399,0.0
357,476,0.0
357,264,0.0
357,200,0.0
357,189,0.0
357,362,0.0
357,17,0.0
357,16,0.0
190,399,0.0
190,476,0.0
190,264,0.0
190,200,0.0
190,189,0.0
190,362,0.0
190,17,0.0
190,16,0.0
190,310,0.0
190,59,0.0
307,119,0.0
307,20,0.0
307,399,0.0
307,476,0.0
307,264,0.0
307,200,0.0
307,189,0.0
307,362,0.0
307,17,0.0
307,16,0.0
238,119,0.0
238,20,0.0
238,399,0.0
238,476,0.0
238,264,0.0
238,200,0.0
238,189,0.0
238,362,0.0
238,17,0.0
238,16,0.0
165,119,0.0
165,20,0.0
165,399,0.0
165,476,0.0
165,264,0.0
165,200,0.0
165,189,0.0
165,362,0.0
165,17,0.0
165,16,0.0
225,119,0.0
225,20,0.0
225,399,0.0
225,476,0.0
225,264,0.0
225,200,0.0
225,189,0.0
225,362,0.0
225,17,0.0
225,16,0.0
242,119,0.0
242,20,0.0
242,399,0.0
242,476,0.0
242,264,0.0
242,200,0.0
242,189,0.0
242,362,0.0
242,17,0.0
242,16,0.0
338,476,0.28641098093474
338,17,0.28641098093474
338,89,0.07735026918962573
338,400,0.0
338,19,-0.25677629550654774
338,125,-0.25677629550654774
338,77,-0.2773500981126145
338,415,-0.36904761904761896
338,22,-1.0332743460339189
338,134,-1.2235143743270323
326,119,0.0
326,20,0.0
326,399,0.0
326,476,0.0
326,264,0.0
326,200,0.0
326,189,0.0
326,362,0.0
326,17,0.0
326,16,0.0
96,119,0.0
96,20,0.0
96,399,0.0
96,476,0.0
96,264,0.0
96,200,0.0
96,189,0.0
96,362,0.0
96,17,0.0
96,16,0.0
94,119,0.0
94,20,0.0
94,399,0.0
94,476,0.0
94,264,0.0
94,200,0.0
94,189,0.0
94,362,0.0
94,17,0.0
94,16,0.0
123,119,0.0
123,20,0.0
123,399,0.0
123,476,0.0
123,264,0.0
123,200,0.0
123,189,0.0
123,362,0.0
123,17,0.0
123,16,0.0
392,399,11.216971684744951
392,119,10.535591491691866
392,264,9.613705272104365
392,79,7.075563493638954
392,189,5.709491494103411
392,94,4.217129597614146
392,78,3.4955959496462774
392,22,2.793705198479418
392,59,2.235767578566589
392,416,2.00525736047205
343,119,0.0
343,20,0.0
343,399,0.0
343,476,0.0
343,189,0.0
343,362,0.0
343,17,0.0
343,16,0.0
343,310,0.0
343,59,0.0
120,119,0.0
120,20,0.0
120,399,0.0
120,476,0.0
120,264,0.0
120,200,0.0
120,189,0.0
120,362,0.0
120,17,0.0
120,16,0.0
344,264,12.837448559566605
344,119,12.837448559566605
344,200,11.337448559566605
344,399,10.837448559566605
344,287,10.315215591699513
344,189,9.419785624084358
344,255,9.081519613548151
344,94,8.248186280214817
344,310,7.337448559566605
344,352,5.337448559566605
213,94,1.9999999999999993
213,78,0.9999999999999998
213,134,0.9999999999999998
213,362,2.220446049250313E-16
213,17,0.0
213,415,0.0
213,284,0.0
213,476,0.0
213,400,0.0
213,200,-4.440892098500626E-16
305,119,0.0
305,20,0.0
305,399,0.0
305,476,0.0
305,264,0.0
305,200,0.0
305,189,0.0
305,362,0.0
305,17,0.0
305,16,0.0
314,119,0.0
314,20,0.0
314,399,0.0
314,476,0.0
314,264,0.0
314,200,0.0
314,189,0.0
314,362,0.0
314,17,0.0
314,16,0.0
75,119,0.0
75,20,0.0
75,399,0.0
75,476,0.0
75,264,0.0
75,200,0.0
75,189,0.0
75,362,0.0
75,17,0.0
75,16,0.0
262,119,0.0
262,20,0.0
262,399,0.0
262,476,0.0
262,264,0.0
262,200,0.0
262,189,0.0
262,362,0.0
262,17,0.0
262,16,0.0
216,119,0.0
216,20,0.0
216,399,0.0
216,476,0.0
216,264,0.0
216,200,0.0
216,189,0.0
216,362,0.0
216,17,0.0
216,16,0.0
220,119,0.0
220,20,0.0
220,399,0.0
220,476,0.0
220,264,0.0
220,200,0.0
220,189,0.0
220,362,0.0
220,17,0.0
220,16,0.0
377,119,0.0
377,20,0.0
377,399,0.0
377,476,0.0
377,264,0.0
377,200,0.0
377,189,0.0
377,362,0.0
377,17,0.0
377,16,0.0
316,20,6.620850633928754
316,287,4.502783284768268
316,200,4.0492371413160555
316,352,3.4792939551199336
316,310,2.742679033438163
316,22,2.6763816540231105
316,78,1.779335830776763
316,255,1.5228285490761706
316,89,0.9999999999999998
316,416,0.9670781747445475
209,119,0.0
209,20,0.0
209,476,0.0
209,264,0.0
209,200,0.0
209,189,0.0
209,362,0.0
209,17,0.0
209,16,0.0
209,310,0.0
265,119,0.0
265,20,0.0
265,399,0.0
265,476,0.0
265,264,0.0
265,200,0.0
265,189,0.0
265,362,0.0
265,17,0.0
265,16,0.0
167,22,5.981331693743989
167,287,4.832295261012073
167,399,3.8739514868642004
167,362,3.4813316937439884
167,16,2.792349457239375
167,119,2.7175873940767925
167,255,2.021277497516687
167,189,1.8322952610120724
167,352,1.2923494572393748
167,310,1.1776415903040955
178,119,0.0
178,20,0.0
178,399,0.0
178,476,0.0
178,264,0.0
178,200,0.0
178,189,0.0
178,362,0.0
178,17,0.0
178,16,0.0
289,119,0.0
289,20,0.0
289,399,0.0
289,476,0.0
289,264,0.0
289,200,0.0
289,189,0.0
289,362,0.0
289,17,0.0
289,16,0.0
287,119,0.0
287,20,0.0
287,399,0.0
287,476,0.0
287,264,0.0
287,200,0.0
287,189,0.0
287,362,0.0
287,17,0.0
287,16,0.0
380,119,0.0
380,20,0.0
380,399,0.0
380,476,0.0
380,200,0.0
380,189,0.0
380,362,0.0
380,17,0.0
380,16,0.0
380,310,0.0
356,119,0.0
356,20,0.0
356,399,0.0
356,476,0.0
356,264,0.0
356,200,0.0
356,189,0.0
356,362,0.0
356,17,0.0
356,16,0.0
354,119,0.0
354,20,0.0
354,399,0.0
354,476,0.0
354,200,0.0
354,189,0.0
354,362,0.0
354,17,0.0
354,16,0.0
354,310,0.0
376,119,0.0
376,20,0.0
376,399,0.0
376,476,0.0
376,264,0.0
376,200,0.0
376,189,0.0
376,362,0.0
376,17,0.0
376,16,0.0
346,119,0.0
346,20,0.0
346,399,0.0
346,476,0.0
346,264,0.0
346,200,0.0
346,189,0.0
346,362,0.0
346,17,0.0
346,16,0.0
101,119,0.0
101,20,0.0
101,399,0.0
101,476,0.0
101,264,0.0
101,200,0.0
101,189,0.0
101,362,0.0
101,17,0.0
101,16,0.0
109,119,0.0
109,20,0.0
109,399,0.0
109,476,0.0
109,264,0.0
109,200,0.0
109,189,0.0
109,362,0.0
109,17,0.0
109,16,0.0
191,119,0.0
191,20,0.0
191,399,0.0
191,476,0.0
191,264,0.0
191,200,0.0
191,189,0.0
191,362,0.0
191,17,0.0
191,16,0.0
184,119,0.0
184,20,0.0
184,399,0.0
184,476,0.0
184,264,0.0
184,200,0.0
184,189,0.0
184,362,0.0
184,17,0.0
184,16,0.0
352,119,0.0
352,20,0.0
352,399,0.0
352,476,0.0
352,264,0.0
352,200,0.0
352,189,0.0
352,362,0.0
352,17,0.0
352,16,0.0
231,119,0.0
231,20,0.0
231,399,0.0
231,476,0.0
231,264,0.0
231,200,0.0
231,189,0.0
231,362,0.0
231,17,0.0
231,16,0.0
187,119,0.0
187,20,0.0
187,399,0.0
187,476,0.0
187,264,0.0
187,200,0.0
187,189,0.0
187,362,0.0
187,17,0.0
187,16,0.0
297,20,15.0
297,399,13.0
297,119,10.0
297,200,9.999999999999998
297,189,9.999999999999998
297,287,9.999999999999998
297,310,6.999999999999999
297,255,6.999999999999999
297,94,5.999999999999999
297,362,5.999999999999999
228,399,5.0
228,119,3.0
228,200,3.0
228,78,3.0
228,416,2.9999999999999996
228,189,2.0
228,94,2.0
228,310,2.0
228,352,2.0
228,284,1.9999999999999998
308,119,0.0
308,20,0.0
308,399,0.0
308,476,0.0
308,264,0.0
308,200,0.0
308,189,0.0
308,362,0.0
308,17,0.0
308,16,0.0
139,119,0.0
139,20,0.0
139,399,0.0
139,476,0.0
139,264,0.0
139,200,0.0
139,189,0.0
139,362,0.0
139,17,0.0
139,16,0.0
373,119,0.0
373,20,0.0
373,399,0.0
373,476,0.0
373,264,0.0
373,200,0.0
373,189,0.0
373,362,0.0
373,17,0.0
373,16,0.0
168,119,0.0
168,20,0.0
168,399,0.0
168,476,0.0
168,264,0.0
168,200,0.0
168,189,0.0
168,362,0.0
168,17,0.0
168,16,0.0
400,119,0.0
400,20,0.0
400,399,0.0
400,476,0.0
400,264,0.0
400,200,0.0
400,189,0.0
400,362,0.0
400,17,0.0
400,16,0.0
320,119,0.0
320,20,0.0
320,399,0.0
320,476,0.0
320,264,0.0
320,200,0.0
320,189,0.0
320,362,0.0
320,17,0.0
320,16,0.0
95,119,0.0
95,20,0.0
95,399,0.0
95,476,0.0
95,264,0.0
95,200,0.0
95,189,0.0
95,362,0.0
95,17,0.0
95,16,0.0
353,119,0.0
353,20,0.0
353,399,0.0
353,476,0.0
353,264,0.0
353,200,0.0
353,189,0.0
353,362,0.0
353,17,0.0
353,16,0.0
260,119,0.0
260,20,0.0
260,399,0.0
260,476,0.0
260,264,0.0
260,200,0.0
260,189,0.0
260,362,0.0
260,17,0.0
260,16,0.0
83,119,0.0
83,20,0.0
83,399,0.0
83,476,0.0
83,264,0.0
83,200,0.0
83,189,0.0
83,362,0.0
83,17,0.0
83,16,0.0
250,119,0.0
250,399,0.0
250,476,0.0
250,264,0.0
250,200,0.0
250,189,0.0
250,362,0.0
250,17,0.0
250,16,0.0
250,310,0.0
395,119,0.0
395,399,0.0
395,476,0.0
395,264,0.0
395,200,0.0
395,189,0.0
395,362,0.0
395,17,0.0
395,16,0.0
395,310,0.0
183,119,0.0
183,20,0.0
183,399,0.0
183,476,0.0
183,264,0.0
183,200,0.0
183,189,0.0
183,362,0.0
183,17,0.0
183,16,0.0
275,119,0.0
275,20,0.0
275,399,0.0
275,476,0.0
275,264,0.0
275,200,0.0
275,189,0.0
275,362,0.0
275,17,0.0
275,16,0.0
173,119,0.0
173,399,0.0
173,476,0.0
173,200,0.0
173,189,0.0
173,362,0.0
173,17,0.0
173,16,0.0
173,310,0.0
173,59,0.0
272,119,0.0
272,20,0.0
272,399,0.0
272,476,0.0
272,264,0.0
272,200,0.0
272,189,0.0
272,362,0.0
272,17,0.0
272,16,0.0
304,119,0.0
304,20,0.0
304,399,0.0
304,476,0.0
304,264,0.0
304,200,0.0
304,189,0.0
304,362,0.0
304,17,0.0
304,16,0.0
318,119,0.0
318,20,0.0
318,399,0.0
318,476,0.0
318,264,0.0
318,200,0.0
318,189,0.0
318,362,0.0
318,17,0.0
318,16,0.0
125,119,0.0
125,399,0.0
125,476,0.0
125,264,0.0
125,200,0.0
125,189,0.0
125,362,0.0
125,17,0.0
125,16,0.0
125,310,0.0
374,119,0.0
374,20,0.0
374,399,0.0
374,476,0.0
374,264,0.0
374,200,0.0
374,189,0.0
374,362,0.0
374,17,0.0
374,16,0.0
317,119,0.0
317,20,0.0
317,399,0.0
317,476,0.0
317,264,0.0
317,200,0.0
317,189,0.0
317,362,0.0
317,17,0.0
317,16,0.0
177,119,0.0
177,20,0.0
177,399,0.0
177,476,0.0
177,264,0.0
177,200,0.0
177,189,0.0
177,362,0.0
177,17,0.0
177,16,0.0
149,119,0.0
149,20,0.0
149,399,0.0
149,476,0.0
149,200,0.0
149,189,0.0
149,362,0.0
149,17,0.0
149,16,0.0
149,310,0.0
327,119,0.0
327,20,0.0
327,399,0.0
327,476,0.0
327,264,0.0
327,200,0.0
327,189,0.0
327,362,0.0
327,17,0.0
327,16,0.0
207,119,0.0
207,399,0.0
207,476,0.0
207,264,0.0
207,200,0.0
207,189,0.0
207,362,0.0
207,17,0.0
207,16,0.0
207,310,0.0
361,119,0.0
361,20,0.0
361,399,0.0
361,476,0.0
361,264,0.0
361,200,0.0
361,189,0.0
361,362,0.0
361,17,0.0
361,16,0.0
339,119,0.0
339,20,0.0
339,399,0.0
339,476,0.0
339,264,0.0
339,200,0.0
339,189,0.0
339,362,0.0
339,17,0.0
339,16,0.0
351,119,0.0
351,20,0.0
351,399,0.0
351,476,0.0
351,264,0.0
351,200,0.0
351,189,0.0
351,362,0.0
351,17,0.0
351,16,0.0
266,119,0.0
266,20,0.0
266,399,0.0
266,476,0.0
266,264,0.0
266,200,0.0
266,189,0.0
266,362,0.0
266,17,0.0
266,16,0.0
386,119,0.0
386,20,0.0
386,399,0.0
386,476,0.0
386,264,0.0
386,200,0.0
386,189,0.0
386,362,0.0
386,17,0.0
386,16,0.0
285,287,4.885889597092573
285,264,3.7519150008770117
285,255,3.5629327643723983
285,119,3.2519150008770112
285,399,2.751915000877012
285,200,2.2519150008770112
285,310,2.2519150008770112
285,16,2.137207133941731
285,189,2.137207133941731
285,22,2.062932764372398
127,119,0.0
127,20,0.0
127,399,0.0
127,476,0.0
127,264,0.0
127,200,0.0
127,189,0.0
127,362,0.0
127,17,0.0
127,16,0.0
341,119,0.0
341,20,0.0
341,399,0.0
341,476,0.0
341,264,0.0
341,200,0.0
341,189,0.0
341,362,0.0
341,17,0.0
341,16,0.0
130,119,0.0
130,20,0.0
130,399,0.0
130,476,0.0
130,264,0.0
130,200,0.0
130,189,0.0
130,362,0.0
130,17,0.0
130,16,0.0
364,119,0.0
364,399,0.0
364,476,0.0
364,264,0.0
364,200,0.0
364,189,0.0
364,362,0.0
364,17,0.0
364,16,0.0
364,310,0.0
331,119,0.0
331,20,0.0
331,399,0.0
331,476,0.0
331,264,0.0
331,200,0.0
331,189,0.0
331,362,0.0
331,17,0.0
331,16,0.0
332,119,0.0
332,20,0.0
332,399,0.0
332,476,0.0
332,264,0.0
332,200,0.0
332,189,0.0
332,362,0.0
332,17,0.0
332,16,0.0
389,119,0.0
389,20,0.0
389,399,0.0
389,476,0.0
389,264,0.0
389,200,0.0
389,189,0.0
389,362,0.0
389,17,0.0
389,16,0.0
146,119,0.0
146,20,0.0
146,399,0.0
146,476,0.0
146,264,0.0
146,200,0.0
146,189,0.0
146,362,0.0
146,17,0.0
146,16,0.0
328,119,0.0
328,20,0.0
328,399,0.0
328,476,0.0
328,264,0.0
328,200,0.0
328,189,0.0
328,362,0.0
328,17,0.0
328,16,0.0
322,119,0.0
322,20,0.0
322,399,0.0
322,476,0.0
322,264,0.0
322,200,0.0
322,189,0.0
322,362,0.0
322,17,0.0
322,16,0.0
181,119,0.0
181,20,0.0
181,399,0.0
181,476,0.0
181,264,0.0
181,200,0.0
181,189,0.0
181,362,0.0
181,17,0.0
181,16,0.0
299,119,0.0
299,20,0.0
299,399,0.0
299,476,0.0
299,264,0.0
299,200,0.0
299,189,0.0
299,362,0.0
299,17,0.0
299,16,0.0
313,119,0.0
313,20,0.0
313,399,0.0
313,476,0.0
313,264,0.0
313,200,0.0
313,189,0.0
313,362,0.0
313,17,0.0
313,16,0.0
245,119,0.0
245,20,0.0
245,399,0.0
245,476,0.0
245,264,0.0
245,200,0.0
245,189,0.0
245,362,0.0
245,17,0.0
245,16,0.0
393,119,0.0
393,20,0.0
393,399,0.0
393,476,0.0
393,264,0.0
393,200,0.0
393,189,0.0
393,362,0.0
393,17,0.0
393,16,0.0
324,264,12.0
324,200,11.0
324,119,11.0
324,399,11.0
324,189,9.0
324,287,9.0
324,94,8.0
324,310,6.0
324,16,6.0
324,255,5.999999999999999
74,119,0.0
74,20,0.0
74,399,0.0
74,476,0.0
74,264,0.0
74,200,0.0
74,189,0.0
74,362,0.0
74,17,0.0
74,16,0.0
195,119,0.0
195,20,0.0
195,399,0.0
195,476,0.0
195,264,0.0
195,200,0.0
195,189,0.0
195,362,0.0
195,17,0.0
195,16,0.0
239,119,0.0
239,20,0.0
239,399,0.0
239,476,0.0
239,264,0.0
239,200,0.0
239,189,0.0
239,362,0.0
239,17,0.0
239,16,0.0
334,119,0.0
334,20,0.0
334,399,0.0
334,476,0.0
334,264,0.0
334,200,0.0
334,189,0.0
334,362,0.0
334,17,0.0
334,16,0.0
118,119,0.0
118,20,0.0
118,476,0.0
118,264,0.0
118,200,0.0
118,189,0.0
118,362,0.0
118,17,0.0
118,16,0.0
118,310,0.0
150,119,0.0
150,20,0.0
150,399,0.0
150,476,0.0
150,264,0.0
150,200,0.0
150,189,0.0
150,362,0.0
150,17,0.0
150,16,0.0
