119,17018,1.2174952698058104
119,19004,0.9138583596759522
119,19035,0.9008404476711824
119,4638,0.855301869123157
119,15067,0.8069465905760049
119,11894,0.7848187917357992
119,19049,0.7747127163227879
119,2954,0.7681426031055681
119,18251,0.709451136411017
119,11608,0.6461766557542614
20,9928,2.2274702543880864
20,4144,1.6756831888674892
20,18676,1.3813695628162035
20,19048,1.3644543264032338
20,8342,1.278970293580564
20,17798,1.2784498610450021
20,13983,1.0895155894456132
20,8422,1.0275024122083636
20,8685,0.9795329054238298
20,8688,0.9703240417016777
399,8587,1.5343316397674098
399,11500,1.3910055108922288
399,4,1.2497150013920293
399,19030,1.2193866643373337
399,19000,1.2097208572220894
399,8697,1.0240203028676997
399,8909,1.0209414595959354
399,17780,0.9605233354668125
399,17775,0.9261690971875987
399,15594,0.8952475593661058
476,8587,0.16436401773134468
476,15717,0.12141692358036231
476,19000,0.11819320729395147
476,8418,0.11680987517194613
476,4,0.1149360231252173
476,15334,0.11415743893460054
476,18251,0.1097937267123304
476,5878,0.10915680612924594
476,5872,0.10587619933976156
476,19534,0.10279027604440566
264,5878,1.9599191069920159
264,17779,1.5058670964275802
264,516,1.494400013383213
264,15334,1.2872543819988358
264,12411,1.2837192302532496
264,17018,1.2602222184272933
264,19043,1.2584447669401877
264,19030,1.1509693398960537
264,14223,1.0924345856950033
264,8026,0.978671094765104
200,15067,1.825968661675621
200,19001,1.6201951003874122
200,9928,1.587284642319393
200,2418,1.4955326010106105
200,8461,1.368497786705198
200,19003,1.3559971948370926
200,1112,1.1534352489846245
200,16209,1.070274515862259
200,5872,1.0223797152721987
200,516,0.9355461419355177
189,6323,1.736677174651156
189,17777,1.5398205903431517
189,14412,1.3294795014312473
189,8461,1.3064676270134747
189,8764,1.2830819727331313
189,19000,1.2469437615718326
189,19044,1.1719535106649768
189,19003,1.1474129934171344
189,7974,1.1091541978588042
189,2418,1.0724832571214524
362,17777,1.0351808562409277
362,8418,0.8975955154012689
362,8764,0.839653553667169
362,964,0.8030256412266313
362,7974,0.7020776615134431
362,4,0.6865867726563205
362,19044,0.6812927479359626
362,11894,0.68001429425205
362,1112,0.6797555976614246
362,2418,0.6648737638603569
17,19104,0.2131378306517474
17,13980,0.18795088646967675
17,6553,0.1750505242227484
17,18671,0.1733975442543044
17,8699,0.17168609780674118
17,18105,0.160614184208613
17,9776,0.14766305859032536
17,17822,0.14490565679586737
17,6754,0.14305813719964933
17,2643,0.13383095282587806
16,2952,0.6724045405510559
16,17777,0.6098708834231164
16,8461,0.60806180520188
16,8587,0.5540611217487709
16,19044,0.49882452999106114
16,7974,0.4869137120257455
16,19000,0.45169373798981055
16,14412,0.4370689756546629
16,964,0.43678142034228395
16,8543,0.42609122825338697
310,7943,1.4514687305892702
310,11894,1.3325423530163136
310,7974,1.3310886160127593
310,8764,1.1790165169538411
310,15335,1.0632254660359641
310,14412,1.012371473795914
310,4144,1.0085464567730031
310,17798,0.981265006611931
310,18715,0.9766510160596716
310,19000,0.9387352646241324
59,6323,0.6244145268090607
59,17777,0.5967969860801124
59,2952,0.5630188233211082
59,19001,0.5411822717018449
59,964,0.5148987829785644
59,19043,0.49509769922261865
59,8461,0.4916191769727848
59,18715,0.48615093894091904
59,7943,0.477608324423111
59,8418,0.47211290207575307
94,8418,1.7554637436878673
94,14412,1.4877442821143105
94,1112,1.3709113526737473
94,11894,1.2863875771608713
94,19004,1.1543070264941624
94,1046,1.1074564620369909
94,11500,1.07160586440535
94,7974,1.022612068630098
94,4144,1.0057864086979666
94,8459,0.9536149689175115
287,7943,1.3970267110103938
287,8697,1.3271525826229194
287,11894,1.254699436493489
287,4144,1.0264011255146375
287,8587,0.9970638176915227
287,5878,0.988115416862881
287,11500,0.9276273471709933
287,11847,0.9234672977201456
287,14412,0.910580467344967
287,18715,0.86143372004993
134,15067,0.19617695164968238
134,2952,0.17404453049645763
134,2418,0.17224660042172152
134,17779,0.16968028759317674
134,6323,0.1544875279669354
134,8697,0.1539725872759407
134,18671,0.14918653555670242
134,9776,0.1428744526575826
134,17685,0.13881027154345316
134,15334,0.13839081222624594
79,8461,1.1341949706719603
79,8671,1.0356580227794265
79,19004,0.909588392526067
79,18676,0.8935646873977549
79,750,0.8292402057668606
79,17779,0.8107266996553887
79,19005,0.803857276384734
79,511,0.7788979027458676
79,8676,0.7316449795906479
79,18108,0.7264710032180938
78,2952,0.8763394678806851
78,6323,0.7445936181697166
78,19001,0.7168787380794762
78,964,0.692704089807651
78,15067,0.6761789212907438
78,7943,0.6547455658623135
78,9928,0.6410367201156018
78,8461,0.6374247840212796
78,1112,0.6242620947510903
78,8764,0.60477466605124
22,964,0.9034230912197866
22,19001,0.9005438610377289
22,16209,0.8956034579165635
22,7974,0.8478610363541536
22,8418,0.835903058143217
22,11894,0.7857777096046565
22,17798,0.7650546850131986
22,15335,0.7597152751280688
22,19004,0.7489457701117269
22,7943,0.7238768155114211
255,964,1.3732893121387348
255,8418,1.368488258585698
255,7943,1.2105100283893213
255,16209,1.1477672875328833
255,8697,1.0626900449615084
255,4,1.0581519652767903
255,1112,0.9933702172169454
255,19003,0.9733016296811534
255,14412,0.9701511847030336
255,8764,0.9620620272846434
284,2952,0.4812018789303739
284,6323,0.43547506415768267
284,19001,0.4180033309427172
284,964,0.4023800556767116
284,8587,0.3844239558650599
284,17777,0.36783843742847105
284,16209,0.36314436097973074
284,4,0.35213967383496275
284,1112,0.34699716621592674
284,9928,0.3365698722298858
352,2418,0.6624005685934643
352,964,0.654065105316754
352,11894,0.6501933538942616
352,17777,0.6408175249392041
352,4,0.6203760700787453
352,8697,0.5961194456865857
352,19003,0.5748046430602943
352,6323,0.5672485523580219
352,1112,0.5546120949534138
352,8461,0.5414852582021447
416,18715,0.1843563085548036
416,17777,0.17867616042475412
416,16209,0.1534830018860874
416,964,0.1505842393584663
416,19048,0.14104471792110213
416,1112,0.13346597375200073
416,8623,0.12396849235192625
416,11500,0.12275539945521124
416,12205,0.121711649115062
416,11900,0.11893330760925233
190,8418,0.33565678687582706
190,8587,0.3204838345901187
190,9928,0.2770968567056943
190,19000,0.25834944586576614
190,1046,0.25098952523732376
190,7943,0.24885430996046048
190,4,0.2372198791495903
190,6323,0.23528530505643208
190,19004,0.23045735566125256
190,9657,0.22623118957436592
415,11614,0.12228373487955353
415,19107,0.12195839649504914
415,10651,0.10830621909502137
415,2702,0.10277247159067245
415,17770,0.09803005276236797
415,8076,0.09527607901418018
415,16883,0.09491776593490935
415,1326,0.09488710788348034
415,17796,0.09155668055851886
415,12122,0.08871744555097709
89,15067,0.5965587256499957
89,2952,0.5961413396167088
89,6323,0.5900947221179123
89,8461,0.48143004792661737
89,19001,0.47994144178394915
89,7974,0.47935120828199845
89,8697,0.4756464117984609
89,15335,0.4690338417234534
89,17779,0.4668341886387391
89,19003,0.440483218092362
824,19001,0.3703466517758112
824,19043,0.3344767043946411
824,17777,0.3332793376790776
824,16209,0.30808440519032837
824,964,0.3054103458295715
824,2952,0.3053839174185888
824,9928,0.2829115320803243
824,7943,0.27705225262501154
824,516,0.2735873950060525
824,4144,0.2726252329878192
125,7925,0.2231505260446526
125,19001,0.22234756353476837
125,16209,0.22150579563804762
125,4144,0.1796209752594803
125,18715,0.17771041414640246
125,8671,0.17609360233895713
125,18669,0.17084340940855403
125,16835,0.15773020186641296
125,16169,0.1556817296066291
125,17777,0.15468333048904986
19,17777,0.20744988673794104
19,9928,0.1974300765963547
19,8461,0.1939706802550528
19,2418,0.17390271763408474
19,6323,0.1725480680496263
19,15067,0.16995115904303332
19,19001,0.1677826999539136
19,16209,0.1629820141871295
19,7974,0.15303625677717578
19,19004,0.14960384379214176
77,18999,0.1081589519550532
77,11900,0.09484547416995992
77,18230,0.09325915950671328
77,8173,0.09249935655068968
77,18649,0.08318183243918856
77,18715,0.08271879956483097
77,4729,0.080981018718779
77,16513,0.07807094000243323
77,971,0.07718734866374646
77,18670,0.07519997675985841
400,8118,0.1483255662155509
400,418,0.12568485859165068
400,752,0.11140379123422445
400,17799,0.10527756107913476
400,9078,0.10210312260471306
400,15305,0.09913576401680609
400,7924,0.09626761328376339
400,1103,0.0956531913595535
400,8919,0.09540797458299048
400,17006,0.09456291449762567
