17,9928,1.3509669373287194
17,15660,1.0910182435362723
17,14891,1.0792568308841912
17,17429,1.0352586635892074
17,16798,1.0282152571326748
17,10523,0.9872533306206195
17,19754,0.9781187656075837
17,6049,0.969414710023481
17,19127,0.9617790160822066
17,8461,0.9444052745730381
22,19610,3.1925835394686617
22,15102,2.8795715888333597
22,5624,2.635459479002095
22,11212,2.583060222686321
22,12299,2.5805219330106306
22,19483,2.136672567027833
22,2740,2.0634677362756726
22,10241,1.9857055023408354
22,1221,1.9418051130951375
22,19754,1.9302257609458144
5,12299,3.8829545165275343
5,19754,3.8328887079213643
5,11452,3.2303819672206027
5,5681,2.7805852138107507
5,14852,2.685166956450009
5,15757,2.620942814649852
5,15660,2.6195618742276365
5,19004,2.6119551842974076
5,873,2.5367783992715895
5,19001,2.3736891781578464
2,7691,2.7219778919436877
2,17531,2.5531259514199816
2,16209,1.8576480369591184
2,4183,1.800689787124447
2,4105,1.6507779614585847
2,10523,1.644501530533371
2,14990,1.6269177497281795
2,19921,1.6263020613709775
2,14884,1.6057345324734003
2,12187,1.5543850251320983
41,11212,3.057696658757203
41,16642,3.0112287418239965
41,6155,2.970878257655963
41,9601,2.7738173031055653
41,11624,2.334733605752883
41,2539,2.206558184504965
41,755,2.181846181488968
41,14990,1.9727703423595275
41,17531,1.8456575773577397
41,2739,1.8299736590339346
50,3955,0.7704813239032068
50,6832,0.7557779776809394
50,1265,0.7519565825611642
50,11988,0.749066081582734
50,10542,0.7474775360912865
50,19754,0.7244133478047212
50,2919,0.7137402757309237
50,3289,0.7037836186483213
50,10876,0.7022998857222714
50,2458,0.6958097520335461
38,5108,2.408829485832531
38,873,1.8460617839663356
38,14852,1.7169017583512658
38,15660,1.402370832180567
38,5681,1.330630824611415
38,19001,1.2556652602749554
38,15757,1.2487085483513602
38,7861,1.1863972166999783
38,14329,1.1407580168930715
38,6792,1.0771623429342325
10,16642,3.4325672639992293
10,5851,3.215442491766208
10,1265,3.1744938382132806
10,9928,3.131932751868617
10,16071,3.108982449714105
10,12931,2.9466275408538403
10,6832,2.91306883508915
10,14412,2.875397931313888
10,11988,2.8737010080272904
10,8587,2.8704103656673077
27,6669,3.665652255158855
27,19610,3.5319824556353683
27,12299,3.267771867127024
27,11335,3.0781237942670354
27,11624,3.0678699980597877
27,2806,3.051237021174938
27,8620,3.0296229473983396
27,1221,2.9672636637295615
27,19483,2.9541526649168626
27,12187,2.887306403512734
35,18749,1.1406111027618244
35,11975,1.0832058596658827
35,7104,1.071619952067658
35,18198,1.0560763143816712
35,12164,1.0488156220989941
35,2458,1.0301630212931736
35,9818,0.7210435177021793
35,12224,0.5287982181107915
35,2972,0.5175758943226688
35,14961,0.4861673947272243
15,2739,4.566351363231754
15,755,4.089336057877907
15,2539,4.014969416355974
15,17531,4.004453556938947
15,14990,3.788142733598765
15,7691,3.7622702602874765
15,11624,3.6172775874539993
15,8530,3.012825633993817
15,19001,2.9490721018374915
15,15660,2.7650939204441713
16,17531,3.925874651358491
16,2739,1.9582632321286486
16,755,1.8413743749989435
16,2539,1.8207630950102789
16,11624,1.7148716638106936
16,15102,1.6805062659102215
16,16209,1.6342073971003668
16,19483,1.6296854628363975
16,11212,1.5457510249374236
16,4183,1.5342289659679802
30,11452,0.3687198251097109
30,5108,0.23707515855469913
30,6155,0.23576161479479749
30,9601,0.21131625921750496
30,15102,0.1568992581791338
30,2664,0.14484672132544119
30,12262,0.14190714717596287
30,12187,0.13444404557364525
30,11212,0.13228754708828183
30,5958,0.1305391091683128
42,19004,1.2268007095603157
42,6792,1.0964072461395866
42,10063,0.9626053835804221
42,10241,0.9076192258280763
42,10077,0.900441518567278
42,6669,0.7818907911077136
42,2806,0.7742058158105077
42,11151,0.7588789215628544
42,11630,0.7412509688460356
42,19610,0.735827021968185
44,2739,2.246914494676208
44,755,2.0786787317457573
44,2539,2.046998199682587
44,14990,1.858597100151772
44,11624,1.842446656457474
44,16108,1.3569997771510738
44,4105,1.3446984243241737
44,15067,1.2970118295165607
44,8435,1.2792036580189294
44,2764,1.2717413994173061
34,11212,4.098054601730062
34,19754,3.466728210635041
34,16642,3.3559915296401215
34,12299,2.8237218838107903
34,19610,2.707591997291193
34,6669,2.696371961183445
34,7753,2.4710096337870207
34,8970,2.4559606282835222
34,16187,2.3877124284943987
34,6023,2.196511928414333
33,2740,4.1434323328925196
33,19004,1.024044352569112
33,10077,0.9054123380742526
33,11151,0.7539724707512596
33,6792,0.7326309231950718
33,6669,0.7318502684308544
33,19610,0.7306525600363091
33,3417,0.718390822236271
33,6508,0.6751014251452226
33,15236,0.6599905308378453
48,6669,2.964097337272293
48,19610,2.8427070517306303
48,19754,2.5599772848830407
48,12299,2.5386814714099795
48,12064,2.408361975365724
48,7273,2.3277807095462624
48,10063,2.3054502107274684
48,14694,2.304989415188462
48,2806,2.256938730099288
48,8966,2.169051145082934
4,14990,4.085196941972223
4,9601,2.52262626971774
4,6155,2.1061890456000913
4,14694,1.731941896033467
4,4437,1.6878350218851372
4,672,1.6312201917494913
4,2044,1.628253399438758
4,10241,1.5399676805704472
4,10063,1.5113453911930796
4,8973,1.4665772726278266
46,12931,2.160384347842781
46,12187,2.1299986493753846
46,6155,2.1169463583581507
46,2044,2.071404160620251
46,1221,2.06058425509128
46,4183,2.058945108806881
46,1265,2.0448273898836193
46,7691,2.0400835222098235
46,16209,2.01690390685913
46,5851,2.0062558713706924
45,12224,2.3031729806722105
45,14694,2.118366871309446
45,11452,1.782589122062368
45,9601,1.5466321408791046
45,6155,1.5438914861452173
45,19004,1.535649829516921
45,2739,1.253720328412135
45,755,1.1462953428393476
45,14990,1.1291569437794902
45,2539,1.0989579452603526
29,19004,2.8982826021152763
29,5108,1.7809404432032252
29,11335,1.6576013618045444
29,8619,1.5790366621533805
29,12064,1.5733628701072004
29,8620,1.5349341579661078
29,7273,1.4968458656782662
29,9818,1.493280149159816
29,8966,1.4423116858176501
29,10241,1.4087283328976703
37,17531,1.8713886296227846
37,7691,1.6107675472992031
37,2739,1.3916479589647324
37,8973,1.2906820502131282
37,2044,1.2898521487612473
37,4437,1.2274795902989823
37,755,1.221305135305505
37,2539,1.2063130301171767
37,3085,1.174179317545656
37,5108,1.1278738468027407
18,11452,1.9377110570154972
18,19004,1.2167460655452027
18,11080,1.0784740925101002
18,3447,1.0513315773492582
18,9983,0.9352580727968058
18,5253,0.9222147299960126
18,16075,0.8934321564151092
18,5758,0.8669876276323546
18,3731,0.8586741564027324
18,13032,0.8539973014591865
36,9601,0.2337331293970486
36,6155,0.2321159685307772
36,2739,0.20569818758511377
36,11624,0.18793079948877855
36,2539,0.1873443841500269
36,755,0.18108606163306612
36,11212,0.1701218596652687
36,5108,0.15150890136712575
36,16642,0.14903879784950091
36,15102,0.14726208759329928
11,8966,2.725558284335265
11,10063,2.5783173876216647
11,8619,2.575131036148508
11,8620,2.547580673928848
11,10472,2.5007691415039495
11,2806,2.488718244324212
11,12064,2.3966584038919114
11,7273,2.381846910375463
11,6792,2.3779259517855134
11,11335,2.2813481022737134
31,2972,0.27697136401116274
31,2740,0.20608017280583915
31,8530,0.1801930842031736
31,19754,0.16689472769115715
31,12299,0.1664829563196164
31,19610,0.16479625414328897
31,6669,0.1594480507491843
31,11335,0.09285206983812216
31,10472,0.08492141963892921
31,7273,0.07986964299771593
9,2044,2.2801369796300683
9,12187,2.237617991431473
9,16642,2.079068843379893
9,1221,2.06002223046782
9,15102,2.036058204242673
9,4183,2.0160960293472656
9,16209,1.8909148574520673
9,19483,1.8148350802184745
9,5624,1.7875311934500795
9,5108,1.6924392041856624
1,7691,0.35614675960591025
1,19754,0.24662130400426394
1,17531,0.23341915658231244
1,12299,0.22323507889270844
1,14990,0.21864195412154067
1,9928,0.21467186079435524
1,15067,0.18940789126211366
1,4437,0.17332209477344093
1,8530,0.1729542661731452
1,3955,0.16280418276033284
49,11452,2.878980468444345
49,14852,2.3624450024384913
49,7861,2.2695935212096945
49,15757,2.2180840686375873
49,14329,2.214391616049757
49,873,2.1233962934278163
49,5681,2.07255650332543
49,19001,1.992792553530928
49,15660,1.8611588503701435
49,5108,1.5740949250623826
