17,9601,0.3260794324694839
17,6155,0.30582112927837124
17,13616,0.2985172460233813
17,18167,0.2301210496342732
17,15067,0.2068648036994874
17,12224,0.20422034171290473
17,6832,0.20208927047684802
17,11988,0.19813096110784753
17,8464,0.19155983005606103
17,397,0.18034553615700794
22,10472,6.0205976381496695
22,4319,3.4775447065047125
22,12064,3.1330318674369515
22,8620,2.9524330155125735
22,2806,2.93137915015764
22,10241,2.8742776692542136
22,7691,2.785919946939721
22,8619,2.7324511568682905
22,8966,2.728968670583674
22,12777,2.684146711866864
5,19754,2.161933483117396
5,2972,2.060168257152484
5,12299,1.9590224455490972
5,4548,1.5268402803845424
5,11660,1.4137893418742424
5,4394,1.3627067565845594
5,3619,1.347103378711674
5,9891,1.2881882197107442
5,1567,1.2808520879088223
5,17676,1.2705261403762982
2,7691,3.7639426187843386
2,4183,3.4358032183403115
2,4319,3.4158675118398563
2,12187,3.1221143246714718
2,16209,2.98141948208082
2,19483,2.9337167814571203
2,2044,2.8872923523844385
2,13616,2.863155182178639
2,2740,2.794155459107772
2,12231,2.755024138662142
41,2740,4.099774830578878
41,11624,3.61145825669938
41,18157,3.425449690631465
41,2739,3.415549421570381
41,11452,3.3722983536498194
41,7913,3.339013595166626
41,2539,3.2820718854485746
41,13616,3.207541604337487
41,6155,2.9985091050433166
41,4319,2.9234889576439675
50,11452,0.9141075959367149
50,15102,0.6767221312642451
50,16642,0.48835483004975105
50,10729,0.48744680238314503
50,10735,0.4764660902071722
50,11212,0.46623319411982234
50,12857,0.4475658929934657
50,589,0.4376918206250027
50,15891,0.42256508207564925
50,4319,0.4071707206655919
38,13616,3.367651657456805
38,2740,2.954400843505691
38,19483,1.7941045351727312
38,12231,1.77516707188704
38,2044,1.7447295951426764
38,16209,1.6076309614916995
38,12187,1.5092573676441488
38,4183,1.4549231316727051
38,2539,1.3829283295549089
38,7913,1.3573059621001884
10,4319,4.671997281132041
10,11624,4.395429759356247
10,7691,4.2240279857967975
10,2539,4.173710489710414
10,7913,3.9984480255698753
10,16642,3.902536268777167
10,2739,3.885442108805392
10,11452,3.7881966730381107
10,18157,3.7805166630833047
10,11212,3.522525424621634
27,9601,5.254969643376112
27,6155,5.224133315682667
27,17531,4.8277232117905235
27,4319,4.8255723924507405
27,12187,4.735653517622235
27,2740,4.123466729851223
27,19483,3.842060496011311
27,2044,3.778423585457383
27,12231,3.7589396403945554
27,6669,3.594225840710945
35,2972,0.6603357321506205
35,14990,0.4401196784178245
35,12034,0.39241598727910115
35,19059,0.314867638395959
35,5652,0.3050105518220957
35,14521,0.29758311215560695
35,18749,0.2827091942699318
35,18913,0.2801323928378453
35,11365,0.2783591712068826
35,7104,0.2691616302573916
15,7691,5.050064590767547
15,2739,4.753073995941009
15,18157,4.539712353924263
15,11624,4.413035609683174
15,7913,4.351720837054296
15,13616,4.348716485842652
15,2539,4.2332144759577455
15,4183,4.172980481853086
15,4319,4.16866157609049
15,12231,4.004237248872507
16,17531,3.9535861545406052
16,11624,2.7536688867890344
16,2739,2.628257253045798
16,7913,2.4840929196468524
16,4183,2.4369884667047605
16,18157,2.3927586869000392
16,2539,2.221398138709735
16,12187,2.086093672156086
16,12262,2.0013859055184735
16,11452,1.9895887352811068
30,15067,2.2421436486617274
30,16209,1.9491428590946336
30,14412,1.8801757448027852
30,8587,1.8359289086275874
30,11624,1.8216764421331961
30,7691,1.7655169569378846
30,6323,1.738521529333289
30,15102,1.6997557986685863
30,4319,1.6415737820119982
30,18843,1.6166133108712397
42,12224,2.9349659565518413
42,6155,2.886575012338478
42,12231,2.7494612470685285
42,4183,2.72506694031142
42,9601,2.7062818582995503
42,16209,2.701669224500803
42,19483,2.609564954698808
42,12187,2.5415420637466193
42,2044,2.5403666497598305
42,11624,2.0420628258865183
44,4319,4.049631496667043
44,4183,2.138651602032272
44,11624,2.1248052523068734
44,2739,2.0048007287679654
44,19754,1.967833639744232
44,7913,1.899501693646261
44,2972,1.829217990358863
44,18157,1.8174655740270338
44,12262,1.6990703935452909
44,9818,1.6748766545004086
34,11452,3.795141160829046
34,7360,3.430838290305752
34,6155,3.1664631968851316
34,9601,3.1148470376941004
34,11212,2.675430654270992
34,16642,2.5188176471116863
34,16209,2.226320924578684
34,2740,1.8087457543496577
34,2044,1.7806456637010448
34,3384,1.7183025372048242
33,17531,2.015796682780275
33,8619,1.4498346788867427
33,12777,1.1841327191743343
33,18749,1.1510202042089894
33,2386,1.0878178618355951
33,7523,1.0782504534299524
33,10241,1.0728899040481572
33,8926,1.0688402973535265
33,7104,1.0616143567686962
33,3996,1.0575598989312993
48,6669,2.284965222105031
48,19754,2.1536246038282165
48,12299,2.087302300648691
48,19610,1.882336580102874
48,2740,1.7243787762866418
48,12224,1.3236485425542914
48,12555,1.3029347927381127
48,16071,1.286335095932098
48,8926,1.2785996016911592
48,9818,1.2703632760952803
4,10472,3.7561390246239426
4,12224,3.560991654537454
4,13616,3.2531549329978637
4,19004,2.313247396889136
4,19001,1.9581394136406391
4,14329,1.820405958471596
4,873,1.8131647181588844
4,3384,1.7280524711179046
4,5681,1.5893631980843037
4,1265,1.412966248139937
46,10472,2.7558059775435004
46,19004,2.415241116495158
46,12931,1.7980676308397663
46,18843,1.6058238251585562
46,14412,1.6033031917588685
46,2539,1.5643144227515438
46,14990,1.562021516149502
46,12857,1.5001828602832945
46,8587,1.4788242328783774
46,10113,1.4743823748913045
45,10472,0.7134157204178846
45,2386,0.3627269100238142
45,12224,0.3318157413209029
45,10063,0.31040121512121294
45,2806,0.29195147720866055
45,12064,0.29091788611615155
45,8620,0.27782038837860223
45,11624,0.27129785189517425
45,6792,0.2616402456040186
45,2740,0.25345665531085215
29,7360,4.020162080374889
29,16209,2.4708958678631894
29,15067,2.295568061270469
29,4183,2.155583283877939
29,19483,2.153183664041234
29,2044,2.1197086460147854
29,11624,2.0982955617694574
29,7691,2.0978106933954335
29,8587,1.9657586681613655
29,12231,1.9319107485992593
37,10472,2.007045119051685
37,18749,1.7643451380183799
37,16642,1.5229488264581406
37,12164,1.4950728560409638
37,8926,1.494442264594452
37,11212,1.3907972953550367
37,7104,1.3857036490141117
37,18198,1.2887956752771426
37,2972,1.0346516613535008
37,9818,0.8455230064855359
18,12299,2.982099512669899
18,19754,2.8877825461304076
18,6669,2.382821068982792
18,19610,2.3097311936379503
18,14990,2.1977569081350086
18,17531,1.5650399160233939
18,2972,1.4832576158256559
18,5681,1.2939699636944093
18,3384,1.1872690750751076
18,14329,1.0721183303733877
36,12224,3.3769723871363952
36,19483,2.193118805089032
36,2539,2.1883020019751425
36,2044,2.1396958300878564
36,12187,2.064779292948136
36,16209,1.9955953192243707
36,12231,1.9806840814104465
36,7913,1.9740217412943004
36,18157,1.9361953551615627
36,2739,1.9022850558581754
11,9818,2.871018062185399
11,8926,2.5049659908030844
11,18198,2.218260275253551
11,18749,2.2145843049343616
11,7104,2.1337527828522704
11,12164,1.9568020088792109
11,17531,1.9356958528140966
11,873,1.9305842940290407
11,7691,1.8975301426102902
11,3384,1.822801596014159
31,16642,2.755411946445067
31,11212,2.436647818035878
31,15102,2.27515793352006
31,14990,2.1840085128036977
31,19004,1.5579169996818685
31,2386,1.467094925672029
31,7523,1.2217153475708322
31,10063,1.1871848605990825
31,12064,1.1870368489824084
31,8620,1.1651040397025263
9,2740,3.024381005242415
9,16209,2.2730428737180493
9,4183,2.1043347943605903
9,6323,2.0962183734275444
9,12187,2.095483301701566
9,12231,1.9402657269364714
9,8587,1.9299223819196296
9,19483,1.9001132230771909
9,14412,1.850602078526166
9,2044,1.7812356435375478
1,16642,0.19696352068885317
1,11212,0.19530700904529735
1,397,0.17568103007960065
1,15102,0.16747419356567755
1,10876,0.16523274686734113
1,8926,0.1649933419805402
1,3289,0.16402971489630025
1,11988,0.16219689590058903
1,12164,0.159790951559853
1,6323,0.15557368989280088
49,11212,2.2892857563545403
49,16642,2.0214768489823305
49,10472,1.3159089626359841
49,15102,1.2585719360852339
49,310,0.8156758781975257
49,16075,0.7695750535243551
49,3572,0.7635231576253062
49,11028,0.7403363012943232
49,5128,0.7346697465156503
49,6736,0.720872487357525
