17,10472,3.6508060437807854
17,5108,2.008945561352948
17,11452,1.9892066392515766
17,19610,1.9800977282684187
17,6792,1.741193723608983
17,12064,1.654195925027852
17,12777,1.6465645739773445
17,12299,1.6451348733407478
17,6155,1.6275866637814376
17,9601,1.6273130814626673
22,10241,4.144225125980029
22,2740,4.1250627586551065
22,11335,4.061507054468853
22,7273,4.012271852350837
22,8620,3.9161162809955403
22,12777,3.8022218146492026
22,12064,3.4141405238901577
22,3996,3.2823004097533692
22,14694,2.9854307079494715
22,9928,2.845503226749954
5,8530,3.283252441684732
5,755,3.2017234999604742
5,2539,3.2014600659798087
5,11624,3.1803003202013786
5,7913,3.1732777165013886
5,15102,3.0758872000049253
5,18157,3.07564400100569
5,2972,3.0265390345644754
5,12299,2.745197637601502
5,17531,2.6808863927265434
2,2740,3.266840339585507
2,19610,2.76271407638507
2,2972,2.7123769823026795
2,2386,2.5799293295829573
2,12777,2.346414395602747
2,6792,2.3283660730591573
2,7273,2.315776698571618
2,7523,2.3026550117077416
2,10241,2.2810182754351347
2,11335,2.2491803254468223
41,17531,4.150876690562662
41,12299,3.8318970416534586
41,19610,3.294777050970615
41,4319,3.020390196873671
41,11452,2.9867777400622293
41,6155,2.458333380634075
41,7360,2.4250963698268597
41,9601,2.370394649021364
41,10472,1.4722647392395818
41,11212,1.187619718536767
50,8530,0.6596477716098499
50,755,0.46744951494243325
50,11624,0.43769492824693557
50,2539,0.42819539662388767
50,1265,0.4228544671739477
50,18157,0.41968166026729137
50,14879,0.4102418976610642
50,3204,0.37214333973970837
50,2740,0.3692434867778209
50,15540,0.3465966512884209
38,11975,2.1726628201375995
38,2458,2.1380177590768294
38,7104,2.099008517003508
38,18198,2.080200604536589
38,8926,2.071563477579713
38,9818,1.673033788227988
38,2740,1.5139036790281235
38,8530,1.435161194181131
38,7523,1.4217388097690704
38,2386,1.4005334592407437
10,16642,3.9235709296256354
10,4319,3.172099559290359
10,5108,2.470651563021263
10,7360,1.62708744328482
10,13852,1.4086449301633974
10,11070,1.3521782705213101
10,14758,1.274080787374099
10,11746,1.1682624169976248
10,765,1.1560941977454957
10,7691,1.154081772166494
27,8530,6.096235306518818
27,10472,4.19818855425073
27,19610,4.18722500447705
27,12299,4.0424743209883855
27,6155,3.6329846189515806
27,17531,3.4721682907764886
27,13616,3.2981501001786673
27,9601,3.1264738724918675
27,12064,3.0193892780721265
27,10542,2.8890584878786387
35,7360,0.7965977509104177
35,16311,0.7919186786088203
35,8551,0.7764084295548034
35,16187,0.7638749119947146
35,11550,0.7258158068701006
35,17415,0.6574447801886433
35,2664,0.6531164789591436
35,16822,0.646906974137892
35,8970,0.6387369103524732
35,589,0.6189655805288421
15,18198,3.8237190951383413
15,2458,3.729313788075716
15,11975,3.49027223861517
15,7104,3.3854708089134085
15,2740,3.370327257369788
15,8926,3.2974545132987854
15,9818,2.3935850931949947
15,12224,2.1863671722467943
15,14694,1.9046220923389594
15,6323,1.8765735972287607
16,17531,3.594858008122441
16,11212,2.642802393860553
16,16642,2.3891491858516063
16,5624,2.372196031823914
16,15102,2.3102511670365975
16,12231,2.2994756631086752
16,1221,2.230498744287218
16,19483,2.198452015950992
16,4183,2.159623582490184
16,12262,1.6586696212591414
30,9601,3.2692745671393544
30,6155,3.133666260624983
30,12299,2.2091986379615323
30,5624,2.1475371579742313
30,12231,1.9864090470575608
30,19610,1.9702394338848683
30,19483,1.9266834790408258
30,4183,1.8936723422890624
30,1221,1.8371533250584695
30,8530,1.6841657261455403
42,7913,2.4590700204222915
42,755,2.3302672030914278
42,18157,2.25805526894805
42,11624,2.1813202689318962
42,2539,2.1379355558627844
42,2458,2.0884025353532962
42,6792,2.04863458047288
42,7104,2.0389257834261443
42,18198,2.0132712891478897
42,11975,1.9344551183246486
44,4319,3.357936373036908
44,12299,3.171763513578167
44,19610,3.1097367496823103
44,15102,3.09373504383809
44,12231,2.8819599249510874
44,5624,2.79839794499068
44,4183,2.7645526836361323
44,19483,2.7190552343408294
44,1221,2.5803922587067634
44,11212,2.56227289546692
34,9818,3.26963541113814
34,2386,2.821881090180807
34,6792,2.553048977805791
34,12777,2.5434570511110746
34,3996,2.4046254764501582
34,11624,2.3738046851038126
34,19004,2.3612083696779775
34,8530,2.3339866134588765
34,11335,2.284896089172671
34,7273,2.273015181877177
33,2740,3.84264387674715
33,6792,1.9869840004575487
33,7913,1.816102343384765
33,7523,1.7788927015379026
33,755,1.765920834674349
33,7104,1.7343084284566244
33,2458,1.7146949348001628
33,11624,1.6786779743057307
33,8926,1.6498148642863897
33,9818,1.6472934796148289
48,13616,4.893966979235846
48,5108,2.0216849791749576
48,12555,1.7182019671326207
48,18167,1.7138013117070994
48,8587,1.6352182094599665
48,8464,1.6058387278259778
48,12931,1.603162801295235
48,5851,1.5062122253150725
48,6832,1.4624285812722453
48,15067,1.4283168450158186
4,19004,1.8745576362448857
4,5108,1.8652173179240465
4,1265,1.377787490737416
4,11452,1.191464631809191
4,8530,1.107251249701588
4,10472,1.0873823804359264
4,6155,1.0747473043510865
4,9775,1.0193204912975
4,7861,1.0004713831045056
4,11188,0.9839698663902201
46,7691,2.6025270899271162
46,17531,2.542908844122836
46,4319,2.317989070471308
46,12262,1.5815390838452832
46,10735,1.4891527797654784
46,12857,1.4576067221837399
46,12786,1.4425455012762383
46,13842,1.4247332093594005
46,6936,1.4209563983072342
46,12299,1.402813957853473
45,10472,2.1155432918138626
45,8530,2.0052335356191295
45,7861,1.386573165369767
45,15660,1.2921639505244018
45,15757,1.173493704240236
45,19001,1.1644487606420657
45,873,1.134426923651605
45,12224,1.1085916700305223
45,14694,1.0963585024805451
45,3384,1.0764223035169285
29,8926,0.3582312494555743
29,7104,0.34500642771461615
29,2458,0.3323768448836148
29,18198,0.31791141569254683
29,11975,0.312569427866045
29,2972,0.25707889187918775
29,2740,0.22346681577906768
29,19921,0.16926903786172368
29,12474,0.16508093294877177
29,14884,0.15965335778566814
37,19004,0.17732766771698186
37,4183,0.1387649265733942
37,1265,0.1325338029387611
37,84,0.12553876473008713
37,6049,0.11495872185454245
37,15102,0.11464008232675259
37,19001,0.11055558692138828
37,14329,0.10735629287154642
37,16888,0.10191324289567147
37,14852,0.1005323310847039
18,14694,2.9865239710727094
18,12224,2.8968027392317928
18,2740,2.8463447307413396
18,2972,2.7978106413013046
18,9928,1.8686154248003053
18,14884,1.6682473020935544
18,10523,1.563336316132928
18,4580,1.5372786910371712
18,11398,1.5205473840182253
18,17173,1.5075356985665327
36,19004,4.03340057115718
36,5681,2.633029334348095
36,15660,2.62726142303309
36,14852,2.599810948222869
36,1265,2.577358662579212
36,15757,2.5578165981627525
36,14329,2.539645823614702
36,7861,2.519875141846078
36,3384,2.48991618289769
36,873,2.4562190916280966
11,17531,3.3821084649475956
11,15102,3.038958611386944
11,7691,2.774177751265235
11,12231,2.563257203965587
11,19483,2.5489591191635346
11,4183,2.5406016134119356
11,5624,2.4879779325188394
11,11452,2.462287305118648
11,1221,2.276424492254512
11,7360,2.098048444462769
31,8530,3.7147187138088924
31,5108,2.122034188900025
31,9818,1.9348108192578637
31,11452,1.7506876248883965
31,7691,1.6947489745319992
31,15102,1.6914180603926088
31,4319,1.4311498911966347
31,6155,1.3794892208323328
31,9601,1.35839033964644
31,17531,1.3115240834175794
9,11452,3.554465864253234
9,7360,3.1126846967761734
9,17531,2.1228452398936972
9,4183,2.051308577050243
9,5624,1.9415090095273104
9,7691,1.8941613653179676
9,8530,1.8784198177761575
9,12231,1.8516098993163421
9,12299,1.8387925446728823
9,19610,1.6849896615402287
1,19610,0.26235585943233947
1,16642,0.23213324136959992
1,17531,0.22386180152566934
1,12299,0.21942570264704733
1,11212,0.20600502041023203
1,2458,0.201483870927191
1,7691,0.18838821747037188
1,5624,0.18802922685330256
1,15102,0.1766749489265934
1,11975,0.17491168794280343
49,13616,3.8818647213741015
49,14852,2.4904594202619545
49,1265,2.473017815128898
49,3384,2.3775433043185132
49,14329,2.3075256133311384
49,873,2.1953794848962844
49,19001,2.1879723469737606
49,15757,2.169336586595592
49,5681,2.1690108267245365
49,15660,2.153329757345497
