17,13616,2.8753246539744532
17,14990,2.24851714435465
17,7913,2.1076453628549414
17,755,2.0713448069804725
17,18157,1.9921961644453587
17,2739,1.977198633504469
17,4319,1.4921468528422
17,6323,1.3649673098535025
17,15067,1.2209485498254062
17,7360,1.1475718374648978
22,10472,4.019300697397738
22,17531,3.2338755792811744
22,11335,3.0152183293122277
22,7273,2.8239424635617643
22,8619,2.5859908923748693
22,10241,2.5440219450051913
22,3996,2.252881760645204
22,6792,2.211950195455859
22,14925,2.1023951542169024
22,12786,2.0408763659657327
5,19754,3.485731344399431
5,19610,3.3400145061577096
5,9818,2.7807835106870282
5,14412,2.618976463361954
5,397,2.5830017026355403
5,8587,2.1507781488123685
5,6323,2.019438631110771
5,18167,1.8176465284638565
5,12555,1.7687772056332243
5,18749,1.698884570928541
2,8530,2.7160292899628096
2,8926,2.6798390731884196
2,12164,2.626822093420735
2,9818,2.457209463255304
2,2458,2.452395338850294
2,14990,2.4205720767907533
2,11975,2.414973566949229
2,18198,2.373648292206963
2,18749,2.277322707020566
2,19610,1.7376431924228397
41,17531,3.0533599587347635
41,8464,1.3644231754783993
41,10729,1.152724679765764
41,10542,1.1047920697190345
41,16642,1.0849122135914524
41,6323,1.0298277632810775
41,11988,1.0122028418597124
41,5958,0.9496978151082407
41,397,0.9477892041876435
41,16085,0.9473395267307934
50,8530,2.033447584451083
50,755,1.8566058173441795
50,18157,1.815129890609846
50,2739,1.7850067245132948
50,14990,1.7471258632242612
50,12164,1.225386095744274
50,1265,1.1413097592368002
50,11975,1.1390495838840367
50,2458,1.0884445430186478
50,8926,0.9928895620585403
38,2972,3.342460785317688
38,2740,2.945310441411039
38,10472,1.9346005301687152
38,9601,1.6707571752370283
38,15102,1.5199320091866015
38,11452,0.9525385862268919
38,2448,0.895302363341113
38,10733,0.8909309959062623
38,16822,0.8837917791422645
38,10113,0.8796480998242481
10,17531,4.285965799240022
10,7691,3.5262846143733606
10,19754,2.5526647425753346
10,12224,2.4753317303556193
10,14694,2.121434507033805
10,6669,2.0026785789884687
10,19610,1.95329304310998
10,2972,1.9481972898311226
10,7360,1.6676199940615903
10,2740,1.6434677172332497
27,6669,4.0364644537191685
27,17531,3.9031107779581236
27,11335,3.4415693719034435
27,8966,3.4223314525001927
27,8619,3.1880784542547462
27,19610,3.1650958281764883
27,3996,2.9929294675234592
27,7523,2.957428948452003
27,2806,2.9223801927388418
27,10063,2.773903893481075
35,5108,0.9618972585001968
35,9601,0.7521709824979669
35,2740,0.7136189357976491
35,14694,0.6105169307134848
35,2972,0.5438666778856255
35,12224,0.5147572309517963
35,15757,0.4746198019107104
35,3384,0.3373533030600456
35,18198,0.32563983259262225
35,7861,0.281531632157776
15,5108,2.3257076258319085
15,19610,2.154062747168804
15,19754,1.904766771747323
15,2740,1.6944924975545235
15,1381,1.492148525400851
15,6669,1.4807741239612682
15,19495,1.2654433496379889
15,6435,1.2230865098432255
15,19237,1.2053614627542506
15,5887,1.1918810429331894
16,11452,2.7767951225832577
16,9601,1.8932855382869727
16,15067,1.5982771795862887
16,12555,1.5600146318954609
16,7360,1.5149769670164501
16,11988,1.4821705101560045
16,9928,1.4800393622451158
16,3955,1.4622446679340078
16,8530,1.4588248991432597
16,10542,1.4495485773390704
30,14990,2.3483704465780226
30,13616,2.161749163908957
30,4319,2.1194891716362925
30,9601,1.5598579770701892
30,3955,1.2772184573032965
30,10472,1.2475527461019236
30,8587,1.2301513464341793
30,18843,1.2035038056376242
30,9928,1.1634956349843886
30,11975,1.1444177277154035
42,12224,3.15328967001532
42,14694,3.095032329423909
42,9601,1.6671677471206736
42,11979,0.8249521588446173
42,5162,0.7849299399354214
42,3092,0.7756319303820461
42,8435,0.7476296246152653
42,4437,0.7428324797373552
42,15757,0.710173488342814
42,13108,0.7080737345756445
44,15102,3.6427776276071953
44,19754,2.3450220587040853
44,6669,2.113398876181072
44,19610,2.0545086879345846
44,4183,1.9922283361165323
44,2044,1.8574722428706367
44,16209,1.6140928753881205
44,5624,1.5782670187649408
44,1221,1.5654030221546689
44,12187,1.5080074741507217
34,11452,3.6481784257455256
34,4319,3.559825811311611
34,15102,3.5437830629218423
34,8530,2.2336023112339434
34,10472,2.1320870409945885
34,12777,2.1307835285696703
34,8619,2.0489279136539675
34,6792,1.9798891624875585
34,10241,1.930152205054762
34,8966,1.92806220489317
33,15660,0.23603630458256444
33,19004,0.21293107973817124
33,7861,0.2124541238185599
33,14852,0.21234907948491458
33,19001,0.2105410833830868
33,1265,0.20906763668044304
33,3384,0.19596805364449818
33,14990,0.18293017914975435
33,15757,0.1712908593828228
33,7913,0.16064615727753176
48,14990,1.5141962414677266
48,2739,1.256577378907203
48,7913,1.208901828558147
48,18157,1.2068517645244246
48,14791,0.943237787479017
48,15491,0.9290955369834437
48,755,0.9277587903397683
48,2321,0.8954370408408945
48,12516,0.8773643541328319
48,3489,0.8701101983070314
4,2972,1.8172533373098436
4,14694,1.7318153811546497
4,12224,1.7166857838740477
4,2740,1.6752869805638562
4,18341,1.2609458222732324
4,9601,1.2115742201409434
4,15102,1.0600782071937087
4,5498,1.027425903470684
4,8489,1.0245740152971687
4,3384,1.0034331819454094
46,7691,3.2812999182615408
46,17531,3.0437784393892984
46,2044,1.92180011568505
46,397,1.90566251421981
46,4183,1.8808887861632277
46,11988,1.8248706440632043
46,15067,1.818588247121809
46,8464,1.7548530222533503
46,8587,1.7158708247181316
46,2919,1.6582341937150478
45,18749,2.517230001730246
45,8926,2.4544396103979853
45,18198,2.3489016208197606
45,2458,2.252237319634276
45,11975,2.1271032686622258
45,12164,2.1254687241858288
45,9818,1.6407875408214363
45,18157,1.2595388907904908
45,2739,1.2208880770793762
45,755,1.214137456976892
29,7360,3.760236895943273
29,4319,2.9105029539733596
29,10472,2.199949261339451
29,9601,1.9685625697318128
29,8587,1.835953632856117
29,3955,1.6807000101329341
29,2919,1.610229992548504
29,9928,1.6062241319208845
29,18843,1.606094944486524
29,18167,1.5963399794730724
37,7360,2.583904950589932
37,8530,2.2709285082671187
37,18157,1.962034646570715
37,755,1.9133448162271556
37,7913,1.841193280396445
37,2739,1.6577763239780712
37,11452,1.6329858442760172
37,11975,1.3254176454265736
37,8926,1.1932784729209178
37,15660,1.1830981231842297
18,5108,3.695445138069198
18,2739,3.1724116110486227
18,755,3.1662509666351886
18,18157,3.0879124560997266
18,7913,3.0585264964862238
18,10472,2.4920545598167045
18,4319,1.675382183791608
18,14990,1.6594496614378311
18,12777,1.4634575170044661
18,11452,1.4384242784729695
36,8530,2.875411915063717
36,7360,2.1709787715558093
36,11452,1.7271309656257658
36,15067,1.0591358468050105
36,11188,0.9365278995770545
36,15102,0.8879060211936148
36,420,0.8166066416432356
36,8587,0.8115365715465623
36,983,0.7909603863015071
36,2739,0.75427811976849
11,17531,2.48832136824945
11,11335,2.076392585014287
11,8966,2.053853101133909
11,7523,2.042703342560621
11,3996,1.9702667266148735
11,7273,1.9582577246732038
11,6792,1.9428111649072963
11,7691,1.9308883925753848
11,2806,1.913753435217689
11,2386,1.9023933462202152
31,14694,1.9706594025173882
31,11452,1.962736324266999
31,12224,1.8217556637855306
31,9818,1.5372497399995586
31,18198,1.5268624384006464
31,18749,1.50301410898567
31,2458,1.5010514371250512
31,11975,1.4726892667112514
31,8966,1.3172686062204861
31,7273,1.304893317271643
9,11452,1.9138068501607788
9,4319,1.870480879429628
9,2740,1.6264530755310118
9,14694,1.5857436603632724
9,12224,1.4719892539144563
9,2972,1.3260356041465562
9,7360,1.155117278284419
9,18701,0.8668382866358275
9,9371,0.7898071531847937
9,4044,0.773958733238171
1,13616,0.2771057839639223
1,2740,0.23919364880140154
1,15067,0.22409246021061074
1,8530,0.22398354998349385
1,2972,0.2158518129431949
1,17429,0.20649220336183494
1,11188,0.20558067576279707
1,2764,0.19932153630495228
1,16798,0.19053951039181766
1,17005,0.1886060654667101
49,19754,0.40414964773003675
49,19610,0.4033882323927999
49,11188,0.29614231491682225
49,6669,0.29596467738644017
49,9554,0.2897776312247792
49,3085,0.25969773079229047
49,5086,0.2568275977535791
49,8435,0.24906780181162957
49,7074,0.24318369052532024
49,7075,0.2353152188905691
