17,14694,2.026709608073492
17,6155,1.9250982303299535
17,11452,1.6132033729177355
17,7360,1.5174499189452484
17,16965,0.8773449969813419
17,7575,0.8740044205478074
17,16642,0.8322541426417804
17,9958,0.828984272632904
17,11188,0.7459139641296846
17,15759,0.729791438804153
22,11212,5.273158663272353
22,8619,4.397194178622853
22,11335,4.343429455860908
22,3996,4.236601871199161
22,19610,4.139566341749386
22,16209,4.046300325413137
22,12064,3.9885338403415815
22,2386,3.9493708854092953
22,12777,3.9453864889619297
22,7523,3.7644462610010443
5,15102,5.292379683336866
5,16642,4.083409169718357
5,11212,3.9217572562810443
5,16209,3.8397147011511996
5,2044,3.40213373307831
5,5108,3.366483655248199
5,19483,3.350251197254175
5,12187,3.2921217285636595
5,1221,3.282641655068577
5,12231,3.205170839623309
2,5681,2.26533197333648
2,15757,2.2609208628589768
2,7861,2.2222325483329097
2,14852,2.1748760072283657
2,19004,2.152109487424103
2,14329,2.1035455105669265
2,873,2.0035670130209806
2,3384,1.8405160277133543
2,15660,1.8273104070916266
2,1265,1.8193117726875458
41,12777,2.9483122034805427
41,11212,2.860356616233447
41,2458,2.751967584525735
41,16642,2.7434149354221455
41,8966,2.7090738548477
41,12064,2.692396677367456
41,8620,2.6628144880050773
41,11335,2.5962224084372667
41,10063,2.5877433158368253
41,2806,2.574656402046565
50,873,0.4979174272049389
50,11624,0.48170557482261805
50,15757,0.4363545770390764
50,2739,0.4247964332004326
50,14329,0.4180137745069559
50,18157,0.4030361998112079
50,7913,0.39419918632522855
50,755,0.3400555111420157
50,3384,0.32865011440788716
50,1265,0.31587097669800984
38,5108,2.4362262284771905
38,16642,2.0604810783778995
38,8530,2.0262778766715877
38,8966,1.6712940438825754
38,7360,1.581500439333308
38,11212,1.5451772826919528
38,15102,1.534912221442909
38,8619,1.5202035185926093
38,11452,1.5128185036862019
38,2386,1.4754091032241337
10,6155,3.260076960362803
10,7691,2.9812876209029198
10,16209,2.9701287574566364
10,14990,2.717936487048603
10,4319,2.5797490817355166
10,12187,2.3683445049295755
10,2044,2.245692002559902
10,19483,2.157398989612368
10,12231,2.1382902912227735
10,10472,2.0235024292102404
27,4319,5.334423553069262
27,11212,4.678230898063447
27,16642,4.145875294512715
27,6155,4.112186347567352
27,7360,4.060272279909645
27,5108,4.057561370976354
27,9928,3.6685995167745156
27,15067,3.638005365489596
27,14694,3.35714538430381
27,6669,2.9014326057421163
35,19004,1.308558986806109
35,13616,0.9665247059744886
35,15757,0.6790676963697608
35,14329,0.666065687642197
35,2972,0.6630210803061569
35,3384,0.6515011750178538
35,14852,0.6195448806522041
35,873,0.6185960482337894
35,5681,0.5973988634526936
35,7861,0.5362439621667567
15,13616,3.5531419238304776
15,4319,2.9651949396420334
15,11452,2.911420120611177
15,7360,2.500448307188609
15,7691,2.1665299528111794
15,6155,1.9439747066377933
15,14852,1.6860053770701238
15,8735,1.6658037618879609
15,7861,1.6055292268531487
15,15757,1.5957804716170203
16,10472,2.1089436888406805
16,11452,1.8011553876749622
16,15067,1.599386567092637
16,9928,1.5492809283115507
16,11188,1.5088205376757082
16,8735,1.4656185689323191
16,12262,1.4396863051629576
16,9486,1.4124718890986334
16,6155,1.3735125544481188
16,19628,1.348041833984485
30,6155,2.949255745478801
30,11212,2.453707597990481
30,16642,2.353560208004024
30,14694,1.6156835296035514
30,15102,1.5885632824030171
30,8530,1.5780047876996557
30,11188,1.403479528228512
30,4319,1.3585415819595332
30,7691,1.324665080408018
30,1843,1.1246084601224202
42,18749,1.8064586027660732
42,12164,1.7813728278463143
42,12299,1.6678870283377503
42,11975,1.5617312630472102
42,2458,1.5609125015160907
42,8926,1.5059692941166585
42,6669,1.3446768286013935
42,7104,1.3281367033343658
42,19754,1.1267957284585677
42,2044,0.8994339711019399
44,6155,0.28263561865326575
44,5108,0.22679156828813093
44,15102,0.2218983302503951
44,16209,0.20740182045841443
44,11452,0.19547670749906165
44,10472,0.18537302014382057
44,4437,0.17702345260976823
44,7104,0.176630618823414
44,4319,0.17367432486002005
44,7691,0.17301311044963877
34,5108,4.31886023645588
34,16209,3.1037854916705396
34,8966,3.058810069737889
34,7523,2.839990358180665
34,10063,2.82015366148699
34,12777,2.723957781268396
34,16642,2.651450335970357
34,11212,2.607809039123665
34,2386,2.6017150093393555
34,8620,2.569659290922194
33,18749,1.814328791845766
33,12164,1.8072793114048753
33,12299,1.6331553587167051
33,2458,1.6032033937235686
33,11975,1.5831533614700342
33,8926,1.5273921384645985
33,7104,1.369179120001016
33,6669,1.2880545576683364
33,19754,1.098380314713058
33,13616,0.9842732342250943
48,7913,2.868945879692166
48,11624,2.7773149637173637
48,18157,2.761188165309145
48,2739,2.7174489773835333
48,755,2.6922156522949012
48,2539,2.5364687092641227
48,12848,1.4257008476600976
48,7360,1.3288547336942094
48,16108,1.239970667373577
48,11452,1.212612741457565
4,7913,2.5905263033508326
4,11624,2.528415102405695
4,2739,2.4324633076795896
4,18157,2.372569421061817
4,2539,2.2323507019540276
4,755,2.2002326051258283
4,14852,1.3116247042763447
4,5681,1.2980861469720317
4,7861,1.2840093038032097
4,1265,1.2156726888644582
46,7360,2.553613212218245
46,11452,2.53615165321495
46,8966,2.497105398117352
46,12777,2.49442316935805
46,16209,2.4147748625970884
46,3996,2.3438149699236654
46,8619,2.336599379520683
46,10063,2.3239350385867628
46,12064,2.316915568895255
46,7523,2.312274786311177
45,14694,2.481300563065067
45,5851,2.1024611157163275
45,15102,2.0990172095733888
45,397,2.067423181595883
45,16071,2.013977153692996
45,6323,1.9946486841094877
45,8966,1.9876610957341043
45,3289,1.9762218452747335
45,18843,1.9744669705082982
45,14412,1.94762945631499
29,7360,4.220039591131171
29,6155,3.2999078057729645
29,11212,2.2350594291128476
29,16642,2.1391530364250793
29,4319,1.674701120959844
29,8530,1.6010566264688437
29,7691,1.5784186600972796
29,15102,1.5302129408631626
29,11188,1.5082967325449734
29,14694,1.4145362103863985
37,8926,2.505569084084916
37,18749,2.4032349377453106
37,7104,2.3406661137765155
37,2458,2.3249679993096795
37,6155,2.29423363827582
37,12164,2.2912610579325787
37,11975,2.1129778419683807
37,13616,1.971444521974997
37,4296,1.2367929302360097
37,7753,1.0857908988223872
18,14990,3.6239285231227965
18,6155,3.1985500902846202
18,2972,2.613087984146594
18,2044,2.4797207389039366
18,16209,2.4377926701491006
18,12187,2.270877335097285
18,5624,2.13086382450693
18,12231,2.0749403781671996
18,19483,1.9625062937261573
18,15102,1.9289249706318727
36,14990,1.986357104407001
36,7104,1.510502956701171
36,9928,1.4766564979012018
36,12164,1.4303929431371682
36,2458,1.1875543964423168
36,15067,1.1691170615915016
36,60,1.165430331849566
36,19406,1.1198540139680768
36,17173,1.0859911343906445
36,15947,1.0819675055928444
11,2972,1.8195366018442256
11,6155,1.348311995823994
11,7359,1.2861409267223087
11,14694,1.1559479606534695
11,8764,1.08303842192434
11,2620,1.0753247953277336
11,3084,1.0611887980385972
11,4183,1.058026688020684
11,13376,0.9589505900590038
11,5108,0.9529845277873092
31,7691,2.02040213617002
31,4319,1.985092707872273
31,16209,1.5087390799643332
31,12064,1.47967872266097
31,2806,1.4436368909597086
31,7523,1.3994738716095256
31,8620,1.3503091086399464
31,1221,1.3345488701843164
31,2044,1.3310071923057951
31,11335,1.3014697777702031
9,11452,3.317847207692112
9,7360,2.695051376132372
9,14990,2.2912480522690513
9,8926,2.2502978485690397
9,11975,2.184833767699745
9,12164,2.0309327776435873
9,7104,2.0175582124157074
9,11212,1.9527898697219455
9,18749,1.9264552187609407
9,8530,1.9222527889103218
1,9928,0.4380422709127091
1,5108,0.43785923704123203
1,15067,0.41847473417689707
1,7691,0.34815565168641094
1,13616,0.3300544180772805
1,4319,0.3242409342750615
1,18843,0.3022876152672329
1,6323,0.29266006007630885
1,397,0.2907226238854172
1,18167,0.2859290154319298
49,873,2.246495879106293
49,14852,2.2323840093593077
49,15757,2.2094935702261984
49,5681,2.17956778921666
49,14329,2.162696674243888
49,3384,2.0970054574642125
49,7861,2.0427700922821628
49,1265,1.7248175506993733
49,7913,1.5288339537877595
49,15660,1.4363564941954676
