2386,5,8.301099222154738
755,2,6.717063989962359
2739,2,6.717063989962359
16118,5,8.294998024166262
19483,41,8.521554925556792
6669,22,8.016535391183234
6023,10,7.882309883754624
7691,22,8.011036673666393
17036,50,8.794872706734404
12931,27,7.570986403588993
12931,34,7.908029084247935
2044,22,8.011036673666393
12235,22,8.009731145099048
12235,27,7.570367604555145
19093,50,8.795194076112807
11794,22,8.011036673666393
2740,42,6.717063989962359
5950,22,8.011036673666393
10313,22,8.010443007580118
7531,50,8.796249904681757
2972,22,8.011036673666393
9657,22,8.009871407970074
15462,22,8.016535391183234
9928,34,7.9045661486167305
15976,50,8.796249904681757
9069,22,8.016535391183234
19614,22,7.990564302964987
8418,15,7.503512858663351
11656,50,8.796249904681757
7827,50,8.795194076112807
18593,4,7.601124916314336
5777,50,8.796249904681757
4,50,8.80016509947482
12914,35,7.654811656522299
14195,50,8.795194076112807
18644,27,7.570787757284078
15102,22,8.016535391183234
8256,50,8.80016509947482
10257,22,8.016535391183234
1230,27,7.570829803139881
19847,50,8.795194076112807
19147,50,8.795194076112807
15489,50,8.794872706734404
7651,50,8.765988539143002
1892,50,8.794872706734404
19079,50,8.791689468496244
5108,45,5.998851313088799
15660,48,6.717063989962359
3910,50,8.794872706734404
12627,22,8.016535391183234
17995,35,7.654811656522299
7861,48,6.717063989962359
840,50,8.794872706734404
19348,22,8.011036673666393
17277,50,8.794872706734404
16648,22,8.007747062596879
10958,22,8.010443007580118
5742,50,8.795194076112807
2536,15,7.50360494905928
15104,50,8.765988539143002
13635,35,7.654811656522299
10020,50,8.80016509947482
11139,22,8.013856941811763
11139,50,8.797310971607187
13338,35,7.669777866425208
14436,22,8.016535391183234
12941,35,7.663582420071552
8587,27,7.570415328381668
11703,50,8.796249904681757
19340,22,8.010443007580118
15172,50,8.796249904681757
1270,50,8.794872706734404
11113,35,7.662830955264285
4476,50,8.791689468496244
1265,22,8.011036673666393
6155,35,7.654800251920858
6155,9,6.717063989962359
12553,35,7.662830955264285
10202,50,8.795194076112807
10022,50,8.794872706734404
11874,50,8.794872706734404
653,22,8.016535391183234
12468,50,8.765988539143002
16659,22,8.016535391183234
5137,10,7.882309883754624
18063,34,7.895785199257412
11749,50,8.765988539143002
13459,35,7.654811656522299
12732,50,8.796249904681757
3832,50,8.794872706734404
19818,35,7.6615587655415185
19672,35,7.654811656522299
12493,35,7.654811656522299
10358,35,7.654811656522299
13030,35,7.6615587655415185
10021,50,8.796249904681757
19133,50,8.794872706734404
11392,27,7.570787757284078
5205,50,8.765988539143002
11251,22,8.016535391183234
5834,35,7.6615587655415185
18035,27,7.570787757284078
7254,22,8.016535391183234
19310,10,7.882309883754624
13355,35,7.6615587655415185
19369,27,7.566682186195419
18560,50,8.796249904681757
16141,22,7.996314343574057
16141,27,7.567618909610739
3288,50,8.796249904681757
14258,22,8.016535391183234
6276,50,8.796249904681757
6395,27,7.570829803139881
19121,35,7.654811656522299
6681,50,8.796249904681757
1267,35,7.654811656522299
19052,50,8.796249904681757
9674,50,8.796249904681757
5381,35,7.6615587655415185
6416,35,7.669777866425208
13213,35,7.6615587655415185
13492,35,7.654811656522299
2494,27,7.570787757284078
13234,35,7.654811656522299
17260,35,7.6615587655415185
12289,27,7.570787757284078
4594,15,7.50360494905928
3199,4,7.590284086945086
6006,35,7.654811656522299
1140,50,8.795194076112807
7618,50,8.794872706734404
4038,35,7.654811656522299
5876,50,8.796249904681757
7726,50,8.796249904681757
8973,15,7.503512858663351
6489,35,7.662830955264285
7984,35,7.654811656522299
551,35,7.654811656522299
10506,4,7.590284086945086
8003,35,7.654811656522299
2974,4,7.590284086945086
18393,35,7.654811656522299
12744,4,7.604134847385354
4068,22,8.016535391183234
7960,35,7.654811656522299
17423,4,7.590284086945086
12434,35,7.654811656522299
4992,27,7.570787757284078
6892,35,7.6615587655415185
1979,4,7.590284086945086
3179,4,7.61560779264762
13186,35,7.662830955264285
11894,50,8.80016509947482
9585,35,7.654811656522299
8354,35,7.654811656522299
481,35,7.654811656522299
10824,35,7.654811656522299
15067,34,7.9026731568802235
3963,35,7.6615587655415185
11188,35,7.662830955264285
13161,35,7.654811656522299
6126,35,7.6615587655415185
807,35,7.6615587655415185
19523,50,8.765988539143002
16497,35,7.654811656522299
310,35,7.654811656522299
14139,50,8.765988539143002
14621,50,8.796249904681757
6028,35,7.662830955264285
16653,35,7.6615587655415185
7005,50,8.794872706734404
1758,35,7.6615587655415185
408,35,7.6615587655415185
5211,4,7.603930778691404
7662,35,7.662830955264285
6069,35,7.654811656522299
10400,35,7.662830955264285
1422,4,7.590284086945086
5813,35,7.6615587655415185
1432,4,7.601124916314336
4901,35,7.6615587655415185
4894,35,7.662830955264285
5098,15,7.50360494905928
19059,50,8.796249904681757
12422,22,8.010443007580118
10502,35,7.654811656522299
2223,35,7.654811656522299
14487,35,7.662830955264285
14013,50,8.796249904681757
4365,35,7.654811656522299
16606,35,7.662830955264285
14497,35,7.654811656522299
19152,35,7.654811656522299
11112,35,7.6615587655415185
12880,35,7.654811656522299
6580,35,7.6615587655415185
5744,35,7.654811656522299
7733,35,7.6615587655415185
8044,35,7.654811656522299
5621,50,8.793705050681861
5781,35,7.654811656522299
10092,35,7.654811656522299
1026,50,8.793705050681861
11564,35,7.654811656522299
19531,35,7.654811656522299
19229,35,7.654811656522299
17990,35,7.6615587655415185
5761,35,7.654811656522299
10701,35,7.669777866425208
13059,35,7.6615587655415185
11571,35,7.654811656522299
3150,4,7.603930778691404
13200,35,7.654811656522299
12866,35,7.654811656522299
13370,35,7.654811656522299
18773,35,7.654811656522299
3029,22,8.016535391183234
12748,35,7.6615587655415185
10099,35,7.654811656522299
17116,35,7.654811656522299
18709,35,7.654811656522299
13869,35,7.654811656522299
8817,35,7.662830955264285
10107,35,7.654811656522299
12864,35,7.662830955264285
5590,35,7.654811656522299
13281,35,7.6615587655415185
16796,15,7.50360494905928
10529,35,7.654811656522299
4228,10,7.874307607266394
13140,35,7.669777866425208
6402,35,7.654811656522299
17454,35,7.662830955264285
17207,35,7.662830955264285
9287,35,7.654811656522299
7290,35,7.662830955264285
13218,35,7.654811656522299
366,35,7.662830955264285
15949,35,7.654811656522299
11581,35,7.662830955264285
12171,35,7.6615587655415185
15697,35,7.662830955264285
17566,4,7.590284086945086
15578,35,7.654811656522299
15509,35,7.6615587655415185
10785,35,7.654811656522299
5149,35,7.654811656522299
14090,35,7.654811656522299
19899,35,7.662830955264285
2377,35,7.654811656522299
6066,35,7.662830955264285
5849,35,7.654811656522299
18750,35,7.654811656522299
9091,35,7.654811656522299
13882,35,7.654811656522299
5681,50,8.795194076112807
17494,35,7.654811656522299
9137,35,7.654811656522299
17903,35,7.654811656522299
6680,4,7.601124916314336
4812,35,7.662830955264285
5936,35,7.654811656522299
3799,35,7.654811656522299
16296,35,7.6615587655415185
14652,35,7.654811656522299
8099,35,7.654811656522299
8884,35,7.6615587655415185
5305,35,7.654811656522299
2043,22,8.016535391183234
16300,35,7.654811656522299
11831,35,7.654811656522299
6814,35,7.654811656522299
5278,35,7.669777866425208
11532,35,7.654811656522299
16313,35,7.654811656522299
13123,35,7.662830955264285
4648,35,7.654811656522299
14965,35,7.654811656522299
11314,35,7.654811656522299
9020,35,7.654811656522299
10855,35,7.654811656522299
7888,50,8.765988539143002
7031,35,7.654811656522299
11145,35,7.654811656522299
13319,4,7.603930778691404
19534,50,8.80016509947482
4210,35,7.6615587655415185
13139,35,7.654811656522299
4843,35,7.654811656522299
9381,35,7.654811656522299
13333,35,7.6615587655415185
11801,4,7.590284086945086
11832,4,7.590284086945086
17875,4,7.590284086945086
2600,35,7.669777866425208
13086,35,7.654811656522299
7079,35,7.654811656522299
13307,35,7.654811656522299
7525,50,8.795194076112807
13063,35,7.654811656522299
10800,35,7.654811656522299
5101,50,8.795194076112807
6304,4,7.601124916314336
6107,35,7.6615587655415185
14635,35,7.6615587655415185
14422,50,8.80016509947482
17123,4,7.590284086945086
15752,35,7.654811656522299
17708,4,7.603930778691404
8597,35,7.6615587655415185
4176,35,7.654811656522299
4064,50,8.794872706734404
19673,35,7.654811656522299
17987,35,7.654811656522299
1841,35,7.654811656522299
12204,50,8.765988539143002
19057,50,8.794872706734404
5179,35,7.6615587655415185
11294,50,8.796249904681757
11588,35,7.654811656522299
1809,35,7.654811656522299
12582,35,7.654811656522299
7749,50,8.794872706734404
14598,50,8.765988539143002
9055,35,7.654811656522299
3871,35,7.6615587655415185
2555,4,7.590284086945086
5414,4,7.590284086945086
958,4,7.590284086945086
9220,22,7.990564302964987
11116,35,7.654811656522299
5320,4,7.604410894143469
14927,35,7.654811656522299
17243,50,8.796249904681757
6399,35,7.654811656522299
17263,35,7.654811656522299
2276,35,7.654811656522299
6698,35,7.6615587655415185
8636,35,7.654811656522299
13082,35,7.663510853201938
5888,35,7.663510853201938
14412,27,7.570415328381668
3924,50,8.80016509947482
8063,35,7.654811656522299
11556,4,7.590284086945086
5169,4,7.590284086945086
1203,35,7.6615587655415185
871,35,7.654811656522299
819,35,7.654811656522299
9877,35,7.6615587655415185
17185,35,7.654811656522299
10542,34,7.9045661486167305
12346,35,7.654811656522299
2438,35,7.6615587655415185
18241,35,7.6615587655415185
2324,35,7.654811656522299
1904,35,7.654811656522299
16017,35,7.654811656522299
18333,35,7.654811656522299
14912,35,7.654811656522299
11117,35,7.654811656522299
6920,35,7.6615587655415185
19607,35,7.654811656522299
6557,35,7.6615587655415185
18696,35,7.663582420071552
2535,35,7.654811656522299
367,35,7.662830955264285
6045,35,7.6615587655415185
6461,35,7.662830955264285
15987,35,7.654811656522299
10658,35,7.654811656522299
9570,35,7.654811656522299
6403,50,8.796249904681757
12115,35,7.6615587655415185
9884,35,7.654811656522299
9130,50,8.795194076112807
13747,4,7.590284086945086
8735,27,7.570829803139881
11313,22,8.009871407970074
12053,4,7.590284086945086
11714,35,7.6615587655415185
13616,36,5.994277658361169
558,35,7.654811656522299
9627,35,7.654811656522299
18753,35,7.663510853201938
9955,35,7.663510853201938
6361,22,8.011036673666393
16244,35,7.654811656522299
8856,35,7.654811656522299
11549,4,7.590284086945086
6097,35,7.6615587655415185
18481,35,7.654811656522299
1648,50,8.80016509947482
14689,50,8.796249904681757
2726,35,7.654811656522299
19329,35,7.654811656522299
11618,35,7.663582420071552
9016,35,7.654811656522299
15273,35,7.654811656522299
15276,35,7.654811656522299
429,4,7.590284086945086
422,4,7.590284086945086
11316,35,7.663582420071552
14892,35,7.6615587655415185
16782,35,7.663510853201938
15039,35,7.654811656522299
11317,35,7.654811656522299
412,4,7.590284086945086
538,35,7.654811656522299
2496,35,7.663510853201938
19166,50,8.80016509947482
17538,50,8.793705050681861
15191,35,7.654811656522299
11040,35,7.654811656522299
3779,35,7.654811656522299
10354,50,8.80138095871332
10354,27,7.571340820510539
10151,35,7.6615587655415185
14744,35,7.654811656522299
14592,35,7.654811656522299
16081,35,7.654811656522299
5304,35,7.6615587655415185
15245,35,7.6615587655415185
1211,35,7.654811656522299
3247,35,7.6615587655415185
8211,35,7.6615587655415185
13270,35,7.654811656522299
14820,35,7.662830955264285
16565,35,7.6615587655415185
8875,35,7.654811656522299
14801,35,7.654811656522299
6490,35,7.6615587655415185
6810,35,7.6615587655415185
7274,35,7.654811656522299
16288,15,7.503512858663351
18476,35,7.654811656522299
1629,35,7.6615587655415185
4041,4,7.590284086945086
11068,22,8.00922480033222
11082,35,7.654811656522299
6320,35,7.654811656522299
13881,50,8.795194076112807
13687,35,7.654811656522299
6743,35,7.654811656522299
13473,35,7.654811656522299
1835,50,8.80016509947482
13365,35,7.654811656522299
12351,35,7.654811656522299
16906,35,7.654811656522299
4509,35,7.662830955264285
1928,35,7.654811656522299
11743,50,8.796249904681757
2772,35,7.654811656522299
12116,35,7.654811656522299
11432,50,8.796249904681757
11528,35,7.654811656522299
11215,35,7.654811656522299
16112,35,7.663510853201938
4572,50,8.796249904681757
7136,35,7.654811656522299
9706,35,7.663510853201938
17041,35,7.654811656522299
10741,35,7.654811656522299
3694,35,7.654811656522299
8037,50,8.796249904681757
18249,50,8.80016509947482
12859,35,7.654811656522299
542,50,8.795194076112807
18613,35,7.6615587655415185
8210,35,7.654811656522299
2530,4,7.61560779264762
19142,35,7.669777866425208
13087,35,7.654811656522299
10592,50,8.796249904681757
19605,35,7.6615587655415185
19486,35,7.654811656522299
7641,35,7.654811656522299
13359,35,7.663510853201938
9714,35,7.663582420071552
16207,35,7.654811656522299
16660,35,7.654811656522299
11268,50,8.80016509947482
1737,35,7.669777866425208
1834,50,8.80016509947482
5814,35,7.654811656522299
19732,35,7.654811656522299
13246,35,7.654811656522299
31,35,7.654811656522299
19435,35,7.654811656522299
2404,35,7.654811656522299
13678,35,7.669777866425208
16691,35,7.654811656522299
7088,35,7.654811656522299
12029,35,7.654811656522299
18258,50,8.796249904681757
1449,35,7.654811656522299
9587,35,7.6615587655415185
12182,35,7.654811656522299
10002,35,7.662830955264285
14613,35,7.654811656522299
12264,50,8.793705050681861
440,50,8.794872706734404
5157,35,7.654811656522299
231,4,7.603930778691404
8730,35,7.654811656522299
14806,35,7.663510853201938
19039,50,8.793705050681861
18395,50,8.796249904681757
18296,50,8.80016509947482
9702,50,8.793705050681861
1390,50,8.765988539143002
18254,50,8.793705050681861
6362,35,7.654811656522299
11255,35,7.654811656522299
14521,10,7.882309883754624
19377,50,8.794872706734404
16140,50,8.793705050681861
2005,35,7.654811656522299
5827,35,7.654811656522299
15683,50,8.795194076112807
18179,50,8.80016509947482
1051,35,7.6615587655415185
13378,35,7.654811656522299
8871,35,7.654811656522299
7125,50,8.793705050681861
1558,35,7.654811656522299
17312,50,8.795194076112807
17719,50,8.796249904681757
11798,35,7.6615587655415185
19372,35,7.654811656522299
10348,50,8.793705050681861
19505,50,8.795194076112807
15911,35,7.654811656522299
7549,35,7.654811656522299
16064,22,8.016535391183234
15915,35,7.662830955264285
9565,35,7.6615587655415185
13525,35,7.663510853201938
11835,35,7.6615587655415185
12654,50,8.793705050681861
3358,35,7.6615587655415185
13788,4,7.601124916314336
17968,35,7.654811656522299
397,22,8.010402355229042
397,34,7.904268658249778
15693,35,7.6615587655415185
7257,35,7.654811656522299
1695,35,7.663582420071552
6473,50,8.80016509947482
11796,35,7.654811656522299
15288,35,7.6615587655415185
15625,27,7.570415328381668
8904,35,7.654811656522299
9607,35,7.654811656522299
1771,50,8.80016509947482
15237,35,7.663582420071552
13177,35,7.663582420071552
6690,35,7.669777866425208
4564,35,7.662830955264285
17375,35,7.6615587655415185
8970,10,7.879993820006293
11008,35,7.654811656522299
15827,35,7.6615587655415185
5139,35,7.654811656522299
16197,50,8.793705050681861
19449,35,7.654811656522299
6454,50,8.793705050681861
11739,35,7.654811656522299
15941,50,8.794872706734404
15132,35,7.662830955264285
11147,35,7.654811656522299
17600,35,7.663510853201938
8453,27,7.570829803139881
2846,50,8.80016509947482
1383,4,7.590284086945086
12907,35,7.662830955264285
10147,35,7.6615587655415185
6091,35,7.654811656522299
9874,35,7.654811656522299
5843,35,7.662830955264285
12965,35,7.654811656522299
16095,50,8.796249904681757
677,35,7.654811656522299
9268,35,7.6615587655415185
10428,35,7.654811656522299
2189,35,7.654811656522299
12450,35,7.662830955264285
9671,35,7.6615587655415185
19267,35,7.654811656522299
6206,35,7.654811656522299
2032,35,7.654811656522299
13346,35,7.662830955264285
592,35,7.654811656522299
13209,35,7.654811656522299
3612,35,7.654811656522299
13302,35,7.6615587655415185
2677,35,7.654811656522299
10960,50,8.765988539143002
464,50,8.796249904681757
3561,35,7.654811656522299
2614,4,7.590284086945086
3408,35,7.654811656522299
3576,35,7.654811656522299
6700,35,7.654811656522299
13328,35,7.654811656522299
9059,35,7.654811656522299
3617,35,7.654811656522299
1939,35,7.654811656522299
8487,50,8.80016509947482
4402,35,7.654811656522299
14361,35,7.6615587655415185
17213,50,8.80016509947482
15868,35,7.6615587655415185
1853,35,7.6615587655415185
5115,35,7.654811656522299
13143,35,7.654811656522299
8926,18,7.812431975257807
2188,35,7.654811656522299
18057,50,8.80016509947482
1797,35,7.654811656522299
5960,35,7.6615587655415185
5885,35,7.654811656522299
5208,35,7.654811656522299
1398,35,7.654811656522299
3615,35,7.663582420071552
2775,22,8.009871407970074
18705,27,7.566682186195419
12895,35,7.654811656522299
19237,35,7.654811656522299
15382,50,8.80016509947482
7836,50,8.80016509947482
9160,35,7.654811656522299
2166,35,7.654811656522299
12917,50,8.80016509947482
16171,35,7.662830955264285
13181,35,7.663582420071552
2869,35,7.662830955264285
3169,50,8.794872706734404
10077,35,7.6615587655415185
13547,35,7.654811656522299
3707,35,7.654811656522299
1633,35,7.654811656522299
2186,35,7.654811656522299
177,35,7.654811656522299
18512,35,7.654811656522299
19299,35,7.654811656522299
52,35,7.663510853201938
373,4,7.601124916314336
8863,35,7.654811656522299
7359,22,8.009871407970074
7485,35,7.654811656522299
483,35,7.654811656522299
11042,35,7.654811656522299
13238,35,7.654811656522299
1453,27,7.566682186195419
10962,35,7.654811656522299
13695,35,7.6615587655415185
18377,35,7.654811656522299
1610,35,7.654811656522299
6176,35,7.654811656522299
19302,35,7.6615587655415185
16879,35,7.654811656522299
6212,35,7.654811656522299
11374,35,7.654811656522299
11912,50,8.793705050681861
13675,35,7.663510853201938
9840,50,8.796249904681757
1894,35,7.6615587655415185
13120,35,7.654811656522299
12932,35,7.654811656522299
6400,35,7.654811656522299
3385,35,7.654811656522299
3484,35,7.654811656522299
4419,35,7.654811656522299
3563,35,7.662830955264285
1836,50,8.80016509947482
8647,35,7.654811656522299
1869,35,7.654811656522299
5288,35,7.654811656522299
3782,35,7.654811656522299
1431,35,7.663510853201938
9335,35,7.663510853201938
15233,35,7.654811656522299
5251,35,7.654811656522299
12439,35,7.6615587655415185
15851,35,7.669777866425208
13102,35,7.654811656522299
18164,35,7.654811656522299
12508,35,7.654811656522299
7522,35,7.663582420071552
2661,35,7.654811656522299
10608,35,7.6615587655415185
7607,35,7.6615587655415185
3397,35,7.654811656522299
19429,35,7.6615587655415185
2342,35,7.654811656522299
9302,35,7.654811656522299
14205,35,7.654811656522299
1840,35,7.6615587655415185
1339,35,7.654811656522299
4913,50,8.80016509947482
3382,35,7.6615587655415185
7670,4,7.590284086945086
6030,35,7.662830955264285
4623,4,7.590284086945086
9703,35,7.654811656522299
11923,50,8.80016509947482
13465,35,7.654811656522299
19586,35,7.663847991470362
6303,4,7.601124916314336
19628,27,7.570829803139881
9380,35,7.6615587655415185
13040,35,7.663510853201938
3562,35,7.654811656522299
9685,35,7.662830955264285
4709,35,7.654811656522299
3394,35,7.654811656522299
13506,35,7.654811656522299
10834,35,7.662830955264285
16802,35,7.654811656522299
12173,35,7.654811656522299
19785,35,7.654811656522299
17568,35,7.654811656522299
13157,35,7.654811656522299
4771,35,7.654811656522299
18300,50,8.765988539143002
19751,35,7.654811656522299
15572,35,7.654811656522299
16797,15,7.503512858663351
12820,50,8.794872706734404
13003,35,7.654811656522299
5285,35,7.654811656522299
5271,35,7.654811656522299
14819,35,7.654811656522299
9290,35,7.654811656522299
9614,35,7.654811656522299
3186,35,7.654811656522299
4054,4,7.590284086945086
7661,35,7.654811656522299
5086,15,7.503512858663351
1236,50,8.795194076112807
16834,50,8.796249904681757
18404,50,8.80016509947482
9562,50,8.80016509947482
17371,35,7.654811656522299
13089,35,7.654811656522299
13150,35,7.654811656522299
4577,35,7.663510853201938
9179,22,7.990564302964987
6984,35,7.654811656522299
1340,35,7.654811656522299
9992,50,8.793705050681861
484,35,7.654811656522299
13251,35,7.654811656522299
15612,35,7.654811656522299
11167,35,7.654811656522299
5829,35,7.654811656522299
15551,35,7.663510853201938
17985,35,7.654811656522299
1919,35,7.662830955264285
19781,35,7.654811656522299
13810,35,7.654811656522299
12287,50,8.779956095653608
12287,27,7.5678116719740025
5870,50,8.793705050681861
13667,35,7.6615587655415185
17253,35,7.662830955264285
6106,35,7.654811656522299
17975,50,8.80016509947482
11092,35,7.662830955264285
15135,50,8.80016509947482
16311,10,7.879993820006293
18321,15,7.50360494905928
14699,35,7.654811656522299
3035,35,7.654811656522299
5907,50,8.791613910633348
1726,50,8.80016509947482
2171,35,7.654811656522299
6782,50,8.795194076112807
1014,50,8.796249904681757
3623,35,7.663510853201938
12395,35,7.663510853201938
17332,35,7.654811656522299
12557,35,7.654811656522299
19735,35,7.663582420071552
10299,50,8.765988539143002
11530,35,7.654811656522299
8862,35,7.654811656522299
5737,35,7.654811656522299
3367,35,7.654811656522299
3033,35,7.654811656522299
3731,35,7.654811656522299
17346,35,7.6615587655415185
3073,35,7.654811656522299
13542,35,7.663510853201938
2452,35,7.654811656522299
13819,4,7.590284086945086
14071,4,7.601124916314336
15287,35,7.654811656522299
14064,35,7.654811656522299
16979,35,7.654811656522299
1392,35,7.662830955264285
434,4,7.590284086945086
432,4,7.590284086945086
413,4,7.590284086945086
6398,50,8.80016509947482
18052,22,8.009871407970074
13888,50,8.796249904681757
11340,35,7.654811656522299
11156,35,7.654811656522299
12049,35,7.654811656522299
11829,35,7.654811656522299
3575,35,7.654811656522299
7986,35,7.654811656522299
3847,35,7.663847991470362
3665,35,7.654811656522299
3091,4,7.590284086945086
19584,22,8.016535391183234
3191,35,7.669777866425208
11070,35,7.654811656522299
7299,35,7.6615587655415185
414,35,7.654811656522299
12157,35,7.6615587655415185
8849,35,7.654811656522299
1861,35,7.654811656522299
13225,35,7.662830955264285
7828,35,7.6615587655415185
2229,35,7.6615587655415185
14499,35,7.654811656522299
4707,35,7.6615587655415185
15640,4,7.590284086945086
3524,35,7.654811656522299
12437,35,7.654811656522299
11746,50,8.794872706734404
14477,50,8.80016509947482
16697,4,7.590284086945086
14029,35,7.654811656522299
13934,35,7.654811656522299
6450,35,7.6615587655415185
5974,35,7.654811656522299
5995,35,7.654811656522299
13250,35,7.6615587655415185
549,35,7.654811656522299
15165,35,7.654811656522299
16936,35,7.6615587655415185
1097,35,7.654811656522299
14485,35,7.654811656522299
2360,35,7.654811656522299
7834,35,7.654811656522299
9749,35,7.654811656522299
9604,35,7.654811656522299
1351,35,7.654811656522299
2799,4,7.590284086945086
13925,35,7.654811656522299
17078,35,7.669777866425208
16208,35,7.654811656522299
2470,35,7.654811656522299
5817,4,7.601124916314336
3855,35,7.654811656522299
437,35,7.654811656522299
14190,27,7.570421409274205
7681,35,7.654811656522299
3557,35,7.654811656522299
9930,35,7.654811656522299
1870,35,7.654811656522299
3669,35,7.6615587655415185
3418,35,7.654811656522299
16918,35,7.654811656522299
5223,4,7.601124916314336
1393,35,7.662830955264285
11293,50,8.796249904681757
19410,50,8.798343437906077
19410,35,7.660479520372092
18127,35,7.6615587655415185
12174,35,7.654811656522299
12644,35,7.654811656522299
14651,4,7.601124916314336
10185,35,7.669777866425208
13809,35,7.654811656522299
4262,35,7.6615587655415185
12927,35,7.654811656522299
12079,35,7.654811656522299
959,35,7.6615587655415185
17855,35,7.669777866425208
6448,35,7.663582420071552
11140,35,7.654811656522299
1369,4,7.590284086945086
16943,35,7.6615587655415185
5981,35,7.654811656522299
5983,35,7.654811656522299
5982,35,7.654811656522299
14211,35,7.6615587655415185
19127,15,7.504192471544724
17523,22,8.026234233720118
17523,35,7.653694052008141
589,10,7.879993820006293
13279,35,7.669777866425208
13053,35,7.6615587655415185
284,35,7.654811656522299
5365,4,7.601124916314336
438,4,7.590284086945086
11398,15,7.504284688501141
17157,35,7.6615587655415185
13242,35,7.654811656522299
13133,35,7.654811656522299
13196,35,7.6615587655415185
1814,4,7.590284086945086
11002,35,7.654811656522299
4437,22,8.007896416997621
1429,35,7.669083662419098
1429,4,7.621469046001275
3203,35,7.654811656522299
17117,35,7.654811656522299
5877,35,7.663510853201938
6660,35,7.6615587655415185
14456,50,8.80016509947482
13545,35,7.6615587655415185
10448,35,7.654811656522299
7949,35,7.6615587655415185
9574,35,7.654811656522299
17870,35,7.654811656522299
3988,27,7.570787757284078
19610,11,6.717063989962359
332,50,8.80016509947482
12205,50,8.80016509947482
12580,35,7.654811656522299
18480,35,7.654811656522299
15239,35,7.6615587655415185
6390,35,7.654811656522299
10200,35,7.6615587655415185
15344,35,7.654811656522299
14070,50,8.793705050681861
1540,50,8.80016509947482
19826,15,7.504284688501141
10034,35,7.662830955264285
13451,35,7.669777866425208
171,35,7.654811656522299
14540,35,7.6615587655415185
8356,50,8.80016509947482
8966,50,8.793705050681861
4586,22,8.011036673666393
4220,35,7.6615587655415185
4320,50,8.796249904681757
1564,35,7.654811656522299
19831,35,7.654811656522299
16255,50,8.80016509947482
16967,50,8.80016509947482
15046,35,7.654811656522299
11620,35,7.654811656522299
13435,35,7.662830955264285
7232,50,8.80016509947482
9107,35,7.654811656522299
19175,35,7.669777866425208
5886,50,8.793705050681861
17686,22,8.016535391183234
1217,35,7.669777866425208
9958,50,8.80016509947482
506,35,7.6615587655415185
1182,35,7.6615587655415185
7396,35,7.654811656522299
1384,35,7.669777866425208
18529,35,7.662830955264285
14838,50,8.80016509947482
11371,50,8.795194076112807
533,35,7.6615587655415185
6413,35,7.654811656522299
3357,35,7.662830955264285
11732,50,8.765988539143002
12729,35,7.654811656522299
7284,50,8.80016509947482
4571,35,7.662830955264285
8834,4,7.590284086945086
16260,50,8.80016509947482
16587,50,8.80016509947482
13765,50,8.80016509947482
15674,35,7.654811656522299
17252,35,7.654811656522299
1007,35,7.669777866425208
14618,35,7.654811656522299
16059,35,7.663510853201938
8909,27,7.570421409274205
9569,35,7.663582420071552
6548,35,7.669777866425208
2020,35,7.6615587655415185
13007,35,7.6615587655415185
5397,27,7.566682186195419
16452,35,7.6615587655415185
11020,35,7.654811656522299
4160,35,7.654811656522299
3325,35,7.662830955264285
16264,50,8.795194076112807
13191,35,7.654811656522299
9061,35,7.654811656522299
8912,50,8.765988539143002
9890,35,7.662830955264285
1166,27,7.570829803139881
3627,35,7.654811656522299
7321,35,7.654811656522299
4387,35,7.663510853201938
13256,35,7.654811656522299
5466,35,7.669777866425208
17487,35,7.669777866425208
2604,35,7.654811656522299
522,35,7.654811656522299
19724,35,7.654811656522299
10301,35,7.654811656522299
3259,35,7.654811656522299
6870,35,7.6615587655415185
12391,35,7.654811656522299
1548,50,8.80016509947482
10839,50,8.80016509947482
6598,35,7.654811656522299
16094,35,7.654811656522299
5299,35,7.654811656522299
7713,50,8.80016509947482
6264,50,8.793705050681861
10549,35,7.6615587655415185
14443,4,7.601124916314336
3591,35,7.654811656522299
11630,22,8.01965513814547
11630,50,8.802613382059908
8152,27,7.570421409274205
10860,50,8.765988539143002
13071,35,7.654811656522299
4798,50,8.765988539143002
4172,35,7.654811656522299
3328,35,7.654811656522299
13329,35,7.654811656522299
18025,35,7.654811656522299
19044,50,8.765988539143002
4925,35,7.654811656522299
2710,35,7.654811656522299
16688,35,7.654811656522299
2863,22,8.016535391183234
3496,35,7.654811656522299
7075,15,7.503512858663351
1843,27,7.570829803139881
19363,27,7.570829803139881
17592,35,7.654811656522299
13083,35,7.654811656522299
9960,50,8.80016509947482
3320,35,7.6615587655415185
1559,35,7.654811656522299
952,35,7.662830955264285
12389,35,7.6615587655415185
358,15,7.50360494905928
2321,35,7.654811656522299
2317,4,7.590284086945086
9632,35,7.654811656522299
8249,50,8.80016509947482
1654,50,8.796249904681757
17829,35,7.654811656522299
9669,35,7.6615587655415185
8393,18,7.803959299850952
3652,35,7.654811656522299
3402,35,7.6615587655415185
18157,2,6.717063989962359
10239,35,7.6615587655415185
17441,35,7.654811656522299
18272,35,7.662830955264285
13001,35,7.654811656522299
5363,1,6.005576066102441
17311,22,8.009871407970074
3566,35,7.654811656522299
6124,50,8.80016509947482
3641,35,7.654811656522299
14083,50,8.80016509947482
13340,35,7.662830955264285
3433,35,7.654811656522299
12420,35,7.654811656522299
699,35,7.654811656522299
16658,50,8.80016509947482
4380,50,8.80016509947482
7987,50,8.80016509947482
10895,15,7.505754758132396
12074,35,7.654811656522299
3552,35,7.654811656522299
9204,35,7.654811656522299
7003,35,7.654811656522299
16459,50,8.793705050681861
5990,35,7.669777866425208
18889,35,7.654811656522299
13318,35,7.654811656522299
15330,35,7.663729937603273
7310,35,7.654811656522299
11334,15,7.504284688501141
6706,35,7.654811656522299
9236,35,7.654811656522299
8523,50,8.794872706734404
1036,50,8.796249904681757
3334,35,7.654811656522299
3371,35,7.654811656522299
3490,35,7.654811656522299
3528,35,7.654811656522299
3481,35,7.654811656522299
8813,35,7.654811656522299
3337,35,7.654811656522299
13382,35,7.654811656522299
4738,50,8.80016509947482
7237,35,7.654811656522299
17559,35,7.6615587655415185
11230,15,7.503512858663351
1936,50,8.80016509947482
10862,50,8.80016509947482
17148,35,7.654811656522299
3471,35,7.654811656522299
4636,4,7.590284086945086
15819,35,7.6615587655415185
10003,22,8.009871407970074
18713,35,7.654811656522299
6031,35,7.654811656522299
9741,35,7.654811656522299
4646,50,8.794872706734404
7912,35,7.654811656522299
3515,35,7.654811656522299
12094,35,7.669777866425208
15508,15,7.50360494905928
9205,35,7.654811656522299
16486,35,7.662830955264285
8928,35,7.654811656522299
17468,35,7.654811656522299
8953,35,7.662830955264285
19324,35,7.654811656522299
5708,35,7.654811656522299
1198,35,7.654811656522299
8738,27,7.570787757284078
2735,35,7.654811656522299
3507,35,7.662830955264285
256,4,7.601124916314336
3443,35,7.662830955264285
4545,35,7.654811656522299
568,35,7.654811656522299
13360,35,7.654811656522299
3667,35,7.654811656522299
3348,35,7.669777866425208
3303,35,7.654811656522299
11624,2,6.717063989962359
1549,35,7.654811656522299
15652,35,7.6615587655415185
6662,35,7.6615587655415185
13112,35,7.654811656522299
18572,35,7.669777866425208
3369,35,7.654811656522299
18735,35,7.662830955264285
3479,35,7.654811656522299
3480,35,7.662830955264285
3631,35,7.669777866425208
8409,35,7.654811656522299
16972,35,7.654811656522299
3763,35,7.654811656522299
6092,35,7.654811656522299
620,15,7.50360494905928
3463,35,7.6615587655415185
3332,35,7.654811656522299
3672,35,7.654811656522299
3668,35,7.654811656522299
10451,15,7.50360494905928
815,35,7.6615587655415185
7508,35,7.662830955264285
3304,35,7.654811656522299
3648,35,7.662830955264285
19861,50,8.80016509947482
10697,35,7.654811656522299
1526,35,7.654811656522299
3438,35,7.654811656522299
3530,35,7.6615587655415185
19,35,7.6615587655415185
3505,35,7.654811656522299
3501,35,7.654811656522299
12144,35,7.6615587655415185
12299,11,6.717063989962359
182,35,7.6615587655415185
3406,35,7.654811656522299
3508,35,7.654811656522299
3366,35,7.6615587655415185
3478,35,7.654811656522299
3614,35,7.654811656522299
9802,35,7.662830955264285
17106,50,8.795194076112807
3545,35,7.654811656522299
5300,35,7.669777866425208
3336,35,7.654811656522299
12634,35,7.669777866425208
16728,15,7.50360494905928
8550,50,8.80016509947482
1539,50,8.80016509947482
1884,50,8.80016509947482
18758,27,7.570787757284078
3589,35,7.6615587655415185
18585,35,7.654811656522299
8840,35,7.654811656522299
7287,35,7.669777866425208
17555,35,7.654811656522299
12120,35,7.662830955264285
2764,15,7.5043524425987345
10126,35,7.663734194556703
3476,35,7.654811656522299
3656,35,7.654811656522299
1860,35,7.654811656522299
4555,50,8.80016509947482
8108,50,8.80016509947482
4736,35,7.654811656522299
18757,22,8.010443007580118
7339,35,7.654811656522299
6834,27,7.570787757284078
9123,4,7.590284086945086
6516,22,8.009871407970074
14469,35,7.663729937603273
15032,4,7.590284086945086
3085,15,7.5043524425987345
8073,35,7.654811656522299
4628,4,7.590284086945086
14581,4,7.590284086945086
14262,35,7.6615587655415185
606,35,7.654811656522299
3499,35,7.6615587655415185
12632,35,7.654811656522299
832,35,7.654811656522299
2537,35,7.654811656522299
10223,35,7.654811656522299
4878,35,7.654811656522299
17682,35,7.654811656522299
3278,50,8.765988539143002
14730,4,7.590284086945086
12589,35,7.654811656522299
3664,35,7.654811656522299
5643,35,7.654811656522299
15166,35,7.654811656522299
873,48,6.717063989962359
19609,35,7.654811656522299
530,35,7.654811656522299
11744,35,7.654811656522299
12027,35,7.654811656522299
3329,35,7.654811656522299
12026,35,7.669777866425208
5327,27,7.570829803139881
5763,35,7.654811656522299
879,35,7.654811656522299
3414,35,7.654811656522299
10072,27,7.570787757284078
15398,50,8.795194076112807
11439,27,7.570829803139881
13272,35,7.6615587655415185
9118,50,8.795194076112807
1699,35,7.6615587655415185
15821,35,7.6615587655415185
13061,35,7.654811656522299
9601,9,6.717063989962359
14390,35,7.662830955264285
7969,50,8.795194076112807
17415,10,7.879993820006293
8371,35,7.669777866425208
14323,35,7.669777866425208
6553,50,8.765988539143002
14867,10,7.874307607266394
15861,50,8.80016509947482
6614,50,8.795194076112807
14060,50,8.795194076112807
15196,50,8.795194076112807
19392,22,8.008016562708011
1782,35,7.654811656522299
9571,22,8.010443007580118
6591,35,7.654811656522299
19301,35,7.654811656522299
7523,22,8.011036673666393
3917,50,8.795194076112807
6283,50,8.795194076112807
15947,15,7.504284688501141
14670,50,8.795194076112807
2620,27,7.570829803139881
2090,50,8.80016509947482
4121,50,8.796249904681757
10019,4,7.61560779264762
8709,50,8.795194076112807
13034,35,7.662830955264285
14891,15,7.50437230134011
11557,35,7.6615587655415185
18949,22,8.009871407970074
2329,15,7.503512858663351
