448,125,5.0
448,190,5.0
448,284,5.0
448,415,5.0
448,416,5.0
448,19,5.0
448,352,4.96015394583183
448,89,4.929263973741434
448,79,4.854007330115661
448,78,4.814848395184897
444,77,1.0
444,19,1.0
444,125,1.0
444,824,1.0
444,416,1.0
444,415,1.0
444,400,1.0
444,94,0.9580628731672621
444,189,0.9523690360126006
444,399,0.9260053193602348
450,284,3.0
450,476,3.0
450,17,3.0
450,125,3.0
450,19,3.0
450,416,2.98058067569092
450,190,2.8944271909999157
450,134,2.8787363237750156
450,189,2.802429813786019
450,119,2.791464231494707
445,77,1.0
445,125,1.0
445,415,1.0
445,19,1.0
445,476,1.0
445,416,1.0
445,17,1.0
445,284,1.0
445,400,1.0
445,190,0.9805806756909201
446,119,0.0
446,20,0.0
446,399,0.0
446,476,0.0
446,264,0.0
446,200,0.0
446,189,0.0
446,362,0.0
446,17,0.0
446,16,0.0
447,125,4.0
447,19,4.0
447,416,3.8944271909999157
447,190,3.7888543819998315
447,352,3.7211005411711353
447,189,3.7185755387686505
447,134,3.715778135358786
447,22,3.685079509989781
447,94,3.644059952008173
447,78,3.6414116011829547
449,125,1.0
449,415,1.0
449,89,1.0
449,190,1.0
449,284,1.0
449,17,1.0
449,476,1.0
449,19,1.0
449,352,0.9707253433941511
449,78,0.9622504486493763
515,19,5.0
515,415,5.0
515,125,5.0
515,17,5.0
515,190,5.0
515,476,5.0
515,416,5.0
515,77,5.0
515,89,4.98058067569092
515,134,4.945085867285627
525,19,2.0
525,125,2.0
525,190,2.0
525,416,2.0
525,17,2.0
525,476,2.0
525,284,2.0
525,77,2.0
525,352,1.8867225875945857
525,78,1.8598790015825788
517,125,5.0
517,190,5.0
517,415,5.0
517,284,5.0
517,19,5.0
517,416,4.98058067569092
517,134,4.92042289437193
517,89,4.913133883841342
517,352,4.828402493943688
517,59,4.779463338929984
620,125,5.0
620,416,5.0
620,415,5.0
620,17,5.0
620,190,5.0
620,476,5.0
620,284,5.0
620,19,5.0
620,134,4.957167685179687
620,89,4.913133883841342
494,125,5.0
494,17,5.0
494,416,5.0
494,476,5.0
494,415,5.0
494,19,5.0
494,190,4.98058067569092
494,134,4.9468703145279855
494,89,4.894803656799797
494,352,4.828202953298637
656,125,5.0
656,284,5.0
656,476,5.0
656,17,5.0
656,19,5.0
656,416,4.98058067569092
656,190,4.875007866690836
656,134,4.814850085371845
656,89,4.768930588822982
656,352,4.666639986073995
466,416,2.0
466,125,2.0
466,134,2.0
466,19,2.0
466,89,1.9838699100999073
466,22,1.9247895476440293
466,59,1.8981462390204986
466,190,1.8944271909999157
466,78,1.8874695345858956
466,94,1.8724647543267188
524,125,2.0
524,476,2.0
524,284,2.0
524,17,2.0
524,415,2.0
524,19,2.0
524,416,1.9805806756909201
524,190,1.9805806756909201
524,134,1.939842218681009
524,78,1.8964150590680056
621,19,5.0
621,125,5.0
621,284,5.0
621,416,5.0
621,17,5.0
621,476,5.0
621,77,5.0
621,190,4.98058067569092
621,134,4.9180942676587955
621,89,4.858373307922973
571,77,1.0
571,19,1.0
571,125,1.0
571,824,1.0
571,416,1.0
571,415,1.0
571,400,1.0
571,94,0.9580628731672621
571,189,0.9523690360126006
571,399,0.9260053193602348
545,415,5.0
545,125,5.0
545,190,5.0
545,476,5.0
545,17,5.0
545,284,5.0
545,416,5.0
545,19,5.0
545,134,4.912700771085597
545,89,4.861817181891856
619,125,5.0
619,284,5.0
619,19,5.0
619,416,4.98058067569092
619,190,4.875007866690836
619,134,4.834269409680925
619,89,4.768930588822982
619,189,4.649093758435762
619,352,4.646988176703558
619,78,4.618219336977598
641,125,4.0
641,415,4.0
641,19,4.0
641,416,3.98058067569092
641,190,3.8750078666908356
641,89,3.8550840735139853
641,352,3.759637113684248
641,78,3.7229548666076018
641,94,3.7081502250700416
641,134,3.686043310941198
487,77,1.0
487,19,1.0
487,125,1.0
487,824,1.0
487,416,1.0
487,415,1.0
487,400,1.0
487,94,0.9580628731672621
487,189,0.9523690360126006
487,399,0.9260053193602348
611,77,1.0
611,19,1.0
611,125,1.0
611,824,1.0
611,416,1.0
611,415,1.0
611,400,1.0
611,94,0.9580628731672621
611,189,0.9523690360126006
611,399,0.9260053193602348
492,125,5.0
492,19,5.0
492,416,4.98058067569092
492,190,4.769435057690751
492,89,4.716128809353239
492,134,4.673205793214559
492,94,4.654348744541265
492,352,4.580871118254304
492,78,4.575229998017055
492,22,4.518958748396823
570,125,5.0
570,19,5.0
570,416,4.98058067569092
570,190,4.7888543819998315
570,89,4.748026186993645
570,94,4.661996623733118
570,352,4.653178308558789
570,22,4.6288717708183515
570,134,4.624937416035205
570,78,4.564657805531336
519,77,1.0
519,19,1.0
519,125,1.0
519,824,1.0
519,416,1.0
519,415,1.0
519,400,1.0
519,94,0.9580628731672621
519,189,0.9523690360126006
519,399,0.9260053193602348
481,77,1.0
481,19,1.0
481,125,1.0
481,824,1.0
481,416,1.0
481,415,1.0
481,400,1.0
481,94,0.9580628731672621
481,189,0.9523690360126006
481,399,0.9260053193602348
625,125,1.0
625,824,1.0
625,89,1.0
625,190,1.0
625,415,1.0
625,284,1.0
625,17,1.0
625,476,1.0
625,19,1.0
625,134,0.9805806756909202
514,119,0.0
514,20,0.0
514,399,0.0
514,476,0.0
514,264,0.0
514,200,0.0
514,189,0.0
514,362,0.0
514,17,0.0
514,16,0.0
593,77,1.0
593,19,1.0
593,125,1.0
593,824,1.0
593,416,1.0
593,415,1.0
593,400,1.0
593,94,0.9580628731672621
593,189,0.9523690360126006
593,399,0.9260053193602348
454,415,2.0
454,824,2.0
454,125,2.0
454,19,2.0
454,416,1.9805806756909201
454,190,1.8944271909999157
454,189,1.8898104477551925
454,352,1.8874607675461617
454,399,1.864389176490612
454,287,1.85234732810207
486,77,1.0
486,19,1.0
486,125,1.0
486,824,1.0
486,416,1.0
486,415,1.0
486,400,1.0
486,94,0.9580628731672621
486,189,0.9523690360126006
486,399,0.9260053193602348
561,824,1.0
561,284,1.0
561,415,1.0
561,125,1.0
561,190,1.0
561,476,1.0
561,17,1.0
561,19,1.0
561,134,0.9843091327750997
561,416,0.9805806756909201
489,416,2.0
489,415,2.0
489,134,1.947810962619577
489,89,1.8973665961010275
489,78,1.8831947949111107
489,94,1.8127639070648163
489,189,1.8123087827244673
489,310,1.8115220708895274
489,79,1.8084632549047597
489,352,1.8045207008754574
477,415,2.0
477,824,2.0
477,125,2.0
477,19,2.0
477,416,1.9805806756909201
477,89,1.9258200997725514
477,94,1.895504284909854
477,190,1.8944271909999157
477,352,1.872028529964287
477,399,1.8574577758171371
613,824,1.0
613,284,1.0
613,415,1.0
613,125,1.0
613,190,1.0
613,476,1.0
613,17,1.0
613,19,1.0
613,134,0.9843091327750997
613,416,0.9805806756909201
451,125,5.0
451,19,5.0
451,416,5.0
451,190,5.0
451,476,5.0
451,415,5.0
451,17,5.0
451,284,5.0
451,77,5.0
451,134,4.9468703145279855
640,415,2.0
640,416,2.0
640,189,1.89176297540654
640,59,1.8894991799933214
640,89,1.8745033978230652
640,94,1.8683277497479112
640,16,1.8450294525431077
640,134,1.8349427173314816
640,287,1.807928847857212
640,352,1.804134712894274
523,415,5.0
523,125,5.0
523,17,5.0
523,190,5.0
523,476,5.0
523,284,5.0
523,19,5.0
523,89,4.983869910099908
523,134,4.966289638837066
523,352,4.91568522345149
655,125,4.0
655,19,4.0
655,416,3.98058067569092
655,190,3.7888543819998315
655,189,3.7547988497986196
655,134,3.7214011643928293
655,352,3.68865265912844
655,89,3.6618727023026403
655,22,3.650290326019962
655,78,3.62061550128451
608,125,3.0
608,476,3.0
608,17,3.0
608,284,3.0
608,19,3.0
608,416,2.98058067569092
608,190,2.8944271909999157
608,134,2.8915738415016543
608,89,2.875007866690836
608,22,2.869878983164803
471,415,2.0
471,824,2.0
471,125,2.0
471,19,2.0
471,416,1.9805806756909201
471,190,1.8944271909999157
471,189,1.8898104477551925
471,352,1.8874607675461617
471,399,1.864389176490612
471,287,1.85234732810207
658,416,4.0
658,125,4.0
658,19,4.0
658,89,3.8550840735139853
658,190,3.769435057690752
658,22,3.72848358560266
658,78,3.710197375475424
658,94,3.7090926704578266
658,134,3.7054626352502775
658,352,3.6893004834464316
633,77,1.0
633,19,1.0
633,125,1.0
633,824,1.0
633,416,1.0
633,415,1.0
633,400,1.0
633,94,0.9580628731672621
633,189,0.9523690360126006
633,399,0.9260053193602348
579,125,5.0
579,19,5.0
579,189,4.694177747542622
579,352,4.689538655253816
579,79,4.610187246430202
579,287,4.5918785311898045
579,264,4.58034664683954
579,362,4.538215793655395
579,310,4.480949739790299
579,200,4.400365649436348
661,125,1.0
661,416,1.0
661,284,1.0
661,19,1.0
661,190,1.0
661,17,1.0
661,476,1.0
661,77,1.0
661,189,0.9335359455865251
661,94,0.9179615720168667
520,119,0.0
520,20,0.0
520,399,0.0
520,476,0.0
520,264,0.0
520,200,0.0
520,189,0.0
520,362,0.0
520,17,0.0
520,16,0.0
589,416,2.0
589,19,2.0
589,476,2.0
589,17,2.0
589,284,2.0
589,125,2.0
589,77,2.0
589,190,1.9805806756909201
589,78,1.8704511940682984
589,134,1.849960276905825
606,77,1.0
606,19,1.0
606,125,1.0
606,824,1.0
606,416,1.0
606,415,1.0
606,400,1.0
606,94,0.9580628731672621
606,189,0.9523690360126006
606,399,0.9260053193602348
541,77,1.0
541,125,1.0
541,415,1.0
541,19,1.0
541,476,1.0
541,416,1.0
541,17,1.0
541,284,1.0
541,400,1.0
541,190,0.9805806756909201
654,125,1.0
654,416,1.0
654,284,1.0
654,19,1.0
654,190,1.0
654,17,1.0
654,476,1.0
654,77,1.0
654,189,0.9335359455865251
654,94,0.9179615720168667
536,119,0.0
536,20,0.0
536,399,0.0
536,476,0.0
536,264,0.0
536,200,0.0
536,189,0.0
536,362,0.0
536,17,0.0
536,16,0.0
484,125,2.0
484,476,2.0
484,284,2.0
484,17,2.0
484,415,2.0
484,19,2.0
484,416,1.9805806756909201
484,190,1.9805806756909201
484,134,1.939842218681009
484,78,1.8964150590680056
567,125,5.0
567,19,5.0
567,416,4.98058067569092
567,190,4.7888543819998315
567,89,4.784697876563295
567,22,4.7351290130481765
567,134,4.734238682119469
567,352,4.720218560565132
567,59,4.706884234556332
567,78,4.655809904460951
592,416,2.0
592,125,2.0
592,134,2.0
592,19,2.0
592,89,1.9838699100999073
592,22,1.9247895476440293
592,59,1.8981462390204986
592,190,1.8944271909999157
592,78,1.8874695345858956
592,94,1.8724647543267188
612,77,2.0
612,352,1.9581675662459186
612,59,1.9486832980505138
612,79,1.9255166714060543
612,200,1.9231704442979713
612,362,1.9148297930650566
612,399,1.8867424108238704
612,94,1.850570899387152
612,189,1.8500242041343962
612,20,1.8238296143621626
526,125,4.0
526,19,4.0
526,416,3.98058067569092
526,190,3.7888543819998315
526,189,3.7547988497986196
526,134,3.7214011643928293
526,352,3.68865265912844
526,89,3.6618727023026403
526,22,3.650290326019962
526,78,3.62061550128451
636,284,2.0
636,19,2.0
636,125,2.0
636,476,2.0
636,17,2.0
636,416,2.0
636,415,2.0
636,77,2.0
636,190,1.9805806756909201
636,89,1.9292639737414339
610,284,1.0
610,824,1.0
610,59,1.0
610,77,1.0
610,79,0.9827076298239908
610,352,0.9819805060619657
610,20,0.9667550799532344
610,362,0.9622504486493763
610,200,0.956182887467515
610,22,0.9428090415820635
483,125,3.0
483,824,3.0
483,19,3.0
483,416,2.98058067569092
483,89,2.9258200997725514
483,22,2.8369263026035894
483,94,2.833888142040231
483,134,2.823245516308734
483,190,2.7888543819998315
483,352,2.7664557209642027
458,19,1.0
458,415,1.0
458,190,1.0
458,125,1.0
458,416,1.0
458,476,1.0
458,17,1.0
458,77,1.0
458,134,0.9819805060619657
458,362,0.9574271077563381
496,19,1.0
496,415,1.0
496,190,1.0
496,125,1.0
496,416,1.0
496,476,1.0
496,17,1.0
496,77,1.0
496,134,0.9819805060619657
496,362,0.9574271077563381
643,416,3.0
643,189,2.8054346932207785
643,200,2.7940817262342588
643,352,2.779821764934035
643,78,2.762944870655004
643,134,2.754948209838043
643,89,2.752559158230063
643,94,2.7491373688698966
643,79,2.738489083799665
643,59,2.7232799672919974
527,119,0.0
527,20,0.0
527,399,0.0
527,476,0.0
527,264,0.0
527,200,0.0
527,189,0.0
527,362,0.0
527,17,0.0
527,16,0.0
459,824,1.0
459,284,1.0
459,415,1.0
459,125,1.0
459,190,1.0
459,476,1.0
459,17,1.0
459,19,1.0
459,134,0.9843091327750997
459,416,0.9805806756909201
617,77,1.0
617,19,1.0
617,125,1.0
617,824,1.0
617,416,1.0
617,415,1.0
617,400,1.0
617,94,0.9580628731672621
617,189,0.9523690360126006
617,399,0.9260053193602348
642,19,1.0
642,125,1.0
642,416,1.0
642,59,1.0
642,190,1.0
642,415,1.0
642,284,1.0
642,17,1.0
642,476,1.0
642,77,1.0
478,125,3.0
478,415,3.0
478,19,3.0
478,416,2.98058067569092
478,89,2.9064007754634718
478,190,2.8944271909999157
478,352,2.85198641697651
478,22,2.8219333533720796
478,94,2.805651194585874
478,79,2.757333434375711
493,824,1.0
493,284,1.0
493,415,1.0
493,125,1.0
493,190,1.0
493,476,1.0
493,17,1.0
493,19,1.0
493,134,0.9843091327750997
493,416,0.9805806756909201
554,19,1.0
554,125,1.0
554,89,1.0
554,824,1.0
554,416,1.0
554,476,1.0
554,284,1.0
554,17,1.0
554,134,1.0
554,400,1.0
602,824,1.0
602,284,1.0
602,415,1.0
602,125,1.0
602,190,1.0
602,476,1.0
602,17,1.0
602,19,1.0
602,134,0.9843091327750997
602,416,0.9805806756909201
584,119,0.0
584,20,0.0
584,399,0.0
584,476,0.0
584,264,0.0
584,200,0.0
584,189,0.0
584,362,0.0
584,17,0.0
584,16,0.0
618,284,5.0
618,125,5.0
618,416,5.0
618,415,5.0
618,19,5.0
618,89,4.855084073513986
618,134,4.842993853452071
618,190,4.769435057690751
618,352,4.7399853043138105
618,59,4.707054060458486
577,19,1.0
577,125,1.0
577,89,1.0
577,824,1.0
577,416,1.0
577,476,1.0
577,284,1.0
577,17,1.0
577,134,1.0
577,400,1.0
464,19,1.0
464,125,1.0
464,89,1.0
464,824,1.0
464,416,1.0
464,476,1.0
464,284,1.0
464,17,1.0
464,134,1.0
464,400,1.0
474,19,2.0
474,125,2.0
474,416,2.0
474,824,2.0
474,400,2.0
474,89,1.9258200997725514
474,22,1.9044214943632756
474,94,1.8964467302976393
474,189,1.883821492469503
474,134,1.8426648406178137
663,416,1.0
663,415,1.0
663,77,1.0
663,399,0.9819805060619657
663,352,0.9761870601839528
663,200,0.9669875568304563
663,89,0.9622504486493763
663,362,0.9525793444156804
663,59,0.9486832980505138
663,79,0.9428090415820635
628,119,0.0
628,20,0.0
628,399,0.0
628,476,0.0
628,264,0.0
628,200,0.0
628,189,0.0
628,362,0.0
628,17,0.0
628,16,0.0
562,19,1.0
562,125,1.0
562,89,1.0
562,824,1.0
562,416,1.0
562,476,1.0
562,284,1.0
562,17,1.0
562,134,1.0
562,400,1.0
558,119,0.0
558,20,0.0
558,399,0.0
558,476,0.0
558,264,0.0
558,200,0.0
558,189,0.0
558,362,0.0
558,17,0.0
558,16,0.0
635,77,1.0
635,19,1.0
635,125,1.0
635,824,1.0
635,416,1.0
635,415,1.0
635,400,1.0
635,94,0.9580628731672621
635,189,0.9523690360126006
635,399,0.9260053193602348
607,77,1.0
607,19,1.0
607,125,1.0
607,824,1.0
607,416,1.0
607,415,1.0
607,400,1.0
607,94,0.9580628731672621
607,189,0.9523690360126006
607,399,0.9260053193602348
639,77,1.0
639,19,1.0
639,125,1.0
639,824,1.0
639,416,1.0
639,415,1.0
639,400,1.0
639,94,0.9580628731672621
639,189,0.9523690360126006
639,399,0.9260053193602348
566,824,1.0
566,284,1.0
566,415,1.0
566,125,1.0
566,190,1.0
566,476,1.0
566,17,1.0
566,19,1.0
566,134,0.9843091327750997
566,416,0.9805806756909201
634,77,1.0
634,125,1.0
634,415,1.0
634,19,1.0
634,476,1.0
634,416,1.0
634,17,1.0
634,284,1.0
634,400,1.0
634,190,0.9805806756909201
557,416,1.0
557,125,1.0
557,134,1.0
557,190,1.0
557,59,1.0
557,19,1.0
557,89,0.9838699100999074
557,78,0.9827076298239908
557,200,0.967741935483871
557,352,0.9583727150068314
452,19,1.0
452,125,1.0
452,416,1.0
452,59,1.0
452,190,1.0
452,415,1.0
452,284,1.0
452,17,1.0
452,476,1.0
452,77,1.0
651,416,5.0
651,415,5.0
651,125,5.0
651,17,5.0
651,284,5.0
651,476,5.0
651,190,5.0
651,19,5.0
651,89,4.877947271791948
651,134,4.819965479812152
551,125,3.0
551,824,3.0
551,19,3.0
551,416,2.98058067569092
551,89,2.9258200997725514
551,22,2.8369263026035894
551,94,2.833888142040231
551,134,2.823245516308734
551,190,2.7888543819998315
551,352,2.7664557209642027
652,125,4.0
652,284,4.0
652,19,4.0
652,190,3.98058067569092
652,416,3.929263973741434
652,134,3.8342694096809247
652,352,3.7397234679770026
652,78,3.7134574322156935
652,89,3.684735900580603
652,119,3.658833090977005
522,125,1.0
522,824,1.0
522,89,1.0
522,190,1.0
522,415,1.0
522,284,1.0
522,17,1.0
522,476,1.0
522,19,1.0
522,134,0.9805806756909202
482,77,1.0
482,125,1.0
482,415,1.0
482,19,1.0
482,476,1.0
482,416,1.0
482,17,1.0
482,284,1.0
482,400,1.0
482,190,0.9805806756909201
479,119,0.0
479,20,0.0
479,399,0.0
479,476,0.0
479,264,0.0
479,200,0.0
479,189,0.0
479,362,0.0
479,17,0.0
479,16,0.0
547,119,0.0
547,20,0.0
547,399,0.0
547,476,0.0
547,264,0.0
547,200,0.0
547,189,0.0
547,362,0.0
547,17,0.0
547,16,0.0
540,125,1.0
540,824,1.0
540,89,1.0
540,190,1.0
540,415,1.0
540,284,1.0
540,17,1.0
540,476,1.0
540,19,1.0
540,134,0.9805806756909202
549,77,1.0
549,125,1.0
549,415,1.0
549,19,1.0
549,476,1.0
549,416,1.0
549,17,1.0
549,284,1.0
549,400,1.0
549,190,0.9805806756909201
604,125,4.0
604,19,4.0
604,416,3.98058067569092
604,134,3.7825070592988226
604,190,3.769435057690752
604,89,3.7689305888229807
604,189,3.6941777475426227
604,352,3.689538655253816
604,78,3.6836744671226804
604,22,3.6824069490445845
555,19,1.0
555,125,1.0
555,89,1.0
555,824,1.0
555,416,1.0
555,476,1.0
555,284,1.0
555,17,1.0
555,134,1.0
555,400,1.0
513,77,1.0
513,19,1.0
513,125,1.0
513,824,1.0
513,416,1.0
513,415,1.0
513,400,1.0
513,94,0.9580628731672621
513,189,0.9523690360126006
513,399,0.9260053193602348
553,824,3.0
553,125,3.0
553,415,3.0
553,19,3.0
553,416,2.9611613513818402
553,190,2.8944271909999157
553,352,2.852224588783894
553,89,2.820247290772467
553,134,2.8075546490838335
553,399,2.795841632947514
500,125,2.0
500,416,2.0
500,19,2.0
500,89,1.9096900098724587
500,190,1.8944271909999157
500,94,1.892143770363604
500,59,1.8894991799933214
500,352,1.8656374237333861
500,22,1.8652500298833732
500,78,1.8652051331167607
649,119,0.0
649,20,0.0
649,399,0.0
649,476,0.0
649,264,0.0
649,200,0.0
649,189,0.0
649,362,0.0
649,17,0.0
649,16,0.0
521,119,0.0
521,20,0.0
521,399,0.0
521,476,0.0
521,264,0.0
521,200,0.0
521,189,0.0
521,362,0.0
521,17,0.0
521,16,0.0
556,119,0.0
556,20,0.0
556,399,0.0
556,476,0.0
556,264,0.0
556,200,0.0
556,189,0.0
556,362,0.0
556,17,0.0
556,16,0.0
460,19,1.0
460,125,1.0
460,89,1.0
460,824,1.0
460,416,1.0
460,476,1.0
460,284,1.0
460,17,1.0
460,134,1.0
460,400,1.0
506,125,1.0
506,824,1.0
506,89,1.0
506,190,1.0
506,415,1.0
506,284,1.0
506,17,1.0
506,476,1.0
506,19,1.0
506,134,0.9805806756909202
650,119,0.0
650,20,0.0
650,399,0.0
650,476,0.0
650,264,0.0
650,200,0.0
650,189,0.0
650,362,0.0
650,17,0.0
650,16,0.0
603,125,1.0
603,416,1.0
603,284,1.0
603,19,1.0
603,190,1.0
603,17,1.0
603,476,1.0
603,77,1.0
603,189,0.9335359455865251
603,94,0.9179615720168667
534,119,0.0
534,20,0.0
534,399,0.0
534,476,0.0
534,264,0.0
534,200,0.0
534,189,0.0
534,362,0.0
534,17,0.0
534,16,0.0
491,352,1.0
491,287,1.0
491,399,1.0
491,79,1.0
491,476,1.0
491,17,1.0
491,415,1.0
491,255,0.9922778767136677
491,94,0.9843091327750997
491,310,0.9819805060619657
622,476,5.0
622,125,5.0
622,19,5.0
622,190,5.0
622,416,5.0
622,284,5.0
622,17,5.0
622,77,5.0
622,89,4.942831124340296
622,352,4.936341006015782
498,416,1.0
498,125,1.0
498,134,1.0
498,190,1.0
498,59,1.0
498,19,1.0
498,89,0.9838699100999074
498,78,0.9827076298239908
498,200,0.967741935483871
498,352,0.9583727150068314
591,125,4.0
591,17,4.0
591,476,4.0
591,284,4.0
591,19,4.0
591,416,3.98058067569092
591,190,3.8750078666908356
591,134,3.8342694096809247
591,78,3.704873077944974
591,352,3.6890386471096237
575,125,3.0
575,19,3.0
575,416,2.98058067569092
575,190,2.8944271909999157
575,189,2.8233463933417173
575,352,2.7942254681285243
575,287,2.766993548236543
575,399,2.7377229410999853
575,134,2.7214011643928293
575,78,2.715853596522605
576,77,1.0
576,19,1.0
576,125,1.0
576,824,1.0
576,416,1.0
576,415,1.0
576,400,1.0
576,94,0.9580628731672621
576,189,0.9523690360126006
576,399,0.9260053193602348
453,19,1.0
453,415,1.0
453,190,1.0
453,125,1.0
453,416,1.0
453,476,1.0
453,17,1.0
453,77,1.0
453,134,0.9819805060619657
453,362,0.9574271077563381
565,125,1.0
565,416,1.0
565,284,1.0
565,19,1.0
565,190,1.0
565,17,1.0
565,476,1.0
565,77,1.0
565,189,0.9335359455865251
565,94,0.9179615720168667
563,119,0.0
563,20,0.0
563,399,0.0
563,476,0.0
563,264,0.0
563,200,0.0
563,189,0.0
563,362,0.0
563,17,0.0
563,16,0.0
644,125,2.0
644,476,2.0
644,284,2.0
644,17,2.0
644,415,2.0
644,19,2.0
644,416,1.9805806756909201
644,190,1.9805806756909201
644,134,1.939842218681009
644,78,1.8964150590680056
501,416,2.98058067569092
501,134,2.9645051915947063
501,352,2.938568773826438
501,59,2.8679221135930257
501,78,2.816901642672053
501,22,2.768253995587735
501,255,2.7614956123993415
501,200,2.7525281308365406
501,119,2.7441018503081898
501,310,2.7214440229518426
572,190,1.0
572,134,1.0
572,416,1.0
572,19,1.0
572,125,1.0
572,59,1.0
572,16,1.0
572,77,1.0
572,78,0.9819805060619657
572,94,0.9801960588196069
508,119,0.0
508,20,0.0
508,399,0.0
508,476,0.0
508,264,0.0
508,200,0.0
508,189,0.0
508,362,0.0
508,17,0.0
508,16,0.0
657,824,1.0
657,284,1.0
657,415,1.0
657,125,1.0
657,190,1.0
657,476,1.0
657,17,1.0
657,19,1.0
657,134,0.9843091327750997
657,416,0.9805806756909201
499,77,1.0
499,125,1.0
499,415,1.0
499,19,1.0
499,476,1.0
499,416,1.0
499,17,1.0
499,284,1.0
499,400,1.0
499,190,0.9805806756909201
638,119,0.0
638,20,0.0
638,399,0.0
638,476,0.0
638,264,0.0
638,200,0.0
638,189,0.0
638,362,0.0
638,17,0.0
638,16,0.0
587,125,4.0
587,416,4.0
587,19,4.0
587,190,3.8750078666908356
587,78,3.735656327185059
587,94,3.712604372864638
587,89,3.699998719453146
587,134,3.6926251175236384
587,352,3.6800528210234873
587,189,3.6658887156996656
528,125,1.0
528,824,1.0
528,89,1.0
528,190,1.0
528,415,1.0
528,284,1.0
528,17,1.0
528,476,1.0
528,19,1.0
528,134,0.9805806756909202
627,77,1.0
627,125,1.0
627,415,1.0
627,19,1.0
627,476,1.0
627,416,1.0
627,17,1.0
627,284,1.0
627,400,1.0
627,190,0.9805806756909201
552,19,1.0
552,125,1.0
552,416,1.0
552,59,1.0
552,190,1.0
552,415,1.0
552,284,1.0
552,17,1.0
552,476,1.0
552,77,1.0
502,19,1.0
502,125,1.0
502,416,1.0
502,59,1.0
502,190,1.0
502,415,1.0
502,284,1.0
502,17,1.0
502,476,1.0
502,77,1.0
583,119,0.0
583,20,0.0
583,399,0.0
583,476,0.0
583,264,0.0
583,200,0.0
583,189,0.0
583,362,0.0
583,17,0.0
583,16,0.0
511,119,0.0
511,20,0.0
511,399,0.0
511,476,0.0
511,264,0.0
511,200,0.0
511,189,0.0
511,362,0.0
511,17,0.0
511,16,0.0
574,125,1.0
574,416,1.0
574,284,1.0
574,19,1.0
574,190,1.0
574,17,1.0
574,476,1.0
574,77,1.0
574,189,0.9335359455865251
574,94,0.9179615720168667
462,119,0.0
462,20,0.0
462,399,0.0
462,476,0.0
462,264,0.0
462,200,0.0
462,189,0.0
462,362,0.0
462,17,0.0
462,16,0.0
605,824,1.0
605,284,1.0
605,415,1.0
605,125,1.0
605,190,1.0
605,476,1.0
605,17,1.0
605,19,1.0
605,134,0.9843091327750997
605,416,0.9805806756909201
473,119,0.0
473,20,0.0
473,399,0.0
473,476,0.0
473,264,0.0
473,200,0.0
473,189,0.0
473,362,0.0
473,17,0.0
473,16,0.0
488,125,2.0
488,416,2.0
488,19,2.0
488,190,1.9805806756909201
488,134,1.955533085905909
488,78,1.9494627097772252
488,89,1.9325532081504213
488,352,1.8660234117145698
488,310,1.8441383558539564
488,94,1.836579927680509
559,476,3.0
559,17,3.0
559,125,3.0
559,284,3.0
559,19,3.0
559,416,2.98058067569092
559,190,2.98058067569092
559,134,2.8342694096809247
559,78,2.8001111731830695
559,352,2.794611456109708
614,416,1.0
614,125,1.0
614,134,1.0
614,190,1.0
614,59,1.0
614,19,1.0
614,89,0.9838699100999074
614,78,0.9827076298239908
614,200,0.967741935483871
614,352,0.9583727150068314
548,19,2.0
548,125,2.0
548,416,2.0
548,824,2.0
548,400,2.0
548,89,1.9258200997725514
548,22,1.9044214943632756
548,94,1.8964467302976393
548,189,1.883821492469503
548,134,1.8426648406178137
505,119,0.0
505,20,0.0
505,399,0.0
505,476,0.0
505,264,0.0
505,200,0.0
505,189,0.0
505,362,0.0
505,17,0.0
505,16,0.0
596,416,1.0
596,125,1.0
596,134,1.0
596,190,1.0
596,59,1.0
596,19,1.0
596,89,0.9838699100999074
596,78,0.9827076298239908
596,200,0.967741935483871
596,352,0.9583727150068314
659,77,1.0
659,19,1.0
659,125,1.0
659,824,1.0
659,416,1.0
659,415,1.0
659,400,1.0
659,94,0.9580628731672621
659,189,0.9523690360126006
659,399,0.9260053193602348
647,19,1.0
647,415,1.0
647,190,1.0
647,125,1.0
647,416,1.0
647,476,1.0
647,17,1.0
647,77,1.0
647,134,0.9819805060619657
647,362,0.9574271077563381
497,125,2.0
497,284,2.0
497,824,2.0
497,190,2.0
497,415,2.0
497,17,2.0
497,476,2.0
497,19,2.0
497,134,1.9648898084660198
497,416,1.9611613513818402
597,416,1.0
597,125,1.0
597,134,1.0
597,190,1.0
597,59,1.0
597,19,1.0
597,89,0.9838699100999074
597,78,0.9827076298239908
597,200,0.967741935483871
597,352,0.9583727150068314
629,416,2.0
629,19,2.0
629,476,2.0
629,17,2.0
629,284,2.0
629,125,2.0
629,77,2.0
629,190,1.9805806756909201
629,78,1.8704511940682984
629,134,1.849960276905825
631,125,1.0
631,416,1.0
631,284,1.0
631,19,1.0
631,190,1.0
631,17,1.0
631,476,1.0
631,77,1.0
631,189,0.9335359455865251
631,94,0.9179615720168667
455,77,1.0
455,125,1.0
455,415,1.0
455,19,1.0
455,476,1.0
455,416,1.0
455,17,1.0
455,284,1.0
455,400,1.0
455,190,0.9805806756909201
623,17,4.0
623,125,4.0
623,476,4.0
623,284,4.0
623,19,4.0
623,416,3.8944271909999157
623,190,3.8750078666908356
623,89,3.790308709580687
623,134,3.7410930655848316
623,78,3.737463547479579
581,824,1.0
581,284,1.0
581,415,1.0
581,125,1.0
581,190,1.0
581,476,1.0
581,17,1.0
581,19,1.0
581,134,0.9843091327750997
581,416,0.9805806756909201
531,415,2.0
531,824,2.0
531,125,2.0
531,19,2.0
531,416,1.9805806756909201
531,190,1.8944271909999157
531,189,1.8898104477551925
531,352,1.8874607675461617
531,399,1.864389176490612
531,287,1.85234732810207
533,77,1.0
533,125,1.0
533,415,1.0
533,19,1.0
533,476,1.0
533,416,1.0
533,17,1.0
533,284,1.0
533,400,1.0
533,190,0.9805806756909201
503,119,0.0
503,20,0.0
503,399,0.0
503,476,0.0
503,264,0.0
503,200,0.0
503,189,0.0
503,362,0.0
503,17,0.0
503,16,0.0
653,77,1.0
653,19,1.0
653,125,1.0
653,824,1.0
653,416,1.0
653,415,1.0
653,400,1.0
653,94,0.9580628731672621
653,189,0.9523690360126006
653,399,0.9260053193602348
456,19,1.0
456,125,1.0
456,416,1.0
456,59,1.0
456,190,1.0
456,415,1.0
456,284,1.0
456,17,1.0
456,476,1.0
456,77,1.0
457,77,1.0
457,125,1.0
457,415,1.0
457,19,1.0
457,476,1.0
457,416,1.0
457,17,1.0
457,284,1.0
457,400,1.0
457,190,0.9805806756909201
468,416,1.0
468,125,1.0
468,134,1.0
468,190,1.0
468,59,1.0
468,19,1.0
468,89,0.9838699100999074
468,78,0.9827076298239908
468,200,0.967741935483871
468,352,0.9583727150068314
648,19,1.0
648,125,1.0
648,89,1.0
648,824,1.0
648,416,1.0
648,476,1.0
648,284,1.0
648,17,1.0
648,134,1.0
648,400,1.0
490,19,1.0
490,125,1.0
490,416,1.0
490,59,1.0
490,190,1.0
490,415,1.0
490,284,1.0
490,17,1.0
490,476,1.0
490,77,1.0
560,125,2.0
560,190,2.0
560,19,2.0
560,134,1.9843091327750997
560,416,1.9805806756909201
560,352,1.9385687738264383
560,59,1.9192388155425117
560,78,1.912367608938762
560,89,1.8782971010998233
560,200,1.8778888451598912
537,824,1.0
537,284,1.0
537,415,1.0
537,125,1.0
537,190,1.0
537,476,1.0
537,17,1.0
537,19,1.0
537,134,0.9843091327750997
537,416,0.9805806756909201
470,824,1.0
470,284,1.0
470,415,1.0
470,125,1.0
470,190,1.0
470,476,1.0
470,17,1.0
470,19,1.0
470,134,0.9843091327750997
470,416,0.9805806756909201
616,824,1.0
616,284,1.0
616,415,1.0
616,125,1.0
616,190,1.0
616,476,1.0
616,17,1.0
616,19,1.0
616,134,0.9843091327750997
616,416,0.9805806756909201
532,125,2.0
532,416,2.0
532,19,2.0
532,190,1.9805806756909201
532,134,1.955533085905909
532,78,1.9494627097772252
532,89,1.9325532081504213
532,352,1.8660234117145698
532,310,1.8441383558539564
532,94,1.836579927680509
564,77,1.0
564,125,1.0
564,415,1.0
564,19,1.0
564,476,1.0
564,416,1.0
564,17,1.0
564,284,1.0
564,400,1.0
564,190,0.9805806756909201
480,77,1.0
480,125,1.0
480,415,1.0
480,19,1.0
480,476,1.0
480,416,1.0
480,17,1.0
480,284,1.0
480,400,1.0
480,190,0.9805806756909201
637,119,0.0
637,20,0.0
637,399,0.0
637,476,0.0
637,264,0.0
637,200,0.0
637,189,0.0
637,362,0.0
637,17,0.0
637,16,0.0
467,119,0.0
467,20,0.0
467,399,0.0
467,476,0.0
467,264,0.0
467,200,0.0
467,189,0.0
467,362,0.0
467,17,0.0
467,16,0.0
568,19,1.0
568,415,1.0
568,190,1.0
568,125,1.0
568,416,1.0
568,476,1.0
568,17,1.0
568,77,1.0
568,134,0.9819805060619657
568,362,0.9574271077563381
538,19,1.0
538,415,1.0
538,190,1.0
538,125,1.0
538,416,1.0
538,476,1.0
538,17,1.0
538,77,1.0
538,134,0.9819805060619657
538,362,0.9574271077563381
544,125,1.0
544,416,1.0
544,284,1.0
544,19,1.0
544,190,1.0
544,17,1.0
544,476,1.0
544,77,1.0
544,189,0.9335359455865251
544,94,0.9179615720168667
667,19,5.0
667,190,5.0
667,125,5.0
667,17,5.0
667,415,5.0
667,476,5.0
667,284,5.0
667,77,5.0
667,89,4.98058067569092
667,134,4.976587009488767
671,125,2.0
671,190,2.0
671,19,2.0
671,134,1.9843091327750997
671,416,1.9805806756909201
671,352,1.9385687738264383
671,59,1.9192388155425117
671,78,1.912367608938762
671,89,1.8782971010998233
671,200,1.8778888451598912
675,125,3.0
675,17,3.0
675,476,3.0
675,284,3.0
675,19,3.0
675,416,2.98058067569092
675,134,2.939842218681009
675,190,2.875007866690836
675,89,2.8431104890504297
675,78,2.8011769638299104
664,19,5.0
664,284,5.0
664,125,5.0
664,190,5.0
664,476,5.0
664,17,5.0
664,416,5.0
664,415,5.0
664,77,5.0
664,134,4.976587009488767
674,125,4.0
674,416,4.0
674,19,4.0
674,89,3.890270685563379
674,22,3.8142180927757954
674,190,3.7888543819998315
674,59,3.78764541901382
674,134,3.7499295493443685
674,94,3.740674537170001
674,352,3.740022501745525
670,19,1.0
670,125,1.0
670,89,1.0
670,824,1.0
670,416,1.0
670,476,1.0
670,284,1.0
670,17,1.0
670,134,1.0
670,400,1.0
673,19,3.0
673,416,3.0
673,125,3.0
673,415,3.0
673,77,3.0
673,190,2.875007866690836
673,134,2.7801784325856884
673,352,2.763598703484807
673,78,2.741154327724908
673,94,2.727784462475171
668,77,1.0
668,19,1.0
668,125,1.0
668,824,1.0
668,416,1.0
668,415,1.0
668,400,1.0
668,94,0.9580628731672621
668,189,0.9523690360126006
668,399,0.9260053193602348
676,77,1.0
676,125,1.0
676,415,1.0
676,19,1.0
676,476,1.0
676,416,1.0
676,17,1.0
676,284,1.0
676,400,1.0
676,190,0.9805806756909201
669,416,1.0
669,415,1.0
669,77,1.0
669,399,0.9819805060619657
669,352,0.9761870601839528
669,200,0.9669875568304563
669,89,0.9622504486493763
669,362,0.9525793444156804
669,59,0.9486832980505138
669,79,0.9428090415820635
439,77,1.0
439,125,1.0
439,415,1.0
439,19,1.0
439,476,1.0
439,416,1.0
439,17,1.0
439,284,1.0
439,400,1.0
439,190,0.9805806756909201
426,77,1.0
426,19,1.0
426,125,1.0
426,824,1.0
426,416,1.0
426,415,1.0
426,400,1.0
426,94,0.9580628731672621
426,189,0.9523690360126006
426,399,0.9260053193602348
424,416,1.0
424,125,1.0
424,134,1.0
424,190,1.0
424,59,1.0
424,19,1.0
424,89,0.9838699100999074
424,78,0.9827076298239908
424,200,0.967741935483871
424,352,0.9583727150068314
435,415,2.0
435,824,2.0
435,125,2.0
435,19,2.0
435,416,1.9805806756909201
435,190,1.8944271909999157
435,189,1.8898104477551925
435,352,1.8874607675461617
435,399,1.864389176490612
435,287,1.85234732810207
433,416,1.0
433,125,1.0
433,134,1.0
433,190,1.0
433,59,1.0
433,19,1.0
433,89,0.9838699100999074
433,78,0.9827076298239908
433,200,0.967741935483871
433,352,0.9583727150068314
432,416,1.0
432,415,1.0
432,77,1.0
432,399,0.9819805060619657
432,352,0.9761870601839528
432,200,0.9669875568304563
432,89,0.9622504486493763
432,362,0.9525793444156804
432,59,0.9486832980505138
432,79,0.9428090415820635
443,416,1.0
443,125,1.0
443,134,1.0
443,190,1.0
443,59,1.0
443,19,1.0
443,89,0.9838699100999074
443,78,0.9827076298239908
443,200,0.967741935483871
443,352,0.9583727150068314
440,19,1.0
440,125,1.0
440,416,1.0
440,59,1.0
440,190,1.0
440,415,1.0
440,284,1.0
440,17,1.0
440,476,1.0
440,77,1.0
415,415,3.0
415,125,3.0
415,19,3.0
415,416,2.98058067569092
415,190,2.875007866690836
415,89,2.874503397823065
415,94,2.7980033153940216
415,352,2.7796792266720254
415,134,2.778778602214643
415,78,2.7667719791400867
429,19,1.0
429,125,1.0
429,89,1.0
429,134,1.0
429,190,1.0
429,284,1.0
429,415,1.0
429,77,1.0
429,59,0.9707253433941511
429,416,0.9486832980505138
420,416,5.0
420,476,5.0
420,415,5.0
420,17,5.0
420,284,5.0
420,77,5.0
420,134,4.9843091327751
420,89,4.983869910099908
420,59,4.889964158936663
420,78,4.849876551956082
411,416,5.0
411,125,5.0
411,284,5.0
411,415,5.0
411,17,5.0
411,476,5.0
411,19,5.0
411,190,4.98058067569092
411,134,4.902403400433895
411,89,4.855084073513986
430,125,1.0
430,824,1.0
430,89,1.0
430,190,1.0
430,415,1.0
430,284,1.0
430,17,1.0
430,476,1.0
430,19,1.0
430,134,0.9805806756909202
422,416,5.0
422,78,4.718022140412266
422,352,4.697867166200609
422,89,4.678379258002615
422,134,4.666886717080798
422,94,4.654558038129398
422,189,4.622777089626869
422,79,4.622355172617013
422,287,4.593729610543586
422,200,4.566649822294719
436,416,1.0
436,125,1.0
436,134,1.0
436,190,1.0
436,59,1.0
436,19,1.0
436,89,0.9838699100999074
436,78,0.9827076298239908
436,200,0.967741935483871
436,352,0.9583727150068314
417,125,2.0
417,190,2.0
417,19,2.0
417,416,2.0
417,77,2.0
417,189,1.8982997668242572
417,94,1.8981576308364736
417,134,1.8944271909999157
417,200,1.8941811272407483
417,78,1.8856766201770296
438,415,2.0
438,824,2.0
438,125,2.0
438,19,2.0
438,416,1.9805806756909201
438,190,1.8944271909999157
438,189,1.8898104477551925
438,352,1.8874607675461617
438,399,1.864389176490612
438,287,1.85234732810207
442,119,0.0
442,20,0.0
442,399,0.0
442,476,0.0
442,264,0.0
442,200,0.0
442,189,0.0
442,362,0.0
442,17,0.0
442,16,0.0
431,119,0.0
431,20,0.0
431,399,0.0
431,476,0.0
431,264,0.0
431,200,0.0
431,189,0.0
431,362,0.0
431,17,0.0
431,16,0.0
419,125,1.0
419,824,1.0
419,89,1.0
419,190,1.0
419,415,1.0
419,284,1.0
419,17,1.0
419,476,1.0
419,19,1.0
419,134,0.9805806756909202
441,125,3.0
441,17,3.0
441,476,3.0
441,284,3.0
441,19,3.0
441,190,2.98058067569092
441,416,2.8944271909999157
441,78,2.8327016427176748
441,89,2.790308709580687
441,352,2.785140740684252
414,17,2.0
414,476,2.0
414,352,1.964763821237732
414,255,1.9393939393939394
414,134,1.9292639737414339
414,78,1.9175193958940824
414,79,1.907068890770012
414,22,1.8811881062908276
414,200,1.867028003629069
414,287,1.8650202520312935
410,77,1.0
410,125,1.0
410,415,1.0
410,19,1.0
410,476,1.0
410,416,1.0
410,17,1.0
410,284,1.0
410,400,1.0
410,190,0.9805806756909201
423,19,1.0
423,415,1.0
423,190,1.0
423,125,1.0
423,416,1.0
423,476,1.0
423,17,1.0
423,77,1.0
423,134,0.9819805060619657
423,362,0.9574271077563381
418,19,1.0
418,125,1.0
418,416,1.0
418,59,1.0
418,190,1.0
418,415,1.0
418,284,1.0
418,17,1.0
418,476,1.0
418,77,1.0
412,119,0.0
412,20,0.0
412,399,0.0
412,476,0.0
412,264,0.0
412,200,0.0
412,189,0.0
412,362,0.0
412,17,0.0
412,16,0.0
428,125,1.0
428,416,1.0
428,284,1.0
428,19,1.0
428,190,1.0
428,17,1.0
428,476,1.0
428,77,1.0
428,189,0.9335359455865251
428,94,0.9179615720168667
437,416,1.0
437,125,1.0
437,134,1.0
437,190,1.0
437,59,1.0
437,19,1.0
437,89,0.9838699100999074
437,78,0.9827076298239908
437,200,0.967741935483871
437,352,0.9583727150068314
434,77,1.0
434,19,1.0
434,125,1.0
434,824,1.0
434,416,1.0
434,415,1.0
434,400,1.0
434,94,0.9580628731672621
434,189,0.9523690360126006
434,399,0.9260053193602348
413,125,1.0
413,416,1.0
413,284,1.0
413,19,1.0
413,190,1.0
413,17,1.0
413,476,1.0
413,77,1.0
413,189,0.9335359455865251
413,94,0.9179615720168667
44,19,5.0
44,125,5.0
44,476,5.0
44,190,5.0
44,415,5.0
44,17,5.0
44,284,5.0
44,416,5.0
44,77,5.0
44,89,4.859617044750404
57,352,4.728632285845776
57,22,4.700646264458034
57,79,4.60121816441413
57,362,4.588807245907724
57,264,4.535923435295039
57,287,4.512261223044564
57,20,4.489547845924976
57,255,4.4805591619103
57,59,4.470646850382305
57,16,4.413816579744345
38,19,5.0
38,125,5.0
38,190,5.0
38,415,5.0
38,17,5.0
38,284,5.0
38,476,5.0
38,416,5.0
38,77,5.0
38,89,4.855084073513986
45,125,5.0
45,416,5.0
45,19,5.0
45,89,4.913133883841342
45,134,4.899542585440223
45,190,4.894427190999916
45,59,4.86887158241465
45,22,4.723999771368359
45,352,4.6974720231952665
45,94,4.689518635005526
28,77,2.0
28,19,2.0
28,416,2.0
28,415,2.0
28,125,2.0
28,400,2.0
28,190,1.875007866690836
28,89,1.8745033978230652
28,94,1.8605619036514294
28,78,1.8492525832460043
61,19,5.0
61,415,5.0
61,125,5.0
61,476,5.0
61,190,5.0
61,416,5.0
61,284,5.0
61,17,5.0
61,77,5.0
61,134,4.958567515550733
36,476,3.0
36,17,3.0
36,415,3.0
36,352,2.8878467555273453
36,79,2.8328264998064174
36,287,2.828287911309685
36,399,2.8037064630522823
36,189,2.79093693076404
36,310,2.749885067689937
36,255,2.725155498954939
54,77,1.0
54,125,1.0
54,415,1.0
54,19,1.0
54,476,1.0
54,416,1.0
54,17,1.0
54,284,1.0
54,400,1.0
54,190,0.9805806756909201
47,77,1.0
47,19,1.0
47,125,1.0
47,824,1.0
47,416,1.0
47,415,1.0
47,400,1.0
47,94,0.9580628731672621
47,189,0.9523690360126006
47,399,0.9260053193602348
29,352,1.0
29,287,1.0
29,399,1.0
29,79,1.0
29,476,1.0
29,17,1.0
29,415,1.0
29,255,0.9922778767136677
29,94,0.9843091327750997
29,310,0.9819805060619657
26,19,1.0
26,125,1.0
26,89,1.0
26,824,1.0
26,416,1.0
26,476,1.0
26,284,1.0
26,17,1.0
26,134,1.0
26,400,1.0
33,125,5.0
33,19,5.0
33,416,4.948683298050514
33,190,4.7888543819998315
33,89,4.748026186993645
33,94,4.665584647485204
33,134,4.644356740344285
33,352,4.633526499188351
33,22,4.606148641170601
33,189,4.578680350322239
46,284,2.0
46,190,2.0
46,125,2.0
46,17,2.0
46,476,2.0
46,19,2.0
46,416,1.9805806756909201
46,352,1.88696075940197
46,134,1.8787363237750156
46,189,1.8709773573291169
21,416,5.0
21,125,5.0
21,19,5.0
21,190,4.875007866690836
21,134,4.822818829310413
21,89,4.807056605973486
21,78,4.687117934744248
21,94,4.657811630703711
21,352,4.64481664226122
21,22,4.5350018313793194
48,19,1.0
48,125,1.0
48,89,1.0
48,824,1.0
48,416,1.0
48,476,1.0
48,284,1.0
48,17,1.0
48,134,1.0
48,400,1.0
7,77,1.0
7,19,1.0
7,125,1.0
7,824,1.0
7,416,1.0
7,415,1.0
7,400,1.0
7,94,0.9580628731672621
7,189,0.9523690360126006
7,399,0.9260053193602348
53,19,1.0
53,125,1.0
53,416,1.0
53,59,1.0
53,190,1.0
53,415,1.0
53,284,1.0
53,17,1.0
53,476,1.0
53,77,1.0
8,77,1.0
8,125,1.0
8,415,1.0
8,19,1.0
8,476,1.0
8,416,1.0
8,17,1.0
8,284,1.0
8,400,1.0
8,190,0.9805806756909201
25,125,2.0
25,476,2.0
25,284,2.0
25,17,2.0
25,415,2.0
25,19,2.0
25,416,1.9805806756909201
25,190,1.9805806756909201
25,134,1.939842218681009
25,78,1.8964150590680056
35,19,5.0
35,415,5.0
35,125,5.0
35,17,5.0
35,416,5.0
35,476,5.0
35,284,5.0
35,77,5.0
35,190,4.98058067569092
35,89,4.926701034440204
19,119,0.0
19,20,0.0
19,399,0.0
19,476,0.0
19,264,0.0
19,200,0.0
19,189,0.0
19,362,0.0
19,17,0.0
19,16,0.0
69,19,2.0
69,125,2.0
69,190,2.0
69,416,2.0
69,17,2.0
69,476,2.0
69,284,2.0
69,77,2.0
69,352,1.8867225875945857
69,78,1.8598790015825788
20,415,2.0
20,824,2.0
20,125,2.0
20,19,2.0
20,416,1.9805806756909201
20,89,1.9258200997725514
20,94,1.895504284909854
20,190,1.8944271909999157
20,352,1.872028529964287
20,399,1.8574577758171371
23,19,1.0
23,125,1.0
23,89,1.0
23,824,1.0
23,416,1.0
23,476,1.0
23,284,1.0
23,17,1.0
23,134,1.0
23,400,1.0
56,19,1.0
56,125,1.0
56,89,1.0
56,824,1.0
56,416,1.0
56,476,1.0
56,284,1.0
56,17,1.0
56,134,1.0
56,400,1.0
14,77,1.0
14,125,1.0
14,415,1.0
14,19,1.0
14,476,1.0
14,416,1.0
14,17,1.0
14,284,1.0
14,400,1.0
14,190,0.9805806756909201
37,125,1.0
37,416,1.0
37,284,1.0
37,19,1.0
37,190,1.0
37,17,1.0
37,476,1.0
37,77,1.0
37,189,0.9335359455865251
37,94,0.9179615720168667
34,416,1.0
34,415,1.0
34,77,1.0
34,399,0.9819805060619657
34,352,0.9761870601839528
34,200,0.9669875568304563
34,89,0.9622504486493763
34,362,0.9525793444156804
34,59,0.9486832980505138
34,79,0.9428090415820635
58,77,1.0
58,125,1.0
58,415,1.0
58,19,1.0
58,476,1.0
58,416,1.0
58,17,1.0
58,284,1.0
58,400,1.0
58,190,0.9805806756909201
4,125,1.0
4,416,1.0
4,284,1.0
4,19,1.0
4,190,1.0
4,17,1.0
4,476,1.0
4,77,1.0
4,189,0.9335359455865251
4,94,0.9179615720168667
24,125,1.0
24,416,1.0
24,284,1.0
24,19,1.0
24,190,1.0
24,17,1.0
24,476,1.0
24,77,1.0
24,189,0.9335359455865251
24,94,0.9179615720168667
70,19,1.0
70,415,1.0
70,190,1.0
70,125,1.0
70,416,1.0
70,476,1.0
70,17,1.0
70,77,1.0
70,134,0.9819805060619657
70,362,0.9574271077563381
40,119,0.0
40,20,0.0
40,399,0.0
40,476,0.0
40,264,0.0
40,200,0.0
40,189,0.0
40,362,0.0
40,17,0.0
40,16,0.0
6,125,1.0
6,416,1.0
6,284,1.0
6,19,1.0
6,190,1.0
6,17,1.0
6,476,1.0
6,77,1.0
6,189,0.9335359455865251
6,94,0.9179615720168667
39,19,1.0
39,125,1.0
39,89,1.0
39,824,1.0
39,416,1.0
39,476,1.0
39,284,1.0
39,17,1.0
39,134,1.0
39,400,1.0
41,125,1.0
41,824,1.0
41,89,1.0
41,190,1.0
41,415,1.0
41,284,1.0
41,17,1.0
41,476,1.0
41,19,1.0
41,134,0.9805806756909202
66,125,5.0
66,416,5.0
66,476,5.0
66,17,5.0
66,284,5.0
66,19,5.0
66,190,4.875007866690836
66,89,4.7495112645139015
66,134,4.74153411840748
66,352,4.681834051848486
17,416,4.0
17,134,3.881523091502188
17,59,3.8528028654224418
17,352,3.783883904237287
17,78,3.747231976728286
17,16,3.669726521861096
17,287,3.6268010043759507
17,94,3.621715242276752
17,22,3.618047728470049
17,189,3.61302266155539
43,19,1.0
43,125,1.0
43,89,1.0
43,134,1.0
43,190,1.0
43,284,1.0
43,415,1.0
43,77,1.0
43,59,0.9707253433941511
43,416,0.9486832980505138
11,77,1.0
11,19,1.0
11,125,1.0
11,824,1.0
11,416,1.0
11,415,1.0
11,400,1.0
11,94,0.9580628731672621
11,189,0.9523690360126006
11,399,0.9260053193602348
10,17,5.0
10,476,5.0
10,125,5.0
10,19,5.0
10,416,4.948683298050514
10,190,4.894427190999916
10,134,4.837928512839035
10,352,4.780517897512394
10,79,4.718907356210831
10,78,4.6779871653771075
12,352,1.0
12,287,1.0
12,399,1.0
12,79,1.0
12,476,1.0
12,17,1.0
12,415,1.0
12,255,0.9922778767136677
12,94,0.9843091327750997
12,310,0.9819805060619657
16,19,1.0
16,125,1.0
16,416,1.0
16,59,1.0
16,190,1.0
16,415,1.0
16,284,1.0
16,17,1.0
16,476,1.0
16,77,1.0
64,416,1.0
64,284,1.0
64,352,1.0
64,476,1.0
64,17,1.0
64,415,1.0
64,134,0.9801960588196068
64,59,0.9486832980505138
64,79,0.9428090415820635
64,255,0.9415130835240083
30,77,1.0
30,125,1.0
30,415,1.0
30,19,1.0
30,476,1.0
30,416,1.0
30,17,1.0
30,284,1.0
30,400,1.0
30,190,0.9805806756909201
32,125,1.0
32,416,1.0
32,284,1.0
32,19,1.0
32,190,1.0
32,17,1.0
32,476,1.0
32,77,1.0
32,189,0.9335359455865251
32,94,0.9179615720168667
68,119,0.0
68,20,0.0
68,399,0.0
68,476,0.0
68,264,0.0
68,200,0.0
68,189,0.0
68,362,0.0
68,17,0.0
68,16,0.0
9,17,3.0
9,476,3.0
9,415,3.0
9,352,2.9286411850627365
9,79,2.9111982885335976
9,287,2.817319119950853
9,255,2.8159888739742422
9,59,2.8014861634729553
9,16,2.765600455574631
9,94,2.7616786012748613
27,77,1.0
27,125,1.0
27,415,1.0
27,19,1.0
27,476,1.0
27,416,1.0
27,17,1.0
27,284,1.0
27,400,1.0
27,190,0.9805806756909201
50,119,0.0
50,20,0.0
50,399,0.0
50,476,0.0
50,264,0.0
50,200,0.0
50,189,0.0
50,362,0.0
50,17,0.0
50,16,0.0
31,77,1.0
31,125,1.0
31,415,1.0
31,19,1.0
31,476,1.0
31,416,1.0
31,17,1.0
31,284,1.0
31,400,1.0
31,190,0.9805806756909201
2,125,1.0
2,824,1.0
2,89,1.0
2,190,1.0
2,415,1.0
2,284,1.0
2,17,1.0
2,476,1.0
2,19,1.0
2,134,0.9805806756909202
42,119,0.0
42,20,0.0
42,399,0.0
42,476,0.0
42,264,0.0
42,200,0.0
42,189,0.0
42,362,0.0
42,17,0.0
42,16,0.0
49,352,1.0
49,79,1.0
49,287,1.0
49,94,1.0
49,264,1.0
49,200,1.0
49,189,1.0
49,362,1.0
49,310,1.0
49,125,1.0
51,287,1.0
51,94,1.0
51,119,1.0
51,16,1.0
51,310,1.0
51,200,1.0
51,189,1.0
51,362,1.0
51,20,1.0
51,134,1.0
15,119,0.0
15,20,0.0
15,399,0.0
15,476,0.0
15,264,0.0
15,200,0.0
15,189,0.0
15,362,0.0
15,17,0.0
15,16,0.0
689,399,1.0
689,189,1.0
689,362,1.0
689,287,1.0
689,79,0.9838699100999074
689,200,0.9805806756909202
689,22,0.9622504486493763
689,20,0.9486832980505138
689,255,0.9486832980505138
689,352,0.9486832980505138
679,77,1.0
679,19,1.0
679,125,1.0
679,824,1.0
679,416,1.0
679,415,1.0
679,400,1.0
679,94,0.9580628731672621
679,189,0.9523690360126006
679,399,0.9260053193602348
740,190,2.0
740,125,2.0
740,19,2.0
740,89,1.9838699100999073
740,134,1.9805806756909203
740,416,1.9805806756909201
740,352,1.9231365362445636
740,78,1.9002270257180731
740,22,1.8753138498223771
740,94,1.8715223089389337
680,416,2.0
680,134,1.8867050677135837
680,189,1.8729298849804645
680,94,1.8282264485975155
680,200,1.8270941694038023
680,78,1.8201358290729404
680,287,1.8112571753842936
680,352,1.803634704750082
680,79,1.7956800422176016
680,89,1.790308709580687
688,416,1.0
688,284,1.0
688,352,1.0
688,476,1.0
688,17,1.0
688,415,1.0
688,134,0.9801960588196068
688,59,0.9486832980505138
688,79,0.9428090415820635
688,255,0.9415130835240083
730,19,4.0
730,416,4.0
730,125,4.0
730,77,4.0
730,190,3.8750078666908356
730,78,3.709131584828583
730,352,3.7016379930288785
730,89,3.6967094850441584
730,94,3.688670385344316
730,79,3.6349725361386924
686,190,2.0
686,125,2.0
686,59,2.0
686,416,2.0
686,19,2.0
686,89,1.9644505857908277
686,78,1.9388905172915059
686,352,1.9383306020190543
686,22,1.9097965984125198
686,134,1.9072647087265548
727,19,1.0
727,125,1.0
727,89,1.0
727,824,1.0
727,416,1.0
727,476,1.0
727,284,1.0
727,17,1.0
727,134,1.0
727,400,1.0
751,19,5.0
751,125,5.0
751,190,5.0
751,415,5.0
751,824,5.0
751,476,5.0
751,284,5.0
751,17,5.0
751,416,5.0
751,77,5.0
692,476,3.0
692,17,3.0
692,352,2.980196058819607
692,134,2.9131884896452203
692,79,2.8768899387784055
692,255,2.8517779601046573
692,78,2.834194012848062
692,200,2.7847861953526696
692,22,2.7741282520561854
692,119,2.751078422179683
713,77,1.0
713,19,1.0
713,125,1.0
713,824,1.0
713,416,1.0
713,415,1.0
713,400,1.0
713,94,0.9580628731672621
713,189,0.9523690360126006
713,399,0.9260053193602348
702,416,1.0
702,284,1.0
702,352,1.0
702,476,1.0
702,17,1.0
702,415,1.0
702,134,0.9801960588196068
702,59,0.9486832980505138
702,79,0.9428090415820635
702,255,0.9415130835240083
691,119,0.0
691,20,0.0
691,399,0.0
691,476,0.0
691,264,0.0
691,200,0.0
691,189,0.0
691,362,0.0
691,17,0.0
691,16,0.0
678,119,0.0
678,20,0.0
678,399,0.0
678,476,0.0
678,264,0.0
678,200,0.0
678,189,0.0
678,362,0.0
678,17,0.0
678,16,0.0
728,415,5.0
728,125,5.0
728,19,5.0
728,17,5.0
728,416,5.0
728,476,5.0
728,284,5.0
728,77,5.0
728,190,4.98058067569092
728,134,4.927066373347593
700,119,0.0
700,20,0.0
700,399,0.0
700,476,0.0
700,264,0.0
700,200,0.0
700,189,0.0
700,362,0.0
700,17,0.0
700,16,0.0
708,476,3.0
708,17,3.0
708,416,3.0
708,284,3.0
708,415,3.0
708,352,2.887608583719961
708,134,2.8429938534520707
708,78,2.82747200115404
708,79,2.80929657967601
708,22,2.7285961249726753
738,352,1.0
738,287,1.0
738,399,1.0
738,79,1.0
738,476,1.0
738,17,1.0
738,415,1.0
738,255,0.9922778767136677
738,94,0.9843091327750997
738,310,0.9819805060619657
725,77,1.0
725,19,1.0
725,125,1.0
725,824,1.0
725,416,1.0
725,415,1.0
725,400,1.0
725,94,0.9580628731672621
725,189,0.9523690360126006
725,399,0.9260053193602348
706,190,4.0
706,125,4.0
706,19,4.0
706,416,3.948683298050514
706,89,3.8060759973210008
706,134,3.8016918997264706
706,352,3.790207314468712
706,78,3.755932890439194
706,59,3.7453220126356346
706,94,3.7032188143839067
681,125,1.0
681,416,1.0
681,284,1.0
681,19,1.0
681,190,1.0
681,17,1.0
681,476,1.0
681,77,1.0
681,189,0.9335359455865251
681,94,0.9179615720168667
723,119,0.0
723,20,0.0
723,399,0.0
723,476,0.0
723,264,0.0
723,200,0.0
723,189,0.0
723,362,0.0
723,17,0.0
723,16,0.0
742,125,4.0
742,19,4.0
742,416,3.98058067569092
742,190,3.7888543819998315
742,189,3.7547988497986196
742,134,3.7214011643928293
742,352,3.68865265912844
742,89,3.6618727023026403
742,22,3.650290326019962
742,78,3.62061550128451
720,125,2.0
720,416,2.0
720,19,2.0
720,89,1.9096900098724587
720,190,1.8944271909999157
720,94,1.892143770363604
720,59,1.8894991799933214
720,352,1.8656374237333861
720,22,1.8652500298833732
720,78,1.8652051331167607
753,119,0.0
753,20,0.0
753,399,0.0
753,476,0.0
753,264,0.0
753,200,0.0
753,189,0.0
753,362,0.0
753,17,0.0
753,16,0.0
715,416,5.0
715,59,4.948683298050514
715,134,4.855075671346132
715,78,4.830435144888769
715,89,4.824067630541232
715,16,4.663495444516012
715,94,4.655599662544998
715,189,4.6166463029725255
715,287,4.582771839643149
715,310,4.569762103083017
743,416,5.0
743,125,5.0
743,17,5.0
743,415,5.0
743,476,5.0
743,284,5.0
743,19,5.0
743,190,4.98058067569092
743,134,4.93503511728616
743,89,4.897366596101028
731,416,1.0
731,125,1.0
731,134,1.0
731,190,1.0
731,59,1.0
731,19,1.0
731,89,0.9838699100999074
731,78,0.9827076298239908
731,200,0.967741935483871
731,352,0.9583727150068314
714,17,3.0
714,476,3.0
714,284,3.0
714,416,2.8944271909999157
714,352,2.877490043976514
714,78,2.7704805964977313
714,134,2.7657560384985294
714,310,2.7446089646197067
714,189,2.742949519786232
714,79,2.713309394176684
721,352,3.845595310745609
721,59,3.8381824780438354
721,94,3.786599812814724
721,287,3.742585086540862
721,189,3.707046606102602
721,16,3.7011607550974195
721,22,3.700480728838289
721,255,3.667010590658887
721,399,3.6256231723867813
721,264,3.602008860118569
694,119,0.0
694,20,0.0
694,399,0.0
694,476,0.0
694,264,0.0
694,200,0.0
694,189,0.0
694,362,0.0
694,17,0.0
694,16,0.0
696,415,3.0
696,77,3.0
696,416,2.948683298050514
696,89,2.888070548421928
696,352,2.8285637807778024
696,94,2.820003228934321
696,59,2.808907821437986
696,189,2.7791687528900573
696,362,2.774196078939106
696,399,2.7602585526949275
695,77,1.0
695,125,1.0
695,415,1.0
695,19,1.0
695,476,1.0
695,416,1.0
695,17,1.0
695,284,1.0
695,400,1.0
695,190,0.9805806756909201
749,19,1.0
749,125,1.0
749,89,1.0
749,824,1.0
749,416,1.0
749,476,1.0
749,284,1.0
749,17,1.0
749,134,1.0
749,400,1.0
722,119,0.0
722,20,0.0
722,399,0.0
722,476,0.0
722,264,0.0
722,200,0.0
722,189,0.0
722,362,0.0
722,17,0.0
722,16,0.0
767,255,1.0
767,78,1.0
767,200,1.0
767,79,1.0
767,476,1.0
767,17,1.0
767,352,1.0
767,287,0.9707253433941511
767,22,0.9486832980505138
767,16,0.9486832980505138
690,125,1.0
690,416,1.0
690,284,1.0
690,19,1.0
690,190,1.0
690,17,1.0
690,476,1.0
690,77,1.0
690,189,0.9335359455865251
690,94,0.9179615720168667
685,19,1.0
685,125,1.0
685,89,1.0
685,134,1.0
685,190,1.0
685,284,1.0
685,415,1.0
685,77,1.0
685,59,0.9707253433941511
685,416,0.9486832980505138
693,19,1.0
693,125,1.0
693,416,1.0
693,59,1.0
693,190,1.0
693,415,1.0
693,284,1.0
693,17,1.0
693,476,1.0
693,77,1.0
677,125,1.0
677,416,1.0
677,284,1.0
677,19,1.0
677,190,1.0
677,17,1.0
677,476,1.0
677,77,1.0
677,189,0.9335359455865251
677,94,0.9179615720168667
755,119,0.0
755,20,0.0
755,399,0.0
755,476,0.0
755,264,0.0
755,200,0.0
755,189,0.0
755,362,0.0
755,17,0.0
755,16,0.0
717,416,1.0
717,125,1.0
717,134,1.0
717,190,1.0
717,59,1.0
717,19,1.0
717,89,0.9838699100999074
717,78,0.9827076298239908
717,200,0.967741935483871
717,352,0.9583727150068314
733,19,1.0
733,125,1.0
733,416,1.0
733,59,1.0
733,190,1.0
733,415,1.0
733,284,1.0
733,17,1.0
733,476,1.0
733,77,1.0
744,190,3.0
744,19,3.0
744,416,3.0
744,17,3.0
744,476,3.0
744,125,3.0
744,77,3.0
744,352,2.835405885645099
744,79,2.7971606784565153
744,134,2.7836724057884363
719,416,2.0
719,125,2.0
719,190,2.0
719,19,2.0
719,134,1.8944271909999157
719,78,1.8864037439390549
719,200,1.8819651757123965
719,352,1.8651374155891944
719,94,1.8520424692132083
719,189,1.840604836356537
726,77,1.0
726,19,1.0
726,125,1.0
726,824,1.0
726,416,1.0
726,415,1.0
726,400,1.0
726,94,0.9580628731672621
726,189,0.9523690360126006
726,399,0.9260053193602348
750,255,1.0
750,78,1.0
750,200,1.0
750,79,1.0
750,476,1.0
750,17,1.0
750,352,1.0
750,287,0.9707253433941511
750,22,0.9486832980505138
750,16,0.9486832980505138
684,19,1.0
684,125,1.0
684,89,1.0
684,134,1.0
684,190,1.0
684,284,1.0
684,415,1.0
684,77,1.0
684,59,0.9707253433941511
684,416,0.9486832980505138
756,125,1.0
756,416,1.0
756,284,1.0
756,19,1.0
756,190,1.0
756,17,1.0
756,476,1.0
756,77,1.0
756,189,0.9335359455865251
756,94,0.9179615720168667
683,125,1.0
683,416,1.0
683,284,1.0
683,19,1.0
683,190,1.0
683,17,1.0
683,476,1.0
683,77,1.0
683,189,0.9335359455865251
683,94,0.9179615720168667
741,125,1.0
741,824,1.0
741,89,1.0
741,190,1.0
741,415,1.0
741,284,1.0
741,17,1.0
741,476,1.0
741,19,1.0
741,134,0.9805806756909202
734,119,0.0
734,20,0.0
734,399,0.0
734,476,0.0
734,264,0.0
734,200,0.0
734,189,0.0
734,362,0.0
734,17,0.0
734,16,0.0
710,416,1.0
710,125,1.0
710,134,1.0
710,190,1.0
710,59,1.0
710,19,1.0
710,89,0.9838699100999074
710,78,0.9827076298239908
710,200,0.967741935483871
710,352,0.9583727150068314
703,125,1.0
703,824,1.0
703,89,1.0
703,190,1.0
703,415,1.0
703,284,1.0
703,17,1.0
703,476,1.0
703,19,1.0
703,134,0.9805806756909202
709,416,1.0
709,125,1.0
709,134,1.0
709,190,1.0
709,59,1.0
709,19,1.0
709,89,0.9838699100999074
709,78,0.9827076298239908
709,200,0.967741935483871
709,352,0.9583727150068314
712,77,1.0
712,125,1.0
712,415,1.0
712,19,1.0
712,476,1.0
712,416,1.0
712,17,1.0
712,284,1.0
712,400,1.0
712,190,0.9805806756909201
766,416,1.0
766,125,1.0
766,134,1.0
766,190,1.0
766,59,1.0
766,19,1.0
766,89,0.9838699100999074
766,78,0.9827076298239908
766,200,0.967741935483871
766,352,0.9583727150068314
724,416,1.0
724,125,1.0
724,134,1.0
724,190,1.0
724,59,1.0
724,19,1.0
724,89,0.9838699100999074
724,78,0.9827076298239908
724,200,0.967741935483871
724,352,0.9583727150068314
732,125,1.0
732,415,1.0
732,89,1.0
732,190,1.0
732,284,1.0
732,17,1.0
732,476,1.0
732,19,1.0
732,352,0.9707253433941511
732,78,0.9622504486493763
704,77,1.0
704,19,1.0
704,125,1.0
704,824,1.0
704,416,1.0
704,415,1.0
704,400,1.0
704,94,0.9580628731672621
704,189,0.9523690360126006
704,399,0.9260053193602348
764,77,1.0
764,125,1.0
764,415,1.0
764,19,1.0
764,476,1.0
764,416,1.0
764,17,1.0
764,284,1.0
764,400,1.0
764,190,0.9805806756909201
763,125,2.0
763,415,2.0
763,284,2.0
763,19,2.0
763,190,2.0
763,77,2.0
763,89,1.9805806756909203
763,59,1.9707253433941512
763,416,1.9486832980505138
763,352,1.9250698988795176
762,59,1.0
762,416,1.0
762,415,1.0
762,134,0.9922778767136677
762,89,0.9486832980505138
762,16,0.9415130835240083
762,189,0.9393939393939394
762,78,0.9164397149578765
762,200,0.9128709291752768
762,310,0.9108400680852976
199,19,5.0
199,125,5.0
199,416,5.0
199,190,5.0
199,17,5.0
199,415,5.0
199,476,5.0
199,284,5.0
199,77,5.0
199,89,4.983869910099908
206,77,1.0
206,19,1.0
206,125,1.0
206,824,1.0
206,416,1.0
206,415,1.0
206,400,1.0
206,94,0.9580628731672621
206,189,0.9523690360126006
206,399,0.9260053193602348
103,125,2.0
103,476,2.0
103,17,2.0
103,416,2.0
103,19,2.0
103,134,1.9819805060619657
103,190,1.8944271909999157
103,362,1.8717542890676893
103,352,1.8431104890504297
103,79,1.8382944915516832
286,125,3.0
286,190,3.0
286,416,3.0
286,19,3.0
286,352,2.8450953026014174
286,78,2.8425866314065695
286,89,2.8060759973210008
286,134,2.8016918997264706
286,59,2.7745966692414834
286,94,2.7621893788892287
145,19,1.0
145,125,1.0
145,89,1.0
145,824,1.0
145,416,1.0
145,476,1.0
145,284,1.0
145,17,1.0
145,134,1.0
145,400,1.0
345,19,1.0
345,125,1.0
345,89,1.0
345,134,1.0
345,190,1.0
345,284,1.0
345,415,1.0
345,77,1.0
345,59,0.9707253433941511
345,416,0.9486832980505138
282,59,1.0
282,416,1.0
282,415,1.0
282,134,0.9922778767136677
282,89,0.9486832980505138
282,16,0.9415130835240083
282,189,0.9393939393939394
282,78,0.9164397149578765
282,200,0.9128709291752768
282,310,0.9108400680852976
143,119,0.0
143,20,0.0
143,399,0.0
143,476,0.0
143,264,0.0
143,200,0.0
143,189,0.0
143,362,0.0
143,17,0.0
143,16,0.0
160,119,0.0
160,20,0.0
160,399,0.0
160,476,0.0
160,264,0.0
160,200,0.0
160,189,0.0
160,362,0.0
160,17,0.0
160,16,0.0
381,77,1.0
381,125,1.0
381,415,1.0
381,19,1.0
381,476,1.0
381,416,1.0
381,17,1.0
381,284,1.0
381,400,1.0
381,190,0.9805806756909201
335,125,5.0
335,19,5.0
335,415,5.0
335,190,5.0
335,284,5.0
335,59,5.0
335,416,5.0
335,77,5.0
335,134,4.976587009488767
335,89,4.861817181891856
398,19,1.0
398,125,1.0
398,89,1.0
398,824,1.0
398,416,1.0
398,476,1.0
398,284,1.0
398,17,1.0
398,134,1.0
398,400,1.0
375,125,2.0
375,284,2.0
375,190,2.0
375,19,2.0
375,77,2.0
375,416,1.9486832980505138
375,134,1.8944271909999157
375,94,1.858991007511545
375,352,1.8518767124496578
375,89,1.8416254115301731
91,416,3.0
91,125,3.0
91,19,3.0
91,190,2.98058067569092
91,78,2.853158823892289
91,134,2.8499602769058248
91,89,2.7741786196805944
91,352,2.772788112296933
91,94,2.7545414996973756
91,310,2.72055510163895
172,416,1.0
172,284,1.0
172,352,1.0
172,476,1.0
172,17,1.0
172,415,1.0
172,134,0.9801960588196068
172,59,0.9486832980505138
172,79,0.9428090415820635
172,255,0.9415130835240083
144,119,0.0
144,20,0.0
144,399,0.0
144,476,0.0
144,264,0.0
144,200,0.0
144,189,0.0
144,362,0.0
144,17,0.0
144,16,0.0
405,125,1.0
405,416,1.0
405,284,1.0
405,19,1.0
405,190,1.0
405,17,1.0
405,476,1.0
405,77,1.0
405,189,0.9335359455865251
405,94,0.9179615720168667
133,125,1.0
133,416,1.0
133,284,1.0
133,19,1.0
133,190,1.0
133,17,1.0
133,476,1.0
133,77,1.0
133,189,0.9335359455865251
133,94,0.9179615720168667
329,22,1.944230954711342
329,189,1.9314524564569022
329,362,1.9143271813113512
329,79,1.8787080486018641
329,287,1.8522727272727273
329,119,1.851825419132786
329,352,1.8431104890504297
329,94,1.832811048130293
329,20,1.814005903972419
329,255,1.81099979655309
185,416,2.0
185,19,2.0
185,476,2.0
185,17,2.0
185,284,2.0
185,125,2.0
185,77,2.0
185,190,1.9805806756909201
185,78,1.8704511940682984
185,134,1.849960276905825
283,399,3.8463696825525777
283,189,3.8223152559955063
283,352,3.8123311257806285
283,287,3.7621290066946336
283,79,3.7432824570001406
283,362,3.7295867418258983
283,200,3.7235638601891603
283,255,3.591264765953125
283,20,3.5903131491787503
283,264,3.4919409338985554
355,189,4.790062742230797
355,287,4.66768707985898
355,94,4.6609125715843005
355,200,4.653481450098709
355,79,4.620445275446168
355,362,4.576185181169467
355,22,4.566008867365649
355,399,4.5560827734721
355,20,4.442658297900106
355,416,4.0
157,119,0.0
157,20,0.0
157,399,0.0
157,476,0.0
157,264,0.0
157,200,0.0
157,189,0.0
157,362,0.0
157,17,0.0
157,16,0.0
347,415,2.0
347,125,2.0
347,284,2.0
347,190,2.0
347,17,2.0
347,476,2.0
347,19,2.0
347,416,1.9805806756909201
347,352,1.9601539458318298
347,59,1.9192388155425117
115,59,1.0
115,416,1.0
115,415,1.0
115,134,0.9922778767136677
115,89,0.9486832980505138
115,16,0.9415130835240083
115,189,0.9393939393939394
115,78,0.9164397149578765
115,200,0.9128709291752768
115,310,0.9108400680852976
385,19,1.0
385,125,1.0
385,89,1.0
385,824,1.0
385,416,1.0
385,476,1.0
385,284,1.0
385,17,1.0
385,134,1.0
385,400,1.0
291,77,2.0
291,19,2.0
291,416,2.0
291,415,2.0
291,125,2.0
291,400,2.0
291,190,1.875007866690836
291,89,1.8745033978230652
291,94,1.8605619036514294
291,78,1.8492525832460043
89,125,2.0
89,416,2.0
89,19,2.0
89,89,1.9096900098724587
89,190,1.8944271909999157
89,94,1.892143770363604
89,59,1.8894991799933214
89,352,1.8656374237333861
89,22,1.8652500298833732
89,78,1.8652051331167607
288,415,3.0
288,416,2.948683298050514
288,134,2.947810962619577
288,89,2.8973665961010275
288,78,2.7965410539437348
288,94,2.7537933425594945
288,352,2.749632712742752
288,59,2.723343152400533
288,79,2.7213341840800367
288,310,2.7104449260821872
148,125,2.0
148,476,2.0
148,17,2.0
148,416,2.0
148,284,2.0
148,19,2.0
148,89,1.9805806756909203
148,22,1.9489680628924222
148,134,1.9072647087265548
148,59,1.8981462390204986
182,125,4.0
182,19,4.0
182,134,3.955533085905909
182,416,3.948683298050514
182,89,3.897366596101028
182,190,3.8750078666908356
182,78,3.7668437498097287
182,94,3.76210838192883
182,22,3.7250237792474103
182,79,3.6648273852941404
237,19,1.0
237,125,1.0
237,416,1.0
237,59,1.0
237,190,1.0
237,415,1.0
237,284,1.0
237,17,1.0
237,476,1.0
237,77,1.0
153,77,1.0
153,125,1.0
153,415,1.0
153,19,1.0
153,476,1.0
153,416,1.0
153,17,1.0
153,284,1.0
153,400,1.0
153,190,0.9805806756909201
359,19,1.0
359,125,1.0
359,89,1.0
359,824,1.0
359,416,1.0
359,476,1.0
359,284,1.0
359,17,1.0
359,134,1.0
359,400,1.0
255,125,1.0
255,416,1.0
255,284,1.0
255,19,1.0
255,190,1.0
255,17,1.0
255,476,1.0
255,77,1.0
255,189,0.9335359455865251
255,94,0.9179615720168667
147,119,0.0
147,20,0.0
147,399,0.0
147,476,0.0
147,264,0.0
147,200,0.0
147,189,0.0
147,362,0.0
147,17,0.0
147,16,0.0
198,416,4.948683298050514
198,134,4.77839398534333
198,352,4.654454608301504
198,94,4.599812925178753
198,22,4.575811741098058
198,78,4.571894780773824
198,79,4.531786319991201
198,189,4.525222600100102
198,362,4.4620661029534805
198,59,4.4596718694648665
131,416,1.0
131,125,1.0
131,134,1.0
131,190,1.0
131,59,1.0
131,19,1.0
131,89,0.9838699100999074
131,78,0.9827076298239908
131,200,0.967741935483871
131,352,0.9583727150068314
280,19,1.0
280,125,1.0
280,89,1.0
280,824,1.0
280,416,1.0
280,476,1.0
280,284,1.0
280,17,1.0
280,134,1.0
280,400,1.0
219,119,0.0
219,20,0.0
219,399,0.0
219,476,0.0
219,264,0.0
219,200,0.0
219,189,0.0
219,362,0.0
219,17,0.0
219,16,0.0
92,125,5.0
92,284,5.0
92,19,5.0
92,416,4.948683298050514
92,190,4.875007866690836
92,89,4.770889385271607
92,134,4.75722498563238
92,78,4.644742245330342
92,352,4.6339124871695345
92,94,4.61002080480211
391,77,1.0
391,19,1.0
391,125,1.0
391,824,1.0
391,416,1.0
391,415,1.0
391,400,1.0
391,94,0.9580628731672621
391,189,0.9523690360126006
391,399,0.9260053193602348
366,125,4.0
366,19,4.0
366,416,3.948683298050514
366,134,3.8944271909999157
366,190,3.8944271909999157
366,89,3.8254953216300804
366,94,3.731455761838264
366,352,3.704676618456405
366,78,3.7045119077335835
366,189,3.6663522014505823
119,125,2.0
119,415,2.0
119,284,2.0
119,19,2.0
119,190,2.0
119,77,2.0
119,89,1.9805806756909203
119,59,1.9707253433941512
119,416,1.9486832980505138
119,352,1.9250698988795176
93,19,1.0
93,125,1.0
93,89,1.0
93,824,1.0
93,416,1.0
93,476,1.0
93,284,1.0
93,17,1.0
93,134,1.0
93,400,1.0
247,77,1.0
247,125,1.0
247,415,1.0
247,19,1.0
247,476,1.0
247,416,1.0
247,17,1.0
247,284,1.0
247,400,1.0
247,190,0.9805806756909201
221,119,0.0
221,20,0.0
221,399,0.0
221,476,0.0
221,264,0.0
221,200,0.0
221,189,0.0
221,362,0.0
221,17,0.0
221,16,0.0
408,77,1.0
408,19,1.0
408,125,1.0
408,824,1.0
408,416,1.0
408,415,1.0
408,400,1.0
408,94,0.9580628731672621
408,189,0.9523690360126006
408,399,0.9260053193602348
350,77,1.0
350,125,1.0
350,415,1.0
350,19,1.0
350,476,1.0
350,416,1.0
350,17,1.0
350,284,1.0
350,400,1.0
350,190,0.9805806756909201
406,416,1.0
406,125,1.0
406,134,1.0
406,190,1.0
406,59,1.0
406,19,1.0
406,89,0.9838699100999074
406,78,0.9827076298239908
406,200,0.967741935483871
406,352,0.9583727150068314
121,416,3.0
121,125,3.0
121,19,3.0
121,134,2.955533085905909
121,89,2.932553208150421
121,190,2.875007866690836
121,78,2.85422461453913
121,22,2.7818640820529574
121,94,2.774963784810886
121,352,2.7604506027144855
212,416,3.0
212,134,2.9742583827756333
212,59,2.8528028654224418
212,16,2.8522781946023827
212,79,2.811546720351242
212,189,2.803689588394041
212,78,2.7903219654987454
212,362,2.7614857844838228
212,200,2.758929197280748
212,94,2.7576834942239974
80,77,1.0
80,125,1.0
80,415,1.0
80,19,1.0
80,476,1.0
80,416,1.0
80,17,1.0
80,284,1.0
80,400,1.0
80,190,0.9805806756909201
140,125,1.0
140,416,1.0
140,284,1.0
140,19,1.0
140,190,1.0
140,17,1.0
140,476,1.0
140,77,1.0
140,189,0.9335359455865251
140,94,0.9179615720168667
230,19,1.0
230,125,1.0
230,89,1.0
230,134,1.0
230,190,1.0
230,284,1.0
230,415,1.0
230,77,1.0
230,59,0.9707253433941511
230,416,0.9486832980505138
110,119,0.0
110,20,0.0
110,399,0.0
110,476,0.0
110,264,0.0
110,200,0.0
110,189,0.0
110,362,0.0
110,17,0.0
110,16,0.0
114,77,1.0
114,125,1.0
114,415,1.0
114,19,1.0
114,476,1.0
114,416,1.0
114,17,1.0
114,284,1.0
114,400,1.0
114,190,0.9805806756909201
111,416,2.0
111,134,1.9922778767136677
111,89,1.9486832980505138
111,59,1.8981462390204986
111,189,1.8708463958508417
111,22,1.8621529649086699
111,94,1.848648733711026
111,78,1.8212016197197811
111,310,1.8201931771265967
111,16,1.8132501759507647
86,476,4.0
86,17,4.0
86,415,4.0
86,416,3.98058067569092
86,134,3.902018783562581
86,352,3.8365300535778584
86,79,3.719091894438207
86,78,3.6928508372802
86,255,3.5852307738505775
86,399,3.5847966645203377
203,125,5.0
203,416,5.0
203,19,5.0
203,190,4.769435057690751
203,89,4.696709485044159
203,94,4.627054242474694
203,78,4.613893489590488
203,134,4.599889826250194
203,352,4.596065184028794
203,189,4.557300285015624
152,416,3.98058067569092
152,352,3.894713721022614
152,59,3.8679221135930257
152,89,3.8211282254401198
152,78,3.8113595379883405
152,134,3.7598169836261137
152,287,3.6820783080207127
152,189,3.6440431143819865
152,119,3.628875187582164
152,399,3.61998221621889
211,416,1.0
211,125,1.0
211,134,1.0
211,190,1.0
211,59,1.0
211,19,1.0
211,89,0.9838699100999074
211,78,0.9827076298239908
211,200,0.967741935483871
211,352,0.9583727150068314
253,19,1.0
253,125,1.0
253,89,1.0
253,824,1.0
253,416,1.0
253,476,1.0
253,284,1.0
253,17,1.0
253,134,1.0
253,400,1.0
141,119,0.0
141,20,0.0
141,399,0.0
141,476,0.0
141,264,0.0
141,200,0.0
141,189,0.0
141,362,0.0
141,17,0.0
141,16,0.0
300,416,1.0
300,125,1.0
300,134,1.0
300,190,1.0
300,59,1.0
300,19,1.0
300,89,0.9838699100999074
300,78,0.9827076298239908
300,200,0.967741935483871
300,352,0.9583727150068314
409,416,2.0
409,59,1.9486832980505138
409,89,1.9461203587492837
409,200,1.9347294923143274
409,352,1.9345597751907841
409,78,1.9255166714060543
409,399,1.8768186445639223
409,134,1.8682431421244594
409,94,1.8549918174687225
409,16,1.8473430753153544
407,119,0.0
407,20,0.0
407,399,0.0
407,476,0.0
407,264,0.0
407,200,0.0
407,189,0.0
407,362,0.0
407,17,0.0
407,16,0.0
372,119,0.0
372,20,0.0
372,399,0.0
372,476,0.0
372,264,0.0
372,200,0.0
372,189,0.0
372,362,0.0
372,17,0.0
372,16,0.0
174,416,2.0
174,59,1.9486832980505138
174,89,1.9461203587492837
174,200,1.9347294923143274
174,352,1.9345597751907841
174,78,1.9255166714060543
174,399,1.8768186445639223
174,134,1.8682431421244594
174,94,1.8549918174687225
174,16,1.8473430753153544
336,119,0.0
336,20,0.0
336,399,0.0
336,476,0.0
336,264,0.0
336,200,0.0
336,189,0.0
336,362,0.0
336,17,0.0
336,16,0.0
387,125,3.0
387,19,3.0
387,416,3.0
387,77,3.0
387,190,2.875007866690836
387,94,2.778523475668296
387,189,2.7588198249296534
387,78,2.7529486973610684
387,352,2.721680106016656
387,89,2.7161288093532385
175,19,1.0
175,415,1.0
175,190,1.0
175,125,1.0
175,416,1.0
175,476,1.0
175,17,1.0
175,77,1.0
175,134,0.9819805060619657
175,362,0.9574271077563381
88,119,0.0
88,20,0.0
88,399,0.0
88,476,0.0
88,264,0.0
88,200,0.0
88,189,0.0
88,362,0.0
88,17,0.0
88,16,0.0
107,255,1.0
107,78,1.0
107,200,1.0
107,79,1.0
107,476,1.0
107,17,1.0
107,352,1.0
107,287,0.9707253433941511
107,22,0.9486832980505138
107,16,0.9486832980505138
281,416,1.0
281,125,1.0
281,134,1.0
281,190,1.0
281,59,1.0
281,19,1.0
281,89,0.9838699100999074
281,78,0.9827076298239908
281,200,0.967741935483871
281,352,0.9583727150068314
97,19,5.0
97,125,5.0
97,190,5.0
97,415,5.0
97,17,5.0
97,416,5.0
97,476,5.0
97,284,5.0
97,77,5.0
97,89,4.98058067569092
179,416,3.0
179,415,3.0
179,89,2.877947271791948
179,134,2.855075671346132
179,78,2.839377682378626
179,352,2.78447858788768
179,79,2.7762051903886307
179,59,2.7526178090063818
179,94,2.7229108167408365
179,22,2.7042345500860887
404,125,2.0
404,476,2.0
404,17,2.0
404,284,2.0
404,416,2.0
404,19,2.0
404,134,1.8944271909999157
404,190,1.8944271909999157
404,189,1.8649884020434273
404,94,1.8563454291472437
267,125,1.0
267,416,1.0
267,284,1.0
267,19,1.0
267,190,1.0
267,17,1.0
267,476,1.0
267,77,1.0
267,189,0.9335359455865251
267,94,0.9179615720168667
270,416,1.0
270,125,1.0
270,134,1.0
270,190,1.0
270,59,1.0
270,19,1.0
270,89,0.9838699100999074
270,78,0.9827076298239908
270,200,0.967741935483871
270,352,0.9583727150068314
229,125,1.0
229,416,1.0
229,284,1.0
229,19,1.0
229,190,1.0
229,17,1.0
229,476,1.0
229,77,1.0
229,189,0.9335359455865251
229,94,0.9179615720168667
252,19,2.0
252,125,2.0
252,284,2.0
252,17,2.0
252,476,2.0
252,416,2.0
252,400,2.0
252,134,1.955533085905909
252,89,1.9486832980505138
252,190,1.875007866690836
163,190,2.0
163,125,2.0
163,59,2.0
163,416,2.0
163,19,2.0
163,89,1.9644505857908277
163,78,1.9388905172915059
163,352,1.9383306020190543
163,22,1.9097965984125198
163,134,1.9072647087265548
321,77,1.0
321,125,1.0
321,415,1.0
321,19,1.0
321,476,1.0
321,416,1.0
321,17,1.0
321,284,1.0
321,400,1.0
321,190,0.9805806756909201
210,19,1.0
210,415,1.0
210,190,1.0
210,125,1.0
210,416,1.0
210,476,1.0
210,17,1.0
210,77,1.0
210,134,0.9819805060619657
210,362,0.9574271077563381
176,119,0.0
176,20,0.0
176,399,0.0
176,476,0.0
176,264,0.0
176,200,0.0
176,189,0.0
176,362,0.0
176,17,0.0
176,16,0.0
194,125,1.0
194,416,1.0
194,284,1.0
194,19,1.0
194,190,1.0
194,17,1.0
194,476,1.0
194,77,1.0
194,189,0.9335359455865251
194,94,0.9179615720168667
171,125,1.0
171,416,1.0
171,284,1.0
171,19,1.0
171,190,1.0
171,17,1.0
171,476,1.0
171,77,1.0
171,189,0.9335359455865251
171,94,0.9179615720168667
166,19,1.0
166,125,1.0
166,89,1.0
166,824,1.0
166,416,1.0
166,476,1.0
166,284,1.0
166,17,1.0
166,134,1.0
166,400,1.0
277,134,2.9922778767136675
277,59,2.970725343394151
277,416,2.948683298050514
277,89,2.8973665961010275
277,94,2.831490370894934
277,78,2.811766480052466
277,200,2.811225080945693
277,189,2.798452669268814
277,79,2.7809612964767925
277,22,2.7661411976232206
218,416,1.0
218,125,1.0
218,134,1.0
218,190,1.0
218,59,1.0
218,19,1.0
218,89,0.9838699100999074
218,78,0.9827076298239908
218,200,0.967741935483871
218,352,0.9583727150068314
402,352,2.887013900069568
402,22,2.872047047061896
402,287,2.8312671939334706
402,362,2.77786296324554
402,189,2.7740968943990807
402,255,2.7712718795204747
402,94,2.7386549978722776
402,399,2.699617853026547
402,119,2.6741914258861432
402,20,2.6670192079045636
360,416,3.0
360,125,3.0
360,19,3.0
360,89,2.874503397823065
360,94,2.7989457607818067
360,134,2.7981979265237227
360,190,2.769435057690752
360,22,2.761496028772204
360,189,2.7567363358000305
360,78,2.754014488007909
365,416,4.0
365,415,4.0
365,134,3.8617191503217954
365,352,3.825511189230456
365,59,3.8014861634729558
365,79,3.7637249824103454
365,78,3.669058380637586
365,189,3.580145126448307
365,22,3.5797727206212766
365,362,3.5633264138483876
362,125,2.0
362,190,2.0
362,415,2.0
362,476,2.0
362,17,2.0
362,19,2.0
362,416,1.9805806756909201
362,134,1.9662896388370654
362,352,1.9288793568701208
362,79,1.877537250246068
363,416,2.0
363,415,2.0
363,134,1.9742583827756335
363,79,1.8531740053444106
363,59,1.8528028654224418
363,16,1.8522781946023827
363,352,1.8455533022182329
363,189,1.8389257671563088
363,78,1.80834145943678
363,287,1.79553381044248
196,77,1.0
196,19,1.0
196,125,1.0
196,824,1.0
196,416,1.0
196,415,1.0
196,400,1.0
196,94,0.9580628731672621
196,189,0.9523690360126006
196,399,0.9260053193602348
388,77,1.0
388,19,1.0
388,125,1.0
388,824,1.0
388,416,1.0
388,415,1.0
388,400,1.0
388,94,0.9580628731672621
388,189,0.9523690360126006
388,399,0.9260053193602348
390,125,5.0
390,416,5.0
390,19,5.0
390,190,4.875007866690836
390,78,4.691839214652574
390,89,4.680579395144067
390,352,4.660010708035711
390,94,4.6227512825406585
390,134,4.599889826250194
390,287,4.544489782490342
223,77,1.0
223,19,1.0
223,125,1.0
223,824,1.0
223,416,1.0
223,415,1.0
223,400,1.0
223,94,0.9580628731672621
223,189,0.9523690360126006
223,399,0.9260053193602348
301,59,1.0
301,416,1.0
301,415,1.0
301,134,0.9922778767136677
301,89,0.9486832980505138
301,16,0.9415130835240083
301,189,0.9393939393939394
301,78,0.9164397149578765
301,200,0.9128709291752768
301,310,0.9108400680852976
73,19,1.0
73,125,1.0
73,89,1.0
73,824,1.0
73,416,1.0
73,476,1.0
73,284,1.0
73,17,1.0
73,134,1.0
73,400,1.0
315,352,4.71514239200016
315,79,4.7023691732623485
315,59,4.6054206744288235
315,94,4.519793354679349
315,287,4.514534810048304
315,189,4.496388010009988
315,362,4.49321710524671
315,22,4.475122262878977
315,264,4.429332738801392
315,16,4.410182119819849
306,284,3.0
306,352,2.907288576748867
306,59,2.889964158936663
306,79,2.8296594561956097
306,200,2.784726061901729
306,22,2.773501640447008
306,362,2.7676411115361685
306,20,2.7565125862524082
306,119,2.7518782690674235
306,189,2.749255716273817
312,59,4.788110397957162
312,352,4.698585771916502
312,22,4.635654605355677
312,79,4.634215246992251
312,189,4.620102112124658
312,119,4.530027720902917
312,362,4.515301626180853
312,200,4.502376705601596
312,310,4.478240335621901
312,264,4.462979038302495
309,284,3.0
309,125,3.0
309,19,3.0
309,416,2.948683298050514
309,190,2.8944271909999157
309,134,2.8944271909999157
309,89,2.841625411530173
309,94,2.797374864641922
309,189,2.75928331068057
309,352,2.7463039034495735
279,125,5.0
279,416,5.0
279,19,5.0
279,190,4.98058067569092
279,59,4.970725343394151
279,134,4.9478109626195765
279,89,4.861817181891856
279,78,4.804065818264583
279,22,4.675937796035741
279,94,4.675718177767296
358,200,1.9483226111747913
358,287,1.912870929175277
358,189,1.907068890770012
358,352,1.9070560130573453
358,22,1.9050594902314397
358,399,1.8948381385019566
358,362,1.8845379626717031
358,255,1.8584009503451977
358,20,1.8474289006605895
358,94,1.8285080881962577
233,125,1.0
233,416,1.0
233,284,1.0
233,19,1.0
233,190,1.0
233,17,1.0
233,476,1.0
233,77,1.0
233,189,0.9335359455865251
233,94,0.9179615720168667
348,125,1.0
348,416,1.0
348,284,1.0
348,19,1.0
348,190,1.0
348,17,1.0
348,476,1.0
348,77,1.0
348,189,0.9335359455865251
348,94,0.9179615720168667
227,119,0.0
227,20,0.0
227,399,0.0
227,476,0.0
227,264,0.0
227,200,0.0
227,189,0.0
227,362,0.0
227,17,0.0
227,16,0.0
273,284,2.0
273,416,2.0
273,17,2.0
273,476,2.0
273,415,2.0
273,352,1.9799578870122228
273,59,1.9486832980505138
273,79,1.9105509770659346
273,134,1.8874607675461617
273,22,1.8715215905637472
162,59,1.0
162,416,1.0
162,415,1.0
162,134,0.9922778767136677
162,89,0.9486832980505138
162,16,0.9415130835240083
162,189,0.9393939393939394
162,78,0.9164397149578765
162,200,0.9128709291752768
162,310,0.9108400680852976
106,125,4.0
106,19,4.0
106,77,4.0
106,416,3.948683298050514
106,190,3.8944271909999157
106,134,3.719072537679695
106,352,3.7078247192267266
106,94,3.6842764395025487
106,189,3.6797317179986377
106,362,3.654553612198321
169,119,0.0
169,20,0.0
169,399,0.0
169,476,0.0
169,264,0.0
169,200,0.0
169,189,0.0
169,362,0.0
169,17,0.0
169,16,0.0
302,77,1.0
302,19,1.0
302,125,1.0
302,824,1.0
302,416,1.0
302,415,1.0
302,400,1.0
302,94,0.9580628731672621
302,189,0.9523690360126006
302,399,0.9260053193602348
310,416,1.0
310,125,1.0
310,134,1.0
310,190,1.0
310,59,1.0
310,19,1.0
310,89,0.9838699100999074
310,78,0.9827076298239908
310,200,0.967741935483871
310,352,0.9583727150068314
298,119,0.0
298,20,0.0
298,399,0.0
298,476,0.0
298,264,0.0
298,200,0.0
298,189,0.0
298,362,0.0
298,17,0.0
298,16,0.0
274,189,1.933535945586525
274,287,1.9146462201344732
274,200,1.8948039159194456
274,362,1.875509769918557
274,399,1.873333764609373
274,79,1.869832300022825
274,352,1.8554479986328767
274,119,1.8332161387397612
274,20,1.8303385692966043
274,94,1.8123887630167825
340,125,3.0
340,416,3.0
340,19,3.0
340,190,2.8944271909999157
340,94,2.8101053423804707
340,189,2.7929738723691377
340,352,2.7724021243157493
340,78,2.768901247231825
340,89,2.751315421402632
340,200,2.7478138937041603
246,125,5.0
246,416,5.0
246,19,5.0
246,284,5.0
246,77,5.0
246,190,4.875007866690836
246,134,4.8319407829677905
246,352,4.759613572871465
246,89,4.7525591582300635
246,362,4.711584082132746
342,77,1.0
342,125,1.0
342,415,1.0
342,19,1.0
342,476,1.0
342,416,1.0
342,17,1.0
342,284,1.0
342,400,1.0
342,190,0.9805806756909201
292,284,2.0
292,190,2.0
292,125,2.0
292,17,2.0
292,476,2.0
292,19,2.0
292,416,1.9805806756909201
292,352,1.88696075940197
292,134,1.8787363237750156
292,189,1.8709773573291169
135,416,2.0
135,19,2.0
135,476,2.0
135,17,2.0
135,284,2.0
135,125,2.0
135,77,2.0
135,190,1.9805806756909201
135,78,1.8704511940682984
135,134,1.849960276905825
214,19,2.0
214,125,2.0
214,284,2.0
214,17,2.0
214,476,2.0
214,416,2.0
214,400,2.0
214,134,1.955533085905909
214,89,1.9486832980505138
214,190,1.875007866690836
192,416,5.0
192,125,5.0
192,19,5.0
192,134,4.9922778767136675
192,59,4.970725343394151
192,190,4.894427190999916
192,89,4.881236506200935
192,22,4.753567328002609
192,200,4.7365022149503275
192,94,4.723350227755776
278,125,5.0
278,19,5.0
278,190,4.98058067569092
278,416,4.948683298050514
278,134,4.862797794632463
278,89,4.861817181891856
278,78,4.80097236233933
278,59,4.723343152400533
278,94,4.667952331670815
278,22,4.652839871597965
319,416,2.0
319,125,2.0
319,190,2.0
319,19,2.0
319,134,1.8944271909999157
319,78,1.8864037439390549
319,200,1.8819651757123965
319,352,1.8651374155891944
319,94,1.8520424692132083
319,189,1.840604836356537
186,89,3.0
186,284,3.0
186,125,3.0
186,19,3.0
186,190,2.8944271909999157
186,134,2.891132788679007
186,22,2.84434152907021
186,416,2.8431104890504297
186,352,2.8102645462613616
186,78,2.780358612443905
234,416,1.0
234,415,1.0
234,77,1.0
234,399,0.9819805060619657
234,352,0.9761870601839528
234,200,0.9669875568304563
234,89,0.9622504486493763
234,362,0.9525793444156804
234,59,0.9486832980505138
234,79,0.9428090415820635
330,416,1.0
330,415,1.0
330,77,1.0
330,399,0.9819805060619657
330,352,0.9761870601839528
330,200,0.9669875568304563
330,89,0.9622504486493763
330,362,0.9525793444156804
330,59,0.9486832980505138
330,79,0.9428090415820635
378,19,1.0
378,125,1.0
378,89,1.0
378,824,1.0
378,416,1.0
378,476,1.0
378,284,1.0
378,17,1.0
378,134,1.0
378,400,1.0
394,77,1.0
394,19,1.0
394,125,1.0
394,824,1.0
394,416,1.0
394,415,1.0
394,400,1.0
394,94,0.9580628731672621
394,189,0.9523690360126006
394,399,0.9260053193602348
295,190,1.0
295,134,1.0
295,416,1.0
295,19,1.0
295,125,1.0
295,59,1.0
295,16,1.0
295,77,1.0
295,78,0.9819805060619657
295,94,0.9801960588196069
241,19,1.0
241,125,1.0
241,89,1.0
241,824,1.0
241,416,1.0
241,476,1.0
241,284,1.0
241,17,1.0
241,134,1.0
241,400,1.0
132,119,0.0
132,20,0.0
132,399,0.0
132,476,0.0
132,264,0.0
132,200,0.0
132,189,0.0
132,362,0.0
132,17,0.0
132,16,0.0
222,416,1.0
222,284,1.0
222,352,1.0
222,476,1.0
222,17,1.0
222,415,1.0
222,134,0.9801960588196068
222,59,0.9486832980505138
222,79,0.9428090415820635
222,255,0.9415130835240083
224,416,1.0
224,284,1.0
224,352,1.0
224,476,1.0
224,17,1.0
224,415,1.0
224,134,0.9801960588196068
224,59,0.9486832980505138
224,79,0.9428090415820635
224,255,0.9415130835240083
303,125,1.0
303,416,1.0
303,284,1.0
303,19,1.0
303,190,1.0
303,17,1.0
303,476,1.0
303,77,1.0
303,189,0.9335359455865251
303,94,0.9179615720168667
217,77,1.0
217,19,1.0
217,125,1.0
217,824,1.0
217,416,1.0
217,415,1.0
217,400,1.0
217,94,0.9580628731672621
217,189,0.9523690360126006
217,399,0.9260053193602348
293,119,0.0
293,20,0.0
293,399,0.0
293,476,0.0
293,264,0.0
293,200,0.0
293,189,0.0
293,362,0.0
293,17,0.0
293,16,0.0
240,416,3.0
240,17,3.0
240,476,3.0
240,125,3.0
240,19,3.0
240,134,2.9375135919678748
240,190,2.875007866690836
240,78,2.7634187291940426
240,352,2.7507611857581677
240,79,2.7370400941617588
158,19,1.0
158,125,1.0
158,89,1.0
158,824,1.0
158,416,1.0
158,476,1.0
158,284,1.0
158,17,1.0
158,134,1.0
158,400,1.0
204,416,2.0
204,19,2.0
204,476,2.0
204,17,2.0
204,284,2.0
204,125,2.0
204,77,2.0
204,190,1.9805806756909201
204,78,1.8704511940682984
204,134,1.849960276905825
294,416,2.98058067569092
294,352,2.8631478195859223
294,189,2.803482165569431
294,399,2.793698127801716
294,200,2.7913577067350017
294,119,2.787899900435782
294,78,2.7761651348118983
294,287,2.7654573342217152
294,79,2.7628523287013227
294,134,2.746979465899475
367,189,4.704562101053753
367,352,4.684434964823576
367,200,4.634313122758364
367,362,4.626954258317292
367,94,4.605764437615882
367,287,4.589571555175041
367,119,4.564185054523134
367,255,4.454231275121197
367,20,4.451481312237513
367,416,4.0
77,125,3.0
77,190,3.0
77,416,3.0
77,19,3.0
77,134,2.8944271909999157
77,78,2.8683842500010206
77,200,2.8619230627246193
77,94,2.8322385280328155
77,189,2.8053686575942693
77,59,2.7745966692414834
337,125,5.0
337,416,5.0
337,190,5.0
337,284,5.0
337,415,5.0
337,19,5.0
337,59,4.919408641444665
337,134,4.844778300694429
337,89,4.840197720441324
337,79,4.795087674946483
138,125,1.0
138,415,1.0
138,89,1.0
138,190,1.0
138,284,1.0
138,17,1.0
138,476,1.0
138,19,1.0
138,352,0.9707253433941511
138,78,0.9622504486493763
226,77,1.0
226,19,1.0
226,125,1.0
226,824,1.0
226,416,1.0
226,415,1.0
226,400,1.0
226,94,0.9580628731672621
226,189,0.9523690360126006
226,399,0.9260053193602348
399,125,2.0
399,476,2.0
399,284,2.0
399,17,2.0
399,415,2.0
399,19,2.0
399,416,1.9805806756909201
399,190,1.9805806756909201
399,134,1.939842218681009
399,78,1.8964150590680056
243,19,1.0
243,125,1.0
243,416,1.0
243,59,1.0
243,190,1.0
243,415,1.0
243,284,1.0
243,17,1.0
243,476,1.0
243,77,1.0
124,77,1.0
124,125,1.0
124,415,1.0
124,19,1.0
124,476,1.0
124,416,1.0
124,17,1.0
124,284,1.0
124,400,1.0
124,190,0.9805806756909201
126,416,2.0
126,19,2.0
126,476,2.0
126,17,2.0
126,284,2.0
126,125,2.0
126,77,2.0
126,190,1.9805806756909201
126,78,1.8704511940682984
126,134,1.849960276905825
276,416,1.0
276,125,1.0
276,134,1.0
276,190,1.0
276,59,1.0
276,19,1.0
276,89,0.9838699100999074
276,78,0.9827076298239908
276,200,0.967741935483871
276,352,0.9583727150068314
112,125,1.0
112,415,1.0
112,89,1.0
112,190,1.0
112,284,1.0
112,17,1.0
112,476,1.0
112,19,1.0
112,352,0.9707253433941511
112,78,0.9622504486493763
311,119,0.0
311,20,0.0
311,399,0.0
311,476,0.0
311,264,0.0
311,200,0.0
311,189,0.0
311,362,0.0
311,17,0.0
311,16,0.0
244,125,3.0
244,17,3.0
244,416,3.0
244,476,3.0
244,284,3.0
244,19,3.0
244,190,2.875007866690836
244,134,2.8499602769058248
244,89,2.790308709580687
244,78,2.775213098830203
72,19,1.0
72,125,1.0
72,89,1.0
72,824,1.0
72,416,1.0
72,476,1.0
72,284,1.0
72,17,1.0
72,134,1.0
72,400,1.0
202,125,5.0
202,19,5.0
202,416,5.0
202,77,5.0
202,190,4.875007866690836
202,134,4.8319407829677905
202,89,4.716128809353239
202,94,4.657936768293352
202,352,4.615475415934465
202,189,4.6111841744555395
122,19,1.0
122,125,1.0
122,89,1.0
122,824,1.0
122,416,1.0
122,476,1.0
122,284,1.0
122,17,1.0
122,134,1.0
122,400,1.0
81,125,1.0
81,415,1.0
81,89,1.0
81,190,1.0
81,284,1.0
81,17,1.0
81,476,1.0
81,19,1.0
81,352,0.9707253433941511
81,78,0.9622504486493763
261,352,3.827075808663383
261,59,3.7745966692414834
261,94,3.691849358004
261,22,3.6775635513788885
261,287,3.6592596731005678
261,189,3.625152235879688
261,362,3.6156231818134734
261,255,3.592369663854556
261,310,3.5778752244068723
261,20,3.5667462610533747
264,416,2.0
264,59,2.0
264,134,1.9922778767136677
264,89,1.9325532081504213
264,78,1.8991473447818672
264,16,1.8843221251060718
264,200,1.8806128646591478
264,352,1.8552427191745506
264,310,1.8542964211350241
264,189,1.8464628301639514
102,77,1.0
102,19,1.0
102,125,1.0
102,824,1.0
102,416,1.0
102,415,1.0
102,400,1.0
102,94,0.9580628731672621
102,189,0.9523690360126006
102,399,0.9260053193602348
232,119,0.0
232,20,0.0
232,399,0.0
232,476,0.0
232,264,0.0
232,200,0.0
232,189,0.0
232,362,0.0
232,17,0.0
232,16,0.0
263,125,1.0
263,416,1.0
263,284,1.0
263,19,1.0
263,190,1.0
263,17,1.0
263,476,1.0
263,77,1.0
263,189,0.9335359455865251
263,94,0.9179615720168667
268,119,0.0
268,20,0.0
268,399,0.0
268,476,0.0
268,264,0.0
268,200,0.0
268,189,0.0
268,362,0.0
268,17,0.0
268,16,0.0
396,125,4.0
396,416,4.0
396,19,4.0
396,190,3.98058067569092
396,78,3.887626103306706
396,134,3.862797794632464
396,89,3.8618171818918556
396,59,3.7526178090063818
396,22,3.743058193005401
396,94,3.7269228961761365
397,125,5.0
397,416,5.0
397,19,5.0
397,190,4.98058067569092
397,78,4.79132221742177
397,134,4.75722498563238
397,89,4.703442593422029
397,94,4.644884468193004
397,287,4.578283901750246
397,22,4.568016104389707
129,125,1.0
129,416,1.0
129,284,1.0
129,19,1.0
129,190,1.0
129,17,1.0
129,476,1.0
129,77,1.0
129,189,0.9335359455865251
129,94,0.9179615720168667
333,416,5.0
333,125,5.0
333,19,5.0
333,190,4.769435057690751
333,189,4.7244263288260395
333,134,4.692625117523638
333,22,4.666555519003644
333,94,4.650988229995015
333,78,4.640418231946964
333,352,4.628736119074001
369,190,1.0
369,134,1.0
369,416,1.0
369,19,1.0
369,125,1.0
369,59,1.0
369,16,1.0
369,77,1.0
369,78,0.9819805060619657
369,94,0.9801960588196069
259,284,3.0
259,125,3.0
259,19,3.0
259,134,2.955533085905909
259,416,2.948683298050514
259,89,2.948683298050514
259,190,2.875007866690836
259,78,2.784863243747763
259,94,2.7819123231092227
259,22,2.7488367190634575
161,416,2.0
161,415,2.0
161,134,1.947810962619577
161,89,1.8973665961010275
161,78,1.8831947949111107
161,94,1.8127639070648163
161,189,1.8123087827244673
161,310,1.8115220708895274
161,79,1.8084632549047597
161,352,1.8045207008754574
403,125,5.0
403,19,5.0
403,416,4.894427190999916
403,190,4.875007866690836
403,89,4.699998719453146
403,78,4.6979067758344355
403,352,4.6507781644176385
403,189,4.601110934236444
403,94,4.59299503575143
403,134,4.583757906202646
258,415,3.0
258,416,3.0
258,59,2.8381824780438354
258,89,2.8367538464724413
258,189,2.824267783646854
258,94,2.789238670020292
258,352,2.780321773078227
258,399,2.770302323924777
258,16,2.7495634862763985
258,200,2.7457072039974966
215,77,1.0
215,125,1.0
215,415,1.0
215,19,1.0
215,476,1.0
215,416,1.0
215,17,1.0
215,284,1.0
215,400,1.0
215,190,0.9805806756909201
164,399,1.0
164,189,1.0
164,362,1.0
164,287,1.0
164,79,0.9838699100999074
164,200,0.9805806756909202
164,22,0.9622504486493763
164,20,0.9486832980505138
164,255,0.9486832980505138
164,352,0.9486832980505138
357,125,1.0
357,416,1.0
357,284,1.0
357,19,1.0
357,190,1.0
357,17,1.0
357,476,1.0
357,77,1.0
357,189,0.9335359455865251
357,94,0.9179615720168667
190,416,3.0
190,125,3.0
190,19,3.0
190,400,3.0
190,89,2.874503397823065
190,94,2.7989457607818067
190,134,2.7981979265237227
190,190,2.769435057690752
190,22,2.761496028772204
190,189,2.7567363358000305
307,77,1.0
307,125,1.0
307,415,1.0
307,19,1.0
307,476,1.0
307,416,1.0
307,17,1.0
307,284,1.0
307,400,1.0
307,190,0.9805806756909201
238,399,1.0
238,189,1.0
238,362,1.0
238,287,1.0
238,79,0.9838699100999074
238,200,0.9805806756909202
238,22,0.9622504486493763
238,20,0.9486832980505138
238,255,0.9486832980505138
238,352,0.9486832980505138
165,77,1.0
165,19,1.0
165,125,1.0
165,824,1.0
165,416,1.0
165,415,1.0
165,400,1.0
165,94,0.9580628731672621
165,189,0.9523690360126006
165,399,0.9260053193602348
225,77,1.0
225,19,1.0
225,125,1.0
225,824,1.0
225,416,1.0
225,415,1.0
225,400,1.0
225,94,0.9580628731672621
225,189,0.9523690360126006
225,399,0.9260053193602348
242,77,1.0
242,125,1.0
242,415,1.0
242,19,1.0
242,476,1.0
242,416,1.0
242,17,1.0
242,284,1.0
242,400,1.0
242,190,0.9805806756909201
338,125,4.0
338,284,4.0
338,17,4.0
338,476,4.0
338,416,4.0
338,19,4.0
338,190,3.8750078666908356
338,89,3.770889385271607
338,134,3.7572249856323796
338,78,3.731395986297718
326,77,1.0
326,125,1.0
326,415,1.0
326,19,1.0
326,476,1.0
326,416,1.0
326,17,1.0
326,284,1.0
326,400,1.0
326,190,0.9805806756909201
96,119,0.0
96,20,0.0
96,399,0.0
96,476,0.0
96,264,0.0
96,200,0.0
96,189,0.0
96,362,0.0
96,17,0.0
96,16,0.0
94,125,1.0
94,415,1.0
94,89,1.0
94,190,1.0
94,284,1.0
94,17,1.0
94,476,1.0
94,19,1.0
94,352,0.9707253433941511
94,78,0.9622504486493763
123,77,1.0
123,125,1.0
123,415,1.0
123,19,1.0
123,476,1.0
123,416,1.0
123,17,1.0
123,284,1.0
123,400,1.0
123,190,0.9805806756909201
392,415,4.0
392,416,3.948683298050514
392,89,3.877947271791948
392,134,3.855075671346132
392,78,3.75272394141125
392,352,3.7295905997549754
392,59,3.723343152400533
392,79,3.6890761195639077
392,94,3.663940252235515
392,22,3.6140162286786524
343,416,3.0
343,125,3.0
343,19,3.0
343,190,3.0
343,77,3.0
343,78,2.8418595076445445
343,79,2.81207704041362
343,94,2.808304540512494
343,134,2.8016918997264706
343,287,2.778154496759962
120,77,1.0
120,19,1.0
120,125,1.0
120,824,1.0
120,416,1.0
120,415,1.0
120,400,1.0
120,94,0.9580628731672621
120,189,0.9523690360126006
120,399,0.9260053193602348
344,416,3.0
344,352,2.934559775190784
344,59,2.8973665961010275
344,134,2.848439200944066
344,78,2.830050705139345
344,200,2.809368777990977
344,399,2.748555736990679
344,255,2.7314031946653965
344,362,2.7163582792722623
344,94,2.7148295463709915
213,415,3.0
213,416,3.0
213,77,3.0
213,352,2.832521054942205
213,134,2.805756734092334
213,78,2.801465866014201
213,79,2.7850109972418657
213,362,2.756887667105844
213,399,2.75665622102517
213,189,2.7049514793332112
305,77,1.0
305,125,1.0
305,415,1.0
305,19,1.0
305,476,1.0
305,416,1.0
305,17,1.0
305,284,1.0
305,400,1.0
305,190,0.9805806756909201
314,77,1.0
314,125,1.0
314,415,1.0
314,19,1.0
314,476,1.0
314,416,1.0
314,17,1.0
314,284,1.0
314,400,1.0
314,190,0.9805806756909201
75,19,1.0
75,125,1.0
75,89,1.0
75,134,1.0
75,190,1.0
75,284,1.0
75,415,1.0
75,77,1.0
75,59,0.9707253433941511
75,416,0.9486832980505138
262,125,2.0
262,416,2.0
262,19,2.0
262,190,1.9805806756909201
262,134,1.955533085905909
262,78,1.9494627097772252
262,89,1.9325532081504213
262,352,1.8660234117145698
262,310,1.8441383558539564
262,94,1.836579927680509
216,119,0.0
216,20,0.0
216,399,0.0
216,476,0.0
216,264,0.0
216,200,0.0
216,189,0.0
216,362,0.0
216,17,0.0
216,16,0.0
220,190,1.0
220,134,1.0
220,416,1.0
220,19,1.0
220,125,1.0
220,59,1.0
220,16,1.0
220,77,1.0
220,78,0.9819805060619657
220,94,0.9801960588196069
377,77,1.0
377,125,1.0
377,415,1.0
377,19,1.0
377,476,1.0
377,416,1.0
377,17,1.0
377,284,1.0
377,400,1.0
377,190,0.9805806756909201
316,125,3.0
316,17,3.0
316,476,3.0
316,284,3.0
316,19,3.0
316,416,2.98058067569092
316,134,2.939842218681009
316,190,2.875007866690836
316,89,2.8431104890504297
316,78,2.8011769638299104
209,125,2.0
209,824,2.0
209,476,2.0
209,17,2.0
209,284,2.0
209,19,2.0
209,134,1.9843091327750997
209,416,1.9805806756909201
209,22,1.9028914263343464
209,190,1.8944271909999157
265,416,1.0
265,125,1.0
265,134,1.0
265,190,1.0
265,59,1.0
265,19,1.0
265,89,0.9838699100999074
265,78,0.9827076298239908
265,200,0.967741935483871
265,352,0.9583727150068314
167,125,4.0
167,416,4.0
167,19,4.0
167,190,3.98058067569092
167,134,3.8499602769058248
167,78,3.835139329954255
167,94,3.734737558516983
167,89,3.722861917731108
167,200,3.6815133699685934
167,189,3.678283500924797
178,77,1.0
178,19,1.0
178,125,1.0
178,824,1.0
178,416,1.0
178,415,1.0
178,400,1.0
178,94,0.9580628731672621
178,189,0.9523690360126006
178,399,0.9260053193602348
289,77,1.0
289,125,1.0
289,415,1.0
289,19,1.0
289,476,1.0
289,416,1.0
289,17,1.0
289,284,1.0
289,400,1.0
289,190,0.9805806756909201
287,125,1.0
287,416,1.0
287,284,1.0
287,19,1.0
287,190,1.0
287,17,1.0
287,476,1.0
287,77,1.0
287,189,0.9335359455865251
287,94,0.9179615720168667
380,416,2.0
380,19,2.0
380,476,2.0
380,17,2.0
380,284,2.0
380,125,2.0
380,77,2.0
380,190,1.9805806756909201
380,78,1.8704511940682984
380,134,1.849960276905825
356,416,2.0
356,125,2.0
356,190,2.0
356,19,2.0
356,134,1.8944271909999157
356,78,1.8864037439390549
356,200,1.8819651757123965
356,352,1.8651374155891944
356,94,1.8520424692132083
356,189,1.840604836356537
354,416,2.0
354,19,2.0
354,476,2.0
354,17,2.0
354,284,2.0
354,125,2.0
354,77,2.0
354,190,1.9805806756909201
354,78,1.8704511940682984
354,134,1.849960276905825
376,415,2.0
376,77,2.0
376,89,1.9622504486493764
376,416,1.9486832980505138
376,352,1.9212990720512475
376,59,1.9194086414446647
376,200,1.88538382158865
376,362,1.8775793444156803
376,134,1.8682431421244594
376,94,1.861940355767059
346,19,1.0
346,125,1.0
346,89,1.0
346,824,1.0
346,416,1.0
346,476,1.0
346,284,1.0
346,17,1.0
346,134,1.0
346,400,1.0
101,77,1.0
101,19,1.0
101,125,1.0
101,824,1.0
101,416,1.0
101,415,1.0
101,400,1.0
101,94,0.9580628731672621
101,189,0.9523690360126006
101,399,0.9260053193602348
109,284,1.0
109,824,1.0
109,59,1.0
109,77,1.0
109,79,0.9827076298239908
109,352,0.9819805060619657
109,20,0.9667550799532344
109,362,0.9622504486493763
109,200,0.956182887467515
109,22,0.9428090415820635
191,416,2.0
191,125,2.0
191,190,2.0
191,19,2.0
191,134,1.8944271909999157
191,78,1.8864037439390549
191,200,1.8819651757123965
191,352,1.8651374155891944
191,94,1.8520424692132083
191,189,1.840604836356537
184,415,2.0
184,416,2.0
184,59,1.9486832980505138
184,89,1.91093374669989
184,200,1.879858486005733
184,352,1.873057064351672
184,189,1.8718987476342532
184,134,1.860521018838127
184,78,1.85924875653994
184,79,1.8525266938767475
352,119,0.0
352,20,0.0
352,399,0.0
352,476,0.0
352,264,0.0
352,200,0.0
352,189,0.0
352,362,0.0
352,17,0.0
352,16,0.0
231,19,1.0
231,125,1.0
231,416,1.0
231,59,1.0
231,190,1.0
231,415,1.0
231,284,1.0
231,17,1.0
231,476,1.0
231,77,1.0
187,190,1.0
187,134,1.0
187,416,1.0
187,19,1.0
187,125,1.0
187,59,1.0
187,16,1.0
187,77,1.0
187,78,0.9819805060619657
187,94,0.9801960588196069
297,416,3.0
297,125,3.0
297,190,3.0
297,19,3.0
297,134,2.8764076970618815
297,352,2.813820713639708
297,78,2.778305488417958
297,200,2.748065556805645
297,189,2.7401366641189067
297,287,2.7264400045024098
228,416,3.0
228,125,3.0
228,19,3.0
228,190,2.98058067569092
228,78,2.853158823892289
228,134,2.8499602769058248
228,89,2.7741786196805944
228,352,2.772788112296933
228,94,2.7545414996973756
228,310,2.72055510163895
308,19,1.0
308,125,1.0
308,89,1.0
308,824,1.0
308,416,1.0
308,476,1.0
308,284,1.0
308,17,1.0
308,134,1.0
308,400,1.0
139,125,1.0
139,416,1.0
139,284,1.0
139,19,1.0
139,190,1.0
139,17,1.0
139,476,1.0
139,77,1.0
139,189,0.9335359455865251
139,94,0.9179615720168667
373,119,0.0
373,20,0.0
373,399,0.0
373,476,0.0
373,264,0.0
373,200,0.0
373,189,0.0
373,362,0.0
373,17,0.0
373,16,0.0
168,125,1.0
168,416,1.0
168,284,1.0
168,19,1.0
168,190,1.0
168,17,1.0
168,476,1.0
168,77,1.0
168,189,0.9335359455865251
168,94,0.9179615720168667
400,416,1.0
400,415,1.0
400,77,1.0
400,399,0.9819805060619657
400,352,0.9761870601839528
400,200,0.9669875568304563
400,89,0.9622504486493763
400,362,0.9525793444156804
400,59,0.9486832980505138
400,79,0.9428090415820635
320,59,1.0
320,416,1.0
320,415,1.0
320,134,0.9922778767136677
320,89,0.9486832980505138
320,16,0.9415130835240083
320,189,0.9393939393939394
320,78,0.9164397149578765
320,200,0.9128709291752768
320,310,0.9108400680852976
95,119,0.0
95,20,0.0
95,399,0.0
95,476,0.0
95,264,0.0
95,200,0.0
95,189,0.0
95,362,0.0
95,17,0.0
95,16,0.0
353,125,1.0
353,416,1.0
353,284,1.0
353,19,1.0
353,190,1.0
353,17,1.0
353,476,1.0
353,77,1.0
353,189,0.9335359455865251
353,94,0.9179615720168667
260,416,1.0
260,125,1.0
260,134,1.0
260,190,1.0
260,59,1.0
260,19,1.0
260,89,0.9838699100999074
260,78,0.9827076298239908
260,200,0.967741935483871
260,352,0.9583727150068314
83,119,0.0
83,20,0.0
83,399,0.0
83,476,0.0
83,264,0.0
83,200,0.0
83,189,0.0
83,362,0.0
83,17,0.0
83,16,0.0
250,77,2.0
250,19,2.0
250,416,2.0
250,415,2.0
250,125,2.0
250,400,2.0
250,190,1.875007866690836
250,89,1.8745033978230652
250,94,1.8605619036514294
250,78,1.8492525832460043
395,125,2.0
395,416,2.0
395,19,2.0
395,190,1.9805806756909201
395,134,1.955533085905909
395,78,1.9494627097772252
395,89,1.9325532081504213
395,352,1.8660234117145698
395,310,1.8441383558539564
395,94,1.836579927680509
183,190,1.0
183,134,1.0
183,416,1.0
183,19,1.0
183,125,1.0
183,59,1.0
183,16,1.0
183,77,1.0
183,78,0.9819805060619657
183,94,0.9801960588196069
275,190,1.0
275,134,1.0
275,416,1.0
275,19,1.0
275,125,1.0
275,59,1.0
275,16,1.0
275,77,1.0
275,78,0.9819805060619657
275,94,0.9801960588196069
173,416,2.0
173,19,2.0
173,476,2.0
173,17,2.0
173,284,2.0
173,125,2.0
173,77,2.0
173,190,1.9805806756909201
173,78,1.8704511940682984
173,134,1.849960276905825
272,284,1.0
272,824,1.0
272,59,1.0
272,77,1.0
272,79,0.9827076298239908
272,352,0.9819805060619657
272,20,0.9667550799532344
272,362,0.9622504486493763
272,200,0.956182887467515
272,22,0.9428090415820635
304,119,0.0
304,20,0.0
304,399,0.0
304,476,0.0
304,264,0.0
304,200,0.0
304,189,0.0
304,362,0.0
304,17,0.0
304,16,0.0
318,119,0.0
318,20,0.0
318,399,0.0
318,476,0.0
318,264,0.0
318,200,0.0
318,189,0.0
318,362,0.0
318,17,0.0
318,16,0.0
125,416,2.0
125,19,2.0
125,476,2.0
125,17,2.0
125,284,2.0
125,125,2.0
125,77,2.0
125,190,1.9805806756909201
125,78,1.8704511940682984
125,134,1.849960276905825
374,416,1.0
374,125,1.0
374,134,1.0
374,190,1.0
374,59,1.0
374,19,1.0
374,89,0.9838699100999074
374,78,0.9827076298239908
374,200,0.967741935483871
374,352,0.9583727150068314
317,119,0.0
317,20,0.0
317,399,0.0
317,476,0.0
317,264,0.0
317,200,0.0
317,189,0.0
317,362,0.0
317,17,0.0
317,16,0.0
177,119,0.0
177,20,0.0
177,399,0.0
177,476,0.0
177,264,0.0
177,200,0.0
177,189,0.0
177,362,0.0
177,17,0.0
177,16,0.0
149,416,2.0
149,125,2.0
149,190,2.0
149,19,2.0
149,134,1.8944271909999157
149,78,1.8864037439390549
149,200,1.8819651757123965
149,352,1.8651374155891944
149,94,1.8520424692132083
149,189,1.840604836356537
327,59,1.0
327,416,1.0
327,415,1.0
327,134,0.9922778767136677
327,89,0.9486832980505138
327,16,0.9415130835240083
327,189,0.9393939393939394
327,78,0.9164397149578765
327,200,0.9128709291752768
327,310,0.9108400680852976
207,416,2.0
207,19,2.0
207,476,2.0
207,17,2.0
207,284,2.0
207,125,2.0
207,77,2.0
207,190,1.9805806756909201
207,78,1.8704511940682984
207,134,1.849960276905825
361,119,0.0
361,20,0.0
361,399,0.0
361,476,0.0
361,264,0.0
361,200,0.0
361,189,0.0
361,362,0.0
361,17,0.0
361,16,0.0
339,77,1.0
339,125,1.0
339,415,1.0
339,19,1.0
339,476,1.0
339,416,1.0
339,17,1.0
339,284,1.0
339,400,1.0
339,190,0.9805806756909201
351,19,1.0
351,125,1.0
351,89,1.0
351,134,1.0
351,190,1.0
351,284,1.0
351,415,1.0
351,77,1.0
351,59,0.9707253433941511
351,416,0.9486832980505138
266,416,1.0
266,125,1.0
266,134,1.0
266,190,1.0
266,59,1.0
266,19,1.0
266,89,0.9838699100999074
266,78,0.9827076298239908
266,200,0.967741935483871
266,352,0.9583727150068314
386,77,1.0
386,125,1.0
386,415,1.0
386,19,1.0
386,476,1.0
386,416,1.0
386,17,1.0
386,284,1.0
386,400,1.0
386,190,0.9805806756909201
285,416,3.0
285,125,3.0
285,19,3.0
285,190,2.98058067569092
285,134,2.955533085905909
285,78,2.9314432158391908
285,89,2.881236506200935
285,94,2.816775986500116
285,310,2.79282165390447
285,22,2.7760706361749445
127,19,1.0
127,125,1.0
127,89,1.0
127,824,1.0
127,416,1.0
127,476,1.0
127,284,1.0
127,17,1.0
127,134,1.0
127,400,1.0
341,77,1.0
341,125,1.0
341,415,1.0
341,19,1.0
341,476,1.0
341,416,1.0
341,17,1.0
341,284,1.0
341,400,1.0
341,190,0.9805806756909201
130,416,1.0
130,125,1.0
130,134,1.0
130,190,1.0
130,59,1.0
130,19,1.0
130,89,0.9838699100999074
130,78,0.9827076298239908
130,200,0.967741935483871
130,352,0.9583727150068314
364,416,1.0
364,125,1.0
364,134,1.0
364,190,1.0
364,59,1.0
364,19,1.0
364,89,0.9838699100999074
364,78,0.9827076298239908
364,200,0.967741935483871
364,352,0.9583727150068314
331,125,1.0
331,416,1.0
331,284,1.0
331,19,1.0
331,190,1.0
331,17,1.0
331,476,1.0
331,77,1.0
331,189,0.9335359455865251
331,94,0.9179615720168667
332,59,1.0
332,416,1.0
332,415,1.0
332,134,0.9922778767136677
332,89,0.9486832980505138
332,16,0.9415130835240083
332,189,0.9393939393939394
332,78,0.9164397149578765
332,200,0.9128709291752768
332,310,0.9108400680852976
389,119,0.0
389,20,0.0
389,399,0.0
389,476,0.0
389,264,0.0
389,200,0.0
389,189,0.0
389,362,0.0
389,17,0.0
389,16,0.0
146,77,1.0
146,19,1.0
146,125,1.0
146,824,1.0
146,416,1.0
146,415,1.0
146,400,1.0
146,94,0.9580628731672621
146,189,0.9523690360126006
146,399,0.9260053193602348
328,77,1.0
328,125,1.0
328,415,1.0
328,19,1.0
328,476,1.0
328,416,1.0
328,17,1.0
328,284,1.0
328,400,1.0
328,190,0.9805806756909201
322,77,1.0
322,125,1.0
322,415,1.0
322,19,1.0
322,476,1.0
322,416,1.0
322,17,1.0
322,284,1.0
322,400,1.0
322,190,0.9805806756909201
181,77,1.0
181,125,1.0
181,415,1.0
181,19,1.0
181,476,1.0
181,416,1.0
181,17,1.0
181,284,1.0
181,400,1.0
181,190,0.9805806756909201
299,125,2.0
299,190,2.0
299,134,2.0
299,19,2.0
299,89,1.9838699100999073
299,59,1.9707253433941512
299,416,1.9486832980505138
299,352,1.9034847268741262
299,78,1.8960538888566147
299,200,1.8861382002420646
313,416,1.0
313,125,1.0
313,134,1.0
313,190,1.0
313,59,1.0
313,19,1.0
313,89,0.9838699100999074
313,78,0.9827076298239908
313,200,0.967741935483871
313,352,0.9583727150068314
245,125,1.0
245,416,1.0
245,284,1.0
245,19,1.0
245,190,1.0
245,17,1.0
245,476,1.0
245,77,1.0
245,189,0.9335359455865251
245,94,0.9179615720168667
393,416,1.0
393,415,1.0
393,77,1.0
393,399,0.9819805060619657
393,352,0.9761870601839528
393,200,0.9669875568304563
393,89,0.9622504486493763
393,362,0.9525793444156804
393,59,0.9486832980505138
393,79,0.9428090415820635
324,416,2.0
324,19,2.0
324,476,2.0
324,17,2.0
324,284,2.0
324,125,2.0
324,77,2.0
324,190,1.9805806756909201
324,78,1.8704511940682984
324,134,1.849960276905825
74,19,1.0
74,125,1.0
74,89,1.0
74,824,1.0
74,416,1.0
74,476,1.0
74,284,1.0
74,17,1.0
74,134,1.0
74,400,1.0
195,77,1.0
195,125,1.0
195,415,1.0
195,19,1.0
195,476,1.0
195,416,1.0
195,17,1.0
195,284,1.0
195,400,1.0
195,190,0.9805806756909201
239,77,1.0
239,125,1.0
239,415,1.0
239,19,1.0
239,476,1.0
239,416,1.0
239,17,1.0
239,284,1.0
239,400,1.0
239,190,0.9805806756909201
334,19,1.0
334,125,1.0
334,89,1.0
334,824,1.0
334,416,1.0
334,476,1.0
334,284,1.0
334,17,1.0
334,134,1.0
334,400,1.0
118,22,2.8968102991270226
118,189,2.8666746749936807
118,352,2.8138358324445805
118,287,2.7772727272727273
118,79,2.7632460112735675
118,119,2.7484421536562116
118,94,2.7132017110170854
118,200,2.6786853907893473
118,20,2.6608871189062446
118,255,2.6443331298864234
150,19,1.0
150,415,1.0
150,190,1.0
150,125,1.0
150,416,1.0
150,476,1.0
150,17,1.0
150,77,1.0
150,134,0.9819805060619657
150,362,0.9574271077563381
