9657,54,6.39986235375086
9657,67,6.582540027465219
9657,39,6.39986235375086
9657,18,7.105285505632379
9657,2,5.834043447758376
9657,135,6.365454939053928
9070,136,6.39986235375086
9070,70,6.39986235375086
7943,84,9.253602915185535
7943,23,6.901634008442592
7943,51,8.845859783297946
7943,160,5.8874960910212835
7974,4,8.2850035581505
7974,67,6.582710873210917
7974,18,7.105472898703768
7974,55,5.985063363104664
19001,84,9.252415589899433
19001,67,6.58465471929215
19001,111,6.005223614277317
11894,31,6.638699557222235
11894,2,5.835344888599472
11894,51,8.84436242871029
11894,158,4.843728480651979
19003,31,6.639783345214572
19003,67,6.585310119355854
19003,92,6.39986235375086
19159,31,6.639757184671558
19159,54,6.39986235375086
19049,60,6.39986235375086
19049,110,6.39986235375086
4,104,9.252125342544144
4,92,6.39986235375086
8773,84,9.251717263721131
12414,18,7.105487770007491
12414,2,5.834380441834011
8347,104,9.250804911299397
10886,31,6.638915139651761
5872,51,8.844869450187797
19000,4,8.285928637371626
19030,84,9.250929329174225
19030,54,6.39986235375086
19030,85,7.738176778273602
13880,51,8.844869450187797
4729,104,9.250944562237482
18260,134,6.39986235375086
18260,110,6.39986235375086
7726,104,9.250944562237482
9355,102,9.429725122013226
19024,31,6.6352665418084475
19024,54,6.39986235375086
18249,110,6.39986235375086
4696,104,9.250804911299397
18259,4,8.285696338375216
19534,2,5.83666559609745
19534,104,9.252600941429119
11917,84,9.252663415100978
3046,104,9.250944562237482
19029,84,9.252663415100978
8342,4,8.287408210781159
8342,54,6.39986235375086
8342,110,6.39986235375086
19034,67,6.584450261449577
19034,18,7.106059563084949
19034,96,6.995235671580205
18251,84,9.25310707427737
18251,2,5.83639166919971
18230,4,8.28620306043679
2090,84,9.252663415100978
18185,92,6.39986235375086
14223,31,6.6383289546183075
19048,31,6.638771961229614
19048,122,7.175572110712862
8289,104,9.251756703392784
15596,158,4.843731914490385
14677,31,6.638915139651761
4634,104,9.253280642976728
4634,110,6.39986235375086
469,102,9.429725122013226
4310,104,9.251756703392784
18999,84,9.252663415100978
14091,84,9.252663415100978
19913,23,6.897086581868738
11918,102,9.429725122013226
18250,104,9.251756703392784
19043,84,9.253755583109978
19043,104,9.252763087986676
11903,102,9.428152446312987
6527,31,6.638957250518365
6527,110,6.39986235375086
19042,4,8.285696338375216
11901,84,9.252663415100978
11907,104,9.251756703392784
502,31,6.639093720584176
6973,67,6.581862317252982
19004,84,9.252512963191869
19004,70,6.39986235375086
19004,135,6.365688499144069
19004,6,7.586750853123614
19004,68,6.39986235375086
19004,19,5.240443418210415
19004,42,6.39986235375086
19035,60,6.39986235375086
6528,31,6.638915139651761
7332,4,8.28620306043679
11904,2,5.833806811405978
1013,160,5.88689675484954
18231,102,9.429725122013226
9900,104,9.251756703392784
5119,158,4.843731914490385
11900,51,8.844869450187797
16836,158,4.843731914490385
19005,51,8.843885584356688
14710,84,9.252663415100978
418,2,5.835743294627346
419,31,6.638915139651761
19040,51,8.844869450187797
4449,51,8.844103524281056
6323,84,9.251500416623298
6323,67,6.583235758945824
6323,18,7.105615782579231
6323,2,5.834545677010157
6323,134,6.39986235375086
6323,6,7.585942961214486
6323,68,6.39986235375086
6323,60,6.39986235375086
6323,85,7.738416879452409
6323,110,6.39986235375086
6323,3,5.0
6323,73,6.006411709417767
10833,84,9.252052189625017
10833,122,7.175509646295797
2418,23,6.899654311519268
2418,129,6.576557961571659
2418,159,5.279893048505205
17184,2,5.834809090202095
15300,54,6.39986235375086
11500,31,6.640440488210122
11500,54,6.39986235375086
11500,67,6.585727226884243
11420,44,8.619678039916678
10523,23,6.899758072543877
10523,158,4.843723196489693
5202,67,6.584368555711101
4158,158,4.843731914490385
13519,84,9.252663415100978
18588,158,4.843731914490385
2952,31,6.641913659769276
2952,67,6.5870961755247714
2952,18,7.107557313924503
2952,60,6.39986235375086
2952,92,6.39986235375086
2952,159,5.2801143967608475
964,44,8.620726752411093
964,104,9.252077128154628
2954,74,6.804216967136653
2954,135,6.365829871741798
15924,84,9.252663415100978
2052,134,6.39986235375086
3009,31,6.638915139651761
14708,4,8.285928637371626
14412,84,9.255277366844233
14412,67,6.586653753879705
14412,2,5.8380325051644135
14412,60,6.39986235375086
14412,92,6.39986235375086
4296,104,9.251275376303157
15067,84,9.250796847203828
15067,67,6.582692130488278
15067,19,5.24003161728025
15067,160,5.88679601176751
8587,4,8.28620306043679
9928,84,9.252414204155349
9928,67,6.584060468861929
9928,18,7.106025345204275
9928,134,6.39986235375086
9928,69,6.39986235375086
9928,6,7.586545594381217
9928,60,6.39986235375086
9928,92,6.39986235375086
9928,169,5.0
9928,45,6.39986235375086
9929,31,6.63875879102656
9929,23,6.899692731274474
14415,67,6.584192660119394
8026,51,8.844869450187797
7874,44,8.619709076667377
7874,84,9.252038799854931
12704,84,9.251755133285762
18645,158,4.843731914490385
8459,31,6.639093720584176
9992,2,5.835743294627346
4144,4,8.285518695073552
4144,104,9.251358863420228
4144,135,6.365621528572726
8461,44,8.615891926834038
8461,136,6.39986235375086
8461,18,7.10454909209969
8461,51,8.841181452598251
8461,158,4.843802135086296
3959,54,6.39986235375086
8460,23,6.9003319114176405
8664,160,5.887036236076352
18715,31,6.639093720584176
2810,18,7.106060467058285
1112,4,8.28700369248973
1112,54,6.39986235375086
1112,18,7.106761022693385
1112,2,5.8369165948278114
1112,69,6.39986235375086
2643,2,5.834809090202095
8446,64,6.506040484729075
12506,44,8.619402865140021
2285,74,6.802181576105554
12003,158,4.843706211508846
3154,31,6.6383289546183075
16209,31,6.638103996722184
16209,134,6.39986235375086
16209,96,6.9943559573046485
8909,31,6.638951091550639
8909,5,7.283698587340579
8469,2,5.833806811405978
8618,4,8.28620306043679
8690,158,4.843706211508846
8710,23,6.899669766910198
8703,2,5.835743294627346
8702,31,6.638915139651761
8764,104,9.253569345154531
8764,134,6.39986235375086
8764,158,4.843690052528946
8764,110,6.39986235375086
8764,96,6.99699791049094
8696,18,7.106029988453545
8687,84,9.251600259169125
15352,2,5.835806096461685
15352,158,4.843732132915
8700,158,4.843731914490385
8706,158,4.843744587758401
8706,45,6.39986235375086
5492,84,9.252472397415668
12205,4,8.285696338375216
8697,23,6.9003319114176405
12231,136,6.39986235375086
12231,18,7.105401787175783
12231,33,7.4425976699161716
8671,23,6.899287163047231
10125,158,4.843731914490385
8667,2,5.834809090202095
15216,31,6.638470101026027
15334,164,6.032331780521144
198,31,6.638915139651761
15398,31,6.639518084924009
15398,140,6.39986235375086
8418,44,8.622065307856081
8418,54,6.39986235375086
8418,67,6.585881631952949
8418,32,6.850973058445019
8418,158,4.843723243876471
8418,140,6.39986235375086
2573,31,6.639093720584176
12056,31,6.638915139651761
3072,18,7.106029988453545
8395,67,6.584951138047758
8395,18,7.1062854660489005
510,18,7.105396340735849
510,2,5.8341718870912755
510,6,7.585455096303843
510,160,5.886754419411202
4105,2,5.83487786220381
12057,31,6.639093720584176
8422,31,6.637411538391333
8422,67,6.582514453775393
19108,158,4.843718717627302
1324,4,8.286811498499148
1324,2,5.83679098464949
1324,158,4.843673759758238
18352,84,9.251637317345422
11469,2,5.834999757535406
8430,31,6.638915139651761
8420,44,8.620742103730258
8420,31,6.639407796468859
17777,67,6.583603280818859
17777,22,7.036589257777887
18954,2,5.835743294627346
10298,158,4.843731914490385
3089,2,5.833806811405978
17798,2,5.835743294627346
2998,158,4.843731914490385
14901,31,6.639093720584176
2987,31,6.639093720584176
5504,158,4.843731914490385
2994,84,9.252472397415668
17802,31,6.6383289546183075
2986,31,6.639093720584176
2993,2,5.835743294627346
511,31,6.6394197733028015
511,18,7.106314085435379
18675,104,9.251756703392784
17818,31,6.638915139651761
19346,104,9.251756703392784
19308,22,7.037033333915397
1326,158,4.8437403379518145
1326,129,6.575712599746811
1123,23,6.899221054940683
1136,34,6.036967035318066
19347,2,5.83487786220381
18105,2,5.835101013867353
18669,54,6.39986235375086
516,4,8.286292018239285
516,18,7.106383069767077
4638,84,9.252663415100978
12841,31,6.639093720584176
17097,31,6.638915139651761
3869,23,6.9003319114176405
15232,18,7.105893881457779
356,31,6.639093720584176
19104,113,6.933855491945682
18674,18,7.105712752213548
18674,158,4.843749730774837
17808,2,5.833806811405978
42,31,6.639093720584176
17009,31,6.639093720584176
17015,84,9.252663415100978
17801,158,4.8436845487378415
17801,113,6.934400197452794
17791,4,8.285278324436836
1046,84,9.251755133285762
3885,31,6.639093720584176
1439,31,6.639093720584176
17782,31,6.637589002892879
17782,67,6.582698821176896
17782,158,4.8437599821557225
11847,39,6.39986235375086
2456,113,6.934345856413767
11608,31,6.638915139651761
8429,31,6.638915139651761
15992,23,6.899221054940683
17820,23,6.897086581868738
17779,84,9.252850185426368
17779,32,6.850386395481423
17779,23,6.900868873321351
1435,42,6.39986235375086
15231,158,4.843731914490385
7925,31,6.636778081838511
2681,31,6.636778081838511
1124,31,6.638915139651761
8421,31,6.6383289546183075
13983,2,5.835440922511697
13986,31,6.639093720584176
13985,158,4.843731914490385
18680,158,4.843720740301752
17775,2,5.833806811405978
17822,22,7.037033333915397
13981,31,6.639093720584176
78,31,6.638915139651761
3828,113,6.9340872473494475
11470,113,6.9340872473494475
10250,31,6.639093720584176
11610,31,6.639093720584176
17780,18,7.106029988453545
515,84,9.252663415100978
17786,84,9.252472397415668
17017,31,6.639093720584176
9487,67,6.583283600658746
17019,31,6.63746279899538
17019,18,7.105271349731939
15498,2,5.835743294627346
15335,158,4.843731914490385
18676,22,7.037033333915397
10651,2,5.835743294627346
16169,158,4.843731914490385
10286,158,4.843731914490385
17011,31,6.6383289546183075
2687,4,8.285696338375216
514,18,7.106060467058285
201,67,6.584192660119394
5660,22,7.037033333915397
1436,18,7.106060467058285
1438,31,6.639093720584176
17809,158,4.843731914490385
18671,2,5.835743294627346
17016,158,4.843731914490385
1323,31,6.639222055298571
1323,77,5.98964040569815
