1050,250,2.25
1050,206,2.25
1050,17,2.25
1050,12,2.25
1050,255,2.25
1050,212,2.25
1050,10,2.25
1050,257,2.25
1050,246,2.25
1050,248,2.25
1050,256,2.25
1051,12,2.25
1051,216,2.25
1051,255,2.25
1052,5,2.25
1052,206,2.25
1052,9,2.25
1052,217,2.25
1052,239,2.25
1052,212,2.25
1052,244,2.25
1052,13,2.25
1055,219,2.25
1056,5,2.25
1056,255,2.25
1056,205,2.25
1056,3,2.25
1056,244,2.25
1056,1,2.25
1057,2,2.25
1057,1,2.25
1059,241,2.25
1059,7,2.25
1059,1835,2.25
1060,212,2.25
1060,10,2.25
1060,218,2.25
1060,339,2.25
1060,1221,2.25
1060,1349,2.25
1060,879,2.25
1061,218,2.25
1062,251,2.25
1062,220,2.25
1062,17,2.25
1062,12,2.25
1062,216,2.25
1062,254,2.25
1062,11,2.25
1062,10,2.25
1062,233,2.25
1064,7,2.25
1064,17,2.25
1064,8,2.25
1064,1588,2.25
1064,278,2.25
1064,787,2.25
1065,7,2.25
1065,235,2.25
1065,216,2.25
1065,205,2.25
1065,1,2.25
1065,278,2.25
1065,397,2.25
1065,1237,2.25
1065,696,2.25
1065,123,2.25
1065,880,2.25
1065,609,2.25
1065,270,2.25
1065,1839,2.25
1065,1597,2.25
1065,1841,2.25
1065,850,2.25
1065,585,2.25
1065,1756,2.25
1066,10,2.25
1066,1,2.25
1066,257,2.25
1067,215,2.25
1067,245,2.25
1067,239,2.25
1067,4,2.25
1067,84,2.25
1068,8,2.25
1069,236,2.25
1069,205,2.25
1069,239,2.25
1069,254,2.25
1069,10,2.25
1069,257,2.25
1069,4,2.25
1070,210,2.25
1071,213,2.25
1071,236,2.25
1071,205,2.25
1071,254,2.25
1071,11,2.25
1072,220,2.25
1072,236,2.25
1072,207,2.25
1073,251,2.25
1073,206,2.25
1073,236,2.25
1073,9,2.25
1073,207,2.25
1073,8,2.25
1073,233,2.25
1073,6,2.25
1074,213,2.25
1074,3,2.25
1074,11,2.25
1075,213,2.25
1075,220,2.25
1075,236,2.25
1075,214,2.25
1075,239,2.25
1076,10,2.25
1077,235,2.25
1077,236,2.25
1077,13,2.25
1077,257,2.25
1077,207,2.25
1077,8,2.25
1077,84,2.25
1078,235,2.25
1078,9,2.25
1078,211,2.25
1078,13,2.25
1079,17,2.25
1079,906,2.25
1080,215,2.25
1080,213,2.25
1080,211,2.25
1080,205,2.25
1080,214,2.25
1080,11,2.25
1080,8,2.25
1080,6,2.25
1081,9,2.25
1081,121,2.25
1081,239,2.25
1081,212,2.25
1081,4,2.25
1081,8,2.25
1081,233,2.25
1081,246,2.25
1081,243,2.25
1082,4,2.25
1083,7,2.25
1084,17,2.25
1085,241,2.25
1085,206,2.25
1085,207,2.25
1085,253,2.25
1085,247,2.25
1085,1654,2.25
1086,241,2.25
1086,1,2.25
1087,250,2.25
1087,220,2.25
1087,253,2.25
1088,215,2.25
1088,9,2.25
1088,1,2.25
1088,491,2.25
1089,251,2.25
1089,220,2.25
1089,236,2.25
1089,9,2.25
1089,121,2.25
1089,234,2.25
1089,219,2.25
1089,249,2.25
1090,215,2.25
1090,247,2.25
1091,250,2.25
1092,206,2.25
1092,9,2.25
1094,7,2.25
1095,213,2.25
1095,12,2.25
1095,216,2.25
1095,239,2.25
1095,207,2.25
1095,8,2.25
1096,241,2.25
1096,7,2.25
1096,236,2.25
1096,13,2.25
1096,1,2.25
1096,252,2.25
1096,257,2.25
1096,233,2.25
1096,253,2.25
1096,590,2.25
1098,215,2.25
1099,206,2.25
1099,9,2.25
1100,5,2.25
1100,7,2.25
1100,2,2.25
1100,3,2.25
1101,1,2.25
1103,213,2.25
1104,632,2.25
1104,639,2.25
1104,636,2.25
1104,647,2.25
1104,373,2.25
1104,631,2.25
1104,621,2.25
1104,55,2.25
1105,213,2.25
1105,7,2.25
1105,220,2.25
1105,219,2.25
1105,1,2.25
1108,251,2.25
1108,214,2.25
1108,239,2.25
1108,10,2.25
1108,84,2.25
1108,249,2.25
1108,256,2.25
1108,243,2.25
1109,213,2.25
1109,17,2.25
1109,236,2.25
1109,217,2.25
1109,239,2.25
1109,4,2.25
1109,207,2.25
1109,8,2.25
1109,233,2.25
1109,246,2.25
1109,256,2.25
1110,215,2.25
1110,17,2.25
1110,2,2.25
1110,1,2.25
1111,216,2.25
1111,977,2.25
1111,187,2.25
1111,799,2.25
1112,234,2.25
1112,11,2.25
1112,1,2.25
1112,8,2.25
1113,236,2.25
1113,4,2.25
1114,215,2.25
1114,4,2.25
1114,6,2.25
1115,215,2.25
1115,235,2.25
1115,12,2.25
1115,211,2.25
1115,244,2.25
1115,10,2.25
1115,8,2.25
1115,247,2.25
1116,217,2.25
1116,233,2.25
1117,219,2.25
1117,1,2.25
1118,215,2.25
1118,214,2.25
1118,212,2.25
1119,207,2.25
1120,214,2.25
1120,1,2.25
1121,215,2.25
1121,250,2.25
1121,13,2.25
1122,215,2.25
1122,250,2.25
1122,213,2.25
1122,206,2.25
1122,3,2.25
1122,254,2.25
1122,244,2.25
1122,13,2.25
1122,1,2.25
1122,233,2.25
1122,253,2.25
1123,13,2.25
1123,1,2.25
1123,207,2.25
1124,207,2.25
1125,241,2.25
1125,7,2.25
1125,2,2.25
1125,216,2.25
1126,251,2.25
1126,213,2.25
1126,5,2.25
1126,235,2.25
1126,9,2.25
1126,217,2.25
1126,212,2.25
1126,10,2.25
1126,256,2.25
1127,235,2.25
1127,207,2.25
1129,121,2.25
1130,215,2.25
1130,7,2.25
1130,236,2.25
1130,217,2.25
1130,239,2.25
1130,254,2.25
1130,244,2.25
1130,253,2.25
1131,207,2.25
1132,219,2.25
1132,207,2.25
1133,241,2.25
1133,7,2.25
1133,236,2.25
1133,1831,2.25
1133,407,2.25
1133,1851,2.25
1133,903,2.25
1134,207,2.25
1135,1,2.25
1137,2,2.25
1137,12,2.25
1137,3,2.25
1138,215,2.25
1138,251,2.25
1138,17,2.25
1138,121,2.25
1138,255,2.25
1138,3,2.25
1138,246,2.25
1138,84,2.25
1138,247,2.25
1139,7,2.25
1139,235,2.25
1139,12,2.25
1139,245,2.25
1139,254,2.25
1139,210,2.25
1139,253,2.25
1139,787,2.25
1139,940,2.25
1139,84,2.25
1140,7,2.25
1140,255,2.25
1140,205,2.25
1140,219,2.25
1141,241,2.25
1141,12,2.25
1141,239,2.25
1142,241,2.25
1142,217,2.25
1142,245,2.25
1142,219,2.25
1142,13,2.25
1142,1,2.25
1142,8,2.25
1142,246,2.25
1142,249,2.25
1144,213,2.25
1144,236,2.25
1144,9,2.25
1144,217,2.25
1144,214,2.25
1144,239,2.25
1144,212,2.25
1144,11,2.25
1144,257,2.25
1144,4,2.25
1144,253,2.25
1144,247,2.25
1146,236,2.25
1146,9,2.25
1146,234,2.25
1146,211,2.25
1146,217,2.25
1146,212,2.25
1146,10,2.25
1146,13,2.25
1146,233,2.25
1147,8,2.25
1147,218,2.25
1147,583,2.25
1147,270,2.25
1147,480,2.25
1147,604,2.25
1147,698,2.25
1147,587,2.25
1147,961,2.25
1147,753,2.25
1147,680,2.25
1147,968,2.25
1147,683,2.25
1147,510,2.25
1147,432,2.25
1147,265,2.25
1148,250,2.25
1148,5,2.25
1148,12,2.25
1148,212,2.25
1148,207,2.25
1148,8,2.25
1148,233,2.25
1148,6,2.25
1149,2,2.25
1149,10,2.25
1149,207,2.25
1149,583,2.25
1149,1198,2.25
1149,1405,2.25
1149,1398,2.25
1150,213,2.25
1150,5,2.25
1150,12,2.25
1150,121,2.25
1150,244,2.25
1150,210,2.25
1152,213,2.25
1152,220,2.25
1152,12,2.25
1152,234,2.25
1152,214,2.25
1152,254,2.25
1152,13,2.25
1152,8,2.25
1153,17,2.25
1153,236,2.25
1153,1655,2.25
1153,805,2.25
1153,253,2.25
1153,270,2.25
1153,436,2.25
1153,1026,2.25
1153,194,2.25
1153,502,2.25
1153,335,2.25
1153,470,2.25
1153,481,2.25
1153,705,2.25
1153,59,2.25
1153,394,2.25
1153,503,2.25
1154,215,2.25
1154,213,2.25
1154,11,2.25
1155,2,2.25
1155,12,2.25
1155,216,2.25
1155,205,2.25
1155,13,2.25
1155,1,2.25
1155,4,2.25
1155,253,2.25
1155,84,2.25
1155,248,2.25
1156,13,2.25
1157,215,2.25
1157,213,2.25
1157,206,2.25
1157,520,2.25
1157,17,2.25
1157,11,2.25
1157,425,2.25
1157,676,2.25
1157,1026,2.25
1157,400,2.25
1157,895,2.25
1157,1031,2.25
1157,716,2.25
1157,1856,2.25
1157,204,2.25
1157,1029,2.25
1157,275,2.25
1157,744,2.25
1157,1860,2.25
1157,1028,2.25
1157,1195,2.25
1158,215,2.25
1158,5,2.25
1158,7,2.25
1158,206,2.25
1158,12,2.25
1158,121,2.25
1158,234,2.25
1158,205,2.25
1158,239,2.25
1158,257,2.25
1158,207,2.25
1159,213,2.25
1159,255,2.25
1159,1,2.25
1159,257,2.25
1159,210,2.25
1159,248,2.25
1159,1272,2.25
1159,757,2.25
1160,7,2.25
1160,477,2.25
1160,787,2.25
1161,239,2.25
1161,219,2.25
1161,10,2.25
1162,213,2.25
1162,5,2.25
1162,206,2.25
1162,211,2.25
1162,214,2.25
1162,3,2.25
1162,219,2.25
1162,11,2.25
1162,4,2.25
1162,253,2.25
1162,299,2.25
1162,289,2.25
1162,1861,2.25
1162,342,2.25
1162,1371,2.25
1163,1866,2.25
1164,216,2.25
1164,211,2.25
1164,239,2.25
1164,212,2.25
1164,347,2.25
1164,1459,2.25
1165,7,2.25
1165,205,2.25
1165,1,2.25
1165,4,2.25
1166,6,2.25
1168,342,2.25
1169,17,2.25
1169,2,2.25
1169,236,2.25
1169,9,2.25
1170,11,2.25
1170,13,2.25
1173,5,2.25
1173,17,2.25
1173,2,2.25
1173,121,2.25
1173,234,2.25
1173,214,2.25
1173,11,2.25
1173,347,2.25
1173,243,2.25
1173,362,2.25
1173,286,2.25
1173,1867,2.25
1173,332,2.25
1173,559,2.25
1173,1873,2.25
1173,1874,2.25
1173,1875,2.25
1173,1879,2.25
1173,1884,2.25
1173,1885,2.25
1174,242,2.25
1174,911,2.25
1175,206,2.25
1175,2,2.25
1175,235,2.25
1175,9,2.25
1175,216,2.25
1175,217,2.25
1175,252,2.25
1175,4,2.25
1175,84,2.25
1177,5,2.25
1177,538,2.25
1179,12,2.25
1180,7,2.25
1180,2,2.25
1180,764,2.25
1180,730,2.25
1181,215,2.25
1183,220,2.25
1183,17,2.25
1183,255,2.25
1183,4,2.25
1183,286,2.25
1184,7,2.25
1184,220,2.25
1184,9,2.25
1184,257,2.25
1186,1,2.25
1187,251,2.25
1187,206,2.25
1187,220,2.25
1187,236,2.25
1187,3,2.25
1187,218,2.25
1187,425,2.25
1187,294,2.25
1187,1348,2.25
1187,278,2.25
1187,499,2.25
1187,243,2.25
1187,340,2.25
1187,589,2.25
1187,676,2.25
1187,410,2.25
1187,189,2.25
1187,984,2.25
1187,341,2.25
1187,741,2.25
1187,750,2.25
1187,1905,2.25
1187,511,2.25
1187,1784,2.25
1187,1909,2.25
1187,1912,2.25
1187,790,2.25
1187,414,2.25
1187,678,2.25
1187,618,2.25
1187,682,2.25
1187,1923,2.25
1187,1585,2.25
1187,29,2.25
1188,250,2.25
1188,2,2.25
1188,236,2.25
1188,255,2.25
1188,219,2.25
1188,212,2.25
1188,233,2.25
1188,246,2.25
1189,7,2.25
1189,235,2.25
1189,12,2.25
1189,10,2.25
1189,6,2.25
1189,347,2.25
1189,426,2.25
1191,207,2.25
1192,7,2.25
1192,207,2.25
1193,250,2.25
1193,213,2.25
1193,206,2.25
1193,17,2.25
1193,212,2.25
1193,4,2.25
1193,253,2.25
1193,256,2.25
1193,243,2.25
1193,247,2.25
1194,12,2.25
1194,253,2.25
1194,103,2.25
1195,17,2.25
1197,215,2.25
1197,216,2.25
1197,205,2.25
1197,13,2.25
1197,249,2.25
1198,216,2.25
1198,255,2.25
1198,217,2.25
1198,254,2.25
1198,210,2.25
1199,5,2.25
1199,17,2.25
1199,255,2.25
1199,217,2.25
1199,205,2.25
1199,214,2.25
1199,257,2.25
1199,8,2.25
1199,717,2.25
1199,494,2.25
1199,764,2.25
1199,84,2.25
1199,248,2.25
1199,249,2.25
1199,256,2.25
1199,589,2.25
1199,847,2.25
1199,810,2.25
1199,275,2.25
1199,442,2.25
1199,1035,2.25
1199,290,2.25
1199,1080,2.25
1199,616,2.25
1200,239,2.25
1200,11,2.25
1200,8,2.25
1200,1442,2.25
1200,837,2.25
1200,1930,2.25
1200,1748,2.25
1201,12,2.25
1201,217,2.25
1201,13,2.25
1201,1,2.25
1202,7,2.25
1202,9,2.25
1202,211,2.25
1202,254,2.25
1202,257,2.25
1202,6,2.25
1202,246,2.25
1202,248,2.25
1202,249,2.25
1203,215,2.25
1203,2,2.25
1203,236,2.25
1203,234,2.25
1203,257,2.25
1204,254,2.25
1206,215,2.25
1206,211,2.25
1206,207,2.25
1207,7,2.25
1208,7,2.25
1208,850,2.25
1208,1275,2.25
1208,1934,2.25
1208,1022,2.25
1208,1023,2.25
1208,363,2.25
1208,579,2.25
1208,1020,2.25
1208,938,2.25
1209,250,2.25
1209,9,2.25
1209,211,2.25
1209,3,2.25
1209,212,2.25
1209,252,2.25
1209,84,2.25
1209,247,2.25
1210,236,2.25
1210,255,2.25
1210,8,2.25
1210,218,2.25
1211,207,2.25
1212,5,2.25
1212,235,2.25
1212,11,2.25
1212,805,2.25
1212,202,2.25
1212,534,2.25
1212,167,2.25
1212,1035,2.25
1212,1608,2.25
1212,1612,2.25
1212,1128,2.25
1212,1603,2.25
1212,1694,2.25
1212,1940,2.25
1212,1383,2.25
1212,1747,2.25
1212,1595,2.25
1212,1619,2.25
1212,1033,2.25
1212,1615,2.25
1213,7,2.25
1213,17,2.25
1214,2,2.25
1214,8,2.25
1214,6,2.25
1214,833,2.25
1214,1951,2.25
1215,7,2.25
1217,17,2.25
1217,2,2.25
1217,207,2.25
1218,251,2.25
1218,235,2.25
1218,121,2.25
1218,216,2.25
1218,205,2.25
1218,219,2.25
1218,4,2.25
1218,8,2.25
1218,84,2.25
1218,248,2.25
1218,243,2.25
1219,215,2.25
1220,234,2.25
1220,214,2.25
1220,239,2.25
1221,3,2.25
1222,215,2.25
1222,216,2.25
1223,286,2.25
1225,215,2.25
1225,2,2.25
1225,216,2.25
1225,3,2.25
1225,219,2.25
1225,212,2.25
1225,254,2.25
1225,11,2.25
1225,253,2.25
1225,249,2.25
1225,256,2.25
1225,243,2.25
1226,251,2.25
1226,2,2.25
1226,255,2.25
1226,219,2.25
1226,11,2.25
1226,1,2.25
1226,4,2.25
1227,215,2.25
1228,251,2.25
1228,216,2.25
1228,205,2.25
1228,214,2.25
1228,1,2.25
1228,4,2.25
1228,249,2.25
1229,205,2.25
1229,253,2.25
1230,5,2.25
1230,220,2.25
1230,211,2.25
1230,1,2.25
1230,246,2.25
1230,84,2.25
1230,248,2.25
1231,1,2.25
1231,247,2.25
1232,239,2.25
1232,257,2.25
1233,3,2.25
1233,212,2.25
1233,13,2.25
1234,213,2.25
1234,241,2.25
1234,17,2.25
1234,216,2.25
1234,255,2.25
1234,219,2.25
1234,254,2.25
1234,6,2.25
1234,247,2.25
1235,245,2.25
1235,3,2.25
1235,219,2.25
1235,11,2.25
1235,257,2.25
1235,210,2.25
1235,253,2.25
1236,5,2.25
1236,255,2.25
1236,11,2.25
1236,1,2.25
1236,256,2.25
1238,251,2.25
1238,7,2.25
1238,220,2.25
1238,17,2.25
1238,255,2.25
1238,211,2.25
1238,217,2.25
1238,205,2.25
1238,245,2.25
1238,3,2.25
1238,10,2.25
1238,233,2.25
1238,246,2.25
1238,248,2.25
1238,243,2.25
1238,247,2.25
1239,213,2.25
1239,206,2.25
1239,220,2.25
1239,17,2.25
1239,12,2.25
1239,211,2.25
1239,205,2.25
1239,247,2.25
1240,11,2.25
1241,7,2.25
1241,220,2.25
1241,216,2.25
1241,211,2.25
1241,245,2.25
1241,254,2.25
1241,10,2.25
1241,1,2.25
1241,257,2.25
1241,4,2.25
1241,256,2.25
1243,235,2.25
1243,12,2.25
1243,1,2.25
1244,17,2.25
1244,11,2.25
1244,805,2.25
1244,59,2.25
1245,13,2.25
1246,251,2.25
1246,12,2.25
1246,255,2.25
1246,234,2.25
1246,214,2.25
1246,207,2.25
1246,233,2.25
1246,210,2.25
1247,11,2.25
1248,213,2.25
1248,219,2.25
1248,252,2.25
1249,215,2.25
1249,5,2.25
1249,220,2.25
1249,214,2.25
1249,3,2.25
1249,11,2.25
1249,257,2.25
1249,8,2.25
1249,6,2.25
1249,585,2.25
1249,243,2.25
1249,46,2.25
1249,1395,2.25
1249,919,2.25
1249,1569,2.25
1249,1124,2.25
1249,1574,2.25
1249,40,2.25
1249,67,2.25
1249,157,2.25
1249,1966,2.25
1249,1579,2.25
1249,1572,2.25
1250,12,2.25
1250,245,2.25
1250,239,2.25
1250,3,2.25
1250,1,2.25
1250,247,2.25
1251,254,2.25
1252,215,2.25
1252,250,2.25
1252,12,2.25
1252,3,2.25
1252,219,2.25
1252,84,2.25
1253,7,2.25
1253,205,2.25
1254,241,2.25
1254,5,2.25
1254,7,2.25
1254,205,2.25
1254,244,2.25
1254,207,2.25
1254,246,2.25
1254,248,2.25
1255,250,2.25
1255,12,2.25
1255,239,2.25
1255,84,2.25
1255,473,2.25
1257,215,2.25
1257,241,2.25
1257,17,2.25
1257,255,2.25
1257,245,2.25
1257,11,2.25
1257,210,2.25
1257,246,2.25
1258,213,2.25
1258,12,2.25
1258,253,2.25
1259,1,2.25
1261,250,2.25
1261,251,2.25
1261,213,2.25
1261,206,2.25
1261,235,2.25
1261,9,2.25
1261,239,2.25
1261,3,2.25
1261,212,2.25
1261,254,2.25
1261,11,2.25
1261,252,2.25
1261,246,2.25
1261,253,2.25
1263,234,2.25
1263,205,2.25
1263,245,2.25
1263,239,2.25
1263,212,2.25
1263,10,2.25
1263,13,2.25
1263,252,2.25
1263,8,2.25
1263,233,2.25
1265,215,2.25
1265,213,2.25
1265,4,2.25
1266,220,2.25
1267,215,2.25
1267,212,2.25
1267,11,2.25
1267,252,2.25
1268,250,2.25
1268,17,2.25
1268,205,2.25
1269,1274,2.25
1270,11,2.25
1270,8,2.25
1270,449,2.25
1271,220,2.25
1271,211,2.25
1271,245,2.25
1271,233,2.25
1272,215,2.25
1272,2,2.25
1272,1,2.25
1272,877,2.25
1273,3,2.25
1274,250,2.25
1274,17,2.25
1274,12,2.25
1274,245,2.25
1274,212,2.25
1274,11,2.25
1274,8,2.25
1274,210,2.25
1274,247,2.25
1276,216,2.25
1276,239,2.25
1279,206,2.25
1279,2,2.25
1279,236,2.25
1279,216,2.25
1279,234,2.25
1279,211,2.25
1279,214,2.25
1279,219,2.25
1279,257,2.25
1279,8,2.25
1279,243,2.25
1280,251,2.25
1280,235,2.25
1280,13,2.25
1280,249,2.25
1281,241,2.25
1281,219,2.25
1282,7,2.25
1282,17,2.25
1282,255,2.25
1282,211,2.25
1283,251,2.25
1283,7,2.25
1283,206,2.25
1283,255,2.25
1283,205,2.25
1284,215,2.25
1284,5,2.25
1284,254,2.25
1284,11,2.25
1284,6,2.25
1285,215,2.25
1285,213,2.25
1286,251,2.25
1286,7,2.25
1286,206,2.25
1286,216,2.25
1286,234,2.25
1286,211,2.25
1286,245,2.25
1286,212,2.25
1286,11,2.25
1286,13,2.25
1286,207,2.25
1286,210,2.25
1286,256,2.25
1287,12,2.25
1287,207,2.25
1287,8,2.25
1288,17,2.25
1288,236,2.25
1288,11,2.25
1288,1,2.25
1288,253,2.25
1288,365,2.25
1288,746,2.25
1288,678,2.25
1288,1275,2.25
1288,1801,2.25
1288,1974,2.25
1288,1030,2.25
1289,5,2.25
1289,17,2.25
1289,236,2.25
1289,121,2.25
1289,212,2.25
1289,244,2.25
1289,257,2.25
1289,8,2.25
1289,256,2.25
1289,247,2.25
1289,240,2.25
1289,297,2.25
1290,213,2.25
1290,241,2.25
1290,244,2.25
1291,213,2.25
1291,2,2.25
1291,3,2.25
1291,212,2.25
1291,11,2.25
1292,215,2.25
1292,213,2.25
1292,12,2.25
1292,234,2.25
1292,205,2.25
1292,245,2.25
1292,11,2.25
1292,10,2.25
1292,4,2.25
1292,248,2.25
1292,243,2.25
1292,1976,2.25
1293,211,2.25
1293,245,2.25
1293,11,2.25
1294,213,2.25
1294,245,2.25
1295,216,2.25
1295,245,2.25
1295,3,2.25
1295,1,2.25
1295,8,2.25
1295,6,2.25
1295,246,2.25
1295,253,2.25
1295,84,2.25
1296,5,2.25
1296,1,2.25
1297,213,2.25
1297,211,2.25
1298,787,2.25
1299,11,2.25
1299,13,2.25
1300,206,2.25
1300,17,2.25
1300,2,2.25
1300,211,2.25
1300,217,2.25
1300,205,2.25
1300,212,2.25
1300,244,2.25
1300,1,2.25
1300,4,2.25
1300,207,2.25
1300,210,2.25
1300,246,2.25
1301,215,2.25
1302,250,2.25
1302,235,2.25
1302,12,2.25
1302,234,2.25
1302,3,2.25
1302,219,2.25
1302,13,2.25
1302,8,2.25
1302,210,2.25
1304,215,2.25
1304,236,2.25
1304,9,2.25
1304,121,2.25
1304,245,2.25
1304,239,2.25
1304,219,2.25
1304,13,2.25
1304,1,2.25
1304,8,2.25
1304,233,2.25
1304,210,2.25
1304,256,2.25
1305,2,2.25
1305,236,2.25
1305,1,2.25
1305,4,2.25
1305,435,2.25
1305,793,2.25
1307,213,2.25
1307,206,2.25
1307,12,2.25
1307,216,2.25
1307,234,2.25
1308,215,2.25
1308,251,2.25
1308,2,2.25
1308,235,2.25
1308,3,2.25
1308,13,2.25
1308,1,2.25
1308,249,2.25
1310,7,2.25
1310,8,2.25
1311,257,2.25
1313,215,2.25
1315,3,2.25
1316,257,2.25
1317,10,2.25
1317,257,2.25
1317,253,2.25
1318,250,2.25
1318,213,2.25
1318,241,2.25
1318,206,2.25
1318,12,2.25
1318,205,2.25
1318,214,2.25
1318,219,2.25
1318,254,2.25
1318,1,2.25
1318,252,2.25
1318,233,2.25
1318,246,2.25
1318,248,2.25
1318,249,2.25
1319,7,2.25
1319,207,2.25
1320,17,2.25
1321,4,2.25
1324,2,2.25
1325,7,2.25
1325,3,2.25
1327,17,2.25
1328,213,2.25
1328,292,2.25
1329,11,2.25
1329,6,2.25
1330,1555,2.25
1332,252,2.25
1333,241,2.25
1333,5,2.25
1333,7,2.25
1333,2,2.25
1333,12,2.25
1333,4,2.25
1333,8,2.25
1333,763,2.25
1333,1597,2.25
1333,1844,2.25
1333,103,2.25
1333,799,2.25
1333,514,2.25
1333,1037,2.25
1333,1867,2.25
1333,1018,2.25
1333,472,2.25
1333,1945,2.25
1333,1983,2.25
1333,1984,2.25
1333,1988,2.25
1333,1990,2.25
1333,1732,2.25
1333,1657,2.25
1333,269,2.25
1333,1995,2.25
1333,1999,2.25
1333,2004,2.25
1333,2005,2.25
1333,2010,2.25
1333,2016,2.25
1333,355,2.25
1333,2018,2.25
1333,2020,2.25
1333,928,2.25
1334,207,2.25
1335,5,2.25
1335,7,2.25
1335,206,2.25
1335,220,2.25
1335,2,2.25
1335,236,2.25
1335,234,2.25
1335,239,2.25
1335,3,2.25
1335,11,2.25
1335,244,2.25
1335,13,2.25
1335,246,2.25
1336,2025,2.25
1336,1501,2.25
1337,11,2.25
1338,220,2.25
1338,245,2.25
1338,4,2.25
1338,246,2.25
1338,243,2.25
1340,7,2.25
1341,5,2.25
1341,7,2.25
1341,239,2.25
1341,219,2.25
1341,207,2.25
1342,17,2.25
1342,236,2.25
1342,205,2.25
1342,245,2.25
1342,239,2.25
1342,3,2.25
1342,252,2.25
1342,4,2.25
1342,233,2.25
1342,659,2.25
1342,1302,2.25
1343,12,2.25
1343,9,2.25
1343,216,2.25
1343,239,2.25
1343,3,2.25
1343,13,2.25
1343,1,2.25
1345,1,2.25
1345,6,2.25
1346,3,2.25
1347,250,2.25
1347,251,2.25
1347,5,2.25
1347,12,2.25
1347,211,2.25
1347,217,2.25
1347,219,2.25
1347,13,2.25
1347,207,2.25
1347,233,2.25
1348,213,2.25
1348,220,2.25
1348,17,2.25
1348,217,2.25
1348,207,2.25
1348,8,2.25
1350,17,2.25
1350,235,2.25
1350,84,2.25
1352,250,2.25
1352,206,2.25
1352,236,2.25
1352,12,2.25
1352,9,2.25
1352,3,2.25
1352,252,2.25
1352,8,2.25
1354,3,2.25
1355,251,2.25
1355,17,2.25
1355,217,2.25
1355,207,2.25
1355,585,2.25
1355,84,2.25
1355,1279,2.25
1356,213,2.25
1356,3,2.25
1356,1,2.25
1357,716,2.25
1357,743,2.25
1358,10,2.25
1359,2,2.25
1360,805,2.25
1360,477,2.25
1361,12,2.25
1361,1,2.25
1361,257,2.25
1361,207,2.25
1361,318,2.25
1362,215,2.25
1362,257,2.25
1363,236,2.25
1363,216,2.25
1363,234,2.25
1363,214,2.25
1363,245,2.25
1363,239,2.25
1363,252,2.25
1363,233,2.25
1363,6,2.25
1363,248,2.25
1363,243,2.25
1365,5,2.25
1365,255,2.25
1365,253,2.25
1366,251,2.25
1366,7,2.25
1366,206,2.25
1366,255,2.25
1366,211,2.25
1366,219,2.25
1366,254,2.25
1366,244,2.25
1367,17,2.25
1367,236,2.25
1367,12,2.25
1368,5,2.25
1369,7,2.25
1370,7,2.25
1370,236,2.25
1370,12,2.25
1370,121,2.25
1370,255,2.25
1370,217,2.25
1370,239,2.25
1370,254,2.25
1370,13,2.25
1370,6,2.25
1370,247,2.25
1371,9,2.25
1372,215,2.25
1372,7,2.25
1372,1,2.25
1373,251,2.25
1373,241,2.25
1374,7,2.25
1374,211,2.25
1374,2033,2.25
1374,476,2.25
1375,215,2.25
1375,251,2.25
1375,206,2.25
1375,2,2.25
1375,235,2.25
1375,255,2.25
1375,234,2.25
1375,3,2.25
1375,13,2.25
1375,252,2.25
1375,207,2.25
1375,253,2.25
1375,84,2.25
1375,243,2.25
1376,2,2.25
1376,255,2.25
1376,11,2.25
1376,4,2.25
1376,8,2.25
1378,7,2.25
1378,205,2.25
1378,8,2.25
1379,234,2.25
1380,2,2.25
1380,11,2.25
1382,17,2.25
1382,255,2.25
1382,245,2.25
1382,239,2.25
1382,11,2.25
1382,10,2.25
1382,207,2.25
1382,2034,2.25
1383,236,2.25
1383,9,2.25
1383,3,2.25
1383,207,2.25
1383,1176,2.25
1385,215,2.25
1385,7,2.25
1385,206,2.25
1385,6,2.25
1385,210,2.25
1386,213,2.25
1386,241,2.25
1386,5,2.25
1386,12,2.25
1386,9,2.25
1386,211,2.25
1386,1,2.25
1386,256,2.25
1386,31,2.25
1386,816,2.25
1386,104,2.25
1386,838,2.25
1386,742,2.25
1386,823,2.25
1386,809,2.25
1386,28,2.25
1387,2,2.25
1387,236,2.25
1387,9,2.25
1387,3,2.25
1387,318,2.25
1388,235,2.25
1388,12,2.25
1388,211,2.25
1388,239,2.25
1388,254,2.25
1388,244,2.25
1388,13,2.25
1388,257,2.25
1388,207,2.25
1388,246,2.25
1388,253,2.25
1388,249,2.25
1389,213,2.25
1390,7,2.25
1390,9,2.25
1390,11,2.25
1390,10,2.25
1390,8,2.25
1390,233,2.25
1392,824,2.25
1392,69,2.25
1393,215,2.25
1393,250,2.25
1393,5,2.25
1393,12,2.25
1393,121,2.25
1393,216,2.25
1393,217,2.25
1393,245,2.25
1393,3,2.25
1393,212,2.25
1393,254,2.25
1393,8,2.25
1393,248,2.25
1393,249,2.25
1394,270,2.25
1396,241,2.25
1396,206,2.25
1396,220,2.25
1396,2,2.25
1396,235,2.25
1396,121,2.25
1396,205,2.25
1396,245,2.25
1396,212,2.25
1396,13,2.25
1396,233,2.25
1396,242,2.25
1396,256,2.25
1397,501,2.25
1397,787,2.25
1397,1660,2.25
1397,1267,2.25
1398,2,2.25
1398,1,2.25
1398,207,2.25
1398,850,2.25
1398,590,2.25
1398,478,2.25
1398,432,2.25
1398,304,2.25
1398,588,2.25
1398,363,2.25
1398,1230,2.25
1398,948,2.25
1398,770,2.25
1398,564,2.25
1398,2042,2.25
1398,2043,2.25
1399,241,2.25
1399,9,2.25
1399,10,2.25
1399,1,2.25
1400,521,2.25
1401,215,2.25
1402,8,2.25
1402,85,2.25
1402,554,2.25
1402,1408,2.25
1402,2044,2.25
1405,10,2.25
1406,3,2.25
1406,1,2.25
1406,781,2.25
1406,712,2.25
1406,693,2.25
1406,333,2.25
1406,325,2.25
1406,322,2.25
1406,327,2.25
1406,317,2.25
1406,319,2.25
1407,638,2.25
1407,1533,2.25
1408,1379,2.25
1409,10,2.25
1409,207,2.25
1409,233,2.25
1412,236,2.25
1412,1567,2.25
1413,512,2.25
1414,213,2.25
1414,5,2.25
1414,7,2.25
1414,17,2.25
1414,217,2.25
1414,219,2.25
1414,254,2.25
1414,252,2.25
1414,4,2.25
1414,233,2.25
1414,210,2.25
1414,84,2.25
1415,9,2.25
1415,234,2.25
1415,11,2.25
1416,213,2.25
1416,5,2.25
1416,206,2.25
1416,2,2.25
1416,9,2.25
1416,214,2.25
1416,245,2.25
1416,3,2.25
1416,210,2.25
1416,256,2.25
1416,757,2.25
1416,1299,2.25
1417,17,2.25
1417,900,2.25
1418,583,2.25
1418,268,2.25
1419,10,2.25
1420,251,2.25
1420,5,2.25
1420,9,2.25
1420,216,2.25
1420,214,2.25
1420,3,2.25
1420,252,2.25
1420,4,2.25
1420,207,2.25
1420,6,2.25
1420,249,2.25
1422,369,2.25
1423,241,2.25
1423,12,2.25
1423,255,2.25
1423,234,2.25
1423,205,2.25
1423,3,2.25
1423,219,2.25
1423,11,2.25
1423,249,2.25
1424,235,2.25
1424,12,2.25
1425,220,2.25
1425,211,2.25
1425,3,2.25
1425,212,2.25
1425,254,2.25
1425,252,2.25
1425,8,2.25
1425,187,2.25
1425,249,2.25
1425,256,2.25
1425,243,2.25
1426,213,2.25
1426,11,2.25
1426,10,2.25
1426,1,2.25
1426,257,2.25
1427,257,2.25
1428,2,2.25
1428,234,2.25
1428,245,2.25
1428,3,2.25
1428,4,2.25
1428,210,2.25
1428,248,2.25
1428,249,2.25
1428,243,2.25
1428,247,2.25
1429,213,2.25
1429,17,2.25
1429,9,2.25
1429,216,2.25
1429,245,2.25
1429,10,2.25
1429,1,2.25
1429,84,2.25
1430,250,2.25
1430,241,2.25
1430,12,2.25
1430,205,2.25
1430,239,2.25
1430,212,2.25
1430,11,2.25
1430,252,2.25
1430,4,2.25
1430,207,2.25
1430,6,2.25
1430,253,2.25
1430,248,2.25
1430,249,2.25
1431,250,2.25
1431,3,2.25
1431,11,2.25
1432,241,2.25
1432,11,2.25
1432,252,2.25
1432,432,2.25
1432,584,2.25
1432,746,2.25
1432,600,2.25
1433,1,2.25
1434,361,2.25
1435,7,2.25
1435,2,2.25
1435,12,2.25
1435,207,2.25
1435,8,2.25
1435,157,2.25
1435,545,2.25
1435,826,2.25
1436,2,2.25
1437,254,2.25
1437,880,2.25
1437,318,2.25
1437,512,2.25
1437,59,2.25
1437,468,2.25
1437,1876,2.25
1437,842,2.25
1437,1559,2.25
1438,241,2.25
1438,5,2.25
1438,255,2.25
1438,211,2.25
1438,205,2.25
1438,245,2.25
1438,239,2.25
1438,254,2.25
1438,11,2.25
1438,257,2.25
1438,84,2.25
1439,5,2.25
1439,220,2.25
1439,235,2.25
1439,234,2.25
1439,214,2.25
1439,1,2.25
1439,252,2.25
1439,257,2.25
1440,7,2.25
1440,211,2.25
1440,205,2.25
1440,10,2.25
1442,7,2.25
1443,241,2.25
1443,12,2.25
1443,3,2.25
1443,257,2.25
1443,207,2.25
1443,1315,2.25
1444,250,2.25
1444,121,2.25
1444,214,2.25
1444,219,2.25
1444,212,2.25
1444,257,2.25
1444,253,2.25
1444,877,2.25
1446,213,2.25
1446,205,2.25
1446,1,2.25
1446,257,2.25
1446,253,2.25
1447,7,2.25
1448,215,2.25
1448,213,2.25
1448,220,2.25
1448,239,2.25
1448,254,2.25
1448,11,2.25
1448,207,2.25
1448,246,2.25
1448,256,2.25
1450,211,2.25
1450,8,2.25
1451,215,2.25
1451,250,2.25
1451,241,2.25
1451,5,2.25
1451,220,2.25
1451,217,2.25
1451,210,2.25
1451,84,2.25
1451,249,2.25
1452,219,2.25
1452,1,2.25
1452,253,2.25
1452,2045,2.25
1452,2053,2.25
1453,235,2.25
1453,245,2.25
1453,257,2.25
1453,6,2.25
1453,210,2.25
1453,253,2.25
1453,249,2.25
1454,5,2.25
1454,7,2.25
1454,220,2.25
1454,235,2.25
1454,9,2.25
1454,217,2.25
1454,239,2.25
1454,219,2.25
1454,1641,2.25
1455,5,2.25
1455,12,2.25
1455,247,2.25
1457,251,2.25
1457,241,2.25
1457,206,2.25
1457,236,2.25
1457,234,2.25
1457,11,2.25
1457,13,2.25
1457,252,2.25
1457,256,2.25
1457,247,2.25
1458,251,2.25
1458,7,2.25
1458,9,2.25
1458,121,2.25
1458,239,2.25
1458,3,2.25
1458,219,2.25
1458,11,2.25
1458,10,2.25
1458,1,2.25
1458,207,2.25
1458,233,2.25
1458,253,2.25
1458,248,2.25
1459,215,2.25
1459,2,2.25
1459,3,2.25
1459,10,2.25
1459,977,2.25
1459,194,2.25
1460,241,2.25
1460,236,2.25
1460,9,2.25
1460,205,2.25
1460,245,2.25
1460,219,2.25
1460,254,2.25
1460,10,2.25
1460,1,2.25
1460,207,2.25
1460,210,2.25
1460,253,2.25
1460,84,2.25
1460,243,2.25
1460,247,2.25
1461,220,2.25
1461,17,2.25
1461,255,2.25
1461,205,2.25
1461,214,2.25
1461,219,2.25
1461,212,2.25
1461,252,2.25
1461,257,2.25
1461,8,2.25
1461,253,2.25
1461,248,2.25
1462,206,2.25
1462,2,2.25
1462,211,2.25
1462,217,2.25
1462,205,2.25
1462,214,2.25
1464,5,2.25
1464,255,2.25
1464,245,2.25
1464,10,2.25
1464,252,2.25
1464,210,2.25
1464,84,2.25
1464,248,2.25
1464,249,2.25
1465,7,2.25
1465,9,2.25
1465,3,2.25
1465,252,2.25
1465,207,2.25
1465,246,2.25
1466,235,2.25
1466,211,2.25
1466,205,2.25
1466,805,2.25
1466,712,2.25
1466,900,2.25
1466,1112,2.25
1467,2,2.25
1467,214,2.25
1467,245,2.25
1467,3,2.25
1467,219,2.25
1467,254,2.25
1467,252,2.25
1467,84,2.25
1467,248,2.25
1467,256,2.25
1468,236,2.25
1468,12,2.25
1468,4,2.25
1468,675,2.25
1468,696,2.25
1468,539,2.25
1468,1298,2.25
1469,2,2.25
1469,234,2.25
1469,217,2.25
1469,205,2.25
1469,13,2.25
1469,1,2.25
1470,250,2.25
1470,251,2.25
1470,5,2.25
1470,206,2.25
1470,9,2.25
1470,245,2.25
1470,219,2.25
1470,11,2.25
1470,244,2.25
1470,4,2.25
1471,17,2.25
1471,12,2.25
1471,9,2.25
1471,11,2.25
1472,215,2.25
1474,213,2.25
1474,9,2.25
1474,121,2.25
1474,255,2.25
1474,211,2.25
1474,217,2.25
1474,3,2.25
1474,219,2.25
1474,1,2.25
1474,8,2.25
1474,210,2.25
1474,84,2.25
1475,251,2.25
1475,235,2.25
1475,236,2.25
1475,255,2.25
1475,217,2.25
1475,244,2.25
1475,10,2.25
1475,1,2.25
1475,233,2.25
1475,84,2.25
1475,248,2.25
1475,249,2.25
1476,250,2.25
1476,220,2.25
1476,254,2.25
1476,1,2.25
1476,248,2.25
1476,256,2.25
1476,247,2.25
1478,7,2.25
1478,206,2.25
1478,220,2.25
1478,17,2.25
1478,12,2.25
1478,9,2.25
1478,217,2.25
1478,245,2.25
1478,254,2.25
1478,244,2.25
1478,4,2.25
1478,8,2.25
1478,6,2.25
1478,84,2.25
1478,588,2.25
1479,11,2.25
1480,220,2.25
1480,121,2.25
1480,245,2.25
1480,3,2.25
1480,254,2.25
1480,1,2.25
1480,207,2.25
1480,84,2.25
1480,248,2.25
1481,148,2.25
1481,821,2.25
1481,392,2.25
1483,213,2.25
1483,206,2.25
1483,236,2.25
1483,12,2.25
1483,216,2.25
1483,214,2.25
1483,10,2.25
1483,13,2.25
1483,249,2.25
1483,243,2.25
1485,206,2.25
1485,347,2.25
1486,7,2.25
1486,235,2.25
1486,214,2.25
1486,210,2.25
1487,11,2.25
1488,7,2.25
1488,11,2.25
1488,1,2.25
1488,207,2.25
1488,769,2.25
1489,215,2.25
1489,255,2.25
1489,211,2.25
1489,3,2.25
1489,219,2.25
1489,11,2.25
1489,252,2.25
1491,2,2.25
1491,236,2.25
1491,11,2.25
1491,307,2.25
1491,59,2.25
1491,596,2.25
1491,1657,2.25
1491,836,2.25
1491,1658,2.25
1492,251,2.25
1492,13,2.25
1492,233,2.25
1492,1660,2.25
1493,1279,2.25
1493,1979,2.25
1493,1764,2.25
1493,1729,2.25
1493,885,2.25
1496,17,2.25
1496,235,2.25
1496,219,2.25
1496,10,2.25
1496,207,2.25
1496,8,2.25
1496,218,2.25
1496,658,2.25
1496,787,2.25
1496,758,2.25
1496,875,2.25
1496,267,2.25
1496,1938,2.25
1496,1832,2.25
1496,1694,2.25
1496,1942,2.25
1496,1946,2.25
1496,1033,2.25
1496,1044,2.25
1497,2067,2.25
1498,206,2.25
1498,2,2.25
1498,216,2.25
1498,211,2.25
1498,244,2.25
1498,13,2.25
1498,1,2.25
1499,250,2.25
1499,213,2.25
1499,241,2.25
1499,206,2.25
1499,121,2.25
1499,216,2.25
1499,234,2.25
1499,211,2.25
1499,10,2.25
1499,13,2.25
1499,257,2.25
1499,246,2.25
1499,84,2.25
1499,248,2.25
1500,7,2.25
1500,12,2.25
1500,307,2.25
1501,2,2.25
1501,214,2.25
1501,212,2.25
1501,11,2.25
1501,244,2.25
1501,10,2.25
1502,215,2.25
1502,251,2.25
1502,213,2.25
1502,241,2.25
1502,235,2.25
1502,9,2.25
1502,234,2.25
1502,205,2.25
1502,244,2.25
1502,257,2.25
1502,4,2.25
1502,84,2.25
1502,248,2.25
1502,249,2.25
1503,7,2.25
1503,234,2.25
1503,10,2.25
1504,206,2.25
1504,1,2.25
1504,253,2.25
1504,834,2.25
1504,2071,2.25
1505,5,2.25
1505,219,2.25
1505,257,2.25
1505,207,2.25
1505,218,2.25
1508,220,2.25
1508,2,2.25
1508,236,2.25
1508,253,2.25
1508,806,2.25
1508,751,2.25
1,2,2.25
1,3,2.25
1,10,2.25
1,8,2.25
2,13,2.25
3,55,2.25
3,204,2.25
3,116,2.25
3,25,2.25
3,152,2.25
3,154,2.25
3,40,2.25
3,141,2.25
3,119,2.25
3,124,2.25
3,64,2.25
3,83,2.25
3,102,2.25
3,14,2.25
3,34,2.25
3,39,2.25
3,45,2.25
3,48,2.25
3,50,2.25
3,58,2.25
3,60,2.25
3,66,2.25
3,88,2.25
3,89,2.25
3,97,2.25
3,112,2.25
3,114,2.25
3,133,2.25
3,140,2.25
3,159,2.25
3,162,2.25
3,163,2.25
3,172,2.25
3,182,2.25
3,185,2.25
3,201,2.25
4,17,2.25
4,205,2.25
6,7,2.25
6,211,2.25
7,10,2.25
8,217,2.25
12,11,2.25
12,84,2.25
13,207,2.25
13,227,2.25
14,7,2.25
14,234,2.25
14,13,2.25
16,219,2.25
16,207,2.25
19,241,2.25
19,3,2.25
20,207,2.25
20,242,2.25
21,213,2.25
21,5,2.25
21,220,2.25
21,2,2.25
21,236,2.25
21,219,2.25
21,10,2.25
21,13,2.25
21,207,2.25
21,210,2.25
21,253,2.25
21,249,2.25
21,247,2.25
22,17,2.25
22,2,2.25
22,12,2.25
22,11,2.25
22,4,2.25
25,241,2.25
25,206,2.25
25,2,2.25
25,9,2.25
25,121,2.25
25,234,2.25
25,205,2.25
25,212,2.25
25,254,2.25
25,257,2.25
25,207,2.25
25,256,2.25
26,215,2.25
26,260,2.25
27,2,2.25
27,216,2.25
27,255,2.25
27,214,2.25
27,3,2.25
27,11,2.25
27,10,2.25
27,1,2.25
28,251,2.25
28,241,2.25
28,7,2.25
28,2,2.25
28,12,2.25
28,121,2.25
28,216,2.25
28,234,2.25
28,211,2.25
28,205,2.25
28,214,2.25
28,244,2.25
28,233,2.25
28,210,2.25
28,256,2.25
29,270,2.25
29,286,2.25
29,304,2.25
29,290,2.25
29,297,2.25
29,269,2.25
29,296,2.25
29,298,2.25
29,306,2.25
30,7,2.25
30,12,2.25
30,9,2.25
30,216,2.25
30,255,2.25
30,214,2.25
30,252,2.25
30,249,2.25
30,256,2.25
30,247,2.25
31,216,2.25
32,7,2.25
32,206,2.25
32,236,2.25
32,308,2.25
33,206,2.25
33,236,2.25
33,12,2.25
33,4,2.25
34,3,2.25
34,207,2.25
35,311,2.25
36,215,2.25
36,206,2.25
36,210,2.25
37,213,2.25
37,241,2.25
37,7,2.25
37,12,2.25
37,121,2.25
37,216,2.25
37,214,2.25
37,239,2.25
37,244,2.25
37,1,2.25
37,252,2.25
37,8,2.25
37,246,2.25
37,253,2.25
38,213,2.25
38,216,2.25
38,255,2.25
38,211,2.25
38,205,2.25
38,245,2.25
38,3,2.25
38,219,2.25
38,212,2.25
38,13,2.25
41,13,2.25
42,278,2.25
43,213,2.25
43,3,2.25
43,1,2.25
45,13,2.25
45,4,2.25
46,250,2.25
46,213,2.25
46,4,2.25
48,11,2.25
48,4,2.25
49,246,2.25
50,250,2.25
50,220,2.25
50,9,2.25
50,216,2.25
50,11,2.25
50,13,2.25
50,257,2.25
50,8,2.25
50,6,2.25
50,253,2.25
51,318,2.25
51,332,2.25
51,333,2.25
51,321,2.25
52,213,2.25
52,13,2.25
53,213,2.25
53,206,2.25
53,236,2.25
53,9,2.25
53,245,2.25
53,212,2.25
53,13,2.25
53,1,2.25
53,252,2.25
53,256,2.25
54,11,2.25
55,7,2.25
55,220,2.25
55,245,2.25
55,13,2.25
55,4,2.25
55,6,2.25
56,250,2.25
56,5,2.25
56,17,2.25
56,234,2.25
56,245,2.25
56,278,2.25
56,338,2.25
58,340,2.25
60,341,2.25
61,216,2.25
63,347,2.25
64,7,2.25
64,206,2.25
64,17,2.25
64,12,2.25
64,212,2.25
64,243,2.25
65,17,2.25
65,216,2.25
65,348,2.25
66,350,2.25
67,241,2.25
67,9,2.25
67,239,2.25
67,207,2.25
68,9,2.25
68,239,2.25
68,13,2.25
68,1,2.25
68,210,2.25
68,253,2.25
69,215,2.25
69,17,2.25
69,121,2.25
69,216,2.25
70,236,2.25
70,234,2.25
70,11,2.25
71,12,2.25
71,1,2.25
71,4,2.25
72,5,2.25
72,17,2.25
72,12,2.25
72,9,2.25
72,255,2.25
72,211,2.25
72,214,2.25
72,4,2.25
72,207,2.25
72,249,2.25
73,250,2.25
73,5,2.25
73,216,2.25
73,217,2.25
73,214,2.25
73,257,2.25
73,253,2.25
73,248,2.25
74,261,2.25
75,2,2.25
77,215,2.25
78,372,2.25
78,363,2.25
78,358,2.25
78,369,2.25
78,364,2.25
78,376,2.25
78,382,2.25
79,215,2.25
79,250,2.25
79,251,2.25
79,425,2.25
79,477,2.25
79,501,2.25
79,447,2.25
79,478,2.25
79,388,2.25
79,459,2.25
79,512,2.25
79,484,2.25
79,436,2.25
79,435,2.25
79,470,2.25
79,485,2.25
79,448,2.25
79,488,2.25
79,472,2.25
79,443,2.25
79,449,2.25
79,439,2.25
79,384,2.25
79,387,2.25
79,399,2.25
79,416,2.25
79,429,2.25
79,462,2.25
79,469,2.25
79,487,2.25
79,507,2.25
79,508,2.25
79,515,2.25
80,250,2.25
80,1,2.25
80,522,2.25
81,215,2.25
81,244,2.25
81,252,2.25
81,435,2.25
81,541,2.25
81,534,2.25
81,550,2.25
81,548,2.25
81,533,2.25
81,535,2.25
82,7,2.25
82,4,2.25
82,551,2.25
83,250,2.25
83,5,2.25
83,7,2.25
83,121,2.25
83,254,2.25
83,11,2.25
83,252,2.25
84,235,2.25
84,12,2.25
84,205,2.25
84,207,2.25
84,247,2.25
85,215,2.25
86,215,2.25
86,251,2.25
86,5,2.25
86,17,2.25
86,234,2.25
86,217,2.25
86,205,2.25
86,214,2.25
86,245,2.25
86,212,2.25
86,10,2.25
86,4,2.25
87,7,2.25
87,236,2.25
87,205,2.25
88,251,2.25
88,219,2.25
89,12,2.25
89,257,2.25
91,212,2.25
91,254,2.25
91,565,2.25
91,555,2.25
91,564,2.25
91,557,2.25
91,552,2.25
92,7,2.25
92,17,2.25
92,216,2.25
92,207,2.25
95,250,2.25
95,5,2.25
95,206,2.25
95,255,2.25
95,205,2.25
95,245,2.25
95,10,2.25
95,13,2.25
95,207,2.25
95,246,2.25
96,215,2.25
96,250,2.25
96,251,2.25
96,12,2.25
96,9,2.25
96,216,2.25
96,6,2.25
96,210,2.25
96,246,2.25
96,248,2.25
97,213,2.25
97,235,2.25
97,236,2.25
97,255,2.25
97,234,2.25
97,245,2.25
97,233,2.25
97,253,2.25
97,248,2.25
98,585,2.25
98,590,2.25
98,512,2.25
98,597,2.25
98,365,2.25
98,432,2.25
98,595,2.25
99,220,2.25
99,12,2.25
99,3,2.25
99,10,2.25
101,216,2.25
104,11,2.25
104,10,2.25
106,7,2.25
106,17,2.25
106,207,2.25
107,12,2.25
107,121,2.25
107,254,2.25
107,13,2.25
107,257,2.25
107,4,2.25
107,246,2.25
109,2,2.25
110,4,2.25
110,605,2.25
111,2,2.25
111,255,2.25
111,234,2.25
111,211,2.25
111,212,2.25
111,257,2.25
111,4,2.25
111,253,2.25
111,256,2.25
112,236,2.25
112,218,2.25
112,608,2.25
114,241,2.25
114,5,2.25
114,9,2.25
114,216,2.25
114,239,2.25
114,11,2.25
114,13,2.25
114,253,2.25
115,2,2.25
115,236,2.25
115,121,2.25
115,205,2.25
115,3,2.25
115,4,2.25
115,233,2.25
115,253,2.25
115,249,2.25
116,206,2.25
116,10,2.25
116,610,2.25
117,12,2.25
117,207,2.25
119,7,2.25
120,7,2.25
120,2,2.25
120,13,2.25
120,249,2.25
121,7,2.25
121,216,2.25
121,217,2.25
121,214,2.25
121,254,2.25
121,11,2.25
121,13,2.25
121,207,2.25
121,233,2.25
121,256,2.25
122,121,2.25
122,217,2.25
124,245,2.25
124,254,2.25
124,253,2.25
125,17,2.25
125,235,2.25
125,205,2.25
125,219,2.25
125,254,2.25
125,8,2.25
125,253,2.25
126,236,2.25
126,9,2.25
126,255,2.25
126,214,2.25
126,3,2.25
126,8,2.25
127,215,2.25
127,213,2.25
127,2,2.25
127,254,2.25
127,11,2.25
128,241,2.25
128,220,2.25
128,255,2.25
128,214,2.25
128,219,2.25
128,11,2.25
128,1,2.25
128,6,2.25
128,599,2.25
129,213,2.25
129,217,2.25
129,214,2.25
129,11,2.25
129,244,2.25
130,215,2.25
130,213,2.25
130,216,2.25
130,205,2.25
130,214,2.25
130,3,2.25
131,251,2.25
132,7,2.25
133,2,2.25
133,619,2.25
135,251,2.25
135,210,2.25
136,4,2.25
136,610,2.25
136,628,2.25
136,645,2.25
137,251,2.25
137,9,2.25
137,211,2.25
137,245,2.25
137,212,2.25
137,1,2.25
137,8,2.25
137,84,2.25
137,243,2.25
138,215,2.25
138,251,2.25
138,5,2.25
138,235,2.25
138,236,2.25
138,12,2.25
138,205,2.25
138,3,2.25
138,212,2.25
138,10,2.25
138,246,2.25
138,253,2.25
139,251,2.25
139,213,2.25
139,212,2.25
139,10,2.25
139,13,2.25
139,257,2.25
139,4,2.25
139,233,2.25
139,253,2.25
139,84,2.25
139,249,2.25
139,247,2.25
140,215,2.25
141,13,2.25
142,236,2.25
142,12,2.25
142,3,2.25
142,219,2.25
144,17,2.25
144,9,2.25
144,660,2.25
145,7,2.25
146,250,2.25
146,7,2.25
146,2,2.25
146,216,2.25
146,211,2.25
146,217,2.25
146,219,2.25
146,244,2.25
146,1,2.25
146,252,2.25
146,257,2.25
146,4,2.25
146,8,2.25
146,6,2.25
146,249,2.25
146,243,2.25
147,251,2.25
147,213,2.25
147,17,2.25
147,2,2.25
147,3,2.25
147,254,2.25
147,11,2.25
147,10,2.25
147,252,2.25
147,207,2.25
147,8,2.25
147,246,2.25
147,248,2.25
148,12,2.25
150,241,2.25
150,5,2.25
150,11,2.25
150,1,2.25
151,234,2.25
152,241,2.25
152,206,2.25
152,8,2.25
154,215,2.25
154,9,2.25
154,1,2.25
154,665,2.25
154,670,2.25
154,671,2.25
154,672,2.25
155,5,2.25
155,235,2.25
155,211,2.25
155,219,2.25
155,244,2.25
155,233,2.25
155,6,2.25
155,246,2.25
155,84,2.25
155,256,2.25
156,213,2.25
156,236,2.25
156,12,2.25
156,234,2.25
156,211,2.25
156,219,2.25
156,254,2.25
156,244,2.25
156,8,2.25
156,210,2.25
159,216,2.25
159,675,2.25
160,215,2.25
160,7,2.25
160,17,2.25
160,254,2.25
160,1,2.25
160,4,2.25
161,12,2.25
161,3,2.25
161,687,2.25
161,668,2.25
161,242,2.25
161,728,2.25
161,696,2.25
161,764,2.25
161,657,2.25
161,286,2.25
161,733,2.25
161,521,2.25
161,606,2.25
161,680,2.25
161,749,2.25
161,709,2.25
161,755,2.25
161,474,2.25
161,620,2.25
161,31,2.25
161,744,2.25
161,718,2.25
161,756,2.25
161,734,2.25
161,537,2.25
161,703,2.25
161,522,2.25
161,348,2.25
161,134,2.25
161,295,2.25
161,679,2.25
161,690,2.25
161,700,2.25
161,704,2.25
161,710,2.25
161,714,2.25
161,720,2.25
161,724,2.25
161,727,2.25
161,767,2.25
163,250,2.25
163,217,2.25
163,219,2.25
163,254,2.25
164,701,2.25
164,490,2.25
164,131,2.25
164,445,2.25
164,775,2.25
165,11,2.25
165,1,2.25
165,799,2.25
165,793,2.25
165,791,2.25
165,792,2.25
165,794,2.25
165,795,2.25
165,797,2.25
166,251,2.25
166,7,2.25
166,17,2.25
166,219,2.25
166,11,2.25
166,1,2.25
167,215,2.25
167,241,2.25
167,7,2.25
167,17,2.25
167,205,2.25
167,245,2.25
167,239,2.25
167,212,2.25
167,252,2.25
168,250,2.25
168,220,2.25
168,216,2.25
168,214,2.25
168,245,2.25
168,219,2.25
168,11,2.25
168,13,2.25
168,252,2.25
168,257,2.25
168,207,2.25
168,243,2.25
169,215,2.25
169,250,2.25
169,5,2.25
169,206,2.25
169,236,2.25
169,121,2.25
169,234,2.25
169,211,2.25
169,239,2.25
169,13,2.25
169,233,2.25
169,253,2.25
169,84,2.25
169,249,2.25
171,251,2.25
171,241,2.25
171,220,2.25
171,235,2.25
171,255,2.25
171,3,2.25
171,212,2.25
171,244,2.25
171,13,2.25
171,6,2.25
172,215,2.25
172,250,2.25
172,213,2.25
172,5,2.25
172,7,2.25
172,206,2.25
172,236,2.25
172,219,2.25
172,254,2.25
172,252,2.25
172,257,2.25
172,233,2.25
172,6,2.25
172,256,2.25
172,243,2.25
172,247,2.25
173,7,2.25
173,11,2.25
174,250,2.25
174,220,2.25
174,17,2.25
174,235,2.25
174,234,2.25
174,219,2.25
174,244,2.25
174,257,2.25
174,253,2.25
175,207,2.25
175,243,2.25
176,213,2.25
176,12,2.25
176,214,2.25
176,239,2.25
176,219,2.25
176,254,2.25
176,252,2.25
177,5,2.25
177,236,2.25
177,10,2.25
177,207,2.25
178,250,2.25
178,12,2.25
178,121,2.25
178,211,2.25
178,217,2.25
178,13,2.25
178,233,2.25
178,6,2.25
178,84,2.25
179,236,2.25
179,4,2.25
181,13,2.25
182,12,2.25
182,216,2.25
182,245,2.25
183,2,2.25
183,255,2.25
183,254,2.25
183,11,2.25
183,4,2.25
183,233,2.25
183,84,2.25
183,248,2.25
184,9,2.25
185,12,2.25
185,11,2.25
185,244,2.25
185,1,2.25
187,17,2.25
187,255,2.25
187,254,2.25
187,253,2.25
188,7,2.25
188,211,2.25
188,217,2.25
188,245,2.25
188,207,2.25
188,830,2.25
188,760,2.25
188,91,2.25
188,749,2.25
188,584,2.25
188,148,2.25
188,73,2.25
188,157,2.25
188,69,2.25
188,823,2.25
188,360,2.25
188,28,2.25
188,841,2.25
188,821,2.25
188,832,2.25
189,17,2.25
189,12,2.25
189,1,2.25
189,207,2.25
189,233,2.25
190,2,2.25
190,121,2.25
190,205,2.25
190,10,2.25
190,207,2.25
190,233,2.25
191,212,2.25
191,207,2.25
192,2,2.25
192,318,2.25
193,251,2.25
193,213,2.25
193,241,2.25
193,206,2.25
193,205,2.25
193,11,2.25
193,4,2.25
196,257,2.25
196,843,2.25
197,213,2.25
197,241,2.25
197,17,2.25
197,236,2.25
197,121,2.25
197,234,2.25
197,245,2.25
197,3,2.25
197,11,2.25
197,252,2.25
197,248,2.25
197,247,2.25
198,206,2.25
198,2,2.25
198,3,2.25
198,244,2.25
198,10,2.25
198,249,2.25
199,251,2.25
199,1,2.25
199,8,2.25
199,878,2.25
199,501,2.25
199,459,2.25
199,299,2.25
199,745,2.25
199,597,2.25
199,655,2.25
199,389,2.25
199,292,2.25
199,877,2.25
199,591,2.25
199,898,2.25
199,790,2.25
199,548,2.25
199,452,2.25
199,848,2.25
199,297,2.25
199,743,2.25
199,704,2.25
199,739,2.25
199,844,2.25
199,851,2.25
199,854,2.25
199,859,2.25
199,867,2.25
199,874,2.25
199,883,2.25
199,899,2.25
200,251,2.25
200,241,2.25
200,206,2.25
200,216,2.25
200,217,2.25
200,214,2.25
200,246,2.25
200,51,2.25
200,268,2.25
201,239,2.25
201,3,2.25
201,11,2.25
202,251,2.25
202,7,2.25
202,235,2.25
202,121,2.25
202,211,2.25
202,11,2.25
202,6,2.25
202,210,2.25
204,251,2.25
204,213,2.25
204,241,2.25
204,2,2.25
204,216,2.25
204,217,2.25
204,214,2.25
204,239,2.25
204,10,2.25
204,252,2.25
204,257,2.25
204,248,2.25
204,243,2.25
205,215,2.25
205,2,2.25
205,235,2.25
205,255,2.25
205,234,2.25
205,245,2.25
205,13,2.25
205,4,2.25
205,8,2.25
205,84,2.25
206,215,2.25
206,241,2.25
206,206,2.25
206,216,2.25
206,217,2.25
206,245,2.25
206,239,2.25
206,219,2.25
206,207,2.25
206,210,2.25
206,249,2.25
206,247,2.25
207,12,2.25
208,17,2.25
208,236,2.25
208,255,2.25
208,245,2.25
208,239,2.25
208,3,2.25
208,10,2.25
208,252,2.25
208,207,2.25
208,8,2.25
208,233,2.25
208,6,2.25
208,210,2.25
209,250,2.25
209,2,2.25
209,217,2.25
209,214,2.25
209,239,2.25
209,3,2.25
209,254,2.25
209,13,2.25
209,1,2.25
209,252,2.25
209,207,2.25
209,210,2.25
209,247,2.25
211,2,2.25
212,1,2.25
212,4,2.25
214,7,2.25
214,17,2.25
214,236,2.25
214,234,2.25
214,3,2.25
214,8,2.25
215,241,2.25
215,5,2.25
215,7,2.25
215,17,2.25
215,236,2.25
215,9,2.25
215,3,2.25
215,233,2.25
215,253,2.25
216,11,2.25
216,257,2.25
217,10,2.25
218,234,2.25
218,214,2.25
218,3,2.25
218,212,2.25
218,10,2.25
218,252,2.25
218,246,2.25
218,256,2.25
219,341,2.25
220,215,2.25
220,914,2.25
222,4,2.25
222,207,2.25
222,8,2.25
223,206,2.25
223,205,2.25
223,11,2.25
224,241,2.25
224,5,2.25
224,2,2.25
224,9,2.25
224,219,2.25
225,215,2.25
225,17,2.25
225,236,2.25
225,12,2.25
225,121,2.25
225,255,2.25
225,244,2.25
225,13,2.25
225,6,2.25
227,12,2.25
227,121,2.25
227,255,2.25
227,205,2.25
227,244,2.25
227,10,2.25
227,252,2.25
227,233,2.25
227,246,2.25
227,248,2.25
227,249,2.25
227,916,2.25
228,241,2.25
228,17,2.25
228,9,2.25
231,215,2.25
231,207,2.25
231,919,2.25
231,917,2.25
232,206,2.25
232,17,2.25
232,2,2.25
232,239,2.25
232,207,2.25
233,11,2.25
234,241,2.25
234,10,2.25
234,13,2.25
235,215,2.25
235,250,2.25
235,255,2.25
235,211,2.25
235,11,2.25
235,13,2.25
235,210,2.25
235,84,2.25
235,249,2.25
235,256,2.25
237,207,2.25
237,233,2.25
238,205,2.25
238,219,2.25
238,1,2.25
238,8,2.25
238,253,2.25
238,921,2.25
239,7,2.25
239,234,2.25
240,12,2.25
240,217,2.25
243,241,2.25
243,205,2.25
243,239,2.25
243,3,2.25
243,254,2.25
243,10,2.25
243,13,2.25
243,253,2.25
243,598,2.25
243,928,2.25
243,577,2.25
244,1,2.25
244,4,2.25
245,215,2.25
245,251,2.25
245,213,2.25
245,220,2.25
245,121,2.25
245,217,2.25
245,219,2.25
245,13,2.25
245,1,2.25
245,4,2.25
245,6,2.25
248,216,2.25
248,205,2.25
248,239,2.25
248,3,2.25
248,11,2.25
248,8,2.25
248,247,2.25
249,250,2.25
249,213,2.25
249,235,2.25
249,12,2.25
249,9,2.25
249,217,2.25
249,214,2.25
249,239,2.25
249,3,2.25
249,212,2.25
249,10,2.25
249,84,2.25
249,249,2.25
250,251,2.25
250,236,2.25
250,211,2.25
250,219,2.25
250,244,2.25
250,233,2.25
250,6,2.25
250,247,2.25
251,2,2.25
251,12,2.25
251,9,2.25
251,239,2.25
251,8,2.25
251,6,2.25
254,936,2.25
255,2,2.25
255,236,2.25
255,11,2.25
255,4,2.25
256,255,2.25
256,239,2.25
257,7,2.25
257,309,2.25
258,241,2.25
258,207,2.25
259,211,2.25
260,255,2.25
260,1,2.25
261,250,2.25
261,7,2.25
261,214,2.25
261,245,2.25
261,3,2.25
261,244,2.25
261,233,2.25
262,213,2.25
262,17,2.25
262,12,2.25
262,3,2.25
262,254,2.25
263,2,2.25
263,11,2.25
263,10,2.25
263,1,2.25
263,252,2.25
264,215,2.25
264,250,2.25
264,206,2.25
264,17,2.25
264,219,2.25
264,712,2.25
264,536,2.25
264,183,2.25
264,779,2.25
265,241,2.25
265,236,2.25
265,219,2.25
265,212,2.25
265,244,2.25
265,10,2.25
265,207,2.25
265,8,2.25
265,256,2.25
266,206,2.25
266,2,2.25
266,10,2.25
266,1,2.25
267,207,2.25
269,425,2.25
270,5,2.25
270,7,2.25
270,206,2.25
270,17,2.25
270,211,2.25
270,205,2.25
270,239,2.25
270,10,2.25
270,13,2.25
270,4,2.25
270,233,2.25
270,6,2.25
270,243,2.25
271,213,2.25
271,241,2.25
271,17,2.25
271,9,2.25
271,214,2.25
271,245,2.25
271,244,2.25
271,233,2.25
271,243,2.25
272,7,2.25
272,210,2.25
272,658,2.25
272,717,2.25
272,897,2.25
272,397,2.25
272,764,2.25
272,499,2.25
272,585,2.25
272,318,2.25
272,738,2.25
272,745,2.25
272,587,2.25
272,932,2.25
272,606,2.25
272,389,2.25
272,529,2.25
272,810,2.25
272,453,2.25
272,419,2.25
272,716,2.25
272,746,2.25
272,718,2.25
272,955,2.25
272,292,2.25
272,732,2.25
272,588,2.25
272,686,2.25
272,943,2.25
272,837,2.25
272,383,2.25
272,948,2.25
272,765,2.25
272,302,2.25
272,445,2.25
272,516,2.25
272,697,2.25
272,700,2.25
272,707,2.25
272,708,2.25
272,736,2.25
272,754,2.25
272,952,2.25
272,954,2.25
272,964,2.25
272,966,2.25
272,969,2.25
272,975,2.25
272,980,2.25
272,982,2.25
272,988,2.25
272,989,2.25
272,991,2.25
273,207,2.25
273,1017,2.25
274,215,2.25
274,7,2.25
274,206,2.25
274,235,2.25
274,217,2.25
274,214,2.25
274,207,2.25
274,8,2.25
274,84,2.25
274,249,2.25
274,650,2.25
276,5,2.25
276,236,2.25
276,214,2.25
276,3,2.25
276,219,2.25
276,252,2.25
276,6,2.25
276,84,2.25
276,247,2.25
278,215,2.25
278,2,2.25
278,235,2.25
278,207,2.25
278,862,2.25
278,318,2.25
278,929,2.25
279,241,2.25
279,12,2.25
279,211,2.25
279,245,2.25
279,244,2.25
279,4,2.25
279,210,2.25
279,243,2.25
279,247,2.25
280,241,2.25
280,17,2.25
280,205,2.25
280,214,2.25
280,245,2.25
280,219,2.25
280,212,2.25
280,244,2.25
280,1,2.25
280,252,2.25
280,257,2.25
280,210,2.25
281,250,2.25
281,251,2.25
281,5,2.25
281,7,2.25
281,236,2.25
281,9,2.25
281,216,2.25
281,3,2.25
281,219,2.25
281,254,2.25
281,244,2.25
281,233,2.25
281,84,2.25
281,249,2.25
283,1024,2.25
284,1026,2.25
284,1029,2.25
285,5,2.25
285,3,2.25
285,6,2.25
285,1038,2.25
286,206,2.25
286,220,2.25
286,12,2.25
286,3,2.25
286,11,2.25
286,257,2.25
286,8,2.25
287,207,2.25
290,11,2.25
291,251,2.25
291,7,2.25
291,206,2.25
291,234,2.25
291,205,2.25
291,245,2.25
291,219,2.25
291,254,2.25
291,10,2.25
291,8,2.25
292,250,2.25
292,219,2.25
292,8,2.25
293,220,2.25
293,2,2.25
293,9,2.25
293,3,2.25
293,254,2.25
293,252,2.25
293,207,2.25
293,8,2.25
293,6,2.25
293,253,2.25
293,84,2.25
294,215,2.25
294,241,2.25
294,7,2.25
294,17,2.25
294,12,2.25
294,121,2.25
294,211,2.25
294,257,2.25
294,4,2.25
294,207,2.25
294,84,2.25
295,250,2.25
295,206,2.25
295,12,2.25
295,121,2.25
295,205,2.25
295,244,2.25
295,4,2.25
295,246,2.25
295,84,2.25
295,248,2.25
296,2,2.25
296,210,2.25
298,241,2.25
298,17,2.25
298,13,2.25
298,252,2.25
298,584,2.25
298,335,2.25
298,734,2.25
299,17,2.25
299,239,2.25
299,3,2.25
299,84,2.25
299,249,2.25
300,1061,2.25
300,1042,2.25
300,1062,2.25
300,1066,2.25
301,220,2.25
301,2,2.25
301,4,2.25
302,251,2.25
302,17,2.25
302,12,2.25
302,121,2.25
302,255,2.25
302,234,2.25
302,211,2.25
302,217,2.25
302,239,2.25
302,3,2.25
302,254,2.25
302,244,2.25
302,8,2.25
302,256,2.25
303,250,2.25
303,17,2.25
303,235,2.25
303,205,2.25
303,214,2.25
303,11,2.25
303,8,2.25
306,4,2.25
307,235,2.25
307,13,2.25
307,1010,2.25
307,1072,2.25
308,12,2.25
308,216,2.25
308,10,2.25
308,207,2.25
308,210,2.25
308,247,2.25
308,616,2.25
308,291,2.25
308,839,2.25
308,263,2.25
308,1078,2.25
308,1098,2.25
308,1106,2.25
308,1110,2.25
308,1117,2.25
309,7,2.25
309,11,2.25
309,244,2.25
309,207,2.25
309,253,2.25
310,218,2.25
310,585,2.25
310,657,2.25
310,522,2.25
310,1124,2.25
310,793,2.25
310,38,2.25
310,704,2.25
311,211,2.25
311,8,2.25
311,210,2.25
311,806,2.25
312,220,2.25
312,9,2.25
312,13,2.25
312,1,2.25
312,347,2.25
312,793,2.25
313,251,2.25
313,17,2.25
313,219,2.25
313,212,2.25
313,13,2.25
313,252,2.25
313,247,2.25
313,1127,2.25
313,1130,2.25
314,251,2.25
314,207,2.25
314,787,2.25
315,211,2.25
315,3,2.25
315,638,2.25
316,216,2.25
316,255,2.25
316,217,2.25
316,239,2.25
316,3,2.25
316,219,2.25
316,212,2.25
316,252,2.25
316,207,2.25
316,8,2.25
316,210,2.25
316,181,2.25
316,1143,2.25
316,1154,2.25
316,1157,2.25
317,245,2.25
317,218,2.25
317,657,2.25
317,436,2.25
317,575,2.25
317,1160,2.25
318,213,2.25
318,239,2.25
318,3,2.25
318,13,2.25
319,251,2.25
319,2,2.25
319,3,2.25
319,219,2.25
319,11,2.25
319,233,2.25
319,248,2.25
319,256,2.25
320,7,2.25
320,9,2.25
320,234,2.25
320,11,2.25
320,8,2.25
320,436,2.25
320,1178,2.25
321,2,2.25
321,236,2.25
321,13,2.25
322,213,2.25
322,217,2.25
322,239,2.25
323,8,2.25
323,658,2.25
323,805,2.25
323,494,2.25
323,712,2.25
323,753,2.25
323,683,2.25
323,510,2.25
323,709,2.25
323,486,2.25
323,31,2.25
323,744,2.25
323,300,2.25
323,73,2.25
323,686,2.25
323,509,2.25
323,522,2.25
323,599,2.25
323,196,2.25
323,899,2.25
323,1165,2.25
323,1191,2.25
324,215,2.25
324,213,2.25
324,255,2.25
324,212,2.25
325,235,2.25
325,236,2.25
325,205,2.25
325,4,2.25
325,207,2.25
326,215,2.25
326,206,2.25
326,17,2.25
326,10,2.25
326,84,2.25
328,5,2.25
328,236,2.25
328,211,2.25
328,214,2.25
328,11,2.25
328,244,2.25
328,8,2.25
328,233,2.25
328,84,2.25
328,248,2.25
328,243,2.25
329,241,2.25
329,9,2.25
329,1,2.25
329,207,2.25
330,251,2.25
330,5,2.25
330,206,2.25
330,2,2.25
330,9,2.25
330,11,2.25
330,249,2.25
331,7,2.25
331,211,2.25
331,254,2.25
331,84,2.25
332,236,2.25
334,241,2.25
334,216,2.25
335,17,2.25
335,2,2.25
335,255,2.25
335,245,2.25
335,207,2.25
335,248,2.25
335,249,2.25
335,243,2.25
336,5,2.25
338,217,2.25
338,205,2.25
338,11,2.25
338,1,2.25
338,207,2.25
339,17,2.25
339,211,2.25
339,1,2.25
339,1196,2.25
340,2,2.25
341,17,2.25
341,2,2.25
342,11,2.25
342,4,2.25
342,207,2.25
343,255,2.25
345,11,2.25
345,307,2.25
345,59,2.25
346,236,2.25
346,217,2.25
346,205,2.25
346,219,2.25
346,1,2.25
346,233,2.25
346,210,2.25
346,246,2.25
347,1197,2.25
347,109,2.25
347,498,2.25
348,215,2.25
348,5,2.25
348,216,2.25
349,9,2.25
349,216,2.25
349,217,2.25
349,245,2.25
349,10,2.25
349,252,2.25
349,207,2.25
349,246,2.25
349,249,2.25
349,256,2.25
350,250,2.25
350,236,2.25
350,12,2.25
350,9,2.25
350,211,2.25
350,219,2.25
350,207,2.25
350,246,2.25
350,84,2.25
350,243,2.25
352,251,2.25
352,241,2.25
352,5,2.25
352,234,2.25
352,211,2.25
352,8,2.25
352,246,2.25
353,215,2.25
353,239,2.25
353,4,2.25
355,206,2.25
355,17,2.25
355,11,2.25
355,4,2.25
355,218,2.25
355,477,2.25
355,397,2.25
355,249,2.25
355,318,2.25
355,406,2.25
355,1198,2.25
355,435,2.25
355,1010,2.25
355,468,2.25
355,442,2.25
355,509,2.25
355,496,2.25
355,385,2.25
355,403,2.25
355,429,2.25
356,12,2.25
356,255,2.25
356,217,2.25
356,245,2.25
356,3,2.25
356,219,2.25
356,11,2.25
356,10,2.25
356,257,2.25
358,11,2.25
359,10,2.25
359,6,2.25
360,215,2.25
360,250,2.25
360,241,2.25
360,5,2.25
360,17,2.25
360,9,2.25
360,257,2.25
360,207,2.25
361,251,2.25
361,1204,2.25
361,141,2.25
361,274,2.25
361,1201,2.25
361,664,2.25
361,752,2.25
362,245,2.25
362,219,2.25
362,212,2.25
362,210,2.25
364,2,2.25
364,219,2.25
364,207,2.25
364,356,2.25
365,213,2.25
365,206,2.25
365,235,2.25
365,236,2.25
365,234,2.25
365,211,2.25
365,10,2.25
365,13,2.25
365,257,2.25
365,8,2.25
365,243,2.25
365,247,2.25
366,7,2.25
367,2,2.25
367,217,2.25
367,219,2.25
367,254,2.25
368,234,2.25
368,211,2.25
368,214,2.25
368,239,2.25
368,257,2.25
368,207,2.25
368,233,2.25
370,7,2.25
370,12,2.25
370,3,2.25
370,1,2.25
370,8,2.25
374,213,2.25
374,121,2.25
374,214,2.25
374,239,2.25
374,246,2.25
374,84,2.25
374,248,2.25
375,245,2.25
376,241,2.25
378,236,2.25
378,212,2.25
378,4,2.25
380,235,2.25
380,217,2.25
380,1,2.25
381,251,2.25
381,220,2.25
381,255,2.25
381,214,2.25
381,212,2.25
381,254,2.25
381,4,2.25
381,8,2.25
381,243,2.25
382,13,2.25
382,1212,2.25
383,252,2.25
384,213,2.25
384,241,2.25
384,7,2.25
384,2,2.25
384,216,2.25
384,255,2.25
384,234,2.25
384,217,2.25
384,244,2.25
384,252,2.25
384,257,2.25
384,8,2.25
384,233,2.25
384,253,2.25
384,84,2.25
384,249,2.25
385,250,2.25
385,7,2.25
385,255,2.25
385,205,2.25
385,1,2.25
386,250,2.25
386,251,2.25
386,7,2.25
386,206,2.25
386,121,2.25
386,234,2.25
386,10,2.25
386,257,2.25
386,253,2.25
388,233,2.25
389,250,2.25
389,7,2.25
389,206,2.25
389,236,2.25
389,12,2.25
389,216,2.25
389,244,2.25
389,10,2.25
389,1,2.25
389,8,2.25
389,84,2.25
389,248,2.25
389,256,2.25
391,241,2.25
391,1,2.25
392,5,2.25
392,235,2.25
392,13,2.25
392,159,2.25
393,213,2.25
393,241,2.25
393,12,2.25
393,234,2.25
393,211,2.25
393,217,2.25
393,219,2.25
393,10,2.25
393,8,2.25
395,215,2.25
395,235,2.25
395,12,2.25
395,211,2.25
395,245,2.25
395,212,2.25
395,254,2.25
395,1,2.25
395,256,2.25
396,339,2.25
396,1223,2.25
396,805,2.25
396,764,2.25
396,850,2.25
396,830,2.25
396,1194,2.25
396,947,2.25
397,234,2.25
397,219,2.25
397,4,2.25
397,246,2.25
398,2,2.25
400,11,2.25
401,251,2.25
401,7,2.25
401,206,2.25
401,235,2.25
401,234,2.25
401,211,2.25
401,212,2.25
401,84,2.25
401,256,2.25
402,1,2.25
402,1237,2.25
402,499,2.25
402,1239,2.25
402,1244,2.25
402,1245,2.25
403,241,2.25
403,220,2.25
403,8,2.25
404,216,2.25
404,252,2.25
404,233,2.25
404,253,2.25
405,341,2.25
406,250,2.25
406,251,2.25
406,211,2.25
406,217,2.25
406,239,2.25
406,247,2.25
407,215,2.25
408,250,2.25
408,5,2.25
408,235,2.25
408,211,2.25
408,205,2.25
409,4,2.25
410,12,2.25
411,206,2.25
411,121,2.25
411,234,2.25
411,211,2.25
411,245,2.25
411,239,2.25
411,10,2.25
411,207,2.25
411,8,2.25
411,233,2.25
411,249,2.25
412,250,2.25
412,241,2.25
412,214,2.25
412,254,2.25
412,13,2.25
412,1255,2.25
413,7,2.25
413,17,2.25
413,1,2.25
413,4,2.25
413,207,2.25
413,872,2.25
413,876,2.25
413,779,2.25
414,254,2.25
414,207,2.25
416,236,2.25
416,239,2.25
416,10,2.25
418,249,2.25
418,341,2.25
420,213,2.25
420,206,2.25
420,2,2.25
420,219,2.25
420,212,2.25
420,233,2.25
420,253,2.25
421,12,2.25
421,219,2.25
422,219,2.25
422,13,2.25
423,2,2.25
423,254,2.25
423,10,2.25
424,213,2.25
424,5,2.25
424,211,2.25
424,217,2.25
424,207,2.25
424,84,2.25
425,215,2.25
425,241,2.25
425,7,2.25
425,9,2.25
425,121,2.25
425,214,2.25
425,254,2.25
425,10,2.25
425,4,2.25
425,233,2.25
425,6,2.25
425,253,2.25
426,5,2.25
426,7,2.25
426,17,2.25
426,236,2.25
426,211,2.25
426,1,2.25
427,7,2.25
427,233,2.25
427,84,2.25
428,5,2.25
428,206,2.25
428,234,2.25
428,214,2.25
428,244,2.25
428,13,2.25
428,1,2.25
428,8,2.25
428,256,2.25
429,215,2.25
429,214,2.25
429,219,2.25
429,13,2.25
429,8,2.25
430,257,2.25
432,235,2.25
432,205,2.25
432,11,2.25
432,1,2.25
432,207,2.25
433,2,2.25
433,675,2.25
433,787,2.25
433,1265,2.25
433,143,2.25
433,1220,2.25
433,1264,2.25
433,1268,2.25
434,5,2.25
434,236,2.25
435,236,2.25
436,17,2.25
436,1273,2.25
436,757,2.25
437,250,2.25
437,241,2.25
437,220,2.25
437,2,2.25
437,217,2.25
437,245,2.25
437,239,2.25
437,219,2.25
437,254,2.25
437,8,2.25
437,6,2.25
437,247,2.25
438,235,2.25
439,215,2.25
439,250,2.25
439,206,2.25
439,236,2.25
439,121,2.25
439,245,2.25
439,1,2.25
439,4,2.25
439,207,2.25
439,233,2.25
439,84,2.25
441,250,2.25
441,12,2.25
441,255,2.25
441,234,2.25
441,217,2.25
441,10,2.25
441,13,2.25
441,248,2.25
441,256,2.25
442,215,2.25
442,7,2.25
442,235,2.25
442,12,2.25
442,216,2.25
442,234,2.25
442,207,2.25
442,249,2.25
442,243,2.25
442,247,2.25
443,11,2.25
444,5,2.25
444,2,2.25
444,244,2.25
444,6,2.25
444,246,2.25
444,247,2.25
445,215,2.25
445,5,2.25
445,7,2.25
445,2,2.25
445,219,2.25
445,212,2.25
445,11,2.25
445,252,2.25
445,247,2.25
446,241,2.25
447,215,2.25
447,7,2.25
448,215,2.25
448,5,2.25
448,2,2.25
448,253,2.25
448,84,2.25
448,424,2.25
448,507,2.25
449,2,2.25
449,9,2.25
449,211,2.25
449,11,2.25
450,1,2.25
451,5,2.25
451,220,2.25
451,12,2.25
451,9,2.25
451,216,2.25
451,211,2.25
451,239,2.25
451,254,2.25
451,252,2.25
451,233,2.25
451,84,2.25
451,248,2.25
451,256,2.25
451,243,2.25
452,213,2.25
452,5,2.25
452,12,2.25
452,216,2.25
452,211,2.25
452,10,2.25
452,13,2.25
452,4,2.25
452,6,2.25
452,253,2.25
452,1068,2.25
452,1276,2.25
452,1283,2.25
453,215,2.25
453,234,2.25
453,239,2.25
454,254,2.25
454,1,2.25
455,215,2.25
455,5,2.25
455,220,2.25
455,17,2.25
455,236,2.25
455,234,2.25
455,205,2.25
455,3,2.25
455,11,2.25
455,1,2.25
455,253,2.25
456,206,2.25
456,17,2.25
456,235,2.25
456,517,2.25
457,5,2.25
457,7,2.25
457,17,2.25
457,255,2.25
457,219,2.25
457,254,2.25
457,244,2.25
457,13,2.25
457,8,2.25
457,248,2.25
459,215,2.25
459,7,2.25
459,17,2.25
459,216,2.25
459,217,2.25
459,239,2.25
459,212,2.25
459,257,2.25
459,8,2.25
459,246,2.25
459,253,2.25
459,256,2.25
459,247,2.25
460,250,2.25
460,7,2.25
460,12,2.25
460,211,2.25
460,245,2.25
460,1,2.25
460,207,2.25
460,243,2.25
461,215,2.25
461,2,2.25
461,8,2.25
461,30,2.25
462,7,2.25
463,13,2.25
463,1286,2.25
463,1288,2.25
463,1292,2.25
464,215,2.25
464,5,2.25
464,17,2.25
464,121,2.25
464,211,2.25
464,214,2.25
464,219,2.25
464,6,2.25
464,713,2.25
464,1293,2.25
465,17,2.25
465,211,2.25
465,245,2.25
466,251,2.25
466,5,2.25
466,234,2.25
466,254,2.25
466,1,2.25
466,6,2.25
466,248,2.25
467,241,2.25
467,2,2.25
467,121,2.25
467,216,2.25
467,219,2.25
467,252,2.25
467,249,2.25
468,213,2.25
468,2,2.25
468,12,2.25
468,121,2.25
468,216,2.25
468,255,2.25
468,234,2.25
468,211,2.25
468,214,2.25
468,254,2.25
468,10,2.25
468,257,2.25
468,233,2.25
468,248,2.25
469,8,2.25
471,17,2.25
471,216,2.25
471,11,2.25
471,257,2.25
471,256,2.25
472,253,2.25
473,5,2.25
473,8,2.25
476,213,2.25
476,241,2.25
476,205,2.25
477,251,2.25
477,121,2.25
477,255,2.25
477,234,2.25
477,3,2.25
477,1,2.25
477,4,2.25
477,207,2.25
477,8,2.25
477,233,2.25
477,6,2.25
477,246,2.25
477,84,2.25
477,249,2.25
477,243,2.25
478,244,2.25
478,607,2.25
478,434,2.25
478,676,2.25
478,536,2.25
478,582,2.25
478,548,2.25
478,1299,2.25
479,9,2.25
479,913,2.25
480,205,2.25
480,11,2.25
480,257,2.25
481,1295,2.25
482,7,2.25
482,236,2.25
482,214,2.25
482,10,2.25
483,213,2.25
483,241,2.25
483,7,2.25
483,236,2.25
483,12,2.25
483,9,2.25
483,121,2.25
483,245,2.25
483,239,2.25
483,3,2.25
483,219,2.25
483,212,2.25
483,254,2.25
483,252,2.25
483,15,2.25
483,256,2.25
484,7,2.25
484,236,2.25
484,1,2.25
484,207,2.25
485,215,2.25
485,213,2.25
485,236,2.25
485,211,2.25
485,212,2.25
485,252,2.25
485,4,2.25
485,253,2.25
485,243,2.25
485,247,2.25
486,239,2.25
486,219,2.25
487,213,2.25
487,7,2.25
487,214,2.25
487,219,2.25
487,10,2.25
487,13,2.25
487,252,2.25
487,6,2.25
487,246,2.25
487,253,2.25
487,247,2.25
488,7,2.25
488,253,2.25
489,2,2.25
489,236,2.25
489,12,2.25
489,219,2.25
489,691,2.25
489,763,2.25
489,278,2.25
489,521,2.25
490,2,2.25
490,234,2.25
490,214,2.25
490,212,2.25
490,254,2.25
490,252,2.25
490,233,2.25
490,210,2.25
491,7,2.25
491,206,2.25
491,235,2.25
491,4,2.25
491,207,2.25
492,206,2.25
492,236,2.25
492,216,2.25
492,234,2.25
492,211,2.25
492,214,2.25
492,212,2.25
492,207,2.25
492,233,2.25
492,210,2.25
492,253,2.25
492,247,2.25
493,7,2.25
494,216,2.25
494,234,2.25
494,245,2.25
494,3,2.25
494,13,2.25
494,210,2.25
495,207,2.25
495,84,2.25
496,705,2.25
498,207,2.25
500,17,2.25
500,236,2.25
500,234,2.25
500,217,2.25
500,205,2.25
500,8,2.25
500,253,2.25
501,11,2.25
502,121,2.25
502,217,2.25
502,239,2.25
502,219,2.25
502,212,2.25
502,254,2.25
502,11,2.25
502,233,2.25
502,246,2.25
502,248,2.25
502,256,2.25
503,236,2.25
503,216,2.25
503,59,2.25
503,172,2.25
503,1308,2.25
503,1309,2.25
504,234,2.25
504,11,2.25
504,8,2.25
504,84,2.25
505,250,2.25
505,251,2.25
505,17,2.25
505,236,2.25
505,12,2.25
505,255,2.25
505,3,2.25
505,254,2.25
505,11,2.25
505,244,2.25
505,10,2.25
505,257,2.25
505,8,2.25
506,215,2.25
506,217,2.25
506,239,2.25
506,3,2.25
506,477,2.25
506,253,2.25
507,215,2.25
507,213,2.25
507,206,2.25
507,254,2.25
507,11,2.25
507,244,2.25
507,4,2.25
507,6,2.25
507,210,2.25
507,246,2.25
507,249,2.25
507,243,2.25
507,247,2.25
508,17,2.25
508,1,2.25
508,966,2.25
508,1091,2.25
509,250,2.25
509,241,2.25
509,236,2.25
509,352,2.25
509,592,2.25
509,249,2.25
509,282,2.25
509,930,2.25
509,1080,2.25
509,748,2.25
509,921,2.25
509,931,2.25
509,1310,2.25
509,1312,2.25
509,1318,2.25
509,1320,2.25
509,1323,2.25
510,486,2.25
510,806,2.25
510,376,2.25
510,1160,2.25
512,2,2.25
513,236,2.25
513,9,2.25
514,241,2.25
514,235,2.25
514,10,2.25
514,207,2.25
515,5,2.25
515,9,2.25
515,205,2.25
515,239,2.25
515,254,2.25
515,10,2.25
517,220,2.25
517,235,2.25
517,236,2.25
517,9,2.25
517,211,2.25
517,3,2.25
517,212,2.25
517,84,2.25
518,7,2.25
518,2,2.25
519,241,2.25
519,9,2.25
519,10,2.25
519,1027,2.25
520,241,2.25
520,5,2.25
520,216,2.25
520,11,2.25
520,10,2.25
520,13,2.25
520,4,2.25
520,207,2.25
521,13,2.25
522,241,2.25
522,220,2.25
522,12,2.25
522,205,2.25
522,1,2.25
522,84,2.25
523,213,2.25
523,12,2.25
523,211,2.25
523,212,2.25
523,254,2.25
523,10,2.25
523,207,2.25
525,11,2.25
526,250,2.25
526,5,2.25
526,219,2.25
526,11,2.25
527,4,2.25
528,657,2.25
529,508,2.25
530,251,2.25
530,17,2.25
530,236,2.25
530,9,2.25
530,211,2.25
530,214,2.25
530,239,2.25
530,3,2.25
530,219,2.25
530,244,2.25
530,13,2.25
532,11,2.25
533,250,2.25
533,251,2.25
533,17,2.25
533,2,2.25
533,218,2.25
533,293,2.25
533,242,2.25
533,583,2.25
533,529,2.25
533,486,2.25
533,536,2.25
533,537,2.25
533,383,2.25
533,681,2.25
533,314,2.25
533,533,2.25
533,535,2.25
533,739,2.25
534,215,2.25
534,13,2.25
535,236,2.25
535,9,2.25
535,216,2.25
535,255,2.25
535,245,2.25
535,212,2.25
535,6,2.25
535,253,2.25
535,249,2.25
536,234,2.25
536,211,2.25
536,205,2.25
536,244,2.25
536,1,2.25
536,4,2.25
536,233,2.25
536,6,2.25
536,84,2.25
536,249,2.25
536,256,2.25
536,243,2.25
537,17,2.25
537,236,2.25
537,12,2.25
537,216,2.25
537,217,2.25
537,254,2.25
537,207,2.25
537,8,2.25
537,253,2.25
537,249,2.25
537,256,2.25
537,247,2.25
537,1017,2.25
538,5,2.25
538,207,2.25
538,210,2.25
538,246,2.25
538,84,2.25
538,248,2.25
539,241,2.25
539,2,2.25
539,121,2.25
539,214,2.25
539,219,2.25
539,212,2.25
539,207,2.25
539,253,2.25
539,248,2.25
539,249,2.25
540,5,2.25
540,7,2.25
540,9,2.25
540,121,2.25
540,205,2.25
540,3,2.25
540,1,2.25
540,233,2.25
540,256,2.25
540,1342,2.25
541,234,2.25
541,205,2.25
541,245,2.25
541,6,2.25
541,900,2.25
541,1346,2.25
542,213,2.25
542,211,2.25
542,11,2.25
542,1,2.25
544,251,2.25
544,5,2.25
544,235,2.25
544,236,2.25
544,9,2.25
544,217,2.25
544,3,2.25
544,254,2.25
544,11,2.25
544,252,2.25
544,253,2.25
544,247,2.25
546,7,2.25
546,687,2.25
546,489,2.25
546,675,2.25
546,1349,2.25
546,897,2.25
546,638,2.25
546,318,2.25
546,512,2.25
547,215,2.25
547,241,2.25
547,121,2.25
547,234,2.25
547,217,2.25
547,219,2.25
547,212,2.25
547,11,2.25
547,244,2.25
547,253,2.25
547,256,2.25
548,7,2.25
548,9,2.25
548,121,2.25
548,1,2.25
548,252,2.25
548,8,2.25
549,241,2.25
549,5,2.25
549,7,2.25
549,9,2.25
549,121,2.25
549,214,2.25
549,3,2.25
549,10,2.25
549,4,2.25
549,246,2.25
550,5,2.25
550,3,2.25
550,254,2.25
550,10,2.25
550,257,2.25
551,12,2.25
551,11,2.25
552,241,2.25
552,13,2.25
553,11,2.25
553,10,2.25
554,5,2.25
554,7,2.25
554,2,2.25
554,318,2.25
554,398,2.25
555,215,2.25
555,250,2.25
555,5,2.25
555,7,2.25
555,17,2.25
555,214,2.25
555,3,2.25
555,10,2.25
555,13,2.25
555,1,2.25
555,252,2.25
556,2,2.25
556,3,2.25
556,434,2.25
556,59,2.25
557,241,2.25
557,7,2.25
557,216,2.25
557,217,2.25
557,245,2.25
557,219,2.25
557,11,2.25
557,13,2.25
557,8,2.25
557,256,2.25
558,13,2.25
559,215,2.25
559,17,2.25
559,2,2.25
559,235,2.25
559,236,2.25
559,9,2.25
559,234,2.25
559,217,2.25
559,214,2.25
559,245,2.25
559,254,2.25
559,13,2.25
559,1,2.25
559,252,2.25
559,84,2.25
560,10,2.25
561,251,2.25
561,213,2.25
561,255,2.25
561,211,2.25
561,205,2.25
561,244,2.25
561,210,2.25
561,246,2.25
561,247,2.25
562,251,2.25
562,11,2.25
562,781,2.25
562,242,2.25
562,787,2.25
562,443,2.25
563,2,2.25
566,250,2.25
566,220,2.25
566,2,2.25
566,234,2.25
566,217,2.25
566,245,2.25
566,244,2.25
566,1,2.25
566,8,2.25
566,210,2.25
566,246,2.25
566,253,2.25
567,7,2.25
567,206,2.25
567,236,2.25
567,217,2.25
567,207,2.25
568,12,2.25
568,245,2.25
568,842,2.25
568,1283,2.25
569,215,2.25
569,250,2.25
569,213,2.25
569,5,2.25
569,7,2.25
569,12,2.25
569,255,2.25
569,214,2.25
569,239,2.25
569,254,2.25
570,251,2.25
570,241,2.25
570,219,2.25
570,244,2.25
570,246,2.25
570,247,2.25
571,215,2.25
571,251,2.25
571,2,2.25
571,234,2.25
571,214,2.25
571,245,2.25
571,11,2.25
571,244,2.25
571,10,2.25
571,6,2.25
571,253,2.25
571,256,2.25
572,7,2.25
572,13,2.25
572,1027,2.25
573,250,2.25
573,12,2.25
573,3,2.25
574,7,2.25
574,206,2.25
574,4,2.25
575,11,2.25
576,213,2.25
576,241,2.25
576,220,2.25
576,17,2.25
576,236,2.25
576,121,2.25
576,239,2.25
576,3,2.25
576,11,2.25
576,207,2.25
576,8,2.25
577,211,2.25
578,7,2.25
578,207,2.25
578,218,2.25
578,1360,2.25
578,1060,2.25
578,85,2.25
578,554,2.25
578,408,2.25
578,1358,2.25
579,5,2.25
579,220,2.25
579,1,2.25
580,235,2.25
580,205,2.25
580,10,2.25
580,4,2.25
580,207,2.25
580,253,2.25
581,11,2.25
583,17,2.25
583,4,2.25
584,219,2.25
584,13,2.25
584,377,2.25
585,211,2.25
585,3,2.25
585,11,2.25
585,8,2.25
586,251,2.25
586,241,2.25
586,220,2.25
586,2,2.25
586,12,2.25
586,234,2.25
586,3,2.25
586,212,2.25
587,251,2.25
587,17,2.25
587,236,2.25
587,234,2.25
587,8,2.25
587,242,2.25
587,397,2.25
587,696,2.25
587,719,2.25
587,318,2.25
587,336,2.25
587,606,2.25
587,297,2.25
587,444,2.25
587,466,2.25
588,250,2.25
588,220,2.25
588,958,2.25
588,1193,2.25
588,666,2.25
589,5,2.25
589,255,2.25
589,233,2.25
590,216,2.25
590,13,2.25
591,7,2.25
591,207,2.25
591,293,2.25
591,787,2.25
591,284,2.25
591,521,2.25
591,389,2.25
591,265,2.25
591,148,2.25
591,486,2.25
591,435,2.25
591,419,2.25
591,1371,2.25
591,739,2.25
591,740,2.25
591,925,2.25
592,4,2.25
593,213,2.25
593,7,2.25
593,220,2.25
593,521,2.25
594,5,2.25
595,236,2.25
595,207,2.25
596,215,2.25
597,235,2.25
597,236,2.25
597,216,2.25
597,10,2.25
597,1,2.25
597,207,2.25
598,3,2.25
598,11,2.25
599,1,2.25
600,5,2.25
600,7,2.25
600,2,2.25
600,10,2.25
600,243,2.25
601,215,2.25
601,213,2.25
601,5,2.25
601,17,2.25
601,207,2.25
601,8,2.25
601,253,2.25
601,84,2.25
603,241,2.25
603,7,2.25
603,236,2.25
603,3,2.25
604,2,2.25
606,241,2.25
606,7,2.25
606,220,2.25
606,17,2.25
606,216,2.25
606,255,2.25
606,11,2.25
606,13,2.25
606,207,2.25
606,210,2.25
606,248,2.25
607,17,2.25
607,1,2.25
608,7,2.25
608,211,2.25
608,8,2.25
608,6,2.25
608,247,2.25
608,1373,2.25
609,7,2.25
609,207,2.25
610,215,2.25
610,241,2.25
610,17,2.25
610,217,2.25
610,3,2.25
610,257,2.25
610,84,2.25
611,12,2.25
611,257,2.25
613,250,2.25
613,7,2.25
613,236,2.25
613,205,2.25
613,214,2.25
613,10,2.25
613,257,2.25
613,207,2.25
613,233,2.25
613,6,2.25
613,84,2.25
614,2,2.25
614,212,2.25
614,246,2.25
614,1374,2.25
615,215,2.25
615,220,2.25
615,9,2.25
615,121,2.25
615,234,2.25
615,211,2.25
615,245,2.25
615,239,2.25
615,212,2.25
615,11,2.25
616,205,2.25
616,214,2.25
616,3,2.25
616,253,2.25
616,468,2.25
616,898,2.25
616,548,2.25
617,236,2.25
617,217,2.25
617,205,2.25
617,1,2.25
618,236,2.25
618,216,2.25
618,434,2.25
620,211,2.25
620,245,2.25
620,207,2.25
620,1055,2.25
622,215,2.25
622,241,2.25
622,235,2.25
622,9,2.25
622,239,2.25
622,3,2.25
622,253,2.25
623,7,2.25
623,11,2.25
625,215,2.25
625,220,2.25
625,234,2.25
625,214,2.25
625,219,2.25
625,11,2.25
625,4,2.25
625,8,2.25
625,247,2.25
626,215,2.25
626,250,2.25
626,216,2.25
626,254,2.25
626,658,2.25
626,499,2.25
626,636,2.25
626,313,2.25
626,59,2.25
626,204,2.25
626,806,2.25
626,1388,2.25
626,100,2.25
626,729,2.25
626,43,2.25
626,281,2.25
626,303,2.25
626,386,2.25
626,531,2.25
626,1380,2.25
626,1381,2.25
628,241,2.25
628,7,2.25
628,220,2.25
628,12,2.25
628,234,2.25
628,10,2.25
628,207,2.25
628,617,2.25
628,1395,2.25
629,215,2.25
629,235,2.25
629,121,2.25
629,217,2.25
630,5,2.25
630,236,2.25
630,9,2.25
630,234,2.25
630,205,2.25
630,11,2.25
630,10,2.25
630,252,2.25
630,4,2.25
630,233,2.25
630,6,2.25
631,241,2.25
631,220,2.25
631,17,2.25
631,217,2.25
631,3,2.25
631,4,2.25
631,207,2.25
631,246,2.25
632,11,2.25
633,215,2.25
633,250,2.25
633,211,2.25
633,4,2.25
633,207,2.25
633,6,2.25
633,210,2.25
633,253,2.25
634,207,2.25
636,159,2.25
637,597,2.25
637,1396,2.25
638,17,2.25
638,12,2.25
638,255,2.25
638,11,2.25
638,1,2.25
638,434,2.25
638,1121,2.25
639,11,2.25
640,1404,2.25
640,1401,2.25
640,1400,2.25
640,1403,2.25
641,2,2.25
641,235,2.25
641,239,2.25
642,17,2.25
642,236,2.25
642,211,2.25
642,214,2.25
643,7,2.25
643,17,2.25
643,2,2.25
644,7,2.25
644,777,2.25
645,234,2.25
645,8,2.25
645,477,2.25
646,215,2.25
646,220,2.25
646,207,2.25
646,256,2.25
647,235,2.25
647,216,2.25
647,205,2.25
648,213,2.25
648,5,2.25
648,7,2.25
648,17,2.25
648,216,2.25
648,255,2.25
648,234,2.25
648,219,2.25
648,11,2.25
649,13,2.25
649,4,2.25
650,215,2.25
650,17,2.25
650,11,2.25
650,84,2.25
651,255,2.25
652,7,2.25
652,205,2.25
652,212,2.25
652,11,2.25
652,8,2.25
653,241,2.25
653,7,2.25
653,216,2.25
653,214,2.25
653,11,2.25
653,13,2.25
653,233,2.25
653,253,2.25
654,2,2.25
654,235,2.25
654,12,2.25
654,10,2.25
655,245,2.25
656,211,2.25
657,250,2.25
657,241,2.25
657,5,2.25
657,235,2.25
657,255,2.25
657,3,2.25
657,212,2.25
657,11,2.25
657,13,2.25
657,1,2.25
657,207,2.25
657,8,2.25
657,210,2.25
657,253,2.25
657,84,2.25
657,249,2.25
658,251,2.25
658,241,2.25
658,220,2.25
658,2,2.25
658,236,2.25
658,12,2.25
658,239,2.25
658,219,2.25
658,11,2.25
658,244,2.25
658,10,2.25
658,13,2.25
658,210,2.25
658,247,2.25
659,3,2.25
660,7,2.25
660,220,2.25
660,2,2.25
660,10,2.25
660,257,2.25
660,233,2.25
660,246,2.25
660,248,2.25
660,243,2.25
660,247,2.25
661,250,2.25
661,213,2.25
661,241,2.25
661,206,2.25
661,9,2.25
661,211,2.25
661,205,2.25
661,245,2.25
661,254,2.25
661,11,2.25
661,244,2.25
661,252,2.25
661,257,2.25
661,6,2.25
662,5,2.25
662,255,2.25
662,13,2.25
662,4,2.25
662,207,2.25
663,220,2.25
663,216,2.25
663,205,2.25
663,239,2.25
663,10,2.25
663,8,2.25
664,2,2.25
664,11,2.25
664,10,2.25
664,8,2.25
666,2,2.25
666,9,2.25
666,255,2.25
666,239,2.25
666,3,2.25
666,244,2.25
666,1,2.25
666,8,2.25
666,210,2.25
667,251,2.25
667,206,2.25
667,211,2.25
667,244,2.25
667,252,2.25
667,4,2.25
667,243,2.25
668,250,2.25
668,206,2.25
668,220,2.25
668,235,2.25
668,254,2.25
668,8,2.25
668,256,2.25
668,305,2.25
669,17,2.25
669,255,2.25
669,212,2.25
669,254,2.25
669,11,2.25
669,252,2.25
669,246,2.25
669,243,2.25
669,247,2.25
670,255,2.25
670,4,2.25
670,391,2.25
670,717,2.25
670,699,2.25
670,316,2.25
670,755,2.25
670,659,2.25
670,384,2.25
670,416,2.25
670,1049,2.25
670,1106,2.25
670,1134,2.25
670,1139,2.25
670,1144,2.25
670,1145,2.25
670,1149,2.25
670,1150,2.25
670,1153,2.25
670,1157,2.25
670,1278,2.25
670,1410,2.25
670,1411,2.25
670,1419,2.25
670,1423,2.25
670,1439,2.25
671,251,2.25
671,12,2.25
671,216,2.25
671,205,2.25
671,239,2.25
671,11,2.25
671,1,2.25
671,6,2.25
671,675,2.25
671,534,2.25
671,1440,2.25
671,900,2.25
672,251,2.25
672,213,2.25
672,206,2.25
672,12,2.25
672,255,2.25
672,205,2.25
672,214,2.25
672,239,2.25
672,254,2.25
672,244,2.25
672,13,2.25
672,257,2.25
672,84,2.25
673,2,2.25
673,9,2.25
673,211,2.25
673,254,2.25
673,11,2.25
673,210,2.25
673,84,2.25
674,215,2.25
674,211,2.25
674,217,2.25
674,205,2.25
674,239,2.25
674,219,2.25
674,212,2.25
674,11,2.25
674,1,2.25
674,257,2.25
674,4,2.25
674,207,2.25
674,246,2.25
674,84,2.25
675,121,2.25
675,219,2.25
675,10,2.25
675,257,2.25
675,4,2.25
675,256,2.25
675,243,2.25
676,17,2.25
676,239,2.25
676,13,2.25
677,7,2.25
677,235,2.25
677,245,2.25
677,11,2.25
677,244,2.25
677,207,2.25
677,246,2.25
678,251,2.25
678,245,2.25
679,2,2.25
679,11,2.25
680,235,2.25
681,11,2.25
683,235,2.25
683,216,2.25
683,217,2.25
683,11,2.25
683,253,2.25
684,3,2.25
684,219,2.25
685,251,2.25
685,206,2.25
685,220,2.25
685,255,2.25
685,217,2.25
685,4,2.25
685,233,2.25
685,210,2.25
686,1,2.25
688,13,2.25
689,250,2.25
690,257,2.25
690,207,2.25
691,250,2.25
691,13,2.25
691,6,2.25
692,7,2.25
692,1,2.25
693,7,2.25
693,220,2.25
693,1,2.25
693,8,2.25
695,250,2.25
695,234,2.25
695,239,2.25
695,11,2.25
695,257,2.25
695,4,2.25
695,253,2.25
695,256,2.25
696,2,2.25
696,12,2.25
696,11,2.25
696,242,2.25
698,6,2.25
698,249,2.25
699,205,2.25
699,13,2.25
701,11,2.25
702,236,2.25
702,207,2.25
702,8,2.25
702,1043,2.25
702,1481,2.25
702,1448,2.25
702,1060,2.25
702,1011,2.25
702,1275,2.25
702,1362,2.25
702,1408,2.25
702,551,2.25
702,945,2.25
702,999,2.25
702,1053,2.25
702,1062,2.25
702,1064,2.25
702,1256,2.25
702,1449,2.25
702,1457,2.25
702,1461,2.25
702,1468,2.25
702,1470,2.25
702,1472,2.25
702,1473,2.25
702,1476,2.25
702,1482,2.25
702,1498,2.25
702,1499,2.25
704,2,2.25
704,207,2.25
704,262,2.25
705,121,2.25
705,217,2.25
705,205,2.25
705,214,2.25
705,4,2.25
705,246,2.25
705,253,2.25
706,217,2.25
706,254,2.25
707,7,2.25
707,207,2.25
708,1506,2.25
710,206,2.25
710,1,2.25
710,8,2.25
711,241,2.25
711,121,2.25
711,214,2.25
711,8,2.25
712,251,2.25
712,220,2.25
712,2,2.25
712,121,2.25
712,207,2.25
713,7,2.25
713,17,2.25
713,216,2.25
713,211,2.25
713,1,2.25
713,4,2.25
713,6,2.25
714,215,2.25
714,5,2.25
714,17,2.25
714,214,2.25
714,244,2.25
714,10,2.25
714,257,2.25
714,8,2.25
714,253,2.25
715,219,2.25
715,207,2.25
716,5,2.25
716,121,2.25
716,234,2.25
716,219,2.25
716,244,2.25
716,10,2.25
718,7,2.25
718,206,2.25
718,257,2.25
719,220,2.25
719,236,2.25
719,211,2.25
719,245,2.25
719,3,2.25
719,212,2.25
719,254,2.25
719,11,2.25
719,10,2.25
719,8,2.25
719,210,2.25
719,246,2.25
719,84,2.25
722,215,2.25
723,12,2.25
723,205,2.25
723,207,2.25
724,250,2.25
724,241,2.25
724,206,2.25
724,2,2.25
724,234,2.25
724,3,2.25
724,212,2.25
724,254,2.25
724,233,2.25
724,247,2.25
725,512,2.25
725,1514,2.25
726,220,2.25
726,2,2.25
726,235,2.25
726,216,2.25
726,13,2.25
727,236,2.25
727,211,2.25
727,13,2.25
727,210,2.25
727,256,2.25
729,250,2.25
729,213,2.25
729,255,2.25
729,211,2.25
729,214,2.25
729,239,2.25
729,3,2.25
729,254,2.25
729,13,2.25
729,252,2.25
729,4,2.25
729,246,2.25
729,84,2.25
729,243,2.25
730,17,2.25
730,235,2.25
730,9,2.25
730,214,2.25
730,245,2.25
730,254,2.25
731,2,2.25
731,235,2.25
731,1,2.25
732,1173,2.25
734,7,2.25
734,206,2.25
735,213,2.25
735,7,2.25
735,2,2.25
735,236,2.25
735,13,2.25
735,207,2.25
735,6,2.25
736,241,2.25
736,1,2.25
737,206,2.25
737,2,2.25
737,12,2.25
737,121,2.25
737,1,2.25
737,233,2.25
738,215,2.25
738,7,2.25
738,216,2.25
738,11,2.25
739,12,2.25
739,207,2.25
739,480,2.25
739,265,2.25
739,676,2.25
739,1516,2.25
739,310,2.25
739,1034,2.25
739,1219,2.25
739,1072,2.25
740,7,2.25
741,7,2.25
741,17,2.25
743,215,2.25
743,211,2.25
743,4,2.25
744,5,2.25
744,206,2.25
744,236,2.25
744,11,2.25
745,7,2.25
745,12,2.25
746,250,2.25
746,121,2.25
746,217,2.25
746,214,2.25
746,239,2.25
746,11,2.25
746,257,2.25
746,207,2.25
746,233,2.25
746,246,2.25
746,84,2.25
746,248,2.25
746,247,2.25
747,215,2.25
747,213,2.25
747,220,2.25
747,17,2.25
747,12,2.25
747,121,2.25
747,205,2.25
747,254,2.25
747,10,2.25
747,4,2.25
749,7,2.25
749,233,2.25
750,250,2.25
750,241,2.25
750,5,2.25
750,235,2.25
750,255,2.25
750,211,2.25
750,205,2.25
750,254,2.25
750,13,2.25
752,9,2.25
752,257,2.25
753,235,2.25
753,3,2.25
754,12,2.25
754,254,2.25
757,2,2.25
757,235,2.25
757,121,2.25
757,216,2.25
757,211,2.25
757,6,2.25
757,248,2.25
757,249,2.25
757,256,2.25
758,234,2.25
758,207,2.25
759,250,2.25
759,2,2.25
759,9,2.25
759,121,2.25
759,10,2.25
760,220,2.25
760,235,2.25
760,12,2.25
760,234,2.25
760,254,2.25
760,1,2.25
760,252,2.25
760,210,2.25
760,84,2.25
760,249,2.25
760,256,2.25
760,247,2.25
761,251,2.25
761,213,2.25
761,255,2.25
761,239,2.25
761,219,2.25
761,212,2.25
761,207,2.25
761,233,2.25
761,84,2.25
761,249,2.25
762,9,2.25
762,217,2.25
762,219,2.25
762,212,2.25
762,1,2.25
762,6,2.25
762,256,2.25
764,250,2.25
764,5,2.25
764,206,2.25
764,8,2.25
764,675,2.25
764,294,2.25
764,284,2.25
764,716,2.25
764,522,2.25
764,134,2.25
764,1519,2.25
766,17,2.25
766,2,2.25
766,236,2.25
766,216,2.25
766,10,2.25
766,207,2.25
769,2,2.25
769,512,2.25
769,365,2.25
769,141,2.25
769,1533,2.25
769,385,2.25
769,1526,2.25
770,2,2.25
770,11,2.25
772,7,2.25
772,9,2.25
773,7,2.25
773,270,2.25
773,589,2.25
774,241,2.25
774,12,2.25
774,3,2.25
774,13,2.25
774,1,2.25
775,299,2.25
775,604,2.25
775,579,2.25
775,776,2.25
776,250,2.25
776,3,2.25
776,10,2.25
776,13,2.25
776,1,2.25
777,213,2.25
777,206,2.25
777,236,2.25
777,217,2.25
777,3,2.25
779,215,2.25
779,13,2.25
780,206,2.25
780,220,2.25
780,11,2.25
780,1,2.25
780,256,2.25
781,251,2.25
781,5,2.25
781,7,2.25
781,2,2.25
781,236,2.25
781,216,2.25
781,10,2.25
781,8,2.25
781,210,2.25
782,215,2.25
782,234,2.25
782,205,2.25
782,13,2.25
782,207,2.25
782,8,2.25
782,233,2.25
783,7,2.25
784,235,2.25
784,236,2.25
784,121,2.25
784,219,2.25
784,257,2.25
784,4,2.25
784,248,2.25
784,256,2.25
785,216,2.25
785,219,2.25
785,11,2.25
785,13,2.25
785,252,2.25
785,256,2.25
786,241,2.25
786,235,2.25
786,216,2.25
786,255,2.25
786,3,2.25
786,13,2.25
786,1,2.25
786,257,2.25
787,2,2.25
787,12,2.25
788,215,2.25
788,12,2.25
788,9,2.25
788,211,2.25
788,239,2.25
788,13,2.25
788,8,2.25
788,6,2.25
788,256,2.25
789,2,2.25
790,5,2.25
790,2,2.25
790,217,2.25
790,219,2.25
790,212,2.25
790,254,2.25
790,13,2.25
790,6,2.25
790,210,2.25
790,246,2.25
790,84,2.25
791,3,2.25
791,252,2.25
792,7,2.25
792,206,2.25
792,11,2.25
793,206,2.25
793,1,2.25
793,207,2.25
793,246,2.25
794,9,2.25
794,10,2.25
794,13,2.25
794,8,2.25
795,403,2.25
796,7,2.25
797,250,2.25
797,251,2.25
797,5,2.25
797,9,2.25
797,121,2.25
797,3,2.25
797,219,2.25
797,13,2.25
797,8,2.25
797,233,2.25
797,210,2.25
797,247,2.25
799,215,2.25
800,234,2.25
800,217,2.25
800,214,2.25
800,239,2.25
800,3,2.25
800,254,2.25
800,1,2.25
800,4,2.25
800,8,2.25
802,11,2.25
803,254,2.25
803,1,2.25
805,216,2.25
805,3,2.25
807,211,2.25
807,1,2.25
807,207,2.25
808,1541,2.25
810,251,2.25
810,8,2.25
810,84,2.25
812,2,2.25
812,235,2.25
812,217,2.25
812,205,2.25
812,219,2.25
812,293,2.25
812,256,2.25
812,835,2.25
812,1195,2.25
812,274,2.25
812,1513,2.25
812,382,2.25
812,662,2.25
812,808,2.25
812,831,2.25
812,1053,2.25
812,1548,2.25
812,1552,2.25
814,206,2.25
814,12,2.25
814,211,2.25
814,3,2.25
814,8,2.25
814,256,2.25
815,250,2.25
815,251,2.25
815,5,2.25
815,236,2.25
815,216,2.25
815,211,2.25
815,205,2.25
815,219,2.25
815,233,2.25
815,6,2.25
815,246,2.25
815,253,2.25
815,1177,2.25
816,236,2.25
817,215,2.25
817,241,2.25
817,5,2.25
817,2,2.25
817,121,2.25
817,216,2.25
817,205,2.25
817,3,2.25
817,1,2.25
817,252,2.25
818,213,2.25
818,220,2.25
818,2,2.25
818,254,2.25
818,252,2.25
818,256,2.25
818,247,2.25
819,255,2.25
819,4,2.25
819,8,2.25
820,219,2.25
821,251,2.25
821,2,2.25
821,216,2.25
821,205,2.25
821,214,2.25
821,245,2.25
821,1,2.25
821,252,2.25
821,8,2.25
821,249,2.25
821,256,2.25
822,1,2.25
823,11,2.25
825,17,2.25
825,207,2.25
825,728,2.25
825,512,2.25
825,31,2.25
825,1559,2.25
825,1210,2.25
825,1174,2.25
825,295,2.25
826,215,2.25
826,241,2.25
826,17,2.25
826,2,2.25
826,121,2.25
826,234,2.25
826,205,2.25
826,219,2.25
826,212,2.25
826,257,2.25
826,210,2.25
826,246,2.25
826,256,2.25
827,4,2.25
828,206,2.25
828,235,2.25
828,257,2.25
828,8,2.25
829,213,2.25
829,236,2.25
829,1,2.25
829,4,2.25
830,206,2.25
830,17,2.25
830,234,2.25
830,207,2.25
830,197,2.25
830,425,2.25
830,675,2.25
830,805,2.25
830,347,2.25
830,340,2.25
830,55,2.25
830,400,2.25
830,1273,2.25
830,189,2.25
830,130,2.25
830,678,2.25
830,144,2.25
830,811,2.25
830,729,2.25
830,1565,2.25
830,57,2.25
830,89,2.25
830,131,2.25
830,181,2.25
830,193,2.25
830,201,2.25
830,428,2.25
830,881,2.25
830,1475,2.25
831,241,2.25
831,17,2.25
831,244,2.25
831,344,2.25
831,337,2.25
831,1576,2.25
831,1582,2.25
831,377,2.25
831,1574,2.25
831,770,2.25
831,518,2.25
833,11,2.25
833,10,2.25
834,235,2.25
835,8,2.25
836,215,2.25
836,206,2.25
836,12,2.25
836,216,2.25
836,205,2.25
836,214,2.25
836,3,2.25
836,219,2.25
836,11,2.25
836,10,2.25
836,4,2.25
836,6,2.25
837,215,2.25
837,9,2.25
837,336,2.25
837,586,2.25
838,215,2.25
838,17,2.25
838,234,2.25
838,239,2.25
838,3,2.25
838,254,2.25
838,10,2.25
838,13,2.25
838,1,2.25
838,233,2.25
838,247,2.25
838,944,2.25
839,7,2.25
839,1194,2.25
839,1082,2.25
839,228,2.25
839,424,2.25
840,17,2.25
840,4,2.25
841,8,2.25
841,805,2.25
841,291,2.25
842,7,2.25
842,236,2.25
842,217,2.25
842,205,2.25
842,11,2.25
842,10,2.25
842,13,2.25
842,1,2.25
842,252,2.25
842,257,2.25
842,8,2.25
842,210,2.25
842,489,2.25
842,675,2.25
842,247,2.25
842,407,2.25
842,702,2.25
842,536,2.25
842,1076,2.25
842,1091,2.25
842,1114,2.25
842,1415,2.25
843,205,2.25
843,1517,2.25
844,121,2.25
845,211,2.25
845,245,2.25
845,10,2.25
845,252,2.25
845,233,2.25
845,242,2.25
845,977,2.25
845,253,2.25
845,1597,2.25
845,623,2.25
845,486,2.25
845,1010,2.25
845,536,2.25
845,1219,2.25
845,842,2.25
845,1023,2.25
845,1604,2.25
845,1596,2.25
845,1618,2.25
845,1610,2.25
845,1619,2.25
845,1613,2.25
845,1598,2.25
845,96,2.25
845,330,2.25
845,1601,2.25
845,21,2.25
845,487,2.25
846,17,2.25
847,241,2.25
847,5,2.25
847,220,2.25
847,235,2.25
847,219,2.25
847,11,2.25
847,4,2.25
847,233,2.25
847,246,2.25
847,1221,2.25
847,1195,2.25
847,1624,2.25
848,234,2.25
848,318,2.25
848,604,2.25
848,1628,2.25
848,518,2.25
848,1536,2.25
849,239,2.25
849,278,2.25
849,1038,2.25
851,250,2.25
851,213,2.25
851,206,2.25
851,234,2.25
851,211,2.25
851,219,2.25
851,11,2.25
851,13,2.25
851,257,2.25
851,253,2.25
851,256,2.25
852,215,2.25
852,250,2.25
852,2,2.25
852,121,2.25
852,214,2.25
852,254,2.25
852,11,2.25
852,257,2.25
852,210,2.25
852,247,2.25
853,1635,2.25
854,250,2.25
854,251,2.25
854,235,2.25
854,236,2.25
854,9,2.25
854,11,2.25
854,243,2.25
857,1123,2.25
857,938,2.25
859,215,2.25
859,5,2.25
859,216,2.25
859,255,2.25
859,234,2.25
859,3,2.25
859,219,2.25
859,1,2.25
860,205,2.25
861,7,2.25
861,2,2.25
861,233,2.25
861,769,2.25
861,308,2.25
862,4,2.25
862,207,2.25
862,476,2.25
863,219,2.25
863,1,2.25
864,215,2.25
864,251,2.25
864,2,2.25
864,216,2.25
864,255,2.25
864,10,2.25
864,4,2.25
864,969,2.25
864,1640,2.25
865,250,2.25
865,206,2.25
865,9,2.25
865,217,2.25
865,205,2.25
865,212,2.25
865,11,2.25
865,8,2.25
865,247,2.25
867,215,2.25
867,213,2.25
867,206,2.25
867,245,2.25
867,239,2.25
867,1,2.25
867,4,2.25
867,1641,2.25
868,241,2.25
868,10,2.25
868,207,2.25
869,12,2.25
869,205,2.25
869,207,2.25
869,84,2.25
870,7,2.25
870,8,2.25
871,236,2.25
871,245,2.25
871,254,2.25
871,10,2.25
871,13,2.25
871,253,2.25
873,7,2.25
873,207,2.25
874,250,2.25
874,241,2.25
874,235,2.25
874,236,2.25
874,244,2.25
874,4,2.25
874,233,2.25
874,249,2.25
875,235,2.25
875,212,2.25
875,13,2.25
876,17,2.25
877,7,2.25
877,11,2.25
878,250,2.25
878,206,2.25
878,236,2.25
878,12,2.25
878,234,2.25
878,254,2.25
878,257,2.25
878,248,2.25
878,247,2.25
879,17,2.25
879,2,2.25
879,121,2.25
879,245,2.25
879,13,2.25
879,8,2.25
879,247,2.25
880,5,2.25
880,7,2.25
880,121,2.25
880,8,2.25
881,215,2.25
881,3,2.25
881,11,2.25
882,17,2.25
882,9,2.25
882,219,2.25
883,215,2.25
883,250,2.25
883,251,2.25
883,5,2.25
883,2,2.25
883,236,2.25
883,10,2.25
883,207,2.25
883,8,2.25
883,940,2.25
883,307,2.25
883,1643,2.25
884,1,2.25
886,206,2.25
888,220,2.25
888,216,2.25
888,255,2.25
888,239,2.25
888,254,2.25
888,207,2.25
889,7,2.25
889,10,2.25
890,251,2.25
890,2,2.25
890,216,2.25
890,3,2.25
890,10,2.25
890,6,2.25
890,253,2.25
891,2,2.25
891,845,2.25
891,286,2.25
891,1198,2.25
891,793,2.25
891,269,2.25
891,1083,2.25
891,1256,2.25
892,1,2.25
892,242,2.25
893,219,2.25
893,257,2.25
893,377,2.25
893,1647,2.25
894,205,2.25
894,4,2.25
895,236,2.25
896,7,2.25
896,17,2.25
896,235,2.25
896,236,2.25
896,255,2.25
896,245,2.25
896,1,2.25
896,252,2.25
896,4,2.25
896,210,2.25
898,397,2.25
898,585,2.25
898,589,2.25
898,594,2.25
898,1339,2.25
898,1292,2.25
900,216,2.25
900,255,2.25
900,234,2.25
900,217,2.25
900,3,2.25
900,219,2.25
900,254,2.25
900,10,2.25
900,1,2.25
900,207,2.25
900,8,2.25
900,6,2.25
900,248,2.25
900,243,2.25
900,247,2.25
902,5,2.25
902,7,2.25
902,3,2.25
902,207,2.25
902,1091,2.25
903,205,2.25
903,239,2.25
903,4,2.25
903,8,2.25
904,215,2.25
905,206,2.25
905,17,2.25
905,236,2.25
905,214,2.25
905,4,2.25
905,8,2.25
905,233,2.25
906,7,2.25
906,236,2.25
906,9,2.25
907,5,2.25
907,17,2.25
907,12,2.25
907,219,2.25
907,212,2.25
907,244,2.25
907,233,2.25
907,247,2.25
908,215,2.25
908,220,2.25
908,219,2.25
909,220,2.25
909,9,2.25
909,217,2.25
909,219,2.25
909,212,2.25
909,13,2.25
909,253,2.25
909,84,2.25
909,247,2.25
910,214,2.25
910,212,2.25
911,247,2.25
911,753,2.25
912,17,2.25
912,8,2.25
913,2,2.25
914,251,2.25
915,213,2.25
915,241,2.25
916,215,2.25
916,1445,2.25
916,1446,2.25
917,121,2.25
917,211,2.25
917,217,2.25
917,205,2.25
917,486,2.25
917,467,2.25
918,216,2.25
918,255,2.25
918,11,2.25
918,252,2.25
918,207,2.25
918,210,2.25
918,70,2.25
918,696,2.25
918,256,2.25
918,623,2.25
918,709,2.25
918,1091,2.25
919,6,2.25
920,7,2.25
920,212,2.25
920,8,2.25
920,210,2.25
921,250,2.25
921,241,2.25
921,7,2.25
921,220,2.25
921,236,2.25
921,9,2.25
921,219,2.25
921,8,2.25
921,1228,2.25
921,1221,2.25
921,256,2.25
921,831,2.25
922,13,2.25
925,234,2.25
925,239,2.25
925,1,2.25
925,252,2.25
926,215,2.25
927,215,2.25
927,3,2.25
927,10,2.25
928,7,2.25
928,2,2.25
928,12,2.25
928,9,2.25
928,217,2.25
928,219,2.25
928,11,2.25
930,220,2.25
930,236,2.25
930,216,2.25
930,217,2.25
930,245,2.25
930,239,2.25
930,3,2.25
930,4,2.25
930,6,2.25
931,241,2.25
931,17,2.25
931,12,2.25
931,205,2.25
932,3,2.25
932,10,2.25
932,477,2.25
933,219,2.25
933,10,2.25
935,236,2.25
935,216,2.25
935,257,2.25
935,207,2.25
936,216,2.25
936,212,2.25
936,244,2.25
936,233,2.25
936,246,2.25
936,247,2.25
937,215,2.25
937,236,2.25
938,12,2.25
938,257,2.25
938,289,2.25
938,1236,2.25
938,1238,2.25
938,1242,2.25
938,1243,2.25
938,1248,2.25
938,1252,2.25
939,241,2.25
939,236,2.25
939,211,2.25
939,10,2.25
939,609,2.25
939,1274,2.25
939,1661,2.25
940,12,2.25
940,4,2.25
942,206,2.25
942,220,2.25
942,236,2.25
943,17,2.25
944,241,2.25
944,17,2.25
944,12,2.25
944,1,2.25
945,234,2.25
945,239,2.25
945,3,2.25
945,11,2.25
945,244,2.25
945,4,2.25
945,247,2.25
946,251,2.25
946,17,2.25
946,2,2.25
946,255,2.25
946,212,2.25
946,11,2.25
946,10,2.25
946,13,2.25
946,84,2.25
946,243,2.25
947,213,2.25
947,241,2.25
947,7,2.25
947,206,2.25
947,236,2.25
947,12,2.25
947,234,2.25
947,205,2.25
947,214,2.25
947,254,2.25
947,244,2.25
947,13,2.25
947,1,2.25
947,246,2.25
947,256,2.25
947,243,2.25
947,1367,2.25
948,241,2.25
948,3,2.25
948,212,2.25
948,10,2.25
948,13,2.25
948,1,2.25
949,12,2.25
949,219,2.25
950,250,2.25
950,213,2.25
950,7,2.25
950,220,2.25
950,2,2.25
950,255,2.25
950,214,2.25
950,245,2.25
950,1,2.25
950,248,2.25
950,243,2.25
950,247,2.25
952,12,2.25
952,8,2.25
954,11,2.25
954,210,2.25
957,213,2.25
957,17,2.25
957,235,2.25
957,11,2.25
958,236,2.25
958,216,2.25
958,255,2.25
958,3,2.25
958,1,2.25
959,214,2.25
959,1,2.25
960,213,2.25
960,5,2.25
960,7,2.25
960,17,2.25
960,12,2.25
960,9,2.25
960,3,2.25
960,1173,2.25
961,577,2.25
962,215,2.25
962,213,2.25
962,205,2.25
962,207,2.25
963,591,2.25
963,363,2.25
963,833,2.25
963,1673,2.25
964,11,2.25
965,206,2.25
965,17,2.25
965,216,2.25
965,10,2.25
965,397,2.25
965,585,2.25
965,680,2.25
965,683,2.25
965,1641,2.25
966,5,2.25
966,7,2.25
966,12,2.25
966,13,2.25
967,219,2.25
967,254,2.25
968,17,2.25
968,2,2.25
969,242,2.25
969,270,2.25
969,585,2.25
969,1756,2.25
969,590,2.25
969,706,2.25
969,589,2.25
969,733,2.25
969,502,2.25
969,746,2.25
969,127,2.25
969,167,2.25
969,1748,2.25
969,1598,2.25
969,833,2.25
969,599,2.25
969,1695,2.25
969,838,2.25
969,729,2.25
969,1299,2.25
969,268,2.25
969,765,2.25
969,1760,2.25
969,936,2.25
969,839,2.25
969,370,2.25
969,688,2.25
969,861,2.25
969,1500,2.25
969,1684,2.25
969,1688,2.25
969,1689,2.25
969,1690,2.25
969,1697,2.25
969,1709,2.25
969,1714,2.25
969,1719,2.25
969,1730,2.25
969,1738,2.25
969,1746,2.25
969,1750,2.25
969,1763,2.25
970,234,2.25
970,219,2.25
970,256,2.25
971,235,2.25
971,236,2.25
971,121,2.25
971,234,2.25
971,214,2.25
971,239,2.25
971,3,2.25
971,13,2.25
971,252,2.25
971,4,2.25
971,246,2.25
971,243,2.25
971,247,2.25
972,215,2.25
972,213,2.25
972,9,2.25
972,216,2.25
972,217,2.25
972,3,2.25
972,254,2.25
972,257,2.25
972,4,2.25
972,246,2.25
973,13,2.25
975,13,2.25
977,207,2.25
978,12,2.25
979,2,2.25
979,4,2.25
979,207,2.25
980,213,2.25
980,12,2.25
980,255,2.25
980,211,2.25
980,3,2.25
980,219,2.25
980,13,2.25
980,4,2.25
980,207,2.25
980,6,2.25
981,9,2.25
981,216,2.25
981,214,2.25
981,1,2.25
981,252,2.25
981,246,2.25
982,215,2.25
982,216,2.25
982,239,2.25
982,253,2.25
984,241,2.25
984,235,2.25
984,9,2.25
984,255,2.25
984,234,2.25
984,219,2.25
984,11,2.25
984,4,2.25
984,210,2.25
984,248,2.25
985,215,2.25
985,17,2.25
985,2,2.25
985,234,2.25
985,239,2.25
985,212,2.25
986,215,2.25
986,241,2.25
986,236,2.25
986,211,2.25
986,233,2.25
987,215,2.25
987,17,2.25
987,235,2.25
987,236,2.25
987,216,2.25
987,234,2.25
987,205,2.25
987,214,2.25
987,13,2.25
987,252,2.25
987,257,2.25
987,8,2.25
987,246,2.25
988,220,2.25
988,17,2.25
988,211,2.25
988,217,2.25
988,205,2.25
988,3,2.25
988,253,2.25
988,256,2.25
988,243,2.25
989,7,2.25
989,11,2.25
989,1767,2.25
990,5,2.25
990,547,2.25
991,251,2.25
991,241,2.25
991,7,2.25
991,12,2.25
991,9,2.25
991,205,2.25
991,239,2.25
991,219,2.25
991,244,2.25
991,13,2.25
991,253,2.25
991,243,2.25
991,1097,2.25
992,278,2.25
993,11,2.25
993,10,2.25
994,7,2.25
994,11,2.25
995,215,2.25
995,250,2.25
995,251,2.25
995,5,2.25
995,12,2.25
995,239,2.25
995,212,2.25
995,210,2.25
995,247,2.25
996,235,2.25
996,12,2.25
996,1,2.25
998,7,2.25
998,705,2.25
998,468,2.25
998,24,2.25
998,167,2.25
998,1123,2.25
998,834,2.25
998,159,2.25
998,1249,2.25
999,241,2.25
999,2,2.25
999,217,2.25
999,3,2.25
999,1,2.25
999,247,2.25
999,28,2.25
1000,121,2.25
1000,234,2.25
1000,214,2.25
1000,245,2.25
1000,10,2.25
1000,13,2.25
1000,8,2.25
1000,253,2.25
1000,243,2.25
1001,235,2.25
1001,12,2.25
1001,9,2.25
1001,121,2.25
1001,216,2.25
1001,211,2.25
1001,3,2.25
1001,212,2.25
1001,10,2.25
1001,210,2.25
1001,248,2.25
1001,249,2.25
1001,256,2.25
1002,8,2.25
1002,341,2.25
1002,522,2.25
1002,279,2.25
1003,215,2.25
1003,250,2.25
1003,5,2.25
1003,12,2.25
1003,245,2.25
1003,212,2.25
1003,254,2.25
1003,13,2.25
1003,210,2.25
1003,248,2.25
1004,215,2.25
1004,5,2.25
1004,12,2.25
1004,3,2.25
1004,11,2.25
1004,1,2.25
1004,253,2.25
1004,243,2.25
1005,215,2.25
1006,220,2.25
1006,236,2.25
1006,12,2.25
1006,121,2.25
1006,212,2.25
1006,8,2.25
1006,246,2.25
1007,235,2.25
1007,1,2.25
1008,8,2.25
1009,215,2.25
1009,17,2.25
1009,3,2.25
1009,10,2.25
1009,8,2.25
1009,461,2.25
1010,236,2.25
1010,12,2.25
1010,205,2.25
1010,755,2.25
1011,236,2.25
1012,215,2.25
1012,13,2.25
1013,215,2.25
1013,13,2.25
1014,215,2.25
1014,216,2.25
1014,219,2.25
1014,13,2.25
1014,1,2.25
1014,1626,2.25
1015,254,2.25
1015,13,2.25
1015,4,2.25
1015,207,2.25
1017,215,2.25
1017,604,2.25
1017,1274,2.25
1017,343,2.25
1017,560,2.25
1017,1601,2.25
1017,1504,2.25
1017,1536,2.25
1017,1627,2.25
1018,781,2.25
1018,278,2.25
1018,787,2.25
1018,845,2.25
1018,274,2.25
1018,843,2.25
1018,669,2.25
1018,752,2.25
1018,1790,2.25
1018,1797,2.25
1019,7,2.25
1019,13,2.25
1019,1219,2.25
1019,1107,2.25
1019,1113,2.25
1019,1115,2.25
1021,11,2.25
1022,251,2.25
1022,213,2.25
1022,211,2.25
1022,205,2.25
1022,13,2.25
1022,257,2.25
1024,213,2.25
1024,241,2.25
1024,17,2.25
1024,9,2.25
1024,121,2.25
1024,214,2.25
1024,239,2.25
1024,11,2.25
1024,248,2.25
1025,257,2.25
1026,11,2.25
1027,213,2.25
1027,5,2.25
1027,7,2.25
1027,8,2.25
1028,17,2.25
1028,236,2.25
1029,297,2.25
1030,205,2.25
1030,969,2.25
1031,1640,2.25
1034,12,2.25
1034,1542,2.25
1034,431,2.25
1034,427,2.25
1034,465,2.25
1034,525,2.25
1034,1093,2.25
1034,1114,2.25
1034,1534,2.25
1034,1809,2.25
1034,1811,2.25
1037,2,2.25
1037,8,2.25
1037,1340,2.25
1038,121,2.25
1038,216,2.25
1038,245,2.25
1038,3,2.25
1038,219,2.25
1038,212,2.25
1038,10,2.25
1038,257,2.25
1038,4,2.25
1038,6,2.25
1038,248,2.25
1038,256,2.25
1038,247,2.25
1039,219,2.25
1039,254,2.25
1039,1830,2.25
1039,318,2.25
1039,512,2.25
1039,436,2.25
1039,127,2.25
1039,310,2.25
1039,132,2.25
1039,363,2.25
1039,1832,2.25
1039,599,2.25
1039,476,2.25
1039,1072,2.25
1039,408,2.25
1039,1559,2.25
1039,1460,2.25
1039,16,2.25
1039,18,2.25
1039,39,2.25
1039,77,2.25
1039,88,2.25
1039,184,2.25
1039,1100,2.25
1040,2,2.25
1040,236,2.25
1041,11,2.25
1041,1545,2.25
1045,255,2.25
1046,241,2.25
1046,12,2.25
1046,245,2.25
1046,239,2.25
1046,212,2.25
1046,254,2.25
1046,244,2.25
1046,10,2.25
1046,13,2.25
1047,217,2.25
1047,205,2.25
1047,245,2.25
1047,13,2.25
1047,233,2.25
1047,210,2.25
1048,7,2.25
1048,220,2.25
1048,235,2.25
1049,257,2.25
