1050,251,2.25
1050,213,2.25
1050,7,2.25
1050,220,2.25
1050,2,2.25
1050,235,2.25
1050,236,2.25
1050,121,2.25
1050,216,2.25
1050,1,2.25
1050,252,2.25
1050,8,2.25
1050,233,2.25
1051,213,2.25
1051,5,2.25
1051,2,2.25
1051,9,2.25
1052,205,2.25
1052,257,2.25
1053,10,2.25
1055,251,2.25
1055,7,2.25
1055,216,2.25
1056,213,2.25
1056,211,2.25
1056,214,2.25
1056,11,2.25
1056,207,2.25
1058,215,2.25
1059,5,2.25
1059,197,2.25
1060,207,2.25
1060,15,2.25
1060,878,2.25
1060,425,2.25
1060,489,2.25
1060,1116,2.25
1060,1231,2.25
1060,1223,2.25
1060,391,2.25
1060,1227,2.25
1060,70,2.25
1060,1348,2.25
1060,1229,2.25
1060,583,2.25
1060,1304,2.25
1061,3,2.25
1062,215,2.25
1062,5,2.25
1062,236,2.25
1062,219,2.25
1062,13,2.25
1062,253,2.25
1063,11,2.25
1064,213,2.25
1064,2,2.25
1064,728,2.25
1064,540,2.25
1064,882,2.25
1065,220,2.25
1065,219,2.25
1065,207,2.25
1065,1837,2.25
1065,1840,2.25
1065,592,2.25
1065,719,2.25
1065,1488,2.25
1066,235,2.25
1066,13,2.25
1069,241,2.25
1069,5,2.25
1069,206,2.25
1069,220,2.25
1069,235,2.25
1069,216,2.25
1069,234,2.25
1069,11,2.25
1069,13,2.25
1069,233,2.25
1069,246,2.25
1069,84,2.25
1071,215,2.25
1071,5,2.25
1071,7,2.25
1071,121,2.25
1071,216,2.25
1071,214,2.25
1071,253,2.25
1072,12,2.25
1072,11,2.25
1072,1,2.25
1072,257,2.25
1072,4,2.25
1072,84,2.25
1073,211,2.25
1073,3,2.25
1073,1,2.25
1073,253,2.25
1074,13,2.25
1075,215,2.25
1075,2,2.25
1075,216,2.25
1075,3,2.25
1075,8,2.25
1076,3,2.25
1076,254,2.25
1076,11,2.25
1076,1225,2.25
1077,250,2.25
1077,251,2.25
1077,5,2.25
1077,206,2.25
1077,239,2.25
1077,11,2.25
1077,248,2.25
1078,251,2.25
1078,213,2.25
1078,11,2.25
1080,216,2.25
1080,245,2.25
1080,1,2.25
1080,252,2.25
1080,207,2.25
1081,235,2.25
1081,244,2.25
1081,10,2.25
1081,13,2.25
1081,252,2.25
1081,207,2.25
1081,253,2.25
1081,256,2.25
1082,206,2.25
1082,13,2.25
1082,233,2.25
1083,2,2.25
1083,207,2.25
1084,220,2.25
1084,236,2.25
1084,234,2.25
1084,218,2.25
1085,12,2.25
1085,217,2.25
1085,205,2.25
1085,219,2.25
1085,252,2.25
1085,6,2.25
1086,250,2.25
1086,216,2.25
1087,215,2.25
1087,2,2.25
1087,255,2.25
1087,211,2.25
1087,3,2.25
1087,219,2.25
1087,4,2.25
1087,207,2.25
1088,2,2.25
1089,215,2.25
1089,5,2.25
1089,7,2.25
1089,2,2.25
1089,235,2.25
1089,216,2.25
1089,255,2.25
1089,205,2.25
1089,214,2.25
1089,244,2.25
1089,207,2.25
1089,210,2.25
1089,246,2.25
1089,243,2.25
1090,250,2.25
1091,7,2.25
1091,217,2.25
1092,211,2.25
1094,236,2.25
1095,250,2.25
1095,255,2.25
1095,234,2.25
1095,214,2.25
1095,245,2.25
1095,212,2.25
1095,244,2.25
1095,10,2.25
1095,4,2.25
1095,6,2.25
1095,246,2.25
1095,248,2.25
1095,256,2.25
1095,243,2.25
1096,215,2.25
1096,17,2.25
1096,2,2.25
1096,235,2.25
1096,216,2.25
1096,205,2.25
1096,214,2.25
1096,239,2.25
1096,3,2.25
1096,11,2.25
1096,4,2.25
1096,6,2.25
1096,256,2.25
1099,215,2.25
1099,250,2.25
1099,241,2.25
1099,214,2.25
1099,249,2.25
1100,206,2.25
1100,121,2.25
1101,12,2.25
1101,9,2.25
1101,255,2.25
1101,11,2.25
1102,2,2.25
1102,1843,2.25
1103,13,2.25
1104,805,2.25
1104,1304,2.25
1104,270,2.25
1104,624,2.25
1104,87,2.25
1104,626,2.25
1104,1845,2.25
1104,372,2.25
1104,622,2.25
1104,627,2.25
1104,649,2.25
1104,340,2.25
1104,712,2.25
1105,215,2.25
1105,236,2.25
1105,13,2.25
1105,253,2.25
1106,7,2.25
1107,215,2.25
1108,206,2.25
1108,17,2.25
1108,235,2.25
1108,12,2.25
1108,9,2.25
1108,205,2.25
1108,11,2.25
1108,257,2.25
1108,233,2.25
1108,247,2.25
1109,7,2.25
1109,2,2.25
1109,235,2.25
1109,9,2.25
1109,121,2.25
1109,255,2.25
1109,212,2.25
1109,257,2.25
1109,210,2.25
1109,247,2.25
1110,11,2.25
1111,257,2.25
1111,388,2.25
1112,7,2.25
1112,17,2.25
1112,235,2.25
1112,236,2.25
1112,459,2.25
1115,241,2.25
1115,7,2.25
1115,17,2.25
1115,255,2.25
1115,234,2.25
1115,217,2.25
1115,205,2.25
1115,245,2.25
1115,3,2.25
1115,254,2.25
1115,4,2.25
1115,207,2.25
1115,253,2.25
1115,248,2.25
1116,17,2.25
1116,211,2.25
1116,254,2.25
1116,11,2.25
1117,207,2.25
1118,213,2.25
1118,220,2.25
1118,12,2.25
1118,121,2.25
1118,205,2.25
1118,1849,2.25
1120,213,2.25
1121,5,2.25
1121,206,2.25
1121,2,2.25
1122,7,2.25
1122,17,2.25
1122,12,2.25
1122,216,2.25
1122,217,2.25
1122,6,2.25
1122,210,2.25
1122,248,2.25
1123,2,2.25
1123,235,2.25
1124,215,2.25
1124,7,2.25
1124,3,2.25
1124,210,2.25
1125,254,2.25
1126,215,2.25
1126,250,2.25
1126,2,2.25
1126,121,2.25
1126,216,2.25
1126,255,2.25
1126,211,2.25
1126,205,2.25
1126,245,2.25
1126,244,2.25
1126,8,2.25
1126,233,2.25
1126,210,2.25
1127,5,2.25
1127,17,2.25
1127,2,2.25
1127,239,2.25
1127,8,2.25
1128,215,2.25
1129,1,2.25
1129,8,2.25
1130,121,2.25
1130,216,2.25
1130,211,2.25
1130,3,2.25
1130,11,2.25
1130,257,2.25
1130,6,2.25
1130,84,2.25
1130,256,2.25
1131,1,2.25
1132,213,2.25
1132,206,2.25
1132,245,2.25
1132,11,2.25
1132,1,2.25
1132,246,2.25
1132,243,2.25
1133,5,2.25
1133,17,2.25
1133,8,2.25
1133,563,2.25
1134,9,2.25
1135,7,2.25
1135,236,2.25
1138,213,2.25
1138,241,2.25
1138,5,2.25
1138,7,2.25
1138,236,2.25
1138,9,2.25
1138,13,2.25
1138,1,2.25
1138,6,2.25
1139,213,2.25
1139,121,2.25
1139,217,2.25
1139,4,2.25
1139,6,2.25
1139,243,2.25
1140,235,2.25
1140,216,2.25
1140,217,2.25
1140,1,2.25
1140,257,2.25
1141,17,2.25
1141,9,2.25
1141,11,2.25
1141,10,2.25
1141,257,2.25
1142,234,2.25
1142,205,2.25
1142,11,2.25
1142,207,2.25
1142,6,2.25
1142,210,2.25
1143,234,2.25
1143,8,2.25
1144,241,2.25
1144,7,2.25
1144,206,2.25
1144,220,2.25
1144,255,2.25
1144,211,2.25
1144,205,2.25
1144,245,2.25
1144,207,2.25
1144,8,2.25
1144,246,2.25
1144,84,2.25
1145,3,2.25
1145,257,2.25
1146,213,2.25
1146,220,2.25
1146,2,2.25
1146,214,2.25
1146,245,2.25
1146,11,2.25
1146,252,2.25
1146,4,2.25
1146,8,2.25
1146,243,2.25
1146,247,2.25
1147,658,2.25
1147,696,2.25
1147,589,2.25
1147,318,2.25
1147,594,2.25
1147,958,2.25
1147,715,2.25
1147,745,2.25
1147,336,2.25
1147,345,2.25
1147,733,2.25
1147,406,2.25
1147,351,2.25
1147,701,2.25
1147,598,2.25
1147,760,2.25
1147,944,2.25
1147,593,2.25
1147,932,2.25
1147,316,2.25
1147,923,2.25
1147,389,2.25
1147,747,2.25
1147,529,2.25
1147,287,2.25
1147,584,2.25
1148,251,2.25
1148,254,2.25
1148,11,2.25
1148,244,2.25
1148,1,2.25
1148,252,2.25
1148,246,2.25
1148,253,2.25
1148,84,2.25
1148,256,2.25
1148,243,2.25
1148,247,2.25
1149,7,2.25
1149,675,2.25
1149,278,2.25
1149,447,2.25
1149,148,2.25
1149,676,2.25
1150,215,2.25
1150,216,2.25
1150,255,2.25
1150,217,2.25
1150,254,2.25
1150,10,2.25
1150,13,2.25
1150,257,2.25
1150,8,2.25
1150,233,2.25
1150,84,2.25
1150,247,2.25
1151,484,2.25
1152,250,2.25
1152,5,2.25
1152,121,2.25
1152,205,2.25
1152,210,2.25
1152,84,2.25
1152,248,2.25
1152,247,2.25
1153,206,2.25
1153,235,2.25
1153,245,2.25
1153,10,2.25
1153,13,2.25
1153,207,2.25
1153,8,2.25
1153,218,2.25
1153,425,2.25
1153,294,2.25
1153,478,2.25
1153,521,2.25
1153,1198,2.25
1153,148,2.25
1153,620,2.25
1153,450,2.25
1153,402,2.25
1153,471,2.25
1153,457,2.25
1153,418,2.25
1153,485,2.25
1153,344,2.25
1153,304,2.25
1154,1,2.25
1155,251,2.25
1155,217,2.25
1155,239,2.25
1155,3,2.25
1155,257,2.25
1155,207,2.25
1155,210,2.25
1155,246,2.25
1156,7,2.25
1156,205,2.25
1156,257,2.25
1157,250,2.25
1157,241,2.25
1157,7,2.25
1157,211,2.25
1157,242,2.25
1157,477,2.25
1157,728,2.25
1157,499,2.25
1157,486,2.25
1157,1182,2.25
1157,1109,2.25
1157,702,2.25
1157,1858,2.25
1157,1516,2.25
1157,1257,2.25
1157,746,2.25
1158,250,2.25
1158,2,2.25
1158,255,2.25
1158,11,2.25
1158,13,2.25
1158,563,2.25
1159,250,2.25
1159,7,2.25
1159,17,2.25
1159,235,2.25
1159,121,2.25
1159,211,2.25
1159,3,2.25
1159,244,2.25
1159,4,2.25
1159,638,2.25
1159,247,2.25
1159,1040,2.25
1159,726,2.25
1159,756,2.25
1159,1271,2.25
1160,391,2.25
1160,628,2.25
1161,213,2.25
1161,2,2.25
1161,216,2.25
1161,3,2.25
1161,11,2.25
1161,252,2.25
1162,215,2.25
1162,2,2.25
1162,205,2.25
1162,6,2.25
1162,210,2.25
1162,246,2.25
1162,478,2.25
1162,127,2.25
1162,292,2.25
1164,215,2.25
1164,213,2.25
1164,7,2.25
1164,235,2.25
1164,10,2.25
1164,13,2.25
1164,293,2.25
1165,210,2.25
1166,7,2.25
1167,215,2.25
1167,7,2.25
1167,236,2.25
1167,211,2.25
1167,207,2.25
1167,233,2.25
1168,7,2.25
1168,211,2.25
1168,717,2.25
1171,215,2.25
1171,13,2.25
1172,7,2.25
1173,215,2.25
1173,216,2.25
1173,1,2.25
1173,210,2.25
1173,468,2.25
1173,1878,2.25
1173,1881,2.25
1174,299,2.25
1174,1026,2.25
1174,732,2.25
1175,220,2.25
1175,236,2.25
1175,205,2.25
1175,245,2.25
1175,257,2.25
1175,207,2.25
1175,8,2.25
1175,233,2.25
1175,6,2.25
1175,210,2.25
1175,253,2.25
1175,248,2.25
1178,17,2.25
1178,9,2.25
1178,1,2.25
1178,270,2.25
1180,215,2.25
1180,207,2.25
1180,728,2.25
1180,638,2.25
1180,73,2.25
1180,267,2.25
1183,213,2.25
1183,11,2.25
1183,8,2.25
1183,218,2.25
1184,213,2.25
1184,5,2.25
1184,17,2.25
1184,205,2.25
1184,214,2.25
1184,4,2.25
1186,235,2.25
1186,236,2.25
1186,205,2.25
1187,241,2.25
1187,17,2.25
1187,245,2.25
1187,244,2.25
1187,207,2.25
1187,638,2.25
1187,657,2.25
1187,473,2.25
1187,365,2.25
1187,510,2.25
1187,434,2.25
1187,588,2.25
1187,591,2.25
1187,1886,2.25
1187,1890,2.25
1187,1388,2.25
1187,695,2.25
1187,92,2.25
1187,1899,2.25
1187,488,2.25
1187,876,2.25
1187,1900,2.25
1187,722,2.25
1187,1902,2.25
1187,1903,2.25
1187,1904,2.25
1187,537,2.25
1187,1906,2.25
1187,1907,2.25
1187,761,2.25
1187,820,2.25
1187,1911,2.25
1187,1915,2.25
1187,1916,2.25
1187,1917,2.25
1187,359,2.25
1187,1442,2.25
1187,167,2.25
1187,1927,2.25
1187,650,2.25
1188,206,2.25
1188,121,2.25
1188,205,2.25
1188,245,2.25
1188,239,2.25
1188,11,2.25
1188,10,2.25
1188,13,2.25
1188,1,2.25
1188,257,2.25
1188,4,2.25
1188,249,2.25
1189,11,2.25
1189,8,2.25
1189,345,2.25
1189,423,2.25
1190,13,2.25
1192,12,2.25
1192,239,2.25
1192,1,2.25
1193,5,2.25
1193,7,2.25
1193,12,2.25
1193,254,2.25
1193,84,2.25
1194,2,2.25
1194,240,2.25
1195,216,2.25
1196,17,2.25
1197,250,2.25
1197,5,2.25
1197,9,2.25
1197,1,2.25
1197,207,2.25
1198,241,2.25
1198,7,2.25
1198,236,2.25
1198,234,2.25
1198,3,2.25
1198,212,2.25
1198,1,2.25
1198,257,2.25
1198,256,2.25
1199,251,2.25
1199,9,2.25
1199,3,2.25
1199,212,2.25
1199,11,2.25
1199,244,2.25
1199,210,2.25
1199,246,2.25
1199,278,2.25
1199,1542,2.25
1199,243,2.25
1199,1831,2.25
1199,712,2.25
1199,451,2.25
1199,512,2.25
1199,336,2.25
1199,432,2.25
1199,676,2.25
1199,505,2.25
1199,1858,2.25
1199,1219,2.25
1199,490,2.25
1199,1477,2.25
1199,926,2.25
1200,250,2.25
1200,220,2.25
1200,2,2.25
1200,348,2.25
1201,250,2.25
1201,220,2.25
1201,236,2.25
1201,219,2.25
1201,252,2.25
1201,207,2.25
1201,253,2.25
1202,215,2.25
1202,251,2.25
1202,213,2.25
1202,241,2.25
1202,5,2.25
1202,2,2.25
1202,255,2.25
1202,205,2.25
1202,214,2.25
1202,219,2.25
1202,244,2.25
1202,1,2.25
1202,256,2.25
1202,243,2.25
1203,3,2.25
1203,10,2.25
1203,4,2.25
1204,1,2.25
1205,2,2.25
1205,9,2.25
1205,11,2.25
1206,7,2.25
1206,17,2.25
1206,2,2.25
1206,12,2.25
1206,10,2.25
1206,233,2.25
1207,213,2.25
1207,12,2.25
1207,4,2.25
1207,207,2.25
1207,8,2.25
1208,236,2.25
1208,207,2.25
1208,91,2.25
1209,5,2.25
1209,206,2.25
1209,2,2.25
1209,235,2.25
1209,217,2.25
1209,245,2.25
1209,11,2.25
1209,6,2.25
1209,210,2.25
1209,253,2.25
1209,256,2.25
1210,7,2.25
1210,4,2.25
1212,2,2.25
1212,219,2.25
1212,501,2.25
1212,699,2.25
1212,1007,2.25
1212,758,2.25
1212,1599,2.25
1212,876,2.25
1212,855,2.25
1212,1604,2.25
1212,1832,2.25
1212,1942,2.25
1212,1614,2.25
1212,1600,2.25
1212,1125,2.25
1212,1607,2.25
1213,3,2.25
1214,7,2.25
1214,17,2.25
1214,12,2.25
1214,13,2.25
1214,286,2.25
1215,10,2.25
1215,1,2.25
1216,215,2.25
1216,11,2.25
1216,13,2.25
1218,215,2.25
1218,17,2.25
1218,234,2.25
1218,211,2.25
1218,214,2.25
1218,3,2.25
1218,1,2.25
1218,233,2.25
1219,11,2.25
1220,213,2.25
1220,216,2.25
1220,219,2.25
1220,11,2.25
1222,213,2.25
1222,7,2.25
1222,234,2.25
1222,13,2.25
1223,220,2.25
1223,11,2.25
1223,932,2.25
1224,255,2.25
1225,251,2.25
1225,217,2.25
1225,245,2.25
1225,13,2.25
1225,257,2.25
1225,4,2.25
1225,248,2.25
1226,213,2.25
1226,241,2.25
1226,234,2.25
1226,217,2.25
1226,245,2.25
1226,239,2.25
1226,8,2.25
1226,246,2.25
1226,256,2.25
1228,206,2.25
1228,9,2.25
1228,13,2.25
1228,207,2.25
1228,253,2.25
1228,243,2.25
1229,17,2.25
1229,216,2.25
1229,1,2.25
1229,257,2.25
1229,207,2.25
1229,436,2.25
1230,215,2.25
1230,12,2.25
1230,121,2.25
1230,216,2.25
1230,234,2.25
1230,217,2.25
1230,205,2.25
1230,212,2.25
1230,254,2.25
1230,6,2.25
1231,205,2.25
1232,254,2.25
1233,215,2.25
1233,205,2.25
1234,251,2.25
1234,5,2.25
1234,220,2.25
1234,236,2.25
1234,121,2.25
1234,217,2.25
1234,205,2.25
1234,214,2.25
1234,245,2.25
1234,257,2.25
1234,4,2.25
1234,243,2.25
1235,5,2.25
1235,206,2.25
1235,13,2.25
1235,4,2.25
1235,8,2.25
1235,248,2.25
1236,216,2.25
1236,214,2.25
1236,3,2.25
1236,10,2.25
1236,13,2.25
1237,270,2.25
1238,215,2.25
1238,5,2.25
1238,2,2.25
1238,12,2.25
1238,234,2.25
1238,212,2.25
1238,1,2.25
1238,252,2.25
1238,256,2.25
1239,2,2.25
1239,9,2.25
1239,1,2.25
1240,10,2.25
1241,250,2.25
1241,5,2.25
1241,17,2.25
1241,2,2.25
1241,235,2.25
1241,12,2.25
1241,9,2.25
1241,252,2.25
1241,207,2.25
1241,246,2.25
1241,248,2.25
1243,207,2.25
1244,318,2.25
1246,215,2.25
1246,211,2.25
1246,257,2.25
1246,4,2.25
1246,8,2.25
1246,6,2.25
1246,246,2.25
1246,249,2.25
1247,7,2.25
1247,787,2.25
1248,2,2.25
1248,235,2.25
1248,216,2.25
1248,11,2.25
1248,207,2.25
1248,8,2.25
1249,250,2.25
1249,7,2.25
1249,206,2.25
1249,17,2.25
1249,2,2.25
1249,12,2.25
1249,9,2.25
1249,255,2.25
1249,210,2.25
1249,246,2.25
1249,253,2.25
1249,84,2.25
1249,204,2.25
1249,1961,2.25
1249,25,2.25
1249,179,2.25
1249,377,2.25
1249,152,2.25
1249,1581,2.25
1249,146,2.25
1249,1963,2.25
1249,141,2.25
1249,1577,2.25
1249,56,2.25
1249,1570,2.25
1249,37,2.25
1250,215,2.25
1250,220,2.25
1250,11,2.25
1250,253,2.25
1251,17,2.25
1251,2,2.25
1251,239,2.25
1251,84,2.25
1252,241,2.25
1252,235,2.25
1252,205,2.25
1252,244,2.25
1252,10,2.25
1252,13,2.25
1252,6,2.25
1252,253,2.25
1254,215,2.25
1254,2,2.25
1254,235,2.25
1254,12,2.25
1254,234,2.25
1254,11,2.25
1255,206,2.25
1255,220,2.25
1255,236,2.25
1255,234,2.25
1255,217,2.25
1255,245,2.25
1255,10,2.25
1255,207,2.25
1255,8,2.25
1256,220,2.25
1257,206,2.25
1257,12,2.25
1257,13,2.25
1257,4,2.25
1257,207,2.25
1257,247,2.25
1258,241,2.25
1258,17,2.25
1258,216,2.25
1258,219,2.25
1258,207,2.25
1261,241,2.25
1261,5,2.25
1261,220,2.25
1261,217,2.25
1261,219,2.25
1261,1,2.25
1261,257,2.25
1261,4,2.25
1261,233,2.25
1261,6,2.25
1261,84,2.25
1262,213,2.25
1262,3,2.25
1263,214,2.25
1263,219,2.25
1263,4,2.25
1263,207,2.25
1265,255,2.25
1265,1212,2.25
1267,5,2.25
1267,7,2.25
1267,17,2.25
1267,216,2.25
1267,217,2.25
1268,236,2.25
1268,12,2.25
1269,7,2.25
1269,239,2.25
1269,207,2.25
1269,1097,2.25
1269,1971,2.25
1270,2,2.25
1271,239,2.25
1271,212,2.25
1271,11,2.25
1271,8,2.25
1271,246,2.25
1272,17,2.25
1273,17,2.25
1273,13,2.25
1273,1,2.25
1274,213,2.25
1274,206,2.25
1274,121,2.25
1274,211,2.25
1274,244,2.25
1274,10,2.25
1274,6,2.25
1274,84,2.25
1274,243,2.25
1277,1973,2.25
1278,5,2.25
1278,9,2.25
1278,13,2.25
1279,250,2.25
1279,251,2.25
1279,213,2.25
1279,7,2.25
1279,235,2.25
1279,9,2.25
1279,11,2.25
1279,4,2.25
1279,233,2.25
1280,212,2.25
1280,10,2.25
1282,1,2.25
1283,12,2.25
1283,121,2.25
1283,234,2.25
1283,214,2.25
1283,245,2.25
1283,219,2.25
1283,233,2.25
1283,84,2.25
1283,256,2.25
1284,213,2.25
1284,236,2.25
1284,84,2.25
1286,220,2.25
1286,2,2.25
1286,235,2.25
1286,12,2.25
1286,205,2.25
1286,214,2.25
1286,239,2.25
1286,243,2.25
1287,211,2.25
1287,434,2.25
1288,2,2.25
1288,205,2.25
1288,3,2.25
1288,638,2.25
1288,388,2.25
1288,593,2.25
1288,26,2.25
1288,1026,2.25
1288,1932,2.25
1288,405,2.25
1288,843,2.25
1289,9,2.25
1289,216,2.25
1289,234,2.25
1289,211,2.25
1289,217,2.25
1289,252,2.25
1289,233,2.25
1289,210,2.25
1289,246,2.25
1289,243,2.25
1289,434,2.25
1289,267,2.25
1289,1694,2.25
1290,236,2.25
1290,13,2.25
1291,250,2.25
1291,219,2.25
1291,207,2.25
1292,250,2.25
1292,236,2.25
1292,211,2.25
1292,239,2.25
1292,3,2.25
1292,13,2.25
1292,257,2.25
1292,8,2.25
1292,253,2.25
1292,249,2.25
1293,250,2.25
1293,251,2.25
1293,12,2.25
1293,4,2.25
1293,207,2.25
1294,3,2.25
1295,213,2.25
1295,220,2.25
1295,212,2.25
1295,254,2.25
1295,4,2.25
1295,210,2.25
1295,256,2.25
1296,13,2.25
1296,233,2.25
1297,215,2.25
1297,5,2.25
1297,220,2.25
1297,255,2.25
1297,3,2.25
1297,219,2.25
1297,246,2.25
1298,1980,2.25
1299,1513,2.25
1299,1981,2.25
1299,605,2.25
1300,5,2.25
1300,255,2.25
1300,234,2.25
1300,214,2.25
1300,10,2.25
1300,233,2.25
1300,256,2.25
1301,213,2.25
1301,220,2.25
1301,9,2.25
1301,249,2.25
1302,251,2.25
1302,213,2.25
1302,7,2.25
1302,216,2.25
1302,255,2.25
1302,244,2.25
1304,7,2.25
1304,2,2.25
1304,12,2.25
1304,234,2.25
1304,217,2.25
1304,205,2.25
1304,254,2.25
1304,10,2.25
1304,252,2.25
1304,246,2.25
1305,215,2.25
1305,5,2.25
1305,9,2.25
1305,211,2.25
1305,239,2.25
1305,13,2.25
1306,215,2.25
1307,250,2.25
1307,251,2.25
1307,17,2.25
1307,257,2.25
1308,220,2.25
1308,255,2.25
1308,244,2.25
1308,247,2.25
1309,2,2.25
1309,1350,2.25
1310,5,2.25
1310,206,2.25
1310,9,2.25
1310,219,2.25
1311,12,2.25
1311,11,2.25
1311,84,2.25
1312,207,2.25
1315,215,2.25
1316,241,2.25
1316,7,2.25
1316,216,2.25
1316,254,2.25
1317,220,2.25
1317,9,2.25
1317,11,2.25
1317,233,2.25
1318,17,2.25
1318,239,2.25
1318,3,2.25
1318,11,2.25
1318,257,2.25
1318,207,2.25
1318,256,2.25
1318,247,2.25
1321,17,2.25
1324,10,2.25
1325,17,2.25
1325,255,2.25
1325,239,2.25
1325,11,2.25
1325,549,2.25
1326,8,2.25
1328,7,2.25
1328,11,2.25
1328,313,2.25
1328,286,2.25
1328,1766,2.25
1329,7,2.25
1329,2,2.25
1330,1556,2.25
1332,251,2.25
1332,213,2.25
1332,2,2.25
1332,235,2.25
1332,211,2.25
1332,205,2.25
1332,3,2.25
1332,212,2.25
1332,10,2.25
1332,4,2.25
1333,220,2.25
1333,217,2.25
1333,1,2.25
1333,1872,2.25
1333,1675,2.25
1333,1986,2.25
1333,1989,2.25
1333,1993,2.25
1333,1996,2.25
1333,2002,2.25
1333,2013,2.25
1333,2017,2.25
1333,367,2.25
1335,250,2.25
1335,9,2.25
1335,212,2.25
1335,257,2.25
1335,8,2.25
1335,253,2.25
1335,249,2.25
1335,243,2.25
1335,247,2.25
1336,888,2.25
1336,38,2.25
1338,215,2.25
1338,213,2.25
1338,5,2.25
1338,121,2.25
1338,211,2.25
1338,217,2.25
1338,3,2.25
1338,219,2.25
1338,212,2.25
1338,252,2.25
1338,233,2.25
1340,236,2.25
1341,10,2.25
1342,7,2.25
1342,220,2.25
1342,12,2.25
1342,255,2.25
1342,211,2.25
1342,217,2.25
1342,219,2.25
1342,249,2.25
1343,206,2.25
1343,17,2.25
1343,236,2.25
1343,234,2.25
1343,211,2.25
1343,254,2.25
1344,278,2.25
1345,213,2.25
1345,5,2.25
1345,7,2.25
1345,9,2.25
1346,206,2.25
1347,17,2.25
1347,9,2.25
1347,245,2.25
1348,215,2.25
1348,250,2.25
1348,7,2.25
1348,211,2.25
1348,11,2.25
1348,244,2.25
1348,13,2.25
1348,1,2.25
1348,4,2.25
1348,486,2.25
1350,7,2.25
1350,217,2.25
1350,244,2.25
1351,17,2.25
1351,12,2.25
1351,1,2.25
1352,251,2.25
1352,220,2.25
1352,216,2.25
1352,245,2.25
1352,219,2.25
1352,257,2.25
1352,207,2.25
1352,210,2.25
1352,247,2.25
1354,215,2.25
1354,11,2.25
1354,1,2.25
1355,241,2.25
1355,5,2.25
1355,7,2.25
1355,216,2.25
1355,587,2.25
1355,309,2.25
1355,442,2.25
1356,11,2.25
1358,2,2.25
1359,17,2.25
1359,11,2.25
1359,10,2.25
1359,1,2.25
1359,8,2.25
1359,496,2.25
1360,215,2.25
1360,2,2.25
1360,12,2.25
1360,3,2.25
1360,781,2.25
1361,7,2.25
1361,92,2.25
1361,100,2.25
1363,213,2.25
1363,9,2.25
1363,121,2.25
1363,210,2.25
1363,253,2.25
1364,7,2.25
1365,478,2.25
1365,511,2.25
1365,414,2.25
1365,1695,2.25
1366,241,2.25
1366,9,2.25
1366,214,2.25
1366,212,2.25
1366,10,2.25
1366,253,2.25
1366,249,2.25
1367,7,2.25
1367,255,2.25
1367,11,2.25
1367,10,2.25
1368,215,2.25
1368,235,2.25
1368,10,2.25
1368,6,2.25
1369,12,2.25
1369,3,2.25
1369,207,2.25
1370,241,2.25
1370,17,2.25
1370,9,2.25
1370,219,2.25
1370,244,2.25
1370,257,2.25
1370,233,2.25
1370,248,2.25
1370,256,2.25
1371,241,2.25
1371,7,2.25
1371,2,2.25
1371,219,2.25
1372,250,2.25
1372,255,2.25
1372,211,2.25
1372,239,2.25
1372,10,2.25
1372,8,2.25
1375,241,2.25
1375,217,2.25
1375,212,2.25
1375,244,2.25
1375,4,2.25
1375,210,2.25
1377,5,2.25
1377,7,2.25
1378,5,2.25
1378,9,2.25
1378,214,2.25
1379,236,2.25
1382,121,2.25
1382,254,2.25
1382,257,2.25
1382,247,2.25
1382,922,2.25
1383,5,2.25
1383,11,2.25
1383,13,2.25
1383,876,2.25
1385,250,2.25
1385,251,2.25
1385,121,2.25
1385,216,2.25
1385,211,2.25
1385,11,2.25
1385,244,2.25
1385,13,2.25
1385,253,2.25
1385,248,2.25
1385,243,2.25
1386,220,2.25
1386,17,2.25
1386,217,2.25
1386,3,2.25
1386,244,2.25
1386,13,2.25
1386,210,2.25
1386,336,2.25
1386,699,2.25
1386,91,2.25
1386,510,2.25
1386,26,2.25
1386,584,2.25
1386,1861,2.25
1386,588,2.25
1386,1293,2.25
1386,815,2.25
1387,211,2.25
1387,247,2.25
1388,215,2.25
1388,213,2.25
1388,206,2.25
1388,2,2.25
1388,121,2.25
1388,10,2.25
1388,8,2.25
1388,243,2.25
1388,247,2.25
1390,257,2.25
1391,220,2.25
1391,11,2.25
1393,7,2.25
1393,206,2.25
1393,220,2.25
1393,17,2.25
1393,235,2.25
1393,11,2.25
1393,13,2.25
1393,6,2.25
1393,253,2.25
1393,84,2.25
1393,243,2.25
1393,247,2.25
1394,17,2.25
1394,510,2.25
1396,250,2.25
1396,213,2.25
1396,17,2.25
1396,12,2.25
1396,216,2.25
1396,217,2.25
1396,214,2.25
1396,219,2.25
1396,10,2.25
1396,4,2.25
1396,8,2.25
1397,542,2.25
1398,583,2.25
1398,609,2.25
1398,347,2.25
1398,313,2.25
1398,587,2.25
1398,810,2.25
1398,442,2.25
1398,898,2.25
1398,274,2.25
1398,1039,2.25
1399,250,2.25
1399,7,2.25
1399,235,2.25
1399,236,2.25
1399,216,2.25
1399,219,2.25
1399,11,2.25
1399,13,2.25
1399,233,2.25
1401,214,2.25
1405,205,2.25
1405,207,2.25
1406,7,2.25
1406,236,2.25
1406,207,2.25
1406,866,2.25
1406,787,2.25
1406,494,2.25
1406,91,2.25
1406,332,2.25
1406,1357,2.25
1406,1118,2.25
1406,331,2.25
1406,315,2.25
1406,334,2.25
1406,1082,2.25
1407,1522,2.25
1407,1525,2.25
1408,606,2.25
1408,2045,2.25
1409,250,2.25
1409,17,2.25
1409,2,2.25
1414,250,2.25
1414,251,2.25
1414,236,2.25
1414,234,2.25
1414,205,2.25
1414,11,2.25
1414,10,2.25
1414,207,2.25
1414,8,2.25
1414,249,2.25
1414,247,2.25
1415,5,2.25
1415,7,2.25
1415,2,2.25
1415,2047,2.25
1416,215,2.25
1416,211,2.25
1416,219,2.25
1416,212,2.25
1416,11,2.25
1416,252,2.25
1416,248,2.25
1416,249,2.25
1417,218,2.25
1417,318,2.25
1417,512,2.25
1417,363,2.25
1418,1036,2.25
1418,1594,2.25
1418,1486,2.25
1419,205,2.25
1420,206,2.25
1420,12,2.25
1420,121,2.25
1420,234,2.25
1420,254,2.25
1420,244,2.25
1420,13,2.25
1420,233,2.25
1422,236,2.25
1422,257,2.25
1423,213,2.25
1423,206,2.25
1423,235,2.25
1423,245,2.25
1423,257,2.25
1423,248,2.25
1424,9,2.25
1424,3,2.25
1424,10,2.25
1424,252,2.25
1424,567,2.25
1425,213,2.25
1425,241,2.25
1425,206,2.25
1425,236,2.25
1425,216,2.25
1425,255,2.25
1425,234,2.25
1425,244,2.25
1425,10,2.25
1425,1,2.25
1425,246,2.25
1425,253,2.25
1426,220,2.25
1426,239,2.25
1426,219,2.25
1426,13,2.25
1427,12,2.25
1428,215,2.25
1428,251,2.25
1428,241,2.25
1428,5,2.25
1428,206,2.25
1428,220,2.25
1428,9,2.25
1428,121,2.25
1428,217,2.25
1428,239,2.25
1428,212,2.25
1428,254,2.25
1428,10,2.25
1428,1,2.25
1428,257,2.25
1428,233,2.25
1429,241,2.25
1429,7,2.25
1429,236,2.25
1429,12,2.25
1429,211,2.25
1429,13,2.25
1429,4,2.25
1430,17,2.25
1430,236,2.25
1430,217,2.25
1430,245,2.25
1430,219,2.25
1431,7,2.25
1431,254,2.25
1431,1,2.25
1432,7,2.25
1432,220,2.25
1432,235,2.25
1432,121,2.25
1432,216,2.25
1432,211,2.25
1432,245,2.25
1432,3,2.25
1432,254,2.25
1432,257,2.25
1432,318,2.25
1432,810,2.25
1432,490,2.25
1434,7,2.25
1434,206,2.25
1434,2,2.25
1435,5,2.25
1435,3,2.25
1435,818,2.25
1436,11,2.25
1437,236,2.25
1437,286,2.25
1437,705,2.25
1437,282,2.25
1437,342,2.25
1437,528,2.25
1437,2048,2.25
1438,17,2.25
1438,236,2.25
1438,234,2.25
1438,13,2.25
1438,6,2.25
1438,246,2.25
1438,256,2.25
1439,215,2.25
1439,251,2.25
1439,213,2.25
1439,17,2.25
1439,2,2.25
1439,216,2.25
1439,3,2.25
1439,219,2.25
1439,207,2.25
1440,5,2.25
1440,2,2.25
1440,236,2.25
1440,121,2.25
1440,1,2.25
1440,253,2.25
1441,13,2.25
1442,207,2.25
1443,11,2.25
1443,293,2.25
1444,220,2.25
1444,17,2.25
1444,12,2.25
1444,9,2.25
1444,217,2.25
1444,239,2.25
1444,11,2.25
1444,13,2.25
1444,1,2.25
1444,4,2.25
1444,243,2.25
1445,13,2.25
1446,215,2.25
1446,214,2.25
1446,3,2.25
1446,212,2.25
1448,235,2.25
1448,121,2.25
1448,234,2.25
1448,217,2.25
1448,245,2.25
1448,219,2.25
1448,13,2.25
1448,233,2.25
1448,253,2.25
1451,213,2.25
1451,2,2.25
1451,216,2.25
1451,211,2.25
1451,239,2.25
1451,219,2.25
1451,244,2.25
1451,1,2.25
1451,8,2.25
1451,248,2.25
1451,1565,2.25
1451,467,2.25
1451,2051,2.25
1451,2052,2.25
1452,211,2.25
1452,207,2.25
1452,1036,2.25
1452,1760,2.25
1452,2055,2.25
1452,2057,2.25
1453,7,2.25
1453,220,2.25
1453,236,2.25
1453,121,2.25
1453,212,2.25
1453,254,2.25
1453,8,2.25
1453,256,2.25
1453,247,2.25
1454,251,2.25
1454,213,2.25
1454,241,2.25
1454,12,2.25
1454,255,2.25
1454,234,2.25
1454,211,2.25
1454,212,2.25
1454,10,2.25
1454,13,2.25
1454,257,2.25
1454,4,2.25
1454,210,2.25
1454,246,2.25
1454,84,2.25
1455,4,2.25
1455,207,2.25
1457,215,2.25
1457,213,2.25
1457,2,2.25
1457,121,2.25
1457,214,2.25
1457,239,2.25
1457,254,2.25
1457,10,2.25
1457,207,2.25
1457,233,2.25
1457,210,2.25
1457,246,2.25
1457,253,2.25
1457,84,2.25
1457,249,2.25
1458,213,2.25
1458,206,2.25
1458,2,2.25
1458,235,2.25
1458,236,2.25
1458,211,2.25
1458,214,2.25
1458,245,2.25
1458,254,2.25
1458,13,2.25
1458,252,2.25
1458,8,2.25
1458,6,2.25
1458,210,2.25
1458,256,2.25
1458,243,2.25
1458,247,2.25
1459,214,2.25
1459,11,2.25
1459,13,2.25
1459,781,2.25
1459,1655,2.25
1460,220,2.25
1460,2,2.25
1460,12,2.25
1460,121,2.25
1460,217,2.25
1460,239,2.25
1460,3,2.25
1460,8,2.25
1460,6,2.25
1461,250,2.25
1461,251,2.25
1461,216,2.25
1461,245,2.25
1461,239,2.25
1461,3,2.25
1461,244,2.25
1461,10,2.25
1461,207,2.25
1461,6,2.25
1461,246,2.25
1461,249,2.25
1462,213,2.25
1462,5,2.25
1462,7,2.25
1462,17,2.25
1462,216,2.25
1462,255,2.25
1462,234,2.25
1462,212,2.25
1462,1,2.25
1462,207,2.25
1462,210,2.25
1462,246,2.25
1462,253,2.25
1462,243,2.25
1463,341,2.25
1464,220,2.25
1464,2,2.25
1464,235,2.25
1464,216,2.25
1464,234,2.25
1464,219,2.25
1464,254,2.25
1464,257,2.25
1464,207,2.25
1464,233,2.25
1464,247,2.25
1465,215,2.25
1465,251,2.25
1465,236,2.25
1465,12,2.25
1465,216,2.25
1465,205,2.25
1465,256,2.25
1466,17,2.25
1466,8,2.25
1467,251,2.25
1467,206,2.25
1467,9,2.25
1467,121,2.25
1467,216,2.25
1467,255,2.25
1467,217,2.25
1467,239,2.25
1467,11,2.25
1467,13,2.25
1467,6,2.25
1468,17,2.25
1468,1297,2.25
1468,1294,2.25
1468,398,2.25
1469,213,2.25
1469,236,2.25
1469,219,2.25
1469,11,2.25
1469,10,2.25
1469,252,2.25
1470,215,2.25
1470,17,2.25
1470,235,2.25
1470,236,2.25
1470,205,2.25
1470,254,2.25
1470,1,2.25
1470,252,2.25
1471,236,2.25
1471,219,2.25
1471,4,2.25
1471,6,2.25
1473,257,2.25
1474,215,2.25
1474,251,2.25
1474,17,2.25
1474,2,2.25
1474,236,2.25
1474,205,2.25
1474,214,2.25
1474,245,2.25
1474,212,2.25
1474,11,2.25
1474,6,2.25
1474,248,2.25
1475,220,2.25
1475,9,2.25
1475,211,2.25
1475,245,2.25
1475,254,2.25
1475,11,2.25
1475,13,2.25
1475,257,2.25
1475,6,2.25
1475,246,2.25
1475,253,2.25
1476,7,2.25
1476,17,2.25
1476,121,2.25
1476,214,2.25
1476,13,2.25
1476,252,2.25
1476,207,2.25
1476,8,2.25
1476,246,2.25
1476,253,2.25
1477,11,2.25
1478,215,2.25
1478,250,2.25
1478,121,2.25
1478,211,2.25
1478,239,2.25
1478,3,2.25
1478,219,2.25
1478,11,2.25
1478,13,2.25
1478,1,2.25
1478,210,2.25
1478,1497,2.25
1480,5,2.25
1480,7,2.25
1480,236,2.25
1480,211,2.25
1480,214,2.25
1480,10,2.25
1480,257,2.25
1480,6,2.25
1480,246,2.25
1480,256,2.25
1480,247,2.25
1481,1568,2.25
1483,255,2.25
1483,234,2.25
1483,239,2.25
1483,212,2.25
1483,11,2.25
1483,257,2.25
1483,4,2.25
1484,215,2.25
1485,9,2.25
1485,4,2.25
1486,215,2.25
1486,9,2.25
1486,3,2.25
1486,212,2.25
1486,254,2.25
1486,10,2.25
1486,257,2.25
1486,4,2.25
1486,233,2.25
1486,249,2.25
1487,207,2.25
1488,4,2.25
1488,719,2.25
1488,363,2.25
1488,1387,2.25
1489,17,2.25
1489,216,2.25
1489,205,2.25
1489,10,2.25
1489,4,2.25
1489,210,2.25
1489,253,2.25
1491,257,2.25
1491,540,2.25
1491,290,2.25
1491,855,2.25
1491,2051,2.25
1491,2052,2.25
1492,7,2.25
1492,17,2.25
1492,2,2.25
1492,9,2.25
1492,255,2.25
1492,4,2.25
1493,1,2.25
1493,297,2.25
1493,1687,2.25
1495,12,2.25
1496,2,2.25
1496,212,2.25
1496,13,2.25
1496,252,2.25
1496,675,2.25
1496,805,2.25
1496,1007,2.25
1496,432,2.25
1496,750,2.25
1496,1194,2.25
1496,1941,2.25
1496,1339,2.25
1496,1460,2.25
1497,205,2.25
1497,2066,2.25
1498,213,2.25
1498,5,2.25
1498,217,2.25
1498,3,2.25
1498,212,2.25
1498,11,2.25
1498,207,2.25
1498,233,2.25
1498,243,2.25
1499,251,2.25
1499,5,2.25
1499,7,2.25
1499,2,2.25
1499,239,2.25
1499,3,2.25
1499,11,2.25
1499,8,2.25
1499,233,2.25
1500,17,2.25
1500,236,2.25
1500,254,2.25
1501,215,2.25
1501,241,2.25
1501,7,2.25
1501,206,2.25
1501,9,2.25
1501,255,2.25
1501,211,2.25
1501,217,2.25
1501,239,2.25
1501,257,2.25
1501,4,2.25
1501,6,2.25
1501,253,2.25
1501,249,2.25
1501,243,2.25
1501,247,2.25
1502,236,2.25
1502,254,2.25
1502,1,2.25
1502,252,2.25
1502,256,2.25
1503,205,2.25
1503,11,2.25
1504,7,2.25
1504,211,2.25
1504,217,2.25
1504,254,2.25
1504,1724,2.25
1504,839,2.25
1505,241,2.25
1505,7,2.25
1505,17,2.25
1505,9,2.25
1505,13,2.25
1505,4,2.25
1505,8,2.25
1505,495,2.25
1507,254,2.25
1508,215,2.25
1508,669,2.25
1,9,2.25
1,1,2.25
3,17,2.25
3,10,2.25
3,197,2.25
3,123,2.25
3,84,2.25
3,31,2.25
3,130,2.25
3,144,2.25
3,171,2.25
3,46,2.25
3,36,2.25
3,156,2.25
3,72,2.25
3,98,2.25
3,157,2.25
3,104,2.25
3,19,2.25
3,23,2.25
3,33,2.25
3,43,2.25
3,57,2.25
3,62,2.25
3,78,2.25
3,79,2.25
3,80,2.25
3,82,2.25
3,101,2.25
3,108,2.25
3,117,2.25
3,126,2.25
3,136,2.25
3,139,2.25
3,153,2.25
3,161,2.25
3,165,2.25
3,180,2.25
3,181,2.25
3,190,2.25
3,192,2.25
4,206,2.25
4,3,2.25
6,2,2.25
6,210,2.25
7,214,2.25
7,1,2.25
10,215,2.25
11,219,2.25
12,211,2.25
13,4,2.25
13,222,2.25
14,233,2.25
15,2,2.25
18,9,2.25
19,17,2.25
19,211,2.25
19,238,2.25
21,251,2.25
21,255,2.25
21,205,2.25
21,214,2.25
21,212,2.25
21,244,2.25
21,233,2.25
21,84,2.25
22,255,2.25
23,213,2.25
23,5,2.25
23,7,2.25
24,258,2.25
25,251,2.25
25,213,2.25
25,216,2.25
25,255,2.25
25,239,2.25
25,3,2.25
25,233,2.25
25,243,2.25
28,215,2.25
28,250,2.25
28,220,2.25
28,10,2.25
28,13,2.25
28,1,2.25
28,6,2.25
29,242,2.25
29,273,2.25
29,59,2.25
29,275,2.25
29,300,2.25
29,301,2.25
29,291,2.25
29,305,2.25
30,241,2.25
30,5,2.25
30,220,2.25
30,17,2.25
30,2,2.25
30,236,2.25
30,234,2.25
30,205,2.25
30,245,2.25
30,239,2.25
30,244,2.25
30,8,2.25
30,6,2.25
30,246,2.25
31,213,2.25
31,1,2.25
32,2,2.25
33,213,2.25
33,235,2.25
34,236,2.25
34,12,2.25
35,310,2.25
36,2,2.25
36,255,2.25
36,3,2.25
36,219,2.25
36,13,2.25
36,1,2.25
36,8,2.25
37,236,2.25
37,234,2.25
37,217,2.25
37,205,2.25
37,11,2.25
38,206,2.25
38,9,2.25
38,121,2.25
38,234,2.25
38,214,2.25
38,254,2.25
38,257,2.25
38,84,2.25
39,215,2.25
39,254,2.25
42,7,2.25
42,11,2.25
45,251,2.25
46,17,2.25
46,11,2.25
46,8,2.25
47,13,2.25
49,11,2.25
50,251,2.25
50,234,2.25
50,217,2.25
50,245,2.25
50,219,2.25
50,254,2.25
50,10,2.25
50,1,2.25
51,325,2.25
51,331,2.25
51,324,2.25
51,334,2.25
51,329,2.25
53,12,2.25
53,121,2.25
53,205,2.25
53,244,2.25
53,4,2.25
53,8,2.25
53,246,2.25
53,253,2.25
53,249,2.25
55,214,2.25
55,212,2.25
55,1,2.25
56,7,2.25
56,2,2.25
56,121,2.25
56,255,2.25
56,336,2.25
56,148,2.25
57,17,2.25
58,212,2.25
60,13,2.25
60,8,2.25
60,318,2.25
61,5,2.25
61,207,2.25
61,8,2.25
63,2,2.25
63,11,2.25
63,345,2.25
63,342,2.25
63,343,2.25
63,198,2.25
64,250,2.25
64,251,2.25
64,241,2.25
64,236,2.25
64,216,2.25
64,234,2.25
64,11,2.25
64,6,2.25
64,256,2.25
65,220,2.25
65,2,2.25
65,3,2.25
65,349,2.25
66,2,2.25
66,1,2.25
67,5,2.25
67,1,2.25
67,8,2.25
68,215,2.25
68,251,2.25
68,2,2.25
68,216,2.25
68,219,2.25
68,11,2.25
68,10,2.25
68,8,2.25
68,233,2.25
68,6,2.25
68,247,2.25
69,234,2.25
70,17,2.25
70,211,2.25
70,205,2.25
70,219,2.25
70,8,2.25
70,253,2.25
71,3,2.25
71,207,2.25
71,6,2.25
72,2,2.25
72,235,2.25
72,11,2.25
72,13,2.25
72,1,2.25
72,210,2.25
72,84,2.25
72,248,2.25
72,247,2.25
73,213,2.25
73,241,2.25
73,234,2.25
73,205,2.25
73,3,2.25
73,212,2.25
73,252,2.25
73,233,2.25
73,6,2.25
73,84,2.25
73,256,2.25
73,243,2.25
75,257,2.25
78,352,2.25
78,355,2.25
78,367,2.25
78,371,2.25
78,366,2.25
78,375,2.25
78,381,2.25
79,239,2.25
79,13,2.25
79,6,2.25
79,455,2.25
79,397,2.25
79,491,2.25
79,406,2.25
79,521,2.25
79,389,2.25
79,510,2.25
79,432,2.25
79,431,2.25
79,434,2.25
79,474,2.25
79,430,2.25
79,450,2.25
79,417,2.25
79,457,2.25
79,421,2.25
79,344,2.25
79,505,2.25
79,393,2.25
79,394,2.25
79,456,2.25
79,504,2.25
79,458,2.25
79,309,2.25
79,511,2.25
79,509,2.25
79,490,2.25
79,401,2.25
79,476,2.25
79,172,2.25
79,385,2.25
79,403,2.25
79,413,2.25
79,475,2.25
79,479,2.25
79,516,2.25
79,517,2.25
80,7,2.25
81,214,2.25
81,13,2.25
81,4,2.25
81,540,2.25
81,523,2.25
81,538,2.25
81,536,2.25
81,537,2.25
81,356,2.25
81,549,2.25
81,379,2.25
81,526,2.25
81,547,2.25
82,239,2.25
83,215,2.25
83,251,2.25
83,206,2.25
83,17,2.25
83,2,2.25
83,236,2.25
83,9,2.25
83,234,2.25
83,212,2.25
83,257,2.25
83,207,2.25
84,5,2.25
84,236,2.25
84,217,2.25
84,8,2.25
85,245,2.25
85,219,2.25
85,13,2.25
85,207,2.25
86,2,2.25
86,235,2.25
86,9,2.25
86,121,2.25
86,255,2.25
86,211,2.25
86,239,2.25
86,3,2.25
86,244,2.25
86,1,2.25
86,233,2.25
86,6,2.25
86,253,2.25
87,17,2.25
87,12,2.25
87,219,2.25
87,257,2.25
88,5,2.25
88,7,2.25
88,236,2.25
88,3,2.25
88,10,2.25
88,207,2.25
89,235,2.25
90,10,2.25
90,13,2.25
91,236,2.25
91,216,2.25
91,255,2.25
91,11,2.25
91,4,2.25
91,425,2.25
91,352,2.25
91,393,2.25
91,554,2.25
91,558,2.25
91,561,2.25
91,566,2.25
91,571,2.25
91,574,2.25
91,575,2.25
92,250,2.25
92,9,2.25
92,4,2.25
92,84,2.25
93,216,2.25
93,11,2.25
93,13,2.25
94,254,2.25
95,241,2.25
95,220,2.25
95,234,2.25
95,217,2.25
95,252,2.25
95,579,2.25
95,577,2.25
96,220,2.25
96,17,2.25
96,235,2.25
96,121,2.25
96,211,2.25
96,205,2.25
96,219,2.25
96,212,2.25
96,244,2.25
96,10,2.25
96,8,2.25
96,247,2.25
96,581,2.25
97,17,2.25
97,12,2.25
97,9,2.25
97,10,2.25
97,252,2.25
97,4,2.25
97,256,2.25
98,207,2.25
98,218,2.25
98,583,2.25
98,592,2.25
98,313,2.25
98,336,2.25
98,591,2.25
98,341,2.25
99,213,2.25
99,206,2.25
101,2,2.25
104,17,2.25
104,236,2.25
105,7,2.25
106,5,2.25
106,2,2.25
106,8,2.25
107,235,2.25
107,9,2.25
107,245,2.25
107,3,2.25
107,11,2.25
107,207,2.25
108,2,2.25
109,10,2.25
109,410,2.25
109,599,2.25
109,602,2.25
110,13,2.25
110,1,2.25
110,207,2.25
111,251,2.25
111,5,2.25
111,12,2.25
111,9,2.25
111,245,2.25
111,246,2.25
112,250,2.25
112,247,2.25
112,338,2.25
114,17,2.25
114,2,2.25
114,205,2.25
114,257,2.25
114,207,2.25
115,17,2.25
115,207,2.25
116,213,2.25
116,234,2.25
116,239,2.25
116,3,2.25
116,13,2.25
116,1,2.25
116,6,2.25
116,84,2.25
117,5,2.25
117,7,2.25
117,13,2.25
117,8,2.25
118,12,2.25
119,207,2.25
120,1,2.25
121,215,2.25
121,213,2.25
121,206,2.25
121,9,2.25
121,212,2.25
121,10,2.25
121,1,2.25
121,210,2.25
121,246,2.25
121,248,2.25
122,9,2.25
122,244,2.25
122,13,2.25
123,5,2.25
123,257,2.25
124,255,2.25
124,211,2.25
124,205,2.25
124,10,2.25
124,210,2.25
124,248,2.25
124,249,2.25
124,243,2.25
124,247,2.25
125,236,2.25
125,207,2.25
126,121,2.25
126,211,2.25
126,207,2.25
126,548,2.25
127,234,2.25
127,13,2.25
127,612,2.25
128,215,2.25
128,251,2.25
128,206,2.25
128,12,2.25
128,121,2.25
128,205,2.25
128,245,2.25
128,13,2.25
128,246,2.25
128,84,2.25
128,248,2.25
128,247,2.25
128,618,2.25
129,2,2.25
129,211,2.25
129,13,2.25
129,207,2.25
129,253,2.25
129,91,2.25
130,235,2.25
131,215,2.25
133,234,2.25
133,11,2.25
135,17,2.25
135,2,2.25
136,8,2.25
136,637,2.25
136,623,2.25
136,633,2.25
136,639,2.25
136,629,2.25
136,644,2.25
136,620,2.25
136,650,2.25
136,641,2.25
137,206,2.25
137,235,2.25
137,121,2.25
137,216,2.25
137,255,2.25
137,205,2.25
137,3,2.25
137,4,2.25
137,6,2.25
138,17,2.25
138,219,2.25
138,252,2.25
138,4,2.25
138,207,2.25
138,248,2.25
138,249,2.25
138,243,2.25
139,250,2.25
139,241,2.25
139,12,2.25
139,210,2.25
141,235,2.25
141,10,2.25
142,205,2.25
142,242,2.25
144,2,2.25
144,236,2.25
144,207,2.25
144,218,2.25
144,658,2.25
144,352,2.25
144,656,2.25
144,659,2.25
145,2,2.25
146,235,2.25
146,236,2.25
146,121,2.25
146,234,2.25
146,246,2.25
146,256,2.25
147,250,2.25
147,241,2.25
147,12,2.25
147,9,2.25
147,121,2.25
147,211,2.25
147,219,2.25
147,244,2.25
147,233,2.25
149,7,2.25
150,121,2.25
150,205,2.25
150,219,2.25
150,207,2.25
150,661,2.25
151,241,2.25
151,211,2.25
151,11,2.25
151,8,2.25
152,215,2.25
152,213,2.25
152,7,2.25
152,235,2.25
152,236,2.25
152,205,2.25
152,219,2.25
154,12,2.25
154,674,2.25
155,251,2.25
155,7,2.25
155,217,2.25
155,3,2.25
155,212,2.25
155,252,2.25
155,257,2.25
155,207,2.25
155,210,2.25
156,251,2.25
156,241,2.25
156,17,2.25
156,216,2.25
156,255,2.25
156,217,2.25
156,214,2.25
156,245,2.25
156,3,2.25
156,10,2.25
156,84,2.25
156,243,2.25
157,219,2.25
159,239,2.25
159,4,2.25
159,8,2.25
160,241,2.25
160,9,2.25
160,216,2.25
160,239,2.25
160,13,2.25
160,8,2.25
161,220,2.25
161,17,2.25
161,257,2.25
161,339,2.25
161,658,2.25
161,70,2.25
161,721,2.25
161,723,2.25
161,592,2.25
161,769,2.25
161,512,2.25
161,698,2.25
161,745,2.25
161,598,2.25
161,760,2.25
161,389,2.25
161,747,2.25
161,287,2.25
161,735,2.25
161,265,2.25
161,434,2.25
161,676,2.25
161,732,2.25
161,686,2.25
161,725,2.25
161,741,2.25
161,618,2.25
161,682,2.25
161,693,2.25
161,452,2.25
161,274,2.25
161,596,2.25
161,743,2.25
161,742,2.25
161,83,2.25
161,600,2.25
161,765,2.25
161,697,2.25
161,737,2.25
161,739,2.25
161,748,2.25
161,766,2.25
162,431,2.25
163,7,2.25
163,239,2.25
163,11,2.25
163,253,2.25
164,519,2.25
164,773,2.25
164,783,2.25
164,785,2.25
164,789,2.25
165,207,2.25
165,805,2.25
165,790,2.25
165,796,2.25
165,800,2.25
165,801,2.25
166,254,2.25
166,10,2.25
166,4,2.25
166,233,2.25
166,6,2.25
166,248,2.25
166,256,2.25
167,121,2.25
167,216,2.25
167,84,2.25
168,251,2.25
168,5,2.25
168,236,2.25
168,255,2.25
168,244,2.25
168,10,2.25
168,253,2.25
168,247,2.25
169,220,2.25
169,235,2.25
169,205,2.25
169,245,2.25
169,257,2.25
169,8,2.25
171,215,2.25
171,9,2.25
171,216,2.25
171,205,2.25
171,245,2.25
171,239,2.25
171,249,2.25
172,239,2.25
172,10,2.25
172,1,2.25
172,8,2.25
172,246,2.25
172,84,2.25
173,5,2.25
173,2,2.25
174,7,2.25
174,236,2.25
174,214,2.25
174,212,2.25
174,11,2.25
174,1,2.25
174,207,2.25
174,8,2.25
174,233,2.25
175,215,2.25
175,219,2.25
175,254,2.25
175,8,2.25
176,9,2.25
176,211,2.25
176,212,2.25
176,4,2.25
176,8,2.25
176,253,2.25
176,84,2.25
176,247,2.25
177,806,2.25
178,241,2.25
178,235,2.25
178,216,2.25
178,255,2.25
178,239,2.25
178,212,2.25
178,254,2.25
178,257,2.25
178,207,2.25
178,210,2.25
178,248,2.25
178,249,2.25
179,7,2.25
179,12,2.25
179,239,2.25
179,244,2.25
180,5,2.25
180,235,2.25
180,236,2.25
181,214,2.25
181,239,2.25
181,3,2.25
181,212,2.25
181,1,2.25
182,3,2.25
182,219,2.25
182,212,2.25
182,1,2.25
183,250,2.25
183,220,2.25
183,234,2.25
183,245,2.25
183,239,2.25
183,8,2.25
183,246,2.25
184,17,2.25
184,236,2.25
185,5,2.25
185,234,2.25
186,215,2.25
187,250,2.25
187,213,2.25
187,2,2.25
187,12,2.25
187,219,2.25
187,11,2.25
187,1,2.25
187,207,2.25
187,8,2.25
187,84,2.25
188,294,2.25
188,728,2.25
188,499,2.25
188,313,2.25
188,318,2.25
188,598,2.25
188,753,2.25
188,412,2.25
188,588,2.25
188,92,2.25
188,29,2.25
188,460,2.25
188,816,2.25
188,813,2.25
188,93,2.25
188,694,2.25
188,826,2.25
189,213,2.25
189,2,2.25
189,205,2.25
190,215,2.25
190,241,2.25
190,206,2.25
190,9,2.25
190,216,2.25
190,217,2.25
190,239,2.25
190,3,2.25
190,219,2.25
190,11,2.25
190,246,2.25
190,253,2.25
190,84,2.25
190,243,2.25
191,215,2.25
191,17,2.25
191,2,2.25
191,236,2.25
191,9,2.25
191,211,2.25
191,8,2.25
192,207,2.25
192,512,2.25
192,432,2.25
193,215,2.25
193,236,2.25
193,10,2.25
193,8,2.25
193,233,2.25
193,210,2.25
195,7,2.25
195,1,2.25
196,215,2.25
196,5,2.25
196,216,2.25
196,207,2.25
197,5,2.25
197,7,2.25
197,220,2.25
197,12,2.25
197,255,2.25
197,239,2.25
197,10,2.25
197,257,2.25
197,207,2.25
197,233,2.25
197,6,2.25
197,246,2.25
197,84,2.25
197,304,2.25
198,213,2.25
198,5,2.25
198,245,2.25
198,219,2.25
198,1,2.25
198,257,2.25
198,4,2.25
198,84,2.25
198,248,2.25
199,215,2.25
199,220,2.25
199,216,2.25
199,207,2.25
199,687,2.25
199,218,2.25
199,897,2.25
199,862,2.25
199,882,2.25
199,850,2.25
199,712,2.25
199,318,2.25
199,336,2.25
199,753,2.25
199,606,2.25
199,510,2.25
199,26,2.25
199,735,2.25
199,432,2.25
199,716,2.25
199,282,2.25
199,734,2.25
199,855,2.25
199,888,2.25
199,595,2.25
199,196,2.25
199,302,2.25
199,441,2.25
199,697,2.25
199,754,2.25
199,852,2.25
199,858,2.25
199,861,2.25
199,863,2.25
199,869,2.25
199,881,2.25
199,884,2.25
199,892,2.25
199,893,2.25
200,236,2.25
200,245,2.25
200,1,2.25
200,257,2.25
200,243,2.25
200,876,2.25
200,900,2.25
200,291,2.25
200,143,2.25
201,215,2.25
201,250,2.25
201,17,2.25
201,2,2.25
201,205,2.25
201,8,2.25
201,904,2.25
202,250,2.25
202,241,2.25
202,12,2.25
202,255,2.25
202,214,2.25
202,239,2.25
202,1,2.25
202,8,2.25
202,253,2.25
202,84,2.25
203,905,2.25
204,250,2.25
204,17,2.25
204,9,2.25
204,244,2.25
204,8,2.25
204,246,2.25
204,253,2.25
204,84,2.25
204,247,2.25
205,250,2.25
205,241,2.25
205,5,2.25
205,7,2.25
205,206,2.25
205,236,2.25
205,216,2.25
205,3,2.25
205,219,2.25
205,11,2.25
205,233,2.25
205,248,2.25
206,220,2.25
206,235,2.25
206,12,2.25
206,214,2.25
206,212,2.25
206,10,2.25
206,1,2.25
206,8,2.25
206,246,2.25
206,84,2.25
206,248,2.25
206,256,2.25
208,213,2.25
208,241,2.25
208,5,2.25
208,7,2.25
208,235,2.25
208,211,2.25
208,908,2.25
208,909,2.25
209,215,2.25
209,220,2.25
209,121,2.25
209,211,2.25
209,212,2.25
209,11,2.25
209,4,2.25
211,7,2.25
211,239,2.25
211,10,2.25
211,13,2.25
212,215,2.25
212,12,2.25
214,9,2.25
215,250,2.25
215,251,2.25
215,255,2.25
215,219,2.25
215,257,2.25
215,8,2.25
216,215,2.25
216,7,2.25
216,236,2.25
216,13,2.25
217,17,2.25
217,205,2.25
217,13,2.25
218,206,2.25
218,235,2.25
218,121,2.25
218,205,2.25
218,245,2.25
218,239,2.25
218,219,2.25
218,254,2.25
218,1,2.25
218,6,2.25
218,210,2.25
218,253,2.25
218,84,2.25
218,243,2.25
220,17,2.25
220,236,2.25
220,214,2.25
220,218,2.25
223,216,2.25
223,3,2.25
223,1,2.25
223,207,2.25
223,233,2.25
224,215,2.25
224,206,2.25
224,12,2.25
224,205,2.25
224,13,2.25
225,206,2.25
225,220,2.25
225,2,2.25
225,235,2.25
225,9,2.25
225,205,2.25
225,214,2.25
225,245,2.25
225,3,2.25
225,212,2.25
225,254,2.25
225,11,2.25
225,257,2.25
227,7,2.25
227,236,2.25
227,9,2.25
227,11,2.25
227,1,2.25
227,207,2.25
227,8,2.25
227,6,2.25
227,243,2.25
228,207,2.25
231,7,2.25
231,10,2.25
231,257,2.25
231,918,2.25
232,494,2.25
233,3,2.25
235,213,2.25
235,2,2.25
235,216,2.25
235,234,2.25
235,214,2.25
235,245,2.25
235,3,2.25
235,219,2.25
235,8,2.25
235,248,2.25
236,213,2.25
236,10,2.25
237,7,2.25
238,215,2.25
238,12,2.25
238,9,2.25
238,245,2.25
238,4,2.25
238,246,2.25
238,922,2.25
239,213,2.25
239,10,2.25
239,207,2.25
240,211,2.25
241,211,2.25
241,253,2.25
243,12,2.25
243,234,2.25
243,245,2.25
243,219,2.25
243,233,2.25
243,210,2.25
243,84,2.25
243,336,2.25
243,435,2.25
243,341,2.25
243,511,2.25
243,927,2.25
243,209,2.25
243,663,2.25
243,925,2.25
244,7,2.25
244,12,2.25
245,241,2.25
245,245,2.25
245,11,2.25
245,244,2.25
245,10,2.25
245,8,2.25
248,5,2.25
248,4,2.25
248,934,2.25
249,216,2.25
249,211,2.25
249,13,2.25
249,257,2.25
249,4,2.25
249,253,2.25
249,256,2.25
250,241,2.25
250,7,2.25
250,121,2.25
250,217,2.25
250,254,2.25
250,13,2.25
250,252,2.25
250,4,2.25
250,207,2.25
250,248,2.25
250,249,2.25
251,5,2.25
251,205,2.25
252,484,2.25
253,2,2.25
255,7,2.25
255,211,2.25
255,207,2.25
256,215,2.25
256,217,2.25
258,205,2.25
258,210,2.25
259,7,2.25
259,217,2.25
259,219,2.25
259,253,2.25
260,17,2.25
260,2,2.25
260,211,2.25
260,207,2.25
261,17,2.25
261,235,2.25
261,216,2.25
261,217,2.25
261,207,2.25
262,1,2.25
263,13,2.25
264,252,2.25
264,926,2.25
265,213,2.25
265,235,2.25
265,121,2.25
265,217,2.25
265,1,2.25
265,252,2.25
265,233,2.25
265,210,2.25
265,84,2.25
266,17,2.25
267,7,2.25
267,17,2.25
267,13,2.25
270,215,2.25
270,241,2.25
270,220,2.25
270,216,2.25
270,214,2.25
270,3,2.25
270,210,2.25
270,246,2.25
270,84,2.25
271,250,2.25
271,236,2.25
271,121,2.25
271,234,2.25
271,217,2.25
271,239,2.25
271,3,2.25
271,212,2.25
271,257,2.25
271,4,2.25
271,207,2.25
271,248,2.25
271,256,2.25
272,220,2.25
272,236,2.25
272,214,2.25
272,1,2.25
272,425,2.25
272,489,2.25
272,668,2.25
272,583,2.25
272,977,2.25
272,347,2.25
272,698,2.25
272,284,2.25
272,961,2.25
272,593,2.25
272,91,2.25
272,365,2.25
272,968,2.25
272,1007,2.25
272,26,2.25
272,31,2.25
272,983,2.25
272,73,2.25
272,933,2.25
272,528,2.25
272,939,2.25
272,69,2.25
272,742,2.25
272,268,2.25
272,134,2.25
272,398,2.25
272,978,2.25
272,295,2.25
272,724,2.25
272,739,2.25
272,899,2.25
272,945,2.25
272,946,2.25
272,963,2.25
272,972,2.25
272,973,2.25
272,974,2.25
272,986,2.25
272,993,2.25
272,1016,2.25
273,215,2.25
273,250,2.25
273,251,2.25
273,235,2.25
273,236,2.25
273,4,2.25
274,251,2.25
274,220,2.25
274,2,2.25
274,12,2.25
274,239,2.25
274,244,2.25
274,13,2.25
274,233,2.25
274,253,2.25
274,248,2.25
274,256,2.25
276,250,2.25
276,251,2.25
276,213,2.25
276,206,2.25
276,216,2.25
276,211,2.25
276,245,2.25
276,244,2.25
276,246,2.25
278,7,2.25
278,220,2.25
278,239,2.25
278,583,2.25
278,347,2.25
278,522,2.25
278,1022,2.25
278,579,2.25
279,215,2.25
279,2,2.25
279,121,2.25
279,254,2.25
279,257,2.25
279,207,2.25
279,8,2.25
279,246,2.25
279,84,2.25
280,213,2.25
280,220,2.25
280,2,2.25
280,9,2.25
280,217,2.25
280,207,2.25
280,253,2.25
281,241,2.25
281,220,2.25
281,205,2.25
281,11,2.25
281,10,2.25
281,4,2.25
281,8,2.25
281,210,2.25
281,248,2.25
283,12,2.25
283,11,2.25
284,9,2.25
284,242,2.25
284,363,2.25
284,798,2.25
284,190,2.25
284,912,2.25
285,234,2.25
285,211,2.25
285,335,2.25
285,1039,2.25
286,2,2.25
287,7,2.25
287,219,2.25
289,7,2.25
289,207,2.25
290,205,2.25
290,3,2.25
290,207,2.25
291,215,2.25
291,241,2.25
291,236,2.25
291,3,2.25
292,251,2.25
292,206,2.25
292,211,2.25
292,13,2.25
293,251,2.25
293,5,2.25
293,7,2.25
293,216,2.25
293,239,2.25
293,212,2.25
293,11,2.25
293,1,2.25
293,233,2.25
293,210,2.25
294,251,2.25
294,2,2.25
294,216,2.25
294,217,2.25
294,214,2.25
294,245,2.25
294,10,2.25
294,13,2.25
294,1,2.25
294,6,2.25
294,246,2.25
295,213,2.25
295,220,2.25
295,17,2.25
295,234,2.25
295,211,2.25
295,217,2.25
295,214,2.25
295,245,2.25
295,3,2.25
295,219,2.25
295,212,2.25
295,254,2.25
295,253,2.25
296,215,2.25
296,7,2.25
296,216,2.25
296,252,2.25
296,4,2.25
298,339,2.25
298,278,2.25
298,347,2.25
298,91,2.25
298,148,2.25
298,1040,2.25
299,215,2.25
299,5,2.25
299,216,2.25
299,1,2.25
299,207,2.25
300,1011,2.25
300,1054,2.25
300,1057,2.25
300,551,2.25
300,909,2.25
300,1041,2.25
300,1047,2.25
300,1050,2.25
300,1067,2.25
301,215,2.25
301,236,2.25
301,121,2.25
301,239,2.25
301,11,2.25
302,7,2.25
302,235,2.25
302,216,2.25
302,219,2.25
302,10,2.25
302,13,2.25
302,257,2.25
302,233,2.25
302,6,2.25
302,246,2.25
303,7,2.25
303,220,2.25
303,236,2.25
303,254,2.25
304,442,2.25
307,11,2.25
307,4,2.25
307,242,2.25
307,453,2.25
307,1070,2.25
308,219,2.25
308,13,2.25
308,4,2.25
308,278,2.25
308,447,2.25
308,536,2.25
308,1034,2.25
308,1097,2.25
308,90,2.25
308,1073,2.25
308,1084,2.25
308,1088,2.25
308,1089,2.25
308,1095,2.25
308,1096,2.25
308,1102,2.25
308,1105,2.25
308,1111,2.25
308,1114,2.25
309,215,2.25
309,250,2.25
309,9,2.25
309,4,2.25
310,241,2.25
310,318,2.25
310,688,2.25
311,17,2.25
311,2,2.25
311,239,2.25
312,215,2.25
312,7,2.25
312,235,2.25
312,216,2.25
312,234,2.25
312,211,2.25
312,217,2.25
312,245,2.25
312,3,2.25
312,719,2.25
312,1059,2.25
313,215,2.25
313,7,2.25
313,2,2.25
313,12,2.25
313,234,2.25
313,1128,2.25
313,834,2.25
313,777,2.25
314,12,2.25
315,215,2.25
315,9,2.25
316,206,2.25
316,220,2.25
316,17,2.25
316,12,2.25
316,205,2.25
316,245,2.25
316,257,2.25
316,6,2.25
316,84,2.25
316,248,2.25
316,249,2.25
316,243,2.25
316,1136,2.25
316,1148,2.25
316,1149,2.25
316,1151,2.25
316,1156,2.25
317,217,2.25
317,4,2.25
317,835,2.25
317,1165,2.25
318,2,2.25
318,255,2.25
318,10,2.25
319,250,2.25
319,241,2.25
319,17,2.25
319,235,2.25
319,205,2.25
319,254,2.25
319,13,2.25
319,210,2.25
319,253,2.25
319,249,2.25
320,215,2.25
320,251,2.25
320,255,2.25
320,239,2.25
320,10,2.25
320,207,2.25
320,6,2.25
320,1173,2.25
320,1169,2.25
320,1179,2.25
321,206,2.25
321,11,2.25
322,12,2.25
322,207,2.25
323,236,2.25
323,3,2.25
323,425,2.25
323,723,2.25
323,585,2.25
323,715,2.25
323,733,2.25
323,432,2.25
323,400,2.25
323,1182,2.25
323,1193,2.25
323,711,2.25
323,1029,2.25
323,1183,2.25
323,275,2.25
323,695,2.25
323,490,2.25
323,743,2.25
323,398,2.25
323,379,2.25
323,727,2.25
323,858,2.25
323,870,2.25
323,1190,2.25
323,1192,2.25
324,250,2.25
324,5,2.25
324,17,2.25
324,205,2.25
324,13,2.25
324,1,2.25
325,7,2.25
325,206,2.25
325,11,2.25
325,257,2.25
326,250,2.25
326,251,2.25
326,219,2.25
326,254,2.25
326,13,2.25
326,257,2.25
327,250,2.25
327,241,2.25
327,7,2.25
327,235,2.25
328,251,2.25
328,241,2.25
328,7,2.25
328,17,2.25
328,2,2.25
328,9,2.25
328,216,2.25
328,205,2.25
328,246,2.25
330,121,2.25
330,211,2.25
330,205,2.25
330,245,2.25
330,3,2.25
330,6,2.25
330,84,2.25
330,256,2.25
331,5,2.25
331,2,2.25
331,11,2.25
331,4,2.25
332,211,2.25
333,216,2.25
333,205,2.25
333,207,2.25
335,250,2.25
335,213,2.25
335,5,2.25
335,239,2.25
335,212,2.25
335,10,2.25
335,1,2.25
335,252,2.25
335,4,2.25
335,84,2.25
337,7,2.25
338,215,2.25
338,213,2.25
338,7,2.25
338,211,2.25
339,10,2.25
339,84,2.25
340,313,2.25
341,211,2.25
341,245,2.25
342,241,2.25
342,236,2.25
342,257,2.25
344,2,2.25
344,4,2.25
345,215,2.25
345,241,2.25
345,5,2.25
345,7,2.25
345,244,2.25
345,310,2.25
346,250,2.25
346,213,2.25
346,241,2.25
346,12,2.25
346,9,2.25
346,214,2.25
346,245,2.25
346,3,2.25
346,212,2.25
346,244,2.25
346,13,2.25
346,252,2.25
346,4,2.25
346,207,2.25
346,84,2.25
346,243,2.25
346,247,2.25
347,877,2.25
347,138,2.25
347,143,2.25
347,164,2.25
347,180,2.25
347,185,2.25
348,9,2.25
348,234,2.25
348,211,2.25
348,239,2.25
348,249,2.25
349,235,2.25
349,255,2.25
349,211,2.25
349,205,2.25
349,1,2.25
349,257,2.25
349,233,2.25
349,210,2.25
349,253,2.25
349,243,2.25
350,220,2.25
350,235,2.25
350,121,2.25
350,216,2.25
350,13,2.25
350,249,2.25
351,12,2.25
352,206,2.25
352,236,2.25
352,12,2.25
352,9,2.25
352,245,2.25
352,239,2.25
352,219,2.25
352,254,2.25
352,11,2.25
352,244,2.25
352,10,2.25
352,257,2.25
352,207,2.25
352,210,2.25
352,253,2.25
353,5,2.25
353,206,2.25
353,17,2.25
353,255,2.25
353,234,2.25
353,245,2.25
353,3,2.25
353,11,2.25
353,244,2.25
353,246,2.25
353,253,2.25
354,10,2.25
354,13,2.25
354,247,2.25
355,7,2.25
355,220,2.25
355,235,2.25
355,245,2.25
355,239,2.25
355,1,2.25
355,257,2.25
355,294,2.25
355,583,2.25
355,253,2.25
355,270,2.25
355,638,2.25
355,84,2.25
355,473,2.25
355,432,2.25
355,265,2.25
355,434,2.25
355,620,2.25
355,309,2.25
355,341,2.25
355,729,2.25
355,386,2.25
355,409,2.25
355,516,2.25
356,215,2.25
356,213,2.25
356,17,2.25
356,205,2.25
356,252,2.25
356,246,2.25
358,215,2.25
359,213,2.25
359,17,2.25
359,236,2.25
359,11,2.25
360,7,2.25
360,220,2.25
360,13,2.25
360,1,2.25
360,253,2.25
361,219,2.25
361,806,2.25
361,267,2.25
361,793,2.25
361,1200,2.25
361,1203,2.25
361,1202,2.25
362,241,2.25
362,5,2.25
362,7,2.25
362,17,2.25
362,217,2.25
362,10,2.25
362,253,2.25
362,249,2.25
362,243,2.25
363,205,2.25
364,235,2.25
364,1,2.25
365,241,2.25
365,2,2.25
365,121,2.25
365,254,2.25
365,1,2.25
365,246,2.25
365,248,2.25
365,256,2.25
365,318,2.25
366,215,2.25
367,213,2.25
367,220,2.25
367,235,2.25
367,214,2.25
367,3,2.25
367,13,2.25
367,252,2.25
367,8,2.25
367,233,2.25
367,6,2.25
367,210,2.25
367,84,2.25
368,17,2.25
368,121,2.25
368,245,2.25
368,10,2.25
368,4,2.25
368,6,2.25
370,250,2.25
370,17,2.25
370,9,2.25
370,253,2.25
370,84,2.25
371,7,2.25
371,1209,2.25
372,8,2.25
373,254,2.25
374,215,2.25
374,251,2.25
374,2,2.25
374,211,2.25
374,219,2.25
374,13,2.25
374,252,2.25
375,522,2.25
377,215,2.25
377,11,2.25
377,13,2.25
378,13,2.25
379,5,2.25
379,10,2.25
380,220,2.25
380,2,2.25
380,207,2.25
381,213,2.25
381,206,2.25
381,12,2.25
381,234,2.25
381,11,2.25
381,10,2.25
381,252,2.25
381,207,2.25
381,233,2.25
382,250,2.25
382,234,2.25
382,233,2.25
383,205,2.25
384,215,2.25
384,250,2.25
384,220,2.25
384,212,2.25
384,254,2.25
384,1,2.25
384,246,2.25
384,248,2.25
384,256,2.25
385,251,2.25
385,5,2.25
385,3,2.25
386,5,2.25
386,216,2.25
386,211,2.25
386,214,2.25
386,212,2.25
386,244,2.25
386,4,2.25
386,207,2.25
386,8,2.25
386,6,2.25
386,210,2.25
386,84,2.25
386,359,2.25
387,1218,2.25
387,1217,2.25
388,213,2.25
388,216,2.25
388,1,2.25
389,251,2.25
389,17,2.25
389,2,2.25
389,234,2.25
389,3,2.25
389,219,2.25
389,11,2.25
389,13,2.25
389,252,2.25
389,207,2.25
389,243,2.25
390,4,2.25
391,215,2.25
391,2,2.25
391,211,2.25
391,239,2.25
391,4,2.25
391,207,2.25
391,84,2.25
392,17,2.25
392,1220,2.25
393,250,2.25
393,5,2.25
393,220,2.25
393,17,2.25
393,216,2.25
393,4,2.25
393,249,2.25
395,236,2.25
395,217,2.25
395,3,2.25
395,219,2.25
395,11,2.25
395,10,2.25
395,257,2.25
395,8,2.25
395,233,2.25
395,84,2.25
395,249,2.25
395,247,2.25
396,17,2.25
396,2,2.25
396,216,2.25
396,211,2.25
396,218,2.25
396,1224,2.25
396,1231,2.25
396,1227,2.25
396,1229,2.25
396,501,2.25
396,1225,2.25
396,712,2.25
396,459,2.25
396,755,2.25
396,454,2.25
396,304,2.25
396,31,2.25
396,1222,2.25
396,392,2.25
397,205,2.25
397,214,2.25
397,245,2.25
397,13,2.25
397,837,2.25
398,12,2.25
400,10,2.25
400,13,2.25
401,2,2.25
401,217,2.25
401,254,2.25
401,11,2.25
401,252,2.25
401,207,2.25
401,248,2.25
401,247,2.25
402,289,2.25
402,767,2.25
402,1242,2.25
402,1248,2.25
402,1250,2.25
402,1253,2.25
403,17,2.25
403,2,2.25
403,236,2.25
403,12,2.25
403,219,2.25
403,10,2.25
403,207,2.25
403,233,2.25
404,251,2.25
404,241,2.25
404,5,2.25
404,235,2.25
404,236,2.25
404,9,2.25
404,219,2.25
404,11,2.25
404,4,2.25
405,13,2.25
406,220,2.25
406,17,2.25
406,236,2.25
406,9,2.25
406,255,2.25
406,245,2.25
406,233,2.25
406,84,2.25
408,7,2.25
408,239,2.25
408,3,2.25
408,207,2.25
408,8,2.25
409,7,2.25
409,17,2.25
409,236,2.25
409,11,2.25
409,10,2.25
409,218,2.25
410,236,2.25
410,207,2.25
411,9,2.25
411,216,2.25
411,13,2.25
411,210,2.25
411,253,2.25
412,12,2.25
412,9,2.25
412,216,2.25
412,255,2.25
412,217,2.25
412,10,2.25
412,1,2.25
412,8,2.25
412,233,2.25
412,84,2.25
412,243,2.25
412,247,2.25
413,2,2.25
413,1102,2.25
414,11,2.25
414,10,2.25
416,234,2.25
416,207,2.25
416,243,2.25
418,13,2.25
420,215,2.25
420,241,2.25
420,5,2.25
420,7,2.25
420,234,2.25
420,244,2.25
420,13,2.25
420,4,2.25
420,6,2.25
421,7,2.25
421,220,2.25
421,236,2.25
421,239,2.25
421,207,2.25
421,8,2.25
422,233,2.25
423,7,2.25
423,216,2.25
423,4,2.25
424,215,2.25
424,7,2.25
424,17,2.25
424,2,2.25
424,236,2.25
424,255,2.25
424,239,2.25
424,212,2.25
424,13,2.25
424,257,2.25
424,8,2.25
424,249,2.25
424,247,2.25
425,17,2.25
425,236,2.25
425,217,2.25
425,245,2.25
425,219,2.25
425,210,2.25
425,256,2.25
426,250,2.25
426,241,2.25
426,9,2.25
426,121,2.25
426,207,2.25
426,253,2.25
426,243,2.25
427,241,2.25
427,206,2.25
427,220,2.25
427,235,2.25
427,239,2.25
427,207,2.25
427,8,2.25
427,6,2.25
427,249,2.25
427,313,2.25
427,1260,2.25
428,251,2.25
428,220,2.25
428,236,2.25
428,216,2.25
428,245,2.25
428,239,2.25
428,219,2.25
428,4,2.25
428,207,2.25
428,249,2.25
429,250,2.25
429,251,2.25
429,236,2.25
429,234,2.25
429,205,2.25
429,10,2.25
429,4,2.25
429,207,2.25
429,233,2.25
430,207,2.25
431,799,2.25
432,7,2.25
432,2,2.25
432,12,2.25
432,4,2.25
433,1269,2.25
435,506,2.25
436,5,2.25
436,3,2.25
436,207,2.25
436,726,2.25
436,1271,2.25
437,7,2.25
437,206,2.25
437,211,2.25
437,214,2.25
437,10,2.25
437,13,2.25
437,1,2.25
437,233,2.25
437,210,2.25
437,248,2.25
437,243,2.25
438,250,2.25
439,251,2.25
439,213,2.25
439,7,2.25
439,12,2.25
439,3,2.25
439,244,2.25
439,248,2.25
439,249,2.25
439,247,2.25
440,215,2.25
440,13,2.25
441,214,2.25
441,212,2.25
441,244,2.25
441,252,2.25
441,8,2.25
441,6,2.25
442,251,2.25
442,241,2.25
442,5,2.25
442,2,2.25
442,121,2.25
442,217,2.25
442,245,2.25
442,239,2.25
442,219,2.25
442,10,2.25
442,246,2.25
442,256,2.25
444,213,2.25
444,220,2.25
444,17,2.25
444,255,2.25
444,211,2.25
444,214,2.25
444,252,2.25
444,210,2.25
445,255,2.25
445,234,2.25
445,211,2.25
445,239,2.25
445,244,2.25
445,13,2.25
446,207,2.25
447,1,2.25
447,84,2.25
448,7,2.25
448,17,2.25
448,235,2.25
448,12,2.25
448,3,2.25
448,219,2.25
448,620,2.25
448,342,2.25
448,1275,2.25
449,7,2.25
449,239,2.25
449,3,2.25
449,207,2.25
449,6,2.25
451,213,2.25
451,7,2.25
451,121,2.25
451,214,2.25
451,212,2.25
451,11,2.25
451,13,2.25
451,1,2.25
451,257,2.25
451,246,2.25
452,215,2.25
452,206,2.25
452,220,2.25
452,121,2.25
452,234,2.25
452,214,2.25
452,244,2.25
452,210,2.25
452,1279,2.25
452,264,2.25
452,1278,2.25
452,1284,2.25
453,235,2.25
453,214,2.25
453,10,2.25
454,7,2.25
454,2,2.25
454,12,2.25
454,217,2.25
454,239,2.25
454,11,2.25
454,10,2.25
454,207,2.25
455,12,2.25
455,10,2.25
456,11,2.25
456,479,2.25
456,492,2.25
457,216,2.25
457,234,2.25
457,205,2.25
457,245,2.25
457,239,2.25
457,1,2.25
457,257,2.25
457,6,2.25
457,210,2.25
457,84,2.25
458,215,2.25
459,241,2.25
459,220,2.25
459,2,2.25
459,236,2.25
459,12,2.25
459,255,2.25
459,205,2.25
459,244,2.25
459,4,2.25
459,207,2.25
459,210,2.25
459,243,2.25
460,5,2.25
460,212,2.25
460,254,2.25
460,11,2.25
460,10,2.25
460,252,2.25
460,257,2.25
460,233,2.25
460,253,2.25
461,251,2.25
461,220,2.25
461,12,2.25
461,255,2.25
461,219,2.25
462,17,2.25
463,666,2.25
463,1287,2.25
464,520,2.25
464,2,2.25
464,216,2.25
464,255,2.25
464,247,2.25
464,598,2.25
464,458,2.25
465,215,2.25
465,213,2.25
465,236,2.25
465,239,2.25
465,10,2.25
466,250,2.25
466,2,2.25
466,255,2.25
466,217,2.25
466,239,2.25
466,10,2.25
466,253,2.25
466,84,2.25
467,250,2.25
467,213,2.25
467,7,2.25
467,17,2.25
467,235,2.25
467,255,2.25
467,217,2.25
467,205,2.25
467,214,2.25
467,245,2.25
467,3,2.25
467,1,2.25
467,207,2.25
468,215,2.25
468,206,2.25
468,245,2.25
468,3,2.25
468,252,2.25
468,84,2.25
468,249,2.25
469,2,2.25
469,236,2.25
469,4,2.25
470,235,2.25
470,10,2.25
470,1,2.25
471,239,2.25
471,10,2.25
471,13,2.25
471,6,2.25
472,5,2.25
472,7,2.25
472,12,2.25
472,11,2.25
472,218,2.25
473,7,2.25
473,2,2.25
473,207,2.25
474,1,2.25
475,213,2.25
476,216,2.25
476,10,2.25
477,215,2.25
477,216,2.25
477,205,2.25
477,219,2.25
477,212,2.25
477,11,2.25
477,10,2.25
477,248,2.25
478,241,2.25
478,206,2.25
478,12,2.25
478,219,2.25
478,278,2.25
478,478,2.25
478,459,2.25
478,539,2.25
478,431,2.25
478,31,2.25
478,410,2.25
478,20,2.25
478,1298,2.25
479,278,2.25
480,7,2.25
481,5,2.25
481,7,2.25
481,17,2.25
482,213,2.25
482,12,2.25
482,219,2.25
482,13,2.25
482,257,2.25
483,17,2.25
483,211,2.25
483,217,2.25
483,214,2.25
483,11,2.25
483,10,2.25
483,4,2.25
483,253,2.25
483,249,2.25
484,206,2.25
485,251,2.25
485,7,2.25
485,12,2.25
485,255,2.25
485,245,2.25
485,3,2.25
485,219,2.25
485,244,2.25
485,210,2.25
485,408,2.25
485,1303,2.25
486,254,2.25
486,11,2.25
487,251,2.25
487,241,2.25
487,206,2.25
487,12,2.25
487,9,2.25
487,254,2.25
487,244,2.25
487,233,2.25
488,215,2.25
488,220,2.25
488,217,2.25
488,11,2.25
488,391,2.25
488,702,2.25
488,526,2.25
489,7,2.25
490,206,2.25
490,9,2.25
490,211,2.25
490,239,2.25
490,11,2.25
490,244,2.25
490,1,2.25
490,257,2.25
491,215,2.25
492,215,2.25
492,250,2.25
492,251,2.25
492,5,2.25
492,2,2.25
492,12,2.25
492,217,2.25
492,219,2.25
492,244,2.25
492,10,2.25
492,84,2.25
492,249,2.25
494,215,2.25
494,220,2.25
494,236,2.25
494,10,2.25
494,246,2.25
495,220,2.25
495,121,2.25
495,211,2.25
495,13,2.25
495,243,2.25
498,17,2.25
500,250,2.25
500,7,2.25
500,216,2.25
500,254,2.25
500,11,2.25
500,1,2.25
500,257,2.25
500,4,2.25
500,233,2.25
500,247,2.25
502,215,2.25
502,251,2.25
502,213,2.25
502,206,2.25
502,220,2.25
502,2,2.25
502,236,2.25
502,12,2.25
502,216,2.25
502,255,2.25
502,205,2.25
502,252,2.25
502,4,2.25
502,8,2.25
502,253,2.25
503,242,2.25
503,880,2.25
503,325,2.25
503,305,2.25
503,416,2.25
503,440,2.25
503,777,2.25
504,2,2.25
504,236,2.25
504,3,2.25
504,219,2.25
504,6,2.25
505,9,2.25
505,205,2.25
505,239,2.25
505,219,2.25
505,252,2.25
505,4,2.25
505,84,2.25
505,247,2.25
506,241,2.25
506,10,2.25
507,235,2.25
507,236,2.25
507,121,2.25
507,234,2.25
507,211,2.25
507,205,2.25
507,3,2.25
507,219,2.25
507,13,2.25
507,252,2.25
507,207,2.25
508,234,2.25
508,8,2.25
508,242,2.25
508,845,2.25
509,9,2.25
509,245,2.25
509,598,2.25
509,927,2.25
509,779,2.25
509,751,2.25
509,1234,2.25
509,1314,2.25
509,1326,2.25
510,347,2.25
510,638,2.25
510,410,2.25
510,1330,2.25
510,1331,2.25
510,1332,2.25
514,215,2.25
514,9,2.25
514,13,2.25
514,1334,2.25
515,213,2.25
515,206,2.25
515,236,2.25
515,121,2.25
515,216,2.25
515,255,2.25
515,207,2.25
516,236,2.25
516,219,2.25
517,215,2.25
517,17,2.25
517,12,2.25
517,121,2.25
517,255,2.25
517,11,2.25
517,257,2.25
517,210,2.25
517,253,2.25
517,243,2.25
518,9,2.25
518,13,2.25
519,1,2.25
519,233,2.25
519,1336,2.25
520,12,2.25
520,9,2.25
520,214,2.25
520,244,2.25
520,8,2.25
521,7,2.25
522,10,2.25
523,250,2.25
523,255,2.25
523,217,2.25
523,11,2.25
523,252,2.25
523,249,2.25
526,7,2.25
526,207,2.25
526,8,2.25
526,84,2.25
527,10,2.25
527,1,2.25
528,219,2.25
528,986,2.25
530,7,2.25
530,2,2.25
530,257,2.25
530,207,2.25
530,247,2.25
531,1340,2.25
533,5,2.25
533,211,2.25
533,219,2.25
533,278,2.25
533,787,2.25
533,590,2.25
533,542,2.25
533,712,2.25
533,606,2.25
533,307,2.25
533,534,2.25
534,251,2.25
534,7,2.25
534,211,2.25
534,205,2.25
535,215,2.25
535,5,2.25
535,17,2.25
535,2,2.25
535,121,2.25
535,234,2.25
535,244,2.25
535,10,2.25
535,252,2.25
535,243,2.25
535,247,2.25
536,215,2.25
536,213,2.25
536,241,2.25
536,206,2.25
536,17,2.25
536,235,2.25
536,236,2.25
536,121,2.25
536,13,2.25
536,257,2.25
536,8,2.25
536,247,2.25
537,251,2.25
537,206,2.25
537,2,2.25
537,9,2.25
537,211,2.25
537,219,2.25
537,244,2.25
537,257,2.25
537,4,2.25
537,210,2.25
537,84,2.25
538,213,2.25
538,7,2.25
538,211,2.25
538,214,2.25
538,219,2.25
538,252,2.25
538,253,2.25
539,251,2.25
539,5,2.25
539,255,2.25
539,211,2.25
539,245,2.25
539,254,2.25
539,13,2.25
539,257,2.25
539,4,2.25
539,8,2.25
539,6,2.25
539,247,2.25
540,215,2.25
540,251,2.25
540,241,2.25
540,220,2.25
540,211,2.25
540,257,2.25
540,8,2.25
540,253,2.25
541,241,2.25
541,5,2.25
541,207,2.25
541,150,2.25
542,9,2.25
542,214,2.25
542,239,2.25
542,8,2.25
543,215,2.25
544,250,2.25
544,12,2.25
544,121,2.25
544,216,2.25
544,205,2.25
544,10,2.25
544,1,2.25
544,210,2.25
544,84,2.25
544,248,2.25
544,243,2.25
546,251,2.25
546,12,2.25
546,13,2.25
546,1,2.25
546,425,2.25
546,391,2.25
546,900,2.25
547,7,2.25
547,235,2.25
547,9,2.25
547,205,2.25
547,245,2.25
547,254,2.25
547,252,2.25
547,257,2.25
547,207,2.25
547,233,2.25
547,210,2.25
547,247,2.25
548,250,2.25
548,5,2.25
548,17,2.25
548,2,2.25
548,235,2.25
548,234,2.25
548,217,2.25
548,3,2.25
548,253,2.25
548,243,2.25
548,247,2.25
549,250,2.25
549,220,2.25
549,2,2.25
549,234,2.25
549,252,2.25
549,247,2.25
550,7,2.25
550,220,2.25
550,235,2.25
550,219,2.25
550,233,2.25
551,241,2.25
552,12,2.25
552,207,2.25
553,1,2.25
554,12,2.25
554,11,2.25
555,213,2.25
555,241,2.25
555,2,2.25
555,12,2.25
555,216,2.25
555,255,2.25
555,205,2.25
555,219,2.25
555,254,2.25
555,11,2.25
555,4,2.25
555,6,2.25
555,253,2.25
556,9,2.25
556,1352,2.25
556,822,2.25
557,215,2.25
557,250,2.25
557,5,2.25
557,9,2.25
557,211,2.25
557,214,2.25
557,254,2.25
557,257,2.25
557,4,2.25
557,210,2.25
557,246,2.25
557,248,2.25
557,249,2.25
559,213,2.25
559,255,2.25
559,239,2.25
559,257,2.25
559,243,2.25
560,11,2.25
560,13,2.25
561,7,2.25
561,206,2.25
561,121,2.25
561,3,2.25
561,212,2.25
561,233,2.25
561,84,2.25
561,248,2.25
562,255,2.25
563,215,2.25
563,10,2.25
564,9,2.25
565,241,2.25
566,213,2.25
566,5,2.25
566,17,2.25
566,235,2.25
566,12,2.25
566,214,2.25
566,6,2.25
566,249,2.25
566,243,2.25
567,235,2.25
568,213,2.25
568,7,2.25
568,17,2.25
568,257,2.25
568,207,2.25
568,675,2.25
568,1031,2.25
568,1284,2.25
569,216,2.25
569,234,2.25
569,211,2.25
569,245,2.25
569,3,2.25
569,11,2.25
569,4,2.25
569,6,2.25
570,7,2.25
570,2,2.25
570,216,2.25
570,255,2.25
570,205,2.25
570,11,2.25
570,10,2.25
570,13,2.25
570,6,2.25
570,249,2.25
570,1355,2.25
571,213,2.25
571,241,2.25
571,7,2.25
571,206,2.25
571,205,2.25
571,257,2.25
571,233,2.25
571,246,2.25
571,248,2.25
572,5,2.25
572,4,2.25
572,207,2.25
572,1357,2.25
573,7,2.25
573,9,2.25
574,9,2.25
575,2,2.25
575,9,2.25
576,250,2.25
576,5,2.25
576,9,2.25
576,245,2.25
576,254,2.25
576,10,2.25
576,257,2.25
576,253,2.25
576,249,2.25
577,236,2.25
578,1359,2.25
578,451,2.25
578,431,2.25
578,410,2.25
578,297,2.25
578,561,2.25
578,1361,2.25
578,1365,2.25
579,207,2.25
580,7,2.25
580,2,2.25
580,12,2.25
580,255,2.25
580,11,2.25
580,256,2.25
581,236,2.25
583,239,2.25
583,11,2.25
583,10,2.25
583,8,2.25
584,254,2.25
584,207,2.25
585,213,2.25
585,7,2.25
585,235,2.25
585,216,2.25
585,239,2.25
585,219,2.25
585,10,2.25
585,256,2.25
586,206,2.25
586,17,2.25
586,205,2.25
586,1369,2.25
587,215,2.25
587,7,2.25
587,218,2.25
587,805,2.25
587,764,2.25
587,59,2.25
587,948,2.25
587,392,2.25
587,513,2.25
587,612,2.25
587,613,2.25
588,4,2.25
588,494,2.25
588,709,2.25
588,806,2.25
588,739,2.25
589,245,2.25
589,3,2.25
589,249,2.25
590,241,2.25
590,2,2.25
590,235,2.25
591,723,2.25
591,715,2.25
591,753,2.25
591,267,2.25
591,274,2.25
592,235,2.25
592,236,2.25
592,205,2.25
592,219,2.25
593,239,2.25
593,207,2.25
594,207,2.25
597,5,2.25
597,255,2.25
597,254,2.25
597,233,2.25
597,6,2.25
598,7,2.25
598,17,2.25
598,207,2.25
600,205,2.25
600,3,2.25
600,1,2.25
601,251,2.25
601,241,2.25
601,7,2.25
601,235,2.25
601,9,2.25
601,216,2.25
601,211,2.25
601,205,2.25
601,254,2.25
601,10,2.25
601,1,2.25
601,4,2.25
603,17,2.25
604,7,2.25
604,257,2.25
605,1372,2.25
606,250,2.25
606,213,2.25
606,9,2.25
606,121,2.25
606,233,2.25
606,246,2.25
606,253,2.25
607,205,2.25
607,11,2.25
607,4,2.25
607,207,2.25
608,5,2.25
608,17,2.25
608,3,2.25
608,13,2.25
608,257,2.25
608,4,2.25
608,246,2.25
610,205,2.25
610,207,2.25
610,246,2.25
610,243,2.25
611,5,2.25
611,206,2.25
611,11,2.25
611,4,2.25
613,215,2.25
613,5,2.25
613,121,2.25
613,234,2.25
613,217,2.25
613,245,2.25
613,239,2.25
613,3,2.25
613,219,2.25
613,254,2.25
613,13,2.25
613,4,2.25
613,248,2.25
613,256,2.25
613,247,2.25
614,7,2.25
614,9,2.25
614,255,2.25
614,217,2.25
614,1362,2.25
615,251,2.25
615,13,2.25
615,256,2.25
616,207,2.25
616,793,2.25
617,215,2.25
617,2,2.25
617,235,2.25
618,4,2.25
618,8,2.25
618,16,2.25
620,5,2.25
620,235,2.25
622,255,2.25
622,1,2.25
622,257,2.25
622,4,2.25
622,8,2.25
622,84,2.25
623,2,2.25
625,241,2.25
625,206,2.25
625,9,2.25
625,211,2.25
625,217,2.25
625,205,2.25
625,239,2.25
625,254,2.25
625,6,2.25
626,213,2.25
626,219,2.25
626,1,2.25
626,638,2.25
626,480,2.25
626,340,2.25
626,434,2.25
626,486,2.25
626,160,2.25
626,895,2.25
626,1029,2.25
626,523,2.25
626,983,2.25
626,1195,2.25
626,1385,2.25
626,750,2.25
626,1384,2.25
626,1379,2.25
626,1050,2.25
626,1378,2.25
626,1382,2.25
626,1391,2.25
627,7,2.25
628,5,2.25
628,3,2.25
628,11,2.25
628,1,2.25
628,253,2.25
628,550,2.25
629,12,2.25
629,216,2.25
629,205,2.25
629,13,2.25
629,1,2.25
629,207,2.25
629,246,2.25
630,7,2.25
630,235,2.25
630,239,2.25
630,254,2.25
631,251,2.25
631,213,2.25
631,121,2.25
631,234,2.25
631,239,2.25
631,244,2.25
633,241,2.25
633,236,2.25
633,216,2.25
633,219,2.25
633,254,2.25
633,11,2.25
633,10,2.25
633,257,2.25
633,248,2.25
633,243,2.25
634,254,2.25
634,11,2.25
637,241,2.25
637,1121,2.25
637,890,2.25
637,1397,2.25
638,250,2.25
638,241,2.25
638,2,2.25
638,216,2.25
638,210,2.25
638,717,2.25
639,7,2.25
641,241,2.25
641,7,2.25
641,257,2.25
641,4,2.25
641,207,2.25
641,8,2.25
641,84,2.25
642,215,2.25
642,216,2.25
642,205,2.25
642,3,2.25
642,11,2.25
642,1,2.25
644,1,2.25
644,434,2.25
645,241,2.25
645,17,2.25
645,435,2.25
645,359,2.25
646,17,2.25
647,5,2.25
647,7,2.25
647,206,2.25
647,3,2.25
647,219,2.25
647,10,2.25
647,1002,2.25
647,777,2.25
648,215,2.25
648,2,2.25
648,3,2.25
648,10,2.25
648,13,2.25
648,1,2.25
648,8,2.25
648,233,2.25
650,9,2.25
650,205,2.25
650,3,2.25
650,1,2.25
650,207,2.25
651,236,2.25
651,11,2.25
651,1,2.25
651,207,2.25
651,210,2.25
653,5,2.25
653,220,2.25
653,17,2.25
653,9,2.25
653,3,2.25
653,254,2.25
655,215,2.25
655,7,2.25
655,12,2.25
655,1,2.25
656,220,2.25
656,17,2.25
656,2,2.25
656,236,2.25
656,9,2.25
656,11,2.25
656,257,2.25
657,220,2.25
657,17,2.25
657,12,2.25
657,121,2.25
657,211,2.25
657,245,2.25
657,254,2.25
657,10,2.25
657,246,2.25
657,243,2.25
658,216,2.25
658,255,2.25
658,205,2.25
658,3,2.25
658,252,2.25
659,2,2.25
659,210,2.25
659,70,2.25
659,347,2.25
660,241,2.25
660,236,2.25
660,12,2.25
660,216,2.25
660,234,2.25
660,3,2.25
660,219,2.25
660,13,2.25
660,4,2.25
660,6,2.25
661,251,2.25
661,17,2.25
661,235,2.25
661,12,2.25
661,255,2.25
661,214,2.25
661,219,2.25
661,207,2.25
661,253,2.25
662,8,2.25
662,1407,2.25
663,251,2.25
663,5,2.25
663,1,2.25
664,17,2.25
664,236,2.25
664,4,2.25
665,7,2.25
665,2,2.25
665,246,2.25
666,251,2.25
666,206,2.25
666,17,2.25
666,12,2.25
666,121,2.25
666,4,2.25
667,250,2.25
667,5,2.25
667,7,2.25
667,17,2.25
667,217,2.25
667,245,2.25
667,239,2.25
667,3,2.25
667,212,2.25
667,1,2.25
667,233,2.25
667,246,2.25
667,253,2.25
668,17,2.25
668,2,2.25
668,245,2.25
668,11,2.25
668,13,2.25
668,1,2.25
668,233,2.25
669,220,2.25
669,235,2.25
669,9,2.25
669,121,2.25
669,216,2.25
669,234,2.25
669,217,2.25
669,205,2.25
669,3,2.25
669,10,2.25
669,257,2.25
669,253,2.25
670,8,2.25
670,540,2.25
670,450,2.25
670,421,2.25
670,1295,2.25
670,1219,2.25
670,1072,2.25
670,1408,2.25
670,408,2.25
670,841,2.25
670,1098,2.25
670,1132,2.25
670,1137,2.25
670,1156,2.25
670,1158,2.25
670,1256,2.25
670,1283,2.25
670,1415,2.25
670,1416,2.25
670,1427,2.25
670,1428,2.25
670,1433,2.25
671,234,2.25
671,3,2.25
671,10,2.25
671,13,2.25
671,8,2.25
671,638,2.25
671,1012,2.25
672,5,2.25
672,220,2.25
672,236,2.25
672,9,2.25
672,217,2.25
672,252,2.25
672,249,2.25
673,206,2.25
673,12,2.25
673,205,2.25
673,245,2.25
673,10,2.25
673,246,2.25
673,248,2.25
673,247,2.25
674,236,2.25
674,234,2.25
674,3,2.25
674,244,2.25
674,252,2.25
674,8,2.25
674,6,2.25
674,210,2.25
674,249,2.25
674,256,2.25
675,251,2.25
675,213,2.25
675,2,2.25
675,235,2.25
675,212,2.25
675,244,2.25
675,13,2.25
675,1,2.25
675,252,2.25
675,8,2.25
675,210,2.25
675,253,2.25
675,249,2.25
676,7,2.25
676,12,2.25
676,233,2.25
677,213,2.25
677,241,2.25
677,206,2.25
677,220,2.25
677,121,2.25
677,255,2.25
677,234,2.25
677,211,2.25
677,217,2.25
677,239,2.25
678,17,2.25
678,255,2.25
678,3,2.25
678,13,2.25
680,7,2.25
681,7,2.25
681,239,2.25
681,10,2.25
682,2,2.25
682,11,2.25
682,4,2.25
683,215,2.25
683,5,2.25
683,2,2.25
683,211,2.25
683,205,2.25
683,239,2.25
683,13,2.25
684,236,2.25
684,11,2.25
684,10,2.25
685,250,2.25
685,241,2.25
685,12,2.25
685,211,2.25
685,214,2.25
685,239,2.25
685,254,2.25
685,244,2.25
685,10,2.25
685,257,2.25
685,8,2.25
685,246,2.25
685,253,2.25
685,84,2.25
685,248,2.25
687,10,2.25
687,257,2.25
687,218,2.25
691,7,2.25
691,2,2.25
691,205,2.25
691,11,2.25
692,213,2.25
692,217,2.25
692,214,2.25
693,250,2.25
693,2,2.25
693,214,2.25
693,207,2.25
693,253,2.25
693,1080,2.25
694,1,2.25
694,243,2.25
695,241,2.25
695,2,2.25
695,236,2.25
695,12,2.25
695,255,2.25
695,245,2.25
695,219,2.25
695,1,2.25
695,233,2.25
695,248,2.25
695,1444,2.25
696,9,2.25
696,211,2.25
696,638,2.25
698,250,2.25
698,4,2.25
699,2,2.25
701,5,2.25
701,17,2.25
701,4,2.25
702,477,2.25
702,59,2.25
702,1046,2.25
702,1321,2.25
702,616,2.25
702,926,2.25
702,1068,2.25
702,1455,2.25
702,1451,2.25
702,779,2.25
702,586,2.25
702,437,2.25
702,870,2.25
702,1050,2.25
702,1055,2.25
702,1065,2.25
702,1066,2.25
702,1313,2.25
702,1363,2.25
702,1374,2.25
702,1376,2.25
702,1447,2.25
702,1450,2.25
702,1454,2.25
702,1462,2.25
702,1466,2.25
702,1471,2.25
702,1479,2.25
702,1493,2.25
704,17,2.25
704,11,2.25
705,250,2.25
705,216,2.25
705,234,2.25
705,219,2.25
705,11,2.25
706,216,2.25
706,212,2.25
706,257,2.25
707,2,2.25
707,235,2.25
708,1505,2.25
710,9,2.25
711,250,2.25
711,206,2.25
711,211,2.25
711,239,2.25
711,11,2.25
711,13,2.25
711,252,2.25
711,6,2.25
712,245,2.25
713,5,2.25
713,235,2.25
714,121,2.25
714,234,2.25
714,4,2.25
714,210,2.25
714,248,2.25
714,243,2.25
715,2,2.25
715,236,2.25
715,12,2.25
716,251,2.25
716,213,2.25
716,2,2.25
716,216,2.25
716,211,2.25
716,243,2.25
716,247,2.25
717,3,2.25
719,251,2.25
719,241,2.25
719,5,2.25
719,255,2.25
719,214,2.25
719,13,2.25
719,1,2.25
719,248,2.25
720,215,2.25
723,254,2.25
723,1,2.25
724,220,2.25
724,9,2.25
724,214,2.25
724,11,2.25
724,244,2.25
724,4,2.25
724,6,2.25
724,210,2.25
724,253,2.25
724,243,2.25
725,11,2.25
725,299,2.25
725,726,2.25
725,843,2.25
725,596,2.25
725,595,2.25
725,1512,2.25
725,1515,2.25
726,250,2.25
726,17,2.25
726,12,2.25
726,205,2.25
726,4,2.25
726,247,2.25
727,5,2.25
727,121,2.25
727,219,2.25
727,10,2.25
727,8,2.25
727,6,2.25
727,84,2.25
728,313,2.25
728,1516,2.25
728,476,2.25
728,1517,2.25
729,234,2.25
729,205,2.25
729,219,2.25
729,11,2.25
729,244,2.25
729,210,2.25
729,256,2.25
730,250,2.25
730,2,2.25
730,12,2.25
730,10,2.25
730,257,2.25
730,207,2.25
730,210,2.25
730,256,2.25
730,247,2.25
731,220,2.25
731,239,2.25
731,3,2.25
731,13,2.25
732,8,2.25
733,318,2.25
734,236,2.25
734,211,2.25
734,205,2.25
734,214,2.25
734,3,2.25
734,219,2.25
735,12,2.25
735,234,2.25
735,4,2.25
735,8,2.25
735,246,2.25
735,832,2.25
736,7,2.25
736,11,2.25
736,4,2.25
737,219,2.25
737,4,2.25
738,250,2.25
738,213,2.25
738,206,2.25
738,17,2.25
738,217,2.25
738,3,2.25
738,13,2.25
738,84,2.25
739,2,2.25
739,781,2.25
739,347,2.25
739,447,2.25
739,799,2.25
739,699,2.25
739,307,2.25
739,148,2.25
739,434,2.25
739,1026,2.25
739,304,2.25
739,588,2.25
739,536,2.25
740,5,2.25
740,2,2.25
740,9,2.25
740,217,2.25
740,207,2.25
741,236,2.25
742,12,2.25
743,17,2.25
743,235,2.25
744,220,2.25
744,17,2.25
744,216,2.25
744,13,2.25
744,8,2.25
745,10,2.25
745,257,2.25
745,207,2.25
746,215,2.25
746,213,2.25
746,7,2.25
746,9,2.25
746,216,2.25
746,210,2.25
746,249,2.25
747,5,2.25
747,2,2.25
747,235,2.25
747,9,2.25
747,214,2.25
747,207,2.25
747,8,2.25
747,233,2.25
747,6,2.25
747,243,2.25
748,213,2.25
748,255,2.25
748,11,2.25
749,215,2.25
750,17,2.25
750,2,2.25
750,12,2.25
750,9,2.25
750,212,2.25
750,11,2.25
750,4,2.25
750,8,2.25
750,256,2.25
750,243,2.25
750,319,2.25
751,236,2.25
751,253,2.25
752,2,2.25
752,211,2.25
753,4,2.25
754,7,2.25
754,235,2.25
754,257,2.25
755,779,2.25
756,2,2.25
756,1,2.25
756,207,2.25
756,233,2.25
756,6,2.25
757,220,2.25
757,234,2.25
757,217,2.25
757,212,2.25
757,11,2.25
757,10,2.25
757,257,2.25
757,8,2.25
757,246,2.25
757,243,2.25
757,247,2.25
758,215,2.25
758,5,2.25
758,17,2.25
758,236,2.25
758,12,2.25
758,219,2.25
759,213,2.25
759,235,2.25
759,211,2.25
759,212,2.25
759,11,2.25
759,13,2.25
759,257,2.25
759,8,2.25
760,251,2.25
760,5,2.25
760,9,2.25
760,255,2.25
760,211,2.25
760,217,2.25
760,214,2.25
760,245,2.25
760,239,2.25
760,219,2.25
760,244,2.25
760,4,2.25
760,8,2.25
760,253,2.25
761,241,2.25
761,220,2.25
761,2,2.25
761,235,2.25
761,216,2.25
761,205,2.25
761,3,2.25
761,244,2.25
761,252,2.25
761,6,2.25
761,210,2.25
761,246,2.25
761,253,2.25
761,248,2.25
761,256,2.25
762,215,2.25
762,213,2.25
762,7,2.25
762,2,2.25
762,216,2.25
762,255,2.25
762,205,2.25
762,245,2.25
762,11,2.25
762,10,2.25
762,13,2.25
762,252,2.25
762,8,2.25
762,248,2.25
762,1010,2.25
764,17,2.25
764,235,2.25
764,236,2.25
764,12,2.25
764,455,2.25
764,787,2.25
764,764,2.25
764,723,2.25
764,313,2.25
764,958,2.25
764,698,2.25
764,432,2.25
764,811,2.25
764,1174,2.25
764,752,2.25
764,941,2.25
764,975,2.25
766,250,2.25
766,211,2.25
766,11,2.25
767,219,2.25
768,215,2.25
768,17,2.25
769,4,2.25
769,218,2.25
769,247,2.25
769,432,2.25
769,557,2.25
769,1522,2.25
769,1527,2.25
769,1532,2.25
769,283,2.25
769,311,2.25
769,797,2.25
769,1507,2.25
769,1508,2.25
770,7,2.25
770,343,2.25
771,7,2.25
772,12,2.25
772,257,2.25
772,207,2.25
773,207,2.25
773,218,2.25
774,236,2.25
774,216,2.25
774,1213,2.25
775,588,2.25
775,341,2.25
776,215,2.25
776,213,2.25
776,7,2.25
776,17,2.25
776,234,2.25
776,205,2.25
777,12,2.25
777,13,2.25
777,1,2.25
778,10,2.25
779,11,2.25
780,251,2.25
780,5,2.25
780,12,2.25
780,217,2.25
780,3,2.25
780,10,2.25
780,13,2.25
780,210,2.25
780,246,2.25
780,249,2.25
781,206,2.25
781,205,2.25
781,219,2.25
781,244,2.25
781,252,2.25
781,257,2.25
781,4,2.25
781,248,2.25
782,250,2.25
782,251,2.25
782,5,2.25
782,216,2.25
782,211,2.25
782,217,2.25
782,212,2.25
782,10,2.25
782,243,2.25
784,2,2.25
784,9,2.25
784,216,2.25
784,255,2.25
784,211,2.25
784,254,2.25
784,11,2.25
784,244,2.25
784,13,2.25
784,1,2.25
784,6,2.25
784,253,2.25
784,243,2.25
785,9,2.25
785,3,2.25
786,2,2.25
786,11,2.25
787,239,2.25
787,207,2.25
788,251,2.25
788,213,2.25
788,5,2.25
788,7,2.25
788,220,2.25
788,236,2.25
788,245,2.25
788,11,2.25
788,10,2.25
788,233,2.25
788,210,2.25
788,243,2.25
788,247,2.25
789,207,2.25
790,215,2.25
790,17,2.25
790,235,2.25
790,214,2.25
790,244,2.25
790,8,2.25
790,233,2.25
790,249,2.25
790,243,2.25
791,216,2.25
791,11,2.25
791,1,2.25
792,84,2.25
793,220,2.25
794,219,2.25
795,241,2.25
795,7,2.25
795,17,2.25
795,2,2.25
795,12,2.25
795,205,2.25
795,1,2.25
795,257,2.25
795,4,2.25
795,84,2.25
797,241,2.25
797,12,2.25
797,216,2.25
797,245,2.25
797,254,2.25
797,10,2.25
797,6,2.25
797,249,2.25
797,256,2.25
798,363,2.25
800,213,2.25
800,7,2.25
800,255,2.25
800,211,2.25
800,205,2.25
800,257,2.25
800,6,2.25
800,248,2.25
805,215,2.25
805,2,2.25
805,255,2.25
805,10,2.25
805,13,2.25
806,431,2.25
806,1539,2.25
806,1540,2.25
807,17,2.25
807,236,2.25
807,3,2.25
807,11,2.25
807,4,2.25
807,8,2.25
807,6,2.25
808,5,2.25
808,7,2.25
808,205,2.25
808,245,2.25
808,11,2.25
810,7,2.25
810,235,2.25
810,236,2.25
810,219,2.25
810,1,2.25
810,207,2.25
810,1542,2.25
811,309,2.25
812,5,2.25
812,12,2.25
812,10,2.25
812,1,2.25
812,242,2.25
812,862,2.25
812,1544,2.25
812,400,2.25
812,663,2.25
812,832,2.25
812,1160,2.25
812,1550,2.25
813,241,2.25
813,235,2.25
813,216,2.25
813,1556,2.25
813,1554,2.25
813,1557,2.25
814,215,2.25
814,213,2.25
814,5,2.25
814,17,2.25
814,235,2.25
814,245,2.25
814,239,2.25
814,244,2.25
814,233,2.25
814,246,2.25
815,215,2.25
815,12,2.25
815,9,2.25
815,255,2.25
815,245,2.25
815,239,2.25
815,254,2.25
815,10,2.25
815,249,2.25
815,243,2.25
815,1176,2.25
815,1168,2.25
816,2,2.25
816,434,2.25
817,251,2.25
817,220,2.25
817,235,2.25
817,236,2.25
817,255,2.25
817,217,2.25
817,219,2.25
817,11,2.25
817,10,2.25
817,207,2.25
817,233,2.25
817,246,2.25
817,253,2.25
818,241,2.25
818,5,2.25
818,7,2.25
818,17,2.25
818,255,2.25
818,234,2.25
818,217,2.25
818,214,2.25
818,3,2.25
818,219,2.25
818,13,2.25
818,1,2.25
818,246,2.25
818,84,2.25
818,249,2.25
818,243,2.25
819,2,2.25
819,9,2.25
819,11,2.25
820,1,2.25
820,207,2.25
821,241,2.25
821,121,2.25
821,234,2.25
821,211,2.25
821,244,2.25
821,10,2.25
821,13,2.25
823,7,2.25
823,257,2.25
824,249,2.25
824,243,2.25
824,341,2.25
824,441,2.25
825,7,2.25
825,520,2.25
825,219,2.25
825,1,2.25
825,218,2.25
825,294,2.25
825,347,2.25
825,410,2.25
825,1562,2.25
825,533,2.25
825,752,2.25
825,1234,2.25
825,1561,2.25
825,1564,2.25
826,213,2.25
826,5,2.25
826,206,2.25
826,220,2.25
826,236,2.25
826,217,2.25
826,245,2.25
826,4,2.25
826,207,2.25
826,6,2.25
826,248,2.25
827,218,2.25
829,235,2.25
829,11,2.25
829,207,2.25
829,434,2.25
830,478,2.25
830,336,2.25
830,875,2.25
830,169,2.25
830,1183,2.25
830,24,2.25
830,198,2.25
830,819,2.25
830,1567,2.25
830,53,2.25
830,139,2.25
830,161,2.25
830,163,2.25
830,186,2.25
830,870,2.25
830,1017,2.25
830,1301,2.25
831,250,2.25
831,13,2.25
831,233,2.25
831,657,2.25
831,810,2.25
831,1569,2.25
831,1573,2.25
834,211,2.25
835,17,2.25
835,9,2.25
836,2,2.25
836,236,2.25
836,255,2.25
836,217,2.25
836,245,2.25
836,212,2.25
836,254,2.25
836,13,2.25
836,252,2.25
836,8,2.25
836,233,2.25
836,247,2.25
836,1586,2.25
837,8,2.25
838,220,2.25
838,211,2.25
838,212,2.25
838,11,2.25
838,207,2.25
838,961,2.25
838,923,2.25
839,5,2.25
839,9,2.25
839,11,2.25
839,657,2.25
839,222,2.25
839,232,2.25
839,396,2.25
839,413,2.25
839,1102,2.25
840,5,2.25
840,12,2.25
840,10,2.25
841,1,2.25
841,4,2.25
842,213,2.25
842,5,2.25
842,17,2.25
842,235,2.25
842,12,2.25
842,121,2.25
842,216,2.25
842,234,2.25
842,245,2.25
842,3,2.25
842,212,2.25
842,4,2.25
842,207,2.25
842,246,2.25
842,658,2.25
842,242,2.25
842,243,2.25
842,315,2.25
842,1082,2.25
842,714,2.25
842,1090,2.25
842,1099,2.25
843,215,2.25
843,7,2.25
843,214,2.25
843,239,2.25
844,250,2.25
844,236,2.25
844,207,2.25
844,8,2.25
845,250,2.25
845,17,2.25
845,121,2.25
845,216,2.25
845,205,2.25
845,244,2.25
845,218,2.25
845,494,2.25
845,247,2.25
845,512,2.25
845,1198,2.25
845,59,2.25
845,1594,2.25
845,1599,2.25
845,550,2.25
845,509,2.25
845,616,2.25
845,1608,2.25
845,472,2.25
845,1609,2.25
845,1606,2.25
845,1595,2.25
845,1455,2.25
845,1600,2.25
845,1602,2.25
845,1615,2.25
845,383,2.25
845,560,2.25
845,180,2.25
846,215,2.25
846,220,2.25
846,236,2.25
846,12,2.25
846,219,2.25
847,215,2.25
847,250,2.25
847,2,2.25
847,217,2.25
847,244,2.25
847,252,2.25
847,210,2.25
847,1620,2.25
848,9,2.25
848,10,2.25
848,13,2.25
848,656,2.25
848,1626,2.25
849,213,2.25
849,5,2.25
849,2,2.25
849,236,2.25
849,294,2.25
849,940,2.25
849,585,2.25
849,847,2.25
849,486,2.25
849,275,2.25
849,832,2.25
849,1632,2.25
849,1634,2.25
850,241,2.25
851,215,2.25
851,5,2.25
851,235,2.25
851,9,2.25
851,216,2.25
851,217,2.25
851,248,2.25
852,251,2.25
852,241,2.25
852,236,2.25
852,234,2.25
852,211,2.25
852,217,2.25
852,219,2.25
852,10,2.25
852,1,2.25
852,252,2.25
852,249,2.25
852,256,2.25
852,243,2.25
853,17,2.25
854,213,2.25
854,4,2.25
856,257,2.25
859,250,2.25
859,213,2.25
859,17,2.25
859,2,2.25
859,236,2.25
859,245,2.25
859,11,2.25
859,244,2.25
859,6,2.25
859,1636,2.25
860,17,2.25
860,211,2.25
861,1,2.25
861,336,2.25
862,17,2.25
862,2,2.25
862,13,2.25
863,5,2.25
863,239,2.25
863,207,2.25
863,253,2.25
864,206,2.25
864,220,2.25
864,17,2.25
864,236,2.25
864,219,2.25
864,212,2.25
864,11,2.25
864,1,2.25
864,233,2.25
864,246,2.25
864,253,2.25
864,249,2.25
864,243,2.25
865,5,2.25
865,235,2.25
865,255,2.25
865,211,2.25
865,254,2.25
865,233,2.25
865,84,2.25
866,17,2.25
867,250,2.25
867,251,2.25
867,7,2.25
867,217,2.25
867,212,2.25
867,254,2.25
867,252,2.25
867,257,2.25
867,207,2.25
867,243,2.25
867,680,2.25
868,8,2.25
869,3,2.25
870,213,2.25
870,17,2.25
870,254,2.25
871,215,2.25
871,217,2.25
871,205,2.25
871,239,2.25
871,212,2.25
871,11,2.25
871,207,2.25
871,8,2.25
871,233,2.25
871,6,2.25
871,858,2.25
873,13,2.25
873,383,2.25
873,836,2.25
874,17,2.25
874,121,2.25
874,257,2.25
874,6,2.25
874,84,2.25
874,243,2.25
875,220,2.25
875,2,2.25
876,7,2.25
876,1,2.25
877,254,2.25
877,4,2.25
878,17,2.25
878,2,2.25
878,9,2.25
878,211,2.25
878,214,2.25
878,239,2.25
878,13,2.25
878,4,2.25
878,207,2.25
878,249,2.25
879,215,2.25
879,241,2.25
879,239,2.25
879,244,2.25
879,1,2.25
879,252,2.25
879,4,2.25
879,207,2.25
879,233,2.25
879,249,2.25
879,256,2.25
880,236,2.25
880,219,2.25
880,1,2.25
881,10,2.25
881,13,2.25
882,207,2.25
883,9,2.25
883,239,2.25
883,429,2.25
886,241,2.25
886,235,2.25
886,1,2.25
887,8,2.25
888,11,2.25
888,10,2.25
888,4,2.25
889,213,2.25
889,1,2.25
889,189,2.25
890,241,2.25
890,206,2.25
890,219,2.25
890,212,2.25
890,13,2.25
890,4,2.25
890,207,2.25
890,8,2.25
890,84,2.25
890,780,2.25
890,653,2.25
890,784,2.25
890,786,2.25
891,7,2.25
891,447,2.25
891,307,2.25
891,1080,2.25
891,441,2.25
891,1088,2.25
891,1096,2.25
891,1100,2.25
891,1102,2.25
891,1105,2.25
891,1120,2.25
892,733,2.25
894,7,2.25
894,207,2.25
894,345,2.25
895,491,2.25
896,241,2.25
896,206,2.25
896,9,2.25
896,234,2.25
896,239,2.25
896,244,2.25
896,8,2.25
896,233,2.25
896,246,2.25
896,247,2.25
898,7,2.25
898,696,2.25
898,550,2.25
898,283,2.25
898,398,2.25
898,677,2.25
898,1286,2.25
898,1291,2.25
899,7,2.25
899,17,2.25
899,2,2.25
899,257,2.25
900,250,2.25
900,7,2.25
900,2,2.25
900,235,2.25
900,236,2.25
900,211,2.25
900,212,2.25
900,233,2.25
900,210,2.25
900,253,2.25
900,249,2.25
900,256,2.25
902,12,2.25
902,211,2.25
902,254,2.25
902,11,2.25
902,586,2.25
902,1651,2.25
902,1653,2.25
903,250,2.25
903,241,2.25
903,207,2.25
905,220,2.25
905,12,2.25
905,9,2.25
905,121,2.25
905,216,2.25
905,255,2.25
905,217,2.25
905,239,2.25
905,3,2.25
905,10,2.25
905,257,2.25
905,675,2.25
905,243,2.25
906,17,2.25
906,211,2.25
906,1,2.25
906,207,2.25
907,251,2.25
907,241,2.25
907,220,2.25
907,9,2.25
907,217,2.25
907,205,2.25
907,11,2.25
907,1,2.25
907,248,2.25
908,206,2.25
908,235,2.25
908,236,2.25
908,245,2.25
908,1,2.25
908,247,2.25
909,241,2.25
909,2,2.25
909,235,2.25
909,12,2.25
909,255,2.25
909,234,2.25
909,10,2.25
909,4,2.25
909,210,2.25
909,246,2.25
909,243,2.25
910,2,2.25
910,216,2.25
910,205,2.25
910,1,2.25
911,215,2.25
911,213,2.25
911,12,2.25
912,213,2.25
912,2,2.25
912,255,2.25
912,11,2.25
913,236,2.25
913,10,2.25
914,17,2.25
914,239,2.25
914,1654,2.25
915,7,2.25
916,955,2.25
917,251,2.25
917,220,2.25
917,11,2.25
917,13,2.25
917,1,2.25
917,253,2.25
917,1656,2.25
918,251,2.25
918,2,2.25
918,236,2.25
918,211,2.25
918,214,2.25
918,245,2.25
918,212,2.25
918,257,2.25
918,233,2.25
918,6,2.25
918,397,2.25
918,248,2.25
918,249,2.25
918,247,2.25
918,290,2.25
918,522,2.25
918,183,2.25
918,392,2.25
918,1658,2.25
918,371,2.25
919,2,2.25
919,255,2.25
919,234,2.25
919,205,2.25
919,214,2.25
919,239,2.25
919,212,2.25
919,13,2.25
919,257,2.25
920,234,2.25
920,217,2.25
920,205,2.25
920,239,2.25
920,219,2.25
920,10,2.25
920,13,2.25
920,1,2.25
921,255,2.25
921,205,2.25
921,3,2.25
921,254,2.25
921,11,2.25
921,1,2.25
921,6,2.25
921,210,2.25
921,1227,2.25
921,253,2.25
921,84,2.25
921,249,2.25
921,1660,2.25
923,11,2.25
924,843,2.25
925,213,2.25
925,216,2.25
925,212,2.25
926,205,2.25
926,11,2.25
927,206,2.25
927,214,2.25
927,219,2.25
927,11,2.25
927,1,2.25
927,8,2.25
929,10,2.25
929,257,2.25
930,206,2.25
930,2,2.25
930,11,2.25
930,10,2.25
930,252,2.25
930,246,2.25
930,84,2.25
930,249,2.25
930,256,2.25
930,247,2.25
931,206,2.25
931,220,2.25
931,235,2.25
931,3,2.25
931,219,2.25
931,13,2.25
932,236,2.25
932,219,2.25
932,322,2.25
933,1,2.25
933,207,2.25
935,251,2.25
935,213,2.25
935,12,2.25
935,255,2.25
935,239,2.25
935,10,2.25
935,1,2.25
935,233,2.25
935,243,2.25
935,550,2.25
936,255,2.25
936,245,2.25
936,219,2.25
936,10,2.25
936,13,2.25
937,233,2.25
938,1237,2.25
938,723,2.25
938,1249,2.25
939,1662,2.25
939,1664,2.25
942,215,2.25
942,9,2.25
942,3,2.25
943,236,2.25
944,211,2.25
944,1666,2.25
945,241,2.25
945,236,2.25
945,217,2.25
945,10,2.25
945,233,2.25
946,235,2.25
946,121,2.25
946,245,2.25
946,252,2.25
946,257,2.25
946,246,2.25
946,248,2.25
946,249,2.25
946,256,2.25
947,220,2.25
947,17,2.25
947,255,2.25
947,245,2.25
947,212,2.25
947,10,2.25
947,207,2.25
947,253,2.25
947,342,2.25
948,215,2.25
948,213,2.25
948,7,2.25
948,11,2.25
949,257,2.25
949,207,2.25
949,8,2.25
950,215,2.25
950,251,2.25
950,206,2.25
950,17,2.25
950,12,2.25
950,9,2.25
950,234,2.25
950,3,2.25
950,254,2.25
950,10,2.25
950,257,2.25
950,4,2.25
950,207,2.25
950,8,2.25
950,246,2.25
951,12,2.25
951,11,2.25
951,4,2.25
952,7,2.25
952,9,2.25
952,216,2.25
952,10,2.25
952,1,2.25
952,207,2.25
952,84,2.25
952,305,2.25
953,17,2.25
954,2,2.25
957,215,2.25
957,7,2.25
957,2,2.25
957,10,2.25
957,1,2.25
958,241,2.25
958,7,2.25
958,121,2.25
958,234,2.25
958,11,2.25
958,207,2.25
958,8,2.25
958,210,2.25
958,84,2.25
958,256,2.25
958,243,2.25
959,2,2.25
959,239,2.25
959,11,2.25
960,2,2.25
960,219,2.25
960,1,2.25
961,779,2.25
962,17,2.25
962,239,2.25
962,3,2.25
962,10,2.25
962,13,2.25
963,257,2.25
963,478,2.25
963,593,2.25
963,341,2.25
963,1675,2.25
963,1670,2.25
964,236,2.25
964,3,2.25
964,10,2.25
964,1,2.25
965,215,2.25
965,12,2.25
965,13,2.25
965,1,2.25
965,257,2.25
965,490,2.25
965,1679,2.25
965,1680,2.25
966,250,2.25
966,17,2.25
966,2,2.25
966,216,2.25
966,211,2.25
966,11,2.25
967,7,2.25
967,9,2.25
967,11,2.25
967,1,2.25
967,257,2.25
968,9,2.25
968,1,2.25
969,769,2.25
969,604,2.25
969,947,2.25
969,1713,2.25
969,1035,2.25
969,1694,2.25
969,28,2.25
969,1687,2.25
969,71,2.25
969,314,2.25
969,366,2.25
969,396,2.25
969,1407,2.25
969,1547,2.25
969,1552,2.25
969,1683,2.25
969,1696,2.25
969,1698,2.25
969,1707,2.25
969,1708,2.25
969,1721,2.25
969,1725,2.25
969,1726,2.25
969,1736,2.25
969,1739,2.25
969,1741,2.25
969,1745,2.25
969,1754,2.25
970,250,2.25
970,13,2.25
971,251,2.25
971,17,2.25
971,9,2.25
971,216,2.25
971,11,2.25
971,233,2.25
971,84,2.25
972,241,2.25
972,7,2.25
972,2,2.25
972,12,2.25
972,234,2.25
972,211,2.25
972,214,2.25
972,244,2.25
972,10,2.25
972,8,2.25
972,253,2.25
972,243,2.25
973,10,2.25
978,509,2.25
978,1335,2.25
979,235,2.25
980,241,2.25
980,5,2.25
980,7,2.25
980,17,2.25
980,236,2.25
980,239,2.25
980,254,2.25
980,714,2.25
981,206,2.25
981,2,2.25
981,205,2.25
981,244,2.25
981,10,2.25
981,13,2.25
981,4,2.25
981,207,2.25
981,8,2.25
981,84,2.25
981,247,2.25
982,251,2.25
982,213,2.25
982,121,2.25
982,217,2.25
982,205,2.25
982,245,2.25
982,212,2.25
982,254,2.25
982,1,2.25
982,257,2.25
982,4,2.25
982,207,2.25
982,8,2.25
982,6,2.25
982,249,2.25
984,250,2.25
984,251,2.25
984,7,2.25
984,17,2.25
984,236,2.25
984,121,2.25
984,252,2.25
984,257,2.25
984,233,2.25
984,253,2.25
984,84,2.25
984,249,2.25
984,247,2.25
985,213,2.25
985,216,2.25
985,205,2.25
985,214,2.25
985,3,2.25
985,219,2.25
985,246,2.25
986,5,2.25
986,9,2.25
987,213,2.25
987,5,2.25
987,220,2.25
987,121,2.25
987,217,2.25
987,11,2.25
987,4,2.25
987,210,2.25
987,253,2.25
987,243,2.25
988,2,2.25
988,235,2.25
988,9,2.25
988,216,2.25
988,255,2.25
988,11,2.25
988,13,2.25
988,84,2.25
988,248,2.25
988,249,2.25
989,205,2.25
989,1766,2.25
989,1765,2.25
990,206,2.25
990,235,2.25
990,254,2.25
990,524,2.25
991,213,2.25
991,2,2.25
991,235,2.25
991,236,2.25
991,121,2.25
991,216,2.25
991,234,2.25
991,245,2.25
991,10,2.25
991,1,2.25
991,207,2.25
991,233,2.25
991,210,2.25
991,84,2.25
991,249,2.25
993,13,2.25
994,4,2.25
995,213,2.25
995,206,2.25
995,236,2.25
995,3,2.25
995,11,2.25
995,10,2.25
995,1,2.25
995,253,2.25
995,84,2.25
995,256,2.25
997,4,2.25
998,435,2.25
998,1068,2.25
998,64,2.25
998,917,2.25
998,1777,2.25
998,1779,2.25
999,7,2.25
999,216,2.25
999,211,2.25
999,245,2.25
999,10,2.25
999,1785,2.25
1000,215,2.25
1000,251,2.25
1000,5,2.25
1000,7,2.25
1000,217,2.25
1000,219,2.25
1000,212,2.25
1000,210,2.25
1000,341,2.25
1001,251,2.25
1001,2,2.25
1001,255,2.25
1001,234,2.25
1001,207,2.25
1001,246,2.25
1001,243,2.25
1002,233,2.25
1002,589,2.25
1002,1037,2.25
1002,409,2.25
1002,1787,2.25
1003,213,2.25
1003,241,2.25
1003,220,2.25
1003,2,2.25
1003,216,2.25
1003,234,2.25
1003,1,2.25
1003,243,2.25
1004,211,2.25
1004,214,2.25
1004,219,2.25
1004,254,2.25
1004,10,2.25
1005,121,2.25
1006,2,2.25
1006,11,2.25
1006,244,2.25
1006,13,2.25
1006,299,2.25
1007,4,2.25
1007,8,2.25
1008,235,2.25
1008,219,2.25
1008,11,2.25
1008,13,2.25
1009,255,2.25
1009,1,2.25
1009,4,2.25
1009,233,2.25
1010,215,2.25
1010,257,2.25
1010,8,2.25
1010,434,2.25
1010,1666,2.25
1012,7,2.25
1012,205,2.25
1012,214,2.25
1012,219,2.25
1013,7,2.25
1013,234,2.25
1013,3,2.25
1013,207,2.25
1014,239,2.25
1014,212,2.25
1014,252,2.25
1014,341,2.25
1014,416,2.25
1015,5,2.25
1015,236,2.25
1015,12,2.25
1015,257,2.25
1015,247,2.25
1017,572,2.25
1017,1788,2.25
1017,1630,2.25
1018,7,2.25
1018,236,2.25
1018,542,2.25
1018,596,2.25
1018,1795,2.25
1018,1796,2.25
1018,1799,2.25
1018,1800,2.25
1019,2,2.25
1019,805,2.25
1019,1079,2.25
1019,1089,2.25
1019,1095,2.25
1022,215,2.25
1022,206,2.25
1022,217,2.25
1022,245,2.25
1022,4,2.25
1022,207,2.25
1023,12,2.25
1023,4,2.25
1024,215,2.25
1024,250,2.25
1024,206,2.25
1024,233,2.25
1024,84,2.25
1024,256,2.25
1027,220,2.25
1027,17,2.25
1027,211,2.25
1027,3,2.25
1029,1279,2.25
1030,5,2.25
1031,11,2.25
1033,236,2.25
1034,213,2.25
1034,7,2.25
1034,236,2.25
1034,234,2.25
1034,219,2.25
1034,10,2.25
1034,13,2.25
1034,8,2.25
1034,247,2.25
1034,563,2.25
1034,620,2.25
1034,335,2.25
1034,456,2.25
1034,1820,2.25
1034,441,2.25
1034,822,2.25
1034,1090,2.25
1034,1119,2.25
1034,1807,2.25
1034,1808,2.25
1034,1812,2.25
1034,1814,2.25
1034,1818,2.25
1034,1824,2.25
1034,1826,2.25
1034,1827,2.25
1036,215,2.25
1036,12,2.25
1036,13,2.25
1037,236,2.25
1038,241,2.25
1038,211,2.25
1038,11,2.25
1038,13,2.25
1038,1,2.25
1038,233,2.25
1039,5,2.25
1039,2,2.25
1039,477,2.25
1039,1369,2.25
1039,542,2.25
1039,286,2.25
1039,59,2.25
1039,468,2.25
1039,762,2.25
1039,240,2.25
1039,927,2.25
1039,1829,2.25
1039,102,2.25
1039,99,2.25
1039,105,2.25
1039,108,2.25
1039,168,2.25
1039,175,2.25
1039,182,2.25
1039,259,2.25
1039,518,2.25
1040,845,2.25
1041,207,2.25
1041,293,2.25
1041,270,2.25
1041,606,2.25
1041,389,2.25
1041,951,2.25
1041,266,2.25
1041,1546,2.25
1041,1548,2.25
1045,17,2.25
1045,217,2.25
1045,84,2.25
1046,250,2.25
1046,213,2.25
1046,7,2.25
1046,220,2.25
1046,235,2.25
1046,121,2.25
1046,255,2.25
1046,211,2.25
1046,214,2.25
1046,252,2.25
1046,257,2.25
1046,8,2.25
1046,233,2.25
1046,210,2.25
1046,253,2.25
1046,84,2.25
1046,249,2.25
1047,17,2.25
1048,245,2.25
1048,207,2.25
1049,220,2.25
1049,3,2.25
