1050,215,2.25
1050,241,2.25
1050,9,2.25
1050,211,2.25
1050,217,2.25
1050,214,2.25
1050,239,2.25
1050,247,2.25
1051,241,2.25
1051,7,2.25
1051,17,2.25
1052,213,2.25
1052,216,2.25
1052,255,2.25
1052,214,2.25
1052,245,2.25
1052,3,2.25
1052,219,2.25
1052,254,2.25
1053,11,2.25
1053,4,2.25
1055,12,2.25
1055,13,2.25
1056,7,2.25
1056,17,2.25
1056,217,2.25
1056,10,2.25
1056,8,2.25
1056,210,2.25
1056,246,2.25
1057,17,2.25
1059,236,2.25
1059,13,2.25
1059,207,2.25
1060,9,2.25
1060,13,2.25
1060,8,2.25
1060,1224,2.25
1060,668,2.25
1060,658,2.25
1060,717,2.25
1060,1655,2.25
1060,805,2.25
1060,477,2.25
1060,763,2.25
1061,215,2.25
1061,251,2.25
1061,252,2.25
1062,7,2.25
1062,205,2.25
1062,239,2.25
1062,3,2.25
1062,8,2.25
1064,121,2.25
1064,211,2.25
1064,13,2.25
1064,501,2.25
1064,940,2.25
1065,17,2.25
1065,236,2.25
1065,257,2.25
1065,8,2.25
1065,339,2.25
1065,455,2.25
1065,347,2.25
1065,764,2.25
1065,1830,2.25
1066,216,2.25
1066,207,2.25
1067,5,2.25
1067,13,2.25
1068,4,2.25
1068,6,2.25
1069,215,2.25
1069,251,2.25
1069,17,2.25
1069,2,2.25
1069,9,2.25
1069,217,2.25
1069,3,2.25
1069,244,2.25
1069,1,2.25
1069,253,2.25
1070,248,2.25
1071,250,2.25
1071,241,2.25
1071,17,2.25
1071,2,2.25
1071,235,2.25
1071,1,2.25
1071,257,2.25
1071,8,2.25
1072,7,2.25
1072,239,2.25
1072,3,2.25
1073,7,2.25
1073,220,2.25
1073,17,2.25
1073,235,2.25
1073,255,2.25
1073,234,2.25
1073,217,2.25
1073,205,2.25
1073,245,2.25
1073,239,2.25
1073,212,2.25
1073,13,2.25
1073,4,2.25
1073,210,2.25
1073,84,2.25
1075,5,2.25
1075,205,2.25
1075,10,2.25
1075,13,2.25
1075,1,2.25
1075,84,2.25
1075,713,2.25
1076,250,2.25
1076,2,2.25
1076,12,2.25
1076,207,2.25
1077,215,2.25
1077,1,2.25
1077,4,2.25
1078,206,2.25
1078,255,2.25
1078,1,2.25
1078,210,2.25
1079,7,2.25
1079,12,2.25
1080,7,2.25
1080,2,2.25
1080,212,2.25
1080,13,2.25
1081,7,2.25
1081,234,2.25
1081,211,2.25
1081,217,2.25
1081,205,2.25
1081,214,2.25
1081,3,2.25
1081,248,2.25
1081,247,2.25
1082,213,2.25
1083,235,2.25
1083,12,2.25
1083,216,2.25
1083,10,2.25
1085,215,2.25
1085,17,2.25
1085,239,2.25
1085,244,2.25
1085,10,2.25
1085,1,2.25
1085,257,2.25
1085,4,2.25
1085,8,2.25
1085,233,2.25
1085,243,2.25
1086,235,2.25
1086,12,2.25
1087,7,2.25
1087,9,2.25
1087,233,2.25
1088,213,2.25
1088,10,2.25
1089,250,2.25
1089,241,2.25
1089,206,2.25
1089,211,2.25
1089,217,2.25
1089,245,2.25
1089,212,2.25
1089,254,2.25
1089,10,2.25
1089,1,2.25
1089,6,2.25
1091,11,2.25
1092,213,2.25
1092,5,2.25
1092,217,2.25
1094,213,2.25
1094,9,2.25
1094,3,2.25
1094,219,2.25
1094,4,2.25
1095,251,2.25
1095,7,2.25
1095,2,2.25
1095,9,2.25
1095,121,2.25
1095,11,2.25
1095,253,2.25
1096,250,2.25
1096,5,2.25
1096,255,2.25
1096,234,2.25
1096,219,2.25
1096,212,2.25
1096,254,2.25
1096,8,2.25
1097,1656,2.25
1099,17,2.25
1099,219,2.25
1099,248,2.25
1100,205,2.25
1100,11,2.25
1101,4,2.25
1103,219,2.25
1104,494,2.25
1104,637,2.25
1104,1369,2.25
1104,103,2.25
1104,633,2.25
1104,657,2.25
1104,447,2.25
1104,542,2.25
1104,646,2.25
1104,1846,2.25
1104,652,2.25
1104,1544,2.25
1104,642,2.25
1104,480,2.25
1105,211,2.25
1105,11,2.25
1106,2,2.25
1108,215,2.25
1108,213,2.25
1108,255,2.25
1108,219,2.25
1108,212,2.25
1108,254,2.25
1108,244,2.25
1108,207,2.25
1108,6,2.25
1108,246,2.25
1109,250,2.25
1109,251,2.25
1109,206,2.25
1109,205,2.25
1109,245,2.25
1109,219,2.25
1109,254,2.25
1109,252,2.25
1109,248,2.25
1109,243,2.25
1110,13,2.25
1110,257,2.25
1110,207,2.25
1111,205,2.25
1111,451,2.25
1112,255,2.25
1112,4,2.25
1112,207,2.25
1113,251,2.25
1113,5,2.25
1113,255,2.25
1114,2,2.25
1114,9,2.25
1114,255,2.25
1114,11,2.25
1114,207,2.25
1114,1848,2.25
1115,2,2.25
1115,216,2.25
1115,239,2.25
1115,219,2.25
1115,243,2.25
1116,215,2.25
1116,2,2.25
1116,205,2.25
1116,13,2.25
1116,1,2.25
1117,9,2.25
1118,250,2.25
1118,11,2.25
1118,1,2.25
1119,11,2.25
1120,11,2.25
1120,10,2.25
1121,11,2.25
1121,1,2.25
1121,4,2.25
1122,2,2.25
1122,236,2.25
1122,255,2.25
1122,205,2.25
1122,245,2.25
1122,10,2.25
1122,252,2.25
1122,257,2.25
1122,8,2.25
1122,249,2.25
1122,247,2.25
1123,206,2.25
1123,219,2.25
1124,235,2.25
1124,1,2.25
1124,8,2.25
1125,1,2.25
1125,207,2.25
1126,220,2.25
1126,17,2.25
1126,236,2.25
1126,234,2.25
1126,239,2.25
1126,3,2.25
1126,207,2.25
1126,6,2.25
1126,253,2.25
1126,84,2.25
1126,249,2.25
1126,247,2.25
1127,9,2.25
1127,210,2.25
1129,213,2.25
1129,7,2.25
1129,236,2.25
1129,12,2.25
1129,9,2.25
1130,5,2.25
1130,2,2.25
1130,12,2.25
1130,234,2.25
1130,205,2.25
1130,214,2.25
1130,245,2.25
1130,10,2.25
1130,13,2.25
1130,252,2.25
1130,4,2.25
1130,248,2.25
1132,241,2.25
1132,5,2.25
1132,7,2.25
1132,17,2.25
1132,12,2.25
1132,255,2.25
1132,217,2.25
1132,239,2.25
1132,257,2.25
1132,4,2.25
1133,2,2.25
1133,219,2.25
1133,1,2.25
1133,207,2.25
1133,1436,2.25
1135,220,2.25
1135,17,2.25
1137,7,2.25
1137,17,2.25
1138,250,2.25
1138,235,2.25
1138,217,2.25
1138,239,2.25
1138,219,2.25
1138,254,2.25
1138,11,2.25
1138,253,2.25
1139,251,2.25
1139,241,2.25
1139,17,2.25
1139,9,2.25
1139,211,2.25
1139,13,2.25
1139,1,2.25
1139,242,2.25
1139,249,2.25
1140,17,2.25
1140,212,2.25
1140,11,2.25
1140,10,2.25
1140,1853,2.25
1141,213,2.25
1141,5,2.25
1141,8,2.25
1142,215,2.25
1142,213,2.25
1142,17,2.25
1142,2,2.25
1142,216,2.25
1142,255,2.25
1142,211,2.25
1142,239,2.25
1142,252,2.25
1142,233,2.25
1143,255,2.25
1143,211,2.25
1143,1,2.25
1144,250,2.25
1144,2,2.25
1144,234,2.25
1144,219,2.25
1144,10,2.25
1144,13,2.25
1144,1,2.25
1144,233,2.25
1144,6,2.25
1144,210,2.25
1144,243,2.25
1145,207,2.25
1146,215,2.25
1146,7,2.25
1146,206,2.25
1146,17,2.25
1146,121,2.25
1146,205,2.25
1146,254,2.25
1146,244,2.25
1146,1,2.25
1146,210,2.25
1146,246,2.25
1147,391,2.25
1147,455,2.25
1147,706,2.25
1147,299,2.25
1147,512,2.25
1147,835,2.25
1147,699,2.25
1147,597,2.25
1147,1854,2.25
1147,684,2.25
1147,365,2.25
1147,350,2.25
1147,1007,2.25
1147,758,2.25
1147,810,2.25
1148,241,2.25
1148,206,2.25
1148,17,2.25
1148,255,2.25
1148,211,2.25
1148,214,2.25
1148,245,2.25
1148,219,2.25
1148,10,2.25
1148,13,2.25
1148,257,2.25
1148,248,2.25
1149,5,2.25
1149,805,2.25
1149,265,2.25
1149,1404,2.25
1149,1401,2.25
1149,434,2.25
1150,17,2.25
1150,2,2.25
1150,1,2.25
1152,215,2.25
1152,7,2.25
1152,244,2.25
1152,1,2.25
1152,252,2.25
1152,257,2.25
1152,207,2.25
1152,246,2.25
1152,249,2.25
1153,7,2.25
1153,220,2.25
1153,216,2.25
1153,205,2.25
1153,1,2.25
1153,717,2.25
1153,278,2.25
1153,787,2.25
1153,589,2.25
1153,336,2.25
1153,454,2.25
1153,160,2.25
1153,483,2.25
1153,417,2.25
1153,422,2.25
1153,421,2.25
1153,427,2.25
1153,438,2.25
1154,214,2.25
1154,13,2.25
1155,250,2.25
1155,213,2.25
1155,17,2.25
1155,121,2.25
1155,245,2.25
1155,212,2.25
1155,10,2.25
1155,252,2.25
1156,213,2.25
1156,241,2.25
1156,217,2.25
1156,244,2.25
1156,207,2.25
1157,217,2.25
1157,658,2.25
1157,717,2.25
1157,872,2.25
1157,592,2.25
1157,286,2.25
1157,434,2.25
1157,59,2.25
1157,1193,2.25
1157,1478,2.25
1157,659,2.25
1157,1859,2.25
1157,282,2.25
1157,983,2.25
1157,300,2.25
1158,241,2.25
1158,219,2.25
1158,244,2.25
1158,1,2.25
1158,8,2.25
1158,675,2.25
1158,84,2.25
1159,215,2.25
1159,251,2.25
1159,239,2.25
1159,11,2.25
1159,13,2.25
1159,252,2.25
1159,207,2.25
1159,734,2.25
1160,2,2.25
1160,458,2.25
1161,17,2.25
1161,255,2.25
1161,245,2.25
1161,1,2.25
1161,207,2.25
1161,8,2.25
1161,248,2.25
1161,243,2.25
1162,241,2.25
1162,220,2.25
1162,235,2.25
1162,9,2.25
1162,216,2.25
1162,234,2.25
1162,212,2.25
1162,233,2.25
1162,733,2.25
1162,287,2.25
1162,1864,2.25
1162,1274,2.25
1162,525,2.25
1162,1641,2.25
1163,2,2.25
1164,5,2.25
1164,2,2.25
1164,12,2.25
1164,234,2.25
1165,2,2.25
1165,235,2.25
1165,11,2.25
1165,10,2.25
1166,5,2.25
1166,12,2.25
1166,207,2.25
1167,235,2.25
1167,9,2.25
1167,8,2.25
1167,6,2.25
1169,7,2.25
1169,257,2.25
1170,215,2.25
1171,11,2.25
1173,7,2.25
1173,205,2.25
1173,254,2.25
1173,10,2.25
1173,257,2.25
1173,233,2.25
1173,425,2.25
1173,84,2.25
1173,1831,2.25
1173,1641,2.25
1173,1868,2.25
1173,1877,2.25
1173,1880,2.25
1173,442,2.25
1174,11,2.25
1174,292,2.25
1174,913,2.25
1175,241,2.25
1175,5,2.25
1175,211,2.25
1175,214,2.25
1175,11,2.25
1175,244,2.25
1175,246,2.25
1178,3,2.25
1178,257,2.25
1180,213,2.25
1180,5,2.25
1180,410,2.25
1182,11,2.25
1182,4,2.25
1183,7,2.25
1183,9,2.25
1183,211,2.25
1183,239,2.25
1183,207,2.25
1184,241,2.25
1184,236,2.25
1184,3,2.25
1184,219,2.25
1184,13,2.25
1184,6,2.25
1186,2,2.25
1187,12,2.25
1187,255,2.25
1187,211,2.25
1187,205,2.25
1187,13,2.25
1187,210,2.25
1187,781,2.25
1187,339,2.25
1187,691,2.25
1187,1349,2.25
1187,717,2.25
1187,607,2.25
1187,728,2.25
1187,585,2.25
1187,249,2.25
1187,1369,2.25
1187,799,2.25
1187,738,2.25
1187,699,2.25
1187,484,2.25
1187,701,2.25
1187,265,2.25
1187,436,2.25
1187,711,2.25
1187,702,2.25
1187,744,2.25
1187,1641,2.25
1187,1867,2.25
1187,1046,2.25
1187,1013,2.25
1187,1892,2.25
1187,1893,2.25
1187,933,2.25
1187,1894,2.25
1187,1006,2.25
1187,725,2.25
1187,1896,2.25
1187,1898,2.25
1187,534,2.25
1187,1901,2.25
1187,1385,2.25
1187,116,2.25
1187,1194,2.25
1187,1628,2.25
1187,959,2.25
1187,1910,2.25
1187,1913,2.25
1187,1914,2.25
1187,1918,2.25
1187,1783,2.25
1187,548,2.25
1187,1924,2.25
1187,1926,2.25
1187,132,2.25
1188,215,2.25
1188,5,2.25
1188,9,2.25
1188,216,2.25
1188,234,2.25
1188,217,2.25
1188,214,2.25
1188,244,2.25
1188,252,2.25
1188,207,2.25
1188,210,2.25
1188,248,2.25
1188,256,2.25
1189,215,2.25
1189,17,2.25
1189,3,2.25
1189,13,2.25
1189,585,2.25
1189,699,2.25
1189,378,2.25
1190,215,2.25
1190,11,2.25
1191,17,2.25
1191,10,2.25
1192,241,2.25
1192,247,2.25
1193,220,2.25
1193,121,2.25
1193,245,2.25
1193,3,2.25
1193,10,2.25
1195,7,2.25
1195,1,2.25
1197,251,2.25
1197,7,2.25
1197,12,2.25
1197,255,2.25
1197,245,2.25
1197,11,2.25
1198,250,2.25
1198,251,2.25
1198,213,2.25
1198,220,2.25
1198,12,2.25
1198,9,2.25
1198,121,2.25
1198,211,2.25
1198,205,2.25
1198,214,2.25
1198,245,2.25
1198,219,2.25
1198,13,2.25
1198,8,2.25
1198,233,2.25
1198,246,2.25
1198,84,2.25
1198,243,2.25
1199,213,2.25
1199,10,2.25
1199,13,2.25
1199,6,2.25
1199,242,2.25
1199,253,2.25
1199,696,2.25
1199,880,2.25
1199,247,2.25
1199,610,2.25
1199,313,2.25
1199,318,2.25
1199,91,2.25
1199,1274,2.25
1199,1605,2.25
1200,7,2.25
1200,9,2.25
1200,255,2.25
1200,1929,2.25
1201,255,2.25
1201,234,2.25
1201,205,2.25
1201,245,2.25
1201,3,2.25
1201,233,2.25
1201,256,2.25
1202,206,2.25
1202,220,2.25
1202,12,2.25
1202,3,2.25
1202,4,2.25
1202,207,2.25
1202,210,2.25
1203,7,2.25
1203,17,2.25
1203,205,2.25
1203,219,2.25
1203,254,2.25
1204,2,2.25
1205,12,2.25
1206,5,2.25
1206,239,2.25
1207,241,2.25
1207,219,2.25
1208,318,2.25
1208,512,2.25
1208,746,2.25
1208,1010,2.25
1208,1935,2.25
1209,251,2.25
1209,241,2.25
1209,236,2.25
1209,216,2.25
1209,234,2.25
1209,239,2.25
1209,254,2.25
1209,244,2.25
1209,10,2.25
1209,1,2.25
1209,8,2.25
1209,243,2.25
1210,257,2.25
1211,1,2.25
1212,257,2.25
1212,4,2.25
1212,623,2.25
1212,453,2.25
1212,875,2.25
1212,24,2.25
1212,472,2.25
1212,1937,2.25
1212,1609,2.25
1212,1384,2.25
1212,443,2.25
1212,1941,2.25
1212,1596,2.25
1212,1617,2.25
1212,1611,2.25
1212,1947,2.25
1212,183,2.25
1212,1613,2.25
1213,12,2.25
1213,239,2.25
1214,215,2.25
1214,250,2.25
1214,245,2.25
1214,219,2.25
1214,4,2.25
1214,207,2.25
1215,219,2.25
1217,219,2.25
1218,213,2.25
1218,7,2.25
1218,2,2.25
1218,236,2.25
1218,9,2.25
1218,239,2.25
1218,11,2.25
1218,13,2.25
1218,6,2.25
1218,210,2.25
1218,246,2.25
1219,213,2.25
1220,2,2.25
1220,205,2.25
1220,3,2.25
1220,212,2.25
1220,13,2.25
1220,1,2.25
1220,252,2.25
1221,11,2.25
1222,214,2.25
1222,212,2.25
1222,11,2.25
1222,10,2.25
1222,252,2.25
1223,7,2.25
1223,278,2.25
1223,1199,2.25
1223,1952,2.25
1223,1953,2.25
1225,250,2.25
1225,5,2.25
1225,236,2.25
1225,205,2.25
1225,239,2.25
1225,207,2.25
1225,84,2.25
1226,215,2.25
1226,220,2.25
1226,17,2.25
1226,121,2.25
1226,216,2.25
1226,211,2.25
1226,254,2.25
1226,244,2.25
1226,207,2.25
1226,253,2.25
1226,249,2.25
1226,247,2.25
1228,215,2.25
1228,213,2.25
1228,235,2.25
1228,3,2.25
1228,212,2.25
1228,11,2.25
1228,10,2.25
1229,211,2.25
1229,1597,2.25
1230,251,2.25
1230,239,2.25
1230,11,2.25
1230,252,2.25
1230,257,2.25
1230,4,2.25
1230,8,2.25
1230,253,2.25
1231,241,2.25
1231,12,2.25
1231,3,2.25
1231,11,2.25
1232,7,2.25
1232,2,2.25
1232,270,2.25
1233,216,2.25
1234,215,2.25
1234,12,2.25
1234,9,2.25
1234,211,2.25
1234,239,2.25
1234,212,2.25
1234,13,2.25
1234,8,2.25
1234,233,2.25
1234,84,2.25
1234,248,2.25
1235,250,2.25
1235,7,2.25
1235,17,2.25
1235,9,2.25
1235,217,2.25
1235,205,2.25
1235,239,2.25
1235,254,2.25
1235,252,2.25
1235,256,2.25
1235,243,2.25
1235,247,2.25
1236,215,2.25
1236,239,2.25
1236,212,2.25
1237,85,2.25
1238,250,2.25
1238,213,2.25
1238,241,2.25
1238,9,2.25
1238,121,2.25
1238,216,2.25
1238,219,2.25
1238,11,2.25
1238,207,2.25
1238,8,2.25
1238,6,2.25
1238,249,2.25
1239,236,2.25
1239,219,2.25
1239,11,2.25
1239,13,2.25
1239,207,2.25
1239,8,2.25
1240,213,2.25
1241,215,2.25
1241,251,2.25
1241,236,2.25
1241,255,2.25
1241,217,2.25
1241,3,2.25
1241,244,2.25
1241,253,2.25
1241,243,2.25
1241,247,2.25
1244,213,2.25
1244,5,2.25
1244,7,2.25
1244,207,2.25
1244,278,2.25
1244,1060,2.25
1244,1955,2.25
1244,1956,2.25
1244,1957,2.25
1244,96,2.25
1246,213,2.25
1246,241,2.25
1246,5,2.25
1246,2,2.25
1246,205,2.25
1246,219,2.25
1246,244,2.25
1246,252,2.25
1248,236,2.25
1248,13,2.25
1248,233,2.25
1249,251,2.25
1249,219,2.25
1249,254,2.25
1249,252,2.25
1249,207,2.25
1249,233,2.25
1249,171,2.25
1249,1959,2.25
1249,1187,2.25
1249,395,2.25
1249,191,2.25
1249,1571,2.25
1249,113,2.25
1249,124,2.25
1250,251,2.25
1250,213,2.25
1250,216,2.25
1252,213,2.25
1252,206,2.25
1252,121,2.25
1252,217,2.25
1252,254,2.25
1252,8,2.25
1252,210,2.25
1254,251,2.25
1254,220,2.25
1254,236,2.25
1254,121,2.25
1254,216,2.25
1254,255,2.25
1254,217,2.25
1254,3,2.25
1254,10,2.25
1254,1,2.25
1254,4,2.25
1254,6,2.25
1254,210,2.25
1254,84,2.25
1254,249,2.25
1254,256,2.25
1254,243,2.25
1254,247,2.25
1255,211,2.25
1255,1,2.25
1255,968,2.25
1255,1969,2.25
1257,213,2.25
1257,121,2.25
1257,234,2.25
1257,205,2.25
1257,254,2.25
1257,1,2.25
1257,233,2.25
1257,253,2.25
1258,235,2.25
1258,245,2.25
1258,3,2.25
1258,10,2.25
1258,13,2.25
1258,1,2.25
1260,3,2.25
1261,215,2.25
1261,236,2.25
1261,12,2.25
1261,244,2.25
1262,2,2.25
1262,11,2.25
1263,215,2.25
1263,213,2.25
1263,2,2.25
1263,216,2.25
1263,255,2.25
1263,211,2.25
1263,11,2.25
1263,244,2.25
1263,6,2.25
1263,246,2.25
1263,84,2.25
1263,256,2.25
1264,262,2.25
1265,5,2.25
1265,11,2.25
1267,214,2.25
1267,239,2.25
1267,3,2.25
1267,1,2.25
1268,2,2.25
1268,235,2.25
1268,211,2.25
1269,236,2.25
1269,219,2.25
1269,254,2.25
1269,1972,2.25
1270,728,2.25
1270,499,2.25
1271,215,2.25
1271,241,2.25
1271,7,2.25
1271,17,2.25
1271,121,2.25
1271,216,2.25
1271,255,2.25
1271,234,2.25
1271,214,2.25
1271,254,2.25
1271,1,2.25
1271,210,2.25
1271,1965,2.25
1272,7,2.25
1272,400,2.25
1273,5,2.25
1274,241,2.25
1274,7,2.25
1274,235,2.25
1274,9,2.25
1274,216,2.25
1274,234,2.25
1274,217,2.25
1274,3,2.25
1274,219,2.25
1274,13,2.25
1274,257,2.25
1274,256,2.25
1275,13,2.25
1278,219,2.25
1279,215,2.25
1279,241,2.25
1279,12,2.25
1279,245,2.25
1279,3,2.25
1279,254,2.25
1279,252,2.25
1279,6,2.25
1279,246,2.25
1279,84,2.25
1280,3,2.25
1280,6,2.25
1281,12,2.25
1283,250,2.25
1283,216,2.25
1283,13,2.25
1283,252,2.25
1283,4,2.25
1283,207,2.25
1283,8,2.25
1283,6,2.25
1283,210,2.25
1283,246,2.25
1283,243,2.25
1284,9,2.25
1284,1,2.25
1286,5,2.25
1286,17,2.25
1286,236,2.25
1286,121,2.25
1286,8,2.25
1286,6,2.25
1286,1925,2.25
1287,213,2.25
1287,5,2.25
1287,2,2.25
1287,9,2.25
1287,218,2.25
1287,939,2.25
1288,215,2.25
1288,251,2.25
1288,235,2.25
1288,12,2.25
1288,207,2.25
1288,6,2.25
1288,668,2.25
1288,620,2.25
1288,1101,2.25
1288,274,2.25
1288,641,2.25
1288,1975,2.25
1288,1200,2.25
1289,213,2.25
1289,7,2.25
1289,220,2.25
1289,2,2.25
1289,235,2.25
1289,214,2.25
1289,239,2.25
1289,254,2.25
1289,1,2.25
1289,207,2.25
1289,242,2.25
1289,248,2.25
1289,249,2.25
1289,292,2.25
1289,1259,2.25
1290,251,2.25
1290,210,2.25
1291,215,2.25
1291,7,2.25
1291,206,2.25
1291,235,2.25
1291,236,2.25
1291,12,2.25
1291,234,2.25
1291,4,2.25
1292,251,2.25
1292,5,2.25
1292,17,2.25
1292,9,2.25
1292,217,2.25
1292,219,2.25
1292,254,2.25
1292,252,2.25
1292,207,2.25
1292,84,2.25
1292,247,2.25
1293,239,2.25
1294,9,2.25
1294,253,2.25
1295,251,2.25
1295,235,2.25
1295,255,2.25
1295,234,2.25
1295,217,2.25
1295,205,2.25
1295,239,2.25
1295,10,2.25
1295,13,2.25
1295,248,2.25
1295,247,2.25
1296,255,2.25
1296,219,2.25
1296,8,2.25
1297,206,2.25
1297,245,2.25
1297,13,2.25
1297,233,2.25
1297,6,2.25
1297,84,2.25
1297,247,2.25
1297,1978,2.25
1298,7,2.25
1299,236,2.25
1299,406,2.25
1299,545,2.25
1299,1290,2.25
1300,9,2.25
1300,219,2.25
1300,6,2.25
1300,247,2.25
1301,10,2.25
1301,13,2.25
1301,246,2.25
1301,256,2.25
1302,241,2.25
1302,5,2.25
1302,217,2.25
1302,205,2.25
1302,245,2.25
1302,254,2.25
1302,257,2.25
1302,233,2.25
1302,246,2.25
1302,253,2.25
1303,1353,2.25
1304,213,2.25
1304,216,2.25
1304,11,2.25
1304,244,2.25
1304,4,2.25
1304,6,2.25
1306,9,2.25
1307,236,2.25
1307,9,2.25
1307,239,2.25
1307,1,2.25
1307,207,2.25
1308,216,2.25
1308,211,2.25
1308,253,2.25
1310,12,2.25
1310,1,2.25
1311,213,2.25
1311,7,2.25
1311,9,2.25
1311,254,2.25
1312,2,2.25
1312,3,2.25
1312,10,2.25
1315,11,2.25
1316,12,2.25
1317,239,2.25
1317,8,2.25
1318,236,2.25
1318,217,2.25
1318,10,2.25
1318,8,2.25
1318,210,2.25
1318,243,2.25
1319,235,2.25
1321,13,2.25
1322,213,2.25
1323,215,2.25
1324,7,2.25
1324,205,2.25
1324,3,2.25
1324,1,2.25
1324,252,2.25
1325,215,2.25
1325,12,2.25
1325,4,2.25
1325,8,2.25
1326,9,2.25
1327,7,2.25
1327,2,2.25
1328,565,2.25
1328,1368,2.25
1329,216,2.25
1329,207,2.25
1331,1121,2.25
1332,234,2.25
1333,236,2.25
1333,3,2.25
1333,425,2.25
1333,1831,2.25
1333,1123,2.25
1333,1368,2.25
1333,1638,2.25
1333,1057,2.25
1333,1985,2.25
1333,1992,2.25
1333,2001,2.25
1333,2006,2.25
1333,2008,2.25
1333,2009,2.25
1333,560,2.25
1333,358,2.25
1333,2012,2.25
1333,555,2.25
1333,2015,2.25
1333,1703,2.25
1333,554,2.25
1333,1649,2.25
1333,2023,2.25
1333,611,2.25
1335,12,2.25
1335,254,2.25
1335,4,2.25
1335,248,2.25
1336,242,2.25
1336,787,2.25
1336,958,2.25
1336,1481,2.25
1336,332,2.25
1336,2026,2.25
1336,608,2.25
1336,2027,2.25
1336,2029,2.25
1336,2030,2.25
1336,2031,2.25
1337,215,2.25
1337,213,2.25
1337,10,2.25
1337,13,2.25
1338,250,2.25
1338,214,2.25
1338,254,2.25
1338,244,2.25
1338,1,2.25
1338,8,2.25
1338,210,2.25
1338,84,2.25
1338,318,2.25
1341,218,2.25
1342,206,2.25
1342,216,2.25
1342,212,2.25
1342,11,2.25
1342,244,2.25
1342,13,2.25
1342,8,2.25
1342,247,2.25
1342,1666,2.25
1343,7,2.25
1343,2,2.25
1343,214,2.25
1343,219,2.25
1343,11,2.25
1343,8,2.25
1344,17,2.25
1344,91,2.25
1344,269,2.25
1344,258,2.25
1344,1637,2.25
1345,216,2.25
1345,219,2.25
1346,12,2.25
1346,1,2.25
1346,693,2.25
1347,213,2.25
1347,7,2.25
1347,239,2.25
1347,11,2.25
1347,8,2.25
1348,251,2.25
1348,245,2.25
1348,6,2.25
1348,548,2.25
1348,297,2.25
1351,2,2.25
1351,235,2.25
1351,13,2.25
1352,213,2.25
1352,17,2.25
1352,255,2.25
1352,239,2.25
1352,212,2.25
1352,4,2.25
1352,233,2.25
1352,84,2.25
1352,249,2.25
1353,11,2.25
1354,7,2.25
1354,13,2.25
1355,12,2.25
1355,3,2.25
1355,313,2.25
1355,345,2.25
1355,595,2.25
1356,13,2.25
1357,2,2.25
1357,3,2.25
1357,1,2.25
1360,241,2.25
1360,13,2.25
1361,215,2.25
1361,5,2.25
1361,206,2.25
1361,255,2.25
1361,205,2.25
1361,239,2.25
1361,11,2.25
1361,512,2.25
1362,236,2.25
1363,250,2.25
1363,241,2.25
1363,7,2.25
1363,211,2.25
1363,205,2.25
1363,257,2.25
1365,488,2.25
1366,250,2.25
1366,234,2.25
1367,215,2.25
1367,13,2.25
1368,241,2.25
1368,12,2.25
1368,1,2.25
1368,4,2.25
1369,220,2.25
1369,239,2.25
1369,8,2.25
1370,5,2.25
1370,220,2.25
1370,2,2.25
1370,235,2.25
1370,234,2.25
1370,214,2.25
1370,3,2.25
1370,212,2.25
1370,10,2.25
1372,17,2.25
1372,236,2.25
1372,219,2.25
1372,254,2.25
1372,207,2.25
1375,5,2.25
1375,7,2.25
1375,220,2.25
1375,236,2.25
1375,9,2.25
1375,121,2.25
1375,216,2.25
1375,239,2.25
1375,10,2.25
1375,6,2.25
1375,249,2.25
1376,5,2.25
1378,215,2.25
1378,236,2.25
1378,255,2.25
1378,3,2.25
1378,219,2.25
1379,1225,2.25
1380,207,2.25
1382,9,2.25
1382,233,2.25
1383,7,2.25
1383,1542,2.25
1383,2038,2.25
1384,215,2.25
1385,17,2.25
1385,236,2.25
1385,9,2.25
1385,234,2.25
1385,217,2.25
1385,205,2.25
1385,245,2.25
1385,254,2.25
1385,246,2.25
1385,249,2.25
1386,7,2.25
1386,2,2.25
1386,236,2.25
1386,216,2.25
1386,214,2.25
1386,239,2.25
1386,219,2.25
1386,4,2.25
1386,753,2.25
1386,389,2.25
1386,810,2.25
1386,1863,2.25
1386,73,2.25
1386,460,2.25
1386,824,2.25
1386,828,2.25
1386,813,2.25
1387,10,2.25
1387,496,2.25
1388,5,2.25
1388,7,2.25
1388,17,2.25
1388,216,2.25
1388,234,2.25
1388,205,2.25
1388,1,2.25
1388,256,2.25
1388,1995,2.25
1390,235,2.25
1390,1,2.25
1390,4,2.25
1391,2,2.25
1391,211,2.25
1392,12,2.25
1393,2,2.25
1393,236,2.25
1393,255,2.25
1393,234,2.25
1393,205,2.25
1393,244,2.25
1393,4,2.25
1393,233,2.25
1396,7,2.25
1396,9,2.25
1396,211,2.25
1396,210,2.25
1396,253,2.25
1396,248,2.25
1397,1262,2.25
1397,1265,2.25
1398,246,2.25
1398,218,2.25
1398,294,2.25
1398,696,2.25
1398,585,2.25
1398,589,2.25
1398,709,2.25
1398,716,2.25
1398,301,2.25
1398,509,2.25
1398,490,2.25
1398,522,2.25
1399,12,2.25
1399,4,2.25
1399,207,2.25
1399,8,2.25
1402,257,2.25
1402,926,2.25
1404,11,2.25
1405,7,2.25
1405,234,2.25
1406,447,2.25
1406,595,2.25
1406,408,2.25
1406,1601,2.25
1406,1076,2.25
1406,692,2.25
1406,324,2.25
1409,220,2.25
1409,9,2.25
1409,255,2.25
1409,11,2.25
1414,206,2.25
1414,121,2.25
1414,216,2.25
1414,255,2.25
1414,239,2.25
1414,244,2.25
1414,13,2.25
1414,1,2.25
1414,6,2.25
1414,246,2.25
1414,256,2.25
1415,215,2.25
1415,219,2.25
1415,1794,2.25
1416,251,2.25
1416,17,2.25
1416,216,2.25
1416,205,2.25
1416,13,2.25
1416,1,2.25
1416,4,2.25
1416,8,2.25
1416,233,2.25
1416,253,2.25
1416,84,2.25
1417,5,2.25
1417,206,2.25
1417,235,2.25
1417,239,2.25
1417,1,2.25
1417,207,2.25
1417,1225,2.25
1417,432,2.25
1417,419,2.25
1417,305,2.25
1418,2,2.25
1418,787,2.25
1418,347,2.25
1418,307,2.25
1418,490,2.25
1418,274,2.25
1418,1197,2.25
1419,213,2.25
1419,239,2.25
1420,213,2.25
1420,7,2.25
1420,235,2.25
1420,236,2.25
1420,245,2.25
1420,11,2.25
1420,8,2.25
1422,2,2.25
1423,215,2.25
1423,7,2.25
1423,220,2.25
1423,2,2.25
1423,216,2.25
1423,211,2.25
1423,214,2.25
1423,254,2.25
1424,239,2.25
1424,249,2.25
1425,215,2.25
1425,17,2.25
1425,9,2.25
1425,217,2.25
1425,214,2.25
1425,245,2.25
1425,219,2.25
1425,13,2.25
1425,257,2.25
1425,6,2.25
1425,210,2.25
1425,247,2.25
1426,215,2.25
1426,216,2.25
1426,4,2.25
1426,233,2.25
1428,236,2.25
1428,12,2.25
1428,214,2.25
1428,11,2.25
1428,244,2.25
1428,246,2.25
1429,220,2.25
1429,255,2.25
1429,8,2.25
1430,215,2.25
1430,5,2.25
1430,7,2.25
1430,220,2.25
1430,216,2.25
1430,255,2.25
1430,211,2.25
1430,210,2.25
1430,247,2.25
1431,213,2.25
1431,219,2.25
1431,13,2.25
1431,4,2.25
1431,233,2.25
1432,250,2.25
1432,5,2.25
1432,10,2.25
1432,13,2.25
1432,294,2.25
1434,241,2.25
1434,10,2.25
1435,17,2.25
1435,205,2.25
1435,11,2.25
1435,4,2.25
1435,900,2.25
1435,840,2.25
1436,10,2.25
1437,1436,2.25
1437,1123,2.25
1438,251,2.25
1438,206,2.25
1438,9,2.25
1438,217,2.25
1438,212,2.25
1438,252,2.25
1438,207,2.25
1438,233,2.25
1438,210,2.25
1438,253,2.25
1439,255,2.25
1439,211,2.25
1439,11,2.25
1439,244,2.25
1439,10,2.25
1439,13,2.25
1439,4,2.25
1439,6,2.25
1439,249,2.25
1439,247,2.25
1439,1556,2.25
1439,2049,2.25
1440,17,2.25
1441,215,2.25
1441,237,2.25
1442,220,2.25
1443,7,2.25
1443,2,2.25
1443,9,2.25
1443,205,2.25
1443,765,2.25
1444,235,2.25
1444,234,2.25
1444,205,2.25
1444,3,2.25
1444,10,2.25
1444,210,2.25
1444,249,2.25
1444,256,2.25
1445,257,2.25
1446,11,2.25
1446,207,2.25
1448,251,2.25
1448,5,2.25
1448,206,2.25
1448,216,2.25
1448,255,2.25
1448,205,2.25
1448,214,2.25
1448,212,2.25
1448,252,2.25
1448,4,2.25
1448,8,2.25
1448,6,2.25
1448,210,2.25
1448,248,2.25
1448,249,2.25
1448,243,2.25
1449,10,2.25
1450,218,2.25
1451,12,2.25
1451,257,2.25
1451,233,2.25
1451,6,2.25
1451,243,2.25
1451,693,2.25
1452,236,2.25
1452,391,2.25
1452,400,2.25
1453,250,2.25
1453,12,2.25
1453,9,2.25
1453,211,2.25
1453,217,2.25
1453,239,2.25
1453,3,2.25
1453,219,2.25
1453,11,2.25
1453,84,2.25
1454,206,2.25
1454,205,2.25
1454,214,2.25
1454,254,2.25
1454,8,2.25
1454,253,2.25
1455,239,2.25
1457,12,2.25
1457,205,2.25
1457,212,2.25
1457,248,2.25
1457,243,2.25
1458,215,2.25
1458,241,2.25
1458,17,2.25
1458,12,2.25
1458,255,2.25
1458,205,2.25
1458,257,2.25
1460,215,2.25
1460,5,2.25
1460,206,2.25
1460,255,2.25
1460,11,2.25
1460,13,2.25
1460,252,2.25
1460,248,2.25
1461,5,2.25
1461,2,2.25
1461,235,2.25
1461,9,2.25
1461,121,2.25
1461,234,2.25
1461,233,2.25
1461,243,2.25
1461,247,2.25
1462,241,2.25
1462,220,2.25
1462,236,2.25
1462,12,2.25
1462,121,2.25
1462,254,2.25
1462,244,2.25
1462,13,2.25
1462,252,2.25
1462,4,2.25
1462,233,2.25
1462,84,2.25
1462,248,2.25
1462,249,2.25
1462,256,2.25
1464,215,2.25
1464,250,2.25
1464,213,2.25
1464,241,2.25
1464,7,2.25
1464,9,2.25
1464,205,2.25
1464,239,2.25
1464,212,2.25
1464,4,2.25
1465,213,2.25
1465,241,2.25
1465,206,2.25
1465,220,2.25
1465,121,2.25
1465,234,2.25
1465,212,2.25
1465,254,2.25
1465,11,2.25
1465,13,2.25
1465,1,2.25
1465,257,2.25
1465,210,2.25
1465,248,2.25
1466,216,2.25
1466,1222,2.25
1466,1081,2.25
1467,215,2.25
1467,250,2.25
1467,213,2.25
1467,17,2.25
1467,12,2.25
1467,234,2.25
1467,211,2.25
1467,4,2.25
1467,8,2.25
1467,233,2.25
1467,243,2.25
1467,247,2.25
1468,241,2.25
1468,2,2.25
1468,219,2.25
1468,11,2.25
1468,1101,2.25
1468,134,2.25
1469,12,2.25
1469,255,2.25
1469,239,2.25
1470,220,2.25
1470,216,2.25
1470,211,2.25
1470,217,2.25
1470,214,2.25
1470,3,2.25
1470,13,2.25
1470,257,2.25
1470,207,2.25
1470,8,2.25
1470,233,2.25
1471,2,2.25
1472,5,2.25
1474,5,2.25
1474,12,2.25
1474,254,2.25
1474,244,2.25
1474,10,2.25
1474,252,2.25
1474,257,2.25
1474,246,2.25
1474,256,2.25
1475,250,2.25
1475,206,2.25
1475,17,2.25
1475,121,2.25
1475,234,2.25
1475,239,2.25
1475,219,2.25
1475,8,2.25
1475,247,2.25
1476,251,2.25
1476,236,2.25
1476,12,2.25
1476,9,2.25
1476,3,2.25
1476,219,2.25
1476,244,2.25
1476,257,2.25
1476,84,2.25
1476,249,2.25
1478,241,2.25
1478,5,2.25
1478,216,2.25
1478,205,2.25
1478,214,2.25
1478,212,2.25
1478,10,2.25
1478,252,2.25
1478,233,2.25
1478,253,2.25
1478,249,2.25
1478,256,2.25
1478,247,2.25
1480,215,2.25
1480,235,2.25
1480,12,2.25
1480,216,2.25
1480,217,2.25
1480,13,2.25
1480,233,2.25
1480,249,2.25
1481,452,2.25
1481,2062,2.25
1481,2063,2.25
1482,215,2.25
1482,213,2.25
1482,13,2.25
1483,251,2.25
1483,241,2.25
1483,220,2.25
1483,235,2.25
1483,121,2.25
1483,205,2.25
1483,254,2.25
1483,1,2.25
1483,6,2.25
1483,210,2.25
1483,246,2.25
1483,253,2.25
1483,256,2.25
1483,247,2.25
1484,1,2.25
1485,2,2.25
1485,6,2.25
1486,241,2.25
1486,5,2.25
1486,2,2.25
1486,12,2.25
1486,216,2.25
1486,211,2.25
1486,245,2.25
1486,244,2.25
1486,13,2.25
1486,207,2.25
1486,6,2.25
1486,84,2.25
1486,248,2.25
1489,234,2.25
1489,245,2.25
1489,239,2.25
1489,207,2.25
1490,10,2.25
1490,1340,2.25
1491,5,2.25
1491,1836,2.25
1491,84,2.25
1491,1864,2.25
1491,467,2.25
1491,1659,2.25
1492,211,2.25
1492,11,2.25
1492,1,2.25
1493,341,2.25
1493,1352,2.25
1494,215,2.25
1494,11,2.25
1494,10,2.25
1494,13,2.25
1495,293,2.25
1495,746,2.25
1495,268,2.25
1496,12,2.25
1496,293,2.25
1496,879,2.25
1496,278,2.25
1496,318,2.25
1496,512,2.25
1496,606,2.25
1496,1043,2.25
1496,842,2.25
1496,1944,2.25
1496,1383,2.25
1496,1945,2.25
1496,1947,2.25
1496,1948,2.25
1496,1975,2.25
1497,2068,2.25
1498,215,2.25
1498,250,2.25
1498,251,2.25
1498,121,2.25
1498,255,2.25
1498,205,2.25
1498,257,2.25
1498,4,2.25
1498,8,2.25
1498,210,2.25
1498,246,2.25
1498,249,2.25
1499,215,2.25
1499,255,2.25
1499,217,2.25
1499,214,2.25
1499,219,2.25
1499,1,2.25
1499,252,2.25
1499,4,2.25
1499,6,2.25
1499,210,2.25
1500,11,2.25
1501,213,2.25
1501,235,2.25
1501,12,2.25
1501,205,2.25
1501,245,2.25
1501,254,2.25
1501,207,2.25
1501,233,2.25
1501,210,2.25
1501,256,2.25
1502,214,2.25
1502,239,2.25
1502,11,2.25
1502,10,2.25
1502,207,2.25
1502,233,2.25
1502,6,2.25
1502,246,2.25
1502,253,2.25
1503,5,2.25
1504,216,2.25
1504,400,2.25
1505,236,2.25
1505,216,2.25
1505,234,2.25
1505,3,2.25
1505,11,2.25
1505,606,2.25
1505,1379,2.25
1505,2045,2.25
1506,235,2.25
1507,2,2.25
1508,7,2.25
1508,206,2.25
1508,17,2.25
1508,257,2.25
1508,4,2.25
1508,486,2.25
1508,686,2.25
1508,693,2.25
1,12,2.25
1,6,2.25
3,6,2.25
3,70,2.25
3,103,2.25
3,87,2.25
3,91,2.25
3,194,2.25
3,59,2.25
3,127,2.25
3,202,2.25
3,73,2.25
3,29,2.25
3,170,2.25
3,183,2.25
3,85,2.25
3,149,2.25
3,42,2.25
3,32,2.25
3,128,2.25
3,56,2.25
3,120,2.25
3,122,2.25
3,125,2.25
3,199,2.25
3,178,2.25
3,198,2.25
3,93,2.25
3,28,2.25
3,115,2.25
3,16,2.25
3,18,2.25
3,47,2.25
3,71,2.25
3,75,2.25
3,77,2.25
3,86,2.25
3,118,2.25
3,131,2.25
3,137,2.25
3,142,2.25
3,147,2.25
3,151,2.25
3,164,2.25
3,174,2.25
3,176,2.25
3,186,2.25
3,200,2.25
7,215,2.25
7,205,2.25
9,218,2.25
10,10,2.25
10,13,2.25
11,1,2.25
12,3,2.25
12,4,2.25
13,206,2.25
14,205,2.25
16,2,2.25
16,235,2.25
16,236,2.25
16,11,2.25
16,4,2.25
19,239,2.25
21,241,2.25
21,7,2.25
21,206,2.25
21,17,2.25
21,216,2.25
21,234,2.25
21,245,2.25
21,257,2.25
21,4,2.25
21,8,2.25
21,246,2.25
21,248,2.25
21,243,2.25
22,7,2.25
22,235,2.25
22,219,2.25
22,1,2.25
22,257,2.25
23,1,2.25
25,215,2.25
25,5,2.25
25,220,2.25
25,17,2.25
25,236,2.25
25,214,2.25
25,219,2.25
25,244,2.25
25,13,2.25
25,4,2.25
25,84,2.25
25,249,2.25
26,1,2.25
27,217,2.25
27,13,2.25
27,262,2.25
28,213,2.25
28,206,2.25
28,236,2.25
28,219,2.25
28,207,2.25
28,8,2.25
28,253,2.25
28,243,2.25
29,294,2.25
29,284,2.25
29,265,2.25
29,282,2.25
29,292,2.25
29,264,2.25
29,272,2.25
29,281,2.25
29,285,2.25
29,295,2.25
30,206,2.25
30,121,2.25
30,217,2.25
30,219,2.25
30,254,2.25
30,11,2.25
30,1,2.25
30,257,2.25
30,210,2.25
31,215,2.25
31,11,2.25
32,205,2.25
32,1,2.25
32,8,2.25
33,7,2.25
34,2,2.25
34,121,2.25
34,234,2.25
34,4,2.25
36,250,2.25
36,213,2.25
36,7,2.25
36,235,2.25
36,236,2.25
36,216,2.25
36,11,2.25
36,10,2.25
36,4,2.25
36,207,2.25
37,206,2.25
37,17,2.25
37,255,2.25
37,245,2.25
37,3,2.25
37,254,2.25
37,13,2.25
37,210,2.25
37,249,2.25
37,256,2.25
37,247,2.25
38,215,2.25
38,251,2.25
38,2,2.25
38,252,2.25
38,8,2.25
38,249,2.25
38,243,2.25
39,213,2.25
39,5,2.25
39,17,2.25
39,236,2.25
39,257,2.25
41,11,2.25
43,10,2.25
44,4,2.25
45,215,2.25
46,251,2.25
46,2,2.25
46,12,2.25
46,255,2.25
46,239,2.25
46,13,2.25
47,235,2.25
47,10,2.25
47,314,2.25
49,257,2.25
50,236,2.25
50,211,2.25
50,4,2.25
51,326,2.25
51,320,2.25
51,328,2.25
53,250,2.25
53,251,2.25
53,5,2.25
53,220,2.25
53,235,2.25
53,255,2.25
53,211,2.25
53,239,2.25
53,254,2.25
53,84,2.25
53,243,2.25
55,215,2.25
55,2,2.25
55,236,2.25
55,255,2.25
55,11,2.25
55,253,2.25
56,213,2.25
56,236,2.25
56,9,2.25
56,3,2.25
56,10,2.25
56,13,2.25
56,4,2.25
56,207,2.25
56,6,2.25
56,84,2.25
56,243,2.25
58,257,2.25
61,213,2.25
61,7,2.25
61,17,2.25
61,234,2.25
63,9,2.25
63,299,2.25
63,344,2.25
64,5,2.25
64,220,2.25
64,2,2.25
64,235,2.25
64,121,2.25
64,245,2.25
64,239,2.25
64,3,2.25
64,219,2.25
64,10,2.25
64,207,2.25
64,248,2.25
65,9,2.25
65,239,2.25
67,7,2.25
67,17,2.25
67,12,2.25
67,216,2.25
67,211,2.25
67,219,2.25
67,11,2.25
68,206,2.25
68,17,2.25
68,12,2.25
68,205,2.25
68,214,2.25
68,3,2.25
68,254,2.25
68,248,2.25
68,249,2.25
69,2,2.25
69,1,2.25
69,207,2.25
70,5,2.25
70,13,2.25
70,4,2.25
71,11,2.25
72,250,2.25
72,220,2.25
72,216,2.25
72,234,2.25
72,217,2.25
72,219,2.25
72,212,2.25
72,244,2.25
72,10,2.25
72,252,2.25
72,8,2.25
72,6,2.25
72,246,2.25
72,253,2.25
73,7,2.25
73,17,2.25
73,219,2.25
73,254,2.25
73,1,2.25
73,8,2.25
73,210,2.25
73,247,2.25
77,11,2.25
78,365,2.25
78,377,2.25
78,357,2.25
78,370,2.25
79,520,2.25
79,121,2.25
79,3,2.25
79,244,2.25
79,257,2.25
79,4,2.25
79,8,2.25
79,391,2.25
79,347,2.25
79,84,2.25
79,473,2.25
79,483,2.25
79,502,2.25
79,402,2.25
79,419,2.25
79,481,2.25
79,422,2.25
79,427,2.25
79,423,2.25
79,519,2.25
79,405,2.25
79,493,2.25
79,461,2.25
79,237,2.25
79,467,2.25
79,398,2.25
79,495,2.25
79,390,2.25
79,396,2.25
79,428,2.25
79,437,2.25
79,440,2.25
79,444,2.25
79,445,2.25
79,482,2.25
79,513,2.25
80,2,2.25
81,11,2.25
81,542,2.25
81,529,2.25
81,528,2.25
81,90,2.25
81,181,2.25
81,295,2.25
81,532,2.25
81,544,2.25
82,2,2.25
82,11,2.25
82,207,2.25
82,8,2.25
83,213,2.25
83,241,2.25
83,220,2.25
83,255,2.25
83,217,2.25
83,214,2.25
83,3,2.25
83,219,2.25
83,244,2.25
83,10,2.25
83,13,2.25
83,4,2.25
83,210,2.25
83,253,2.25
83,249,2.25
83,256,2.25
84,17,2.25
84,2,2.25
84,233,2.25
85,213,2.25
85,212,2.25
86,250,2.25
86,220,2.25
86,219,2.25
86,249,2.25
86,256,2.25
88,250,2.25
89,1,2.25
90,213,2.25
91,211,2.25
91,84,2.25
91,560,2.25
91,570,2.25
91,573,2.25
92,236,2.25
93,9,2.25
94,5,2.25
94,235,2.25
94,234,2.25
95,213,2.25
95,235,2.25
95,12,2.25
95,121,2.25
95,580,2.25
96,213,2.25
96,241,2.25
96,206,2.25
96,234,2.25
96,254,2.25
96,11,2.25
96,207,2.25
96,249,2.25
96,256,2.25
97,5,2.25
97,7,2.25
97,220,2.25
97,121,2.25
97,216,2.25
97,205,2.25
97,219,2.25
97,13,2.25
97,210,2.25
98,236,2.25
98,294,2.25
98,345,2.25
98,91,2.25
98,582,2.25
98,596,2.25
99,216,2.25
99,219,2.25
99,233,2.25
102,7,2.25
102,17,2.25
102,2,2.25
102,207,2.25
104,216,2.25
105,17,2.25
105,211,2.25
107,215,2.25
107,241,2.25
107,5,2.25
107,17,2.25
107,2,2.25
107,236,2.25
107,239,2.25
107,10,2.25
107,233,2.25
107,84,2.25
108,11,2.25
109,318,2.25
109,432,2.25
109,358,2.25
109,600,2.25
109,603,2.25
110,2,2.25
110,216,2.25
110,545,2.25
111,250,2.25
111,213,2.25
111,17,2.25
111,236,2.25
111,121,2.25
111,214,2.25
111,13,2.25
111,252,2.25
111,6,2.25
112,214,2.25
112,252,2.25
112,606,2.25
114,215,2.25
114,251,2.25
114,206,2.25
114,12,2.25
114,211,2.25
114,1,2.25
114,8,2.25
115,250,2.25
115,206,2.25
115,220,2.25
115,255,2.25
115,1,2.25
116,215,2.25
116,251,2.25
116,7,2.25
116,12,2.25
116,611,2.25
117,17,2.25
117,236,2.25
117,219,2.25
117,11,2.25
118,235,2.25
118,236,2.25
118,1,2.25
120,215,2.25
120,251,2.25
120,233,2.25
120,6,2.25
121,17,2.25
121,205,2.25
121,3,2.25
121,252,2.25
121,257,2.25
121,6,2.25
121,253,2.25
121,84,2.25
121,249,2.25
122,211,2.25
122,245,2.25
122,254,2.25
122,233,2.25
123,250,2.25
123,7,2.25
123,205,2.25
123,11,2.25
123,13,2.25
124,215,2.25
124,250,2.25
124,7,2.25
124,12,2.25
124,121,2.25
124,239,2.25
124,3,2.25
124,219,2.25
124,252,2.25
124,257,2.25
124,8,2.25
124,233,2.25
124,6,2.25
125,215,2.25
125,216,2.25
125,239,2.25
125,1,2.25
126,251,2.25
126,5,2.25
126,7,2.25
126,239,2.25
126,11,2.25
126,84,2.25
128,213,2.25
128,9,2.25
128,216,2.25
128,239,2.25
128,244,2.25
128,257,2.25
128,253,2.25
128,243,2.25
128,617,2.25
128,616,2.25
128,405,2.25
129,215,2.25
129,7,2.25
129,1,2.25
129,4,2.25
130,220,2.25
130,11,2.25
130,13,2.25
134,207,2.25
135,7,2.25
135,211,2.25
135,219,2.25
135,1,2.25
136,17,2.25
136,12,2.25
136,638,2.25
136,635,2.25
136,624,2.25
136,632,2.25
136,362,2.25
136,372,2.25
136,636,2.25
136,627,2.25
136,646,2.25
136,631,2.25
136,640,2.25
137,5,2.25
137,10,2.25
137,233,2.25
137,248,2.25
137,247,2.25
138,213,2.25
138,217,2.25
138,254,2.25
138,1,2.25
138,257,2.25
138,8,2.25
138,233,2.25
138,247,2.25
139,2,2.25
139,236,2.25
139,216,2.25
139,3,2.25
139,1,2.25
139,8,2.25
139,243,2.25
141,213,2.25
141,653,2.25
141,654,2.25
142,5,2.25
142,1,2.25
142,207,2.25
142,8,2.25
144,8,2.25
144,242,2.25
144,278,2.25
144,657,2.25
144,148,2.25
144,419,2.25
146,215,2.25
146,251,2.25
146,213,2.25
146,241,2.25
146,5,2.25
146,220,2.25
146,255,2.25
146,254,2.25
146,248,2.25
147,215,2.25
147,235,2.25
147,216,2.25
147,255,2.25
147,234,2.25
147,205,2.25
147,214,2.25
147,245,2.25
147,212,2.25
147,257,2.25
147,6,2.25
147,249,2.25
147,243,2.25
147,247,2.25
148,205,2.25
150,251,2.25
150,220,2.25
150,236,2.25
150,12,2.25
150,9,2.25
150,239,2.25
150,8,2.25
150,247,2.25
150,662,2.25
151,220,2.25
151,236,2.25
151,13,2.25
152,17,2.25
152,12,2.25
152,10,2.25
152,1,2.25
154,146,2.25
154,666,2.25
154,667,2.25
155,215,2.25
155,213,2.25
155,220,2.25
155,17,2.25
155,216,2.25
155,255,2.25
155,234,2.25
155,205,2.25
155,254,2.25
155,8,2.25
155,253,2.25
155,247,2.25
156,215,2.25
156,250,2.25
156,206,2.25
156,9,2.25
156,205,2.25
156,1,2.25
156,4,2.25
156,207,2.25
157,215,2.25
157,7,2.25
157,3,2.25
158,10,2.25
159,236,2.25
159,12,2.25
160,2,2.25
160,236,2.25
160,3,2.25
160,11,2.25
161,241,2.25
161,5,2.25
161,235,2.25
161,13,2.25
161,218,2.25
161,675,2.25
161,717,2.25
161,397,2.25
161,638,2.25
161,585,2.25
161,706,2.25
161,308,2.25
161,318,2.25
161,604,2.25
161,738,2.25
161,699,2.25
161,351,2.25
161,684,2.25
161,753,2.25
161,758,2.25
161,529,2.25
161,432,2.25
161,419,2.25
161,716,2.25
161,726,2.25
161,73,2.25
161,536,2.25
161,695,2.25
161,750,2.25
161,762,2.25
161,685,2.25
161,509,2.25
161,196,2.25
161,398,2.25
161,751,2.25
161,280,2.25
161,298,2.25
161,379,2.25
162,7,2.25
162,770,2.25
163,5,2.25
163,236,2.25
163,12,2.25
163,205,2.25
163,3,2.25
163,207,2.25
163,8,2.25
163,233,2.25
164,2,2.25
164,13,2.25
164,781,2.25
164,583,2.25
164,655,2.25
164,442,2.25
164,509,2.25
164,772,2.25
164,777,2.25
164,784,2.25
164,786,2.25
165,10,2.25
165,746,2.25
165,798,2.25
165,360,2.25
166,5,2.25
166,206,2.25
166,236,2.25
166,217,2.25
166,212,2.25
166,84,2.25
166,249,2.25
167,250,2.25
167,251,2.25
167,206,2.25
167,220,2.25
167,236,2.25
167,12,2.25
167,214,2.25
167,3,2.25
167,219,2.25
167,254,2.25
167,13,2.25
167,257,2.25
167,243,2.25
168,241,2.25
168,235,2.25
168,3,2.25
168,212,2.25
168,1,2.25
168,84,2.25
168,256,2.25
169,251,2.25
169,7,2.25
169,2,2.25
169,12,2.25
169,216,2.25
169,255,2.25
169,217,2.25
169,11,2.25
169,4,2.25
169,6,2.25
169,246,2.25
169,247,2.25
170,341,2.25
171,250,2.25
171,5,2.25
171,206,2.25
171,2,2.25
171,12,2.25
171,210,2.25
171,253,2.25
171,248,2.25
171,256,2.25
171,243,2.25
172,220,2.25
172,17,2.25
172,2,2.25
172,9,2.25
172,216,2.25
172,211,2.25
172,205,2.25
172,245,2.25
172,212,2.25
172,244,2.25
172,253,2.25
172,248,2.25
173,10,2.25
173,207,2.25
174,2,2.25
174,9,2.25
174,245,2.25
174,239,2.25
174,13,2.25
174,4,2.25
174,84,2.25
174,248,2.25
174,247,2.25
175,12,2.25
175,9,2.25
175,211,2.25
175,11,2.25
176,241,2.25
176,5,2.25
176,220,2.25
176,235,2.25
176,245,2.25
176,13,2.25
176,210,2.25
176,248,2.25
177,235,2.25
177,8,2.25
178,215,2.25
178,213,2.25
178,7,2.25
178,220,2.25
178,245,2.25
178,10,2.25
178,1,2.25
178,8,2.25
178,246,2.25
178,256,2.25
178,243,2.25
179,205,2.25
179,11,2.25
179,13,2.25
179,207,2.25
180,241,2.25
180,216,2.25
180,253,2.25
181,2,2.25
181,10,2.25
182,5,2.25
182,217,2.25
183,241,2.25
183,5,2.25
183,7,2.25
183,206,2.25
183,17,2.25
183,12,2.25
183,214,2.25
183,252,2.25
183,247,2.25
184,215,2.25
184,7,2.25
184,233,2.25
185,17,2.25
185,2,2.25
185,235,2.25
185,239,2.25
185,243,2.25
187,7,2.25
187,9,2.25
187,245,2.25
187,3,2.25
187,13,2.25
188,206,2.25
188,220,2.25
188,216,2.25
188,218,2.25
188,658,2.25
188,607,2.25
188,480,2.25
188,655,2.25
188,606,2.25
188,510,2.25
188,702,2.25
188,310,2.25
188,490,2.25
188,828,2.25
188,817,2.25
188,825,2.25
188,827,2.25
188,818,2.25
188,839,2.25
188,834,2.25
189,250,2.25
189,7,2.25
189,9,2.25
189,257,2.25
189,6,2.25
189,842,2.25
190,251,2.25
190,213,2.25
190,12,2.25
190,255,2.25
190,211,2.25
190,245,2.25
190,212,2.25
190,1,2.25
190,248,2.25
190,249,2.25
190,247,2.25
191,3,2.25
193,2,2.25
193,235,2.25
193,9,2.25
193,255,2.25
193,211,2.25
193,239,2.25
193,3,2.25
193,257,2.25
193,207,2.25
193,6,2.25
193,249,2.25
195,207,2.25
196,250,2.25
196,7,2.25
196,2,2.25
196,11,2.25
196,233,2.25
197,215,2.25
197,250,2.25
197,251,2.25
197,206,2.25
197,2,2.25
197,219,2.25
197,244,2.25
197,1,2.25
197,8,2.25
197,253,2.25
197,249,2.25
197,243,2.25
198,250,2.25
198,220,2.25
198,9,2.25
198,216,2.25
198,255,2.25
198,234,2.25
198,211,2.25
198,205,2.25
198,254,2.25
198,11,2.25
198,252,2.25
198,207,2.25
198,8,2.25
198,210,2.25
199,235,2.25
199,211,2.25
199,13,2.25
199,293,2.25
199,728,2.25
199,455,2.25
199,638,2.25
199,657,2.25
199,512,2.25
199,699,2.25
199,847,2.25
199,593,2.25
199,365,2.25
199,529,2.25
199,875,2.25
199,436,2.25
199,523,2.25
199,864,2.25
199,750,2.25
199,509,2.25
199,522,2.25
199,798,2.25
199,885,2.25
199,887,2.25
199,126,2.25
199,364,2.25
199,700,2.25
199,870,2.25
199,873,2.25
199,890,2.25
200,250,2.25
200,9,2.25
200,121,2.25
200,255,2.25
200,211,2.25
200,13,2.25
200,8,2.25
200,604,2.25
200,434,2.25
200,159,2.25
200,193,2.25
201,7,2.25
201,220,2.25
201,235,2.25
201,236,2.25
201,9,2.25
201,216,2.25
202,215,2.25
202,213,2.25
202,5,2.25
202,220,2.25
202,17,2.25
202,2,2.25
202,9,2.25
202,245,2.25
202,254,2.25
202,13,2.25
202,233,2.25
202,256,2.25
202,243,2.25
203,906,2.25
204,212,2.25
204,254,2.25
204,13,2.25
204,233,2.25
205,10,2.25
205,1,2.25
205,6,2.25
205,210,2.25
205,256,2.25
206,7,2.25
206,17,2.25
206,2,2.25
206,234,2.25
206,254,2.25
206,13,2.25
206,4,2.25
206,233,2.25
206,6,2.25
206,243,2.25
207,205,2.25
207,10,2.25
207,1,2.25
208,217,2.25
208,1,2.25
208,4,2.25
208,913,2.25
209,213,2.25
209,241,2.25
209,12,2.25
209,9,2.25
209,216,2.25
209,255,2.25
209,245,2.25
209,219,2.25
209,244,2.25
209,10,2.25
209,233,2.25
209,253,2.25
209,249,2.25
210,7,2.25
210,2,2.25
210,207,2.25
211,17,2.25
211,121,2.25
212,5,2.25
212,2,2.25
212,236,2.25
212,211,2.25
212,3,2.25
212,219,2.25
212,11,2.25
212,10,2.25
212,207,2.25
212,8,2.25
214,2,2.25
214,219,2.25
215,215,2.25
215,12,2.25
215,211,2.25
215,217,2.25
215,205,2.25
215,245,2.25
215,13,2.25
215,207,2.25
215,246,2.25
215,84,2.25
216,17,2.25
217,215,2.25
217,12,2.25
217,254,2.25
218,251,2.25
218,220,2.25
218,17,2.25
218,2,2.25
218,216,2.25
218,244,2.25
218,257,2.25
218,248,2.25
218,247,2.25
220,5,2.25
220,121,2.25
220,255,2.25
220,211,2.25
220,3,2.25
223,250,2.25
223,241,2.25
223,220,2.25
223,253,2.25
224,17,2.25
224,236,2.25
224,3,2.25
224,10,2.25
224,252,2.25
225,234,2.25
225,211,2.25
225,217,2.25
225,239,2.25
225,219,2.25
225,207,2.25
225,8,2.25
225,246,2.25
225,84,2.25
225,256,2.25
225,247,2.25
226,7,2.25
226,17,2.25
227,251,2.25
227,206,2.25
227,220,2.25
227,216,2.25
227,214,2.25
227,3,2.25
227,219,2.25
227,254,2.25
227,4,2.25
228,235,2.25
228,205,2.25
228,219,2.25
228,11,2.25
228,425,2.25
230,208,2.25
231,340,2.25
232,236,2.25
232,9,2.25
232,918,2.25
233,5,2.25
234,5,2.25
234,11,2.25
234,233,2.25
235,206,2.25
235,17,2.25
235,235,2.25
235,12,2.25
235,217,2.25
235,239,2.25
235,244,2.25
235,10,2.25
235,252,2.25
235,253,2.25
235,247,2.25
236,220,2.25
236,234,2.25
237,251,2.25
237,5,2.25
238,213,2.25
238,5,2.25
238,7,2.25
238,220,2.25
238,2,2.25
238,235,2.25
238,207,2.25
239,9,2.25
239,3,2.25
239,4,2.25
239,6,2.25
240,11,2.25
240,1,2.25
240,207,2.25
241,239,2.25
241,3,2.25
242,11,2.25
243,215,2.25
243,2,2.25
243,236,2.25
243,9,2.25
243,217,2.25
243,214,2.25
243,11,2.25
243,339,2.25
243,847,2.25
243,932,2.25
243,488,2.25
243,921,2.25
244,2,2.25
245,250,2.25
245,5,2.25
245,206,2.25
245,235,2.25
245,236,2.25
245,12,2.25
245,9,2.25
245,216,2.25
245,255,2.25
245,239,2.25
245,3,2.25
245,252,2.25
245,248,2.25
245,256,2.25
246,591,2.25
246,736,2.25
248,250,2.25
248,206,2.25
248,17,2.25
248,2,2.25
248,214,2.25
248,1,2.25
248,233,2.25
248,6,2.25
249,5,2.25
249,7,2.25
249,206,2.25
249,255,2.25
249,234,2.25
249,245,2.25
249,254,2.25
249,8,2.25
249,6,2.25
249,247,2.25
250,215,2.25
250,213,2.25
250,206,2.25
250,220,2.25
250,17,2.25
250,235,2.25
250,255,2.25
250,205,2.25
250,11,2.25
250,257,2.25
250,210,2.25
251,121,2.25
251,219,2.25
251,11,2.25
251,257,2.25
255,12,2.25
255,9,2.25
255,8,2.25
255,253,2.25
256,1,2.25
258,17,2.25
258,1,2.25
259,5,2.25
259,17,2.25
259,2,2.25
259,3,2.25
259,13,2.25
260,5,2.25
261,219,2.25
261,10,2.25
261,13,2.25
261,247,2.25
262,220,2.25
262,216,2.25
262,205,2.25
262,13,2.25
262,210,2.25
263,215,2.25
263,213,2.25
263,5,2.25
263,239,2.25
263,3,2.25
263,212,2.25
264,251,2.25
264,5,2.25
264,13,2.25
264,4,2.25
264,253,2.25
265,5,2.25
265,7,2.25
265,206,2.25
265,9,2.25
265,255,2.25
265,234,2.25
265,245,2.25
265,246,2.25
265,248,2.25
265,249,2.25
266,7,2.25
266,12,2.25
268,13,2.25
269,376,2.25
270,250,2.25
270,251,2.25
270,213,2.25
270,9,2.25
270,121,2.25
270,255,2.25
270,254,2.25
270,11,2.25
270,252,2.25
270,253,2.25
271,12,2.25
271,216,2.25
271,255,2.25
271,219,2.25
271,13,2.25
271,252,2.25
271,8,2.25
271,6,2.25
271,246,2.25
271,84,2.25
271,249,2.25
272,213,2.25
272,17,2.25
272,11,2.25
272,207,2.25
272,787,2.25
272,638,2.25
272,723,2.25
272,712,2.25
272,308,2.25
272,336,2.25
272,406,2.25
272,510,2.25
272,758,2.25
272,486,2.25
272,335,2.25
272,468,2.25
272,984,2.25
272,550,2.25
272,951,2.25
272,928,2.25
272,557,2.25
272,305,2.25
272,681,2.25
272,126,2.25
272,296,2.25
272,314,2.25
272,615,2.25
272,690,2.25
272,727,2.25
272,766,2.25
272,768,2.25
272,832,2.25
272,925,2.25
272,941,2.25
272,942,2.25
272,950,2.25
272,956,2.25
272,976,2.25
272,979,2.25
272,995,2.25
272,997,2.25
272,998,2.25
272,1004,2.25
272,1012,2.25
273,7,2.25
273,2,2.25
273,211,2.25
273,219,2.25
273,254,2.25
274,241,2.25
274,5,2.25
274,236,2.25
274,211,2.25
274,252,2.25
274,210,2.25
275,554,2.25
276,215,2.25
276,9,2.25
276,217,2.25
276,254,2.25
276,8,2.25
276,249,2.25
277,588,2.25
278,5,2.25
278,11,2.25
278,10,2.25
278,592,2.25
278,432,2.25
278,746,2.25
278,588,2.25
278,943,2.25
278,348,2.25
278,1018,2.25
278,1020,2.25
278,518,2.25
279,5,2.25
279,236,2.25
279,255,2.25
279,205,2.25
279,3,2.25
279,212,2.25
279,11,2.25
279,233,2.25
279,248,2.25
279,249,2.25
280,250,2.25
280,7,2.25
280,255,2.25
280,234,2.25
280,211,2.25
280,11,2.25
280,13,2.25
280,8,2.25
280,243,2.25
281,17,2.25
281,234,2.25
281,214,2.25
281,239,2.25
281,212,2.25
281,13,2.25
281,1,2.25
281,6,2.25
281,253,2.25
281,247,2.25
283,13,2.25
284,365,2.25
284,431,2.25
284,913,2.25
284,732,2.25
284,1034,2.25
284,1033,2.25
284,909,2.25
284,1027,2.25
285,11,2.25
285,4,2.25
285,207,2.25
285,787,2.25
285,84,2.25
285,1036,2.25
285,1037,2.25
285,452,2.25
285,93,2.25
286,7,2.25
286,254,2.25
286,4,2.25
287,17,2.25
288,7,2.25
288,2,2.25
288,121,2.25
288,257,2.25
288,8,2.25
289,2,2.25
289,8,2.25
290,241,2.25
290,17,2.25
290,6,2.25
291,213,2.25
291,5,2.25
291,12,2.25
291,1,2.25
291,257,2.25
291,233,2.25
292,3,2.25
292,253,2.25
292,243,2.25
293,241,2.25
293,17,2.25
293,235,2.25
293,255,2.25
293,219,2.25
293,13,2.25
293,243,2.25
293,247,2.25
294,250,2.25
294,5,2.25
294,206,2.25
294,205,2.25
294,239,2.25
294,212,2.25
294,244,2.25
294,249,2.25
294,256,2.25
294,247,2.25
295,241,2.25
295,7,2.25
295,2,2.25
295,239,2.25
295,11,2.25
295,257,2.25
295,233,2.25
295,6,2.25
295,210,2.25
295,256,2.25
295,247,2.25
296,219,2.25
296,11,2.25
296,13,2.25
296,207,2.25
298,11,2.25
298,1,2.25
298,257,2.25
298,270,2.25
298,84,2.25
298,336,2.25
299,9,2.25
299,219,2.25
299,8,2.25
299,233,2.25
299,256,2.25
300,898,2.25
300,926,2.25
300,1059,2.25
300,793,2.25
300,398,2.25
300,970,2.25
300,1045,2.25
300,1052,2.25
300,1053,2.25
300,1056,2.25
300,1065,2.25
301,219,2.25
302,241,2.25
302,5,2.25
302,206,2.25
302,220,2.25
302,9,2.25
302,205,2.25
302,214,2.25
302,210,2.25
302,248,2.25
302,243,2.25
303,251,2.25
303,5,2.25
303,211,2.25
303,245,2.25
303,3,2.25
303,1,2.25
303,252,2.25
303,207,2.25
304,187,2.25
306,215,2.25
306,3,2.25
306,11,2.25
306,10,2.25
306,1069,2.25
307,17,2.25
307,2,2.25
307,239,2.25
307,252,2.25
307,1071,2.25
308,220,2.25
308,214,2.25
308,239,2.25
308,252,2.25
308,257,2.25
308,1116,2.25
308,656,2.25
308,1109,2.25
308,659,2.25
308,611,2.25
308,1112,2.25
308,1077,2.25
308,1085,2.25
308,1086,2.25
308,1093,2.25
308,1115,2.25
309,251,2.25
309,241,2.25
309,5,2.25
309,1,2.25
309,6,2.25
310,455,2.25
310,278,2.25
310,116,2.25
310,142,2.25
310,1122,2.25
312,214,2.25
312,212,2.25
312,207,2.25
312,8,2.25
313,235,2.25
313,216,2.25
313,207,2.25
313,293,2.25
313,1129,2.25
314,4,2.25
315,13,2.25
316,251,2.25
316,213,2.25
316,7,2.25
316,235,2.25
316,211,2.25
316,214,2.25
316,13,2.25
316,233,2.25
316,247,2.25
316,1132,2.25
316,1133,2.25
316,1134,2.25
316,1138,2.25
316,1144,2.25
316,1145,2.25
316,1147,2.25
316,1155,2.25
316,1158,2.25
317,2,2.25
317,12,2.25
317,419,2.25
317,305,2.25
317,653,2.25
317,1159,2.25
317,1162,2.25
318,7,2.25
318,216,2.25
318,205,2.25
318,212,2.25
318,252,2.25
319,9,2.25
319,245,2.25
319,239,2.25
319,1,2.25
319,252,2.25
319,4,2.25
319,8,2.25
319,6,2.25
319,278,2.25
319,84,2.25
319,243,2.25
319,247,2.25
320,17,2.25
320,2,2.25
320,205,2.25
320,210,2.25
320,253,2.25
320,1174,2.25
320,1177,2.25
321,7,2.25
321,220,2.25
321,9,2.25
321,10,2.25
322,5,2.25
322,236,2.25
322,3,2.25
322,254,2.25
322,244,2.25
322,10,2.25
323,17,2.25
323,2,2.25
323,1,2.25
323,257,2.25
323,218,2.25
323,293,2.25
323,391,2.25
323,866,2.25
323,717,2.25
323,242,2.25
323,763,2.25
323,850,2.25
323,706,2.25
323,769,2.25
323,657,2.25
323,512,2.25
323,336,2.25
323,365,2.25
323,26,2.25
323,453,2.25
323,676,2.25
323,734,2.25
323,1194,2.25
323,1187,2.25
323,765,2.25
323,392,2.25
323,142,2.25
323,163,2.25
323,1186,2.25
324,7,2.25
324,220,2.25
324,219,2.25
324,10,2.25
325,245,2.25
325,3,2.25
325,244,2.25
325,13,2.25
326,220,2.25
327,251,2.25
327,2,2.25
327,236,2.25
327,12,2.25
327,11,2.25
327,1,2.25
327,4,2.25
328,215,2.25
328,220,2.25
328,12,2.25
328,121,2.25
328,3,2.25
328,13,2.25
328,1,2.25
328,4,2.25
328,6,2.25
328,210,2.25
329,7,2.25
330,250,2.25
330,7,2.25
330,17,2.25
330,236,2.25
330,216,2.25
330,234,2.25
330,239,2.25
330,219,2.25
330,254,2.25
330,10,2.25
330,1,2.25
330,207,2.25
330,253,2.25
330,248,2.25
330,243,2.25
330,247,2.25
331,215,2.25
331,12,2.25
331,9,2.25
331,219,2.25
331,1,2.25
331,6,2.25
331,253,2.25
332,253,2.25
333,10,2.25
334,17,2.25
334,12,2.25
334,211,2.25
335,7,2.25
335,236,2.25
335,9,2.25
335,121,2.25
335,234,2.25
335,219,2.25
335,13,2.25
335,257,2.25
335,6,2.25
335,253,2.25
335,256,2.25
336,8,2.25
338,235,2.25
338,234,2.25
338,10,2.25
338,4,2.25
339,213,2.25
339,235,2.25
339,234,2.25
340,211,2.25
340,11,2.25
340,4,2.25
341,84,2.25
342,235,2.25
342,12,2.25
342,8,2.25
343,7,2.25
344,254,2.25
344,8,2.25
345,512,2.25
346,215,2.25
346,251,2.25
346,235,2.25
346,234,2.25
346,11,2.25
347,2,2.25
347,787,2.25
347,719,2.25
347,29,2.25
347,21,2.25
347,74,2.25
347,79,2.25
347,133,2.25
347,159,2.25
347,195,2.25
348,250,2.25
348,213,2.25
348,7,2.25
348,17,2.25
348,235,2.25
348,255,2.25
348,205,2.25
348,245,2.25
348,3,2.25
348,13,2.25
348,8,2.25
349,250,2.25
349,213,2.25
349,241,2.25
349,5,2.25
349,7,2.25
349,2,2.25
349,3,2.25
349,219,2.25
349,212,2.25
349,11,2.25
349,244,2.25
349,247,2.25
350,251,2.25
350,2,2.25
350,234,2.25
350,217,2.25
350,245,2.25
350,253,2.25
351,7,2.25
351,257,2.25
352,213,2.25
352,220,2.25
352,235,2.25
352,216,2.25
352,255,2.25
352,214,2.25
352,1,2.25
352,84,2.25
352,243,2.25
353,7,2.25
353,205,2.25
355,215,2.25
355,250,2.25
355,216,2.25
355,234,2.25
355,219,2.25
355,10,2.25
355,8,2.25
355,675,2.25
355,352,2.25
355,491,2.25
355,480,2.25
355,512,2.25
355,606,2.25
355,389,2.25
355,510,2.25
355,453,2.25
355,490,2.25
355,493,2.25
355,428,2.25
356,2,2.25
356,235,2.25
356,216,2.25
356,13,2.25
358,3,2.25
359,7,2.25
359,3,2.25
359,219,2.25
359,278,2.25
360,236,2.25
360,12,2.25
360,234,2.25
361,17,2.25
361,638,2.25
361,307,2.25
361,1199,2.25
361,641,2.25
361,796,2.25
361,800,2.25
362,215,2.25
362,12,2.25
362,1,2.25
362,257,2.25
362,8,2.25
362,248,2.25
363,213,2.25
363,254,2.25
365,251,2.25
365,5,2.25
365,9,2.25
365,255,2.25
365,217,2.25
365,219,2.25
365,212,2.25
365,233,2.25
365,210,2.25
366,213,2.25
366,205,2.25
366,3,2.25
366,207,2.25
367,5,2.25
367,17,2.25
367,9,2.25
367,121,2.25
367,255,2.25
367,239,2.25
367,11,2.25
367,244,2.25
367,1,2.25
367,257,2.25
367,4,2.25
367,207,2.25
367,256,2.25
367,243,2.25
367,247,2.25
368,251,2.25
368,241,2.25
368,235,2.25
368,216,2.25
368,205,2.25
368,254,2.25
369,215,2.25
369,13,2.25
370,5,2.25
370,2,2.25
370,236,2.25
374,241,2.25
374,206,2.25
374,216,2.25
374,245,2.25
374,11,2.25
374,1,2.25
374,257,2.25
374,207,2.25
374,6,2.25
374,247,2.25
375,234,2.25
375,207,2.25
375,218,2.25
375,1210,2.25
375,47,2.25
377,10,2.25
378,7,2.25
378,2,2.25
378,9,2.25
378,257,2.25
378,207,2.25
379,3,2.25
380,206,2.25
380,236,2.25
380,216,2.25
381,215,2.25
381,250,2.25
381,7,2.25
381,17,2.25
381,239,2.25
381,244,2.25
381,13,2.25
381,1,2.25
381,257,2.25
381,6,2.25
381,210,2.25
381,246,2.25
381,84,2.25
382,12,2.25
382,255,2.25
382,1,2.25
382,1213,2.25
383,5,2.25
383,12,2.25
383,214,2.25
384,251,2.25
384,206,2.25
384,235,2.25
384,121,2.25
384,211,2.25
384,3,2.25
384,11,2.25
384,10,2.25
384,6,2.25
384,210,2.25
384,243,2.25
384,247,2.25
385,215,2.25
385,216,2.25
386,215,2.25
386,213,2.25
386,17,2.25
386,255,2.25
386,245,2.25
386,11,2.25
386,13,2.25
386,249,2.25
386,1214,2.25
386,1215,2.25
387,805,2.25
388,7,2.25
388,11,2.25
389,121,2.25
389,255,2.25
389,217,2.25
389,205,2.25
389,257,2.25
389,247,2.25
390,10,2.25
391,251,2.25
391,220,2.25
391,17,2.25
391,205,2.25
391,11,2.25
391,244,2.25
391,233,2.25
392,241,2.25
392,12,2.25
392,239,2.25
392,257,2.25
393,215,2.25
393,251,2.25
393,206,2.25
393,121,2.25
393,245,2.25
393,3,2.25
393,1,2.25
393,257,2.25
393,233,2.25
393,84,2.25
393,243,2.25
395,213,2.25
395,241,2.25
395,2,2.25
395,255,2.25
395,234,2.25
395,239,2.25
395,244,2.25
395,13,2.25
395,210,2.25
395,253,2.25
395,243,2.25
396,12,2.25
396,1228,2.25
396,1011,2.25
396,1230,2.25
396,859,2.25
397,251,2.25
397,9,2.25
397,352,2.25
397,249,2.25
397,1233,2.25
398,1,2.25
398,207,2.25
399,5,2.25
399,7,2.25
399,12,2.25
399,207,2.25
400,215,2.25
401,250,2.25
401,12,2.25
401,255,2.25
401,245,2.25
401,239,2.25
401,219,2.25
401,1,2.25
401,4,2.25
401,246,2.25
401,253,2.25
401,249,2.25
402,1246,2.25
402,1249,2.25
402,1254,2.25
403,3,2.25
403,11,2.25
404,215,2.25
404,10,2.25
404,257,2.25
406,215,2.25
406,5,2.25
406,7,2.25
406,121,2.25
406,234,2.25
406,214,2.25
406,212,2.25
406,11,2.25
406,252,2.25
406,4,2.25
406,207,2.25
406,8,2.25
406,6,2.25
406,210,2.25
406,253,2.25
407,13,2.25
408,206,2.25
408,236,2.25
408,12,2.25
410,7,2.25
410,2,2.25
410,219,2.25
410,1,2.25
410,257,2.25
411,251,2.25
411,241,2.25
411,220,2.25
411,2,2.25
411,255,2.25
411,205,2.25
411,212,2.25
411,11,2.25
411,1,2.25
412,251,2.25
412,213,2.25
412,206,2.25
412,220,2.25
412,121,2.25
412,245,2.25
412,3,2.25
412,252,2.25
412,4,2.25
412,246,2.25
412,248,2.25
412,735,2.25
413,3,2.25
413,8,2.25
413,977,2.25
413,539,2.25
413,1257,2.25
414,5,2.25
414,17,2.25
414,2,2.25
414,236,2.25
414,257,2.25
416,211,2.25
416,8,2.25
417,215,2.25
417,235,2.25
417,243,2.25
418,2,2.25
418,214,2.25
418,3,2.25
418,1,2.25
418,256,2.25
420,251,2.25
420,255,2.25
420,239,2.25
420,11,2.25
420,10,2.25
420,252,2.25
420,210,2.25
420,246,2.25
420,243,2.25
421,2,2.25
421,6,2.25
422,251,2.25
422,5,2.25
422,234,2.25
422,1258,2.25
423,213,2.25
423,5,2.25
423,17,2.25
423,9,2.25
423,239,2.25
423,11,2.25
423,1,2.25
423,257,2.25
423,233,2.25
424,251,2.25
424,241,2.25
424,12,2.25
424,11,2.25
424,10,2.25
424,1,2.25
424,233,2.25
424,243,2.25
425,250,2.25
425,220,2.25
425,205,2.25
425,244,2.25
425,8,2.25
425,249,2.25
425,247,2.25
426,215,2.25
426,255,2.25
426,214,2.25
426,245,2.25
426,239,2.25
426,3,2.25
427,250,2.25
427,251,2.25
427,5,2.25
427,236,2.25
427,214,2.25
427,3,2.25
427,254,2.25
427,11,2.25
427,1,2.25
427,257,2.25
428,241,2.25
428,17,2.25
428,2,2.25
428,235,2.25
428,211,2.25
428,217,2.25
428,205,2.25
428,11,2.25
428,210,2.25
428,246,2.25
429,7,2.25
429,255,2.25
429,245,2.25
429,11,2.25
430,7,2.25
430,585,2.25
432,215,2.25
432,216,2.25
432,234,2.25
433,341,2.25
433,1263,2.25
433,1261,2.25
433,1266,2.25
435,207,2.25
435,435,2.25
436,2,2.25
436,253,2.25
436,247,2.25
436,307,2.25
436,1272,2.25
436,516,2.25
437,213,2.25
437,235,2.25
437,255,2.25
437,11,2.25
437,4,2.25
437,84,2.25
438,2,2.25
438,8,2.25
439,220,2.25
439,234,2.25
439,205,2.25
439,239,2.25
439,212,2.25
439,253,2.25
439,243,2.25
440,205,2.25
441,213,2.25
441,206,2.25
441,17,2.25
441,236,2.25
441,205,2.25
441,245,2.25
441,239,2.25
441,254,2.25
441,4,2.25
441,207,2.25
441,210,2.25
441,246,2.25
441,253,2.25
441,249,2.25
442,206,2.25
442,220,2.25
442,205,2.25
442,214,2.25
442,3,2.25
442,254,2.25
442,257,2.25
442,4,2.25
442,253,2.25
442,248,2.25
444,215,2.25
444,7,2.25
444,206,2.25
444,236,2.25
444,9,2.25
444,217,2.25
444,205,2.25
444,13,2.25
444,207,2.25
445,206,2.25
445,205,2.25
445,207,2.25
445,8,2.25
446,7,2.25
446,2,2.25
446,236,2.25
448,250,2.25
448,236,2.25
448,255,2.25
448,11,2.25
448,4,2.25
448,8,2.25
448,843,2.25
449,4,2.25
451,251,2.25
451,235,2.25
451,236,2.25
451,217,2.25
451,244,2.25
451,8,2.25
451,210,2.25
451,253,2.25
452,250,2.25
452,241,2.25
452,7,2.25
452,17,2.25
452,217,2.25
452,205,2.25
452,245,2.25
452,3,2.25
452,212,2.25
452,842,2.25
452,1277,2.25
452,1280,2.25
453,213,2.25
453,2,2.25
453,3,2.25
453,212,2.25
453,1,2.25
453,257,2.25
454,241,2.25
454,235,2.25
454,216,2.25
454,8,2.25
454,233,2.25
455,255,2.25
455,211,2.25
455,254,2.25
455,4,2.25
455,233,2.25
456,7,2.25
456,1275,2.25
456,437,2.25
456,475,2.25
457,250,2.25
457,241,2.25
457,206,2.25
457,220,2.25
457,235,2.25
457,236,2.25
457,121,2.25
457,214,2.25
457,3,2.25
457,4,2.25
457,207,2.25
457,233,2.25
457,249,2.25
459,211,2.25
459,214,2.25
459,245,2.25
459,219,2.25
459,254,2.25
459,11,2.25
459,1,2.25
459,6,2.25
459,248,2.25
460,241,2.25
460,220,2.25
460,236,2.25
460,216,2.25
460,239,2.25
460,219,2.25
460,244,2.25
460,8,2.25
460,246,2.25
460,84,2.25
460,249,2.25
461,213,2.25
461,5,2.25
461,216,2.25
461,211,2.25
461,244,2.25
461,13,2.25
461,247,2.25
463,215,2.25
463,1289,2.25
463,1291,2.25
464,250,2.25
464,241,2.25
464,9,2.25
464,234,2.25
464,11,2.25
464,1,2.25
464,257,2.25
464,207,2.25
465,2,2.25
465,12,2.25
465,257,2.25
466,241,2.25
466,235,2.25
466,212,2.25
466,8,2.25
466,210,2.25
466,256,2.25
466,247,2.25
467,251,2.25
467,220,2.25
467,211,2.25
467,244,2.25
467,10,2.25
467,13,2.25
467,4,2.25
467,6,2.25
467,253,2.25
467,84,2.25
467,256,2.25
467,243,2.25
467,563,2.25
467,172,2.25
467,789,2.25
468,251,2.25
468,17,2.25
468,205,2.25
468,239,2.25
468,212,2.25
468,253,2.25
468,256,2.25
468,247,2.25
469,250,2.25
469,219,2.25
470,216,2.25
471,7,2.25
472,235,2.25
472,211,2.25
472,3,2.25
472,1,2.25
473,215,2.25
473,239,2.25
473,123,2.25
476,3,2.25
476,254,2.25
476,11,2.25
477,213,2.25
477,236,2.25
477,12,2.25
477,252,2.25
477,253,2.25
478,7,2.25
478,204,2.25
478,356,2.25
478,1297,2.25
478,1294,2.25
479,2,2.25
479,322,2.25
479,1301,2.25
482,5,2.25
482,17,2.25
482,2,2.25
482,9,2.25
482,205,2.25
482,245,2.25
482,239,2.25
482,254,2.25
482,207,2.25
483,250,2.25
483,251,2.25
483,206,2.25
483,216,2.25
483,205,2.25
483,244,2.25
483,13,2.25
483,207,2.25
483,233,2.25
483,243,2.25
483,247,2.25
484,3,2.25
485,250,2.25
485,5,2.25
485,121,2.25
485,217,2.25
485,254,2.25
485,11,2.25
485,1,2.25
485,207,2.25
485,233,2.25
485,248,2.25
485,249,2.25
486,215,2.25
487,250,2.25
487,5,2.25
487,220,2.25
487,235,2.25
487,216,2.25
487,239,2.25
487,11,2.25
487,207,2.25
487,84,2.25
487,249,2.25
487,256,2.25
487,243,2.25
488,241,2.25
488,236,2.25
488,239,2.25
488,13,2.25
488,4,2.25
488,8,2.25
488,31,2.25
488,809,2.25
488,398,2.25
488,90,2.25
489,17,2.25
489,218,2.25
489,293,2.25
489,668,2.25
489,335,2.25
490,220,2.25
490,216,2.25
490,255,2.25
490,245,2.25
490,8,2.25
490,256,2.25
490,247,2.25
491,236,2.25
492,7,2.25
492,17,2.25
492,121,2.25
492,205,2.25
492,239,2.25
492,3,2.25
492,254,2.25
492,11,2.25
492,1,2.25
492,257,2.25
492,8,2.25
494,213,2.25
494,17,2.25
494,235,2.25
494,211,2.25
494,214,2.25
494,11,2.25
494,244,2.25
494,1,2.25
494,207,2.25
494,233,2.25
494,253,2.25
494,256,2.25
494,243,2.25
495,215,2.25
495,244,2.25
495,233,2.25
495,253,2.25
496,278,2.25
497,235,2.25
497,11,2.25
498,13,2.25
498,1305,2.25
498,1306,2.25
499,7,2.25
500,241,2.25
500,121,2.25
500,211,2.25
500,212,2.25
500,10,2.25
500,13,2.25
500,252,2.25
500,207,2.25
500,6,2.25
500,84,2.25
500,249,2.25
502,250,2.25
502,9,2.25
502,234,2.25
502,211,2.25
502,214,2.25
502,13,2.25
502,207,2.25
502,84,2.25
502,249,2.25
502,243,2.25
502,247,2.25
503,9,2.25
503,764,2.25
503,938,2.25
503,743,2.25
503,893,2.25
503,1307,2.25
504,215,2.25
504,1,2.25
505,213,2.25
505,235,2.25
505,121,2.25
505,217,2.25
505,212,2.25
505,1,2.25
505,207,2.25
505,246,2.25
505,249,2.25
505,243,2.25
506,251,2.25
506,7,2.25
506,205,2.25
506,13,2.25
506,207,2.25
506,256,2.25
507,250,2.25
507,7,2.25
507,17,2.25
507,2,2.25
507,12,2.25
507,217,2.25
507,1,2.25
507,257,2.25
508,7,2.25
508,658,2.25
508,940,2.25
509,7,2.25
509,2,2.25
509,12,2.25
509,211,2.25
509,207,2.25
509,702,2.25
509,341,2.25
509,511,2.25
509,414,2.25
509,1321,2.25
509,926,2.25
509,1315,2.25
509,577,2.25
509,924,2.25
509,1317,2.25
509,1319,2.25
509,1324,2.25
510,753,2.25
510,1060,2.25
510,310,2.25
510,392,2.25
510,1328,2.25
511,215,2.25
513,7,2.25
514,5,2.25
514,7,2.25
514,17,2.25
514,236,2.25
514,8,2.25
514,798,2.25
515,235,2.25
515,214,2.25
515,1,2.25
515,253,2.25
517,250,2.25
517,5,2.25
517,7,2.25
517,205,2.25
517,245,2.25
517,239,2.25
517,219,2.25
517,254,2.25
517,13,2.25
517,1,2.25
517,252,2.25
517,249,2.25
517,256,2.25
518,121,2.25
518,244,2.25
519,2,2.25
519,236,2.25
519,245,2.25
519,239,2.25
519,219,2.25
519,13,2.25
519,257,2.25
519,1335,2.25
520,215,2.25
520,2,2.25
520,3,2.25
520,253,2.25
522,215,2.25
522,206,2.25
522,216,2.25
522,3,2.25
523,251,2.25
523,257,2.25
526,13,2.25
526,4,2.25
526,91,2.25
527,255,2.25
528,2,2.25
528,932,2.25
529,420,2.25
530,235,2.25
530,216,2.25
530,234,2.25
530,217,2.25
530,212,2.25
530,6,2.25
530,246,2.25
530,256,2.25
530,1339,2.25
531,1026,2.25
532,10,2.25
532,1,2.25
533,241,2.25
533,236,2.25
533,781,2.25
533,425,2.25
533,70,2.25
533,294,2.25
533,478,2.25
533,604,2.25
533,389,2.25
533,709,2.25
533,523,2.25
533,588,2.25
533,984,2.25
533,550,2.25
533,356,2.25
533,167,2.25
533,545,2.25
533,549,2.25
533,392,2.25
533,295,2.25
533,379,2.25
533,445,2.25
533,531,2.25
533,740,2.25
534,241,2.25
534,235,2.25
534,207,2.25
535,220,2.25
535,217,2.25
535,3,2.25
535,11,2.25
535,13,2.25
535,1,2.25
535,207,2.25
535,8,2.25
535,210,2.25
535,248,2.25
535,256,2.25
536,216,2.25
536,217,2.25
536,214,2.25
536,3,2.25
536,212,2.25
536,254,2.25
536,10,2.25
536,207,2.25
536,253,2.25
536,248,2.25
537,215,2.25
537,213,2.25
537,220,2.25
537,255,2.25
537,245,2.25
537,239,2.25
537,10,2.25
537,13,2.25
537,1,2.25
537,248,2.25
538,215,2.25
538,255,2.25
538,234,2.25
538,245,2.25
538,3,2.25
538,4,2.25
538,6,2.25
538,247,2.25
538,545,2.25
539,7,2.25
539,239,2.25
539,3,2.25
539,233,2.25
540,2,2.25
540,236,2.25
540,217,2.25
540,214,2.25
540,219,2.25
540,207,2.25
541,7,2.25
541,11,2.25
541,13,2.25
541,689,2.25
541,267,2.25
541,297,2.25
541,1345,2.25
541,1344,2.25
541,1347,2.25
542,7,2.25
542,236,2.25
542,10,2.25
542,675,2.25
544,215,2.25
544,241,2.25
544,2,2.25
544,255,2.25
544,211,2.25
544,245,2.25
544,244,2.25
544,257,2.25
544,4,2.25
544,233,2.25
545,13,2.25
546,206,2.25
546,216,2.25
546,245,2.25
546,714,2.25
547,250,2.25
547,206,2.25
547,17,2.25
547,2,2.25
547,13,2.25
547,6,2.25
547,246,2.25
547,84,2.25
548,251,2.25
548,12,2.25
548,255,2.25
548,214,2.25
548,245,2.25
548,212,2.25
548,11,2.25
548,233,2.25
548,6,2.25
548,248,2.25
549,215,2.25
549,251,2.25
549,206,2.25
549,235,2.25
549,236,2.25
549,217,2.25
549,239,2.25
549,13,2.25
549,257,2.25
549,207,2.25
549,84,2.25
550,234,2.25
550,245,2.25
550,239,2.25
550,13,2.25
550,4,2.25
550,207,2.25
550,84,2.25
552,7,2.25
552,3,2.25
553,235,2.25
553,13,2.25
554,207,2.25
555,251,2.25
555,236,2.25
555,245,2.25
555,239,2.25
555,244,2.25
555,207,2.25
555,8,2.25
555,247,2.25
556,7,2.25
556,17,2.25
556,12,2.25
556,1174,2.25
557,206,2.25
557,235,2.25
557,236,2.25
557,12,2.25
557,121,2.25
557,244,2.25
557,10,2.25
557,1,2.25
557,6,2.25
559,241,2.25
559,205,2.25
559,219,2.25
559,244,2.25
559,8,2.25
559,6,2.25
559,256,2.25
560,7,2.25
560,2,2.25
561,250,2.25
561,12,2.25
561,216,2.25
561,234,2.25
561,214,2.25
561,254,2.25
561,11,2.25
561,256,2.25
561,243,2.25
562,250,2.25
562,205,2.25
562,675,2.25
562,253,2.25
563,3,2.25
564,257,2.25
566,241,2.25
566,206,2.25
566,239,2.25
566,3,2.25
566,212,2.25
566,10,2.25
566,257,2.25
567,241,2.25
567,17,2.25
567,219,2.25
568,205,2.25
568,239,2.25
568,13,2.25
568,8,2.25
568,264,2.25
568,1276,2.25
568,1281,2.25
568,1285,2.25
569,241,2.25
569,220,2.25
569,2,2.25
569,235,2.25
569,236,2.25
569,13,2.25
569,257,2.25
569,210,2.25
570,121,2.25
570,211,2.25
570,1,2.25
570,252,2.25
570,207,2.25
570,253,2.25
570,256,2.25
570,1354,2.25
571,17,2.25
571,217,2.25
571,219,2.25
571,1,2.25
571,210,2.25
571,84,2.25
571,247,2.25
572,17,2.25
572,245,2.25
572,8,2.25
572,6,2.25
573,5,2.25
573,2,2.25
573,236,2.25
573,219,2.25
573,207,2.25
574,213,2.25
574,2,2.25
574,236,2.25
574,11,2.25
574,8,2.25
575,213,2.25
575,255,2.25
575,13,2.25
576,215,2.25
576,251,2.25
576,7,2.25
576,216,2.25
576,219,2.25
576,244,2.25
576,4,2.25
576,256,2.25
576,247,2.25
577,2,2.25
577,8,2.25
578,242,2.25
578,313,2.25
578,1274,2.25
578,1019,2.25
578,143,2.25
578,1056,2.25
578,1366,2.25
579,206,2.25
579,2,2.25
579,121,2.25
579,253,2.25
580,17,2.25
580,9,2.25
580,212,2.25
580,8,2.25
580,210,2.25
582,104,2.25
583,5,2.25
583,236,2.25
584,7,2.25
584,10,2.25
584,1,2.25
585,215,2.25
585,17,2.25
585,205,2.25
585,13,2.25
585,257,2.25
585,210,2.25
586,215,2.25
586,213,2.25
586,216,2.25
586,239,2.25
586,13,2.25
586,246,2.25
587,2,2.25
587,235,2.25
587,211,2.25
587,294,2.25
587,455,2.25
587,243,2.25
587,286,2.25
587,898,2.25
587,1054,2.25
587,462,2.25
588,669,2.25
588,670,2.25
588,673,2.25
588,1370,2.25
589,9,2.25
589,13,2.25
589,6,2.25
589,246,2.25
590,7,2.25
590,206,2.25
590,210,2.25
591,520,2.25
591,17,2.25
591,234,2.25
591,294,2.25
591,592,2.25
591,706,2.25
591,657,2.25
591,512,2.25
591,958,2.25
591,351,2.25
591,847,2.25
591,932,2.25
591,91,2.25
591,529,2.25
591,307,2.25
591,410,2.25
591,522,2.25
591,697,2.25
591,941,2.25
592,250,2.25
592,7,2.25
593,13,2.25
594,236,2.25
594,239,2.25
594,10,2.25
595,17,2.25
597,7,2.25
597,205,2.25
597,3,2.25
597,11,2.25
597,8,2.25
598,235,2.25
598,219,2.25
598,1,2.25
599,13,2.25
600,4,2.25
600,207,2.25
601,220,2.25
601,12,2.25
601,234,2.25
601,3,2.25
601,11,2.25
601,244,2.25
601,13,2.25
601,257,2.25
601,6,2.25
603,213,2.25
603,220,2.25
603,12,2.25
603,1,2.25
606,5,2.25
606,2,2.25
606,235,2.25
606,211,2.25
606,217,2.25
606,205,2.25
606,239,2.25
606,10,2.25
606,4,2.25
606,6,2.25
606,249,2.25
606,256,2.25
608,241,2.25
608,205,2.25
608,11,2.25
609,236,2.25
610,213,2.25
610,216,2.25
610,245,2.25
610,4,2.25
611,2,2.25
611,211,2.25
611,1,2.25
613,251,2.25
613,12,2.25
613,9,2.25
613,211,2.25
613,246,2.25
613,243,2.25
614,5,2.25
614,206,2.25
614,17,2.25
614,12,2.25
614,211,2.25
614,245,2.25
614,3,2.25
614,10,2.25
614,1375,2.25
615,5,2.25
615,206,2.25
615,255,2.25
615,3,2.25
615,219,2.25
615,254,2.25
615,252,2.25
615,4,2.25
615,6,2.25
616,2,2.25
616,235,2.25
616,216,2.25
616,1054,2.25
617,251,2.25
617,5,2.25
617,7,2.25
617,255,2.25
617,3,2.25
617,254,2.25
617,13,2.25
617,84,2.25
617,1360,2.25
618,17,2.25
618,2,2.25
618,11,2.25
618,96,2.25
621,236,2.25
622,251,2.25
622,12,2.25
622,207,2.25
622,210,2.25
622,246,2.25
622,243,2.25
623,215,2.25
623,1,2.25
625,5,2.25
625,7,2.25
625,235,2.25
625,12,2.25
625,121,2.25
625,212,2.25
625,10,2.25
625,233,2.25
626,236,2.25
626,12,2.25
626,11,2.25
626,207,2.25
626,8,2.25
626,477,2.25
626,1393,2.25
626,958,2.25
626,715,2.25
626,284,2.25
626,606,2.25
626,389,2.25
626,148,2.25
626,1390,2.25
626,296,2.25
626,986,2.25
627,215,2.25
627,3,2.25
627,11,2.25
628,257,2.25
628,233,2.25
628,607,2.25
628,1394,2.25
629,241,2.25
629,5,2.25
629,2,2.25
629,245,2.25
629,239,2.25
629,3,2.25
629,219,2.25
630,215,2.25
630,250,2.25
630,121,2.25
630,245,2.25
630,1,2.25
630,257,2.25
630,207,2.25
630,253,2.25
630,256,2.25
631,5,2.25
631,7,2.25
631,9,2.25
631,216,2.25
631,212,2.25
631,254,2.25
631,13,2.25
631,1,2.25
631,233,2.25
631,253,2.25
631,248,2.25
632,9,2.25
632,234,2.25
632,6,2.25
632,539,2.25
633,251,2.25
633,5,2.25
633,214,2.25
633,3,2.25
633,212,2.25
633,1,2.25
633,249,2.25
633,256,2.25
634,17,2.25
634,13,2.25
634,253,2.25
636,1220,2.25
637,7,2.25
637,123,2.25
637,385,2.25
638,215,2.25
638,9,2.25
638,8,2.25
638,218,2.25
638,242,2.25
638,335,2.25
639,17,2.25
639,235,2.25
640,17,2.25
640,1402,2.25
641,11,2.25
641,10,2.25
642,2,2.25
643,233,2.25
644,2,2.25
644,207,2.25
645,215,2.25
645,7,2.25
645,542,2.25
645,913,2.25
645,1406,2.25
646,216,2.25
646,205,2.25
646,365,2.25
647,233,2.25
648,217,2.25
648,239,2.25
650,5,2.25
650,7,2.25
650,253,2.25
650,641,2.25
651,217,2.25
651,205,2.25
651,246,2.25
652,235,2.25
652,3,2.25
652,1,2.25
653,215,2.25
653,250,2.25
653,205,2.25
653,219,2.25
653,10,2.25
654,1,2.25
655,9,2.25
655,254,2.25
655,244,2.25
656,12,2.25
656,239,2.25
656,219,2.25
657,213,2.25
657,206,2.25
657,236,2.25
657,234,2.25
657,205,2.25
657,239,2.25
657,219,2.25
657,244,2.25
657,4,2.25
657,248,2.25
657,256,2.25
658,215,2.25
658,7,2.25
658,217,2.25
658,214,2.25
658,1,2.25
658,4,2.25
658,207,2.25
658,8,2.25
658,6,2.25
658,256,2.25
659,215,2.25
659,219,2.25
659,1,2.25
659,8,2.25
659,719,2.25
660,251,2.25
660,9,2.25
660,121,2.25
660,211,2.25
660,245,2.25
660,239,2.25
660,11,2.25
660,252,2.25
660,249,2.25
661,215,2.25
661,5,2.25
661,7,2.25
661,234,2.25
661,217,2.25
661,239,2.25
661,3,2.25
661,212,2.25
661,8,2.25
661,210,2.25
661,248,2.25
661,247,2.25
662,2,2.25
662,239,2.25
662,11,2.25
662,1177,2.25
663,17,2.25
663,12,2.25
663,211,2.25
663,3,2.25
663,11,2.25
664,12,2.25
665,1,2.25
665,257,2.25
665,207,2.25
666,5,2.25
666,212,2.25
666,252,2.25
666,6,2.25
666,246,2.25
666,249,2.25
667,215,2.25
667,213,2.25
667,241,2.25
667,235,2.25
667,10,2.25
667,13,2.25
667,8,2.25
667,210,2.25
667,249,2.25
668,213,2.25
668,234,2.25
668,211,2.25
668,10,2.25
669,215,2.25
669,214,2.25
669,244,2.25
669,1,2.25
669,4,2.25
669,6,2.25
669,84,2.25
669,249,2.25
669,256,2.25
670,216,2.25
670,13,2.25
670,1,2.25
670,1109,2.25
670,1183,2.25
670,468,2.25
670,1178,2.25
670,297,2.25
670,330,2.25
670,392,2.25
670,90,2.25
670,159,2.25
670,704,2.25
670,714,2.25
670,740,2.25
670,1074,2.25
670,1086,2.25
670,1135,2.25
670,1140,2.25
670,1151,2.25
670,1412,2.25
670,1418,2.25
670,1424,2.25
670,1425,2.25
670,1435,2.25
670,1437,2.25
671,250,2.25
671,206,2.25
671,235,2.25
671,717,2.25
671,167,2.25
672,250,2.25
672,241,2.25
672,7,2.25
672,211,2.25
672,245,2.25
672,1,2.25
672,210,2.25
672,246,2.25
672,256,2.25
673,215,2.25
673,251,2.25
673,5,2.25
673,220,2.25
673,235,2.25
673,236,2.25
673,216,2.25
673,234,2.25
673,214,2.25
673,212,2.25
673,244,2.25
673,257,2.25
673,8,2.25
673,233,2.25
673,6,2.25
673,256,2.25
674,5,2.25
674,7,2.25
674,17,2.25
674,9,2.25
674,10,2.25
674,13,2.25
675,250,2.25
675,241,2.25
675,7,2.25
675,206,2.25
675,220,2.25
675,216,2.25
675,234,2.25
675,211,2.25
675,217,2.25
675,245,2.25
675,239,2.25
675,11,2.25
675,246,2.25
675,247,2.25
676,236,2.25
677,236,2.25
677,205,2.25
677,10,2.25
677,1,2.25
677,257,2.25
677,4,2.25
677,253,2.25
677,84,2.25
677,243,2.25
678,250,2.25
678,2,2.25
678,235,2.25
678,9,2.25
678,211,2.25
678,219,2.25
678,4,2.25
679,7,2.25
679,10,2.25
680,17,2.25
680,12,2.25
680,1443,2.25
681,241,2.25
681,5,2.25
681,236,2.25
681,12,2.25
681,13,2.25
681,207,2.25
681,6,2.25
683,17,2.25
683,121,2.25
683,245,2.25
683,3,2.25
683,10,2.25
683,207,2.25
683,512,2.25
683,432,2.25
684,234,2.25
684,254,2.25
685,213,2.25
685,17,2.25
685,2,2.25
685,9,2.25
685,121,2.25
685,234,2.25
685,245,2.25
685,219,2.25
685,1,2.25
685,6,2.25
687,17,2.25
690,84,2.25
691,245,2.25
691,10,2.25
692,2,2.25
692,212,2.25
692,10,2.25
692,13,2.25
693,215,2.25
693,241,2.25
693,17,2.25
693,9,2.25
693,245,2.25
694,8,2.25
695,5,2.25
695,7,2.25
695,9,2.25
695,121,2.25
695,216,2.25
695,217,2.25
695,214,2.25
695,10,2.25
695,6,2.25
695,249,2.25
696,5,2.25
696,7,2.25
696,219,2.25
697,955,2.25
697,1446,2.25
701,3,2.25
702,7,2.25
702,17,2.25
702,123,2.25
702,270,2.25
702,1488,2.25
702,659,2.25
702,628,2.25
702,1274,2.25
702,1368,2.25
702,1057,2.25
702,1501,2.25
702,396,2.25
702,498,2.25
702,859,2.25
702,991,2.25
702,1048,2.25
702,1051,2.25
702,1424,2.25
702,1456,2.25
702,1463,2.25
702,1465,2.25
702,1467,2.25
702,1480,2.25
702,1484,2.25
702,1487,2.25
702,1489,2.25
702,1494,2.25
702,1496,2.25
702,1500,2.25
703,239,2.25
704,291,2.25
704,1504,2.25
705,3,2.25
705,10,2.25
705,13,2.25
705,257,2.25
706,234,2.25
706,219,2.25
706,248,2.25
708,1507,2.25
710,215,2.25
710,5,2.25
710,253,2.25
711,251,2.25
711,2,2.25
711,219,2.25
711,212,2.25
711,10,2.25
711,253,2.25
711,249,2.25
711,256,2.25
712,17,2.25
713,236,2.25
713,12,2.25
713,11,2.25
714,7,2.25
714,220,2.25
714,236,2.25
714,12,2.25
714,217,2.25
714,3,2.25
714,247,2.25
715,206,2.25
715,3,2.25
715,1,2.25
715,8,2.25
715,233,2.25
716,220,2.25
716,205,2.25
716,11,2.25
716,4,2.25
716,207,2.25
716,84,2.25
716,1123,2.25
717,9,2.25
717,11,2.25
719,250,2.25
719,12,2.25
719,216,2.25
719,244,2.25
719,257,2.25
719,249,2.25
721,234,2.25
722,1510,2.25
723,241,2.25
723,239,2.25
723,3,2.25
723,8,2.25
724,215,2.25
724,251,2.25
724,7,2.25
724,235,2.25
724,12,2.25
724,245,2.25
724,219,2.25
724,1,2.25
724,207,2.25
724,8,2.25
724,246,2.25
724,249,2.25
725,2,2.25
725,731,2.25
726,7,2.25
726,206,2.25
726,234,2.25
726,214,2.25
726,1,2.25
726,207,2.25
726,8,2.25
727,2,2.25
727,235,2.25
727,12,2.25
727,9,2.25
727,3,2.25
727,1,2.25
727,257,2.25
728,7,2.25
728,216,2.25
728,532,2.25
729,241,2.25
729,206,2.25
729,17,2.25
729,12,2.25
729,121,2.25
729,8,2.25
729,6,2.25
729,248,2.25
730,215,2.25
730,206,2.25
730,255,2.25
730,234,2.25
730,211,2.25
730,219,2.25
730,212,2.25
730,244,2.25
730,1,2.25
730,8,2.25
730,233,2.25
730,84,2.25
731,5,2.25
732,7,2.25
732,2,2.25
732,11,2.25
732,4,2.25
732,940,2.25
732,308,2.25
732,307,2.25
732,519,2.25
732,134,2.25
733,215,2.25
734,250,2.25
734,241,2.25
734,121,2.25
734,234,2.25
734,11,2.25
734,10,2.25
735,215,2.25
735,235,2.25
735,211,2.25
735,897,2.25
735,335,2.25
736,235,2.25
737,7,2.25
737,17,2.25
737,254,2.25
737,210,2.25
738,251,2.25
738,5,2.25
738,2,2.25
738,235,2.25
738,245,2.25
738,10,2.25
738,207,2.25
739,294,2.25
739,242,2.25
739,769,2.25
739,431,2.25
739,59,2.25
739,746,2.25
740,12,2.25
740,216,2.25
740,234,2.25
740,8,2.25
740,233,2.25
740,313,2.25
741,12,2.25
741,211,2.25
741,13,2.25
741,207,2.25
741,8,2.25
742,7,2.25
742,207,2.25
743,236,2.25
743,207,2.25
744,245,2.25
744,244,2.25
744,10,2.25
744,1,2.25
745,241,2.25
745,121,2.25
745,11,2.25
746,251,2.25
746,206,2.25
746,235,2.25
746,205,2.25
746,245,2.25
746,10,2.25
746,252,2.25
747,241,2.25
747,236,2.25
747,255,2.25
747,234,2.25
747,211,2.25
747,217,2.25
747,239,2.25
747,212,2.25
747,11,2.25
747,13,2.25
747,1,2.25
747,257,2.25
748,17,2.25
748,2,2.25
748,13,2.25
749,257,2.25
750,215,2.25
750,213,2.25
750,206,2.25
750,236,2.25
750,121,2.25
750,234,2.25
750,245,2.25
750,239,2.25
750,219,2.25
750,1,2.25
750,252,2.25
750,210,2.25
750,84,2.25
751,2,2.25
752,7,2.25
752,236,2.25
752,219,2.25
752,8,2.25
753,2,2.25
754,11,2.25
755,294,2.25
755,577,2.25
756,5,2.25
756,12,2.25
756,9,2.25
756,84,2.25
756,476,2.25
757,250,2.25
757,213,2.25
757,241,2.25
757,7,2.25
757,12,2.25
757,254,2.25
757,244,2.25
757,13,2.25
757,252,2.25
757,4,2.25
757,233,2.25
758,7,2.25
758,2,2.25
758,8,2.25
759,251,2.25
759,241,2.25
759,217,2.25
759,219,2.25
759,1,2.25
759,4,2.25
759,233,2.25
760,2,2.25
760,216,2.25
760,212,2.25
760,13,2.25
760,257,2.25
760,248,2.25
760,243,2.25
761,5,2.25
761,17,2.25
761,121,2.25
761,217,2.25
761,214,2.25
761,245,2.25
761,11,2.25
761,10,2.25
761,1,2.25
761,247,2.25
762,5,2.25
762,220,2.25
762,3,2.25
762,210,2.25
762,253,2.25
762,84,2.25
762,249,2.25
763,11,2.25
764,220,2.25
764,9,2.25
764,239,2.25
764,3,2.25
764,1,2.25
764,781,2.25
764,594,2.25
764,715,2.25
764,484,2.25
764,59,2.25
764,31,2.25
764,708,2.25
764,740,2.25
765,10,2.25
766,213,2.25
766,9,2.25
766,255,2.25
766,1,2.25
766,4,2.25
767,234,2.25
768,7,2.25
768,207,2.25
768,8,2.25
769,11,2.25
769,10,2.25
769,207,2.25
769,583,2.25
769,318,2.25
769,92,2.25
769,750,2.25
769,1199,2.25
769,1121,2.25
769,1523,2.25
769,1525,2.25
769,1315,2.25
769,1506,2.25
769,1524,2.25
771,1534,2.25
771,1535,2.25
772,8,2.25
773,318,2.25
774,213,2.25
774,11,2.25
774,836,2.25
775,7,2.25
775,4,2.25
775,705,2.25
775,890,2.25
776,251,2.25
776,5,2.25
776,206,2.25
776,220,2.25
776,214,2.25
776,219,2.25
777,235,2.25
777,10,2.25
777,253,2.25
780,250,2.25
780,241,2.25
780,121,2.25
780,216,2.25
780,234,2.25
780,245,2.25
780,239,2.25
780,254,2.25
780,252,2.25
780,233,2.25
780,253,2.25
780,84,2.25
780,248,2.25
780,243,2.25
780,247,2.25
781,215,2.25
781,250,2.25
781,17,2.25
781,235,2.25
781,211,2.25
781,245,2.25
781,212,2.25
781,11,2.25
781,13,2.25
781,1,2.25
781,233,2.25
781,253,2.25
781,84,2.25
781,256,2.25
781,247,2.25
782,220,2.25
782,17,2.25
782,245,2.25
782,219,2.25
783,219,2.25
783,1,2.25
784,215,2.25
784,250,2.25
784,213,2.25
784,241,2.25
784,7,2.25
784,206,2.25
784,220,2.25
784,17,2.25
784,214,2.25
784,3,2.25
784,212,2.25
784,207,2.25
785,215,2.25
785,5,2.25
785,2,2.25
785,12,2.25
786,7,2.25
786,10,2.25
786,8,2.25
786,248,2.25
786,256,2.25
787,11,2.25
788,241,2.25
788,216,2.25
788,205,2.25
788,212,2.25
788,244,2.25
788,207,2.25
788,246,2.25
788,84,2.25
789,12,2.25
789,257,2.25
790,250,2.25
790,213,2.25
790,220,2.25
790,234,2.25
790,11,2.25
790,207,2.25
790,247,2.25
791,17,2.25
791,2,2.25
791,235,2.25
791,13,2.25
793,5,2.25
793,7,2.25
793,121,2.25
793,205,2.25
793,4,2.25
793,210,2.25
794,216,2.25
794,254,2.25
794,1,2.25
794,4,2.25
795,250,2.25
795,9,2.25
795,234,2.25
795,211,2.25
795,3,2.25
795,218,2.25
795,675,2.25
795,253,2.25
797,206,2.25
797,17,2.25
797,2,2.25
797,234,2.25
797,11,2.25
797,244,2.25
797,1,2.25
797,252,2.25
797,248,2.25
797,243,2.25
798,536,2.25
799,13,2.25
800,220,2.25
800,235,2.25
800,236,2.25
800,12,2.25
800,9,2.25
800,121,2.25
800,252,2.25
800,207,2.25
800,233,2.25
800,210,2.25
800,253,2.25
800,249,2.25
800,247,2.25
801,251,2.25
801,5,2.25
802,7,2.25
802,13,2.25
805,9,2.25
805,254,2.25
807,215,2.25
807,255,2.25
808,215,2.25
808,234,2.25
808,217,2.25
808,214,2.25
808,219,2.25
808,10,2.25
808,13,2.25
808,1,2.25
808,252,2.25
808,207,2.25
808,246,2.25
810,250,2.25
810,2,2.25
810,12,2.25
810,9,2.25
810,217,2.25
812,121,2.25
812,211,2.25
812,3,2.25
812,207,2.25
812,425,2.25
812,501,2.25
812,702,2.25
812,410,2.25
812,851,2.25
812,1545,2.25
812,1549,2.25
812,1551,2.25
813,2,2.25
813,3,2.25
814,241,2.25
814,220,2.25
814,2,2.25
814,236,2.25
814,9,2.25
814,121,2.25
814,216,2.25
814,254,2.25
814,1,2.25
814,4,2.25
814,210,2.25
814,249,2.25
815,7,2.25
815,206,2.25
815,234,2.25
815,217,2.25
815,3,2.25
815,11,2.25
815,1,2.25
815,252,2.25
815,257,2.25
815,248,2.25
815,1167,2.25
817,7,2.25
817,245,2.25
817,254,2.25
817,244,2.25
817,4,2.25
817,247,2.25
818,121,2.25
818,216,2.25
818,205,2.25
818,245,2.25
818,11,2.25
818,257,2.25
818,8,2.25
818,233,2.25
818,6,2.25
818,210,2.25
818,253,2.25
819,5,2.25
819,207,2.25
820,236,2.25
820,12,2.25
821,215,2.25
821,235,2.25
821,219,2.25
821,233,2.25
821,253,2.25
822,7,2.25
822,12,2.25
822,207,2.25
823,12,2.25
823,8,2.25
824,215,2.25
824,214,2.25
824,589,2.25
825,2,2.25
825,293,2.25
825,501,2.25
825,270,2.25
825,764,2.25
825,719,2.25
825,715,2.25
825,73,2.25
825,681,2.25
825,1053,2.25
825,1558,2.25
825,1560,2.25
826,7,2.25
826,235,2.25
826,239,2.25
826,3,2.25
826,11,2.25
826,244,2.25
826,13,2.25
826,8,2.25
826,233,2.25
826,253,2.25
828,7,2.25
828,17,2.25
828,12,2.25
828,239,2.25
829,17,2.25
829,255,2.25
829,6,2.25
830,763,2.25
830,835,2.25
830,1028,2.25
830,202,2.25
830,183,2.25
830,1568,2.25
830,35,2.25
830,60,2.25
830,71,2.25
830,86,2.25
830,107,2.25
830,147,2.25
830,661,2.25
830,754,2.25
830,1256,2.25
831,7,2.25
831,217,2.25
831,239,2.25
831,1,2.25
831,486,2.25
831,383,2.25
831,1583,2.25
831,1579,2.25
831,1575,2.25
834,17,2.25
835,7,2.25
836,250,2.25
836,213,2.25
836,220,2.25
836,17,2.25
836,239,2.25
836,1,2.25
836,207,2.25
836,246,2.25
836,243,2.25
836,1585,2.25
837,250,2.25
837,17,2.25
837,2,2.25
837,207,2.25
837,365,2.25
837,584,2.25
837,591,2.25
838,251,2.25
838,241,2.25
838,5,2.25
838,2,2.25
838,216,2.25
838,255,2.25
838,217,2.25
838,205,2.25
838,219,2.25
838,257,2.25
838,4,2.25
839,211,2.25
839,1029,2.25
839,226,2.25
839,227,2.25
839,230,2.25
840,213,2.25
840,241,2.25
840,121,2.25
840,3,2.25
840,13,2.25
840,257,2.25
841,1566,2.25
842,241,2.25
842,206,2.25
842,255,2.25
842,211,2.25
842,214,2.25
842,239,2.25
842,6,2.25
842,805,2.25
842,253,2.25
842,451,2.25
842,388,2.25
842,743,2.25
842,1118,2.25
842,399,2.25
842,1077,2.25
842,1103,2.25
842,1592,2.25
843,10,2.25
843,1,2.25
844,205,2.25
844,246,2.25
845,241,2.25
845,1,2.25
845,8,2.25
845,70,2.25
845,477,2.25
845,347,2.25
845,638,2.25
845,719,2.25
845,585,2.25
845,589,2.25
845,202,2.25
845,534,2.25
845,519,2.25
845,343,2.25
845,1612,2.25
845,1603,2.25
845,1611,2.25
845,1616,2.25
845,1607,2.25
845,1072,2.25
845,1486,2.25
846,251,2.25
846,241,2.25
846,235,2.25
846,13,2.25
846,84,2.25
846,247,2.25
847,17,2.25
847,236,2.25
847,216,2.25
847,211,2.25
847,212,2.25
847,6,2.25
847,248,2.25
847,1574,2.25
847,1059,2.25
847,1001,2.25
847,1621,2.25
847,1625,2.25
848,239,2.25
848,1,2.25
848,560,2.25
848,1627,2.25
848,1629,2.25
848,1630,2.25
849,7,2.25
849,17,2.25
849,805,2.25
849,787,2.25
849,297,2.25
849,259,2.25
849,1256,2.25
851,251,2.25
851,220,2.25
851,17,2.25
851,2,2.25
851,12,2.25
851,255,2.25
851,205,2.25
851,10,2.25
851,207,2.25
851,210,2.25
851,243,2.25
852,17,2.25
852,12,2.25
852,216,2.25
852,255,2.25
852,205,2.25
852,244,2.25
852,4,2.25
852,8,2.25
852,233,2.25
852,246,2.25
852,84,2.25
853,675,2.25
854,215,2.25
854,241,2.25
854,220,2.25
854,254,2.25
854,13,2.25
857,5,2.25
857,2,2.25
859,251,2.25
859,7,2.25
859,211,2.25
859,239,2.25
859,8,2.25
860,2,2.25
860,236,2.25
860,207,2.25
862,5,2.25
862,7,2.25
862,219,2.25
862,252,2.25
862,1638,2.25
863,17,2.25
863,12,2.25
863,211,2.25
863,3,2.25
864,241,2.25
864,235,2.25
864,211,2.25
864,217,2.25
864,205,2.25
864,3,2.25
864,254,2.25
864,244,2.25
864,207,2.25
864,6,2.25
864,248,2.25
864,247,2.25
864,551,2.25
865,7,2.25
865,17,2.25
865,2,2.25
865,236,2.25
865,216,2.25
865,234,2.25
865,257,2.25
865,210,2.25
865,256,2.25
867,241,2.25
867,5,2.25
867,17,2.25
867,2,2.25
867,255,2.25
867,244,2.25
867,13,2.25
867,233,2.25
867,210,2.25
867,246,2.25
867,1642,2.25
868,215,2.25
868,7,2.25
868,2,2.25
868,1,2.25
868,4,2.25
869,215,2.25
869,5,2.25
869,2,2.25
869,8,2.25
869,253,2.25
870,206,2.25
870,9,2.25
870,211,2.25
870,11,2.25
870,1,2.25
871,241,2.25
871,235,2.25
871,211,2.25
871,3,2.25
871,252,2.25
871,257,2.25
872,211,2.25
872,207,2.25
872,8,2.25
873,17,2.25
873,2,2.25
873,3,2.25
873,11,2.25
873,270,2.25
874,215,2.25
874,213,2.25
874,220,2.25
874,2,2.25
874,214,2.25
874,3,2.25
874,207,2.25
874,253,2.25
875,206,2.25
875,219,2.25
875,1,2.25
877,10,2.25
878,251,2.25
878,213,2.25
878,220,2.25
878,121,2.25
878,255,2.25
878,245,2.25
878,219,2.25
878,1,2.25
878,252,2.25
878,233,2.25
878,253,2.25
878,84,2.25
878,256,2.25
878,243,2.25
879,250,2.25
879,213,2.25
879,7,2.25
879,234,2.25
879,211,2.25
879,214,2.25
879,3,2.25
879,212,2.25
879,10,2.25
879,6,2.25
879,246,2.25
879,84,2.25
879,248,2.25
879,243,2.25
880,2,2.25
883,234,2.25
883,205,2.25
883,1644,2.25
884,206,2.25
885,343,2.25
887,17,2.25
887,2,2.25
887,11,2.25
888,235,2.25
888,13,2.25
888,257,2.25
890,250,2.25
890,5,2.25
890,17,2.25
890,12,2.25
890,1,2.25
891,5,2.25
891,236,2.25
891,278,2.25
891,91,2.25
891,265,2.25
891,453,2.25
891,611,2.25
891,159,2.25
891,1110,2.25
891,1111,2.25
892,617,2.25
892,310,2.25
893,216,2.25
894,1,2.25
894,698,2.25
894,476,2.25
894,408,2.25
894,1648,2.25
895,17,2.25
896,250,2.25
896,12,2.25
896,121,2.25
896,211,2.25
896,217,2.25
896,205,2.25
896,212,2.25
896,254,2.25
896,13,2.25
896,253,2.25
896,249,2.25
896,256,2.25
897,7,2.25
897,235,2.25
897,12,2.25
898,218,2.25
898,26,2.25
898,274,2.25
898,1290,2.25
898,428,2.25
898,1003,2.25
898,1287,2.25
899,10,2.25
899,318,2.25
900,215,2.25
900,251,2.25
900,213,2.25
900,5,2.25
900,220,2.25
900,9,2.25
900,245,2.25
900,11,2.25
900,13,2.25
901,241,2.25
901,13,2.25
902,2,2.25
902,235,2.25
902,10,2.25
902,13,2.25
902,1650,2.25
903,215,2.25
903,7,2.25
903,236,2.25
903,3,2.25
903,1,2.25
905,251,2.25
905,213,2.25
905,211,2.25
905,205,2.25
905,254,2.25
905,11,2.25
905,1,2.25
905,6,2.25
905,210,2.25
905,247,2.25
906,675,2.25
906,434,2.25
907,2,2.25
907,211,2.25
907,245,2.25
907,3,2.25
907,13,2.25
907,207,2.25
907,246,2.25
908,241,2.25
908,17,2.25
908,121,2.25
908,216,2.25
908,255,2.25
908,212,2.25
908,10,2.25
908,13,2.25
908,257,2.25
908,249,2.25
909,215,2.25
909,213,2.25
909,5,2.25
909,206,2.25
909,121,2.25
909,214,2.25
909,245,2.25
909,239,2.25
909,244,2.25
909,1,2.25
909,207,2.25
909,8,2.25
909,256,2.25
910,215,2.25
910,213,2.25
910,3,2.25
911,7,2.25
911,17,2.25
911,216,2.25
911,211,2.25
912,236,2.25
912,283,2.25
913,7,2.25
913,12,2.25
913,4,2.25
914,215,2.25
914,5,2.25
914,236,2.25
914,3,2.25
914,4,2.25
914,253,2.25
915,206,2.25
915,121,2.25
915,216,2.25
915,234,2.25
917,5,2.25
917,216,2.25
917,239,2.25
917,1070,2.25
918,250,2.25
918,241,2.25
918,121,2.25
918,219,2.25
918,254,2.25
918,13,2.25
918,4,2.25
918,8,2.25
918,84,2.25
918,712,2.25
918,726,2.25
918,310,2.25
918,533,2.25
919,213,2.25
919,5,2.25
919,217,2.25
919,3,2.25
920,213,2.25
920,255,2.25
920,214,2.25
920,252,2.25
921,213,2.25
921,206,2.25
921,121,2.25
921,216,2.25
921,214,2.25
921,212,2.25
921,10,2.25
921,257,2.25
921,4,2.25
921,207,2.25
921,246,2.25
921,1224,2.25
921,1231,2.25
921,1223,2.25
921,1229,2.25
921,248,2.25
921,243,2.25
925,11,2.25
925,10,2.25
927,7,2.25
927,2,2.25
927,235,2.25
928,250,2.25
928,5,2.25
928,206,2.25
928,3,2.25
928,10,2.25
929,7,2.25
930,251,2.25
930,235,2.25
930,205,2.25
930,254,2.25
930,210,2.25
931,250,2.25
931,236,2.25
931,11,2.25
931,1,2.25
931,4,2.25
931,253,2.25
932,241,2.25
932,2,2.25
934,233,2.25
935,7,2.25
935,17,2.25
935,219,2.25
935,254,2.25
935,244,2.25
935,13,2.25
935,8,2.25
935,210,2.25
936,5,2.25
936,11,2.25
937,241,2.25
937,220,2.25
937,2,2.25
938,211,2.25
938,207,2.25
938,336,2.25
938,1240,2.25
938,1241,2.25
938,1245,2.25
938,1246,2.25
938,1250,2.25
939,17,2.25
939,205,2.25
939,1,2.25
939,1395,2.25
939,1663,2.25
940,241,2.25
940,7,2.25
940,206,2.25
942,213,2.25
942,17,2.25
942,2,2.25
942,234,2.25
942,10,2.25
942,8,2.25
943,8,2.25
944,250,2.25
944,213,2.25
944,235,2.25
944,216,2.25
944,234,2.25
944,257,2.25
945,213,2.25
945,5,2.25
945,235,2.25
945,252,2.25
945,8,2.25
945,6,2.25
945,84,2.25
946,241,2.25
946,7,2.25
946,236,2.25
946,9,2.25
946,239,2.25
946,3,2.25
946,219,2.25
946,244,2.25
946,4,2.25
946,207,2.25
946,8,2.25
946,6,2.25
947,251,2.25
947,235,2.25
947,121,2.25
947,211,2.25
947,239,2.25
947,219,2.25
947,11,2.25
947,252,2.25
947,8,2.25
947,1118,2.25
948,5,2.25
948,220,2.25
948,216,2.25
948,214,2.25
949,7,2.25
949,234,2.25
949,254,2.25
949,233,2.25
949,247,2.25
950,5,2.25
950,121,2.25
950,217,2.25
950,205,2.25
950,244,2.25
950,253,2.25
951,250,2.25
951,17,2.25
951,214,2.25
951,13,2.25
952,17,2.25
952,234,2.25
952,3,2.25
952,13,2.25
952,835,2.25
953,207,2.25
953,8,2.25
955,213,2.25
955,9,2.25
957,207,2.25
958,250,2.25
958,251,2.25
958,206,2.25
958,17,2.25
958,211,2.25
958,205,2.25
958,214,2.25
958,239,2.25
958,212,2.25
958,254,2.25
958,13,2.25
958,249,2.25
959,216,2.25
959,205,2.25
959,13,2.25
962,12,2.25
962,219,2.25
962,11,2.25
962,8,2.25
963,7,2.25
963,2,2.25
963,295,2.25
963,1062,2.25
963,1676,2.25
963,1677,2.25
964,7,2.25
964,239,2.25
964,4,2.25
965,235,2.25
965,217,2.25
965,219,2.25
965,212,2.25
965,583,2.25
965,253,2.25
965,696,2.25
965,857,2.25
965,694,2.25
966,219,2.25
966,10,2.25
966,4,2.25
967,255,2.25
967,13,2.25
967,8,2.25
969,335,2.25
969,705,2.25
969,393,2.25
969,588,2.25
969,876,2.25
969,750,2.25
969,511,2.25
969,1206,2.25
969,798,2.25
969,1740,2.25
969,1649,2.25
969,770,2.25
969,1724,2.25
969,1159,2.25
969,1382,2.25
969,1445,2.25
969,1685,2.25
969,1691,2.25
969,1692,2.25
969,1699,2.25
969,1700,2.25
969,1701,2.25
969,1715,2.25
969,1716,2.25
969,1717,2.25
969,1718,2.25
969,1728,2.25
969,1735,2.25
969,1749,2.25
969,1752,2.25
969,1757,2.25
969,1758,2.25
969,1761,2.25
970,214,2.25
971,5,2.25
971,220,2.25
971,2,2.25
971,255,2.25
971,205,2.25
971,244,2.25
971,1,2.25
971,257,2.25
971,8,2.25
971,253,2.25
971,249,2.25
972,251,2.25
972,17,2.25
972,121,2.25
972,255,2.25
972,245,2.25
972,239,2.25
972,212,2.25
972,11,2.25
972,1,2.25
972,207,2.25
972,233,2.25
972,210,2.25
972,256,2.25
974,565,2.25
978,1336,2.25
980,215,2.25
980,206,2.25
980,9,2.25
980,214,2.25
981,251,2.25
981,255,2.25
981,211,2.25
981,233,2.25
981,210,2.25
981,253,2.25
982,250,2.25
982,241,2.25
982,5,2.25
982,7,2.25
982,220,2.25
982,17,2.25
982,236,2.25
982,3,2.25
982,11,2.25
982,244,2.25
982,210,2.25
983,215,2.25
984,213,2.25
984,5,2.25
984,2,2.25
984,211,2.25
984,214,2.25
984,212,2.25
984,244,2.25
984,8,2.25
985,10,2.25
986,213,2.25
986,7,2.25
986,234,2.25
987,9,2.25
987,255,2.25
987,211,2.25
987,239,2.25
987,212,2.25
987,10,2.25
987,84,2.25
988,250,2.25
988,213,2.25
988,236,2.25
988,12,2.25
988,121,2.25
988,234,2.25
988,239,2.25
988,212,2.25
988,254,2.25
988,207,2.25
988,233,2.25
989,250,2.25
989,241,2.25
989,220,2.25
989,17,2.25
989,236,2.25
989,10,2.25
989,1,2.25
989,1368,2.25
990,17,2.25
990,9,2.25
990,1768,2.25
991,257,2.25
991,6,2.25
991,256,2.25
991,247,2.25
993,1,2.25
995,17,2.25
995,2,2.25
995,235,2.25
995,9,2.25
995,216,2.25
995,255,2.25
995,214,2.25
995,252,2.25
995,4,2.25
995,207,2.25
995,8,2.25
995,6,2.25
995,246,2.25
995,248,2.25
998,207,2.25
998,631,2.25
998,283,2.25
998,569,2.25
998,1410,2.25
998,1771,2.25
998,1772,2.25
998,1776,2.25
999,215,2.25
999,250,2.25
999,213,2.25
999,236,2.25
999,239,2.25
999,717,2.25
999,253,2.25
999,1784,2.25
1000,213,2.25
1000,220,2.25
1000,235,2.25
1000,12,2.25
1000,9,2.25
1000,255,2.25
1000,211,2.25
1000,205,2.25
1000,11,2.25
1000,257,2.25
1001,220,2.25
1001,236,2.25
1001,205,2.25
1001,214,2.25
1001,219,2.25
1001,252,2.25
1001,257,2.25
1001,8,2.25
1001,233,2.25
1001,6,2.25
1001,84,2.25
1002,250,2.25
1002,236,2.25
1002,11,2.25
1002,658,2.25
1002,940,2.25
1002,318,2.25
1002,1445,2.25
1002,1786,2.25
1003,251,2.25
1003,7,2.25
1003,206,2.25
1003,121,2.25
1003,211,2.25
1003,11,2.25
1003,244,2.25
1003,10,2.25
1003,233,2.25
1003,246,2.25
1003,253,2.25
1003,84,2.25
1003,247,2.25
1004,213,2.25
1004,255,2.25
1004,8,2.25
1006,241,2.25
1006,5,2.25
1006,7,2.25
1006,235,2.25
1006,217,2.25
1006,205,2.25
1006,3,2.25
1006,254,2.25
1006,10,2.25
1006,4,2.25
1006,6,2.25
1006,253,2.25
1006,84,2.25
1007,250,2.25
1007,2,2.25
1007,236,2.25
1007,12,2.25
1008,251,2.25
1008,17,2.25
1008,2,2.25
1008,247,2.25
1010,250,2.25
1010,207,2.25
1010,233,2.25
1010,638,2.25
1014,7,2.25
1014,217,2.25
1014,214,2.25
1014,10,2.25
1015,17,2.25
1015,2,2.25
1015,216,2.25
1015,239,2.25
1015,11,2.25
1015,1,2.25
1015,8,2.25
1016,299,2.25
1017,518,2.25
1017,1629,2.25
1018,12,2.25
1018,219,2.25
1018,8,2.25
1018,1801,2.25
1018,1265,2.25
1018,1267,2.25
1018,1792,2.25
1018,1804,2.25
1018,1805,2.25
1019,213,2.25
1019,8,2.25
1019,197,2.25
1019,611,2.25
1019,1073,2.25
1019,1647,2.25
1020,10,2.25
1022,5,2.25
1022,17,2.25
1022,235,2.25
1022,121,2.25
1022,239,2.25
1022,11,2.25
1022,1,2.25
1023,11,2.25
1024,251,2.25
1024,12,2.25
1024,216,2.25
1024,212,2.25
1024,254,2.25
1024,6,2.25
1024,249,2.25
1024,243,2.25
1024,247,2.25
1025,11,2.25
1026,2,2.25
1026,12,2.25
1027,215,2.25
1027,2,2.25
1027,236,2.25
1027,13,2.25
1028,7,2.25
1028,235,2.25
1030,7,2.25
1030,12,2.25
1030,10,2.25
1033,313,2.25
1033,1559,2.25
1033,832,2.25
1034,215,2.25
1034,250,2.25
1034,251,2.25
1034,5,2.25
1034,2,2.25
1034,216,2.25
1034,217,2.25
1034,245,2.25
1034,1,2.25
1034,658,2.25
1034,84,2.25
1034,368,2.25
1034,548,2.25
1034,42,2.25
1034,863,2.25
1034,1415,2.25
1034,1592,2.25
1034,1815,2.25
1034,1816,2.25
1034,1823,2.25
1036,2,2.25
1036,10,2.25
1036,207,2.25
1038,215,2.25
1038,5,2.25
1038,206,2.25
1038,220,2.25
1038,17,2.25
1038,235,2.25
1038,255,2.25
1038,234,2.25
1038,205,2.25
1038,244,2.25
1038,253,2.25
1038,249,2.25
1039,207,2.25
1039,447,2.25
1039,1360,2.25
1039,1010,2.25
1039,1562,2.25
1039,360,2.25
1039,1038,2.25
1039,22,2.25
1039,45,2.25
1039,49,2.25
1039,90,2.25
1039,95,2.25
1039,97,2.25
1039,112,2.25
1039,162,2.25
1039,203,2.25
1039,614,2.25
1039,795,2.25
1039,1017,2.25
1039,1251,2.25
1039,1318,2.25
1040,7,2.25
1040,307,2.25
1040,1098,2.25
1041,4,2.25
1041,218,2.25
1041,968,2.25
1042,511,2.25
1043,2,2.25
1045,2,2.25
1045,8,2.25
1046,215,2.25
1046,2,2.25
1046,236,2.25
1046,9,2.25
1046,3,2.25
1046,11,2.25
1046,248,2.25
1046,256,2.25
1047,5,2.25
1047,255,2.25
1047,211,2.25
1047,239,2.25
1047,219,2.25
1047,252,2.25
1047,6,2.25
1047,246,2.25
1048,213,2.25
1048,12,2.25
1048,239,2.25
