1050,5,2.25
1050,234,2.25
1050,245,2.25
1050,3,2.25
1050,254,2.25
1050,11,2.25
1050,244,2.25
1050,4,2.25
1050,84,2.25
1050,249,2.25
1050,243,2.25
1051,236,2.25
1051,234,2.25
1051,211,2.25
1052,215,2.25
1052,2,2.25
1052,11,2.25
1052,10,2.25
1053,2,2.25
1053,13,2.25
1055,215,2.25
1055,17,2.25
1055,234,2.25
1055,207,2.25
1055,8,2.25
1056,215,2.25
1056,234,2.25
1056,239,2.25
1056,212,2.25
1056,233,2.25
1057,7,2.25
1057,11,2.25
1059,17,2.25
1060,2,2.25
1060,12,2.25
1060,1226,2.25
1060,675,2.25
1060,721,2.25
1060,897,2.25
1060,242,2.25
1060,862,2.25
1060,187,2.25
1062,9,2.25
1062,121,2.25
1062,207,2.25
1064,236,2.25
1064,9,2.25
1064,219,2.25
1064,10,2.25
1064,1,2.25
1064,781,2.25
1064,455,2.25
1065,217,2.25
1065,239,2.25
1065,70,2.25
1065,845,2.25
1065,352,2.25
1065,723,2.25
1066,7,2.25
1066,2,2.25
1066,3,2.25
1067,2,2.25
1067,9,2.25
1067,216,2.25
1067,211,2.25
1067,11,2.25
1067,233,2.25
1068,11,2.25
1068,1542,2.25
1069,250,2.25
1069,213,2.25
1069,121,2.25
1069,211,2.25
1069,252,2.25
1069,207,2.25
1069,8,2.25
1071,206,2.25
1071,12,2.25
1071,211,2.25
1071,13,2.25
1071,207,2.25
1072,241,2.25
1072,235,2.25
1072,245,2.25
1073,215,2.25
1073,2,2.25
1073,121,2.25
1074,215,2.25
1074,10,2.25
1075,9,2.25
1075,11,2.25
1075,4,2.25
1075,6,2.25
1076,7,2.25
1076,13,2.25
1076,4,2.25
1076,1842,2.25
1077,7,2.25
1077,9,2.25
1077,3,2.25
1077,219,2.25
1078,250,2.25
1078,5,2.25
1078,220,2.25
1078,2,2.25
1078,236,2.25
1078,12,2.25
1078,217,2.25
1078,205,2.25
1078,245,2.25
1078,3,2.25
1078,219,2.25
1078,10,2.25
1078,252,2.25
1078,4,2.25
1078,207,2.25
1078,253,2.25
1079,207,2.25
1079,905,2.25
1080,255,2.25
1080,234,2.25
1080,3,2.25
1080,219,2.25
1080,246,2.25
1081,251,2.25
1081,213,2.25
1081,5,2.25
1081,206,2.25
1081,17,2.25
1081,2,2.25
1081,236,2.25
1081,12,2.25
1081,245,2.25
1081,219,2.25
1081,11,2.25
1081,6,2.25
1082,5,2.25
1082,211,2.25
1083,17,2.25
1083,257,2.25
1084,215,2.25
1084,7,2.25
1084,216,2.25
1085,7,2.25
1085,220,2.25
1085,9,2.25
1085,255,2.25
1085,234,2.25
1086,236,2.25
1087,251,2.25
1087,17,2.25
1087,12,2.25
1087,216,2.25
1087,234,2.25
1087,239,2.25
1087,1,2.25
1087,256,2.25
1087,247,2.25
1088,251,2.25
1088,5,2.25
1088,17,2.25
1088,12,2.25
1088,234,2.25
1088,3,2.25
1088,11,2.25
1088,13,2.25
1088,207,2.25
1088,253,2.25
1089,213,2.25
1089,3,2.25
1089,11,2.25
1089,252,2.25
1089,257,2.25
1089,253,2.25
1089,84,2.25
1089,256,2.25
1090,1,2.25
1091,207,2.25
1092,236,2.25
1092,234,2.25
1094,215,2.25
1094,11,2.25
1094,13,2.25
1095,5,2.25
1095,206,2.25
1095,17,2.25
1095,235,2.25
1095,211,2.25
1095,217,2.25
1095,205,2.25
1095,3,2.25
1095,219,2.25
1095,13,2.25
1095,1,2.25
1095,257,2.25
1095,233,2.25
1095,84,2.25
1095,247,2.25
1096,213,2.25
1096,245,2.25
1096,207,2.25
1099,121,2.25
1099,255,2.25
1099,205,2.25
1099,3,2.25
1099,11,2.25
1099,10,2.25
1100,236,2.25
1100,239,2.25
1100,13,2.25
1100,4,2.25
1101,215,2.25
1101,213,2.25
1101,2,2.25
1101,3,2.25
1101,219,2.25
1101,10,2.25
1101,13,2.25
1101,207,2.25
1101,706,2.25
1102,9,2.25
1102,1844,2.25
1103,8,2.25
1104,17,2.25
1104,9,2.25
1104,205,2.25
1104,675,2.25
1104,635,2.25
1104,362,2.25
1104,629,2.25
1104,1831,2.25
1104,625,2.25
1104,634,2.25
1104,644,2.25
1104,651,2.25
1104,630,2.25
1104,572,2.25
1105,17,2.25
1106,1,2.25
1108,250,2.25
1108,241,2.25
1108,7,2.25
1108,220,2.25
1108,2,2.25
1108,216,2.25
1108,234,2.25
1108,211,2.25
1108,217,2.25
1108,245,2.25
1108,3,2.25
1108,1,2.25
1108,252,2.25
1108,4,2.25
1108,8,2.25
1108,210,2.25
1108,253,2.25
1109,241,2.25
1109,12,2.25
1109,234,2.25
1109,244,2.25
1109,6,2.25
1110,255,2.25
1111,4,2.25
1111,207,2.25
1111,242,2.25
1111,583,2.25
1111,1075,2.25
1112,9,2.25
1112,219,2.25
1113,8,2.25
1113,253,2.25
1114,5,2.25
1114,3,2.25
1114,219,2.25
1114,257,2.25
1115,250,2.25
1115,251,2.25
1115,213,2.25
1115,5,2.25
1115,206,2.25
1115,220,2.25
1115,236,2.25
1115,9,2.25
1115,121,2.25
1115,214,2.25
1115,13,2.25
1115,6,2.25
1115,210,2.25
1115,256,2.25
1116,239,2.25
1116,3,2.25
1116,253,2.25
1117,2,2.25
1117,235,2.25
1118,2,2.25
1118,236,2.25
1118,9,2.25
1118,216,2.25
1118,13,2.25
1120,215,2.25
1120,13,2.25
1121,205,2.25
1121,219,2.25
1122,241,2.25
1122,5,2.25
1122,235,2.25
1122,211,2.25
1122,219,2.25
1122,11,2.25
1122,4,2.25
1122,84,2.25
1122,243,2.25
1123,11,2.25
1123,8,2.25
1124,213,2.25
1124,11,2.25
1124,4,2.25
1124,1850,2.25
1125,11,2.25
1126,206,2.25
1126,12,2.25
1126,214,2.25
1126,254,2.25
1126,11,2.25
1126,13,2.25
1126,252,2.25
1127,7,2.25
1127,220,2.25
1127,255,2.25
1127,3,2.25
1129,241,2.25
1129,220,2.25
1129,17,2.25
1129,2,2.25
1129,216,2.25
1129,4,2.25
1130,17,2.25
1130,9,2.25
1130,219,2.25
1130,207,2.25
1130,8,2.25
1130,233,2.25
1130,210,2.25
1130,249,2.25
1130,247,2.25
1132,250,2.25
1132,9,2.25
1132,211,2.25
1132,3,2.25
1132,10,2.25
1132,8,2.25
1132,210,2.25
1133,9,2.25
1133,234,2.25
1133,11,2.25
1133,805,2.25
1133,278,2.25
1133,845,2.25
1133,308,2.25
1137,207,2.25
1138,220,2.25
1138,12,2.25
1138,216,2.25
1138,205,2.25
1138,10,2.25
1138,207,2.25
1139,250,2.25
1139,5,2.25
1139,2,2.25
1139,234,2.25
1139,205,2.25
1139,214,2.25
1139,239,2.25
1139,3,2.25
1139,219,2.25
1139,212,2.25
1139,252,2.25
1139,257,2.25
1139,207,2.25
1139,233,2.25
1139,781,2.25
1139,256,2.25
1139,247,2.25
1140,213,2.25
1140,9,2.25
1140,239,2.25
1140,244,2.25
1140,207,2.25
1140,1852,2.25
1140,589,2.25
1141,215,2.25
1141,7,2.25
1141,1,2.25
1141,4,2.25
1142,235,2.25
1142,12,2.25
1142,121,2.25
1142,214,2.25
1142,212,2.25
1142,254,2.25
1142,10,2.25
1143,236,2.25
1143,3,2.25
1143,6,2.25
1144,215,2.25
1144,251,2.25
1144,17,2.25
1144,235,2.25
1144,216,2.25
1144,3,2.25
1144,249,2.25
1144,256,2.25
1145,17,2.25
1146,250,2.25
1146,251,2.25
1146,241,2.25
1146,5,2.25
1146,235,2.25
1146,12,2.25
1146,216,2.25
1146,3,2.25
1146,219,2.25
1146,257,2.25
1146,207,2.25
1146,6,2.25
1146,253,2.25
1146,249,2.25
1146,256,2.25
1147,235,2.25
1147,207,2.25
1147,293,2.25
1147,940,2.25
1147,397,2.25
1147,585,2.25
1147,657,2.25
1147,830,2.25
1147,284,2.25
1147,847,2.25
1147,1589,2.25
1147,289,2.25
1147,655,2.25
1147,91,2.25
1147,617,2.25
1147,453,2.25
1148,215,2.25
1148,7,2.25
1148,220,2.25
1148,236,2.25
1148,9,2.25
1148,121,2.25
1148,234,2.25
1148,205,2.25
1148,239,2.25
1148,4,2.25
1148,249,2.25
1149,347,2.25
1149,1399,2.25
1149,875,2.25
1149,307,2.25
1149,755,2.25
1149,1036,2.25
1149,1043,2.25
1150,251,2.25
1150,236,2.25
1150,239,2.25
1150,3,2.25
1152,251,2.25
1152,2,2.25
1152,235,2.25
1152,236,2.25
1152,9,2.25
1152,255,2.25
1152,3,2.25
1152,219,2.25
1152,212,2.25
1152,256,2.25
1153,250,2.25
1153,251,2.25
1153,9,2.25
1153,255,2.25
1153,234,2.25
1153,212,2.25
1153,781,2.25
1153,675,2.25
1153,977,2.25
1153,347,2.25
1153,256,2.25
1153,699,2.25
1153,473,2.25
1153,847,2.25
1153,486,2.25
1153,474,2.25
1153,430,2.25
1153,448,2.25
1153,465,2.25
1153,1002,2.25
1153,456,2.25
1153,504,2.25
1154,3,2.25
1154,10,2.25
1155,215,2.25
1155,7,2.25
1155,206,2.25
1155,220,2.25
1155,235,2.25
1155,236,2.25
1155,255,2.25
1155,211,2.25
1155,214,2.25
1155,249,2.25
1155,256,2.25
1155,247,2.25
1156,251,2.25
1156,17,2.25
1156,245,2.25
1157,5,2.25
1157,236,2.25
1157,13,2.25
1157,1,2.25
1157,494,2.25
1157,347,2.25
1157,850,2.25
1157,589,2.25
1157,715,2.25
1157,148,2.25
1157,436,2.25
1157,1855,2.25
1157,711,2.25
1157,1857,2.25
1157,412,2.25
1157,660,2.25
1158,251,2.25
1158,213,2.25
1158,17,2.25
1158,235,2.25
1158,9,2.25
1158,216,2.25
1158,211,2.25
1158,217,2.25
1158,214,2.25
1158,10,2.25
1158,4,2.25
1158,246,2.25
1158,253,2.25
1159,241,2.25
1159,5,2.25
1159,206,2.25
1159,12,2.25
1159,234,2.25
1159,205,2.25
1159,214,2.25
1159,212,2.25
1159,10,2.25
1159,233,2.25
1159,253,2.25
1159,84,2.25
1159,1273,2.25
1159,337,2.25
1160,205,2.25
1160,746,2.25
1161,5,2.25
1161,7,2.25
1161,9,2.25
1161,244,2.25
1161,13,2.25
1161,4,2.25
1161,246,2.25
1161,253,2.25
1162,251,2.25
1162,17,2.25
1162,121,2.25
1162,239,2.25
1162,254,2.25
1162,10,2.25
1162,8,2.25
1162,391,2.25
1162,278,2.25
1162,657,2.25
1162,1862,2.25
1162,1863,2.25
1162,955,2.25
1164,217,2.25
1164,3,2.25
1164,254,2.25
1164,8,2.25
1164,494,2.25
1164,712,2.25
1165,1010,2.25
1166,1,2.25
1167,5,2.25
1167,17,2.25
1167,2,2.25
1168,17,2.25
1168,347,2.25
1168,918,2.25
1173,213,2.25
1173,206,2.25
1173,235,2.25
1173,255,2.25
1173,207,2.25
1173,539,2.25
1173,1198,2.25
1173,1037,2.25
1173,342,2.25
1173,1869,2.25
1173,1871,2.25
1173,202,2.25
1173,1355,2.25
1173,1882,2.25
1174,342,2.25
1175,250,2.25
1175,251,2.25
1175,17,2.25
1175,255,2.25
1175,239,2.25
1175,254,2.25
1175,13,2.25
1175,1,2.25
1175,249,2.25
1175,243,2.25
1177,7,2.25
1177,12,2.25
1178,215,2.25
1178,10,2.25
1178,210,2.25
1179,215,2.25
1180,499,2.25
1180,715,2.25
1182,13,2.25
1183,236,2.25
1184,206,2.25
1184,2,2.25
1184,121,2.25
1184,11,2.25
1184,8,2.25
1185,12,2.25
1185,292,2.25
1186,241,2.25
1187,250,2.25
1187,7,2.25
1187,235,2.25
1187,216,2.25
1187,1,2.25
1187,866,2.25
1187,1836,2.25
1187,270,2.25
1187,723,2.25
1187,592,2.25
1187,850,2.25
1187,713,2.25
1187,318,2.25
1187,345,2.25
1187,597,2.25
1187,91,2.25
1187,335,2.25
1187,438,2.25
1187,983,2.25
1187,746,2.25
1187,73,2.25
1187,949,2.25
1187,1888,2.25
1187,1889,2.25
1187,1189,2.25
1187,1891,2.25
1187,1895,2.25
1187,582,2.25
1187,857,2.25
1187,1661,2.25
1187,550,2.25
1187,130,2.25
1187,368,2.25
1187,1711,2.25
1187,1819,2.25
1187,1562,2.25
1187,1713,2.25
1187,1011,2.25
1187,898,2.25
1187,423,2.25
1187,685,2.25
1187,1920,2.25
1187,1922,2.25
1187,1820,2.25
1187,1204,2.25
1187,703,2.25
1187,452,2.25
1188,251,2.25
1188,7,2.25
1188,17,2.25
1188,3,2.25
1188,254,2.25
1188,8,2.25
1188,84,2.25
1188,247,2.25
1189,206,2.25
1189,1,2.25
1189,207,2.25
1191,1,2.25
1192,211,2.25
1193,2,2.25
1193,236,2.25
1193,9,2.25
1193,216,2.25
1193,255,2.25
1193,211,2.25
1193,214,2.25
1193,13,2.25
1193,252,2.25
1193,6,2.25
1193,210,2.25
1193,248,2.25
1193,249,2.25
1194,519,2.25
1195,2,2.25
1196,7,2.25
1196,219,2.25
1197,219,2.25
1197,244,2.25
1197,247,2.25
1198,215,2.25
1198,5,2.25
1198,239,2.25
1198,11,2.25
1198,10,2.25
1198,252,2.25
1198,4,2.25
1198,207,2.25
1198,6,2.25
1198,253,2.25
1198,248,2.25
1198,249,2.25
1198,247,2.25
1199,250,2.25
1199,241,2.25
1199,220,2.25
1199,2,2.25
1199,235,2.25
1199,236,2.25
1199,121,2.25
1199,234,2.25
1199,211,2.25
1199,245,2.25
1199,254,2.25
1199,1,2.25
1199,4,2.25
1199,233,2.25
1199,658,2.25
1199,675,2.25
1199,638,2.25
1199,699,2.25
1199,365,2.25
1199,344,2.25
1199,702,2.25
1199,1516,2.25
1199,528,2.25
1199,509,2.25
1199,927,2.25
1199,1321,2.25
1199,930,2.25
1200,213,2.25
1200,236,2.25
1200,13,2.25
1200,4,2.25
1200,6,2.25
1201,215,2.25
1201,5,2.25
1201,17,2.25
1201,235,2.25
1201,9,2.25
1201,212,2.25
1201,84,2.25
1201,249,2.25
1202,235,2.25
1202,121,2.25
1202,239,2.25
1202,10,2.25
1202,13,2.25
1202,8,2.25
1202,253,2.25
1202,84,2.25
1202,247,2.25
1203,210,2.25
1204,10,2.25
1205,10,2.25
1205,4,2.25
1206,241,2.25
1207,215,2.25
1207,5,2.25
1207,2,2.25
1207,235,2.25
1207,236,2.25
1207,121,2.25
1208,592,2.25
1208,432,2.25
1208,304,2.25
1208,348,2.25
1208,1018,2.25
1208,1021,2.25
1209,215,2.25
1209,213,2.25
1209,17,2.25
1209,121,2.25
1209,255,2.25
1209,214,2.25
1209,219,2.25
1209,257,2.25
1209,4,2.25
1209,233,2.25
1209,246,2.25
1209,248,2.25
1209,249,2.25
1210,9,2.25
1210,3,2.25
1210,207,2.25
1212,12,2.25
1212,9,2.25
1212,13,2.25
1212,675,2.25
1212,1043,2.25
1212,1126,2.25
1212,1127,2.25
1212,1606,2.25
1212,170,2.25
1212,1618,2.25
1212,1802,2.25
1212,1943,2.25
1212,266,2.25
1212,1068,2.25
1212,1455,2.25
1212,1945,2.25
1212,1610,2.25
1212,1616,2.25
1212,1948,2.25
1212,530,2.25
1212,1949,2.25
1212,1206,2.25
1212,1598,2.25
1214,236,2.25
1214,244,2.25
1214,1950,2.25
1217,7,2.25
1218,250,2.25
1218,241,2.25
1218,5,2.25
1218,206,2.25
1218,254,2.25
1218,10,2.25
1218,252,2.25
1218,257,2.25
1218,207,2.25
1218,247,2.25
1219,10,2.25
1219,13,2.25
1219,1,2.25
1220,7,2.25
1220,255,2.25
1222,2,2.25
1222,239,2.25
1223,5,2.25
1223,2,2.25
1223,218,2.25
1223,1864,2.25
1223,1054,2.25
1224,257,2.25
1225,213,2.25
1225,241,2.25
1225,220,2.25
1225,235,2.25
1225,12,2.25
1225,9,2.25
1225,214,2.25
1225,244,2.25
1225,10,2.25
1225,252,2.25
1225,8,2.25
1225,6,2.25
1226,5,2.25
1226,206,2.25
1226,235,2.25
1226,236,2.25
1226,12,2.25
1226,9,2.25
1226,13,2.25
1226,252,2.25
1226,257,2.25
1226,233,2.25
1226,210,2.25
1226,248,2.25
1226,243,2.25
1228,250,2.25
1228,220,2.25
1228,257,2.25
1228,256,2.25
1229,250,2.25
1229,235,2.25
1229,236,2.25
1229,246,2.25
1230,213,2.25
1230,7,2.25
1230,2,2.25
1230,235,2.25
1230,236,2.25
1230,9,2.25
1230,3,2.25
1230,219,2.25
1230,244,2.25
1230,10,2.25
1230,13,2.25
1230,207,2.25
1230,233,2.25
1230,210,2.25
1230,249,2.25
1231,239,2.25
1231,4,2.25
1232,11,2.25
1232,4,2.25
1233,213,2.25
1233,2,2.25
1233,239,2.25
1234,250,2.25
1234,2,2.25
1234,235,2.25
1234,244,2.25
1234,1,2.25
1234,207,2.25
1234,246,2.25
1234,253,2.25
1234,256,2.25
1235,2,2.25
1235,236,2.25
1235,12,2.25
1235,121,2.25
1235,234,2.25
1235,212,2.25
1235,207,2.25
1235,249,2.25
1236,234,2.25
1236,217,2.25
1237,1711,2.25
1238,206,2.25
1238,235,2.25
1238,236,2.25
1238,214,2.25
1238,254,2.25
1238,244,2.25
1238,13,2.25
1238,257,2.25
1238,84,2.25
1239,7,2.25
1239,217,2.25
1239,239,2.25
1239,3,2.25
1239,10,2.25
1239,233,2.25
1239,246,2.25
1239,253,2.25
1241,213,2.25
1241,121,2.25
1241,234,2.25
1241,214,2.25
1241,219,2.25
1241,13,2.25
1241,8,2.25
1241,6,2.25
1241,84,2.25
1242,215,2.25
1242,7,2.25
1244,2,2.25
1244,9,2.25
1244,211,2.25
1244,254,2.25
1244,1954,2.25
1244,1019,2.25
1244,1357,2.25
1246,206,2.25
1246,220,2.25
1246,17,2.25
1246,235,2.25
1246,236,2.25
1246,121,2.25
1246,216,2.25
1246,239,2.25
1246,254,2.25
1246,11,2.25
1246,10,2.25
1246,1,2.25
1246,253,2.25
1246,84,2.25
1248,215,2.25
1248,121,2.25
1248,10,2.25
1248,1,2.25
1249,236,2.25
1249,239,2.25
1249,160,2.25
1249,194,2.25
1249,59,2.25
1249,1576,2.25
1249,1958,2.25
1249,383,2.25
1249,1578,2.25
1249,36,2.25
1249,156,2.25
1249,154,2.25
1249,149,2.25
1249,1962,2.25
1249,1964,2.25
1249,401,2.25
1249,464,2.25
1249,65,2.25
1249,119,2.25
1249,120,2.25
1249,460,2.25
1249,125,2.25
1249,1968,2.25
1250,211,2.25
1250,219,2.25
1250,254,2.25
1250,249,2.25
1251,213,2.25
1251,236,2.25
1251,3,2.25
1251,1,2.25
1252,211,2.25
1252,245,2.25
1252,11,2.25
1252,1,2.25
1252,233,2.25
1252,247,2.25
1254,250,2.25
1254,213,2.25
1254,17,2.25
1254,212,2.25
1254,257,2.25
1254,8,2.25
1255,235,2.25
1255,214,2.25
1255,11,2.25
1255,13,2.25
1255,425,2.25
1255,943,2.25
1257,250,2.25
1257,251,2.25
1257,5,2.25
1257,7,2.25
1257,2,2.25
1257,9,2.25
1257,219,2.25
1257,212,2.25
1257,249,2.25
1257,243,2.25
1258,215,2.25
1258,250,2.25
1258,251,2.25
1258,7,2.25
1258,211,2.25
1258,217,2.25
1258,11,2.25
1258,244,2.25
1259,235,2.25
1259,12,2.25
1259,257,2.25
1261,17,2.25
1261,2,2.25
1261,121,2.25
1261,255,2.25
1261,234,2.25
1261,214,2.25
1261,245,2.25
1261,10,2.25
1261,8,2.25
1262,215,2.25
1262,10,2.25
1263,250,2.25
1263,241,2.25
1263,7,2.25
1263,17,2.25
1263,235,2.25
1263,236,2.25
1263,217,2.25
1263,3,2.25
1263,1,2.25
1263,249,2.25
1263,247,2.25
1265,211,2.25
1265,3,2.25
1265,257,2.25
1266,218,2.25
1267,213,2.25
1267,2,2.25
1267,205,2.25
1267,219,2.25
1267,10,2.25
1268,217,2.25
1268,1,2.25
1268,207,2.25
1269,213,2.25
1269,241,2.25
1269,5,2.25
1269,17,2.25
1269,8,2.25
1269,805,2.25
1270,17,2.25
1270,712,2.25
1271,213,2.25
1271,5,2.25
1271,2,2.25
1271,3,2.25
1271,219,2.25
1271,10,2.25
1271,13,2.25
1271,207,2.25
1271,84,2.25
1271,463,2.25
1272,257,2.25
1273,215,2.25
1273,213,2.25
1273,7,2.25
1273,2,2.25
1273,217,2.25
1273,210,2.25
1274,215,2.25
1274,251,2.25
1274,5,2.25
1274,255,2.25
1274,1,2.25
1274,4,2.25
1274,233,2.25
1274,248,2.25
1276,235,2.25
1277,7,2.25
1277,17,2.25
1277,2,2.25
1277,236,2.25
1277,1032,2.25
1278,17,2.25
1278,11,2.25
1278,10,2.25
1278,207,2.25
1279,17,2.25
1279,205,2.25
1279,239,2.25
1279,207,2.25
1279,256,2.25
1279,247,2.25
1280,5,2.25
1280,206,2.25
1280,220,2.25
1280,244,2.25
1281,121,2.25
1281,84,2.25
1282,220,2.25
1282,236,2.25
1282,239,2.25
1283,215,2.25
1283,241,2.25
1283,17,2.25
1283,2,2.25
1283,236,2.25
1283,211,2.25
1283,217,2.25
1283,3,2.25
1283,212,2.25
1283,254,2.25
1283,11,2.25
1283,244,2.25
1283,10,2.25
1283,253,2.25
1283,248,2.25
1284,250,2.25
1284,7,2.25
1284,12,2.25
1284,211,2.25
1284,217,2.25
1284,3,2.25
1284,8,2.25
1286,213,2.25
1286,217,2.25
1286,3,2.25
1286,219,2.25
1286,244,2.25
1286,252,2.25
1286,246,2.25
1286,247,2.25
1287,7,2.25
1287,17,2.25
1287,11,2.25
1287,675,2.25
1287,336,2.25
1287,1919,2.25
1288,5,2.25
1288,7,2.25
1288,9,2.25
1288,219,2.25
1288,4,2.25
1288,8,2.25
1288,242,2.25
1288,597,2.25
1288,431,2.25
1288,307,2.25
1288,1178,2.25
1288,798,2.25
1288,1203,2.25
1288,1201,2.25
1288,596,2.25
1289,250,2.25
1289,251,2.25
1289,241,2.25
1289,255,2.25
1289,245,2.25
1289,3,2.25
1289,219,2.25
1289,11,2.25
1289,6,2.25
1289,199,2.25
1289,51,2.25
1290,5,2.25
1290,245,2.25
1290,239,2.25
1290,254,2.25
1290,11,2.25
1290,207,2.25
1290,8,2.25
1291,251,2.25
1291,9,2.25
1291,10,2.25
1292,220,2.25
1292,2,2.25
1292,121,2.25
1292,216,2.25
1292,233,2.25
1292,6,2.25
1292,246,2.25
1293,7,2.25
1293,216,2.25
1294,211,2.25
1294,219,2.25
1294,1977,2.25
1295,250,2.25
1295,5,2.25
1295,17,2.25
1295,2,2.25
1295,121,2.25
1295,211,2.25
1295,11,2.25
1295,207,2.25
1295,233,2.25
1295,249,2.25
1296,7,2.25
1296,254,2.25
1296,252,2.25
1297,7,2.25
1297,235,2.25
1297,12,2.25
1297,234,2.25
1297,239,2.25
1297,210,2.25
1297,1591,2.25
1297,1829,2.25
1298,1979,2.25
1299,7,2.25
1299,4,2.25
1299,286,2.25
1300,7,2.25
1300,216,2.25
1300,239,2.25
1300,3,2.25
1300,11,2.25
1300,252,2.25
1301,11,2.25
1302,215,2.25
1302,220,2.25
1302,2,2.25
1302,236,2.25
1302,211,2.25
1302,214,2.25
1302,1,2.25
1302,4,2.25
1302,207,2.25
1302,6,2.25
1302,84,2.25
1302,243,2.25
1304,250,2.25
1304,251,2.25
1304,5,2.25
1304,206,2.25
1304,17,2.25
1304,235,2.25
1304,255,2.25
1304,3,2.25
1304,207,2.25
1304,84,2.25
1304,248,2.25
1305,7,2.25
1305,330,2.25
1307,7,2.25
1307,11,2.25
1307,521,2.25
1307,1982,2.25
1308,250,2.25
1308,17,2.25
1308,236,2.25
1308,9,2.25
1308,217,2.25
1308,205,2.25
1308,214,2.25
1308,207,2.25
1309,1,2.25
1310,241,2.25
1310,17,2.25
1310,205,2.25
1310,207,2.25
1311,255,2.25
1311,10,2.25
1311,1,2.25
1311,4,2.25
1312,7,2.25
1312,1,2.25
1314,206,2.25
1315,213,2.25
1315,10,2.25
1315,13,2.25
1316,219,2.25
1316,10,2.25
1316,1,2.25
1317,213,2.25
1317,5,2.25
1317,7,2.25
1317,13,2.25
1318,215,2.25
1318,251,2.25
1318,2,2.25
1318,235,2.25
1318,255,2.25
1318,234,2.25
1318,253,2.25
1318,84,2.25
1319,1,2.25
1324,216,2.25
1325,207,2.25
1325,1218,2.25
1326,205,2.25
1328,257,2.25
1329,215,2.25
1329,206,2.25
1329,17,2.25
1329,10,2.25
1329,253,2.25
1330,1864,2.25
1332,241,2.25
1332,7,2.25
1332,216,2.25
1332,217,2.25
1332,11,2.25
1333,206,2.25
1333,9,2.25
1333,205,2.25
1333,254,2.25
1333,13,2.25
1333,253,2.25
1333,638,2.25
1333,905,2.25
1333,563,2.25
1333,289,2.25
1333,169,2.25
1333,292,2.25
1333,1604,2.25
1333,198,2.25
1333,1987,2.25
1333,433,2.25
1333,2000,2.25
1333,2003,2.25
1333,1451,2.25
1333,1702,2.25
1333,2011,2.25
1334,7,2.25
1335,215,2.25
1335,251,2.25
1335,17,2.25
1335,216,2.25
1335,211,2.25
1335,217,2.25
1335,1,2.25
1335,207,2.25
1335,210,2.25
1335,256,2.25
1336,236,2.25
1336,12,2.25
1336,11,2.25
1336,316,2.25
1336,536,2.25
1336,274,2.25
1336,1766,2.25
1336,2028,2.25
1338,241,2.25
1338,7,2.25
1338,236,2.25
1338,234,2.25
1338,13,2.25
1338,257,2.25
1338,256,2.25
1339,7,2.25
1339,2,2.25
1341,236,2.25
1341,12,2.25
1342,215,2.25
1342,250,2.25
1342,251,2.25
1342,234,2.25
1342,214,2.25
1342,1,2.25
1342,207,2.25
1342,210,2.25
1342,253,2.25
1342,243,2.25
1343,215,2.25
1343,251,2.25
1343,213,2.25
1343,241,2.25
1343,5,2.25
1343,4,2.25
1343,6,2.25
1343,253,2.25
1344,477,2.25
1345,215,2.25
1346,241,2.25
1347,215,2.25
1347,220,2.25
1347,236,2.25
1347,216,2.25
1347,254,2.25
1347,1,2.25
1347,257,2.25
1348,235,2.25
1348,12,2.25
1348,9,2.25
1348,233,2.25
1349,13,2.25
1350,213,2.25
1350,255,2.25
1350,211,2.25
1350,3,2.25
1350,13,2.25
1351,207,2.25
1351,8,2.25
1352,215,2.25
1352,5,2.25
1352,2,2.25
1352,234,2.25
1352,211,2.25
1352,217,2.25
1352,205,2.25
1352,214,2.25
1352,11,2.25
1352,10,2.25
1352,13,2.25
1352,6,2.25
1352,246,2.25
1354,2,2.25
1355,236,2.25
1355,239,2.25
1355,10,2.25
1355,13,2.25
1355,253,2.25
1355,597,2.25
1355,593,2.25
1355,582,2.25
1357,696,2.25
1357,709,2.25
1357,169,2.25
1357,522,2.25
1359,7,2.25
1360,253,2.25
1360,787,2.25
1360,410,2.25
1361,250,2.25
1361,236,2.25
1361,3,2.25
1361,8,2.25
1361,246,2.25
1361,432,2.25
1363,215,2.25
1363,5,2.25
1363,12,2.25
1363,255,2.25
1363,219,2.25
1363,254,2.25
1363,11,2.25
1363,244,2.25
1363,10,2.25
1363,13,2.25
1363,1,2.25
1363,4,2.25
1363,8,2.25
1363,84,2.25
1363,249,2.25
1364,3,2.25
1365,11,2.25
1365,4,2.25
1366,17,2.25
1366,2,2.25
1366,216,2.25
1366,3,2.25
1367,121,2.25
1367,211,2.25
1367,1,2.25
1367,8,2.25
1367,6,2.25
1368,205,2.25
1368,8,2.25
1369,236,2.25
1370,250,2.25
1370,251,2.25
1370,213,2.25
1370,206,2.25
1370,205,2.25
1370,11,2.25
1370,252,2.25
1370,246,2.25
1370,253,2.25
1371,17,2.25
1372,13,2.25
1373,215,2.25
1374,2,2.25
1375,213,2.25
1375,17,2.25
1375,205,2.25
1375,214,2.25
1375,219,2.25
1375,254,2.25
1375,11,2.25
1375,1,2.25
1375,233,2.25
1375,256,2.25
1376,9,2.25
1376,234,2.25
1377,236,2.25
1378,2,2.25
1378,11,2.25
1378,4,2.25
1381,215,2.25
1382,2,2.25
1382,216,2.25
1382,234,2.25
1382,211,2.25
1382,3,2.25
1382,219,2.25
1383,213,2.25
1383,12,2.25
1383,219,2.25
1383,539,2.25
1383,343,2.25
1383,461,2.25
1383,2037,2.25
1385,213,2.25
1385,241,2.25
1385,2,2.25
1385,235,2.25
1385,12,2.25
1385,255,2.25
1385,214,2.25
1385,219,2.25
1385,212,2.25
1385,10,2.25
1385,1,2.25
1385,252,2.25
1385,233,2.25
1385,84,2.25
1385,256,2.25
1385,247,2.25
1386,235,2.25
1386,10,2.25
1386,6,2.25
1386,728,2.25
1386,696,2.25
1386,365,2.25
1386,702,2.25
1386,1862,2.25
1386,1864,2.25
1386,732,2.25
1386,92,2.25
1386,20,2.25
1386,825,2.25
1386,93,2.25
1386,360,2.25
1386,694,2.25
1387,218,2.25
1388,250,2.25
1388,241,2.25
1388,9,2.25
1388,219,2.25
1388,212,2.25
1388,11,2.25
1388,252,2.25
1388,233,2.25
1388,210,2.25
1388,248,2.25
1390,215,2.25
1393,251,2.25
1393,213,2.25
1393,9,2.25
1393,239,2.25
1393,10,2.25
1393,257,2.25
1393,246,2.25
1395,215,2.25
1396,251,2.25
1396,5,2.25
1396,255,2.25
1396,234,2.25
1396,3,2.25
1396,254,2.25
1396,11,2.25
1396,252,2.25
1396,257,2.25
1396,6,2.25
1396,246,2.25
1396,84,2.25
1396,249,2.25
1397,2039,2.25
1397,2040,2.25
1398,494,2.25
1398,318,2.25
1398,345,2.25
1398,582,2.25
1398,1661,2.25
1398,1072,2.25
1398,600,2.25
1399,2,2.25
1399,205,2.25
1399,246,2.25
1402,255,2.25
1402,1,2.25
1402,248,2.25
1402,1478,2.25
1403,215,2.25
1405,250,2.25
1405,251,2.25
1405,12,2.25
1405,1,2.25
1405,210,2.25
1406,17,2.25
1406,235,2.25
1406,477,2.25
1406,769,2.25
1406,318,2.25
1406,316,2.25
1406,536,2.25
1406,330,2.25
1406,320,2.25
1406,323,2.25
1406,328,2.25
1406,557,2.25
1406,329,2.25
1407,318,2.25
1407,1523,2.25
1407,1061,2.25
1407,1521,2.25
1409,245,2.25
1409,13,2.25
1410,215,2.25
1411,215,2.25
1412,5,2.25
1412,9,2.25
1414,215,2.25
1414,241,2.25
1414,220,2.25
1414,2,2.25
1414,235,2.25
1414,211,2.25
1414,214,2.25
1414,257,2.25
1414,253,2.25
1414,248,2.25
1415,235,2.25
1415,1,2.25
1415,4,2.25
1415,2046,2.25
1416,220,2.25
1416,121,2.25
1416,10,2.25
1416,6,2.25
1416,247,2.25
1417,7,2.25
1417,8,2.25
1417,352,2.25
1417,1842,2.25
1418,1044,2.25
1419,215,2.25
1419,2,2.25
1419,214,2.25
1419,212,2.25
1419,11,2.25
1419,1,2.25
1420,250,2.25
1420,241,2.25
1420,220,2.25
1420,255,2.25
1420,217,2.25
1420,205,2.25
1420,1,2.25
1420,253,2.25
1420,248,2.25
1420,256,2.25
1420,247,2.25
1421,12,2.25
1422,207,2.25
1423,250,2.25
1423,251,2.25
1423,5,2.25
1423,17,2.25
1423,217,2.25
1423,212,2.25
1423,10,2.25
1423,13,2.25
1423,1,2.25
1423,4,2.25
1423,207,2.25
1423,210,2.25
1423,253,2.25
1423,256,2.25
1423,243,2.25
1424,244,2.25
1424,246,2.25
1425,251,2.25
1425,2,2.25
1425,235,2.25
1425,12,2.25
1425,121,2.25
1425,205,2.25
1425,11,2.25
1425,4,2.25
1425,233,2.25
1426,2,2.25
1426,9,2.25
1428,250,2.25
1428,213,2.25
1428,17,2.25
1428,235,2.25
1428,216,2.25
1428,255,2.25
1428,205,2.25
1428,13,2.25
1428,6,2.25
1428,253,2.25
1428,84,2.25
1428,256,2.25
1429,3,2.25
1429,219,2.25
1429,11,2.25
1429,233,2.25
1430,213,2.25
1430,206,2.25
1430,121,2.25
1430,3,2.25
1430,10,2.25
1430,233,2.25
1430,84,2.25
1430,256,2.25
1430,243,2.25
1431,215,2.25
1431,9,2.25
1431,84,2.25
1432,206,2.25
1432,219,2.25
1432,1,2.25
1432,207,2.25
1432,233,2.25
1432,589,2.25
1432,509,2.25
1433,7,2.25
1433,11,2.25
1433,1485,2.25
1434,121,2.25
1435,234,2.25
1435,310,2.25
1437,1831,2.25
1437,308,2.25
1437,847,2.25
1437,432,2.25
1437,900,2.25
1437,1038,2.25
1437,115,2.25
1437,102,2.25
1438,250,2.25
1438,7,2.25
1438,12,2.25
1438,216,2.25
1438,214,2.25
1438,244,2.25
1438,10,2.25
1438,248,2.25
1438,243,2.25
1438,247,2.25
1439,250,2.25
1439,241,2.25
1439,206,2.25
1439,236,2.25
1439,121,2.25
1439,205,2.25
1439,212,2.25
1439,210,2.25
1439,246,2.25
1439,253,2.25
1439,248,2.25
1440,215,2.25
1440,216,2.25
1440,239,2.25
1440,207,2.25
1442,17,2.25
1442,12,2.25
1442,3,2.25
1442,257,2.25
1442,8,2.25
1443,219,2.25
1443,13,2.25
1443,4,2.25
1443,363,2.25
1443,2050,2.25
1444,215,2.25
1444,7,2.25
1444,236,2.25
1444,216,2.25
1444,255,2.25
1444,211,2.25
1444,244,2.25
1444,8,2.25
1444,233,2.25
1444,6,2.25
1444,246,2.25
1446,2,2.25
1446,12,2.25
1446,216,2.25
1446,239,2.25
1446,10,2.25
1448,250,2.25
1448,17,2.25
1448,12,2.25
1448,247,2.25
1450,9,2.25
1450,10,2.25
1451,251,2.25
1451,9,2.25
1451,255,2.25
1451,234,2.25
1451,214,2.25
1451,245,2.25
1451,254,2.25
1451,13,2.25
1451,4,2.25
1451,253,2.25
1451,256,2.25
1451,596,2.25
1451,836,2.25
1452,17,2.25
1452,214,2.25
1452,425,2.25
1452,468,2.25
1452,1038,2.25
1452,2054,2.25
1452,2056,2.25
1453,215,2.25
1453,251,2.25
1453,213,2.25
1453,206,2.25
1453,205,2.25
1453,244,2.25
1453,10,2.25
1453,246,2.25
1453,248,2.25
1454,250,2.25
1454,17,2.25
1454,121,2.25
1454,245,2.25
1454,244,2.25
1454,1,2.25
1454,207,2.25
1454,249,2.25
1454,256,2.25
1454,247,2.25
1455,2,2.25
1455,1,2.25
1456,218,2.25
1457,7,2.25
1457,220,2.25
1457,9,2.25
1457,216,2.25
1457,255,2.25
1457,211,2.25
1457,217,2.25
1457,3,2.25
1457,244,2.25
1457,1,2.25
1457,257,2.25
1458,250,2.25
1458,220,2.25
1458,212,2.25
1458,244,2.25
1458,246,2.25
1459,1,2.25
1459,658,2.25
1459,273,2.25
1460,251,2.25
1460,213,2.25
1460,17,2.25
1460,235,2.25
1460,233,2.25
1461,213,2.25
1461,241,2.25
1461,12,2.25
1461,217,2.25
1461,254,2.25
1461,13,2.25
1461,1,2.25
1461,4,2.25
1461,84,2.25
1462,215,2.25
1462,239,2.25
1462,3,2.25
1462,247,2.25
1463,7,2.25
1463,11,2.25
1464,206,2.25
1464,211,2.25
1464,244,2.25
1464,8,2.25
1464,6,2.25
1464,246,2.25
1464,253,2.25
1464,243,2.25
1465,250,2.25
1465,5,2.25
1465,17,2.25
1465,211,2.25
1465,217,2.25
1465,10,2.25
1465,4,2.25
1465,6,2.25
1465,84,2.25
1465,247,2.25
1466,3,2.25
1466,1,2.25
1466,207,2.25
1466,1029,2.25
1467,235,2.25
1467,236,2.25
1467,205,2.25
1467,244,2.25
1467,1,2.25
1467,207,2.25
1468,940,2.25
1468,585,2.25
1468,275,2.25
1468,1296,2.25
1469,5,2.25
1469,7,2.25
1469,220,2.25
1469,235,2.25
1469,216,2.25
1469,214,2.25
1469,3,2.25
1469,212,2.25
1470,12,2.25
1470,247,2.25
1471,7,2.25
1472,10,2.25
1474,241,2.25
1474,7,2.25
1474,216,2.25
1474,234,2.25
1474,13,2.25
1474,207,2.25
1474,233,2.25
1474,253,2.25
1474,249,2.25
1475,215,2.25
1475,241,2.25
1475,5,2.25
1475,7,2.25
1475,205,2.25
1475,3,2.25
1475,212,2.25
1475,4,2.25
1476,213,2.25
1476,241,2.25
1476,206,2.25
1476,235,2.25
1476,255,2.25
1476,234,2.25
1476,211,2.25
1476,217,2.25
1476,245,2.25
1476,11,2.25
1476,10,2.25
1476,210,2.25
1476,243,2.25
1478,2,2.25
1478,235,2.25
1478,234,2.25
1478,246,2.25
1478,248,2.25
1478,243,2.25
1480,251,2.25
1480,213,2.25
1480,241,2.25
1480,17,2.25
1480,2,2.25
1480,9,2.25
1480,255,2.25
1480,205,2.25
1480,219,2.25
1480,11,2.25
1480,244,2.25
1480,252,2.25
1480,8,2.25
1480,210,2.25
1480,253,2.25
1481,1038,2.25
1482,11,2.25
1482,10,2.25
1483,250,2.25
1483,5,2.25
1483,2,2.25
1483,245,2.25
1483,219,2.25
1483,8,2.25
1483,84,2.25
1485,11,2.25
1485,291,2.25
1485,2064,2.25
1486,250,2.25
1486,251,2.25
1486,213,2.25
1486,206,2.25
1486,121,2.25
1486,255,2.25
1486,234,2.25
1486,217,2.25
1486,205,2.25
1486,219,2.25
1486,11,2.25
1486,1,2.25
1486,252,2.25
1486,8,2.25
1486,253,2.25
1486,243,2.25
1486,247,2.25
1488,12,2.25
1488,1846,2.25
1488,299,2.25
1489,5,2.25
1489,7,2.25
1489,2,2.25
1489,8,2.25
1489,247,2.25
1491,215,2.25
1491,17,2.25
1491,12,2.25
1491,205,2.25
1491,4,2.25
1491,207,2.25
1491,1655,2.25
1491,1392,2.25
1491,882,2.25
1491,623,2.25
1491,693,2.25
1491,183,2.25
1491,1952,2.25
1491,1565,2.25
1491,371,2.25
1492,3,2.25
1493,1980,2.25
1494,3,2.25
1495,7,2.25
1496,1,2.25
1496,781,2.25
1496,668,2.25
1496,243,2.25
1496,389,2.25
1496,755,2.25
1496,335,2.25
1496,1035,2.25
1496,1936,2.25
1496,1937,2.25
1496,1939,2.25
1496,1940,2.25
1496,1802,2.25
1496,681,2.25
1497,534,2.25
1497,2069,2.25
1497,2070,2.25
1498,7,2.25
1498,220,2.25
1498,235,2.25
1498,236,2.25
1498,12,2.25
1498,234,2.25
1498,214,2.25
1498,239,2.25
1498,219,2.25
1498,10,2.25
1498,252,2.25
1498,6,2.25
1498,84,2.25
1498,256,2.25
1498,247,2.25
1499,220,2.25
1499,235,2.25
1499,9,2.25
1499,205,2.25
1499,212,2.25
1499,244,2.25
1499,207,2.25
1499,249,2.25
1499,256,2.25
1499,247,2.25
1500,219,2.25
1500,13,2.25
1501,250,2.25
1501,251,2.25
1501,5,2.25
1501,220,2.25
1501,17,2.25
1501,236,2.25
1501,121,2.25
1501,216,2.25
1501,234,2.25
1501,3,2.25
1501,13,2.25
1501,252,2.25
1501,248,2.25
1502,250,2.25
1502,17,2.25
1502,121,2.25
1502,255,2.25
1502,211,2.25
1502,217,2.25
1502,245,2.25
1502,3,2.25
1502,212,2.25
1502,8,2.25
1502,243,2.25
1502,247,2.25
1503,2,2.25
1504,220,2.25
1504,245,2.25
1504,239,2.25
1504,207,2.25
1505,12,2.25
1505,211,2.25
1505,239,2.25
1505,1,2.25
1505,675,2.25
1505,389,2.25
1507,219,2.25
1508,5,2.25
1508,12,2.25
1508,9,2.25
1508,3,2.25
1508,219,2.25
1508,11,2.25
1508,1,2.25
1508,8,2.25
1508,84,2.25
1,11,2.25
1,4,2.25
3,26,2.25
3,148,2.25
3,160,2.25
3,169,2.25
3,189,2.25
3,20,2.25
3,24,2.25
3,96,2.25
3,61,2.25
3,150,2.25
3,179,2.25
3,146,2.25
3,67,2.25
3,158,2.25
3,191,2.25
3,51,2.25
3,38,2.25
3,196,2.25
3,134,2.25
3,30,2.25
3,35,2.25
3,41,2.25
3,44,2.25
3,49,2.25
3,52,2.25
3,54,2.25
3,68,2.25
3,74,2.25
3,99,2.25
3,106,2.25
3,107,2.25
3,109,2.25
3,129,2.25
3,138,2.25
3,145,2.25
3,177,2.25
3,188,2.25
3,193,2.25
3,203,2.25
4,207,2.25
6,209,2.25
7,216,2.25
7,3,2.25
7,212,2.25
7,13,2.25
10,213,2.25
11,206,2.25
12,220,2.25
12,207,2.25
13,218,2.25
13,223,2.25
13,224,2.25
13,229,2.25
14,211,2.25
16,7,2.25
16,12,2.25
17,237,2.25
19,2,2.25
19,240,2.25
21,215,2.25
21,250,2.25
21,12,2.25
21,211,2.25
21,239,2.25
21,11,2.25
21,1,2.25
21,252,2.25
23,9,2.25
23,8,2.25
24,259,2.25
25,12,2.25
25,10,2.25
25,1,2.25
25,252,2.25
25,253,2.25
25,248,2.25
25,247,2.25
26,214,2.25
27,213,2.25
27,234,2.25
27,205,2.25
27,239,2.25
27,219,2.25
27,252,2.25
27,263,2.25
28,235,2.25
28,245,2.25
28,239,2.25
28,254,2.25
28,11,2.25
28,257,2.25
28,4,2.25
28,246,2.25
28,248,2.25
28,249,2.25
29,218,2.25
29,299,2.25
29,287,2.25
29,266,2.25
29,274,2.25
29,283,2.25
29,271,2.25
29,277,2.25
29,279,2.25
29,280,2.25
29,303,2.25
30,250,2.25
30,251,2.25
30,212,2.25
30,10,2.25
30,4,2.25
30,207,2.25
30,233,2.25
30,253,2.25
30,84,2.25
30,248,2.25
31,2,2.25
32,12,2.25
33,2,2.25
33,1,2.25
33,257,2.25
34,7,2.25
34,17,2.25
34,219,2.25
34,11,2.25
34,10,2.25
34,1,2.25
35,2,2.25
35,9,2.25
36,241,2.25
36,5,2.25
36,17,2.25
36,12,2.25
36,205,2.25
37,215,2.25
37,250,2.25
37,5,2.25
37,2,2.25
37,219,2.25
37,212,2.25
37,84,2.25
37,243,2.25
38,241,2.25
38,5,2.25
38,12,2.25
38,239,2.25
38,11,2.25
38,10,2.25
38,4,2.25
38,233,2.25
38,246,2.25
38,253,2.25
38,248,2.25
38,247,2.25
39,241,2.25
39,7,2.25
39,12,2.25
39,8,2.25
41,215,2.25
41,216,2.25
42,213,2.25
43,11,2.25
43,13,2.25
44,11,2.25
44,13,2.25
45,216,2.25
45,11,2.25
45,256,2.25
46,5,2.25
46,254,2.25
46,10,2.25
46,207,2.25
50,241,2.25
50,5,2.25
50,2,2.25
50,235,2.25
50,255,2.25
50,3,2.25
50,84,2.25
51,235,2.25
51,323,2.25
51,327,2.25
51,319,2.25
52,215,2.25
52,11,2.25
53,215,2.25
53,241,2.25
53,7,2.25
53,17,2.25
53,2,2.25
53,216,2.25
53,234,2.25
53,217,2.25
53,219,2.25
53,11,2.25
53,247,2.25
55,17,2.25
55,235,2.25
55,9,2.25
55,3,2.25
55,10,2.25
55,8,2.25
55,84,2.25
56,215,2.25
56,211,2.25
56,219,2.25
56,11,2.25
56,1,2.25
56,8,2.25
56,339,2.25
56,335,2.25
56,337,2.25
60,215,2.25
61,12,2.25
61,211,2.25
61,1,2.25
63,218,2.25
63,278,2.25
63,346,2.25
64,213,2.25
64,9,2.25
64,211,2.25
64,217,2.25
64,205,2.25
64,214,2.25
64,4,2.25
64,8,2.25
64,246,2.25
64,247,2.25
65,7,2.25
66,210,2.25
66,351,2.25
67,250,2.25
67,235,2.25
67,236,2.25
67,234,2.25
67,245,2.25
67,257,2.25
67,4,2.25
67,6,2.25
68,250,2.25
68,213,2.25
68,5,2.25
68,235,2.25
68,236,2.25
68,255,2.25
68,211,2.25
68,245,2.25
68,212,2.25
68,244,2.25
68,252,2.25
68,257,2.25
68,4,2.25
68,207,2.25
68,246,2.25
68,243,2.25
69,205,2.25
69,219,2.25
69,8,2.25
70,215,2.25
70,2,2.25
70,9,2.25
71,10,2.25
72,215,2.25
72,213,2.25
72,241,2.25
72,206,2.25
72,236,2.25
72,239,2.25
72,3,2.25
72,254,2.25
72,257,2.25
72,233,2.25
73,215,2.25
73,2,2.25
73,236,2.25
73,12,2.25
73,9,2.25
73,121,2.25
73,211,2.25
73,11,2.25
73,244,2.25
73,4,2.25
73,246,2.25
73,249,2.25
75,7,2.25
75,216,2.25
75,207,2.25
78,368,2.25
78,356,2.25
78,360,2.25
78,177,2.25
78,353,2.25
78,354,2.25
78,374,2.25
78,379,2.25
79,255,2.25
79,233,2.25
79,218,2.25
79,248,2.25
79,451,2.25
79,318,2.25
79,453,2.25
79,454,2.25
79,273,2.25
79,335,2.25
79,418,2.25
79,514,2.25
79,304,2.25
79,500,2.25
79,442,2.25
79,414,2.25
79,361,2.25
79,378,2.25
79,426,2.25
79,395,2.25
79,463,2.25
79,497,2.25
79,386,2.25
79,409,2.25
79,466,2.25
79,506,2.25
79,518,2.25
80,235,2.25
80,207,2.25
80,512,2.25
81,489,2.25
81,539,2.25
81,525,2.25
81,530,2.25
81,545,2.25
81,531,2.25
81,546,2.25
82,236,2.25
82,12,2.25
83,216,2.25
83,211,2.25
83,205,2.25
83,239,2.25
83,1,2.25
83,246,2.25
83,84,2.25
83,248,2.25
83,243,2.25
84,213,2.25
84,255,2.25
84,219,2.25
84,11,2.25
84,1,2.25
85,7,2.25
85,255,2.25
85,211,2.25
85,11,2.25
85,4,2.25
85,8,2.25
86,213,2.25
86,11,2.25
86,257,2.25
86,8,2.25
86,210,2.25
86,84,2.25
86,248,2.25
87,239,2.25
88,17,2.25
88,211,2.25
89,211,2.25
90,214,2.25
90,3,2.25
90,11,2.25
91,220,2.25
91,121,2.25
91,252,2.25
91,8,2.25
91,242,2.25
91,559,2.25
91,567,2.25
91,441,2.25
91,553,2.25
91,556,2.25
91,576,2.25
92,215,2.25
92,213,2.25
92,241,2.25
92,255,2.25
92,219,2.25
92,254,2.25
92,1,2.25
93,3,2.25
93,1,2.25
93,4,2.25
93,207,2.25
94,7,2.25
95,215,2.25
95,2,2.25
95,211,2.25
95,11,2.25
95,4,2.25
95,210,2.25
95,578,2.25
96,5,2.25
96,2,2.25
96,255,2.25
96,239,2.25
96,13,2.25
96,252,2.25
96,257,2.25
96,253,2.25
96,84,2.25
97,215,2.25
97,241,2.25
97,211,2.25
97,217,2.25
97,212,2.25
97,244,2.25
97,8,2.25
97,6,2.25
97,84,2.25
97,249,2.25
97,243,2.25
97,247,2.25
98,12,2.25
98,589,2.25
98,318,2.25
98,594,2.25
98,584,2.25
98,309,2.25
98,522,2.25
98,586,2.25
99,215,2.25
99,239,2.25
99,254,2.25
99,207,2.25
102,12,2.25
102,3,2.25
103,459,2.25
104,213,2.25
105,254,2.25
105,257,2.25
106,213,2.25
106,12,2.25
106,239,2.25
106,10,2.25
107,7,2.25
107,220,2.25
107,216,2.25
107,211,2.25
107,217,2.25
107,205,2.25
107,219,2.25
107,598,2.25
108,10,2.25
109,604,2.25
109,512,2.25
109,59,2.25
109,601,2.25
110,235,2.25
110,205,2.25
110,219,2.25
111,215,2.25
111,241,2.25
111,7,2.25
111,216,2.25
111,217,2.25
111,239,2.25
111,11,2.25
111,10,2.25
111,207,2.25
111,8,2.25
111,233,2.25
111,210,2.25
111,249,2.25
112,12,2.25
112,1,2.25
112,207,2.25
112,609,2.25
114,7,2.25
114,220,2.25
114,214,2.25
114,3,2.25
114,10,2.25
115,241,2.25
115,5,2.25
115,7,2.25
115,219,2.25
115,84,2.25
116,220,2.25
116,9,2.25
116,11,2.25
116,4,2.25
116,299,2.25
117,10,2.25
119,4,2.25
120,250,2.25
120,17,2.25
120,12,2.25
120,245,2.25
120,219,2.25
120,207,2.25
121,250,2.25
121,241,2.25
121,5,2.25
121,220,2.25
121,235,2.25
121,236,2.25
121,12,2.25
121,211,2.25
121,239,2.25
121,244,2.25
121,8,2.25
121,218,2.25
121,243,2.25
121,247,2.25
122,220,2.25
122,2,2.25
122,207,2.25
123,206,2.25
123,235,2.25
123,4,2.25
123,207,2.25
124,251,2.25
124,241,2.25
124,5,2.25
124,17,2.25
124,2,2.25
124,216,2.25
124,234,2.25
124,11,2.25
124,13,2.25
124,4,2.25
125,7,2.25
125,11,2.25
125,4,2.25
126,12,2.25
126,245,2.25
127,1,2.25
127,613,2.25
127,614,2.25
128,250,2.25
128,7,2.25
128,2,2.25
128,234,2.25
128,211,2.25
128,3,2.25
128,254,2.25
128,10,2.25
128,252,2.25
128,4,2.25
128,233,2.25
128,210,2.25
128,249,2.25
128,256,2.25
129,17,2.25
129,235,2.25
129,245,2.25
129,219,2.25
130,234,2.25
130,239,2.25
130,10,2.25
130,1,2.25
133,5,2.25
134,241,2.25
136,215,2.25
136,255,2.25
136,219,2.25
136,11,2.25
136,622,2.25
136,625,2.25
136,634,2.25
136,630,2.25
136,643,2.25
137,213,2.25
137,2,2.25
137,236,2.25
137,12,2.25
137,234,2.25
137,217,2.25
137,239,2.25
137,244,2.25
137,257,2.25
137,207,2.25
137,246,2.25
137,253,2.25
137,249,2.25
138,7,2.25
138,2,2.25
138,9,2.25
138,245,2.25
138,239,2.25
138,11,2.25
138,244,2.25
138,13,2.25
138,6,2.25
138,210,2.25
138,84,2.25
138,256,2.25
139,5,2.25
139,220,2.25
139,235,2.25
139,9,2.25
139,217,2.25
139,205,2.25
139,214,2.25
139,245,2.25
139,254,2.25
139,11,2.25
139,246,2.25
139,248,2.25
139,256,2.25
140,11,2.25
142,250,2.25
142,212,2.25
142,252,2.25
142,425,2.25
143,431,2.25
144,7,2.25
144,211,2.25
144,219,2.25
144,1,2.25
144,4,2.25
144,434,2.25
145,257,2.25
146,17,2.25
146,12,2.25
146,214,2.25
146,3,2.25
146,11,2.25
146,207,2.25
146,210,2.25
146,253,2.25
147,5,2.25
147,7,2.25
147,206,2.25
147,220,2.25
147,13,2.25
147,1,2.25
147,210,2.25
147,253,2.25
147,256,2.25
148,206,2.25
148,2,2.25
148,235,2.25
150,215,2.25
150,213,2.25
150,7,2.25
150,235,2.25
150,13,2.25
150,210,2.25
150,253,2.25
150,243,2.25
150,282,2.25
150,663,2.25
151,206,2.25
151,9,2.25
151,3,2.25
151,1,2.25
152,250,2.25
152,211,2.25
152,207,2.25
152,246,2.25
153,468,2.25
154,2,2.25
154,13,2.25
154,669,2.25
154,673,2.25
155,250,2.25
155,206,2.25
155,236,2.25
155,9,2.25
155,214,2.25
155,239,2.25
155,11,2.25
155,10,2.25
155,1,2.25
155,248,2.25
155,243,2.25
156,220,2.25
156,121,2.25
156,6,2.25
156,246,2.25
156,249,2.25
156,247,2.25
157,2,2.25
157,13,2.25
158,7,2.25
158,11,2.25
159,2,2.25
160,251,2.25
160,213,2.25
160,5,2.25
160,207,2.25
161,250,2.25
161,7,2.25
161,211,2.25
161,219,2.25
161,207,2.25
161,691,2.25
161,352,2.25
161,719,2.25
161,713,2.25
161,597,2.25
161,655,2.25
161,365,2.25
161,617,2.25
161,584,2.25
161,453,2.25
161,307,2.25
161,454,2.25
161,486,2.25
161,335,2.25
161,702,2.25
161,588,2.25
161,528,2.25
161,722,2.25
161,20,2.25
161,423,2.25
161,490,2.25
161,383,2.25
161,93,2.25
161,694,2.25
161,28,2.25
161,729,2.25
161,305,2.25
161,268,2.25
161,681,2.25
161,314,2.25
161,677,2.25
161,740,2.25
161,752,2.25
161,754,2.25
161,768,2.25
163,17,2.25
164,397,2.25
164,780,2.25
164,779,2.25
164,771,2.25
164,774,2.25
164,776,2.25
164,782,2.25
165,219,2.25
165,388,2.25
165,431,2.25
165,664,2.25
165,802,2.25
166,215,2.25
166,250,2.25
166,235,2.25
166,12,2.25
166,207,2.25
167,11,2.25
167,10,2.25
167,8,2.25
167,233,2.25
168,213,2.25
168,7,2.25
168,12,2.25
168,9,2.25
168,217,2.25
168,254,2.25
168,8,2.25
168,6,2.25
168,210,2.25
169,213,2.25
169,241,2.25
169,9,2.25
169,219,2.25
169,244,2.25
169,1,2.25
169,207,2.25
171,17,2.25
171,234,2.25
171,211,2.25
171,214,2.25
171,219,2.25
171,254,2.25
171,8,2.25
172,235,2.25
172,12,2.25
172,234,2.25
172,214,2.25
172,11,2.25
172,207,2.25
172,210,2.25
173,215,2.25
173,236,2.25
173,12,2.25
174,5,2.25
174,12,2.25
174,121,2.25
174,216,2.25
174,217,2.25
174,205,2.25
174,254,2.25
174,10,2.25
174,252,2.25
174,6,2.25
174,249,2.25
174,243,2.25
175,5,2.25
175,7,2.25
175,2,2.25
175,3,2.25
175,4,2.25
176,215,2.25
176,250,2.25
176,251,2.25
176,236,2.25
176,234,2.25
176,3,2.25
176,11,2.25
176,244,2.25
176,10,2.25
176,1,2.25
176,257,2.25
176,233,2.25
176,243,2.25
178,206,2.25
178,2,2.25
178,234,2.25
178,3,2.25
178,11,2.25
178,252,2.25
179,251,2.25
179,219,2.25
179,1,2.25
180,7,2.25
181,215,2.25
181,234,2.25
182,2,2.25
182,246,2.25
183,215,2.25
183,213,2.25
183,211,2.25
183,217,2.25
183,205,2.25
183,212,2.25
183,10,2.25
183,257,2.25
183,6,2.25
183,253,2.25
183,249,2.25
183,256,2.25
184,11,2.25
185,7,2.25
185,220,2.25
185,236,2.25
185,9,2.25
185,205,2.25
185,219,2.25
185,10,2.25
185,257,2.25
187,236,2.25
187,234,2.25
187,211,2.25
188,213,2.25
188,5,2.25
188,520,2.25
188,236,2.25
188,3,2.25
188,10,2.25
188,13,2.25
188,1,2.25
188,293,2.25
188,70,2.25
188,717,2.25
188,397,2.25
188,696,2.25
188,835,2.25
188,810,2.25
188,716,2.25
188,746,2.25
188,732,2.25
188,750,2.25
188,820,2.25
188,837,2.25
188,819,2.25
188,196,2.25
188,811,2.25
188,83,2.25
188,812,2.25
188,840,2.25
188,814,2.25
188,822,2.25
188,831,2.25
189,241,2.25
189,220,2.25
189,236,2.25
189,255,2.25
189,3,2.25
189,244,2.25
189,10,2.25
189,13,2.25
190,5,2.25
190,220,2.25
190,17,2.25
190,254,2.25
190,13,2.25
190,252,2.25
190,257,2.25
190,4,2.25
190,6,2.25
190,256,2.25
191,11,2.25
191,13,2.25
191,1,2.25
192,7,2.25
193,5,2.25
193,17,2.25
193,214,2.25
193,13,2.25
195,2,2.25
195,4,2.25
196,10,2.25
197,9,2.25
197,211,2.25
197,217,2.25
197,205,2.25
197,212,2.25
197,254,2.25
197,4,2.25
197,256,2.25
198,7,2.25
198,236,2.25
198,121,2.25
198,217,2.25
198,214,2.25
198,13,2.25
198,6,2.25
198,246,2.25
198,253,2.25
198,256,2.25
198,243,2.25
198,247,2.25
199,2,2.25
199,236,2.25
199,3,2.25
199,339,2.25
199,668,2.25
199,658,2.25
199,675,2.25
199,879,2.25
199,719,2.25
199,521,2.25
199,91,2.25
199,895,2.25
199,806,2.25
199,536,2.25
199,857,2.25
199,876,2.25
199,303,2.25
199,518,2.25
199,846,2.25
199,849,2.25
199,853,2.25
199,856,2.25
199,860,2.25
199,865,2.25
199,871,2.25
199,886,2.25
199,889,2.25
199,891,2.25
199,894,2.25
199,896,2.25
200,7,2.25
200,3,2.25
200,207,2.25
200,460,2.25
200,392,2.25
201,241,2.25
201,5,2.25
201,217,2.25
201,254,2.25
201,257,2.25
201,207,2.25
201,903,2.25
202,236,2.25
202,216,2.25
202,212,2.25
202,252,2.25
202,257,2.25
202,248,2.25
204,5,2.25
204,220,2.25
204,12,2.25
204,121,2.25
204,234,2.25
204,211,2.25
204,205,2.25
204,219,2.25
204,1,2.25
204,4,2.25
204,207,2.25
204,256,2.25
205,213,2.25
205,121,2.25
205,217,2.25
205,212,2.25
205,252,2.25
206,213,2.25
206,5,2.25
206,121,2.25
206,211,2.25
206,205,2.25
206,3,2.25
206,11,2.25
206,252,2.25
206,253,2.25
207,13,2.25
208,251,2.25
208,220,2.25
208,2,2.25
208,12,2.25
208,9,2.25
208,216,2.25
208,234,2.25
208,205,2.25
208,214,2.25
208,219,2.25
208,257,2.25
208,910,2.25
208,912,2.25
209,251,2.25
209,5,2.25
209,206,2.25
209,234,2.25
209,8,2.25
209,6,2.25
209,248,2.25
209,243,2.25
211,8,2.25
212,7,2.25
212,239,2.25
213,714,2.25
214,211,2.25
214,212,2.25
214,13,2.25
215,2,2.25
215,216,2.25
215,239,2.25
215,1,2.25
215,4,2.25
216,9,2.25
216,10,2.25
216,207,2.25
217,239,2.25
218,213,2.25
218,5,2.25
218,7,2.25
218,236,2.25
218,12,2.25
218,9,2.25
218,211,2.25
218,217,2.25
218,11,2.25
218,13,2.25
218,4,2.25
218,249,2.25
220,241,2.25
220,6,2.25
222,213,2.25
223,215,2.25
223,7,2.25
223,2,2.25
223,12,2.25
223,234,2.25
223,211,2.25
223,219,2.25
223,257,2.25
223,210,2.25
223,218,2.25
223,249,2.25
223,243,2.25
223,247,2.25
224,234,2.25
224,4,2.25
224,207,2.25
225,250,2.25
225,251,2.25
225,5,2.25
225,7,2.25
225,1,2.25
225,249,2.25
227,215,2.25
227,213,2.25
227,241,2.25
227,17,2.25
227,2,2.25
227,234,2.25
227,245,2.25
227,239,2.25
227,212,2.25
227,13,2.25
227,210,2.25
227,84,2.25
227,256,2.25
228,236,2.25
228,12,2.25
229,404,2.25
231,16,2.25
231,920,2.25
232,211,2.25
232,219,2.25
234,7,2.25
234,2,2.25
234,12,2.25
234,219,2.25
234,1,2.25
234,4,2.25
235,241,2.25
235,5,2.25
235,220,2.25
235,121,2.25
235,205,2.25
235,233,2.25
236,2,2.25
236,11,2.25
236,13,2.25
237,220,2.25
237,12,2.25
237,11,2.25
237,1,2.25
237,4,2.25
238,206,2.25
238,121,2.25
238,216,2.25
238,255,2.25
238,239,2.25
238,254,2.25
238,10,2.25
238,13,2.25
238,233,2.25
239,205,2.25
239,247,2.25
240,17,2.25
240,2,2.25
240,205,2.25
240,210,2.25
240,84,2.25
243,5,2.25
243,220,2.25
243,17,2.25
243,211,2.25
243,923,2.25
243,930,2.25
243,694,2.25
243,779,2.25
243,924,2.25
243,929,2.25
243,931,2.25
244,236,2.25
244,11,2.25
244,6,2.25
245,7,2.25
245,211,2.25
245,214,2.25
245,212,2.25
245,254,2.25
245,207,2.25
245,233,2.25
245,210,2.25
245,246,2.25
245,253,2.25
245,249,2.25
245,243,2.25
245,247,2.25
247,279,2.25
248,251,2.25
248,220,2.25
248,10,2.25
248,408,2.25
248,935,2.25
249,215,2.25
249,251,2.25
249,220,2.25
249,17,2.25
249,219,2.25
249,11,2.25
249,244,2.25
249,252,2.25
249,233,2.25
250,5,2.25
250,2,2.25
250,12,2.25
250,234,2.25
250,214,2.25
250,245,2.25
250,212,2.25
250,10,2.25
250,1,2.25
250,246,2.25
250,253,2.25
250,84,2.25
251,241,2.25
251,220,2.25
255,5,2.25
255,205,2.25
258,7,2.25
258,235,2.25
258,10,2.25
259,250,2.25
259,251,2.25
259,245,2.25
259,10,2.25
259,84,2.25
260,7,2.25
261,215,2.25
261,84,2.25
261,256,2.25
262,7,2.25
262,235,2.25
262,245,2.25
263,12,2.25
263,205,2.25
264,205,2.25
264,3,2.25
264,11,2.25
264,10,2.25
264,1,2.25
264,938,2.25
265,211,2.25
265,214,2.25
265,3,2.25
265,254,2.25
265,11,2.25
265,13,2.25
265,4,2.25
265,253,2.25
265,243,2.25
265,247,2.25
266,219,2.25
269,7,2.25
269,2,2.25
270,236,2.25
270,12,2.25
270,217,2.25
270,245,2.25
270,219,2.25
270,212,2.25
270,244,2.25
270,1,2.25
270,247,2.25
271,251,2.25
271,5,2.25
271,220,2.25
271,2,2.25
271,235,2.25
271,211,2.25
271,205,2.25
271,11,2.25
271,210,2.25
271,247,2.25
272,520,2.25
272,2,2.25
272,12,2.25
272,13,2.25
272,8,2.25
272,781,2.25
272,293,2.25
272,70,2.25
272,721,2.25
272,352,2.25
272,592,2.25
272,657,2.25
272,480,2.25
272,299,2.25
272,604,2.25
272,715,2.25
272,597,2.25
272,701,2.25
272,684,2.25
272,598,2.25
272,944,2.25
272,923,2.25
272,735,2.25
272,705,2.25
272,59,2.25
272,304,2.25
272,659,2.25
272,1010,2.25
272,949,2.25
272,536,2.25
272,750,2.25
272,947,2.25
272,959,2.25
272,595,2.25
272,52,2.25
272,379,2.25
272,679,2.25
272,688,2.25
272,710,2.25
272,720,2.25
272,740,2.25
272,889,2.25
272,924,2.25
272,965,2.25
272,967,2.25
272,970,2.25
272,971,2.25
272,987,2.25
272,999,2.25
272,1003,2.25
272,1005,2.25
272,1008,2.25
272,1009,2.25
273,5,2.25
273,17,2.25
273,12,2.25
273,205,2.25
273,1,2.25
273,659,2.25
274,9,2.25
274,216,2.25
274,255,2.25
274,234,2.25
274,212,2.25
274,11,2.25
274,10,2.25
274,4,2.25
274,246,2.25
274,643,2.25
276,241,2.25
276,235,2.25
276,12,2.25
276,205,2.25
276,239,2.25
276,212,2.25
276,11,2.25
276,10,2.25
276,13,2.25
276,4,2.25
276,207,2.25
276,210,2.25
278,206,2.25
278,1,2.25
278,336,2.25
278,91,2.25
278,1023,2.25
278,363,2.25
278,1021,2.25
279,250,2.25
279,213,2.25
279,7,2.25
279,220,2.25
279,9,2.25
279,214,2.25
279,219,2.25
279,10,2.25
279,13,2.25
279,252,2.25
279,6,2.25
280,251,2.25
280,236,2.25
280,239,2.25
280,10,2.25
280,233,2.25
280,6,2.25
280,247,2.25
281,12,2.25
281,121,2.25
281,255,2.25
281,217,2.25
281,252,2.25
281,246,2.25
281,256,2.25
281,243,2.25
282,5,2.25
282,235,2.25
283,213,2.25
283,239,2.25
283,219,2.25
283,1025,2.25
284,233,2.25
284,1031,2.25
284,1028,2.25
284,1032,2.25
284,1030,2.25
285,12,2.25
285,9,2.25
285,588,2.25
286,235,2.25
286,236,2.25
286,121,2.25
286,219,2.25
286,10,2.25
286,13,2.25
286,246,2.25
288,207,2.25
290,206,2.25
290,1,2.25
290,257,2.25
291,239,2.25
291,4,2.25
291,210,2.25
292,215,2.25
292,7,2.25
292,236,2.25
292,12,2.25
292,121,2.25
292,212,2.25
292,11,2.25
292,207,2.25
293,250,2.25
293,213,2.25
293,206,2.25
293,205,2.25
293,214,2.25
293,10,2.25
293,248,2.25
293,256,2.25
294,220,2.25
294,235,2.25
294,234,2.25
294,11,2.25
294,8,2.25
294,233,2.25
294,248,2.25
294,243,2.25
295,251,2.25
295,236,2.25
295,9,2.25
295,255,2.25
295,252,2.25
295,243,2.25
296,251,2.25
296,121,2.25
296,234,2.25
296,205,2.25
297,235,2.25
298,235,2.25
298,211,2.25
298,205,2.25
298,294,2.25
298,247,2.25
298,337,2.25
299,213,2.25
299,241,2.25
299,236,2.25
299,12,2.25
299,255,2.25
299,234,2.25
299,205,2.25
299,245,2.25
299,212,2.25
299,11,2.25
299,13,2.25
300,347,2.25
300,638,2.25
300,719,2.25
300,1043,2.25
300,1060,2.25
300,929,2.25
300,999,2.25
300,1049,2.25
300,1055,2.25
300,1063,2.25
301,6,2.25
301,249,2.25
302,215,2.25
302,250,2.25
302,213,2.25
302,2,2.25
302,236,2.25
302,11,2.25
302,1,2.25
302,252,2.25
302,4,2.25
302,207,2.25
302,253,2.25
302,84,2.25
303,215,2.25
303,241,2.25
303,9,2.25
303,244,2.25
303,13,2.25
305,350,2.25
306,17,2.25
307,443,2.25
308,7,2.25
308,235,2.25
308,205,2.25
308,244,2.25
308,6,2.25
308,489,2.25
308,451,2.25
308,148,2.25
308,434,2.25
308,240,2.25
308,1080,2.25
308,1118,2.25
308,1087,2.25
308,1082,2.25
308,497,2.25
308,887,2.25
308,495,2.25
308,1079,2.25
308,1092,2.25
308,1100,2.25
308,1104,2.25
308,1107,2.25
308,1113,2.25
308,1119,2.25
309,236,2.25
309,252,2.25
309,242,2.25
310,787,2.25
310,1121,2.25
310,446,2.25
311,5,2.25
311,11,2.25
311,4,2.25
312,251,2.25
312,213,2.25
312,5,2.25
312,17,2.25
312,2,2.25
312,1054,2.25
312,398,2.25
313,211,2.25
313,205,2.25
313,10,2.25
313,210,2.25
313,699,2.25
313,31,2.25
313,1126,2.25
313,1125,2.25
314,7,2.25
314,220,2.25
314,2,2.25
314,11,2.25
315,250,2.25
315,213,2.25
315,7,2.25
315,207,2.25
316,215,2.25
316,241,2.25
316,5,2.25
316,2,2.25
316,236,2.25
316,9,2.25
316,121,2.25
316,234,2.25
316,11,2.25
316,10,2.25
316,1,2.25
316,4,2.25
316,246,2.25
316,1135,2.25
316,1139,2.25
316,1142,2.25
316,1150,2.25
317,13,2.25
317,207,2.25
317,336,2.25
318,215,2.25
318,234,2.25
318,11,2.25
319,206,2.25
319,220,2.25
319,121,2.25
319,216,2.25
319,211,2.25
319,212,2.25
319,244,2.25
319,257,2.25
320,213,2.25
320,236,2.25
320,219,2.25
320,4,2.25
320,1171,2.25
320,1167,2.25
320,1168,2.25
320,1170,2.25
321,211,2.25
321,205,2.25
321,207,2.25
322,7,2.25
322,2,2.25
322,11,2.25
322,4,2.25
323,7,2.25
323,205,2.25
323,10,2.25
323,13,2.25
323,689,2.25
323,675,2.25
323,609,2.25
323,592,2.25
323,318,2.25
323,604,2.25
323,835,2.25
323,699,2.25
323,598,2.25
323,760,2.25
323,593,2.25
323,287,2.25
323,875,2.25
323,702,2.25
323,1184,2.25
323,1188,2.25
324,2,2.25
324,236,2.25
324,12,2.25
324,3,2.25
324,207,2.25
325,250,2.25
325,213,2.25
325,2,2.25
325,216,2.25
325,217,2.25
325,210,2.25
325,246,2.25
326,213,2.25
326,7,2.25
326,2,2.25
326,236,2.25
326,217,2.25
326,11,2.25
326,4,2.25
327,211,2.25
327,205,2.25
328,250,2.25
328,213,2.25
328,235,2.25
328,255,2.25
328,217,2.25
328,245,2.25
328,239,2.25
328,219,2.25
328,257,2.25
328,207,2.25
328,253,2.25
329,5,2.25
329,206,2.25
330,213,2.25
330,255,2.25
330,217,2.25
330,214,2.25
330,13,2.25
330,252,2.25
330,257,2.25
330,4,2.25
331,250,2.25
331,220,2.25
331,216,2.25
331,234,2.25
331,205,2.25
331,3,2.25
331,13,2.25
332,2,2.25
333,5,2.25
333,220,2.25
333,11,2.25
334,7,2.25
334,219,2.25
334,1,2.25
334,207,2.25
334,243,2.25
335,215,2.25
335,206,2.25
335,235,2.25
335,12,2.25
335,216,2.25
335,205,2.25
335,11,2.25
335,246,2.25
336,17,2.25
336,2,2.25
337,8,2.25
338,2,2.25
338,8,2.25
339,5,2.25
339,7,2.25
339,206,2.25
339,207,2.25
341,250,2.25
341,251,2.25
341,7,2.25
341,216,2.25
343,3,2.25
344,17,2.25
344,257,2.25
344,207,2.25
345,17,2.25
345,2,2.25
345,4,2.25
345,207,2.25
346,5,2.25
346,7,2.25
346,206,2.25
346,17,2.25
346,2,2.25
346,255,2.25
346,10,2.25
346,8,2.25
346,6,2.25
346,249,2.25
347,242,2.25
347,55,2.25
347,1123,2.25
347,1124,2.25
347,330,2.25
347,1121,2.25
347,134,2.25
347,23,2.25
347,101,2.25
347,111,2.25
347,140,2.25
348,236,2.25
348,12,2.25
349,215,2.25
349,220,2.25
349,17,2.25
349,236,2.25
349,121,2.25
349,234,2.25
349,254,2.25
349,8,2.25
349,6,2.25
349,248,2.25
350,215,2.25
350,5,2.25
350,7,2.25
350,205,2.25
350,239,2.25
350,3,2.25
350,11,2.25
350,10,2.25
350,1,2.25
350,4,2.25
350,233,2.25
350,6,2.25
350,247,2.25
352,215,2.25
352,250,2.25
352,7,2.25
352,217,2.25
352,13,2.25
352,233,2.25
352,6,2.25
352,249,2.25
352,247,2.25
353,211,2.25
353,212,2.25
353,10,2.25
353,252,2.25
353,207,2.25
353,247,2.25
354,5,2.25
354,4,2.25
354,207,2.25
354,233,2.25
355,12,2.25
355,9,2.25
355,255,2.25
355,217,2.25
355,212,2.25
355,13,2.25
355,242,2.25
355,787,2.25
355,347,2.25
355,589,2.25
355,148,2.25
355,427,2.25
355,488,2.25
355,414,2.25
355,452,2.25
355,378,2.25
355,472,2.25
355,396,2.25
355,411,2.25
356,5,2.25
356,214,2.25
356,1,2.25
357,7,2.25
357,17,2.25
358,2,2.25
358,10,2.25
359,5,2.25
359,211,2.25
359,205,2.25
359,245,2.25
359,13,2.25
359,1,2.25
359,257,2.25
359,207,2.25
360,251,2.25
361,11,2.25
361,218,2.25
361,253,2.25
361,1101,2.25
361,794,2.25
361,1003,2.25
362,250,2.25
362,236,2.25
362,9,2.25
362,255,2.25
362,205,2.25
362,214,2.25
362,4,2.25
363,239,2.25
363,10,2.25
364,7,2.25
365,215,2.25
365,250,2.25
365,17,2.25
365,216,2.25
365,205,2.25
365,214,2.25
365,245,2.25
365,239,2.25
365,3,2.25
365,11,2.25
365,244,2.25
365,4,2.25
365,253,2.25
365,84,2.25
366,5,2.25
367,250,2.25
367,241,2.25
367,206,2.25
367,234,2.25
367,245,2.25
367,212,2.25
368,5,2.25
368,206,2.25
368,236,2.25
368,12,2.25
368,3,2.25
368,11,2.25
368,8,2.25
368,210,2.25
369,1207,2.25
370,215,2.25
370,235,2.25
370,207,2.25
372,207,2.25
373,248,2.25
374,235,2.25
374,9,2.25
374,234,2.25
374,3,2.25
374,212,2.25
374,244,2.25
374,10,2.25
374,233,2.25
374,253,2.25
374,249,2.25
375,5,2.25
375,17,2.25
375,236,2.25
376,2,2.25
378,251,2.25
378,17,2.25
378,211,2.25
378,246,2.25
378,218,2.25
379,7,2.25
380,7,2.25
381,236,2.25
381,9,2.25
381,216,2.25
381,211,2.25
381,245,2.25
381,3,2.25
381,248,2.25
381,249,2.25
381,247,2.25
382,235,2.25
382,217,2.25
383,7,2.25
383,220,2.25
383,219,2.25
383,1,2.25
384,17,2.25
384,236,2.25
384,205,2.25
384,214,2.25
385,241,2.25
385,17,2.25
385,211,2.25
385,13,2.25
386,241,2.25
386,236,2.25
386,9,2.25
386,205,2.25
386,3,2.25
386,1,2.25
386,233,2.25
386,247,2.25
387,1216,2.25
389,215,2.25
389,213,2.25
389,241,2.25
389,220,2.25
389,235,2.25
389,211,2.25
389,245,2.25
389,239,2.25
389,4,2.25
389,249,2.25
390,11,2.25
391,7,2.25
391,12,2.25
391,210,2.25
392,7,2.25
392,220,2.25
392,205,2.25
392,3,2.25
392,11,2.25
392,207,2.25
393,9,2.25
393,205,2.25
393,11,2.25
393,246,2.25
393,253,2.25
395,5,2.25
395,7,2.25
395,206,2.25
395,17,2.25
395,216,2.25
396,213,2.25
396,3,2.25
396,1,2.25
396,1221,2.25
396,1226,2.25
396,389,2.25
396,26,2.25
396,483,2.25
396,1029,2.25
396,831,2.25
397,241,2.25
397,7,2.25
397,12,2.25
397,11,2.25
397,10,2.25
397,1,2.25
397,207,2.25
397,247,2.25
397,280,2.25
397,1232,2.25
397,1234,2.25
399,219,2.25
401,220,2.25
401,17,2.25
401,214,2.25
401,10,2.25
401,13,2.25
401,257,2.25
401,233,2.25
401,6,2.25
402,1235,2.25
402,1240,2.25
402,1241,2.25
402,1251,2.25
403,5,2.25
403,7,2.25
403,255,2.25
404,250,2.25
404,17,2.25
404,2,2.25
404,255,2.25
404,13,2.25
404,1,2.25
404,8,2.25
404,6,2.25
404,210,2.25
406,213,2.25
406,2,2.25
406,216,2.25
406,205,2.25
406,219,2.25
406,10,2.25
406,246,2.25
406,249,2.25
406,256,2.25
407,3,2.25
407,11,2.25
407,10,2.25
408,1,2.25
408,210,2.25
409,5,2.25
409,434,2.25
410,10,2.25
411,215,2.25
411,236,2.25
411,12,2.25
411,214,2.25
411,3,2.25
411,252,2.25
411,257,2.25
411,4,2.25
411,246,2.25
411,84,2.25
411,247,2.25
412,215,2.25
412,5,2.25
412,2,2.25
412,235,2.25
412,211,2.25
412,257,2.25
412,207,2.25
412,210,2.25
412,253,2.25
412,249,2.25
412,712,2.25
413,11,2.25
413,788,2.25
414,7,2.25
414,121,2.25
416,2,2.25
417,206,2.25
418,235,2.25
418,205,2.25
418,207,2.25
418,210,2.25
418,247,2.25
419,207,2.25
420,250,2.25
420,17,2.25
420,12,2.25
420,9,2.25
420,121,2.25
420,211,2.25
420,217,2.25
420,205,2.25
420,214,2.25
420,245,2.25
420,3,2.25
420,254,2.25
420,257,2.25
420,84,2.25
420,248,2.25
420,247,2.25
421,235,2.25
421,11,2.25
424,250,2.25
424,206,2.25
424,216,2.25
424,234,2.25
424,205,2.25
424,245,2.25
424,254,2.25
424,4,2.25
424,6,2.25
424,210,2.25
424,246,2.25
424,253,2.25
425,213,2.25
425,5,2.25
425,206,2.25
425,12,2.25
425,216,2.25
425,211,2.25
425,3,2.25
425,212,2.25
425,13,2.25
425,252,2.25
425,257,2.25
425,207,2.25
425,84,2.25
425,243,2.25
426,11,2.25
427,215,2.25
427,213,2.25
427,17,2.25
427,2,2.25
427,9,2.25
427,121,2.25
427,255,2.25
427,211,2.25
427,205,2.25
427,10,2.25
427,13,2.25
428,250,2.25
428,213,2.25
428,7,2.25
428,255,2.25
428,212,2.25
428,254,2.25
428,252,2.25
428,84,2.25
428,243,2.25
429,5,2.25
429,2,2.25
429,9,2.25
429,211,2.25
432,213,2.25
432,241,2.25
432,217,2.25
432,10,2.25
433,781,2.25
433,780,2.25
433,1267,2.25
433,1230,2.25
433,860,2.25
436,250,2.25
436,251,2.25
436,9,2.25
436,6,2.25
436,286,2.25
436,729,2.25
437,251,2.25
437,5,2.25
437,17,2.25
437,236,2.25
437,12,2.25
437,9,2.25
437,121,2.25
437,205,2.25
437,212,2.25
437,207,2.25
437,253,2.25
437,249,2.25
438,5,2.25
438,239,2.25
438,212,2.25
439,241,2.25
439,17,2.25
439,2,2.25
439,235,2.25
439,9,2.25
439,255,2.25
439,214,2.25
439,10,2.25
439,13,2.25
439,8,2.25
439,246,2.25
440,2,2.25
440,216,2.25
440,11,2.25
440,1,2.25
441,5,2.25
441,219,2.25
441,11,2.25
441,1,2.25
441,233,2.25
441,247,2.25
442,250,2.25
442,213,2.25
442,236,2.25
442,9,2.25
442,255,2.25
442,211,2.25
442,11,2.25
442,244,2.25
442,1,2.25
442,252,2.25
442,233,2.25
442,210,2.25
444,121,2.25
444,239,2.25
444,3,2.25
444,219,2.25
444,254,2.25
444,11,2.25
444,253,2.25
445,213,2.25
445,216,2.25
445,217,2.25
445,214,2.25
445,3,2.25
445,10,2.25
445,233,2.25
445,246,2.25
445,253,2.25
446,239,2.25
446,8,2.25
447,17,2.25
448,6,2.25
448,469,2.25
449,5,2.25
449,236,2.25
449,12,2.25
449,84,2.25
450,205,2.25
450,11,2.25
450,4,2.25
450,246,2.25
451,215,2.25
451,250,2.25
451,241,2.25
451,206,2.25
451,17,2.25
451,234,2.25
451,205,2.25
451,245,2.25
451,219,2.25
451,10,2.25
451,4,2.25
451,6,2.25
451,249,2.25
451,247,2.25
452,235,2.25
452,9,2.25
452,239,2.25
452,219,2.25
452,11,2.25
452,252,2.25
452,257,2.25
452,207,2.25
452,246,2.25
452,249,2.25
452,1031,2.25
452,144,2.25
452,1285,2.25
453,216,2.25
453,205,2.25
453,13,2.25
454,215,2.25
454,213,2.25
454,3,2.25
454,13,2.25
455,2,2.25
455,214,2.25
455,6,2.25
456,390,2.25
457,251,2.25
457,2,2.25
457,12,2.25
457,211,2.25
457,252,2.25
457,246,2.25
457,243,2.25
457,247,2.25
459,213,2.25
459,5,2.25
459,206,2.25
459,234,2.25
459,3,2.25
459,13,2.25
459,84,2.25
460,251,2.25
460,213,2.25
460,206,2.25
460,2,2.25
460,235,2.25
460,9,2.25
460,121,2.25
460,255,2.25
460,234,2.25
460,217,2.25
460,214,2.25
460,3,2.25
460,13,2.25
460,6,2.25
460,210,2.25
461,17,2.25
461,245,2.25
461,1,2.25
461,257,2.25
464,245,2.25
464,3,2.25
464,8,2.25
464,253,2.25
465,7,2.25
465,9,2.25
465,216,2.25
465,255,2.25
465,1,2.25
466,17,2.25
466,9,2.25
466,121,2.25
466,11,2.25
466,244,2.25
466,4,2.25
466,243,2.25
467,236,2.25
467,234,2.25
467,239,2.25
467,212,2.25
467,8,2.25
467,233,2.25
467,246,2.25
468,5,2.25
468,220,2.25
468,235,2.25
468,219,2.25
468,13,2.25
468,1,2.25
468,207,2.25
468,6,2.25
468,243,2.25
469,5,2.25
469,17,2.25
469,9,2.25
469,11,2.25
470,236,2.25
470,233,2.25
471,235,2.25
471,219,2.25
471,1,2.25
472,250,2.25
472,4,2.25
472,592,2.25
473,1072,2.25
475,236,2.25
475,11,2.25
476,7,2.25
476,13,2.25
476,1,2.25
477,241,2.25
477,7,2.25
477,206,2.25
477,220,2.25
477,17,2.25
477,235,2.25
477,211,2.25
477,245,2.25
477,254,2.25
477,244,2.25
477,210,2.25
477,256,2.25
477,247,2.25
478,9,2.25
478,207,2.25
478,473,2.25
478,591,2.25
478,1034,2.25
479,8,2.25
479,845,2.25
479,1300,2.25
480,4,2.25
482,215,2.25
482,216,2.25
482,234,2.25
482,3,2.25
482,212,2.25
482,11,2.25
482,1,2.25
482,8,2.25
482,6,2.25
483,215,2.25
483,255,2.25
483,257,2.25
483,6,2.25
483,84,2.25
484,2,2.25
484,253,2.25
485,241,2.25
485,206,2.25
485,220,2.25
485,235,2.25
485,216,2.25
485,205,2.25
485,10,2.25
485,13,2.25
485,257,2.25
485,8,2.25
485,6,2.25
485,246,2.25
485,84,2.25
485,1302,2.25
486,241,2.25
486,5,2.25
486,7,2.25
486,13,2.25
486,257,2.25
487,17,2.25
487,2,2.25
487,121,2.25
487,255,2.25
487,3,2.25
487,4,2.25
487,8,2.25
487,210,2.25
488,17,2.25
488,3,2.25
488,207,2.25
488,675,2.25
489,658,2.25
489,879,2.25
489,862,2.25
489,1304,2.25
489,352,2.25
489,318,2.25
489,512,2.25
489,835,2.25
489,606,2.25
489,432,2.25
489,522,2.25
490,213,2.25
490,7,2.25
490,12,2.25
490,3,2.25
490,219,2.25
490,13,2.25
490,207,2.25
490,6,2.25
490,253,2.25
490,248,2.25
491,2,2.25
491,12,2.25
491,11,2.25
491,10,2.25
491,13,2.25
492,213,2.25
492,241,2.25
492,9,2.25
492,245,2.25
492,13,2.25
492,252,2.25
492,4,2.25
492,6,2.25
493,207,2.25
494,241,2.25
494,206,2.25
494,255,2.25
494,217,2.25
494,254,2.25
494,249,2.25
494,247,2.25
495,17,2.25
495,235,2.25
495,217,2.25
495,3,2.25
495,254,2.25
495,1,2.25
497,9,2.25
498,2,2.25
498,11,2.25
498,8,2.25
499,17,2.25
499,2,2.25
500,5,2.25
500,220,2.25
500,235,2.25
500,255,2.25
500,214,2.25
500,239,2.25
500,3,2.25
500,219,2.25
500,244,2.25
500,248,2.25
500,256,2.25
502,245,2.25
502,3,2.25
502,10,2.25
502,1,2.25
502,257,2.25
502,6,2.25
502,210,2.25
503,219,2.25
503,11,2.25
503,4,2.25
503,352,2.25
503,755,2.25
504,5,2.25
504,9,2.25
504,211,2.25
504,4,2.25
504,253,2.25
505,215,2.25
505,7,2.25
505,206,2.25
505,2,2.25
505,234,2.25
505,245,2.25
505,13,2.25
505,233,2.25
505,253,2.25
506,17,2.25
506,216,2.25
507,220,2.25
507,9,2.25
507,216,2.25
507,245,2.25
507,212,2.25
507,10,2.25
507,233,2.25
507,84,2.25
507,248,2.25
507,256,2.25
508,5,2.25
508,2,2.25
508,339,2.25
508,278,2.25
509,215,2.25
509,251,2.25
509,212,2.25
509,11,2.25
509,278,2.25
509,286,2.25
509,584,2.25
509,148,2.25
509,283,2.25
509,209,2.25
509,929,2.25
509,1311,2.25
509,1316,2.25
509,1325,2.25
510,687,2.25
510,465,2.25
510,364,2.25
510,776,2.25
510,1333,2.25
513,207,2.25
514,239,2.25
515,241,2.25
515,7,2.25
515,220,2.25
515,17,2.25
515,2,2.25
515,217,2.25
515,245,2.25
515,11,2.25
515,13,2.25
515,257,2.25
515,6,2.25
515,210,2.25
515,84,2.25
517,241,2.25
517,206,2.25
517,2,2.25
517,216,2.25
517,234,2.25
517,217,2.25
517,244,2.25
517,10,2.25
517,207,2.25
517,233,2.25
517,246,2.25
517,247,2.25
518,220,2.25
518,239,2.25
518,3,2.25
519,250,2.25
519,220,2.25
519,12,2.25
519,216,2.25
519,217,2.25
519,11,2.25
519,244,2.25
519,207,2.25
519,877,2.25
520,220,2.25
520,6,2.25
521,2,2.25
521,8,2.25
522,5,2.25
523,215,2.25
523,5,2.25
523,239,2.25
523,4,2.25
523,8,2.25
524,207,2.25
524,781,2.25
524,787,2.25
524,525,2.25
526,215,2.25
526,220,2.25
526,2,2.25
526,12,2.25
526,121,2.25
526,255,2.25
527,235,2.25
528,250,2.25
528,251,2.25
528,235,2.25
528,205,2.25
528,3,2.25
528,10,2.25
528,207,2.25
528,246,2.25
528,512,2.25
529,211,2.25
530,215,2.25
530,12,2.25
530,255,2.25
530,245,2.25
530,1,2.25
530,8,2.25
530,645,2.25
532,13,2.25
533,220,2.25
533,8,2.25
533,233,2.25
533,675,2.25
533,696,2.25
533,286,2.25
533,589,2.25
533,59,2.25
533,1006,2.25
533,543,2.25
533,986,2.25
534,214,2.25
534,1,2.25
535,250,2.25
535,251,2.25
535,213,2.25
535,241,2.25
535,235,2.25
535,239,2.25
535,219,2.25
535,254,2.25
535,257,2.25
535,4,2.25
535,233,2.25
535,84,2.25
536,2,2.25
536,9,2.25
536,255,2.25
536,239,2.25
536,11,2.25
536,252,2.25
536,210,2.25
537,250,2.25
537,5,2.25
537,235,2.25
537,205,2.25
537,214,2.25
537,252,2.25
537,6,2.25
537,246,2.25
537,243,2.25
538,206,2.25
538,17,2.25
538,212,2.25
538,244,2.25
538,10,2.25
538,1,2.25
538,8,2.25
538,256,2.25
539,17,2.25
539,235,2.25
539,9,2.25
539,216,2.25
539,234,2.25
539,217,2.25
539,205,2.25
539,244,2.25
539,210,2.25
539,84,2.25
539,256,2.25
540,17,2.25
540,13,2.25
540,4,2.25
540,6,2.25
541,250,2.25
541,17,2.25
541,9,2.25
541,3,2.25
541,219,2.25
541,434,2.25
541,342,2.25
544,213,2.25
544,206,2.25
544,214,2.25
544,239,2.25
544,212,2.25
544,13,2.25
544,8,2.25
544,249,2.25
545,215,2.25
545,250,2.25
545,11,2.25
545,10,2.25
546,1116,2.25
546,721,2.25
546,1348,2.25
546,592,2.25
546,702,2.25
547,251,2.25
547,220,2.25
547,236,2.25
547,12,2.25
547,216,2.25
547,255,2.25
547,214,2.25
547,239,2.25
547,10,2.25
547,1,2.25
547,243,2.25
548,215,2.25
548,213,2.25
548,220,2.25
548,236,2.25
548,216,2.25
548,239,2.25
548,254,2.25
548,244,2.25
548,10,2.25
548,13,2.25
548,4,2.25
549,213,2.25
549,17,2.25
549,12,2.25
549,216,2.25
549,255,2.25
549,211,2.25
549,205,2.25
549,219,2.25
549,254,2.25
549,244,2.25
549,1,2.25
549,233,2.25
549,210,2.25
549,256,2.25
549,243,2.25
550,250,2.25
550,213,2.25
550,241,2.25
550,12,2.25
550,9,2.25
550,211,2.25
550,11,2.25
550,1,2.25
550,270,2.25
550,1350,2.25
551,7,2.25
551,239,2.25
552,216,2.25
552,1,2.25
553,7,2.25
553,205,2.25
553,207,2.25
553,8,2.25
554,4,2.25
555,220,2.25
555,211,2.25
556,219,2.25
556,1351,2.25
557,251,2.25
557,17,2.25
557,2,2.25
557,234,2.25
557,239,2.25
557,212,2.25
557,252,2.25
557,207,2.25
557,233,2.25
557,253,2.25
557,247,2.25
559,251,2.25
559,206,2.25
559,211,2.25
559,212,2.25
559,10,2.25
559,4,2.25
559,207,2.25
559,233,2.25
559,210,2.25
559,246,2.25
559,248,2.25
559,247,2.25
560,250,2.25
560,9,2.25
561,241,2.25
561,220,2.25
561,17,2.25
561,9,2.25
561,217,2.25
561,245,2.25
561,239,2.25
561,13,2.25
561,1,2.25
561,4,2.25
561,8,2.25
561,253,2.25
561,249,2.25
562,7,2.25
562,2,2.25
562,245,2.25
562,3,2.25
562,219,2.25
562,254,2.25
562,4,2.25
562,1072,2.25
563,442,2.25
564,11,2.25
564,13,2.25
566,236,2.25
566,9,2.25
566,216,2.25
566,211,2.25
566,205,2.25
566,254,2.25
566,11,2.25
566,84,2.25
566,247,2.25
567,5,2.25
567,12,2.25
567,205,2.25
567,1,2.25
568,3,2.25
568,1353,2.25
568,1278,2.25
568,1282,2.25
569,217,2.25
569,205,2.25
569,10,2.25
569,207,2.25
569,84,2.25
569,247,2.25
570,5,2.25
570,220,2.25
570,9,2.25
570,234,2.25
570,217,2.25
570,245,2.25
570,4,2.25
571,12,2.25
571,9,2.25
571,255,2.25
571,3,2.25
571,212,2.25
571,254,2.25
571,13,2.25
571,252,2.25
571,4,2.25
571,207,2.25
572,2,2.25
572,236,2.25
572,11,2.25
572,1,2.25
573,211,2.25
574,5,2.25
575,215,2.25
575,7,2.25
575,206,2.25
575,12,2.25
575,205,2.25
575,4,2.25
576,206,2.25
576,12,2.25
576,246,2.25
578,236,2.25
578,897,2.25
578,606,2.25
578,656,2.25
578,1123,2.25
578,1097,2.25
578,1362,2.25
578,1121,2.25
578,1363,2.25
578,1364,2.25
578,1367,2.25
579,213,2.25
579,7,2.25
580,239,2.25
580,3,2.25
580,1,2.25
580,233,2.25
580,84,2.25
581,7,2.25
583,9,2.25
583,3,2.25
584,2,2.25
585,251,2.25
585,9,2.25
585,255,2.25
585,212,2.25
585,1,2.25
585,248,2.25
586,8,2.25
586,84,2.25
587,520,2.25
587,244,2.25
587,1,2.25
587,252,2.25
587,339,2.25
587,347,2.25
587,638,2.25
587,614,2.25
588,6,2.25
588,310,2.25
588,667,2.25
588,671,2.25
588,672,2.25
588,674,2.25
589,215,2.25
589,251,2.25
589,220,2.25
589,212,2.25
589,1183,2.25
590,17,2.25
590,247,2.25
591,781,2.25
591,242,2.25
591,583,2.25
591,278,2.25
591,397,2.25
591,499,2.25
591,585,2.25
591,318,2.25
591,336,2.25
591,606,2.25
591,923,2.25
591,26,2.25
591,432,2.25
591,59,2.25
591,746,2.25
591,928,2.25
591,398,2.25
592,3,2.25
592,11,2.25
592,253,2.25
593,2,2.25
593,1,2.25
595,7,2.25
595,219,2.25
597,12,2.25
597,9,2.25
597,121,2.25
597,234,2.25
597,219,2.25
597,4,2.25
598,5,2.25
598,239,2.25
600,241,2.25
601,206,2.25
601,2,2.25
601,255,2.25
601,217,2.25
601,239,2.25
601,233,2.25
603,215,2.25
603,2,2.25
603,239,2.25
603,13,2.25
603,207,2.25
604,11,2.25
606,215,2.25
606,244,2.25
606,8,2.25
606,84,2.25
606,247,2.25
607,5,2.25
607,7,2.25
607,235,2.25
607,236,2.25
607,12,2.25
608,213,2.25
608,220,2.25
608,2,2.25
608,235,2.25
608,236,2.25
608,9,2.25
608,239,2.25
608,1,2.25
609,12,2.25
610,12,2.25
610,239,2.25
610,219,2.25
610,212,2.25
610,11,2.25
610,1,2.25
610,8,2.25
610,233,2.25
611,9,2.25
612,13,2.25
613,213,2.25
613,206,2.25
613,255,2.25
613,212,2.25
613,1,2.25
613,210,2.25
614,215,2.25
614,250,2.25
614,213,2.25
614,205,2.25
614,239,2.25
614,13,2.25
614,8,2.25
614,233,2.25
614,84,2.25
614,318,2.25
614,1055,2.25
615,17,2.25
615,236,2.25
615,217,2.25
615,1,2.25
616,5,2.25
616,220,2.25
616,12,2.25
616,255,2.25
616,11,2.25
616,1,2.25
616,4,2.25
616,769,2.25
616,541,2.25
616,1059,2.25
616,181,2.25
616,376,2.25
617,207,2.25
617,392,2.25
618,5,2.25
618,3,2.25
619,309,2.25
620,7,2.25
620,12,2.25
620,3,2.25
621,7,2.25
622,250,2.25
622,220,2.25
622,17,2.25
622,211,2.25
622,205,2.25
622,214,2.25
623,3,2.25
623,207,2.25
624,577,2.25
625,213,2.25
625,17,2.25
625,216,2.25
625,253,2.25
626,9,2.25
626,211,2.25
626,805,2.25
626,1392,2.25
626,657,2.25
626,169,2.25
626,267,2.25
626,1383,2.25
626,269,2.25
626,1387,2.25
626,1049,2.25
627,13,2.25
628,215,2.25
628,251,2.25
628,213,2.25
628,17,2.25
628,235,2.25
628,211,2.25
628,214,2.25
628,219,2.25
628,13,2.25
628,313,2.25
629,251,2.25
629,213,2.25
629,236,2.25
629,8,2.25
630,251,2.25
630,17,2.25
630,216,2.25
630,211,2.25
630,217,2.25
630,214,2.25
630,3,2.25
630,212,2.25
630,244,2.25
630,13,2.25
630,248,2.25
630,243,2.25
631,215,2.25
631,2,2.25
631,235,2.25
631,236,2.25
631,255,2.25
631,211,2.25
631,205,2.25
631,214,2.25
631,245,2.25
631,10,2.25
631,8,2.25
631,249,2.25
631,243,2.25
632,2,2.25
633,213,2.25
633,220,2.25
633,17,2.25
633,9,2.25
633,255,2.25
633,234,2.25
633,8,2.25
633,84,2.25
633,247,2.25
634,236,2.25
636,702,2.25
637,92,2.25
637,487,2.25
638,5,2.25
638,7,2.25
638,211,2.25
638,219,2.25
638,13,2.25
638,207,2.25
638,446,2.25
639,216,2.25
639,205,2.25
639,207,2.25
640,2,2.25
640,207,2.25
640,1399,2.25
640,1405,2.25
640,1398,2.25
641,9,2.25
641,217,2.25
643,236,2.25
643,13,2.25
644,784,2.25
645,2,2.25
645,236,2.25
645,4,2.25
646,251,2.25
646,219,2.25
646,11,2.25
646,1,2.25
646,233,2.25
647,17,2.25
647,245,2.25
647,13,2.25
647,665,2.25
648,9,2.25
649,215,2.25
650,638,2.25
651,17,2.25
651,219,2.25
652,213,2.25
652,220,2.25
652,253,2.25
653,251,2.25
653,235,2.25
653,236,2.25
653,234,2.25
653,211,2.25
653,217,2.25
653,239,2.25
653,252,2.25
653,4,2.25
653,247,2.25
654,241,2.25
655,10,2.25
656,7,2.25
656,10,2.25
657,215,2.25
657,251,2.25
657,217,2.25
657,214,2.25
657,257,2.25
657,233,2.25
658,9,2.25
658,254,2.25
658,233,2.25
658,248,2.25
659,7,2.25
659,678,2.25
659,1174,2.25
660,217,2.25
660,254,2.25
660,1,2.25
660,207,2.25
660,8,2.25
660,210,2.25
660,253,2.25
660,256,2.25
661,236,2.25
661,121,2.25
661,10,2.25
661,1,2.25
661,4,2.25
661,246,2.25
661,256,2.25
662,7,2.25
662,17,2.25
662,12,2.25
662,598,2.25
662,641,2.25
663,7,2.25
663,236,2.25
663,219,2.25
663,4,2.25
664,239,2.25
664,13,2.25
664,207,2.25
665,235,2.25
666,250,2.25
666,213,2.25
666,216,2.25
666,211,2.25
666,217,2.25
666,205,2.25
666,245,2.25
666,13,2.25
666,257,2.25
666,207,2.25
666,253,2.25
667,220,2.25
667,236,2.25
667,12,2.25
667,234,2.25
667,219,2.25
667,254,2.25
667,11,2.25
667,257,2.25
667,84,2.25
667,256,2.25
667,247,2.25
668,215,2.25
668,7,2.25
668,216,2.25
668,217,2.25
668,219,2.25
668,207,2.25
668,419,2.25
669,250,2.25
669,251,2.25
669,213,2.25
669,241,2.25
669,5,2.25
669,7,2.25
669,206,2.25
669,12,2.25
669,239,2.25
669,219,2.25
669,13,2.25
669,207,2.25
669,8,2.25
669,210,2.25
670,215,2.25
670,241,2.25
670,17,2.25
670,236,2.25
670,9,2.25
670,211,2.25
670,3,2.25
670,10,2.25
670,1436,2.25
670,1257,2.25
670,877,2.25
670,240,2.25
670,363,2.25
670,96,2.25
670,739,2.25
670,909,2.25
670,1014,2.25
670,1108,2.25
670,1131,2.25
670,1133,2.25
670,1143,2.25
670,1147,2.25
670,1148,2.25
670,1154,2.25
670,1155,2.25
670,1234,2.25
670,1313,2.25
670,1414,2.25
670,1417,2.25
670,1420,2.25
670,1421,2.25
670,1426,2.25
670,1431,2.25
670,1432,2.25
670,1434,2.25
670,1438,2.25
671,9,2.25
671,585,2.25
671,249,2.25
671,345,2.25
671,448,2.25
671,1442,2.25
672,17,2.25
672,2,2.25
672,235,2.25
672,216,2.25
672,234,2.25
672,3,2.25
672,219,2.25
672,212,2.25
672,11,2.25
672,10,2.25
672,248,2.25
672,247,2.25
673,250,2.25
673,213,2.25
673,17,2.25
673,255,2.25
673,239,2.25
673,13,2.25
673,1,2.25
673,4,2.25
673,207,2.25
673,253,2.25
673,249,2.25
673,243,2.25
674,250,2.25
674,251,2.25
674,213,2.25
674,206,2.25
674,121,2.25
674,216,2.25
674,255,2.25
674,214,2.25
674,233,2.25
674,253,2.25
674,248,2.25
674,243,2.25
674,247,2.25
675,215,2.25
675,9,2.25
675,205,2.25
675,214,2.25
675,233,2.25
676,1,2.25
677,215,2.25
677,250,2.25
677,251,2.25
677,9,2.25
677,216,2.25
677,219,2.25
677,13,2.25
678,241,2.25
678,12,2.25
678,253,2.25
679,13,2.25
679,1,2.25
681,215,2.25
683,241,2.25
683,214,2.25
683,244,2.25
683,1,2.25
683,318,2.25
684,9,2.25
684,13,2.25
684,4,2.25
685,216,2.25
685,212,2.25
685,11,2.25
685,256,2.25
685,247,2.25
686,10,2.25
687,7,2.25
687,207,2.25
691,220,2.25
691,12,2.25
691,9,2.25
691,219,2.25
692,215,2.25
692,205,2.25
692,11,2.25
693,213,2.25
693,210,2.25
694,121,2.25
694,400,2.25
695,215,2.25
695,251,2.25
695,220,2.25
695,211,2.25
695,252,2.25
695,210,2.25
695,243,2.25
696,8,2.25
697,583,2.25
697,459,2.25
697,1445,2.25
698,2,2.25
698,236,2.25
698,8,2.25
701,7,2.25
701,2,2.25
702,211,2.25
702,3,2.25
702,294,2.25
702,755,2.25
702,1478,2.25
702,240,2.25
702,1477,2.25
702,1080,2.25
702,1123,2.25
702,1357,2.25
702,1097,2.25
702,51,2.25
702,1061,2.25
702,1486,2.25
702,1460,2.25
702,159,2.25
702,909,2.25
702,929,2.25
702,937,2.25
702,1041,2.25
702,1045,2.25
702,1049,2.25
702,1052,2.25
702,1056,2.25
702,1058,2.25
702,1365,2.25
702,1453,2.25
702,1458,2.25
702,1464,2.25
702,1469,2.25
702,1490,2.25
702,1492,2.25
702,1495,2.25
705,241,2.25
705,7,2.25
705,206,2.25
705,235,2.25
705,245,2.25
705,254,2.25
705,1,2.25
705,233,2.25
705,6,2.25
706,7,2.25
706,2,2.25
706,211,2.25
706,11,2.25
706,10,2.25
706,243,2.25
707,10,2.25
707,341,2.25
710,3,2.25
710,6,2.25
711,215,2.25
711,235,2.25
711,12,2.25
711,217,2.25
711,205,2.25
711,4,2.25
711,233,2.25
711,246,2.25
711,84,2.25
712,250,2.25
712,9,2.25
712,211,2.25
712,239,2.25
713,2,2.25
713,9,2.25
713,3,2.25
713,219,2.25
714,235,2.25
714,9,2.25
714,216,2.25
714,207,2.25
714,6,2.25
714,84,2.25
714,249,2.25
714,256,2.25
715,7,2.25
715,220,2.25
715,11,2.25
715,4,2.25
716,215,2.25
716,7,2.25
716,206,2.25
716,17,2.25
716,236,2.25
716,1,2.25
716,257,2.25
716,249,2.25
716,1509,2.25
717,8,2.25
718,236,2.25
718,1,2.25
719,206,2.25
719,235,2.25
719,234,2.25
719,217,2.25
719,252,2.25
719,6,2.25
719,253,2.25
722,13,2.25
723,250,2.25
723,7,2.25
723,2,2.25
723,121,2.25
724,213,2.25
724,17,2.25
724,255,2.25
724,211,2.25
724,205,2.25
724,252,2.25
724,257,2.25
724,84,2.25
724,256,2.25
725,313,2.25
725,308,2.25
725,91,2.25
725,677,2.25
725,759,2.25
725,1511,2.25
726,241,2.25
726,5,2.25
726,236,2.25
726,245,2.25
726,219,2.25
726,254,2.25
726,244,2.25
726,233,2.25
726,210,2.25
726,246,2.25
727,215,2.25
727,250,2.25
727,17,2.25
727,255,2.25
727,11,2.25
727,4,2.25
727,207,2.25
727,253,2.25
728,270,2.25
729,215,2.25
729,251,2.25
729,7,2.25
729,220,2.25
729,2,2.25
729,235,2.25
729,216,2.25
729,217,2.25
729,245,2.25
729,233,2.25
729,247,2.25
730,5,2.25
730,7,2.25
730,217,2.25
730,205,2.25
730,239,2.25
730,3,2.25
730,11,2.25
730,13,2.25
730,4,2.25
730,246,2.25
731,213,2.25
731,219,2.25
731,254,2.25
731,257,2.25
732,121,2.25
732,705,2.25
733,218,2.25
734,220,2.25
734,235,2.25
734,12,2.25
734,1,2.25
735,5,2.25
735,220,2.25
735,239,2.25
735,3,2.25
735,219,2.25
735,254,2.25
735,11,2.25
735,218,2.25
737,11,2.25
739,218,2.25
739,435,2.25
739,410,2.25
739,951,2.25
740,220,2.25
740,17,2.25
740,11,2.25
740,84,2.25
741,5,2.25
742,257,2.25
743,2,2.25
743,9,2.25
743,11,2.25
744,7,2.25
744,211,2.25
744,205,2.25
744,4,2.25
745,219,2.25
746,5,2.25
746,2,2.25
746,236,2.25
746,211,2.25
746,3,2.25
746,219,2.25
746,254,2.25
746,6,2.25
746,270,2.25
746,256,2.25
746,831,2.25
747,250,2.25
747,7,2.25
747,216,2.25
747,245,2.25
747,3,2.25
747,244,2.25
747,252,2.25
747,246,2.25
747,84,2.25
747,249,2.25
748,215,2.25
748,212,2.25
748,1,2.25
749,2,2.25
749,9,2.25
749,254,2.25
750,7,2.25
750,220,2.25
750,216,2.25
750,217,2.25
750,3,2.25
750,244,2.25
750,207,2.25
750,6,2.25
750,187,2.25
750,253,2.25
750,249,2.25
750,68,2.25
752,5,2.25
752,17,2.25
752,875,2.25
753,11,2.25
754,5,2.25
755,283,2.25
757,206,2.25
757,17,2.25
757,236,2.25
757,9,2.25
757,255,2.25
757,205,2.25
757,239,2.25
757,3,2.25
757,219,2.25
757,207,2.25
757,210,2.25
757,84,2.25
758,235,2.25
758,9,2.25
758,211,2.25
758,10,2.25
758,13,2.25
758,1,2.25
759,5,2.25
759,206,2.25
759,236,2.25
759,205,2.25
759,3,2.25
759,207,2.25
760,215,2.25
760,3,2.25
760,11,2.25
760,10,2.25
760,207,2.25
760,6,2.25
760,246,2.25
761,7,2.25
761,206,2.25
761,236,2.25
761,234,2.25
761,211,2.25
761,254,2.25
761,4,2.25
761,8,2.25
762,17,2.25
762,12,2.25
762,211,2.25
762,239,2.25
762,207,2.25
762,233,2.25
763,207,2.25
763,585,2.25
764,205,2.25
764,257,2.25
764,339,2.25
764,278,2.25
764,494,2.25
764,499,2.25
764,286,2.25
764,589,2.25
764,318,2.25
764,512,2.25
764,265,2.25
764,810,2.25
764,419,2.25
764,1290,2.25
764,392,2.25
764,739,2.25
764,832,2.25
765,7,2.25
765,11,2.25
765,13,2.25
765,4,2.25
766,7,2.25
766,234,2.25
766,8,2.25
768,213,2.25
768,236,2.25
769,7,2.25
769,235,2.25
769,487,2.25
769,1202,2.25
769,1528,2.25
769,1531,2.25
770,236,2.25
772,1,2.25
772,210,2.25
774,7,2.25
774,219,2.25
774,10,2.25
774,787,2.25
774,291,2.25
774,1536,2.25
775,565,2.25
776,241,2.25
776,9,2.25
776,207,2.25
776,8,2.25
777,7,2.25
777,2,2.25
777,210,2.25
778,215,2.25
778,213,2.25
778,13,2.25
778,1,2.25
778,706,2.25
780,215,2.25
780,213,2.25
780,7,2.25
780,17,2.25
780,235,2.25
780,9,2.25
780,211,2.25
780,205,2.25
780,214,2.25
780,219,2.25
780,257,2.25
780,8,2.25
780,6,2.25
781,220,2.25
781,12,2.25
781,9,2.25
781,121,2.25
781,234,2.25
781,239,2.25
781,207,2.25
781,6,2.25
781,243,2.25
782,213,2.25
782,206,2.25
782,235,2.25
782,12,2.25
782,9,2.25
782,214,2.25
782,11,2.25
782,1,2.25
782,249,2.25
783,2,2.25
784,12,2.25
784,234,2.25
784,205,2.25
784,239,2.25
784,10,2.25
784,252,2.25
784,233,2.25
784,246,2.25
784,84,2.25
785,213,2.25
785,235,2.25
785,234,2.25
785,10,2.25
785,1,2.25
787,7,2.25
788,2,2.25
788,235,2.25
788,121,2.25
788,219,2.25
788,1,2.25
788,252,2.25
788,4,2.25
788,253,2.25
788,248,2.25
788,249,2.25
789,5,2.25
789,17,2.25
789,236,2.25
789,11,2.25
790,251,2.25
790,241,2.25
790,7,2.25
790,206,2.25
790,236,2.25
790,12,2.25
790,216,2.25
790,205,2.25
790,245,2.25
790,10,2.25
790,257,2.25
790,253,2.25
790,248,2.25
790,1537,2.25
791,213,2.25
791,4,2.25
792,17,2.25
792,6,2.25
793,241,2.25
793,12,2.25
793,11,2.25
794,215,2.25
794,213,2.25
794,12,2.25
794,207,2.25
795,251,2.25
795,5,2.25
795,220,2.25
795,235,2.25
795,236,2.25
795,121,2.25
795,216,2.25
795,212,2.25
795,252,2.25
795,207,2.25
795,233,2.25
795,249,2.25
796,257,2.25
797,215,2.25
797,213,2.25
797,7,2.25
797,220,2.25
797,255,2.25
797,211,2.25
797,217,2.25
797,239,2.25
797,257,2.25
797,4,2.25
797,246,2.25
800,215,2.25
800,250,2.25
800,251,2.25
800,2,2.25
800,245,2.25
800,212,2.25
800,11,2.25
800,244,2.25
800,10,2.25
800,246,2.25
800,84,2.25
800,243,2.25
801,12,2.25
801,10,2.25
801,705,2.25
801,1173,2.25
805,7,2.25
805,257,2.25
805,8,2.25
806,1538,2.25
807,250,2.25
807,205,2.25
807,210,2.25
808,17,2.25
808,216,2.25
808,212,2.25
808,233,2.25
810,215,2.25
810,206,2.25
810,17,2.25
810,255,2.25
810,1260,2.25
812,7,2.25
812,583,2.25
812,347,2.25
812,706,2.25
812,284,2.25
812,522,2.25
812,366,2.25
812,661,2.25
812,1546,2.25
812,1547,2.25
813,7,2.25
813,206,2.25
813,17,2.25
813,239,2.25
813,1,2.25
813,1555,2.25
814,234,2.25
814,214,2.25
814,219,2.25
814,212,2.25
814,10,2.25
814,252,2.25
814,253,2.25
814,248,2.25
814,243,2.25
815,220,2.25
815,17,2.25
815,2,2.25
815,235,2.25
815,121,2.25
815,212,2.25
815,244,2.25
815,13,2.25
815,207,2.25
815,8,2.25
815,84,2.25
815,1170,2.25
815,1179,2.25
816,12,2.25
816,278,2.25
817,213,2.25
817,17,2.25
817,9,2.25
817,234,2.25
817,212,2.25
817,13,2.25
817,210,2.25
817,248,2.25
817,249,2.25
817,256,2.25
818,250,2.25
818,236,2.25
818,9,2.25
819,17,2.25
820,7,2.25
820,9,2.25
820,4,2.25
821,220,2.25
821,217,2.25
821,3,2.25
821,207,2.25
822,235,2.25
825,236,2.25
825,70,2.25
825,242,2.25
825,278,2.25
825,696,2.25
825,459,2.25
825,435,2.25
825,400,2.25
825,536,2.25
825,274,2.25
825,496,2.25
826,251,2.25
826,9,2.25
826,211,2.25
826,214,2.25
826,10,2.25
826,1,2.25
826,252,2.25
826,247,2.25
827,861,2.25
828,251,2.25
828,205,2.25
828,1,2.25
828,210,2.25
829,2,2.25
829,3,2.25
829,10,2.25
829,13,2.25
829,123,2.25
829,491,2.25
829,1397,2.25
830,241,2.25
830,245,2.25
830,657,2.25
830,484,2.25
830,1026,2.25
830,300,2.25
830,341,2.25
830,1187,2.25
830,34,2.25
830,43,2.25
830,117,2.25
830,155,2.25
830,192,2.25
830,200,2.25
830,1566,2.25
831,215,2.25
831,254,2.25
831,207,2.25
831,977,2.25
831,585,2.25
831,1578,2.25
831,1577,2.25
831,1580,2.25
831,1572,2.25
832,215,2.25
833,1,2.25
834,241,2.25
834,3,2.25
834,253,2.25
836,251,2.25
836,241,2.25
836,5,2.25
836,235,2.25
836,9,2.25
836,234,2.25
836,244,2.25
836,257,2.25
836,210,2.25
836,253,2.25
836,1588,2.25
836,84,2.25
836,248,2.25
836,249,2.25
836,1584,2.25
836,1587,2.25
837,251,2.25
837,7,2.25
837,236,2.25
837,255,2.25
837,211,2.25
837,219,2.25
837,91,2.25
838,213,2.25
838,299,2.25
838,847,2.25
838,1589,2.25
838,1036,2.25
839,17,2.25
839,236,2.25
839,219,2.25
839,13,2.25
839,805,2.25
839,1590,2.25
839,1591,2.25
839,224,2.25
839,225,2.25
839,231,2.25
840,255,2.25
840,1,2.25
840,233,2.25
841,7,2.25
841,13,2.25
842,251,2.25
842,9,2.25
842,254,2.25
842,233,2.25
842,781,2.25
842,1116,2.25
842,391,2.25
842,977,2.25
842,278,2.25
842,494,2.25
842,638,2.25
842,415,2.25
842,84,2.25
842,249,2.25
842,1075,2.25
842,431,2.25
842,525,2.25
842,519,2.25
842,1097,2.25
842,1087,2.25
842,1093,2.25
842,1119,2.25
842,1593,2.25
843,213,2.25
843,3,2.25
843,11,2.25
843,13,2.25
844,7,2.25
844,206,2.25
844,2,2.25
844,235,2.25
844,219,2.25
844,1,2.25
845,215,2.25
845,251,2.25
845,206,2.25
845,2,2.25
845,12,2.25
845,234,2.25
845,239,2.25
845,3,2.25
845,219,2.25
845,212,2.25
845,13,2.25
845,294,2.25
845,805,2.25
845,270,2.25
845,248,2.25
845,256,2.25
845,318,2.25
845,432,2.25
845,307,2.25
845,160,2.25
845,705,2.25
845,900,2.25
845,183,2.25
845,295,2.25
846,9,2.25
846,217,2.25
847,251,2.25
847,206,2.25
847,12,2.25
847,9,2.25
847,205,2.25
847,239,2.25
847,3,2.25
847,13,2.25
847,348,2.25
847,662,2.25
848,213,2.25
848,11,2.25
848,572,2.25
848,301,2.25
848,343,2.25
848,355,2.25
849,241,2.25
849,211,2.25
849,781,2.25
849,1633,2.25
850,11,2.25
851,121,2.25
851,254,2.25
851,244,2.25
851,1,2.25
851,4,2.25
851,247,2.25
852,7,2.25
852,206,2.25
852,220,2.25
852,235,2.25
852,9,2.25
852,245,2.25
852,239,2.25
852,3,2.25
852,212,2.25
852,207,2.25
852,248,2.25
853,8,2.25
854,12,2.25
854,257,2.25
854,8,2.25
857,7,2.25
857,207,2.25
857,218,2.25
858,465,2.25
859,241,2.25
859,206,2.25
859,220,2.25
859,12,2.25
859,207,2.25
859,253,2.25
859,249,2.25
859,491,2.25
860,215,2.25
860,7,2.25
860,8,2.25
861,8,2.25
861,589,2.25
862,215,2.25
862,12,2.25
862,211,2.25
862,3,2.25
862,11,2.25
862,668,2.25
863,215,2.25
863,250,2.25
863,213,2.25
863,7,2.25
863,2,2.25
863,236,2.25
863,234,2.25
864,5,2.25
864,12,2.25
864,121,2.25
864,234,2.25
864,214,2.25
864,239,2.25
864,257,2.25
864,8,2.25
864,84,2.25
865,251,2.25
865,213,2.25
865,241,2.25
865,12,2.25
865,121,2.25
865,239,2.25
865,219,2.25
865,13,2.25
866,2,2.25
866,8,2.25
866,399,2.25
867,220,2.25
867,236,2.25
867,121,2.25
867,234,2.25
867,205,2.25
867,214,2.25
867,3,2.25
867,10,2.25
867,6,2.25
867,218,2.25
867,84,2.25
867,247,2.25
867,749,2.25
868,12,2.25
868,11,2.25
869,13,2.25
870,2,2.25
871,250,2.25
871,251,2.25
871,213,2.25
871,5,2.25
871,7,2.25
871,17,2.25
871,2,2.25
871,9,2.25
871,216,2.25
871,255,2.25
871,219,2.25
871,84,2.25
871,247,2.25
872,7,2.25
872,17,2.25
873,241,2.25
873,239,2.25
873,135,2.25
874,251,2.25
874,7,2.25
874,206,2.25
874,234,2.25
874,217,2.25
874,245,2.25
874,254,2.25
874,10,2.25
874,252,2.25
874,210,2.25
874,247,2.25
877,215,2.25
877,17,2.25
877,13,2.25
878,241,2.25
878,235,2.25
878,216,2.25
878,3,2.25
878,244,2.25
878,210,2.25
878,246,2.25
879,251,2.25
879,206,2.25
879,220,2.25
879,12,2.25
879,217,2.25
879,219,2.25
879,11,2.25
879,210,2.25
880,17,2.25
881,213,2.25
881,214,2.25
881,1,2.25
882,2,2.25
882,216,2.25
882,3,2.25
882,254,2.25
882,233,2.25
883,211,2.25
883,219,2.25
883,11,2.25
883,30,2.25
883,808,2.25
883,1646,2.25
884,241,2.25
884,7,2.25
884,205,2.25
887,215,2.25
887,13,2.25
888,215,2.25
888,213,2.25
888,7,2.25
888,17,2.25
890,236,2.25
890,654,2.25
890,771,2.25
890,775,2.25
890,788,2.25
891,12,2.25
891,239,2.25
891,805,2.25
891,347,2.25
891,290,2.25
891,1101,2.25
891,1078,2.25
891,1084,2.25
891,1092,2.25
891,1094,2.25
891,1104,2.25
891,1117,2.25
892,7,2.25
892,361,2.25
893,205,2.25
894,5,2.25
894,585,2.25
894,1393,2.25
895,3,2.25
896,213,2.25
896,214,2.25
896,3,2.25
896,11,2.25
896,10,2.25
896,207,2.25
896,248,2.25
897,17,2.25
897,1,2.25
898,318,2.25
898,1288,2.25
899,241,2.25
899,5,2.25
899,220,2.25
899,1,2.25
899,1122,2.25
900,17,2.25
900,239,2.25
900,257,2.25
902,206,2.25
902,236,2.25
902,239,2.25
902,875,2.25
902,1652,2.25
902,1649,2.25
903,235,2.25
903,255,2.25
905,7,2.25
905,2,2.25
905,235,2.25
905,219,2.25
905,212,2.25
905,246,2.25
905,253,2.25
905,248,2.25
905,249,2.25
905,318,2.25
906,11,2.25
906,8,2.25
906,897,2.25
907,7,2.25
907,206,2.25
907,236,2.25
907,8,2.25
907,6,2.25
908,7,2.25
908,2,2.25
908,217,2.25
909,250,2.25
909,251,2.25
909,7,2.25
909,236,2.25
909,205,2.25
909,3,2.25
909,254,2.25
909,252,2.25
909,233,2.25
909,249,2.25
911,1544,2.25
912,3,2.25
914,250,2.25
914,12,2.25
914,9,2.25
914,255,2.25
914,219,2.25
914,11,2.25
914,6,2.25
915,2,2.25
915,235,2.25
915,205,2.25
915,1,2.25
917,7,2.25
917,206,2.25
917,17,2.25
917,235,2.25
917,234,2.25
917,245,2.25
917,10,2.25
917,1655,2.25
917,248,2.25
917,1038,2.25
917,1443,2.25
918,215,2.25
918,234,2.25
918,239,2.25
918,3,2.25
918,10,2.25
918,1,2.25
918,347,2.25
918,536,2.25
918,356,2.25
918,1659,2.25
919,215,2.25
919,7,2.25
919,17,2.25
919,216,2.25
919,245,2.25
919,10,2.25
919,1,2.25
919,246,2.25
919,249,2.25
920,215,2.25
920,17,2.25
920,2,2.25
920,216,2.25
920,3,2.25
920,207,2.25
920,6,2.25
920,246,2.25
921,215,2.25
921,251,2.25
921,211,2.25
921,217,2.25
921,13,2.25
921,878,2.25
921,1226,2.25
921,866,2.25
921,247,2.25
921,1222,2.25
925,215,2.25
925,7,2.25
925,2,2.25
926,213,2.25
926,13,2.25
927,213,2.25
927,236,2.25
927,13,2.25
928,234,2.25
928,1,2.25
928,8,2.25
928,84,2.25
929,233,2.25
930,215,2.25
930,241,2.25
930,5,2.25
930,9,2.25
930,255,2.25
930,211,2.25
930,214,2.25
930,219,2.25
930,212,2.25
930,1,2.25
930,257,2.25
930,207,2.25
930,8,2.25
930,253,2.25
931,239,2.25
931,207,2.25
932,9,2.25
932,216,2.25
932,207,2.25
933,2,2.25
935,215,2.25
935,241,2.25
935,205,2.25
935,11,2.25
936,250,2.25
936,234,2.25
936,252,2.25
937,247,2.25
938,220,2.25
938,689,2.25
938,499,2.25
938,1247,2.25
938,1251,2.25
938,1253,2.25
939,7,2.25
939,11,2.25
940,219,2.25
940,11,2.25
940,207,2.25
941,1274,2.25
942,5,2.25
942,255,2.25
942,211,2.25
942,1,2.25
942,6,2.25
943,12,2.25
944,212,2.25
944,254,2.25
944,11,2.25
944,4,2.25
944,1665,2.25
945,7,2.25
945,17,2.25
945,12,2.25
945,245,2.25
945,219,2.25
945,13,2.25
945,207,2.25
945,253,2.25
946,215,2.25
946,250,2.25
946,213,2.25
946,12,2.25
946,216,2.25
946,205,2.25
946,214,2.25
946,254,2.25
946,233,2.25
946,210,2.25
946,253,2.25
946,247,2.25
947,250,2.25
947,5,2.25
947,216,2.25
947,233,2.25
947,6,2.25
947,84,2.25
947,249,2.25
947,247,2.25
948,206,2.25
948,236,2.25
948,239,2.25
948,219,2.25
948,207,2.25
949,250,2.25
949,2,2.25
949,217,2.25
949,212,2.25
949,1,2.25
950,235,2.25
950,236,2.25
950,211,2.25
950,239,2.25
950,219,2.25
950,13,2.25
950,252,2.25
950,6,2.25
950,256,2.25
951,2,2.25
951,212,2.25
951,8,2.25
952,250,2.25
952,236,2.25
952,219,2.25
952,11,2.25
952,4,2.25
952,233,2.25
952,181,2.25
953,236,2.25
955,5,2.25
955,17,2.25
956,341,2.25
957,236,2.25
958,215,2.25
958,213,2.25
958,2,2.25
958,12,2.25
958,9,2.25
958,217,2.25
958,244,2.25
958,252,2.25
958,257,2.25
958,4,2.25
958,246,2.25
959,215,2.25
959,213,2.25
959,212,2.25
959,10,2.25
960,236,2.25
960,475,2.25
960,1431,2.25
960,1668,2.25
962,5,2.25
962,235,2.25
962,236,2.25
962,1,2.25
963,805,2.25
963,769,2.25
963,597,2.25
963,377,2.25
963,355,2.25
963,408,2.25
963,63,2.25
963,1017,2.25
963,1672,2.25
963,1678,2.25
964,219,2.25
964,207,2.25
965,213,2.25
965,241,2.25
965,2,2.25
965,121,2.25
965,245,2.25
965,3,2.25
965,11,2.25
965,207,2.25
965,442,2.25
965,509,2.25
966,9,2.25
967,216,2.25
967,4,2.25
968,215,2.25
969,691,2.25
969,293,2.25
969,478,2.25
969,799,2.25
969,299,2.25
969,286,2.25
969,345,2.25
969,419,2.25
969,304,2.25
969,1010,2.25
969,183,2.25
969,1732,2.25
969,1702,2.25
969,358,2.25
969,360,2.25
969,1729,2.25
969,1352,2.25
969,279,2.25
969,440,2.25
969,801,2.25
969,1520,2.25
969,1686,2.25
969,1693,2.25
969,1706,2.25
969,1710,2.25
969,1712,2.25
969,1720,2.25
969,1722,2.25
969,1727,2.25
969,1733,2.25
969,1737,2.25
969,1744,2.25
969,1753,2.25
969,1762,2.25
970,235,2.25
970,8,2.25
971,250,2.25
971,245,2.25
971,219,2.25
971,212,2.25
971,256,2.25
972,235,2.25
972,219,2.25
972,13,2.25
972,252,2.25
972,84,2.25
972,249,2.25
972,247,2.25
973,7,2.25
973,17,2.25
976,215,2.25
976,12,2.25
977,8,2.25
978,442,2.25
979,7,2.25
979,206,2.25
979,1,2.25
980,11,2.25
980,1,2.25
980,8,2.25
980,84,2.25
981,7,2.25
981,17,2.25
981,234,2.25
981,3,2.25
981,11,2.25
981,6,2.25
982,206,2.25
982,2,2.25
982,235,2.25
982,12,2.25
982,219,2.25
982,10,2.25
982,13,2.25
982,252,2.25
982,233,2.25
982,84,2.25
982,256,2.25
982,243,2.25
983,13,2.25
983,1747,2.25
983,261,2.25
984,215,2.25
984,220,2.25
984,216,2.25
984,239,2.25
984,3,2.25
984,207,2.25
984,246,2.25
984,256,2.25
984,243,2.25
985,5,2.25
985,7,2.25
985,13,2.25
985,1,2.25
986,8,2.25
987,250,2.25
987,251,2.25
987,12,2.25
987,245,2.25
987,244,2.25
987,233,2.25
987,248,2.25
987,249,2.25
987,247,2.25
988,215,2.25
988,251,2.25
988,7,2.25
988,214,2.25
988,245,2.25
988,1,2.25
988,252,2.25
988,4,2.25
988,8,2.25
988,246,2.25
989,215,2.25
989,12,2.25
989,13,2.25
989,8,2.25
989,1340,2.25
990,239,2.25
991,215,2.25
991,5,2.25
991,206,2.25
991,255,2.25
991,217,2.25
991,214,2.25
991,212,2.25
991,8,2.25
993,215,2.25
993,213,2.25
995,241,2.25
995,220,2.25
995,217,2.25
995,205,2.25
995,245,2.25
995,244,2.25
995,233,2.25
995,249,2.25
995,243,2.25
996,257,2.25
996,207,2.25
997,249,2.25
998,59,2.25
998,189,2.25
998,56,2.25
998,1428,2.25
998,1769,2.25
998,1773,2.25
998,1774,2.25
998,1778,2.25
999,251,2.25
999,220,2.25
999,234,2.25
999,205,2.25
999,219,2.25
999,254,2.25
999,811,2.25
1000,206,2.25
1000,17,2.25
1000,2,2.25
1000,216,2.25
1000,239,2.25
1000,1,2.25
1000,6,2.25
1000,246,2.25
1000,84,2.25
1000,249,2.25
1000,256,2.25
1001,213,2.25
1001,206,2.25
1001,17,2.25
1001,245,2.25
1001,254,2.25
1001,244,2.25
1001,13,2.25
1001,1,2.25
1001,4,2.25
1001,253,2.25
1001,247,2.25
1002,213,2.25
1002,17,2.25
1002,219,2.25
1002,1754,2.25
1003,235,2.25
1003,236,2.25
1003,9,2.25
1003,217,2.25
1003,205,2.25
1003,239,2.25
1003,3,2.25
1003,219,2.25
1003,252,2.25
1003,4,2.25
1003,207,2.25
1003,6,2.25
1004,251,2.25
1005,241,2.25
1006,250,2.25
1006,213,2.25
1006,206,2.25
1006,9,2.25
1006,211,2.25
1006,214,2.25
1006,245,2.25
1006,219,2.25
1006,252,2.25
1006,257,2.25
1006,233,2.25
1006,256,2.25
1006,243,2.25
1006,1016,2.25
1006,1551,2.25
1007,215,2.25
1007,7,2.25
1007,219,2.25
1007,207,2.25
1008,250,2.25
1008,234,2.25
1008,217,2.25
1009,2,2.25
1010,1,2.25
1010,242,2.25
1010,253,2.25
1011,241,2.25
1011,2,2.25
1011,12,2.25
1012,213,2.25
1012,1,2.25
1013,1088,2.25
1014,3,2.25
1014,11,2.25
1015,3,2.25
1015,219,2.25
1017,235,2.25
1017,769,2.25
1017,1628,2.25
1017,1259,2.25
1017,355,2.25
1017,1626,2.25
1018,1802,2.25
1018,303,2.25
1018,800,2.25
1018,1261,2.25
1018,1264,2.25
1018,1539,2.25
1018,1789,2.25
1018,1791,2.25
1018,1798,2.25
1018,1803,2.25
1019,494,2.25
1021,213,2.25
1022,9,2.25
1022,8,2.25
1023,2,2.25
1024,220,2.25
1024,236,2.25
1024,205,2.25
1024,10,2.25
1024,13,2.25
1024,1,2.25
1024,4,2.25
1024,253,2.25
1027,11,2.25
1027,4,2.25
1028,2,2.25
1030,235,2.25
1030,11,2.25
1030,1,2.25
1032,215,2.25
1033,533,2.25
1033,1806,2.25
1034,241,2.25
1034,206,2.25
1034,220,2.25
1034,205,2.25
1034,207,2.25
1034,675,2.25
1034,242,2.25
1034,903,2.25
1034,434,2.25
1034,448,2.25
1034,102,2.25
1034,1298,2.25
1034,303,2.25
1034,1091,2.25
1034,1253,2.25
1034,1810,2.25
1034,1813,2.25
1034,1821,2.25
1034,1825,2.25
1035,11,2.25
1035,1,2.25
1036,11,2.25
1037,207,2.25
1038,250,2.25
1038,9,2.25
1038,254,2.25
1038,210,2.25
1038,84,2.25
1038,243,2.25
1039,215,2.25
1039,12,2.25
1039,9,2.25
1039,8,2.25
1039,218,2.25
1039,1655,2.25
1039,278,2.25
1039,880,2.25
1039,103,2.25
1039,804,2.25
1039,657,2.25
1039,1831,2.25
1039,340,2.25
1039,563,2.25
1039,432,2.25
1039,1257,2.25
1039,377,2.25
1039,798,2.25
1039,743,2.25
1039,19,2.25
1039,41,2.25
1039,58,2.25
1039,62,2.25
1039,78,2.25
1039,80,2.25
1039,94,2.25
1039,106,2.25
1039,110,2.25
1039,135,2.25
1039,137,2.25
1039,145,2.25
1039,165,2.25
1039,188,2.25
1039,387,2.25
1039,1078,2.25
1039,1376,2.25
1039,1452,2.25
1040,235,2.25
1040,10,2.25
1040,781,2.25
1040,787,2.25
1040,267,2.25
1040,1833,2.25
1041,706,2.25
1041,589,2.25
1041,438,2.25
1041,743,2.25
1041,268,2.25
1041,1549,2.25
1042,501,2.25
1042,1695,2.25
1042,1834,2.25
1043,7,2.25
1045,213,2.25
1045,13,2.25
1046,5,2.25
1046,206,2.25
1046,205,2.25
1046,219,2.25
1046,1,2.25
1046,246,2.25
1046,247,2.25
1047,215,2.25
1047,213,2.25
1047,2,2.25
1047,234,2.25
1047,214,2.25
1047,212,2.25
1047,10,2.25
1047,1,2.25
1047,207,2.25
1047,8,2.25
1048,2,2.25
1048,10,2.25
1048,1,2.25
1049,17,2.25
1049,1,2.25
