1050,205,2.25
1050,219,2.25
1050,13,2.25
1050,207,2.25
1050,6,2.25
1050,210,2.25
1050,253,2.25
1051,206,2.25
1051,220,2.25
1051,520,2.25
1051,235,2.25
1051,1359,2.25
1051,121,2.25
1052,7,2.25
1052,234,2.25
1052,1,2.25
1052,252,2.25
1053,12,2.25
1053,257,2.25
1054,215,2.25
1055,220,2.25
1055,2,2.25
1056,2,2.25
1056,216,2.25
1056,245,2.25
1056,219,2.25
1056,13,2.25
1056,252,2.25
1056,6,2.25
1057,12,2.25
1057,4,2.25
1059,2,2.25
1059,689,2.25
1060,235,2.25
1060,4,2.25
1060,687,2.25
1060,1228,2.25
1060,781,2.25
1060,691,2.25
1060,293,2.25
1060,866,2.25
1060,294,2.25
1060,977,2.25
1060,607,2.25
1061,11,2.25
1062,250,2.25
1062,2,2.25
1062,235,2.25
1062,1,2.25
1064,215,2.25
1064,675,2.25
1064,242,2.25
1064,1836,2.25
1064,1392,2.25
1065,215,2.25
1065,213,2.25
1065,9,2.25
1065,211,2.25
1065,6,2.25
1065,218,2.25
1065,494,2.25
1065,1838,2.25
1065,638,2.25
1065,872,2.25
1065,415,2.25
1065,499,2.25
1067,213,2.25
1067,206,2.25
1067,236,2.25
1067,214,2.25
1067,212,2.25
1067,10,2.25
1068,17,2.25
1068,12,2.25
1068,9,2.25
1069,7,2.25
1069,12,2.25
1069,255,2.25
1069,214,2.25
1069,245,2.25
1069,219,2.25
1071,255,2.25
1071,217,2.25
1071,239,2.25
1071,10,2.25
1072,250,2.25
1072,17,2.25
1072,216,2.25
1072,217,2.25
1072,212,2.25
1073,250,2.25
1073,213,2.25
1073,5,2.25
1073,216,2.25
1073,214,2.25
1073,219,2.25
1073,254,2.25
1073,11,2.25
1073,10,2.25
1073,246,2.25
1074,1,2.25
1075,121,2.25
1075,211,2.25
1075,217,2.25
1076,239,2.25
1077,220,2.25
1077,17,2.25
1077,2,2.25
1077,12,2.25
1077,211,2.25
1077,10,2.25
1078,215,2.25
1078,7,2.25
1078,216,2.25
1078,239,2.25
1078,244,2.25
1078,8,2.25
1078,233,2.25
1079,907,2.25
1080,5,2.25
1080,17,2.25
1080,217,2.25
1080,239,2.25
1080,10,2.25
1080,233,2.25
1081,215,2.25
1081,250,2.25
1081,241,2.25
1081,220,2.25
1081,216,2.25
1081,255,2.25
1081,254,2.25
1081,1,2.25
1081,257,2.25
1081,210,2.25
1081,84,2.25
1081,249,2.25
1082,7,2.25
1082,2,2.25
1082,11,2.25
1084,5,2.25
1084,2,2.25
1084,12,2.25
1085,251,2.25
1085,213,2.25
1085,2,2.25
1085,235,2.25
1085,216,2.25
1085,245,2.25
1085,3,2.25
1085,11,2.25
1085,13,2.25
1086,206,2.25
1086,207,2.25
1087,5,2.25
1087,236,2.25
1087,212,2.25
1087,11,2.25
1087,244,2.25
1087,13,2.25
1087,257,2.25
1087,8,2.25
1087,210,2.25
1087,123,2.25
1087,249,2.25
1088,7,2.25
1088,255,2.25
1088,205,2.25
1088,8,2.25
1089,17,2.25
1089,12,2.25
1089,239,2.25
1089,13,2.25
1089,4,2.25
1089,8,2.25
1089,233,2.25
1089,248,2.25
1089,247,2.25
1090,9,2.25
1090,13,2.25
1091,219,2.25
1091,1,2.25
1092,7,2.25
1092,255,2.25
1092,245,2.25
1092,3,2.25
1092,13,2.25
1093,216,2.25
1094,255,2.25
1094,10,2.25
1095,215,2.25
1095,241,2.25
1095,220,2.25
1095,236,2.25
1095,254,2.25
1095,252,2.25
1095,210,2.25
1095,249,2.25
1096,251,2.25
1096,211,2.25
1096,244,2.25
1096,10,2.25
1096,84,2.25
1096,248,2.25
1096,249,2.25
1096,243,2.25
1099,251,2.25
1099,236,2.25
1099,12,2.25
1099,254,2.25
1099,13,2.25
1099,1,2.25
1099,257,2.25
1099,210,2.25
1100,220,2.25
1100,9,2.25
1100,10,2.25
1100,252,2.25
1101,5,2.25
1101,214,2.25
1101,239,2.25
1103,2,2.25
1104,5,2.25
1104,520,2.25
1104,763,2.25
1104,623,2.25
1104,769,2.25
1104,804,2.25
1104,610,2.25
1104,648,2.25
1104,478,2.25
1104,313,2.25
1105,5,2.25
1105,3,2.25
1105,8,2.25
1106,236,2.25
1106,207,2.25
1108,5,2.25
1108,236,2.25
1108,121,2.25
1108,13,2.25
1108,248,2.25
1109,5,2.25
1109,216,2.25
1109,214,2.25
1109,84,2.25
1110,7,2.25
1111,235,2.25
1111,1,2.25
1111,1847,2.25
1112,213,2.25
1112,3,2.25
1113,11,2.25
1114,7,2.25
1114,12,2.25
1114,10,2.25
1114,1,2.25
1114,233,2.25
1115,212,2.25
1115,11,2.25
1115,1,2.25
1115,252,2.25
1115,257,2.25
1115,233,2.25
1115,246,2.25
1115,84,2.25
1115,249,2.25
1116,7,2.25
1116,10,2.25
1117,7,2.25
1117,12,2.25
1118,235,2.25
1118,239,2.25
1118,10,2.25
1120,3,2.25
1121,241,2.25
1121,12,2.25
1121,10,2.25
1121,207,2.25
1121,6,2.25
1122,251,2.25
1122,220,2.25
1122,9,2.25
1122,121,2.25
1122,234,2.25
1122,214,2.25
1122,239,2.25
1122,212,2.25
1122,207,2.25
1122,246,2.25
1122,256,2.25
1123,5,2.25
1123,7,2.25
1123,12,2.25
1124,253,2.25
1124,299,2.25
1125,255,2.25
1125,239,2.25
1126,241,2.25
1126,7,2.25
1126,219,2.25
1126,1,2.25
1126,257,2.25
1126,4,2.25
1126,246,2.25
1126,248,2.25
1126,243,2.25
1127,12,2.25
1127,219,2.25
1129,5,2.25
1129,214,2.25
1129,3,2.25
1129,11,2.25
1129,257,2.25
1129,207,2.25
1130,250,2.25
1130,251,2.25
1130,213,2.25
1130,241,2.25
1130,206,2.25
1130,220,2.25
1130,235,2.25
1130,255,2.25
1130,212,2.25
1130,1,2.25
1130,246,2.25
1130,243,2.25
1131,7,2.25
1132,215,2.25
1132,251,2.25
1132,205,2.25
1133,12,2.25
1133,239,2.25
1133,4,2.25
1133,540,2.25
1133,286,2.25
1133,539,2.25
1134,11,2.25
1134,257,2.25
1136,257,2.25
1138,206,2.25
1138,2,2.25
1138,234,2.25
1138,211,2.25
1138,214,2.25
1138,245,2.25
1138,244,2.25
1138,4,2.25
1138,8,2.25
1138,233,2.25
1139,215,2.25
1139,206,2.25
1139,236,2.25
1139,216,2.25
1139,255,2.25
1139,11,2.25
1139,10,2.25
1139,8,2.25
1139,246,2.25
1139,248,2.25
1140,241,2.25
1140,220,2.25
1140,2,2.25
1140,121,2.25
1140,211,2.25
1140,3,2.25
1140,254,2.25
1140,13,2.25
1140,4,2.25
1140,8,2.25
1140,233,2.25
1140,210,2.25
1141,216,2.25
1141,3,2.25
1141,219,2.25
1141,254,2.25
1141,13,2.25
1141,207,2.25
1142,5,2.25
1142,7,2.25
1142,3,2.25
1142,244,2.25
1142,253,2.25
1142,256,2.25
1143,5,2.25
1143,7,2.25
1143,17,2.25
1143,12,2.25
1143,9,2.25
1143,245,2.25
1143,207,2.25
1144,5,2.25
1144,12,2.25
1144,121,2.25
1144,254,2.25
1144,244,2.25
1144,252,2.25
1144,248,2.25
1145,7,2.25
1145,219,2.25
1146,255,2.25
1146,239,2.25
1146,84,2.25
1146,248,2.25
1147,12,2.25
1147,205,2.25
1147,712,2.25
1147,1393,2.25
1147,738,2.25
1147,473,2.25
1147,521,2.25
1147,484,2.25
1147,606,2.25
1147,749,2.25
1147,26,2.25
1147,735,2.25
1147,709,2.25
1148,213,2.25
1148,2,2.25
1148,235,2.25
1148,216,2.25
1148,217,2.25
1148,3,2.25
1148,210,2.25
1149,17,2.25
1149,239,2.25
1149,657,2.25
1149,589,2.25
1149,431,2.25
1150,250,2.25
1150,7,2.25
1150,206,2.25
1150,245,2.25
1150,11,2.25
1152,241,2.25
1152,206,2.25
1152,17,2.25
1152,216,2.25
1152,211,2.25
1152,217,2.25
1152,245,2.25
1152,239,2.25
1152,11,2.25
1152,10,2.25
1152,4,2.25
1152,233,2.25
1152,6,2.25
1152,253,2.25
1152,243,2.25
1153,2,2.25
1153,12,2.25
1153,217,2.25
1153,233,2.25
1153,658,2.25
1153,242,2.25
1153,638,2.25
1153,388,2.25
1153,265,2.25
1153,307,2.25
1153,676,2.25
1153,435,2.25
1153,273,2.25
1153,419,2.25
1153,514,2.25
1153,400,2.25
1153,505,2.25
1153,393,2.25
1155,241,2.25
1155,5,2.25
1155,9,2.25
1155,234,2.25
1155,219,2.25
1155,254,2.25
1155,11,2.25
1155,244,2.25
1155,8,2.25
1155,233,2.25
1155,6,2.25
1155,243,2.25
1156,12,2.25
1156,211,2.25
1156,239,2.25
1156,254,2.25
1157,8,2.25
1157,218,2.25
1157,278,2.25
1157,657,2.25
1157,318,2.25
1157,699,2.25
1157,606,2.25
1157,389,2.25
1157,656,2.25
1157,1390,2.25
1157,1295,2.25
1157,169,2.25
1157,1183,2.25
1157,523,2.25
1157,31,2.25
1157,806,2.25
1157,1037,2.25
1158,220,2.25
1158,236,2.25
1158,3,2.25
1158,233,2.25
1158,6,2.25
1158,247,2.25
1158,718,2.25
1159,220,2.25
1159,236,2.25
1159,9,2.25
1159,216,2.25
1159,217,2.25
1159,245,2.25
1159,219,2.25
1159,254,2.25
1159,8,2.25
1159,6,2.25
1159,246,2.25
1159,249,2.25
1159,256,2.25
1159,243,2.25
1159,541,2.25
1160,236,2.25
1160,781,2.25
1160,755,2.25
1161,215,2.25
1161,234,2.25
1161,217,2.25
1161,205,2.25
1161,214,2.25
1161,212,2.25
1161,233,2.25
1161,6,2.25
1161,210,2.25
1162,7,2.25
1162,12,2.25
1162,217,2.25
1162,245,2.25
1162,13,2.25
1162,1,2.25
1162,257,2.25
1162,207,2.25
1162,84,2.25
1162,247,2.25
1162,459,2.25
1162,589,2.25
1162,344,2.25
1162,1360,2.25
1162,309,2.25
1162,1481,2.25
1163,1865,2.25
1164,17,2.25
1164,219,2.25
1164,1,2.25
1164,207,2.25
1164,1171,2.25
1165,207,2.25
1166,236,2.25
1166,11,2.25
1166,4,2.25
1167,250,2.25
1167,12,2.25
1167,255,2.25
1167,3,2.25
1167,1,2.25
1168,236,2.25
1168,400,2.25
1168,500,2.25
1168,877,2.25
1169,207,2.25
1169,8,2.25
1173,12,2.25
1173,9,2.25
1173,3,2.25
1173,583,2.25
1173,1356,2.25
1173,1870,2.25
1173,1872,2.25
1173,1594,2.25
1173,1876,2.25
1173,1883,2.25
1175,215,2.25
1175,213,2.25
1175,7,2.25
1175,12,2.25
1175,121,2.25
1175,234,2.25
1175,3,2.25
1175,219,2.25
1175,212,2.25
1175,10,2.25
1175,256,2.25
1175,247,2.25
1176,588,2.25
1178,213,2.25
1178,254,2.25
1178,11,2.25
1178,13,2.25
1178,247,2.25
1179,205,2.25
1179,13,2.25
1180,250,2.25
1180,206,2.25
1180,236,2.25
1180,864,2.25
1182,10,2.25
1183,251,2.25
1183,5,2.25
1183,6,2.25
1183,764,2.25
1183,1448,2.25
1184,215,2.25
1184,12,2.25
1184,239,2.25
1184,246,2.25
1184,253,2.25
1186,8,2.25
1187,215,2.25
1187,5,2.25
1187,2,2.25
1187,219,2.25
1187,689,2.25
1187,1221,2.25
1187,489,2.25
1187,675,2.25
1187,242,2.25
1187,977,2.25
1187,787,2.25
1187,1488,2.25
1187,256,2.25
1187,769,2.25
1187,478,2.25
1187,480,2.25
1187,286,2.25
1187,512,2.25
1187,593,2.25
1187,432,2.25
1187,617,2.25
1187,431,2.25
1187,148,2.25
1187,454,2.25
1187,59,2.25
1187,1002,2.25
1187,304,2.25
1187,31,2.25
1187,1887,2.25
1187,686,2.25
1187,1530,2.25
1187,1599,2.25
1187,536,2.25
1187,1060,2.25
1187,310,2.25
1187,1897,2.25
1187,528,2.25
1187,1178,2.25
1187,1652,2.25
1187,1034,2.25
1187,1440,2.25
1187,947,2.25
1187,1908,2.25
1187,20,2.25
1187,951,2.25
1187,762,2.25
1187,24,2.25
1187,1576,2.25
1187,356,2.25
1187,1919,2.25
1187,1921,2.25
1187,943,2.25
1187,900,2.25
1187,693,2.25
1187,1925,2.25
1187,361,2.25
1187,301,2.25
1188,213,2.25
1188,241,2.25
1188,220,2.25
1188,12,2.25
1188,211,2.25
1188,6,2.25
1188,253,2.25
1189,2,2.25
1189,9,2.25
1189,219,2.25
1189,412,2.25
1191,235,2.25
1191,3,2.25
1193,215,2.25
1193,251,2.25
1193,241,2.25
1193,235,2.25
1193,234,2.25
1193,217,2.25
1193,205,2.25
1193,239,2.25
1193,219,2.25
1193,11,2.25
1193,244,2.25
1193,1,2.25
1193,257,2.25
1193,207,2.25
1193,8,2.25
1193,233,2.25
1193,246,2.25
1194,211,2.25
1197,213,2.25
1197,17,2.25
1197,236,2.25
1197,211,2.25
1197,254,2.25
1197,10,2.25
1197,8,2.25
1198,206,2.25
1198,17,2.25
1198,2,2.25
1198,235,2.25
1198,244,2.25
1199,215,2.25
1199,7,2.25
1199,206,2.25
1199,12,2.25
1199,216,2.25
1199,239,2.25
1199,219,2.25
1199,252,2.25
1199,207,2.25
1199,425,2.25
1199,1116,2.25
1199,299,2.25
1199,308,2.25
1199,830,2.25
1199,1183,2.25
1199,468,2.25
1199,780,2.25
1199,343,2.25
1199,842,2.25
1199,522,2.25
1199,1123,2.25
1200,245,2.25
1200,1928,2.25
1200,1931,2.25
1201,7,2.25
1201,1932,2.25
1201,1933,2.25
1202,250,2.25
1202,17,2.25
1202,236,2.25
1202,216,2.25
1202,234,2.25
1202,217,2.25
1202,245,2.25
1202,212,2.25
1202,11,2.25
1202,252,2.25
1202,233,2.25
1203,5,2.25
1203,206,2.25
1203,12,2.25
1203,1,2.25
1203,207,2.25
1203,8,2.25
1205,7,2.25
1206,11,2.25
1207,17,2.25
1207,217,2.25
1207,11,2.25
1208,2,2.25
1208,211,2.25
1208,583,2.25
1208,1639,2.25
1209,7,2.25
1209,220,2.25
1209,12,2.25
1209,205,2.25
1209,13,2.25
1209,207,2.25
1210,17,2.25
1210,11,2.25
1212,215,2.25
1212,7,2.25
1212,17,2.25
1212,236,2.25
1212,207,2.25
1212,1036,2.25
1212,1605,2.25
1212,1936,2.25
1212,1279,2.25
1212,1938,2.25
1212,1939,2.25
1212,1944,2.25
1212,144,2.25
1212,1946,2.25
1212,1130,2.25
1212,1129,2.25
1212,1602,2.25
1213,234,2.25
1213,1,2.25
1214,5,2.25
1214,9,2.25
1214,3,2.25
1214,11,2.25
1214,10,2.25
1215,216,2.25
1218,220,2.25
1218,12,2.25
1218,255,2.25
1218,217,2.25
1218,212,2.25
1218,244,2.25
1218,253,2.25
1218,249,2.25
1218,256,2.25
1220,215,2.25
1220,217,2.25
1220,10,2.25
1222,205,2.25
1222,3,2.25
1222,1,2.25
1223,17,2.25
1223,13,2.25
1223,1,2.25
1223,318,2.25
1224,10,2.25
1225,7,2.25
1225,206,2.25
1225,17,2.25
1225,121,2.25
1225,255,2.25
1225,234,2.25
1225,211,2.25
1225,1,2.25
1225,233,2.25
1225,210,2.25
1225,246,2.25
1225,247,2.25
1226,250,2.25
1226,7,2.25
1226,205,2.25
1226,214,2.25
1226,3,2.25
1226,212,2.25
1226,10,2.25
1226,6,2.25
1226,84,2.25
1228,2,2.25
1228,84,2.25
1228,248,2.25
1228,247,2.25
1229,241,2.25
1229,7,2.25
1229,2,2.25
1230,250,2.25
1230,241,2.25
1230,206,2.25
1230,17,2.25
1230,255,2.25
1230,214,2.25
1230,245,2.25
1230,256,2.25
1230,243,2.25
1230,247,2.25
1231,206,2.25
1231,9,2.25
1231,207,2.25
1231,8,2.25
1231,84,2.25
1232,12,2.25
1232,1,2.25
1232,207,2.25
1233,214,2.25
1233,11,2.25
1233,10,2.25
1233,1,2.25
1234,7,2.25
1234,206,2.25
1234,234,2.25
1234,3,2.25
1234,11,2.25
1234,10,2.25
1234,252,2.25
1234,210,2.25
1234,249,2.25
1235,215,2.25
1235,251,2.25
1235,213,2.25
1235,241,2.25
1235,220,2.25
1235,235,2.25
1235,216,2.25
1235,255,2.25
1235,211,2.25
1235,214,2.25
1235,244,2.25
1235,10,2.25
1235,1,2.25
1235,233,2.25
1235,6,2.25
1235,246,2.25
1235,84,2.25
1236,213,2.25
1236,7,2.25
1236,2,2.25
1236,205,2.25
1236,219,2.25
1236,252,2.25
1237,1302,2.25
1238,239,2.25
1238,4,2.25
1238,210,2.25
1238,253,2.25
1239,215,2.25
1239,216,2.25
1239,6,2.25
1240,13,2.25
1241,241,2.25
1241,206,2.25
1241,205,2.25
1241,239,2.25
1241,212,2.25
1241,11,2.25
1241,233,2.25
1241,210,2.25
1241,249,2.25
1242,2,2.25
1242,3,2.25
1242,11,2.25
1243,7,2.25
1243,206,2.25
1243,257,2.25
1245,17,2.25
1246,250,2.25
1246,7,2.25
1246,9,2.25
1246,217,2.25
1246,245,2.25
1246,3,2.25
1246,212,2.25
1246,13,2.25
1246,248,2.25
1246,256,2.25
1246,243,2.25
1246,247,2.25
1248,7,2.25
1248,17,2.25
1248,239,2.25
1248,3,2.25
1248,246,2.25
1249,121,2.25
1249,211,2.25
1249,244,2.25
1249,4,2.25
1249,705,2.25
1249,1010,2.25
1249,170,2.25
1249,61,2.25
1249,1960,2.25
1249,1582,2.25
1249,150,2.25
1249,1583,2.25
1249,72,2.25
1249,42,2.25
1249,32,2.25
1249,1965,2.25
1249,98,2.25
1249,1580,2.25
1249,158,2.25
1249,128,2.25
1249,122,2.25
1249,1967,2.25
1250,241,2.25
1250,5,2.25
1250,236,2.25
1250,214,2.25
1250,10,2.25
1250,13,2.25
1250,4,2.25
1251,220,2.25
1251,216,2.25
1251,11,2.25
1251,10,2.25
1251,13,2.25
1252,251,2.25
1252,5,2.25
1252,220,2.25
1252,17,2.25
1252,236,2.25
1252,9,2.25
1252,216,2.25
1252,255,2.25
1252,239,2.25
1252,252,2.25
1252,257,2.25
1252,4,2.25
1252,207,2.25
1253,11,2.25
1254,206,2.25
1254,9,2.25
1254,211,2.25
1254,214,2.25
1254,245,2.25
1254,239,2.25
1254,219,2.25
1254,254,2.25
1254,13,2.25
1254,252,2.25
1254,233,2.25
1254,253,2.25
1255,215,2.25
1255,7,2.25
1255,9,2.25
1255,255,2.25
1255,219,2.25
1255,419,2.25
1255,1182,2.25
1255,1059,2.25
1257,236,2.25
1257,216,2.25
1257,211,2.25
1257,214,2.25
1257,3,2.25
1257,8,2.25
1257,463,2.25
1258,205,2.25
1258,212,2.25
1258,257,2.25
1258,210,2.25
1258,243,2.25
1258,1481,2.25
1261,7,2.25
1261,216,2.25
1261,211,2.25
1261,205,2.25
1261,13,2.25
1261,207,2.25
1261,210,2.25
1261,247,2.25
1262,212,2.25
1262,13,2.25
1263,251,2.25
1263,5,2.25
1263,206,2.25
1263,254,2.25
1263,210,2.25
1263,253,2.25
1263,248,2.25
1265,244,2.25
1265,13,2.25
1267,255,2.25
1267,234,2.25
1267,13,2.25
1267,246,2.25
1268,7,2.25
1268,13,2.25
1269,2,2.25
1269,1970,2.25
1269,1173,2.25
1270,439,2.25
1271,206,2.25
1271,236,2.25
1271,12,2.25
1271,9,2.25
1271,217,2.25
1271,205,2.25
1271,244,2.25
1271,4,2.25
1271,253,2.25
1272,236,2.25
1272,211,2.25
1272,207,2.25
1273,235,2.25
1273,205,2.25
1273,10,2.25
1273,207,2.25
1273,8,2.25
1274,220,2.25
1274,2,2.25
1274,236,2.25
1274,205,2.25
1274,214,2.25
1274,239,2.25
1274,254,2.25
1274,252,2.25
1274,207,2.25
1274,246,2.25
1274,253,2.25
1274,249,2.25
1278,7,2.25
1278,205,2.25
1278,4,2.25
1278,745,2.25
1279,5,2.25
1279,220,2.25
1279,121,2.25
1279,255,2.25
1279,217,2.25
1279,212,2.25
1279,244,2.25
1279,10,2.25
1279,13,2.25
1279,1,2.25
1279,210,2.25
1279,253,2.25
1279,248,2.25
1279,249,2.25
1280,121,2.25
1280,252,2.25
1282,2,2.25
1282,9,2.25
1282,8,2.25
1283,213,2.25
1283,5,2.25
1283,239,2.25
1283,1,2.25
1283,257,2.25
1283,249,2.25
1283,247,2.25
1284,17,2.25
1284,255,2.25
1284,234,2.25
1284,207,2.25
1286,215,2.25
1286,250,2.25
1286,241,2.25
1286,255,2.25
1286,254,2.25
1286,10,2.25
1286,1,2.25
1286,257,2.25
1286,233,2.25
1286,253,2.25
1286,248,2.25
1286,249,2.25
1288,250,2.25
1288,793,2.25
1288,848,2.25
1289,215,2.25
1289,206,2.25
1289,12,2.25
1289,205,2.25
1289,10,2.25
1289,13,2.25
1289,4,2.25
1289,253,2.25
1289,278,2.25
1289,84,2.25
1289,1937,2.25
1289,1173,2.25
1289,178,2.25
1289,64,2.25
1290,7,2.25
1291,216,2.25
1291,255,2.25
1291,205,2.25
1291,13,2.25
1291,1,2.25
1291,257,2.25
1291,8,2.25
1292,241,2.25
1292,206,2.25
1292,235,2.25
1292,255,2.25
1292,1,2.25
1292,210,2.25
1292,256,2.25
1293,220,2.25
1293,2,2.25
1293,13,2.25
1293,6,2.25
1295,241,2.25
1295,7,2.25
1295,206,2.25
1295,214,2.25
1295,219,2.25
1295,244,2.25
1295,252,2.25
1295,257,2.25
1295,243,2.25
1296,215,2.25
1296,10,2.25
1296,207,2.25
1297,236,2.25
1297,217,2.25
1297,11,2.25
1297,10,2.25
1297,207,2.25
1297,1590,2.25
1299,17,2.25
1299,207,2.25
1299,1362,2.25
1300,215,2.25
1300,213,2.25
1300,241,2.25
1300,236,2.25
1300,245,2.25
1300,13,2.25
1300,8,2.25
1300,253,2.25
1301,236,2.25
1301,205,2.25
1302,17,2.25
1302,9,2.25
1302,239,2.25
1302,11,2.25
1302,10,2.25
1304,241,2.25
1304,220,2.25
1304,211,2.25
1304,214,2.25
1304,212,2.25
1304,257,2.25
1304,253,2.25
1304,249,2.25
1304,243,2.25
1304,247,2.25
1305,17,2.25
1305,12,2.25
1305,11,2.25
1305,8,2.25
1305,6,2.25
1306,13,2.25
1307,5,2.25
1307,4,2.25
1307,8,2.25
1307,242,2.25
1307,247,2.25
1308,7,2.25
1308,234,2.25
1308,8,2.25
1310,235,2.25
1310,236,2.25
1311,219,2.25
1312,213,2.25
1312,235,2.25
1312,239,2.25
1312,13,2.25
1313,1598,2.25
1314,13,2.25
1315,1,2.25
1316,11,2.25
1317,217,2.25
1317,3,2.25
1317,1,2.25
1318,5,2.25
1318,7,2.25
1318,220,2.25
1318,9,2.25
1318,121,2.25
1318,216,2.25
1318,211,2.25
1318,245,2.25
1318,212,2.25
1318,244,2.25
1318,13,2.25
1318,4,2.25
1318,6,2.25
1320,7,2.25
1321,11,2.25
1324,250,2.25
1324,12,2.25
1324,234,2.25
1324,219,2.25
1324,11,2.25
1325,236,2.25
1327,3,2.25
1327,207,2.25
1328,1767,2.25
1328,985,2.25
1328,1340,2.25
1328,1765,2.25
1329,213,2.25
1329,13,2.25
1331,363,2.25
1332,13,2.25
1332,1,2.25
1332,207,2.25
1332,233,2.25
1333,17,2.25
1333,211,2.25
1333,11,2.25
1333,1198,2.25
1333,344,2.25
1333,1873,2.25
1333,341,2.25
1333,1054,2.25
1333,1342,2.25
1333,1768,2.25
1333,1740,2.25
1333,1991,2.25
1333,1994,2.25
1333,493,2.25
1333,1997,2.25
1333,1998,2.25
1333,2007,2.25
1333,2014,2.25
1333,2019,2.25
1333,2021,2.25
1333,2022,2.25
1333,2024,2.25
1334,1,2.25
1334,257,2.25
1335,213,2.25
1335,241,2.25
1335,235,2.25
1335,121,2.25
1335,255,2.25
1335,205,2.25
1335,214,2.25
1335,245,2.25
1335,219,2.25
1335,10,2.25
1335,252,2.25
1335,233,2.25
1335,6,2.25
1335,84,2.25
1338,251,2.25
1338,206,2.25
1338,2,2.25
1338,239,2.25
1338,11,2.25
1338,10,2.25
1338,249,2.25
1338,247,2.25
1339,13,2.25
1340,17,2.25
1340,245,2.25
1340,207,2.25
1341,17,2.25
1341,8,2.25
1342,5,2.25
1342,2,2.25
1342,9,2.25
1342,806,2.25
1342,599,2.25
1343,235,2.25
1343,10,2.25
1343,207,2.25
1345,250,2.25
1345,206,2.25
1345,11,2.25
1346,235,2.25
1346,10,2.25
1348,5,2.25
1348,236,2.25
1348,216,2.25
1348,239,2.25
1348,219,2.25
1348,257,2.25
1349,215,2.25
1350,245,2.25
1350,239,2.25
1350,254,2.25
1350,1,2.25
1350,8,2.25
1350,253,2.25
1351,7,2.25
1351,206,2.25
1351,121,2.25
1352,7,2.25
1352,235,2.25
1352,121,2.25
1352,244,2.25
1352,1,2.25
1352,253,2.25
1352,248,2.25
1352,256,2.25
1353,2,2.25
1355,235,2.25
1355,254,2.25
1355,594,2.25
1355,522,2.25
1356,215,2.25
1356,214,2.25
1356,10,2.25
1357,397,2.25
1357,746,2.25
1359,12,2.25
1359,207,2.25
1359,434,2.25
1359,2032,2.25
1360,7,2.25
1360,536,2.25
1361,251,2.25
1361,220,2.25
1361,17,2.25
1361,2,2.25
1361,216,2.25
1361,219,2.25
1361,247,2.25
1363,251,2.25
1363,206,2.25
1363,220,2.25
1363,17,2.25
1363,2,2.25
1363,235,2.25
1363,217,2.25
1363,3,2.25
1363,212,2.25
1363,207,2.25
1363,246,2.25
1363,256,2.25
1363,247,2.25
1365,2,2.25
1365,207,2.25
1366,5,2.25
1366,12,2.25
1366,217,2.25
1366,245,2.25
1366,13,2.25
1366,1,2.25
1366,257,2.25
1366,207,2.25
1367,2,2.25
1367,9,2.25
1367,216,2.25
1367,3,2.25
1367,219,2.25
1367,207,2.25
1368,7,2.25
1368,2,2.25
1368,219,2.25
1368,11,2.25
1369,5,2.25
1369,278,2.25
1370,215,2.25
1370,216,2.25
1370,211,2.25
1370,245,2.25
1370,1,2.25
1370,4,2.25
1370,207,2.25
1370,8,2.25
1370,210,2.25
1370,84,2.25
1370,249,2.25
1370,243,2.25
1371,207,2.25
1372,5,2.25
1372,2,2.25
1372,9,2.25
1372,11,2.25
1373,13,2.25
1375,250,2.25
1375,12,2.25
1375,211,2.25
1375,245,2.25
1375,257,2.25
1375,8,2.25
1375,246,2.25
1375,248,2.25
1375,247,2.25
1377,216,2.25
1377,234,2.25
1377,207,2.25
1378,207,2.25
1378,253,2.25
1379,216,2.25
1379,219,2.25
1379,397,2.25
1379,696,2.25
1380,7,2.25
1382,215,2.25
1382,5,2.25
1382,7,2.25
1382,220,2.25
1382,244,2.25
1382,13,2.25
1382,252,2.25
1382,4,2.25
1382,246,2.25
1382,2035,2.25
1382,2036,2.25
1383,17,2.25
1383,2,2.25
1383,211,2.25
1383,658,2.25
1383,805,2.25
1383,1851,2.25
1385,5,2.25
1385,220,2.25
1385,239,2.25
1385,3,2.25
1385,257,2.25
1385,4,2.25
1385,207,2.25
1385,8,2.25
1386,215,2.25
1386,250,2.25
1386,205,2.25
1386,11,2.25
1386,207,2.25
1386,8,2.25
1386,233,2.25
1386,70,2.25
1386,397,2.25
1386,598,2.25
1386,148,2.25
1386,750,2.25
1386,100,2.25
1386,819,2.25
1386,196,2.25
1386,829,2.25
1386,817,2.25
1386,69,2.25
1386,811,2.25
1386,83,2.25
1386,81,2.25
1387,17,2.25
1387,207,2.25
1387,1788,2.25
1387,729,2.25
1388,251,2.25
1388,220,2.25
1388,236,2.25
1388,255,2.25
1388,217,2.25
1388,214,2.25
1388,245,2.25
1388,3,2.25
1388,4,2.25
1388,6,2.25
1388,84,2.25
1389,215,2.25
1389,11,2.25
1389,10,2.25
1389,13,2.25
1390,2,2.25
1390,211,2.25
1390,13,2.25
1391,7,2.25
1392,299,2.25
1393,241,2.25
1393,211,2.25
1393,214,2.25
1393,219,2.25
1393,1,2.25
1393,252,2.25
1393,207,2.25
1393,210,2.25
1393,256,2.25
1394,235,2.25
1396,215,2.25
1396,236,2.25
1396,239,2.25
1396,244,2.25
1396,1,2.25
1396,207,2.25
1396,243,2.25
1396,247,2.25
1397,1263,2.25
1398,872,2.25
1398,286,2.25
1398,512,2.25
1398,584,2.25
1398,169,2.25
1398,746,2.25
1398,743,2.25
1398,2041,2.25
1398,827,2.25
1399,17,2.25
1401,213,2.25
1402,5,2.25
1402,2,2.25
1402,779,2.25
1405,241,2.25
1405,214,2.25
1405,219,2.25
1406,1359,2.25
1406,805,2.25
1406,240,2.25
1406,326,2.25
1406,321,2.25
1406,1087,2.25
1406,291,2.25
1407,557,2.25
1407,1527,2.25
1407,1532,2.25
1409,5,2.25
1409,12,2.25
1409,219,2.25
1414,12,2.25
1414,9,2.25
1414,245,2.25
1414,3,2.25
1414,212,2.25
1414,243,2.25
1415,10,2.25
1416,250,2.25
1416,241,2.25
1416,7,2.25
1416,236,2.25
1416,234,2.25
1416,207,2.25
1417,241,2.25
1417,607,2.25
1418,1198,2.25
1418,514,2.25
1418,536,2.25
1418,842,2.25
1418,1038,2.25
1419,216,2.25
1419,3,2.25
1419,13,2.25
1420,215,2.25
1420,17,2.25
1420,2,2.25
1420,211,2.25
1420,239,2.25
1420,219,2.25
1420,212,2.25
1420,10,2.25
1420,257,2.25
1420,210,2.25
1420,84,2.25
1423,236,2.25
1423,121,2.25
1423,252,2.25
1423,233,2.25
1423,84,2.25
1423,247,2.25
1424,211,2.25
1424,256,2.25
1424,243,2.25
1425,250,2.25
1425,5,2.25
1425,7,2.25
1425,239,2.25
1425,207,2.25
1425,84,2.25
1425,248,2.25
1426,17,2.25
1428,7,2.25
1428,211,2.25
1428,219,2.25
1428,252,2.25
1428,207,2.25
1428,8,2.25
1429,215,2.25
1429,2,2.25
1429,239,2.25
1429,254,2.25
1429,207,2.25
1429,248,2.25
1430,251,2.25
1430,2,2.25
1430,235,2.25
1430,9,2.25
1430,234,2.25
1430,214,2.25
1430,254,2.25
1430,244,2.25
1430,13,2.25
1430,1,2.25
1430,257,2.25
1430,8,2.25
1430,246,2.25
1431,10,2.25
1431,257,2.25
1432,17,2.25
1432,2,2.25
1432,12,2.25
1432,218,2.25
1432,84,2.25
1432,313,2.25
1432,512,2.25
1432,442,2.25
1432,588,2.25
1433,2,2.25
1433,10,2.25
1434,205,2.25
1435,9,2.25
1435,391,2.25
1435,841,2.25
1435,812,2.25
1437,2,2.25
1437,278,2.25
1437,347,2.25
1437,290,2.25
1437,291,2.25
1438,213,2.25
1438,220,2.25
1438,2,2.25
1438,235,2.25
1438,121,2.25
1438,3,2.25
1438,219,2.25
1438,1,2.25
1438,4,2.25
1438,8,2.25
1438,249,2.25
1439,7,2.25
1439,12,2.25
1439,9,2.25
1439,217,2.25
1439,245,2.25
1439,239,2.25
1439,254,2.25
1439,8,2.25
1439,233,2.25
1439,84,2.25
1439,256,2.25
1439,243,2.25
1440,251,2.25
1440,213,2.25
1440,3,2.25
1440,8,2.25
1442,219,2.25
1443,206,2.25
1443,17,2.25
1443,236,2.25
1443,234,2.25
1443,239,2.25
1443,1,2.25
1443,8,2.25
1443,502,2.25
1443,1210,2.25
1443,283,2.25
1444,251,2.25
1444,213,2.25
1444,241,2.25
1444,5,2.25
1444,206,2.25
1444,2,2.25
1444,245,2.25
1444,254,2.25
1444,252,2.25
1444,207,2.25
1444,84,2.25
1444,248,2.25
1444,247,2.25
1446,251,2.25
1446,220,2.25
1446,236,2.25
1446,13,2.25
1447,2,2.25
1448,241,2.25
1448,7,2.25
1448,2,2.25
1448,211,2.25
1448,3,2.25
1448,10,2.25
1448,1,2.25
1448,257,2.25
1449,235,2.25
1450,6,2.25
1451,7,2.25
1451,206,2.25
1451,17,2.25
1451,235,2.25
1451,236,2.25
1451,121,2.25
1451,205,2.25
1451,3,2.25
1451,212,2.25
1451,11,2.25
1451,10,2.25
1451,252,2.25
1451,207,2.25
1451,246,2.25
1451,1655,2.25
1451,247,2.25
1451,1711,2.25
1452,7,2.25
1452,2058,2.25
1453,241,2.25
1453,5,2.25
1453,17,2.25
1453,2,2.25
1453,216,2.25
1453,255,2.25
1453,234,2.25
1453,214,2.25
1453,13,2.25
1453,1,2.25
1453,252,2.25
1453,4,2.25
1453,207,2.25
1453,233,2.25
1453,243,2.25
1454,215,2.25
1454,2,2.25
1454,236,2.25
1454,216,2.25
1454,3,2.25
1454,11,2.25
1454,252,2.25
1454,233,2.25
1454,6,2.25
1454,248,2.25
1454,243,2.25
1455,219,2.25
1455,11,2.25
1457,250,2.25
1457,5,2.25
1457,17,2.25
1457,235,2.25
1457,245,2.25
1457,219,2.25
1457,4,2.25
1457,8,2.25
1457,6,2.25
1458,5,2.25
1458,216,2.25
1458,234,2.25
1458,217,2.25
1458,4,2.25
1458,84,2.25
1458,249,2.25
1460,250,2.25
1460,7,2.25
1460,216,2.25
1460,234,2.25
1460,211,2.25
1460,214,2.25
1460,212,2.25
1460,244,2.25
1460,257,2.25
1460,4,2.25
1460,246,2.25
1460,249,2.25
1460,256,2.25
1461,215,2.25
1461,7,2.25
1461,206,2.25
1461,236,2.25
1461,211,2.25
1461,11,2.25
1461,210,2.25
1461,256,2.25
1462,250,2.25
1462,251,2.25
1462,235,2.25
1462,9,2.25
1462,245,2.25
1462,219,2.25
1462,11,2.25
1462,10,2.25
1462,257,2.25
1462,8,2.25
1462,6,2.25
1464,251,2.25
1464,17,2.25
1464,236,2.25
1464,12,2.25
1464,121,2.25
1464,217,2.25
1464,214,2.25
1464,3,2.25
1464,11,2.25
1464,13,2.25
1464,1,2.25
1464,256,2.25
1465,2,2.25
1465,235,2.25
1465,255,2.25
1465,214,2.25
1465,245,2.25
1465,239,2.25
1465,219,2.25
1465,244,2.25
1465,8,2.25
1465,233,2.25
1465,253,2.25
1465,249,2.25
1465,243,2.25
1466,7,2.25
1466,236,2.25
1466,1204,2.25
1466,2059,2.25
1466,1174,2.25
1467,241,2.25
1467,5,2.25
1467,7,2.25
1467,220,2.25
1467,212,2.25
1467,10,2.25
1467,257,2.25
1467,210,2.25
1467,246,2.25
1467,253,2.25
1467,249,2.25
1468,7,2.25
1468,397,2.25
1468,270,2.25
1468,550,2.25
1468,283,2.25
1469,512,2.25
1469,442,2.25
1470,213,2.25
1470,241,2.25
1470,7,2.25
1470,234,2.25
1470,10,2.25
1470,253,2.25
1471,211,2.25
1471,207,2.25
1471,8,2.25
1471,342,2.25
1474,250,2.25
1474,206,2.25
1474,220,2.25
1474,235,2.25
1474,239,2.25
1474,4,2.25
1474,243,2.25
1474,247,2.25
1475,213,2.25
1475,2,2.25
1475,12,2.25
1475,216,2.25
1475,214,2.25
1475,252,2.25
1475,207,2.25
1475,210,2.25
1475,256,2.25
1475,243,2.25
1476,215,2.25
1476,5,2.25
1476,2,2.25
1476,216,2.25
1476,205,2.25
1476,239,2.25
1476,212,2.25
1476,4,2.25
1476,233,2.25
1476,6,2.25
1478,251,2.25
1478,213,2.25
1478,236,2.25
1478,255,2.25
1478,257,2.25
1478,207,2.25
1478,2060,2.25
1479,213,2.25
1480,250,2.25
1480,206,2.25
1480,234,2.25
1480,239,2.25
1480,212,2.25
1480,4,2.25
1480,243,2.25
1481,2061,2.25
1481,978,2.25
1483,7,2.25
1483,17,2.25
1483,9,2.25
1483,211,2.25
1483,217,2.25
1483,3,2.25
1483,244,2.25
1483,252,2.25
1483,207,2.25
1483,233,2.25
1483,248,2.25
1485,7,2.25
1485,236,2.25
1485,2065,2.25
1486,220,2.25
1486,17,2.25
1486,236,2.25
1486,239,2.25
1486,246,2.25
1486,256,2.25
1488,10,2.25
1488,550,2.25
1489,217,2.25
1489,214,2.25
1489,212,2.25
1489,13,2.25
1489,1,2.25
1489,6,2.25
1491,7,2.25
1491,9,2.25
1491,211,2.25
1491,10,2.25
1491,13,2.25
1491,246,2.25
1491,1711,2.25
1491,266,2.25
1491,1953,2.25
1492,236,2.25
1492,6,2.25
1493,13,2.25
1493,586,2.25
1493,936,2.25
1494,213,2.25
1494,1,2.25
1495,2,2.25
1495,267,2.25
1496,7,2.25
1496,236,2.25
1496,257,2.25
1496,845,2.25
1496,764,2.25
1496,521,2.25
1496,1384,2.25
1496,1943,2.25
1496,1747,2.25
1496,1949,2.25
1496,1206,2.25
1496,1345,2.25
1497,215,2.25
1497,206,2.25
1497,242,2.25
1497,1478,2.25
1497,342,2.25
1497,842,2.25
1498,241,2.25
1498,17,2.25
1498,9,2.25
1498,245,2.25
1498,254,2.25
1498,253,2.25
1498,248,2.25
1499,17,2.25
1499,236,2.25
1499,12,2.25
1499,245,2.25
1499,254,2.25
1499,253,2.25
1499,243,2.25
1500,207,2.25
1501,219,2.25
1501,1,2.25
1501,8,2.25
1501,246,2.25
1501,84,2.25
1502,5,2.25
1502,7,2.25
1502,206,2.25
1502,220,2.25
1502,2,2.25
1502,12,2.25
1502,216,2.25
1502,219,2.25
1502,13,2.25
1503,13,2.25
1504,250,2.25
1504,235,2.25
1504,10,2.25
1504,13,2.25
1504,247,2.25
1504,100,2.25
1505,215,2.25
1505,213,2.25
1505,2,2.25
1505,235,2.25
1505,217,2.25
1505,10,2.25
1505,847,2.25
1505,497,2.25
1505,887,2.25
1506,4,2.25
1508,250,2.25
1508,235,2.25
1508,207,2.25
1508,233,2.25
1,5,2.25
1,7,2.25
3,121,2.25
3,15,2.25
3,187,2.25
3,92,2.25
3,167,2.25
3,132,2.25
3,65,2.25
3,113,2.25
3,37,2.25
3,100,2.25
3,69,2.25
3,81,2.25
3,21,2.25
3,22,2.25
3,27,2.25
3,53,2.25
3,63,2.25
3,76,2.25
3,90,2.25
3,94,2.25
3,95,2.25
3,105,2.25
3,110,2.25
3,111,2.25
3,135,2.25
3,143,2.25
3,155,2.25
3,166,2.25
3,168,2.25
3,173,2.25
3,175,2.25
3,184,2.25
3,195,2.25
4,1,2.25
5,208,2.25
6,17,2.25
7,213,2.25
7,2,2.25
7,11,2.25
8,215,2.25
10,11,2.25
11,7,2.25
12,2,2.25
12,12,2.25
13,11,2.25
13,221,2.25
13,225,2.25
13,226,2.25
13,228,2.25
13,230,2.25
13,231,2.25
13,232,2.25
14,235,2.25
14,236,2.25
14,207,2.25
16,213,2.25
16,1,2.25
17,215,2.25
19,213,2.25
20,7,2.25
21,235,2.25
21,9,2.25
21,121,2.25
21,217,2.25
21,3,2.25
21,254,2.25
21,6,2.25
21,256,2.25
23,3,2.25
23,219,2.25
23,207,2.25
25,250,2.25
25,7,2.25
25,235,2.25
25,211,2.25
25,217,2.25
25,245,2.25
25,11,2.25
25,8,2.25
25,6,2.25
25,210,2.25
25,246,2.25
26,11,2.25
27,215,2.25
27,5,2.25
27,7,2.25
27,212,2.25
27,261,2.25
28,5,2.25
28,17,2.25
28,9,2.25
28,255,2.25
28,217,2.25
28,3,2.25
28,212,2.25
28,252,2.25
28,84,2.25
28,247,2.25
29,293,2.25
29,278,2.25
29,289,2.25
29,307,2.25
29,267,2.25
29,268,2.25
29,276,2.25
29,288,2.25
29,302,2.25
30,215,2.25
30,213,2.25
30,235,2.25
30,211,2.25
30,3,2.25
30,13,2.25
30,243,2.25
31,13,2.25
32,13,2.25
33,11,2.25
33,207,2.25
34,241,2.25
34,216,2.25
34,205,2.25
34,257,2.25
35,7,2.25
35,219,2.25
35,309,2.25
36,9,2.25
36,234,2.25
36,211,2.25
36,6,2.25
37,251,2.25
37,220,2.25
37,235,2.25
37,9,2.25
37,211,2.25
37,10,2.25
37,257,2.25
37,4,2.25
37,207,2.25
37,233,2.25
37,6,2.25
37,248,2.25
38,250,2.25
38,7,2.25
38,220,2.25
38,17,2.25
38,235,2.25
38,236,2.25
38,217,2.25
38,244,2.25
38,1,2.25
38,207,2.25
38,6,2.25
38,210,2.25
38,256,2.25
38,312,2.25
39,235,2.25
39,9,2.25
39,11,2.25
39,207,2.25
39,84,2.25
40,235,2.25
41,10,2.25
42,212,2.25
43,215,2.25
44,215,2.25
44,10,2.25
44,207,2.25
46,220,2.25
46,219,2.25
46,233,2.25
47,12,2.25
47,313,2.25
48,12,2.25
50,215,2.25
50,213,2.25
50,7,2.25
50,206,2.25
50,17,2.25
50,12,2.25
50,121,2.25
50,239,2.25
50,252,2.25
50,207,2.25
50,233,2.25
51,316,2.25
51,330,2.25
51,322,2.25
51,317,2.25
51,315,2.25
52,10,2.25
53,214,2.25
53,3,2.25
53,10,2.25
53,257,2.25
53,207,2.25
53,233,2.25
53,6,2.25
53,210,2.25
53,248,2.25
54,257,2.25
55,12,2.25
55,216,2.25
55,211,2.25
55,217,2.25
55,207,2.25
55,249,2.25
57,2,2.25
58,239,2.25
59,243,2.25
61,214,2.25
61,10,2.25
62,7,2.25
62,11,2.25
63,242,2.25
63,292,2.25
64,215,2.25
64,255,2.25
64,254,2.25
64,244,2.25
64,13,2.25
64,1,2.25
64,252,2.25
64,257,2.25
64,233,2.25
64,210,2.25
64,253,2.25
64,84,2.25
64,249,2.25
65,236,2.25
65,207,2.25
66,7,2.25
66,235,2.25
66,207,2.25
67,220,2.25
68,241,2.25
68,7,2.25
68,220,2.25
68,121,2.25
68,234,2.25
68,217,2.25
68,84,2.25
68,256,2.25
69,235,2.25
69,236,2.25
69,211,2.25
69,11,2.25
69,10,2.25
69,13,2.25
71,2,2.25
71,9,2.25
72,251,2.25
72,7,2.25
72,121,2.25
72,205,2.25
72,245,2.25
72,256,2.25
72,243,2.25
73,251,2.25
73,206,2.25
73,220,2.25
73,235,2.25
73,255,2.25
73,245,2.25
73,239,2.25
73,10,2.25
73,13,2.25
73,207,2.25
76,13,2.25
78,362,2.25
78,373,2.25
78,359,2.25
78,361,2.25
78,378,2.25
78,183,2.25
78,383,2.25
78,380,2.25
79,217,2.25
79,212,2.25
79,489,2.25
79,494,2.25
79,352,2.25
79,415,2.25
79,499,2.25
79,256,2.25
79,243,2.25
79,480,2.25
79,407,2.25
79,486,2.25
79,471,2.25
79,400,2.25
79,465,2.25
79,438,2.25
79,503,2.25
79,412,2.25
79,468,2.25
79,410,2.25
79,452,2.25
79,464,2.25
79,460,2.25
79,433,2.25
79,496,2.25
79,408,2.25
79,315,2.25
79,392,2.25
79,404,2.25
79,411,2.25
79,420,2.25
79,424,2.25
79,441,2.25
79,446,2.25
79,492,2.25
79,498,2.25
80,318,2.25
80,432,2.25
81,236,2.25
81,207,2.25
81,249,2.25
81,407,2.25
81,524,2.25
81,527,2.25
81,543,2.25
83,235,2.25
83,12,2.25
83,245,2.25
83,8,2.25
83,233,2.25
83,6,2.25
83,247,2.25
84,7,2.25
84,220,2.25
84,9,2.25
84,13,2.25
84,4,2.25
84,243,2.25
86,241,2.25
86,7,2.25
86,206,2.25
86,236,2.25
86,12,2.25
86,216,2.25
86,254,2.25
86,13,2.25
86,252,2.25
86,207,2.25
86,246,2.25
86,243,2.25
86,247,2.25
87,2,2.25
87,1,2.25
87,207,2.25
88,215,2.25
88,1,2.25
90,215,2.25
90,2,2.25
90,205,2.25
90,1,2.25
91,12,2.25
91,234,2.25
91,245,2.25
91,6,2.25
91,572,2.25
91,563,2.25
91,292,2.25
91,562,2.25
91,568,2.25
91,569,2.25
92,206,2.25
92,2,2.25
92,12,2.25
92,211,2.25
92,205,2.25
92,11,2.25
92,10,2.25
92,13,2.25
92,8,2.25
92,253,2.25
93,215,2.25
93,7,2.25
93,2,2.25
93,12,2.25
94,10,2.25
95,251,2.25
95,7,2.25
95,216,2.25
95,214,2.25
95,3,2.25
95,1,2.25
95,8,2.25
95,248,2.25
95,256,2.25
96,7,2.25
96,236,2.25
96,217,2.25
96,214,2.25
96,245,2.25
96,3,2.25
96,1,2.25
96,4,2.25
96,233,2.25
96,243,2.25
97,250,2.25
97,251,2.25
97,206,2.25
97,2,2.25
97,214,2.25
97,239,2.25
97,3,2.25
97,254,2.25
97,11,2.25
97,1,2.25
97,257,2.25
97,207,2.25
97,246,2.25
98,7,2.25
98,2,2.25
98,217,2.25
98,254,2.25
98,257,2.25
98,587,2.25
98,593,2.25
98,169,2.25
98,588,2.25
99,241,2.25
99,5,2.25
99,211,2.25
100,215,2.25
102,9,2.25
103,384,2.25
104,7,2.25
104,12,2.25
104,4,2.25
106,217,2.25
107,213,2.25
107,206,2.25
107,1,2.25
107,8,2.25
107,210,2.25
108,4,2.25
110,7,2.25
110,236,2.25
110,3,2.25
110,11,2.25
110,10,2.25
111,206,2.25
111,220,2.25
111,235,2.25
111,205,2.25
111,3,2.25
111,219,2.25
111,254,2.25
111,244,2.25
111,1,2.25
111,84,2.25
111,248,2.25
111,243,2.25
111,247,2.25
112,7,2.25
112,235,2.25
112,219,2.25
112,244,2.25
112,607,2.25
112,389,2.25
113,9,2.25
114,235,2.25
114,236,2.25
114,255,2.25
114,219,2.25
114,233,2.25
115,12,2.25
115,212,2.25
115,11,2.25
115,10,2.25
116,2,2.25
116,235,2.25
116,216,2.25
116,207,2.25
116,8,2.25
119,17,2.25
119,11,2.25
120,236,2.25
120,211,2.25
120,205,2.25
120,212,2.25
121,251,2.25
121,2,2.25
121,121,2.25
121,255,2.25
121,234,2.25
121,245,2.25
121,219,2.25
121,4,2.25
122,215,2.25
122,7,2.25
122,236,2.25
122,255,2.25
122,10,2.25
122,1,2.25
122,246,2.25
123,241,2.25
123,17,2.25
123,236,2.25
123,1,2.25
124,213,2.25
124,206,2.25
124,220,2.25
124,235,2.25
124,236,2.25
124,9,2.25
124,217,2.25
124,214,2.25
124,212,2.25
124,244,2.25
124,1,2.25
124,207,2.25
124,246,2.25
124,256,2.25
125,251,2.25
125,213,2.25
125,211,2.25
125,3,2.25
125,10,2.25
125,13,2.25
126,17,2.25
126,4,2.25
126,6,2.25
127,3,2.25
127,10,2.25
128,5,2.25
128,17,2.25
128,235,2.25
128,236,2.25
128,217,2.25
128,212,2.25
128,207,2.25
128,8,2.25
128,615,2.25
129,251,2.25
129,9,2.25
129,3,2.25
129,10,2.25
129,257,2.25
129,8,2.25
129,210,2.25
130,2,2.25
130,212,2.25
134,235,2.25
135,215,2.25
135,236,2.25
135,11,2.25
136,2,2.25
136,207,2.25
136,103,2.25
136,626,2.25
136,647,2.25
136,648,2.25
136,373,2.25
136,649,2.25
136,651,2.25
136,652,2.25
136,642,2.25
136,621,2.25
137,215,2.25
137,250,2.25
137,241,2.25
137,7,2.25
137,220,2.25
137,17,2.25
137,214,2.25
137,219,2.25
137,254,2.25
137,11,2.25
137,13,2.25
137,252,2.25
137,210,2.25
137,256,2.25
138,250,2.25
138,241,2.25
138,206,2.25
138,220,2.25
138,121,2.25
138,216,2.25
138,255,2.25
138,234,2.25
138,211,2.25
138,214,2.25
139,215,2.25
139,7,2.25
139,206,2.25
139,17,2.25
139,121,2.25
139,255,2.25
139,234,2.25
139,211,2.25
139,239,2.25
139,219,2.25
139,244,2.25
139,252,2.25
139,207,2.25
139,6,2.25
141,655,2.25
142,7,2.25
142,17,2.25
144,215,2.25
144,5,2.25
144,12,2.25
144,11,2.25
145,236,2.25
145,239,2.25
145,207,2.25
146,206,2.25
146,9,2.25
146,205,2.25
146,245,2.25
146,239,2.25
146,212,2.25
146,10,2.25
146,13,2.25
146,233,2.25
146,84,2.25
146,247,2.25
147,236,2.25
147,217,2.25
147,239,2.25
147,4,2.25
147,84,2.25
148,236,2.25
148,8,2.25
150,17,2.25
150,2,2.25
150,234,2.25
150,245,2.25
150,3,2.25
150,10,2.25
150,6,2.25
150,242,2.25
151,7,2.25
151,2,2.25
151,12,2.25
151,207,2.25
152,251,2.25
152,2,2.25
152,3,2.25
152,210,2.25
153,638,2.25
154,236,2.25
154,239,2.25
154,668,2.25
154,664,2.25
155,241,2.25
155,2,2.25
155,12,2.25
155,121,2.25
155,245,2.25
155,13,2.25
155,4,2.25
155,249,2.25
156,5,2.25
156,7,2.25
156,2,2.25
156,235,2.25
156,239,2.25
156,212,2.25
156,11,2.25
156,13,2.25
156,252,2.25
156,257,2.25
156,233,2.25
156,253,2.25
156,248,2.25
156,256,2.25
159,241,2.25
159,7,2.25
159,17,2.25
159,11,2.25
160,10,2.25
161,215,2.25
161,236,2.25
161,205,2.25
161,1,2.25
161,689,2.25
161,293,2.25
161,763,2.25
161,278,2.25
161,347,2.25
161,712,2.25
161,715,2.25
161,336,2.25
161,345,2.25
161,284,2.25
161,701,2.25
161,593,2.25
161,683,2.25
161,510,2.25
161,26,2.25
161,705,2.25
161,711,2.25
161,275,2.25
161,746,2.25
161,757,2.25
161,442,2.25
161,730,2.25
161,761,2.25
161,678,2.25
161,81,2.25
161,564,2.25
161,692,2.25
161,688,2.25
161,707,2.25
161,708,2.25
161,731,2.25
161,736,2.25
161,759,2.25
163,213,2.25
163,220,2.25
163,211,2.25
163,210,2.25
164,787,2.25
164,696,2.25
164,760,2.25
164,778,2.25
164,788,2.25
165,7,2.25
165,2,2.25
165,4,2.25
165,804,2.25
165,803,2.25
166,213,2.25
166,241,2.25
166,2,2.25
166,9,2.25
166,3,2.25
166,257,2.25
166,8,2.25
166,210,2.25
166,243,2.25
167,213,2.25
167,5,2.25
167,2,2.25
167,255,2.25
167,234,2.25
167,211,2.25
167,217,2.25
167,1,2.25
167,207,2.25
167,246,2.25
167,253,2.25
168,215,2.25
168,206,2.25
168,17,2.25
168,2,2.25
168,121,2.25
168,234,2.25
168,211,2.25
168,205,2.25
168,239,2.25
168,4,2.25
168,233,2.25
168,246,2.25
168,248,2.25
168,249,2.25
168,291,2.25
169,17,2.25
169,214,2.25
169,3,2.25
169,254,2.25
169,10,2.25
170,318,2.25
171,213,2.25
171,7,2.25
171,236,2.25
171,121,2.25
171,217,2.25
171,11,2.25
171,10,2.25
171,1,2.25
171,252,2.25
171,257,2.25
171,4,2.25
171,207,2.25
171,233,2.25
171,246,2.25
171,84,2.25
171,247,2.25
172,251,2.25
172,241,2.25
172,121,2.25
172,255,2.25
172,217,2.25
172,3,2.25
172,13,2.25
172,4,2.25
172,249,2.25
173,241,2.25
173,216,2.25
173,13,2.25
174,215,2.25
174,251,2.25
174,213,2.25
174,241,2.25
174,206,2.25
174,255,2.25
174,211,2.25
174,3,2.25
174,210,2.25
174,246,2.25
174,256,2.25
175,213,2.25
175,17,2.25
175,236,2.25
176,7,2.25
176,206,2.25
176,17,2.25
176,2,2.25
176,121,2.25
176,216,2.25
176,255,2.25
176,217,2.25
176,205,2.25
176,207,2.25
176,6,2.25
176,246,2.25
176,249,2.25
176,256,2.25
177,17,2.25
177,121,2.25
177,216,2.25
177,1,2.25
178,251,2.25
178,5,2.25
178,17,2.25
178,236,2.25
178,9,2.25
178,205,2.25
178,214,2.25
178,219,2.25
178,244,2.25
178,4,2.25
178,253,2.25
178,247,2.25
179,241,2.25
179,211,2.25
179,807,2.25
180,1,2.25
181,213,2.25
181,216,2.25
181,205,2.25
181,11,2.25
182,7,2.25
182,255,2.25
183,251,2.25
183,236,2.25
183,9,2.25
183,121,2.25
183,216,2.25
183,3,2.25
183,219,2.25
183,244,2.25
183,13,2.25
183,1,2.25
183,207,2.25
183,210,2.25
184,4,2.25
184,8,2.25
184,342,2.25
185,213,2.25
185,206,2.25
185,212,2.25
185,207,2.25
185,8,2.25
185,233,2.25
187,215,2.25
187,251,2.25
187,241,2.25
187,5,2.25
187,220,2.25
187,239,2.25
187,10,2.25
187,257,2.25
187,4,2.25
187,246,2.25
187,808,2.25
188,17,2.25
188,219,2.25
188,11,2.25
188,4,2.25
188,339,2.25
188,675,2.25
188,583,2.25
188,253,2.25
188,455,2.25
188,278,2.25
188,787,2.25
188,723,2.25
188,336,2.25
188,699,2.25
188,365,2.25
188,683,2.25
188,389,2.25
188,26,2.25
188,31,2.25
188,20,2.25
188,426,2.25
188,833,2.25
188,100,2.25
188,824,2.25
188,829,2.25
188,838,2.25
188,815,2.25
188,742,2.25
188,809,2.25
188,81,2.25
188,770,2.25
188,836,2.25
188,739,2.25
189,215,2.25
189,206,2.25
189,216,2.25
189,11,2.25
189,210,2.25
189,84,2.25
190,250,2.25
190,7,2.25
190,235,2.25
190,236,2.25
190,234,2.25
190,214,2.25
190,244,2.25
190,8,2.25
190,210,2.25
191,7,2.25
191,235,2.25
191,205,2.25
191,254,2.25
191,10,2.25
192,241,2.25
192,5,2.25
192,17,2.25
192,12,2.25
193,250,2.25
193,7,2.25
193,12,2.25
193,216,2.25
193,234,2.25
193,217,2.25
193,219,2.25
193,1,2.25
193,84,2.25
193,243,2.25
194,255,2.25
195,12,2.25
195,11,2.25
196,241,2.25
196,236,2.25
196,234,2.25
196,219,2.25
197,235,2.25
197,216,2.25
197,214,2.25
197,13,2.25
197,210,2.25
198,215,2.25
198,251,2.25
198,241,2.25
198,17,2.25
198,235,2.25
198,12,2.25
198,239,2.25
198,212,2.25
198,233,2.25
199,7,2.25
199,17,2.25
199,691,2.25
199,425,2.25
199,866,2.25
199,242,2.25
199,787,2.25
199,880,2.25
199,845,2.25
199,872,2.25
199,713,2.25
199,478,2.25
199,286,2.25
199,539,2.25
199,684,2.25
199,760,2.25
199,486,2.25
199,335,2.25
199,448,2.25
199,275,2.25
199,73,2.25
199,490,2.25
199,433,2.25
199,52,2.25
199,868,2.25
200,205,2.25
200,219,2.25
200,11,2.25
200,10,2.25
200,4,2.25
200,675,2.25
200,248,2.25
200,628,2.25
200,429,2.25
200,901,2.25
201,12,2.25
201,212,2.25
201,13,2.25
201,1,2.25
201,4,2.25
201,405,2.25
201,902,2.25
202,206,2.25
202,234,2.25
202,217,2.25
202,205,2.25
202,3,2.25
202,219,2.25
202,244,2.25
202,10,2.25
202,4,2.25
202,207,2.25
202,246,2.25
202,249,2.25
202,247,2.25
203,907,2.25
204,215,2.25
204,7,2.25
204,206,2.25
204,235,2.25
204,236,2.25
204,255,2.25
204,245,2.25
204,3,2.25
204,11,2.25
204,6,2.25
204,210,2.25
204,249,2.25
205,251,2.25
205,17,2.25
205,9,2.25
205,205,2.25
205,214,2.25
205,257,2.25
205,207,2.25
205,243,2.25
206,251,2.25
206,236,2.25
206,9,2.25
206,255,2.25
206,244,2.25
206,257,2.25
207,235,2.25
208,250,2.25
208,212,2.25
208,11,2.25
208,13,2.25
208,911,2.25
209,7,2.25
209,17,2.25
209,235,2.25
209,236,2.25
209,205,2.25
209,257,2.25
209,246,2.25
209,84,2.25
209,256,2.25
211,207,2.25
212,213,2.25
212,205,2.25
212,13,2.25
214,11,2.25
214,10,2.25
214,1,2.25
214,207,2.25
215,220,2.25
215,235,2.25
215,234,2.25
215,11,2.25
216,241,2.25
216,2,2.25
216,8,2.25
217,241,2.25
217,7,2.25
217,2,2.25
217,11,2.25
218,215,2.25
218,250,2.25
218,241,2.25
218,255,2.25
218,207,2.25
218,8,2.25
218,233,2.25
219,236,2.25
219,842,2.25
219,330,2.25
220,7,2.25
220,11,2.25
220,13,2.25
220,1,2.25
220,8,2.25
220,247,2.25
221,915,2.25
222,5,2.25
222,7,2.25
223,17,2.25
223,235,2.25
223,236,2.25
223,9,2.25
223,121,2.25
223,13,2.25
224,250,2.25
224,7,2.25
224,235,2.25
224,255,2.25
224,217,2.25
224,245,2.25
224,11,2.25
224,1,2.25
224,257,2.25
225,213,2.25
225,241,2.25
225,216,2.25
225,10,2.25
225,252,2.25
225,4,2.25
225,233,2.25
225,210,2.25
225,253,2.25
225,248,2.25
225,243,2.25
226,2,2.25
226,236,2.25
227,250,2.25
227,5,2.25
227,235,2.25
227,211,2.25
227,217,2.25
227,257,2.25
227,253,2.25
227,247,2.25
228,7,2.25
228,211,2.25
228,400,2.25
228,877,2.25
231,5,2.25
231,236,2.25
231,144,2.25
232,7,2.25
232,12,2.25
232,3,2.25
234,207,2.25
235,251,2.25
235,7,2.25
235,236,2.25
235,9,2.25
235,212,2.25
235,254,2.25
235,1,2.25
235,257,2.25
235,4,2.25
235,207,2.25
235,6,2.25
235,246,2.25
235,243,2.25
237,211,2.25
237,205,2.25
237,3,2.25
237,243,2.25
238,17,2.25
238,11,2.25
238,244,2.25
238,257,2.25
239,211,2.25
239,219,2.25
239,11,2.25
239,1,2.25
240,7,2.25
240,220,2.25
240,245,2.25
241,210,2.25
243,213,2.25
243,7,2.25
243,206,2.25
243,216,2.25
243,255,2.25
243,4,2.25
243,8,2.25
243,246,2.25
243,391,2.25
243,247,2.25
243,584,2.25
243,59,2.25
243,933,2.25
243,926,2.25
244,219,2.25
245,17,2.25
245,2,2.25
245,234,2.25
245,205,2.25
245,257,2.25
245,84,2.25
248,215,2.25
248,213,2.25
248,241,2.25
248,7,2.25
248,12,2.25
248,9,2.25
248,121,2.25
248,217,2.25
248,254,2.25
248,13,2.25
248,207,2.25
248,84,2.25
249,241,2.25
249,2,2.25
249,236,2.25
249,121,2.25
249,205,2.25
249,1,2.25
249,207,2.25
249,210,2.25
249,246,2.25
249,248,2.25
249,243,2.25
250,250,2.25
250,9,2.25
250,216,2.25
250,239,2.25
250,3,2.25
250,8,2.25
250,256,2.25
250,243,2.25
251,7,2.25
251,236,2.25
251,4,2.25
253,7,2.25
255,213,2.25
255,17,2.25
255,1,2.25
256,2,2.25
256,13,2.25
256,207,2.25
258,250,2.25
259,220,2.25
260,239,2.25
261,220,2.25
261,2,2.25
261,234,2.25
261,239,2.25
261,1,2.25
262,241,2.25
262,239,2.25
262,11,2.25
262,4,2.25
262,207,2.25
262,233,2.25
263,216,2.25
263,214,2.25
264,7,2.25
264,234,2.25
264,341,2.25
264,937,2.25
265,215,2.25
265,250,2.25
265,251,2.25
265,220,2.25
265,17,2.25
265,2,2.25
265,12,2.25
265,216,2.25
265,205,2.25
265,239,2.25
265,257,2.25
265,6,2.25
266,235,2.25
266,207,2.25
267,1,2.25
269,17,2.25
269,11,2.25
269,207,2.25
270,2,2.25
270,235,2.25
270,234,2.25
270,257,2.25
270,207,2.25
270,8,2.25
270,248,2.25
270,249,2.25
270,256,2.25
271,215,2.25
271,7,2.25
271,206,2.25
271,254,2.25
271,10,2.25
271,1,2.25
271,253,2.25
272,239,2.25
272,218,2.25
272,691,2.25
272,391,2.25
272,675,2.25
272,242,2.25
272,940,2.25
272,270,2.25
272,313,2.25
272,589,2.25
272,594,2.25
272,958,2.25
272,835,2.25
272,473,2.25
272,521,2.25
272,847,2.25
272,753,2.25
272,747,2.25
272,432,2.25
272,709,2.25
272,148,2.25
272,1002,2.25
272,204,2.25
272,282,2.25
272,806,2.25
272,591,2.25
272,1013,2.25
272,1006,2.25
272,537,2.25
272,20,2.25
272,1011,2.25
272,452,2.25
272,985,2.25
272,743,2.25
272,694,2.25
272,172,2.25
272,704,2.25
272,953,2.25
272,957,2.25
272,960,2.25
272,962,2.25
272,981,2.25
272,990,2.25
272,992,2.25
272,994,2.25
272,996,2.25
272,1000,2.25
272,1001,2.25
272,1014,2.25
272,1015,2.25
273,255,2.25
273,11,2.25
273,253,2.25
274,250,2.25
274,213,2.25
274,17,2.25
274,121,2.25
274,205,2.25
274,245,2.25
274,3,2.25
274,219,2.25
274,1,2.25
274,257,2.25
274,6,2.25
274,247,2.25
276,7,2.25
276,220,2.25
276,17,2.25
276,2,2.25
276,255,2.25
276,234,2.25
276,1,2.25
276,257,2.25
276,253,2.25
278,12,2.25
278,205,2.25
278,512,2.25
278,835,2.25
278,410,2.25
278,1019,2.25
279,251,2.25
279,206,2.25
279,17,2.25
279,235,2.25
279,216,2.25
279,217,2.25
279,239,2.25
279,1,2.25
279,253,2.25
279,256,2.25
280,215,2.25
280,12,2.25
280,216,2.25
280,3,2.25
280,4,2.25
281,215,2.25
281,213,2.25
281,206,2.25
281,2,2.25
281,235,2.25
281,211,2.25
281,245,2.25
281,257,2.25
281,207,2.25
283,215,2.25
284,805,2.25
284,911,2.25
284,1035,2.25
284,908,2.25
284,910,2.25
285,7,2.25
285,236,2.25
285,278,2.25
285,676,2.25
286,241,2.25
286,5,2.25
286,205,2.25
286,1,2.25
286,207,2.25
289,121,2.25
289,257,2.25
290,5,2.25
290,7,2.25
291,250,2.25
291,17,2.25
291,9,2.25
291,211,2.25
291,217,2.25
291,11,2.25
291,207,2.25
291,6,2.25
291,247,2.25
292,17,2.25
292,235,2.25
292,216,2.25
292,245,2.25
292,1,2.25
293,215,2.25
293,236,2.25
293,12,2.25
293,121,2.25
293,234,2.25
293,211,2.25
293,217,2.25
293,245,2.25
293,244,2.25
293,257,2.25
293,4,2.25
293,246,2.25
293,249,2.25
294,213,2.25
294,236,2.25
294,9,2.25
294,255,2.25
294,3,2.25
294,219,2.25
294,254,2.25
294,252,2.25
294,210,2.25
294,253,2.25
295,215,2.25
295,5,2.25
295,235,2.25
295,216,2.25
295,10,2.25
295,13,2.25
295,1,2.25
295,207,2.25
295,8,2.25
295,249,2.25
296,213,2.25
296,5,2.25
296,220,2.25
296,12,2.25
296,214,2.25
296,3,2.25
296,10,2.25
296,1,2.25
297,220,2.25
297,3,2.25
298,215,2.25
298,251,2.25
298,7,2.25
298,207,2.25
298,218,2.25
298,304,2.25
298,756,2.25
299,250,2.25
299,251,2.25
299,7,2.25
299,211,2.25
299,214,2.25
299,6,2.25
299,253,2.25
300,251,2.25
300,270,2.25
300,659,2.25
300,1046,2.25
300,1068,2.25
300,1044,2.25
300,1048,2.25
300,1051,2.25
300,1058,2.25
300,1064,2.25
301,250,2.25
301,12,2.25
301,9,2.25
302,245,2.25
302,212,2.25
302,249,2.25
302,247,2.25
303,12,2.25
303,239,2.25
303,253,2.25
306,2,2.25
306,12,2.25
306,207,2.25
307,7,2.25
307,243,2.25
307,304,2.25
308,5,2.25
308,2,2.25
308,236,2.25
308,121,2.25
308,657,2.25
308,1075,2.25
308,407,2.25
308,660,2.25
308,930,2.25
308,1101,2.25
308,743,2.25
308,1076,2.25
308,1081,2.25
308,1074,2.25
308,1083,2.25
308,1090,2.25
308,1091,2.25
308,1094,2.25
308,1099,2.25
308,1103,2.25
308,1108,2.25
308,1120,2.25
309,220,2.25
309,205,2.25
309,8,2.25
310,1123,2.25
310,330,2.25
310,498,2.25
311,7,2.25
311,3,2.25
312,250,2.25
312,12,2.25
312,255,2.25
312,205,2.25
312,239,2.25
312,219,2.25
312,11,2.25
312,10,2.25
312,257,2.25
312,4,2.25
312,6,2.25
312,638,2.25
312,898,2.25
313,250,2.25
313,213,2.25
313,241,2.25
313,5,2.25
313,217,2.25
313,245,2.25
313,3,2.25
313,1,2.25
313,246,2.25
313,658,2.25
313,341,2.25
314,17,2.25
314,8,2.25
314,6,2.25
315,12,2.25
315,219,2.25
315,257,2.25
315,620,2.25
315,435,2.25
315,496,2.25
316,250,2.25
316,254,2.25
316,244,2.25
316,253,2.25
316,256,2.25
316,1131,2.25
316,1137,2.25
316,1140,2.25
316,1141,2.25
316,1146,2.25
316,1152,2.25
316,1153,2.25
317,250,2.25
317,7,2.25
317,11,2.25
317,798,2.25
317,565,2.25
317,366,2.25
317,801,2.25
317,1161,2.25
317,1163,2.25
317,1164,2.25
318,217,2.25
318,214,2.25
318,219,2.25
318,1,2.25
319,215,2.25
319,213,2.25
319,5,2.25
319,7,2.25
319,236,2.25
319,12,2.25
319,255,2.25
319,234,2.25
319,217,2.25
319,214,2.25
319,10,2.25
319,207,2.25
319,246,2.25
320,250,2.25
320,12,2.25
320,211,2.25
320,1,2.25
320,631,2.25
320,1011,2.25
320,297,2.25
320,1176,2.25
320,1166,2.25
320,1172,2.25
320,1175,2.25
320,1180,2.25
320,1181,2.25
321,239,2.25
321,1,2.25
322,220,2.25
322,8,2.25
323,235,2.25
323,211,2.25
323,245,2.25
323,207,2.25
323,15,2.25
323,728,2.25
323,278,2.25
323,256,2.25
323,1026,2.25
323,1195,2.25
323,442,2.25
323,1189,2.25
323,729,2.25
323,704,2.25
323,1185,2.25
324,9,2.25
324,211,2.25
324,11,2.25
324,4,2.25
324,8,2.25
324,6,2.25
325,215,2.25
325,12,2.25
325,239,2.25
325,10,2.25
325,1,2.25
326,9,2.25
326,255,2.25
326,245,2.25
326,1,2.25
326,8,2.25
327,17,2.25
327,239,2.25
327,207,2.25
328,206,2.25
328,234,2.25
328,212,2.25
328,254,2.25
328,10,2.25
328,252,2.25
328,249,2.25
328,256,2.25
328,247,2.25
329,17,2.25
329,2,2.25
329,12,2.25
330,215,2.25
330,241,2.25
330,220,2.25
330,235,2.25
330,12,2.25
330,212,2.25
330,244,2.25
330,8,2.25
330,233,2.25
330,210,2.25
330,246,2.25
331,251,2.25
331,255,2.25
333,7,2.25
333,17,2.25
333,2,2.25
333,254,2.25
333,243,2.25
334,2,2.25
334,235,2.25
334,205,2.25
334,8,2.25
335,251,2.25
335,241,2.25
335,220,2.25
335,211,2.25
335,217,2.25
335,3,2.25
335,254,2.25
335,244,2.25
335,8,2.25
335,233,2.25
335,210,2.25
335,247,2.25
337,5,2.25
337,236,2.25
337,12,2.25
337,207,2.25
338,251,2.25
338,241,2.25
338,206,2.25
338,121,2.25
338,13,2.25
338,233,2.25
339,215,2.25
339,241,2.25
339,220,2.25
340,7,2.25
340,236,2.25
341,13,2.25
342,2,2.25
342,10,2.25
344,7,2.25
344,11,2.25
345,211,2.25
345,3,2.25
345,8,2.25
345,246,2.25
346,220,2.25
346,121,2.25
346,216,2.25
346,211,2.25
346,239,2.25
346,254,2.25
346,257,2.25
346,253,2.25
346,248,2.25
346,256,2.25
346,1010,2.25
347,236,2.25
347,434,2.25
347,96,2.25
347,793,2.25
347,729,2.25
347,33,2.25
347,172,2.25
347,446,2.25
348,121,2.25
348,219,2.25
348,11,2.25
348,1,2.25
348,253,2.25
349,251,2.25
349,206,2.25
349,12,2.25
349,214,2.25
349,239,2.25
349,13,2.25
349,4,2.25
349,84,2.25
350,241,2.25
350,17,2.25
350,255,2.25
350,214,2.25
350,257,2.25
350,8,2.25
351,235,2.25
351,255,2.25
351,217,2.25
352,17,2.25
352,2,2.25
352,121,2.25
352,205,2.25
352,3,2.25
352,212,2.25
352,252,2.25
352,4,2.25
352,248,2.25
352,256,2.25
353,213,2.25
353,2,2.25
353,216,2.25
353,217,2.25
353,214,2.25
353,219,2.25
353,13,2.25
353,1,2.25
353,8,2.25
353,233,2.25
353,6,2.25
353,210,2.25
354,11,2.25
355,251,2.25
355,5,2.25
355,211,2.25
355,805,2.25
355,278,2.25
355,256,2.25
355,769,2.25
355,447,2.25
355,431,2.25
355,705,2.25
355,59,2.25
355,536,2.25
355,511,2.25
355,1054,2.25
355,405,2.25
355,445,2.25
355,487,2.25
355,515,2.25
355,518,2.25
356,7,2.25
356,234,2.25
356,239,2.25
356,212,2.25
356,210,2.25
357,2,2.25
359,235,2.25
359,12,2.25
359,234,2.25
360,213,2.25
360,211,2.25
360,217,2.25
360,3,2.25
360,219,2.25
361,236,2.25
361,12,2.25
361,242,2.25
361,486,2.25
361,1206,2.25
361,743,2.25
361,1205,2.25
362,251,2.25
362,213,2.25
362,2,2.25
362,211,2.25
362,3,2.25
362,11,2.25
362,244,2.25
362,13,2.25
363,215,2.25
363,251,2.25
363,17,2.25
363,2,2.25
363,245,2.25
364,236,2.25
364,11,2.25
364,391,2.25
364,1118,2.25
365,7,2.25
365,220,2.25
365,12,2.25
365,252,2.25
365,207,2.25
365,6,2.25
365,249,2.25
366,10,2.25
366,1,2.25
367,215,2.25
367,251,2.25
367,7,2.25
367,236,2.25
367,12,2.25
367,216,2.25
367,211,2.25
367,205,2.25
367,10,2.25
367,246,2.25
367,253,2.25
367,248,2.25
367,249,2.25
368,213,2.25
368,7,2.25
368,2,2.25
368,9,2.25
368,219,2.25
368,1,2.25
369,11,2.25
370,13,2.25
370,585,2.25
370,1208,2.25
372,7,2.25
374,250,2.25
374,5,2.25
374,7,2.25
374,220,2.25
374,17,2.25
374,236,2.25
374,12,2.25
374,255,2.25
374,217,2.25
374,205,2.25
374,254,2.25
374,4,2.25
374,8,2.25
374,210,2.25
374,256,2.25
374,243,2.25
375,213,2.25
375,211,2.25
375,335,2.25
378,216,2.25
378,11,2.25
379,255,2.25
379,11,2.25
379,13,2.25
380,1211,2.25
381,241,2.25
381,5,2.25
381,2,2.25
381,235,2.25
381,121,2.25
381,217,2.25
381,205,2.25
381,219,2.25
381,253,2.25
381,256,2.25
382,5,2.25
382,7,2.25
382,216,2.25
382,205,2.25
382,245,2.25
382,219,2.25
383,241,2.25
384,5,2.25
384,12,2.25
384,9,2.25
384,245,2.25
384,239,2.25
384,219,2.25
384,13,2.25
384,4,2.25
384,207,2.25
385,220,2.25
385,2,2.25
385,236,2.25
385,10,2.25
385,253,2.25
386,220,2.25
386,12,2.25
386,217,2.25
386,239,2.25
386,219,2.25
386,254,2.25
386,252,2.25
386,248,2.25
386,256,2.25
387,451,2.25
387,1034,2.25
387,1219,2.25
388,10,2.25
389,5,2.25
389,9,2.25
389,214,2.25
389,212,2.25
389,254,2.25
389,233,2.25
389,6,2.25
389,210,2.25
389,246,2.25
389,253,2.25
390,7,2.25
390,234,2.25
391,3,2.25
392,206,2.25
392,236,2.25
392,219,2.25
392,10,2.25
392,210,2.25
392,702,2.25
393,7,2.25
393,2,2.25
393,236,2.25
393,239,2.25
393,254,2.25
393,13,2.25
393,207,2.25
393,6,2.25
394,13,2.25
395,250,2.25
395,251,2.25
395,220,2.25
395,9,2.25
395,121,2.25
395,205,2.25
395,4,2.25
395,207,2.25
395,248,2.25
396,7,2.25
396,520,2.25
396,235,2.25
396,878,2.25
396,391,2.25
396,866,2.25
396,604,2.25
396,699,2.25
396,606,2.25
396,536,2.25
396,297,2.25
396,600,2.25
396,885,2.25
396,492,2.25
397,220,2.25
397,2,2.25
397,216,2.25
397,3,2.25
398,235,2.25
399,2,2.25
399,1,2.25
401,215,2.25
401,213,2.25
401,241,2.25
401,5,2.25
401,236,2.25
401,9,2.25
401,121,2.25
401,216,2.25
401,205,2.25
401,3,2.25
401,244,2.25
401,8,2.25
401,210,2.25
401,243,2.25
402,723,2.25
402,1236,2.25
402,1238,2.25
402,1243,2.25
402,1247,2.25
402,1252,2.25
403,239,2.25
403,1,2.25
404,7,2.25
404,12,2.25
404,121,2.25
404,234,2.25
404,211,2.25
406,12,2.25
406,3,2.25
406,13,2.25
407,1,2.25
408,215,2.25
408,251,2.25
408,213,2.25
408,17,2.25
408,13,2.25
409,255,2.25
409,207,2.25
409,242,2.25
409,134,2.25
410,206,2.25
410,11,2.25
411,250,2.25
411,213,2.25
411,5,2.25
411,7,2.25
411,17,2.25
411,217,2.25
411,219,2.25
411,254,2.25
411,6,2.25
412,7,2.25
412,17,2.25
412,236,2.25
412,234,2.25
412,205,2.25
412,239,2.25
412,219,2.25
412,212,2.25
412,11,2.25
412,244,2.25
412,6,2.25
412,256,2.25
413,241,2.25
413,5,2.25
413,236,2.25
413,12,2.25
413,233,2.25
413,242,2.25
413,240,2.25
413,1256,2.25
415,215,2.25
416,7,2.25
416,17,2.25
416,299,2.25
417,248,2.25
418,215,2.25
418,10,2.25
420,235,2.25
420,236,2.25
420,216,2.25
420,1,2.25
420,207,2.25
420,8,2.25
420,675,2.25
420,249,2.25
420,256,2.25
421,84,2.25
423,250,2.25
423,217,2.25
424,220,2.25
424,235,2.25
424,9,2.25
424,121,2.25
424,214,2.25
424,3,2.25
424,219,2.25
424,244,2.25
424,252,2.25
424,248,2.25
424,256,2.25
424,1259,2.25
425,251,2.25
425,2,2.25
425,235,2.25
425,255,2.25
425,234,2.25
425,239,2.25
425,11,2.25
425,1,2.25
425,246,2.25
425,248,2.25
426,12,2.25
426,13,2.25
426,8,2.25
427,12,2.25
427,216,2.25
427,4,2.25
428,215,2.25
428,12,2.25
428,9,2.25
428,121,2.25
428,3,2.25
428,10,2.25
428,257,2.25
428,233,2.25
428,6,2.25
428,253,2.25
428,248,2.25
428,247,2.25
429,213,2.25
429,17,2.25
429,235,2.25
429,239,2.25
429,3,2.25
432,251,2.25
432,17,2.25
432,236,2.25
432,211,2.25
432,239,2.25
433,278,2.25
433,845,2.25
433,26,2.25
433,875,2.25
433,579,2.25
433,1262,2.25
433,1270,2.25
435,5,2.25
435,2,2.25
435,278,2.25
435,494,2.25
436,220,2.25
436,211,2.25
436,512,2.25
436,600,2.25
437,215,2.25
437,216,2.25
437,234,2.25
437,3,2.25
437,244,2.25
437,252,2.25
437,257,2.25
437,246,2.25
437,256,2.25
438,255,2.25
438,257,2.25
438,1274,2.25
439,5,2.25
439,216,2.25
439,211,2.25
439,217,2.25
439,219,2.25
439,254,2.25
439,11,2.25
439,252,2.25
439,257,2.25
439,6,2.25
439,210,2.25
439,256,2.25
440,214,2.25
440,10,2.25
441,220,2.25
441,216,2.25
441,211,2.25
441,84,2.25
442,17,2.25
442,212,2.25
442,13,2.25
442,8,2.25
442,6,2.25
442,84,2.25
444,216,2.25
444,245,2.25
444,10,2.25
444,1,2.25
444,4,2.25
445,17,2.25
445,245,2.25
445,1,2.25
445,4,2.25
445,6,2.25
445,210,2.25
446,216,2.25
446,13,2.25
447,207,2.25
448,207,2.25
448,247,2.25
449,8,2.25
450,215,2.25
450,7,2.25
450,12,2.25
451,2,2.25
451,255,2.25
451,3,2.25
451,207,2.25
452,236,2.25
452,255,2.25
452,1,2.25
452,233,2.25
452,1123,2.25
452,1281,2.25
452,1282,2.25
453,11,2.25
454,5,2.25
454,17,2.25
454,257,2.25
455,9,2.25
455,219,2.25
455,207,2.25
455,8,2.25
455,84,2.25
456,207,2.25
456,233,2.25
456,448,2.25
457,215,2.25
457,213,2.25
457,9,2.25
457,217,2.25
457,212,2.25
457,11,2.25
457,10,2.25
457,253,2.25
457,256,2.25
459,250,2.25
459,251,2.25
459,235,2.25
459,9,2.25
459,121,2.25
459,10,2.25
459,252,2.25
459,233,2.25
459,249,2.25
460,215,2.25
460,17,2.25
460,205,2.25
460,4,2.25
460,248,2.25
460,256,2.25
460,247,2.25
461,7,2.25
461,235,2.25
461,236,2.25
461,9,2.25
461,207,2.25
461,6,2.25
463,11,2.25
463,1290,2.25
464,7,2.25
464,220,2.25
464,236,2.25
464,12,2.25
464,13,2.25
464,4,2.25
464,1178,2.25
465,11,2.25
465,13,2.25
465,207,2.25
466,215,2.25
466,213,2.25
466,7,2.25
466,206,2.25
466,220,2.25
466,236,2.25
466,12,2.25
466,216,2.25
466,211,2.25
466,205,2.25
466,214,2.25
466,245,2.25
466,3,2.25
466,219,2.25
466,13,2.25
466,252,2.25
466,257,2.25
466,207,2.25
466,233,2.25
466,246,2.25
466,249,2.25
467,215,2.25
467,5,2.25
467,206,2.25
467,12,2.25
467,9,2.25
467,254,2.25
467,11,2.25
467,257,2.25
467,210,2.25
467,248,2.25
467,247,2.25
468,250,2.25
468,241,2.25
468,7,2.25
468,236,2.25
468,9,2.25
468,217,2.25
468,11,2.25
468,244,2.25
468,4,2.25
468,8,2.25
468,210,2.25
468,246,2.25
468,318,2.25
469,7,2.25
470,241,2.25
470,206,2.25
471,2,2.25
471,217,2.25
471,252,2.25
472,241,2.25
472,220,2.25
472,13,2.25
472,207,2.25
472,148,2.25
472,522,2.25
473,211,2.25
473,397,2.25
475,2,2.25
475,4,2.25
477,250,2.25
477,5,2.25
477,2,2.25
477,9,2.25
477,217,2.25
477,214,2.25
477,239,2.25
477,13,2.25
477,257,2.25
478,211,2.25
478,214,2.25
478,10,2.25
478,480,2.25
478,345,2.25
478,1295,2.25
478,659,2.25
478,310,2.25
478,1296,2.25
478,714,2.25
479,7,2.25
479,3,2.25
479,4,2.25
479,728,2.25
479,1036,2.25
482,235,2.25
482,255,2.25
482,211,2.25
482,4,2.25
482,233,2.25
483,5,2.25
483,220,2.25
483,2,2.25
483,235,2.25
483,234,2.25
483,1,2.25
483,8,2.25
483,210,2.25
483,246,2.25
483,248,2.25
484,8,2.25
485,17,2.25
485,2,2.25
485,9,2.25
485,234,2.25
485,214,2.25
485,239,2.25
485,256,2.25
486,2,2.25
486,9,2.25
486,3,2.25
487,215,2.25
487,236,2.25
487,234,2.25
487,211,2.25
487,217,2.25
487,205,2.25
487,245,2.25
487,212,2.25
487,1,2.25
487,257,2.25
487,248,2.25
488,5,2.25
488,121,2.25
488,211,2.25
488,219,2.25
488,10,2.25
488,1,2.25
488,544,2.25
489,520,2.25
489,211,2.25
489,3,2.25
489,336,2.25
489,284,2.25
489,750,2.25
490,17,2.25
490,217,2.25
490,205,2.25
490,10,2.25
491,17,2.25
491,211,2.25
491,3,2.25
491,219,2.25
491,1,2.25
492,220,2.25
492,235,2.25
492,255,2.25
492,243,2.25
494,250,2.25
494,251,2.25
494,5,2.25
494,7,2.25
494,121,2.25
494,239,2.25
494,219,2.25
494,212,2.25
494,257,2.25
494,84,2.25
494,248,2.25
495,10,2.25
497,220,2.25
498,7,2.25
498,233,2.25
500,215,2.25
500,251,2.25
500,213,2.25
500,206,2.25
500,2,2.25
500,12,2.25
500,9,2.25
500,245,2.25
500,210,2.25
500,246,2.25
500,243,2.25
502,241,2.25
502,5,2.25
502,7,2.25
502,17,2.25
502,235,2.25
502,244,2.25
503,5,2.25
503,7,2.25
503,2,2.25
503,12,2.25
503,342,2.25
503,292,2.25
503,729,2.25
503,852,2.25
504,7,2.25
504,17,2.25
505,241,2.25
505,5,2.25
505,216,2.25
505,211,2.25
505,214,2.25
505,6,2.25
505,210,2.25
505,248,2.25
505,256,2.25
506,234,2.25
506,245,2.25
506,252,2.25
506,210,2.25
506,247,2.25
507,251,2.25
507,241,2.25
507,5,2.25
507,255,2.25
507,214,2.25
507,239,2.25
507,8,2.25
507,253,2.25
508,239,2.25
508,539,2.25
509,219,2.25
509,10,2.25
509,13,2.25
509,1,2.25
509,4,2.25
509,218,2.25
509,764,2.25
509,434,2.25
509,488,2.25
509,522,2.25
509,938,2.25
509,69,2.25
509,937,2.25
509,1313,2.25
509,1322,2.25
509,1327,2.25
510,431,2.25
510,938,2.25
510,396,2.25
510,445,2.25
510,1329,2.25
513,2,2.25
514,2,2.25
514,211,2.25
514,219,2.25
515,215,2.25
515,12,2.25
515,3,2.25
515,4,2.25
515,233,2.25
516,17,2.25
517,251,2.25
517,213,2.25
517,214,2.25
517,4,2.25
517,8,2.25
517,6,2.25
517,248,2.25
518,250,2.25
518,234,2.25
518,205,2.25
518,219,2.25
518,1,2.25
519,5,2.25
519,7,2.25
519,17,2.25
519,235,2.25
519,1212,2.25
519,1337,2.25
519,1338,2.25
520,7,2.25
520,217,2.25
520,1,2.25
522,7,2.25
522,254,2.25
522,13,2.25
522,207,2.25
523,7,2.25
523,220,2.25
523,17,2.25
523,236,2.25
523,234,2.25
523,245,2.25
523,219,2.25
523,13,2.25
524,2,2.25
524,12,2.25
524,219,2.25
524,13,2.25
524,572,2.25
526,9,2.25
526,1,2.25
528,7,2.25
528,239,2.25
528,391,2.25
530,250,2.25
530,5,2.25
530,220,2.25
530,205,2.25
530,11,2.25
530,10,2.25
530,252,2.25
530,4,2.25
530,233,2.25
530,249,2.25
530,640,2.25
531,299,2.25
533,520,2.25
533,489,2.25
533,391,2.25
533,977,2.25
533,397,2.25
533,835,2.25
533,345,2.25
533,847,2.25
533,435,2.25
533,525,2.25
533,528,2.25
533,522,2.25
533,266,2.25
533,183,2.25
533,754,2.25
533,941,2.25
533,960,2.25
533,1001,2.25
534,234,2.25
534,245,2.25
535,7,2.25
535,206,2.25
535,12,2.25
535,211,2.25
535,205,2.25
535,214,2.25
535,246,2.25
536,250,2.25
536,251,2.25
536,5,2.25
536,7,2.25
536,220,2.25
536,12,2.25
536,245,2.25
536,219,2.25
536,246,2.25
537,241,2.25
537,7,2.25
537,121,2.25
537,234,2.25
537,3,2.25
537,212,2.25
537,11,2.25
537,233,2.25
538,2,2.25
538,216,2.25
538,217,2.25
538,205,2.25
538,239,2.25
538,11,2.25
538,13,2.25
538,233,2.25
539,215,2.25
539,250,2.25
539,213,2.25
539,206,2.25
539,220,2.25
539,236,2.25
539,12,2.25
539,11,2.25
539,10,2.25
539,1,2.25
539,252,2.25
539,246,2.25
539,243,2.25
540,250,2.25
540,235,2.25
540,12,2.25
540,234,2.25
540,212,2.25
540,11,2.25
540,1054,2.25
540,1341,2.25
541,215,2.25
541,236,2.25
541,255,2.25
541,212,2.25
541,8,2.25
541,242,2.25
541,249,2.25
541,243,2.25
541,1173,2.25
541,1343,2.25
542,17,2.25
544,7,2.25
544,220,2.25
544,17,2.25
544,234,2.25
544,219,2.25
544,207,2.25
544,6,2.25
544,246,2.25
544,256,2.25
546,241,2.25
546,235,2.25
546,211,2.25
546,207,2.25
546,432,2.25
547,213,2.25
547,5,2.25
547,211,2.25
547,3,2.25
547,4,2.25
547,8,2.25
547,248,2.25
547,249,2.25
548,241,2.25
548,206,2.25
548,211,2.25
548,205,2.25
548,219,2.25
548,257,2.25
548,207,2.25
548,210,2.25
548,246,2.25
548,84,2.25
548,249,2.25
548,256,2.25
549,245,2.25
549,212,2.25
549,11,2.25
549,8,2.25
549,6,2.25
549,253,2.25
549,248,2.25
549,249,2.25
550,251,2.25
550,206,2.25
550,217,2.25
550,214,2.25
550,262,2.25
551,1,2.25
552,239,2.25
552,10,2.25
553,206,2.25
553,12,2.25
553,211,2.25
553,210,2.25
554,8,2.25
554,307,2.25
555,235,2.25
555,9,2.25
555,234,2.25
555,217,2.25
555,257,2.25
555,210,2.25
555,256,2.25
556,251,2.25
556,5,2.25
556,880,2.25
556,638,2.25
557,213,2.25
557,220,2.25
557,255,2.25
557,205,2.25
557,3,2.25
557,84,2.25
557,243,2.25
559,250,2.25
559,5,2.25
559,7,2.25
559,220,2.25
559,12,2.25
559,121,2.25
559,216,2.25
559,3,2.25
559,11,2.25
559,253,2.25
559,249,2.25
560,17,2.25
560,253,2.25
561,215,2.25
561,5,2.25
561,2,2.25
561,235,2.25
561,236,2.25
561,219,2.25
561,10,2.25
561,252,2.25
561,257,2.25
561,207,2.25
561,6,2.25
562,17,2.25
562,236,2.25
562,9,2.25
562,805,2.25
562,477,2.25
562,501,2.25
562,441,2.25
562,482,2.25
563,7,2.25
564,4,2.25
566,215,2.25
566,251,2.25
566,7,2.25
566,121,2.25
566,255,2.25
566,219,2.25
566,13,2.25
566,252,2.25
566,4,2.25
566,207,2.25
566,233,2.25
566,248,2.25
566,256,2.25
568,220,2.25
568,217,2.25
568,247,2.25
568,1277,2.25
568,1280,2.25
569,251,2.25
569,206,2.25
569,17,2.25
569,9,2.25
569,219,2.25
569,212,2.25
569,1,2.25
569,8,2.25
569,233,2.25
569,1121,2.25
570,215,2.25
570,250,2.25
570,12,2.25
570,239,2.25
570,212,2.25
570,233,2.25
570,1356,2.25
571,250,2.25
571,5,2.25
571,220,2.25
571,235,2.25
571,236,2.25
571,121,2.25
571,216,2.25
571,211,2.25
571,239,2.25
571,8,2.25
571,249,2.25
571,243,2.25
572,219,2.25
573,206,2.25
573,1,2.25
574,12,2.25
575,5,2.25
575,220,2.25
575,236,2.25
575,216,2.25
575,3,2.25
575,10,2.25
575,1,2.25
575,233,2.25
576,2,2.25
576,211,2.25
576,13,2.25
577,17,2.25
578,638,2.25
578,436,2.25
578,1037,2.25
578,1368,2.25
579,17,2.25
579,236,2.25
579,11,2.25
579,13,2.25
579,8,2.25
580,5,2.25
580,220,2.25
580,236,2.25
580,219,2.25
580,248,2.25
583,7,2.25
583,220,2.25
583,2,2.25
585,5,2.25
585,2,2.25
585,217,2.25
585,214,2.25
585,4,2.25
585,6,2.25
586,236,2.25
586,11,2.25
586,1,2.25
587,213,2.25
587,216,2.25
587,217,2.25
587,214,2.25
587,239,2.25
587,13,2.25
587,583,2.25
587,847,2.25
587,582,2.25
587,900,2.25
587,433,2.25
587,398,2.25
587,172,2.25
587,807,2.25
588,872,2.25
588,714,2.25
589,17,2.25
589,205,2.25
589,219,2.25
589,84,2.25
590,251,2.25
590,12,2.25
590,205,2.25
590,239,2.25
590,1,2.25
590,207,2.25
591,220,2.25
591,218,2.25
591,339,2.25
591,658,2.25
591,391,2.25
591,675,2.25
591,70,2.25
591,696,2.25
591,698,2.25
591,835,2.25
591,287,2.25
591,335,2.25
591,588,2.25
591,933,2.25
591,750,2.25
591,985,2.25
591,694,2.25
591,765,2.25
591,690,2.25
591,700,2.25
592,17,2.25
592,12,2.25
592,1,2.25
592,502,2.25
593,241,2.25
593,211,2.25
593,245,2.25
593,11,2.25
593,8,2.25
595,1,2.25
597,241,2.25
597,220,2.25
597,2,2.25
597,13,2.25
598,10,2.25
598,4,2.25
600,11,2.25
600,13,2.25
601,236,2.25
601,121,2.25
602,215,2.25
603,211,2.25
606,251,2.25
606,206,2.25
606,236,2.25
606,12,2.25
606,234,2.25
606,214,2.25
606,245,2.25
606,3,2.25
606,219,2.25
606,212,2.25
606,254,2.25
606,1,2.25
606,252,2.25
606,257,2.25
606,243,2.25
607,215,2.25
607,2,2.25
607,219,2.25
608,215,2.25
608,206,2.25
608,12,2.25
608,219,2.25
608,10,2.25
608,207,2.25
608,210,2.25
608,243,2.25
609,2,2.25
610,2,2.25
610,9,2.25
610,255,2.25
610,254,2.25
610,10,2.25
610,13,2.25
611,7,2.25
612,215,2.25
612,589,2.25
613,241,2.25
613,220,2.25
613,17,2.25
613,2,2.25
613,235,2.25
613,216,2.25
613,11,2.25
613,244,2.25
613,252,2.25
613,8,2.25
613,253,2.25
613,249,2.25
614,251,2.25
614,220,2.25
614,236,2.25
614,219,2.25
614,11,2.25
614,1,2.25
614,252,2.25
614,4,2.25
614,249,2.25
614,247,2.25
615,213,2.25
615,7,2.25
615,216,2.25
615,205,2.25
615,10,2.25
615,207,2.25
615,233,2.25
616,7,2.25
616,17,2.25
616,254,2.25
616,10,2.25
616,13,2.25
617,250,2.25
617,241,2.25
617,12,2.25
617,9,2.25
617,10,2.25
617,945,2.25
618,241,2.25
618,211,2.25
618,219,2.25
619,270,2.25
620,246,2.25
620,172,2.25
620,1376,2.25
621,11,2.25
621,8,2.25
622,5,2.25
622,7,2.25
622,2,2.25
622,236,2.25
622,219,2.25
622,11,2.25
622,13,2.25
623,205,2.25
625,2,2.25
625,3,2.25
625,13,2.25
625,1,2.25
625,252,2.25
625,257,2.25
625,207,2.25
625,246,2.25
626,5,2.25
626,7,2.25
626,17,2.25
626,205,2.25
626,10,2.25
626,391,2.25
626,675,2.25
626,299,2.25
626,698,2.25
626,705,2.25
626,400,2.25
626,1257,2.25
626,582,2.25
626,1194,2.25
626,693,2.25
626,1033,2.25
626,1091,2.25
626,1377,2.25
626,1386,2.25
626,1389,2.25
628,216,2.25
628,217,2.25
628,239,2.25
628,512,2.25
628,91,2.25
629,250,2.25
629,7,2.25
629,206,2.25
629,17,2.25
629,10,2.25
630,213,2.25
630,241,2.25
630,206,2.25
630,220,2.25
630,2,2.25
630,12,2.25
630,255,2.25
630,219,2.25
630,8,2.25
630,210,2.25
630,246,2.25
630,84,2.25
630,249,2.25
630,247,2.25
631,250,2.25
631,206,2.25
631,12,2.25
631,219,2.25
631,11,2.25
631,252,2.25
631,257,2.25
631,6,2.25
631,210,2.25
631,84,2.25
631,256,2.25
631,247,2.25
632,7,2.25
632,8,2.25
633,7,2.25
633,206,2.25
633,2,2.25
633,235,2.25
633,12,2.25
633,121,2.25
633,217,2.25
633,205,2.25
633,245,2.25
633,239,2.25
633,244,2.25
633,13,2.25
633,252,2.25
633,233,2.25
633,246,2.25
634,215,2.25
634,12,2.25
634,10,2.25
634,600,2.25
634,814,2.25
635,12,2.25
637,236,2.25
637,1,2.25
637,583,2.25
637,593,2.25
637,1218,2.25
638,205,2.25
638,245,2.25
638,3,2.25
638,10,2.25
638,4,2.25
638,719,2.25
638,84,2.25
639,2,2.25
639,12,2.25
639,10,2.25
639,1,2.25
639,4,2.25
639,246,2.25
640,7,2.25
640,1,2.25
641,213,2.25
641,5,2.25
641,17,2.25
641,254,2.25
642,213,2.25
642,12,2.25
642,212,2.25
642,10,2.25
642,13,2.25
642,207,2.25
643,1,2.25
643,257,2.25
643,207,2.25
643,218,2.25
644,121,2.25
644,760,2.25
645,250,2.25
645,9,2.25
645,3,2.25
645,11,2.25
645,13,2.25
645,6,2.25
645,59,2.25
645,496,2.25
646,2,2.25
646,12,2.25
647,239,2.25
647,11,2.25
647,1,2.25
647,207,2.25
647,8,2.25
648,236,2.25
648,12,2.25
648,4,2.25
650,236,2.25
650,4,2.25
650,620,2.25
651,7,2.25
651,12,2.25
651,233,2.25
652,241,2.25
652,17,2.25
652,10,2.25
652,13,2.25
653,206,2.25
653,255,2.25
653,1,2.25
655,11,2.25
655,13,2.25
656,5,2.25
656,13,2.25
656,252,2.25
656,207,2.25
656,8,2.25
657,7,2.25
657,2,2.25
657,9,2.25
657,216,2.25
657,252,2.25
657,6,2.25
657,247,2.25
658,213,2.25
658,5,2.25
658,206,2.25
658,17,2.25
658,234,2.25
658,211,2.25
658,245,2.25
658,257,2.25
658,246,2.25
658,253,2.25
658,84,2.25
659,17,2.25
659,239,2.25
660,215,2.25
660,250,2.25
660,213,2.25
660,5,2.25
660,206,2.25
660,17,2.25
660,235,2.25
660,255,2.25
660,205,2.25
660,214,2.25
660,244,2.25
660,84,2.25
661,220,2.25
661,2,2.25
661,216,2.25
661,13,2.25
661,233,2.25
661,84,2.25
661,249,2.25
661,243,2.25
662,236,2.25
662,9,2.25
662,216,2.25
662,211,2.25
662,219,2.25
662,257,2.25
662,511,2.25
662,69,2.25
663,235,2.25
663,9,2.25
663,245,2.25
663,207,2.25
663,6,2.25
664,215,2.25
664,7,2.25
664,3,2.25
666,215,2.25
666,241,2.25
666,7,2.25
666,220,2.25
666,234,2.25
666,214,2.25
666,219,2.25
666,254,2.25
666,11,2.25
666,10,2.25
666,233,2.25
666,84,2.25
666,247,2.25
667,2,2.25
667,9,2.25
667,121,2.25
667,216,2.25
667,255,2.25
667,205,2.25
667,214,2.25
667,207,2.25
667,6,2.25
667,248,2.25
668,241,2.25
668,5,2.25
668,205,2.25
668,3,2.25
668,4,2.25
669,2,2.25
669,236,2.25
669,211,2.25
669,245,2.25
669,233,2.25
669,248,2.25
670,5,2.25
670,7,2.25
670,2,2.25
670,217,2.25
670,207,2.25
670,6,2.25
670,425,2.25
670,307,2.25
670,519,2.25
670,927,2.25
670,144,2.25
670,1173,2.25
670,178,2.25
670,57,2.25
670,498,2.25
670,640,2.25
670,777,2.25
670,1138,2.25
670,1141,2.25
670,1146,2.25
670,1152,2.25
670,1363,2.25
670,1409,2.25
670,1413,2.25
670,1422,2.25
670,1429,2.25
670,1430,2.25
671,213,2.25
671,241,2.25
671,5,2.25
671,7,2.25
671,220,2.25
671,17,2.25
671,2,2.25
671,121,2.25
671,214,2.25
671,245,2.25
671,207,2.25
671,218,2.25
671,253,2.25
671,307,2.25
671,174,2.25
671,1441,2.25
672,215,2.25
672,121,2.25
672,4,2.25
672,207,2.25
672,8,2.25
672,233,2.25
672,6,2.25
672,253,2.25
672,243,2.25
673,241,2.25
673,7,2.25
673,121,2.25
673,217,2.25
673,3,2.25
673,219,2.25
673,252,2.25
674,241,2.25
674,220,2.25
674,2,2.25
674,235,2.25
674,12,2.25
674,245,2.25
674,254,2.25
675,17,2.25
675,255,2.25
675,3,2.25
675,207,2.25
675,84,2.25
677,5,2.25
677,17,2.25
677,2,2.25
677,12,2.25
677,214,2.25
677,3,2.25
677,212,2.25
677,254,2.25
677,252,2.25
677,8,2.25
677,233,2.25
677,6,2.25
677,210,2.25
677,248,2.25
677,249,2.25
677,256,2.25
677,247,2.25
678,5,2.25
678,7,2.25
678,236,2.25
679,215,2.25
679,216,2.25
680,207,2.25
681,219,2.25
682,10,2.25
682,207,2.25
683,7,2.25
683,234,2.25
683,219,2.25
683,4,2.25
685,215,2.25
685,5,2.25
685,7,2.25
685,235,2.25
685,236,2.25
685,205,2.25
685,3,2.25
685,13,2.25
685,252,2.25
685,207,2.25
685,249,2.25
685,243,2.25
691,4,2.25
691,207,2.25
692,216,2.25
692,234,2.25
692,239,2.25
692,3,2.25
692,252,2.25
693,205,2.25
693,11,2.25
693,13,2.25
693,4,2.25
693,6,2.25
695,17,2.25
695,235,2.25
695,205,2.25
695,3,2.25
695,212,2.25
695,254,2.25
695,13,2.25
695,207,2.25
695,8,2.25
695,247,2.25
696,239,2.25
697,7,2.25
698,7,2.25
698,17,2.25
700,7,2.25
702,5,2.25
702,9,2.25
702,764,2.25
702,656,2.25
702,1171,2.25
702,1459,2.25
702,310,2.25
702,900,2.25
702,519,2.25
702,1173,2.25
702,1044,2.25
702,1485,2.25
702,1497,2.25
702,446,2.25
702,970,2.25
702,1042,2.25
702,1047,2.25
702,1063,2.25
702,1067,2.25
702,1425,2.25
702,1452,2.25
702,1474,2.25
702,1475,2.25
702,1483,2.25
702,1491,2.25
702,1502,2.25
702,1503,2.25
704,12,2.25
704,335,2.25
705,215,2.25
705,5,2.25
705,220,2.25
705,2,2.25
705,12,2.25
705,252,2.25
705,207,2.25
706,215,2.25
706,213,2.25
706,236,2.25
706,255,2.25
706,205,2.25
706,239,2.25
706,13,2.25
706,1,2.25
706,233,2.25
708,1076,2.25
708,1508,2.25
709,11,2.25
709,10,2.25
710,220,2.25
710,2,2.25
710,11,2.25
710,10,2.25
710,246,2.25
711,7,2.25
711,9,2.25
711,216,2.25
711,3,2.25
711,1,2.25
711,207,2.25
712,213,2.25
713,8,2.25
714,250,2.25
714,251,2.25
714,241,2.25
714,255,2.25
714,211,2.25
714,205,2.25
714,245,2.25
714,239,2.25
714,219,2.25
714,212,2.25
714,254,2.25
714,11,2.25
714,13,2.25
714,252,2.25
714,233,2.25
715,205,2.25
716,250,2.25
716,12,2.25
716,9,2.25
716,255,2.25
716,217,2.25
716,214,2.25
716,245,2.25
716,239,2.25
716,3,2.25
716,254,2.25
716,13,2.25
716,233,2.25
716,6,2.25
716,246,2.25
716,253,2.25
716,1410,2.25
717,5,2.25
717,2,2.25
717,12,2.25
717,219,2.25
717,253,2.25
718,235,2.25
719,215,2.25
719,213,2.25
719,7,2.25
719,17,2.25
719,2,2.25
719,9,2.25
719,121,2.25
719,205,2.25
719,239,2.25
719,219,2.25
719,4,2.25
719,207,2.25
719,233,2.25
719,256,2.25
719,243,2.25
719,247,2.25
723,206,2.25
723,10,2.25
724,5,2.25
724,236,2.25
724,121,2.25
724,216,2.25
724,217,2.25
724,239,2.25
724,10,2.25
724,13,2.25
724,248,2.25
725,7,2.25
725,4,2.25
725,1513,2.25
726,217,2.25
726,239,2.25
726,11,2.25
727,241,2.25
727,7,2.25
727,234,2.25
727,205,2.25
727,214,2.25
728,11,2.25
728,257,2.25
729,5,2.25
729,236,2.25
729,9,2.25
729,212,2.25
729,10,2.25
729,1,2.25
729,257,2.25
729,207,2.25
729,253,2.25
729,249,2.25
730,251,2.25
730,213,2.25
730,241,2.25
730,220,2.25
730,121,2.25
730,216,2.25
730,252,2.25
730,6,2.25
730,253,2.25
731,7,2.25
732,12,2.25
732,13,2.25
732,1518,2.25
734,215,2.25
734,251,2.25
734,245,2.25
734,13,2.25
734,8,2.25
734,253,2.25
734,247,2.25
735,17,2.25
735,9,2.25
736,220,2.25
736,12,2.25
737,241,2.25
737,205,2.25
737,207,2.25
738,241,2.25
738,236,2.25
738,205,2.25
738,214,2.25
738,212,2.25
738,1,2.25
738,257,2.25
738,233,2.25
739,675,2.25
739,787,2.25
739,270,2.25
739,657,2.25
739,478,2.25
739,589,2.25
739,406,2.25
739,454,2.25
740,213,2.25
740,245,2.25
740,4,2.25
742,241,2.25
743,234,2.25
743,6,2.25
744,215,2.25
744,213,2.25
744,217,2.25
744,3,2.25
745,235,2.25
745,1,2.25
746,241,2.25
746,220,2.25
746,17,2.25
746,12,2.25
746,255,2.25
746,234,2.25
746,212,2.25
746,244,2.25
746,13,2.25
746,1,2.25
746,4,2.25
746,253,2.25
746,243,2.25
747,251,2.25
747,206,2.25
747,219,2.25
747,210,2.25
747,253,2.25
747,248,2.25
747,256,2.25
747,247,2.25
749,17,2.25
749,10,2.25
749,1,2.25
750,251,2.25
750,214,2.25
750,10,2.25
750,257,2.25
750,233,2.25
750,246,2.25
750,1237,2.25
750,248,2.25
750,247,2.25
750,59,2.25
750,341,2.25
750,27,2.25
751,206,2.25
751,1,2.25
752,11,2.25
752,4,2.25
752,207,2.25
753,12,2.25
754,234,2.25
754,10,2.25
754,4,2.25
754,233,2.25
757,215,2.25
757,251,2.25
757,5,2.25
757,214,2.25
757,245,2.25
757,1,2.25
757,253,2.25
758,213,2.25
758,11,2.25
758,257,2.25
759,7,2.25
759,17,2.25
759,216,2.25
760,250,2.25
760,213,2.25
760,241,2.25
760,7,2.25
760,206,2.25
760,17,2.25
760,236,2.25
760,121,2.25
760,205,2.25
760,233,2.25
761,215,2.25
761,250,2.25
761,12,2.25
761,9,2.25
761,13,2.25
761,257,2.25
761,243,2.25
762,250,2.25
762,251,2.25
762,206,2.25
762,235,2.25
762,236,2.25
762,234,2.25
762,244,2.25
762,257,2.25
763,7,2.25
764,7,2.25
764,2,2.25
764,219,2.25
764,631,2.25
764,1393,2.25
764,735,2.25
764,709,2.25
764,681,2.25
764,1370,2.25
765,2,2.25
766,215,2.25
766,5,2.25
766,235,2.25
766,13,2.25
766,805,2.25
766,243,2.25
768,5,2.25
768,254,2.25
768,11,2.25
768,1,2.25
769,17,2.25
769,214,2.25
769,13,2.25
769,691,2.25
769,787,2.25
769,597,2.25
769,593,2.25
769,335,2.25
769,1530,2.25
769,377,2.25
769,1521,2.25
769,445,2.25
769,890,2.25
769,1505,2.25
769,1520,2.25
769,1529,2.25
770,4,2.25
770,207,2.25
772,17,2.25
774,235,2.25
774,4,2.25
774,805,2.25
774,50,2.25
775,17,2.25
775,2,2.25
775,11,2.25
776,12,2.25
776,216,2.25
776,255,2.25
776,211,2.25
776,239,2.25
776,254,2.25
776,11,2.25
776,253,2.25
777,215,2.25
777,251,2.25
777,234,2.25
777,205,2.25
777,245,2.25
777,219,2.25
778,3,2.25
778,11,2.25
780,2,2.25
780,236,2.25
780,255,2.25
780,212,2.25
780,244,2.25
780,4,2.25
780,207,2.25
781,213,2.25
781,241,2.25
781,255,2.25
781,217,2.25
781,214,2.25
781,3,2.25
781,254,2.25
781,246,2.25
781,249,2.25
782,7,2.25
782,253,2.25
783,213,2.25
784,251,2.25
784,5,2.25
784,217,2.25
784,245,2.25
784,8,2.25
784,210,2.25
784,249,2.25
784,247,2.25
785,236,2.25
785,8,2.25
786,205,2.25
786,254,2.25
788,250,2.25
788,206,2.25
788,17,2.25
788,255,2.25
788,234,2.25
788,217,2.25
788,214,2.25
788,3,2.25
788,254,2.25
788,257,2.25
789,8,2.25
790,9,2.25
790,121,2.25
790,255,2.25
790,211,2.25
790,239,2.25
790,3,2.25
790,1,2.25
790,252,2.25
790,4,2.25
790,256,2.25
791,7,2.25
791,207,2.25
793,3,2.25
793,13,2.25
793,256,2.25
794,5,2.25
794,2,2.25
794,235,2.25
794,236,2.25
794,234,2.25
794,217,2.25
794,239,2.25
794,11,2.25
794,252,2.25
795,206,2.25
795,219,2.25
795,11,2.25
795,8,2.25
795,6,2.25
797,235,2.25
797,236,2.25
797,205,2.25
797,214,2.25
797,212,2.25
797,207,2.25
797,253,2.25
797,84,2.25
800,241,2.25
800,5,2.25
800,206,2.25
800,17,2.25
800,216,2.25
800,219,2.25
800,13,2.25
800,256,2.25
801,219,2.25
803,2,2.25
804,310,2.25
805,213,2.25
805,234,2.25
807,9,2.25
808,213,2.25
808,2,2.25
808,255,2.25
808,211,2.25
808,239,2.25
808,3,2.25
808,8,2.25
808,6,2.25
808,432,2.25
809,235,2.25
810,216,2.25
810,1211,2.25
812,250,2.25
812,251,2.25
812,241,2.25
812,206,2.25
812,17,2.25
812,13,2.25
812,336,2.25
812,709,2.25
812,746,2.25
812,292,2.25
812,714,2.25
812,881,2.25
812,1016,2.25
812,1543,2.25
812,1553,2.25
813,215,2.25
813,10,2.25
813,8,2.25
813,148,2.25
814,250,2.25
814,251,2.25
814,7,2.25
814,255,2.25
814,217,2.25
814,205,2.25
814,11,2.25
814,13,2.25
814,257,2.25
814,207,2.25
814,6,2.25
814,84,2.25
814,247,2.25
815,213,2.25
815,241,2.25
815,214,2.25
815,4,2.25
815,210,2.25
815,256,2.25
815,247,2.25
815,1166,2.25
815,1169,2.25
815,1172,2.25
815,1181,2.25
816,7,2.25
816,239,2.25
816,1,2.25
817,250,2.25
817,206,2.25
817,12,2.25
817,211,2.25
817,214,2.25
817,239,2.25
817,257,2.25
817,8,2.25
817,6,2.25
817,84,2.25
817,243,2.25
818,215,2.25
818,251,2.25
818,206,2.25
818,235,2.25
818,12,2.25
818,211,2.25
818,239,2.25
818,212,2.25
818,244,2.25
818,10,2.25
818,4,2.25
818,207,2.25
818,248,2.25
819,215,2.25
819,236,2.25
819,12,2.25
821,5,2.25
821,7,2.25
821,236,2.25
821,255,2.25
822,5,2.25
823,9,2.25
823,207,2.25
824,11,2.25
824,13,2.25
825,235,2.25
825,455,2.25
825,882,2.25
825,397,2.25
825,499,2.25
825,318,2.25
825,432,2.25
825,267,2.25
825,1563,2.25
826,250,2.25
826,12,2.25
826,216,2.25
826,255,2.25
826,254,2.25
826,84,2.25
826,249,2.25
826,243,2.25
827,7,2.25
828,216,2.25
828,207,2.25
828,218,2.25
829,7,2.25
829,206,2.25
829,245,2.25
829,8,2.25
829,1396,2.25
830,7,2.25
830,3,2.25
830,15,2.25
830,397,2.25
830,307,2.25
830,394,2.25
830,348,2.25
830,30,2.25
830,52,2.25
830,54,2.25
830,66,2.25
830,75,2.25
830,76,2.25
830,82,2.25
830,114,2.25
830,118,2.25
830,126,2.25
830,136,2.25
830,151,2.25
830,153,2.25
830,704,2.25
830,899,2.25
830,1499,2.25
831,205,2.25
831,245,2.25
831,3,2.25
831,781,2.25
831,805,2.25
831,787,2.25
831,485,2.25
831,410,2.25
831,1187,2.25
831,1581,2.25
831,1571,2.25
831,1570,2.25
831,557,2.25
833,4,2.25
834,7,2.25
834,9,2.25
834,6,2.25
835,236,2.25
835,205,2.25
835,11,2.25
835,4,2.25
836,7,2.25
836,121,2.25
836,211,2.25
836,477,2.25
836,256,2.25
836,564,2.25
836,47,2.25
837,213,2.25
837,5,2.25
837,590,2.25
838,7,2.25
838,235,2.25
838,12,2.25
838,245,2.25
838,210,2.25
838,968,2.25
839,2,2.25
839,255,2.25
839,4,2.25
839,620,2.25
839,221,2.25
839,223,2.25
839,229,2.25
840,7,2.25
840,235,2.25
840,9,2.25
840,254,2.25
840,11,2.25
840,207,2.25
840,8,2.25
841,2,2.25
841,236,2.25
841,11,2.25
842,215,2.25
842,250,2.25
842,220,2.25
842,2,2.25
842,219,2.25
842,244,2.25
842,425,2.25
842,845,2.25
842,248,2.25
842,256,2.25
842,589,2.25
842,240,2.25
842,461,2.25
842,408,2.25
842,291,2.25
842,441,2.25
843,2,2.25
843,216,2.25
843,234,2.25
843,212,2.25
844,10,2.25
844,13,2.25
845,213,2.25
845,7,2.25
845,236,2.25
845,217,2.25
845,207,2.25
845,84,2.25
845,345,2.25
845,406,2.25
845,265,2.25
845,806,2.25
845,442,2.25
845,267,2.25
845,876,2.25
845,1605,2.25
845,1614,2.25
845,1617,2.25
845,530,2.25
845,379,2.25
845,409,2.25
845,441,2.25
845,532,2.25
845,942,2.25
845,1566,2.25
846,11,2.25
846,243,2.25
847,213,2.25
847,7,2.25
847,10,2.25
847,1,2.25
847,257,2.25
847,207,2.25
847,8,2.25
847,728,2.25
847,84,2.25
847,256,2.25
847,43,2.25
847,279,2.25
847,999,2.25
847,1622,2.25
847,1623,2.25
848,254,2.25
848,4,2.25
848,769,2.25
848,1274,2.25
848,1601,2.25
849,3,2.25
849,242,2.25
849,397,2.25
849,347,2.25
849,746,2.25
849,1173,2.25
849,957,2.25
849,1070,2.25
849,1088,2.25
849,1372,2.25
849,1631,2.25
851,241,2.25
851,7,2.25
851,236,2.25
851,214,2.25
851,245,2.25
851,239,2.25
851,3,2.25
851,212,2.25
851,252,2.25
851,8,2.25
851,233,2.25
851,6,2.25
851,246,2.25
851,84,2.25
851,249,2.25
852,213,2.25
852,5,2.25
852,13,2.25
852,6,2.25
852,253,2.25
854,121,2.25
854,3,2.25
854,10,2.25
854,1,2.25
854,249,2.25
855,1123,2.25
857,278,2.25
859,9,2.25
859,217,2.25
859,10,2.25
859,233,2.25
860,3,2.25
860,11,2.25
861,207,2.25
861,1637,2.25
862,236,2.25
862,9,2.25
862,8,2.25
862,1639,2.25
863,251,2.25
863,241,2.25
863,205,2.25
863,245,2.25
863,8,2.25
864,250,2.25
864,213,2.25
864,7,2.25
864,9,2.25
864,245,2.25
864,13,2.25
864,252,2.25
864,210,2.25
864,256,2.25
865,215,2.25
865,220,2.25
865,245,2.25
865,3,2.25
865,244,2.25
865,10,2.25
865,1,2.25
865,4,2.25
865,207,2.25
865,253,2.25
866,5,2.25
866,7,2.25
866,235,2.25
866,236,2.25
866,12,2.25
866,207,2.25
867,235,2.25
867,12,2.25
867,9,2.25
867,216,2.25
867,211,2.25
867,219,2.25
867,11,2.25
867,8,2.25
867,253,2.25
867,585,2.25
867,683,2.25
867,442,2.25
867,857,2.25
868,5,2.25
868,235,2.25
868,219,2.25
869,1,2.25
870,239,2.25
870,10,2.25
870,4,2.25
871,206,2.25
871,220,2.25
871,12,2.25
871,1,2.25
871,4,2.25
871,246,2.25
873,10,2.25
874,5,2.25
874,12,2.25
874,9,2.25
874,216,2.25
874,255,2.25
874,211,2.25
874,205,2.25
874,239,2.25
874,219,2.25
874,212,2.25
874,11,2.25
874,13,2.25
874,1,2.25
874,8,2.25
874,246,2.25
874,248,2.25
874,256,2.25
875,7,2.25
875,12,2.25
875,11,2.25
875,10,2.25
876,12,2.25
876,205,2.25
876,207,2.25
878,215,2.25
878,5,2.25
878,7,2.25
878,217,2.25
878,205,2.25
878,212,2.25
878,11,2.25
878,10,2.25
878,8,2.25
878,6,2.25
879,5,2.25
879,235,2.25
879,236,2.25
879,9,2.25
879,216,2.25
879,255,2.25
879,205,2.25
879,254,2.25
879,257,2.25
879,253,2.25
880,12,2.25
880,9,2.25
881,2,2.25
882,213,2.25
883,7,2.25
883,17,2.25
883,257,2.25
883,275,2.25
883,981,2.25
883,1645,2.25
884,235,2.25
886,12,2.25
886,207,2.25
887,3,2.25
888,2,2.25
888,12,2.25
888,1,2.25
888,233,2.25
889,205,2.25
890,220,2.25
890,235,2.25
890,9,2.25
890,121,2.25
890,255,2.25
890,234,2.25
890,211,2.25
890,205,2.25
890,11,2.25
890,256,2.25
890,779,2.25
891,211,2.25
891,207,2.25
891,8,2.25
891,1478,2.25
891,1034,2.25
891,616,2.25
891,263,2.25
892,287,2.25
892,474,2.25
892,1371,2.25
892,692,2.25
892,1136,2.25
894,2,2.25
894,11,2.25
894,519,2.25
894,64,2.25
895,211,2.25
896,215,2.25
896,251,2.25
896,5,2.25
896,220,2.25
896,2,2.25
896,216,2.25
896,219,2.25
896,257,2.25
896,6,2.25
896,84,2.25
896,243,2.25
897,2,2.25
897,236,2.25
897,207,2.25
898,294,2.25
898,512,2.25
898,432,2.25
898,442,2.25
898,1199,2.25
898,666,2.25
898,1202,2.25
898,1289,2.25
899,12,2.25
899,239,2.25
899,207,2.25
900,241,2.25
900,206,2.25
900,12,2.25
900,121,2.25
900,205,2.25
900,214,2.25
900,244,2.25
900,252,2.25
900,4,2.25
900,246,2.25
900,84,2.25
901,250,2.25
901,9,2.25
901,3,2.25
901,8,2.25
902,1,2.25
902,252,2.25
902,592,2.25
902,1542,2.25
903,5,2.25
903,206,2.25
903,12,2.25
903,11,2.25
905,215,2.25
905,250,2.25
905,241,2.25
905,5,2.25
905,234,2.25
905,245,2.25
905,244,2.25
905,13,2.25
905,252,2.25
905,207,2.25
905,84,2.25
905,256,2.25
906,5,2.25
906,638,2.25
907,215,2.25
907,213,2.25
907,255,2.25
907,4,2.25
907,253,2.25
908,250,2.25
908,251,2.25
908,12,2.25
908,234,2.25
908,205,2.25
908,3,2.25
909,17,2.25
909,216,2.25
909,211,2.25
909,11,2.25
909,257,2.25
909,6,2.25
909,248,2.25
910,11,2.25
910,10,2.25
910,13,2.25
911,234,2.25
911,205,2.25
911,253,2.25
912,211,2.25
912,4,2.25
912,6,2.25
913,213,2.25
913,235,2.25
913,11,2.25
913,1,2.25
914,7,2.25
914,220,2.25
914,211,2.25
914,8,2.25
914,278,2.25
915,3,2.25
915,257,2.25
915,207,2.25
916,1524,2.25
917,12,2.25
917,3,2.25
917,244,2.25
917,4,2.25
917,8,2.25
917,84,2.25
917,247,2.25
917,1565,2.25
918,213,2.25
918,5,2.25
918,7,2.25
918,206,2.25
918,220,2.25
918,17,2.25
918,235,2.25
918,12,2.25
918,9,2.25
918,217,2.25
918,205,2.25
918,244,2.25
918,246,2.25
918,253,2.25
918,719,2.25
918,243,2.25
918,512,2.25
918,1657,2.25
918,295,2.25
919,219,2.25
919,11,2.25
919,252,2.25
920,5,2.25
920,211,2.25
920,245,2.25
920,11,2.25
920,233,2.25
921,5,2.25
921,17,2.25
921,2,2.25
921,235,2.25
921,12,2.25
921,234,2.25
921,245,2.25
921,239,2.25
921,244,2.25
921,252,2.25
921,233,2.25
921,1194,2.25
923,215,2.25
923,13,2.25
925,205,2.25
926,5,2.25
926,10,2.25
927,5,2.25
927,17,2.25
927,207,2.25
928,213,2.25
928,220,2.25
928,236,2.25
928,257,2.25
928,4,2.25
928,207,2.25
928,6,2.25
930,250,2.25
930,213,2.25
930,7,2.25
930,17,2.25
930,12,2.25
930,121,2.25
930,234,2.25
930,244,2.25
930,13,2.25
930,233,2.25
930,248,2.25
930,243,2.25
931,213,2.25
931,7,2.25
932,17,2.25
932,8,2.25
932,927,2.25
935,2,2.25
935,9,2.25
935,121,2.25
935,4,2.25
936,213,2.25
936,241,2.25
936,121,2.25
936,217,2.25
936,254,2.25
938,17,2.25
938,447,2.25
938,1235,2.25
938,1239,2.25
938,1244,2.25
938,1254,2.25
939,2,2.25
939,3,2.25
940,236,2.25
942,217,2.25
942,214,2.25
942,239,2.25
942,219,2.25
942,254,2.25
942,13,2.25
942,257,2.25
943,241,2.25
943,7,2.25
944,7,2.25
944,206,2.25
944,2,2.25
944,217,2.25
944,3,2.25
944,10,2.25
944,13,2.25
944,207,2.25
945,215,2.25
945,9,2.25
945,255,2.25
945,211,2.25
945,1,2.25
945,257,2.25
946,5,2.25
946,206,2.25
946,234,2.25
946,211,2.25
946,217,2.25
946,1,2.25
947,215,2.25
947,2,2.25
947,9,2.25
947,217,2.25
947,3,2.25
947,257,2.25
947,4,2.25
947,210,2.25
947,248,2.25
947,749,2.25
948,2,2.25
948,235,2.25
948,12,2.25
948,205,2.25
948,257,2.25
948,4,2.25
948,84,2.25
949,241,2.25
949,9,2.25
949,239,2.25
949,11,2.25
949,10,2.25
949,13,2.25
949,4,2.25
950,241,2.25
950,216,2.25
950,212,2.25
950,11,2.25
950,233,2.25
950,210,2.25
950,84,2.25
950,249,2.25
951,215,2.25
951,7,2.25
951,236,2.25
952,2,2.25
953,5,2.25
953,7,2.25
955,2,2.25
955,236,2.25
955,10,2.25
955,13,2.25
955,207,2.25
955,8,2.25
957,219,2.25
957,8,2.25
958,5,2.25
958,220,2.25
958,235,2.25
958,245,2.25
958,219,2.25
958,10,2.25
958,233,2.25
958,6,2.25
958,253,2.25
958,248,2.25
958,247,2.25
959,3,2.25
960,207,2.25
960,1667,2.25
960,1669,2.25
961,283,2.25
962,7,2.25
962,211,2.25
963,207,2.25
963,658,2.25
963,521,2.25
963,189,2.25
963,1019,2.25
963,1200,2.25
963,739,2.25
963,925,2.25
963,1671,2.25
963,1674,2.25
964,17,2.25
964,2,2.25
965,7,2.25
965,205,2.25
965,252,2.25
965,246,2.25
965,218,2.25
965,256,2.25
965,606,2.25
965,749,2.25
965,1681,2.25
966,205,2.25
966,257,2.25
967,213,2.25
967,2,2.25
967,10,2.25
969,197,2.25
969,866,2.25
969,572,2.25
969,712,2.25
969,289,2.25
969,265,2.25
969,955,2.25
969,309,2.25
969,949,2.25
969,1711,2.25
969,359,2.25
969,1747,2.25
969,274,2.25
969,493,2.25
969,1703,2.25
969,295,2.25
969,429,2.25
969,574,2.25
969,576,2.25
969,890,2.25
969,908,2.25
969,986,2.25
969,1164,2.25
969,1300,2.25
969,1534,2.25
969,1673,2.25
969,1682,2.25
969,1704,2.25
969,1705,2.25
969,1723,2.25
969,1731,2.25
969,1734,2.25
969,1742,2.25
969,1743,2.25
969,1751,2.25
969,1755,2.25
969,1759,2.25
970,17,2.25
970,121,2.25
970,249,2.25
971,215,2.25
971,213,2.25
971,241,2.25
971,7,2.25
971,206,2.25
971,12,2.25
971,211,2.25
971,217,2.25
971,254,2.25
971,10,2.25
971,207,2.25
971,6,2.25
971,210,2.25
971,248,2.25
972,250,2.25
972,5,2.25
972,206,2.25
972,220,2.25
972,236,2.25
972,205,2.25
972,6,2.25
972,845,2.25
972,248,2.25
973,215,2.25
973,236,2.25
973,11,2.25
977,7,2.25
978,1338,2.25
979,12,2.25
979,11,2.25
980,2,2.25
981,215,2.25
981,5,2.25
981,236,2.25
981,12,2.25
981,245,2.25
981,239,2.25
981,219,2.25
981,212,2.25
981,254,2.25
981,257,2.25
981,1764,2.25
982,9,2.25
982,255,2.25
982,234,2.25
982,211,2.25
982,214,2.25
982,246,2.25
982,248,2.25
982,247,2.25
983,579,2.25
984,206,2.25
984,12,2.25
984,217,2.25
984,205,2.25
984,245,2.25
984,254,2.25
984,10,2.25
984,13,2.25
984,1,2.25
984,6,2.25
985,255,2.25
985,217,2.25
985,11,2.25
985,252,2.25
986,17,2.25
986,13,2.25
987,241,2.25
987,7,2.25
987,206,2.25
987,2,2.25
987,3,2.25
987,219,2.25
987,254,2.25
987,1,2.25
987,207,2.25
987,6,2.25
987,256,2.25
988,241,2.25
988,5,2.25
988,206,2.25
988,219,2.25
988,244,2.25
988,10,2.25
988,257,2.25
988,6,2.25
988,210,2.25
988,247,2.25
989,235,2.25
989,219,2.25
989,4,2.25
989,207,2.25
989,565,2.25
990,241,2.25
990,4,2.25
990,210,2.25
990,527,2.25
991,250,2.25
991,220,2.25
991,17,2.25
991,211,2.25
991,3,2.25
991,254,2.25
991,11,2.25
991,252,2.25
991,4,2.25
991,246,2.25
991,248,2.25
992,286,2.25
992,1436,2.25
995,7,2.25
995,121,2.25
995,234,2.25
995,211,2.25
995,219,2.25
995,254,2.25
995,13,2.25
995,257,2.25
997,9,2.25
998,123,2.25
998,541,2.25
998,472,2.25
998,51,2.25
998,1330,2.25
998,1770,2.25
998,1775,2.25
998,1780,2.25
998,1781,2.25
999,206,2.25
999,17,2.25
999,235,2.25
999,12,2.25
999,244,2.25
999,13,2.25
999,207,2.25
999,689,2.25
999,243,2.25
999,1783,2.25
999,943,2.25
999,1782,2.25
1000,250,2.25
1000,241,2.25
1000,236,2.25
1000,3,2.25
1000,254,2.25
1000,244,2.25
1000,252,2.25
1000,4,2.25
1000,207,2.25
1000,233,2.25
1000,248,2.25
1000,247,2.25
1001,215,2.25
1001,250,2.25
1001,241,2.25
1001,5,2.25
1001,7,2.25
1001,217,2.25
1001,239,2.25
1001,11,2.25
1002,7,2.25
1002,12,2.25
1002,205,2.25
1002,239,2.25
1002,254,2.25
1002,4,2.25
1002,207,2.25
1002,429,2.25
1003,17,2.25
1003,255,2.25
1003,214,2.25
1003,257,2.25
1003,8,2.25
1003,249,2.25
1003,256,2.25
1004,17,2.25
1004,236,2.25
1004,13,2.25
1006,215,2.25
1006,251,2.25
1006,17,2.25
1006,216,2.25
1006,255,2.25
1006,234,2.25
1006,239,2.25
1006,1,2.25
1006,207,2.25
1006,210,2.25
1006,248,2.25
1006,249,2.25
1006,247,2.25
1006,91,2.25
1007,11,2.25
1008,215,2.25
1008,213,2.25
1008,7,2.25
1008,205,2.25
1008,1,2.25
1008,4,2.25
1008,207,2.25
1009,220,2.25
1009,211,2.25
1009,11,2.25
1009,13,2.25
1010,7,2.25
1010,977,2.25
1010,1302,2.25
1011,9,2.25
1011,847,2.25
1012,2,2.25
1012,3,2.25
1012,11,2.25
1012,10,2.25
1013,213,2.25
1013,17,2.25
1013,9,2.25
1014,213,2.25
1014,2,2.25
1014,234,2.25
1014,205,2.25
1014,1482,2.25
1015,7,2.25
1015,9,2.25
1015,10,2.25
1017,11,2.25
1018,2,2.25
1018,1200,2.25
1018,1794,2.25
1018,1587,2.25
1018,1793,2.25
1019,347,2.25
1019,304,2.25
1019,1072,2.25
1019,1085,2.25
1021,13,2.25
1022,7,2.25
1022,2,2.25
1022,3,2.25
1022,254,2.25
1022,6,2.25
1023,207,2.25
1024,2,2.25
1024,235,2.25
1024,3,2.25
1024,257,2.25
1026,257,2.25
1027,255,2.25
1028,476,2.25
1029,586,2.25
1030,2,2.25
1030,207,2.25
1034,17,2.25
1034,9,2.25
1034,255,2.25
1034,211,2.25
1034,214,2.25
1034,233,2.25
1034,6,2.25
1034,1655,2.25
1034,542,2.25
1034,1819,2.25
1034,399,2.25
1034,808,2.25
1034,1103,2.25
1034,1817,2.25
1034,1822,2.25
1034,1828,2.25
1036,213,2.25
1037,7,2.25
1037,216,2.25
1037,11,2.25
1038,251,2.25
1038,213,2.25
1038,7,2.25
1038,2,2.25
1038,236,2.25
1038,12,2.25
1038,217,2.25
1038,214,2.25
1038,239,2.25
1038,252,2.25
1038,207,2.25
1038,8,2.25
1038,246,2.25
1039,845,2.25
1039,87,2.25
1039,431,2.25
1039,267,2.25
1039,534,2.25
1039,1034,2.25
1039,167,2.25
1039,900,2.25
1039,919,2.25
1039,115,2.25
1039,1724,2.25
1039,839,2.25
1039,14,2.25
1039,44,2.25
1039,48,2.25
1039,50,2.25
1039,63,2.25
1039,129,2.25
1039,166,2.25
1039,173,2.25
1039,174,2.25
1039,176,2.25
1039,177,2.25
1039,190,2.25
1039,280,2.25
1039,1491,2.25
1040,241,2.25
1040,17,2.25
1040,207,2.25
1040,8,2.25
1040,1123,2.25
1040,966,2.25
1041,274,2.25
1041,1513,2.25
1041,1543,2.25
1042,805,2.25
1042,204,2.25
1042,414,2.25
1042,874,2.25
1043,207,2.25
1044,7,2.25
1046,251,2.25
1046,17,2.25
1046,216,2.25
1046,234,2.25
1046,217,2.25
1046,4,2.25
1046,207,2.25
1046,6,2.25
1046,243,2.25
1047,7,2.25
1047,216,2.25
1047,3,2.25
1047,11,2.25
1048,219,2.25
1048,13,2.25
1049,251,2.25
1049,5,2.25
1049,235,2.25
1049,236,2.25
1049,12,2.25
