448,264,11.39144904038261
448,399,8.64735788695463
448,255,4.3813145381978815
448,22,3.3586893128221593
448,16,2.837102746436077
448,78,2.2547463835048873
448,89,2.0645078971476343
448,284,0.302895438216925
448,824,0.24356245085011527
448,77,0.18129351328908627
444,119,0.0
444,20,0.0
444,399,0.0
444,476,0.0
444,264,0.0
444,200,0.0
444,189,0.0
444,362,0.0
444,17,0.0
444,16,0.0
450,119,0.0
450,20,0.0
450,476,0.0
450,200,0.0
450,189,0.0
450,362,0.0
450,17,0.0
450,16,0.0
450,310,0.0
450,59,0.0
445,119,0.0
445,20,0.0
445,399,0.0
445,476,0.0
445,264,0.0
445,200,0.0
445,189,0.0
445,362,0.0
445,17,0.0
445,16,0.0
446,119,0.0
446,20,0.0
446,399,0.0
446,476,0.0
446,264,0.0
446,189,0.0
446,362,0.0
446,17,0.0
446,16,0.0
446,310,0.0
447,20,1.7950793436120536
447,22,1.7385727699323785
447,59,1.5077970675151868
447,134,1.358944853040214
447,400,1.0
447,287,0.6868976577006554
447,476,0.5098857330425416
447,255,0.49688126031156155
447,200,0.373660024593502
447,89,0.10143708634231263
449,119,0.0
449,20,0.0
449,399,0.0
449,476,0.0
449,264,0.0
449,200,0.0
449,189,0.0
449,17,0.0
449,16,0.0
449,310,0.0
522,20,35.08887583659074
522,255,10.662918904077236
522,352,7.1596891210328435
522,59,4.729276107501628
522,89,2.4902283510869623
522,22,1.9013294371744185
522,134,1.7502001868785162
522,824,0.9361326141036137
522,416,0.8081447551111871
522,77,0.5003290556460158
524,310,9.894706223471365
524,79,8.960817165613683
524,399,7.911583527662485
524,119,7.894706223471367
524,20,7.37874962189791
524,287,5.739065575774948
524,362,5.237089537244544
524,352,5.215985821006275
524,94,4.6316184857795
524,255,4.126814649303643
516,94,19.754280751927404
516,310,10.515881918687866
516,22,8.853575364297438
516,16,8.332162549127712
516,189,7.288705430499789
516,352,6.1894574921213055
516,78,2.378855848778879
516,59,2.275808304611381
516,89,1.9588630875281177
516,134,0.9757840525342252
619,79,3.390097926342662
619,134,1.2588242386042536
619,78,0.9393493886711545
619,59,0.8001110033689894
619,416,0.7349545250467473
619,284,0.7105335932408533
619,824,0.5706151588182446
619,352,0.17199815815927244
619,77,0.0896926968689894
619,125,0.026388671554736873
494,400,1.0
494,77,0.654653670707977
494,352,6.010921549550741E-4
494,17,0.0
494,415,-0.1309415807997988
494,284,-0.4225117379496945
494,416,-0.4974423047464643
494,824,-0.6056664458701965
494,125,-0.6398368109528754
494,190,-0.6398368109528754
655,200,13.759804074662235
655,287,9.786475892310705
655,255,8.684867075622332
655,310,7.295662319207823
655,79,7.191175862769244
655,189,6.4404169321535125
655,16,5.801288995446326
655,352,4.8498076457973855
655,59,4.734105129341579
655,78,4.350826343947063
466,264,15.0
466,119,12.0
466,287,10.0
466,20,9.0
466,200,7.0
466,94,7.0
466,310,7.0
466,189,6.0
466,362,6.0
466,22,4.0
523,119,13.0
523,200,11.0
523,264,11.0
523,362,10.0
523,189,9.0
523,287,7.0
523,310,7.0
523,255,7.0
523,79,6.0
523,399,5.0
620,119,22.624114343462555
620,200,22.451505848200682
620,255,11.119479923002695
620,352,8.981536138916391
620,22,5.37274584323782
620,16,4.059208084569859
620,134,3.1658877750718943
620,89,2.9775985739145017
620,59,2.6323079406426086
620,77,0.8579977788182253
570,20,0.0
570,399,0.0
570,476,0.0
570,264,0.0
570,200,0.0
570,189,0.0
570,362,0.0
570,17,0.0
570,16,0.0
570,310,0.0
544,200,11.69808324223655
544,287,9.105072766273569
544,79,7.524030420437157
544,352,4.799280411461484
544,16,3.8849355925288354
544,310,3.7659994229150975
544,362,3.527926724588414
544,89,2.539774946323204
544,22,1.7668321629779662
544,59,1.6924239012230768
618,264,19.144921432080743
618,310,8.571361380862855
618,255,7.815556687452654
618,79,6.767517327812088
618,352,6.225069563689962
618,16,5.531290064659772
618,189,3.891447474788257
618,22,3.4259419368497053
618,134,2.3703126921081163
618,59,1.088905272490793
640,264,11.924239779589241
640,399,9.773776337506792
640,310,7.13436181973665
640,287,6.573309606193844
640,94,6.016876069387976
640,200,6.016876069387974
640,362,5.01687606938798
640,255,4.509947973000957
640,16,4.096200720365672
640,59,3.3605854822298618
487,119,0.0
487,20,0.0
487,399,0.0
487,476,0.0
487,264,0.0
487,200,0.0
487,189,0.0
487,362,0.0
487,17,0.0
487,16,0.0
610,20,0.0
610,399,0.0
610,476,0.0
610,264,0.0
610,200,0.0
610,189,0.0
610,362,0.0
610,17,0.0
610,16,0.0
610,310,0.0
492,264,8.926540404770625
492,362,7.567699087953904
492,119,6.426540404770625
492,79,4.153221954832053
492,200,3.6366210074040017
492,310,3.2840107486872183
492,59,1.9091078756144015
492,16,1.5557156587621732
492,94,1.508877469288378
492,78,1.5
569,310,6.408725446309965
569,119,6.257217472763415
569,79,6.230413770556794
569,16,5.937704857178938
569,255,5.053449592339657
569,352,4.389334565320247
569,20,3.6322863366356852
569,362,3.3544713257202226
569,94,2.785929172179298
569,287,2.633134597337781
518,119,0.0
518,20,0.0
518,399,0.0
518,476,0.0
518,264,0.0
518,200,0.0
518,189,0.0
518,362,0.0
518,17,0.0
518,16,0.0
481,119,0.0
481,20,0.0
481,399,0.0
481,476,0.0
481,264,0.0
481,200,0.0
481,189,0.0
481,362,0.0
481,17,0.0
481,16,0.0
624,119,0.0
624,20,0.0
624,399,0.0
624,476,0.0
624,264,0.0
624,200,0.0
624,362,0.0
624,17,0.0
624,16,0.0
624,310,0.0
514,20,0.0
514,399,0.0
514,476,0.0
514,264,0.0
514,200,0.0
514,189,0.0
514,362,0.0
514,17,0.0
514,16,0.0
514,310,0.0
592,20,0.0
592,399,0.0
592,476,0.0
592,264,0.0
592,200,0.0
592,189,0.0
592,362,0.0
592,17,0.0
592,16,0.0
592,310,0.0
454,20,0.0
454,399,0.0
454,476,0.0
454,264,0.0
454,200,0.0
454,189,0.0
454,362,0.0
454,17,0.0
454,16,0.0
454,310,0.0
486,20,0.0
486,399,0.0
486,476,0.0
486,264,0.0
486,200,0.0
486,189,0.0
486,362,0.0
486,17,0.0
486,16,0.0
486,310,0.0
560,119,0.0
560,20,0.0
560,399,0.0
560,476,0.0
560,264,0.0
560,200,0.0
560,189,0.0
560,362,0.0
560,17,0.0
560,16,0.0
489,264,11.175338025355845
489,399,9.703057679019516
489,94,9.088414862429664
489,287,7.000776092295414
489,200,6.224832986881834
489,362,5.878401888182546
489,189,5.784510257143159
489,16,4.33370114013982
489,59,2.963654012720561
489,22,1.5931689333813994
477,119,0.0
477,399,0.0
477,476,0.0
477,264,0.0
477,200,0.0
477,362,0.0
477,17,0.0
477,16,0.0
477,310,0.0
477,59,0.0
612,119,0.0
612,20,0.0
612,399,0.0
612,476,0.0
612,264,0.0
612,200,0.0
612,189,0.0
612,362,0.0
612,17,0.0
612,16,0.0
451,255,11.125883690004363
451,362,8.27997721429451
451,16,8.08594386637502
451,352,7.984415426244011
451,59,4.662150609720554
451,78,3.816922074726807
451,134,3.085972682409999
451,22,2.7242065000317957
451,89,1.3787714614157056
451,824,0.934708415125753
639,287,1.5002991056755404
639,89,0.8838515090524254
639,189,0.6164475966231138
639,399,0.09462666694645683
639,78,3.3306690738754696E-16
639,284,0.0
639,17,0.0
639,416,0.0
639,824,0.0
639,476,0.0
654,20,23.56990660416883
654,119,20.28885986223878
654,264,20.177093712539865
654,287,16.403754337620715
654,189,13.249174160525646
654,79,12.435481967580266
654,362,12.109214418786703
654,310,11.491414955142202
654,255,10.585790770896844
654,16,9.348349822124453
607,352,3.5339356902992725
607,22,3.4086037563950082
607,125,1.0
607,190,1.0
607,19,1.0
607,77,1.0
607,310,0.5788791003571454
607,16,0.20496870614824925
607,476,0.0
607,17,0.0
471,20,0.0
471,399,0.0
471,476,0.0
471,264,0.0
471,200,0.0
471,189,0.0
471,362,0.0
471,17,0.0
471,16,0.0
471,310,0.0
657,264,26.44556544979488
657,399,21.681612299144717
657,287,18.057888036173384
657,310,16.186046592549438
657,189,14.603219473117782
657,79,13.3386150270669
657,16,12.640156209022926
657,255,10.786136301474155
657,352,8.692173430201546
657,362,8.12453320352807
632,20,0.0
632,399,0.0
632,476,0.0
632,264,0.0
632,200,0.0
632,189,0.0
632,362,0.0
632,17,0.0
632,16,0.0
632,310,0.0
578,200,3.795546032403622
578,310,1.5704822854881564
578,22,1.5595044228932933
578,362,1.1802949036176766
578,16,1.162411189965837
578,134,1.0328336034926018
578,416,0.9999999999999998
578,59,0.7619827818806407
578,476,0.6600250006041251
578,284,0.5773502691896258
660,20,22.25070109478453
660,200,16.961419019294517
660,399,15.735250452081324
660,79,9.56047749225814
660,255,8.273378880394072
660,287,8.26236477009277
660,189,8.026171929517856
660,310,7.799892585865701
660,362,5.674654487484813
660,78,4.934719542804484
519,20,0.0
519,399,0.0
519,476,0.0
519,264,0.0
519,200,0.0
519,189,0.0
519,362,0.0
519,17,0.0
519,16,0.0
519,310,0.0
588,79,7.0
588,399,5.0
588,287,3.0
588,119,3.0
588,89,2.0
588,352,1.9999999999999998
588,415,1.0
588,190,1.0
588,362,1.0
588,824,1.0
605,399,0.0
605,476,0.0
605,264,0.0
605,200,0.0
605,189,0.0
605,362,0.0
605,17,0.0
605,16,0.0
605,310,0.0
605,59,0.0
540,119,0.0
540,399,0.0
540,476,0.0
540,264,0.0
540,200,0.0
540,189,0.0
540,362,0.0
540,17,0.0
540,16,0.0
540,310,0.0
653,119,0.0
653,20,0.0
653,399,0.0
653,476,0.0
653,200,0.0
653,189,0.0
653,362,0.0
653,17,0.0
653,16,0.0
653,310,0.0
535,20,0.0
535,399,0.0
535,476,0.0
535,264,0.0
535,200,0.0
535,189,0.0
535,362,0.0
535,17,0.0
535,16,0.0
535,310,0.0
484,20,0.0
484,399,0.0
484,476,0.0
484,264,0.0
484,200,0.0
484,189,0.0
484,362,0.0
484,17,0.0
484,16,0.0
484,310,0.0
566,264,22.957520998704357
566,119,20.957520998704357
566,20,16.96643488915137
566,287,14.965912276416514
566,310,14.574195073779396
566,94,12.582586351491557
566,189,10.582586351491557
566,255,10.3749346472128
566,16,7.590977629203715
566,362,7.582586351491559
591,264,20.761211135879037
591,20,16.878974793257633
591,200,14.271250163134788
591,287,11.738655570418125
591,310,10.695207341757987
591,94,9.91515938960412
591,16,8.622867415779748
591,22,6.223246827981322
591,362,4.847206646536972
591,255,4.317724550260435
611,119,0.0
611,20,0.0
611,399,0.0
611,476,0.0
611,264,0.0
611,200,0.0
611,189,0.0
611,362,0.0
611,17,0.0
611,16,0.0
525,20,19.74190480904283
525,119,18.383452441886483
525,79,13.616168787558859
525,287,12.499049545189786
525,310,10.69550702071619
525,189,10.244575944333821
525,16,8.229087656935386
525,255,7.707888006973263
525,362,7.265851571696642
525,59,6.62787562542937
635,415,1.0
635,125,0.1889822365046136
635,190,0.1889822365046136
635,19,0.1889822365046136
635,17,0.0
635,416,0.0
635,89,0.0
635,400,0.0
635,476,-0.7810942985639424
635,824,-0.8660254037844387
609,119,0.0
609,20,0.0
609,399,0.0
609,476,0.0
609,264,0.0
609,200,0.0
609,189,0.0
609,362,0.0
609,17,0.0
609,16,0.0
483,20,0.0
483,399,0.0
483,476,0.0
483,264,0.0
483,200,0.0
483,362,0.0
483,17,0.0
483,16,0.0
483,310,0.0
483,59,0.0
458,119,0.0
458,20,0.0
458,399,0.0
458,476,0.0
458,264,0.0
458,200,0.0
458,189,0.0
458,362,0.0
458,17,0.0
458,16,0.0
496,119,0.0
496,20,0.0
496,399,0.0
496,476,0.0
496,264,0.0
496,200,0.0
496,189,0.0
496,362,0.0
496,17,0.0
496,16,0.0
642,352,2.0
642,59,2.220446049250313E-16
642,16,2.220446049250313E-16
642,190,0.0
642,476,0.0
642,416,0.0
642,17,0.0
642,78,0.0
642,284,0.0
642,89,0.0
526,20,0.0
526,399,0.0
526,476,0.0
526,264,0.0
526,200,0.0
526,189,0.0
526,362,0.0
526,17,0.0
526,16,0.0
526,310,0.0
459,119,0.0
459,20,0.0
459,399,0.0
459,476,0.0
459,264,0.0
459,200,0.0
459,189,0.0
459,362,0.0
459,17,0.0
459,16,0.0
616,20,0.0
616,399,0.0
616,476,0.0
616,264,0.0
616,200,0.0
616,189,0.0
616,362,0.0
616,17,0.0
616,16,0.0
616,310,0.0
641,119,0.0
641,20,0.0
641,399,0.0
641,476,0.0
641,264,0.0
641,189,0.0
641,362,0.0
641,17,0.0
641,16,0.0
641,310,0.0
478,264,21.10340171810764
478,20,20.08349703239119
478,399,17.613571941399027
478,94,14.305226167767442
478,310,13.593667255682577
478,287,13.262905523160793
478,79,10.503607566354026
478,16,9.84903396632561
478,255,9.393173538345279
478,362,7.334500824373295
493,119,0.0
493,20,0.0
493,399,0.0
493,476,0.0
493,264,0.0
493,200,0.0
493,189,0.0
493,362,0.0
493,17,0.0
493,16,0.0
553,119,0.0
553,20,0.0
553,476,0.0
553,264,0.0
553,200,0.0
553,189,0.0
553,362,0.0
553,17,0.0
553,16,0.0
553,310,0.0
601,119,0.0
601,20,0.0
601,399,0.0
601,476,0.0
601,264,0.0
601,200,0.0
601,189,0.0
601,362,0.0
601,17,0.0
601,16,0.0
583,119,0.0
583,399,0.0
583,476,0.0
583,264,0.0
583,200,0.0
583,189,0.0
583,362,0.0
583,17,0.0
583,16,0.0
583,310,0.0
617,20,20.049323439357813
617,264,18.323047678854344
617,94,16.604199773932933
617,79,9.219734805853886
617,310,7.606995923319854
617,189,7.267396213125814
617,255,6.5802356178016685
617,362,5.199162615037703
617,352,4.996250189422246
617,78,3.149248061285062
576,119,0.0
576,20,0.0
576,476,0.0
576,264,0.0
576,200,0.0
576,189,0.0
576,362,0.0
576,17,0.0
576,16,0.0
576,310,0.0
464,119,0.0
464,20,0.0
464,476,0.0
464,264,0.0
464,200,0.0
464,189,0.0
464,362,0.0
464,17,0.0
464,16,0.0
464,310,0.0
474,20,8.953068839811735
474,264,7.760183139310531
474,287,5.260183139310531
474,200,3.9793030016184057
474,16,3.9793030016184057
474,255,2.5727222264205922
474,79,2.521689530400174
474,59,1.7354531141111766
474,310,1.287297457321972
474,362,1.2176157257005595
662,119,0.0
662,20,0.0
662,399,0.0
662,476,0.0
662,264,0.0
662,200,0.0
662,189,0.0
662,362,0.0
662,17,0.0
662,16,0.0
627,119,0.0
627,20,0.0
627,399,0.0
627,476,0.0
627,264,0.0
627,200,0.0
627,189,0.0
627,362,0.0
627,17,0.0
627,16,0.0
561,119,0.0
561,20,0.0
561,476,0.0
561,264,0.0
561,200,0.0
561,189,0.0
561,362,0.0
561,17,0.0
561,16,0.0
561,310,0.0
557,119,0.0
557,20,0.0
557,399,0.0
557,476,0.0
557,264,0.0
557,200,0.0
557,189,0.0
557,362,0.0
557,17,0.0
557,16,0.0
634,20,0.0
634,399,0.0
634,476,0.0
634,264,0.0
634,200,0.0
634,189,0.0
634,362,0.0
634,17,0.0
634,16,0.0
634,310,0.0
606,20,0.0
606,399,0.0
606,476,0.0
606,264,0.0
606,200,0.0
606,189,0.0
606,362,0.0
606,17,0.0
606,16,0.0
606,310,0.0
638,20,0.0
638,399,0.0
638,476,0.0
638,264,0.0
638,200,0.0
638,189,0.0
638,362,0.0
638,17,0.0
638,16,0.0
638,310,0.0
565,119,0.0
565,20,0.0
565,399,0.0
565,476,0.0
565,264,0.0
565,200,0.0
565,189,0.0
565,362,0.0
565,17,0.0
565,16,0.0
633,119,0.0
633,399,0.0
633,476,0.0
633,264,0.0
633,200,0.0
633,189,0.0
633,362,0.0
633,17,0.0
633,16,0.0
633,310,0.0
556,264,10.0
556,200,8.0
556,119,8.0
556,399,7.0
556,94,7.0
556,20,6.0
556,310,4.0
556,362,3.999999999999999
556,352,3.999999999999999
556,255,3.0
452,119,0.0
452,20,0.0
452,399,0.0
452,476,0.0
452,264,0.0
452,189,0.0
452,362,0.0
452,17,0.0
452,16,0.0
452,310,0.0
650,119,9.010905596474048
650,200,8.37684925218287
650,264,7.663768715045695
650,287,7.214360130619264
650,310,3.9717075960641424
650,22,3.2131130388780815
650,134,2.9004649178654573
650,79,2.665386580647769
650,352,2.2754075945127106
650,59,2.076136167651492
550,20,8.0
550,264,7.0
550,200,6.0
550,287,5.0
550,16,5.0
550,94,5.0
550,59,2.0
550,310,2.0
550,79,2.0
550,134,1.0
651,20,37.124159625821996
651,200,22.715529338294036
651,255,9.802535344957263
651,352,9.672871498999525
651,310,8.91597883032816
651,16,5.951113606689436
651,189,5.280399974891097
651,362,4.95420476935361
651,89,4.185591457197411
651,78,3.8448056076211543
521,119,0.0
521,20,0.0
521,399,0.0
521,476,0.0
521,264,0.0
521,200,0.0
521,362,0.0
521,17,0.0
521,16,0.0
521,310,0.0
482,119,0.0
482,399,0.0
482,476,0.0
482,264,0.0
482,200,0.0
482,189,0.0
482,362,0.0
482,17,0.0
482,16,0.0
482,310,0.0
479,119,0.0
479,20,0.0
479,476,0.0
479,264,0.0
479,200,0.0
479,189,0.0
479,362,0.0
479,17,0.0
479,16,0.0
479,310,0.0
546,119,0.0
546,20,0.0
546,399,0.0
546,476,0.0
546,264,0.0
546,200,0.0
546,189,0.0
546,362,0.0
546,17,0.0
546,16,0.0
539,119,0.0
539,20,0.0
539,399,0.0
539,476,0.0
539,264,0.0
539,200,0.0
539,189,0.0
539,362,0.0
539,17,0.0
539,16,0.0
548,119,0.0
548,20,0.0
548,399,0.0
548,476,0.0
548,264,0.0
548,200,0.0
548,362,0.0
548,17,0.0
548,16,0.0
548,310,0.0
603,20,21.532893284974868
603,264,19.040271943079212
603,287,13.974146536783984
603,310,13.0310319569307
603,189,12.522254044056826
603,79,12.269339354499884
603,255,9.590057231113263
603,16,8.985303246085387
603,362,7.431309672928823
603,352,6.440183201399561
554,119,0.0
554,20,0.0
554,476,0.0
554,264,0.0
554,200,0.0
554,189,0.0
554,362,0.0
554,17,0.0
554,16,0.0
554,310,0.0
513,20,0.0
513,399,0.0
513,476,0.0
513,264,0.0
513,200,0.0
513,189,0.0
513,362,0.0
513,17,0.0
513,16,0.0
513,310,0.0
552,119,0.0
552,20,0.0
552,399,0.0
552,476,0.0
552,264,0.0
552,200,0.0
552,362,0.0
552,17,0.0
552,16,0.0
552,310,0.0
500,264,13.0
500,399,13.0
500,200,10.0
500,20,9.0
500,310,8.0
500,287,8.0
500,94,6.000000000000001
500,22,6.0
500,255,6.0
500,362,5.000000000000001
648,119,0.0
648,20,0.0
648,399,0.0
648,476,0.0
648,264,0.0
648,200,0.0
648,189,0.0
648,362,0.0
648,17,0.0
648,16,0.0
520,119,0.0
520,20,0.0
520,399,0.0
520,476,0.0
520,264,0.0
520,200,0.0
520,189,0.0
520,362,0.0
520,17,0.0
520,16,0.0
555,119,0.0
555,20,0.0
555,399,0.0
555,476,0.0
555,264,0.0
555,200,0.0
555,189,0.0
555,362,0.0
555,17,0.0
555,16,0.0
460,119,0.0
460,20,0.0
460,476,0.0
460,264,0.0
460,200,0.0
460,189,0.0
460,362,0.0
460,17,0.0
460,16,0.0
460,310,0.0
506,119,0.0
506,20,0.0
506,399,0.0
506,476,0.0
506,264,0.0
506,200,0.0
506,362,0.0
506,17,0.0
506,16,0.0
506,310,0.0
649,119,0.0
649,20,0.0
649,399,0.0
649,476,0.0
649,264,0.0
649,200,0.0
649,189,0.0
649,362,0.0
649,17,0.0
649,16,0.0
602,119,0.0
602,20,0.0
602,399,0.0
602,476,0.0
602,200,0.0
602,189,0.0
602,362,0.0
602,17,0.0
602,16,0.0
602,310,0.0
533,119,0.0
533,20,0.0
533,399,0.0
533,476,0.0
533,264,0.0
533,200,0.0
533,189,0.0
533,362,0.0
533,17,0.0
533,16,0.0
491,119,0.0
491,20,0.0
491,399,0.0
491,476,0.0
491,264,0.0
491,200,0.0
491,189,0.0
491,362,0.0
491,17,0.0
491,16,0.0
621,79,6.718167178000337
621,89,2.3664728376849853
621,352,1.1040586342693608
621,200,0.7886877732541224
621,19,0.40344060496347606
621,125,0.40344060496347606
621,190,0.40344060496347606
621,416,0.13711237270016796
621,17,0.0
621,400,-0.0262341618066701
498,119,0.0
498,20,0.0
498,399,0.0
498,476,0.0
498,264,0.0
498,200,0.0
498,189,0.0
498,362,0.0
498,17,0.0
498,16,0.0
590,119,11.4817238301212
590,200,7.956233590734044
590,310,7.5669945128788765
590,362,6.227113310480112
590,255,5.92840636424479
590,189,5.449517101531734
590,78,3.8293962196513647
590,399,3.3378375541998313
590,287,3.0952460058266507
590,16,2.480094297350494
574,119,0.0
574,20,0.0
574,399,0.0
574,476,0.0
574,200,0.0
574,189,0.0
574,362,0.0
574,17,0.0
574,16,0.0
574,310,0.0
575,20,0.0
575,399,0.0
575,476,0.0
575,264,0.0
575,200,0.0
575,189,0.0
575,362,0.0
575,17,0.0
575,16,0.0
575,310,0.0
453,119,0.0
453,20,0.0
453,399,0.0
453,476,0.0
453,264,0.0
453,200,0.0
453,189,0.0
453,362,0.0
453,17,0.0
453,16,0.0
564,119,0.0
564,20,0.0
564,399,0.0
564,476,0.0
564,264,0.0
564,200,0.0
564,189,0.0
564,362,0.0
564,17,0.0
564,16,0.0
562,119,0.0
562,20,0.0
562,399,0.0
562,476,0.0
562,264,0.0
562,200,0.0
562,189,0.0
562,362,0.0
562,17,0.0
562,16,0.0
643,119,13.0
643,200,11.0
643,264,11.0
643,362,10.0
643,189,9.0
643,287,7.0
643,310,7.0
643,255,7.0
643,79,6.0
643,399,5.0
501,264,25.11100139328085
501,119,21.346387758335172
501,200,18.71251979057909
501,287,14.155756001354415
501,399,13.417817758394008
501,362,12.492463828435543
501,189,9.564606388925295
501,255,9.54293806224351
501,310,9.330467189968251
501,352,7.8344204819203185
571,119,0.0
571,20,0.0
571,399,0.0
571,476,0.0
571,264,0.0
571,200,0.0
571,189,0.0
571,362,0.0
571,17,0.0
571,16,0.0
508,119,0.0
508,20,0.0
508,399,0.0
508,476,0.0
508,264,0.0
508,200,0.0
508,189,0.0
508,362,0.0
508,17,0.0
508,16,0.0
656,119,0.0
656,20,0.0
656,399,0.0
656,476,0.0
656,264,0.0
656,200,0.0
656,189,0.0
656,362,0.0
656,17,0.0
656,16,0.0
499,119,0.0
499,399,0.0
499,476,0.0
499,264,0.0
499,200,0.0
499,189,0.0
499,362,0.0
499,17,0.0
499,16,0.0
499,310,0.0
637,119,0.0
637,399,0.0
637,476,0.0
637,264,0.0
637,200,0.0
637,189,0.0
637,362,0.0
637,17,0.0
637,16,0.0
637,310,0.0
586,352,4.875117034512371
586,310,1.9434147292829929
586,134,1.423144864972901
586,287,1.1205533442588935
586,415,0.8154380677377896
586,362,0.6233552032717096
586,89,0.37353357198409953
586,255,0.18824196729275133
586,476,0.0
586,17,0.0
527,119,0.0
527,20,0.0
527,399,0.0
527,476,0.0
527,264,0.0
527,200,0.0
527,189,0.0
527,362,0.0
527,17,0.0
527,16,0.0
626,119,0.0
626,399,0.0
626,476,0.0
626,264,0.0
626,200,0.0
626,189,0.0
626,362,0.0
626,17,0.0
626,16,0.0
626,310,0.0
551,119,0.0
551,20,0.0
551,399,0.0
551,476,0.0
551,264,0.0
551,200,0.0
551,189,0.0
551,362,0.0
551,17,0.0
551,16,0.0
502,119,0.0
502,20,0.0
502,399,0.0
502,476,0.0
502,264,0.0
502,200,0.0
502,189,0.0
502,362,0.0
502,17,0.0
502,16,0.0
582,119,0.0
582,20,0.0
582,399,0.0
582,476,0.0
582,264,0.0
582,200,0.0
582,189,0.0
582,362,0.0
582,17,0.0
582,16,0.0
511,119,0.0
511,399,0.0
511,476,0.0
511,264,0.0
511,200,0.0
511,189,0.0
511,362,0.0
511,17,0.0
511,16,0.0
511,310,0.0
573,119,0.0
573,20,0.0
573,399,0.0
573,476,0.0
573,200,0.0
573,189,0.0
573,362,0.0
573,17,0.0
573,16,0.0
573,310,0.0
462,119,0.0
462,20,0.0
462,399,0.0
462,476,0.0
462,264,0.0
462,200,0.0
462,189,0.0
462,362,0.0
462,17,0.0
462,16,0.0
604,119,0.0
604,399,0.0
604,476,0.0
604,264,0.0
604,200,0.0
604,189,0.0
604,362,0.0
604,17,0.0
604,16,0.0
604,310,0.0
473,119,0.0
473,20,0.0
473,399,0.0
473,476,0.0
473,264,0.0
473,200,0.0
473,189,0.0
473,362,0.0
473,17,0.0
473,16,0.0
488,190,1.0000000000000002
488,125,1.0000000000000002
488,19,1.0000000000000002
488,22,1.0
488,415,0.0
488,17,0.0
488,824,0.0
488,416,0.0
488,476,0.0
488,284,0.0
558,399,14.281305455295943
558,287,11.318737650715677
558,352,8.395121112449042
558,119,7.349706641075786
558,200,5.829101459976762
558,22,5.544109668203587
558,89,4.718266055471728
558,255,1.5807573090641434
558,310,1.09476214732363
558,189,1.0677606862698772
613,119,0.0
613,20,0.0
613,399,0.0
613,476,0.0
613,264,0.0
613,200,0.0
613,189,0.0
613,362,0.0
613,17,0.0
613,16,0.0
547,20,0.0
547,476,0.0
547,264,0.0
547,200,0.0
547,189,0.0
547,362,0.0
547,17,0.0
547,16,0.0
547,310,0.0
547,59,0.0
505,119,0.0
505,20,0.0
505,399,0.0
505,476,0.0
505,264,0.0
505,189,0.0
505,362,0.0
505,17,0.0
505,16,0.0
505,310,0.0
595,119,0.0
595,20,0.0
595,399,0.0
595,476,0.0
595,264,0.0
595,200,0.0
595,189,0.0
595,362,0.0
595,17,0.0
595,16,0.0
658,20,0.0
658,399,0.0
658,476,0.0
658,264,0.0
658,200,0.0
658,189,0.0
658,362,0.0
658,17,0.0
658,16,0.0
658,310,0.0
646,119,0.0
646,20,0.0
646,399,0.0
646,476,0.0
646,264,0.0
646,200,0.0
646,189,0.0
646,362,0.0
646,17,0.0
646,16,0.0
497,119,0.0
497,20,0.0
497,399,0.0
497,476,0.0
497,264,0.0
497,200,0.0
497,189,0.0
497,362,0.0
497,17,0.0
497,16,0.0
596,119,0.0
596,20,0.0
596,399,0.0
596,476,0.0
596,264,0.0
596,200,0.0
596,189,0.0
596,362,0.0
596,17,0.0
596,16,0.0
628,79,7.0
628,399,5.0
628,287,3.0
628,119,3.0
628,89,2.0
628,352,1.9999999999999998
628,824,1.0000000000000002
628,415,1.0
628,190,1.0
628,125,1.0
630,119,0.0
630,20,0.0
630,399,0.0
630,476,0.0
630,200,0.0
630,189,0.0
630,362,0.0
630,17,0.0
630,16,0.0
630,310,0.0
455,119,0.0
455,20,0.0
455,399,0.0
455,476,0.0
455,264,0.0
455,200,0.0
455,189,0.0
455,362,0.0
455,17,0.0
455,16,0.0
622,189,6.0
622,94,6.0
622,20,5.0
622,255,5.0
622,287,4.0
622,310,4.0
622,264,4.0
622,200,3.0
622,78,2.0
622,22,2.0
580,119,0.0
580,20,0.0
580,399,0.0
580,476,0.0
580,264,0.0
580,200,0.0
580,189,0.0
580,362,0.0
580,17,0.0
580,16,0.0
530,119,0.0
530,20,0.0
530,399,0.0
530,476,0.0
530,264,0.0
530,200,0.0
530,189,0.0
530,362,0.0
530,17,0.0
530,16,0.0
532,20,0.0
532,399,0.0
532,476,0.0
532,264,0.0
532,200,0.0
532,189,0.0
532,362,0.0
532,17,0.0
532,16,0.0
532,310,0.0
503,119,0.0
503,20,0.0
503,399,0.0
503,476,0.0
503,264,0.0
503,189,0.0
503,362,0.0
503,17,0.0
503,16,0.0
503,310,0.0
652,20,0.0
652,399,0.0
652,476,0.0
652,264,0.0
652,200,0.0
652,189,0.0
652,362,0.0
652,17,0.0
652,16,0.0
652,310,0.0
456,119,0.0
456,20,0.0
456,399,0.0
456,476,0.0
456,264,0.0
456,189,0.0
456,362,0.0
456,17,0.0
456,16,0.0
456,310,0.0
457,119,0.0
457,399,0.0
457,476,0.0
457,264,0.0
457,200,0.0
457,189,0.0
457,362,0.0
457,17,0.0
457,16,0.0
457,310,0.0
468,119,0.0
468,20,0.0
468,399,0.0
468,476,0.0
468,264,0.0
468,200,0.0
468,189,0.0
468,362,0.0
468,17,0.0
468,16,0.0
647,119,0.0
647,20,0.0
647,476,0.0
647,264,0.0
647,200,0.0
647,189,0.0
647,362,0.0
647,17,0.0
647,16,0.0
647,310,0.0
490,119,0.0
490,20,0.0
490,399,0.0
490,476,0.0
490,264,0.0
490,200,0.0
490,189,0.0
490,362,0.0
490,17,0.0
490,16,0.0
559,264,12.0
559,287,10.0
559,20,10.0
559,200,8.0
559,119,8.0
559,310,8.0
559,399,7.0
559,362,6.0
559,189,6.0
559,255,5.0
536,119,0.0
536,20,0.0
536,399,0.0
536,476,0.0
536,264,0.0
536,200,0.0
536,189,0.0
536,362,0.0
536,17,0.0
536,16,0.0
470,119,0.0
470,20,0.0
470,399,0.0
470,476,0.0
470,264,0.0
470,200,0.0
470,189,0.0
470,362,0.0
470,17,0.0
470,16,0.0
615,119,0.0
615,20,0.0
615,399,0.0
615,476,0.0
615,264,0.0
615,200,0.0
615,189,0.0
615,362,0.0
615,17,0.0
615,16,0.0
531,264,11.0
531,399,7.0
531,200,6.0
531,119,5.0
531,287,4.0
531,352,4.0
531,94,3.0
531,16,2.0
531,310,1.9999999999999998
531,78,1.9999999999999998
563,119,0.0
563,399,0.0
563,476,0.0
563,264,0.0
563,200,0.0
563,189,0.0
563,362,0.0
563,17,0.0
563,16,0.0
563,310,0.0
480,119,0.0
480,399,0.0
480,476,0.0
480,264,0.0
480,200,0.0
480,189,0.0
480,362,0.0
480,17,0.0
480,16,0.0
480,310,0.0
636,119,0.0
636,20,0.0
636,476,0.0
636,264,0.0
636,200,0.0
636,189,0.0
636,362,0.0
636,17,0.0
636,16,0.0
636,310,0.0
467,119,0.0
467,20,0.0
467,399,0.0
467,476,0.0
467,264,0.0
467,200,0.0
467,189,0.0
467,362,0.0
467,17,0.0
467,16,0.0
567,119,0.0
567,20,0.0
567,399,0.0
567,476,0.0
567,264,0.0
567,200,0.0
567,189,0.0
567,362,0.0
567,17,0.0
567,16,0.0
537,119,0.0
537,20,0.0
537,399,0.0
537,476,0.0
537,264,0.0
537,200,0.0
537,189,0.0
537,362,0.0
537,17,0.0
537,16,0.0
543,119,0.0
543,20,0.0
543,399,0.0
543,476,0.0
543,264,0.0
543,200,0.0
543,189,0.0
543,362,0.0
543,17,0.0
543,16,0.0
666,264,18.6421849366956
666,119,16.21626472825571
666,79,11.615512090257953
666,94,6.274188668165925
666,287,4.5129813137282895
666,78,2.56636791719175
666,134,1.6181738408281023
666,824,0.9223916585465167
666,284,0.8081447551111871
666,77,0.7180838226343933
670,119,0.0
670,20,0.0
670,399,0.0
670,476,0.0
670,264,0.0
670,200,0.0
670,189,0.0
670,362,0.0
670,17,0.0
670,16,0.0
674,400,1.0
674,415,0.6234036915689042
674,17,0.0
674,89,0.0
674,77,0.0
674,22,-0.42527544867215816
674,824,-0.9888472349023999
674,476,-0.9999999999999999
674,19,-1.0
674,190,-1.0
663,78,1.4012545310919051
663,476,0.25752333626885304
663,77,0.10250831440216361
663,400,0.0
663,17,0.0
663,284,-0.12035651123208821
663,59,-0.17421030323317444
663,416,-0.5278270338453511
663,125,-0.6550910161255384
663,190,-0.6550910161255384
673,264,13.0
673,399,13.0
673,200,10.0
673,20,9.0
673,310,8.0
673,287,8.0
673,94,6.000000000000001
673,22,6.0
673,255,6.0
673,362,5.000000000000001
669,119,0.0
669,20,0.0
669,476,0.0
669,264,0.0
669,200,0.0
669,189,0.0
669,362,0.0
669,17,0.0
669,16,0.0
669,310,0.0
672,16,3.659138441778058
672,119,3.4940981528508264
672,399,3.1454840490426808
672,362,2.9082894974493563
672,200,2.3768585990154807
672,59,2.316403703273906
672,78,1.9118988487144277
672,94,1.8084394065209035
672,416,0.8834925963189081
672,284,0.8660254037844388
667,20,0.0
667,399,0.0
667,476,0.0
667,264,0.0
667,200,0.0
667,189,0.0
667,362,0.0
667,17,0.0
667,16,0.0
667,310,0.0
675,119,0.0
675,20,0.0
675,399,0.0
675,476,0.0
675,264,0.0
675,200,0.0
675,189,0.0
675,362,0.0
675,17,0.0
675,16,0.0
668,119,0.0
668,20,0.0
668,399,0.0
668,476,0.0
668,264,0.0
668,200,0.0
668,189,0.0
668,362,0.0
668,17,0.0
668,16,0.0
439,119,0.0
439,399,0.0
439,476,0.0
439,264,0.0
439,200,0.0
439,189,0.0
439,362,0.0
439,17,0.0
439,16,0.0
439,310,0.0
426,20,0.0
426,399,0.0
426,476,0.0
426,264,0.0
426,200,0.0
426,189,0.0
426,362,0.0
426,17,0.0
426,16,0.0
426,310,0.0
424,119,0.0
424,20,0.0
424,399,0.0
424,476,0.0
424,264,0.0
424,200,0.0
424,189,0.0
424,362,0.0
424,17,0.0
424,16,0.0
435,119,0.0
435,20,0.0
435,399,0.0
435,476,0.0
435,264,0.0
435,200,0.0
435,189,0.0
435,362,0.0
435,17,0.0
435,16,0.0
433,119,0.0
433,20,0.0
433,399,0.0
433,476,0.0
433,264,0.0
433,200,0.0
433,189,0.0
433,362,0.0
433,17,0.0
433,16,0.0
432,119,0.0
432,20,0.0
432,399,0.0
432,476,0.0
432,264,0.0
432,200,0.0
432,189,0.0
432,362,0.0
432,17,0.0
432,16,0.0
443,119,0.0
443,20,0.0
443,399,0.0
443,476,0.0
443,264,0.0
443,200,0.0
443,189,0.0
443,362,0.0
443,17,0.0
443,16,0.0
440,119,0.0
440,20,0.0
440,399,0.0
440,476,0.0
440,264,0.0
440,200,0.0
440,189,0.0
440,362,0.0
440,17,0.0
440,16,0.0
415,264,11.837434962825444
415,399,9.565264105147255
415,310,7.412399563907675
415,94,6.640805357291422
415,200,6.64080535729142
415,287,6.552351519704493
415,362,5.33192615691686
415,255,4.369291027874779
415,16,4.31141330120414
415,59,3.229377058011296
429,119,0.0
429,20,0.0
429,399,0.0
429,476,0.0
429,264,0.0
429,200,0.0
429,189,0.0
429,362,0.0
429,17,0.0
429,16,0.0
420,399,8.56841379277366
420,16,3.7300714333784697
420,78,2.0200183153104674
420,134,1.6187486471205816
420,310,1.4358183659194745
420,416,0.7067488555541992
420,77,0.7016410749057587
420,824,0.617387543441335
420,415,0.40344060496347606
420,59,0.3558595523900504
411,352,3.751599948757381
411,89,3.693956029565625
411,79,3.3253799029936255
411,78,1.704356096220135
411,400,1.0000000000000002
411,22,0.7824142681575352
411,77,0.654653670707977
411,476,0.49267182220505334
411,255,0.4513277995913234
411,134,0.21064096542050614
430,119,0.0
430,20,0.0
430,399,0.0
430,476,0.0
430,264,0.0
430,200,0.0
430,362,0.0
430,17,0.0
430,16,0.0
430,310,0.0
422,189,8.757716536164066
422,399,8.715952764183527
422,94,8.319096691842953
422,200,5.71843884472592
422,310,5.268257482030316
422,16,3.0146367570670956
422,255,2.6784986942127293
422,78,2.2605509190158903
422,362,1.6950930756573186
422,287,1.6343740047706419
436,119,0.0
436,20,0.0
436,399,0.0
436,476,0.0
436,264,0.0
436,200,0.0
436,189,0.0
436,362,0.0
436,17,0.0
436,16,0.0
417,119,0.0
417,20,0.0
417,399,0.0
417,476,0.0
417,264,0.0
417,200,0.0
417,189,0.0
417,362,0.0
417,17,0.0
417,16,0.0
438,119,0.0
438,20,0.0
438,399,0.0
438,476,0.0
438,264,0.0
438,200,0.0
438,189,0.0
438,362,0.0
438,17,0.0
438,16,0.0
442,119,0.0
442,399,0.0
442,476,0.0
442,264,0.0
442,200,0.0
442,189,0.0
442,362,0.0
442,17,0.0
442,16,0.0
442,310,0.0
431,119,0.0
431,399,0.0
431,476,0.0
431,264,0.0
431,200,0.0
431,189,0.0
431,362,0.0
431,17,0.0
431,16,0.0
431,310,0.0
419,119,0.0
419,20,0.0
419,399,0.0
419,476,0.0
419,264,0.0
419,200,0.0
419,189,0.0
419,362,0.0
419,17,0.0
419,16,0.0
441,399,10.078624888555828
441,79,6.0847910184274845
441,287,5.252964823978299
441,94,4.367568273715648
441,119,3.8895493512856305
441,255,3.219475553241595
441,352,2.961231933480078
441,200,2.259749216844318
441,89,2.0
441,189,1.738138764741441
414,119,0.0
414,20,0.0
414,399,0.0
414,476,0.0
414,264,0.0
414,200,0.0
414,362,0.0
414,17,0.0
414,16,0.0
414,310,0.0
410,119,0.0
410,20,0.0
410,399,0.0
410,476,0.0
410,264,0.0
410,200,0.0
410,189,0.0
410,362,0.0
410,17,0.0
410,16,0.0
423,119,0.0
423,20,0.0
423,399,0.0
423,476,0.0
423,264,0.0
423,200,0.0
423,189,0.0
423,362,0.0
423,17,0.0
423,16,0.0
418,119,0.0
418,20,0.0
418,399,0.0
418,476,0.0
418,264,0.0
418,189,0.0
418,362,0.0
418,17,0.0
418,16,0.0
418,310,0.0
412,119,0.0
412,20,0.0
412,399,0.0
412,476,0.0
412,200,0.0
412,189,0.0
412,362,0.0
412,17,0.0
412,16,0.0
412,310,0.0
428,119,0.0
428,20,0.0
428,399,0.0
428,476,0.0
428,200,0.0
428,189,0.0
428,362,0.0
428,17,0.0
428,16,0.0
428,310,0.0
437,119,0.0
437,20,0.0
437,399,0.0
437,476,0.0
437,264,0.0
437,200,0.0
437,189,0.0
437,362,0.0
437,17,0.0
437,16,0.0
434,20,0.0
434,399,0.0
434,476,0.0
434,264,0.0
434,200,0.0
434,189,0.0
434,362,0.0
434,17,0.0
434,16,0.0
434,310,0.0
413,119,0.0
413,20,0.0
413,399,0.0
413,476,0.0
413,200,0.0
413,189,0.0
413,362,0.0
413,17,0.0
413,16,0.0
413,310,0.0
44,79,7.380839330182001
44,362,3.725613908340411
44,78,1.9778787050478939
44,89,1.7130788620535853
44,400,1.0
44,416,0.42680433033852794
44,284,0.3165209713955601
44,19,0.1936907738020293
44,190,0.1936907738020293
44,125,0.1936907738020293
57,287,12.388382345899812
57,79,11.624237183453118
57,310,9.518946149586052
57,255,8.565185902777596
57,362,7.823629193986179
57,16,6.92885980792081
57,352,5.980654713983517
57,59,4.628800992623888
57,78,2.5762094207308355
57,134,2.210238257322775
38,399,17.69389471450891
38,310,9.992344242806862
38,16,9.361141923729662
38,255,5.918113324182479
38,79,5.856802144141554
38,287,5.089640488323768
38,59,3.1241032544054477
38,78,3.119424704838763
38,134,2.010980295104152
38,352,1.1012330374882109
45,20,30.816455972191527
45,94,16.09376112487541
45,310,8.425032408018804
45,352,8.241599674196298
45,189,7.591272497194723
45,16,7.382501213300789
45,362,6.078813394337425
45,89,4.943137686399012
45,59,3.5657238504841873
45,78,3.0351037250583905
28,119,0.0
28,399,0.0
28,476,0.0
28,264,0.0
28,200,0.0
28,189,0.0
28,362,0.0
28,17,0.0
28,16,0.0
28,310,0.0
61,399,17.430696966737408
61,189,8.69169033212098
61,78,2.6920428202389255
61,134,2.4587104174932963
61,89,0.9147314878216654
61,476,0.3547608558684765
61,824,0.29854573701584525
61,190,0.2916363801497035
61,125,0.2916363801497035
61,19,0.2916363801497035
36,119,12.265072459780132
36,200,10.981330829437484
36,264,9.937484485800178
36,362,7.511286274349847
36,189,7.265072459780132
36,255,5.937484485800179
36,79,5.899956670027246
36,287,5.265072459780132
36,310,5.265072459780132
36,399,3.9374844858001783
54,119,0.0
54,399,0.0
54,476,0.0
54,264,0.0
54,200,0.0
54,189,0.0
54,362,0.0
54,17,0.0
54,16,0.0
54,310,0.0
47,20,0.0
47,399,0.0
47,476,0.0
47,264,0.0
47,200,0.0
47,189,0.0
47,362,0.0
47,17,0.0
47,16,0.0
47,310,0.0
29,119,0.0
29,20,0.0
29,399,0.0
29,476,0.0
29,264,0.0
29,200,0.0
29,189,0.0
29,362,0.0
29,17,0.0
29,16,0.0
26,119,0.0
26,20,0.0
26,399,0.0
26,476,0.0
26,264,0.0
26,200,0.0
26,189,0.0
26,362,0.0
26,17,0.0
26,16,0.0
33,79,10.65426995331428
33,94,6.537499243309767
33,189,6.396531665579731
33,352,5.4076842243754575
33,362,4.975812296935047
33,16,4.638791243205667
33,310,4.337737137098005
33,59,3.92767741410147
33,255,2.1852936070698847
33,78,1.7141283426327467
46,824,1.0
46,416,0.0
46,89,0.0
46,400,0.0
46,284,0.0
46,17,0.0
46,476,0.0
46,415,0.0
46,190,-1.0
46,125,-1.0
21,200,10.421058821100287
21,352,7.507503032880718
21,287,6.162941622939604
21,94,4.800765512728356
21,310,3.6815077532192824
21,78,2.7624233765825297
21,89,2.31868494074423
21,362,1.6717251551229024
21,22,0.7580433258095114
21,284,0.720576692122892
48,119,0.0
48,20,0.0
48,476,0.0
48,264,0.0
48,200,0.0
48,189,0.0
48,362,0.0
48,17,0.0
48,16,0.0
48,310,0.0
7,20,0.0
7,399,0.0
7,476,0.0
7,264,0.0
7,200,0.0
7,189,0.0
7,362,0.0
7,17,0.0
7,16,0.0
7,310,0.0
53,119,0.0
53,20,0.0
53,399,0.0
53,476,0.0
53,264,0.0
53,189,0.0
53,362,0.0
53,17,0.0
53,16,0.0
53,310,0.0
8,119,0.0
8,399,0.0
8,476,0.0
8,264,0.0
8,200,0.0
8,189,0.0
8,362,0.0
8,17,0.0
8,16,0.0
8,310,0.0
25,119,0.0
25,399,0.0
25,476,0.0
25,264,0.0
25,200,0.0
25,189,0.0
25,362,0.0
25,17,0.0
25,16,0.0
25,310,0.0
35,16,4.23051307023956
35,59,3.7010723174691753
35,78,3.418347415227752
35,476,0.7549525257238806
35,89,0.6582449779814316
35,824,0.6575699724370689
35,416,0.5874488621260653
35,284,0.5760757891690844
35,415,0.14505007130237518
35,77,0.09384141681405786
19,20,0.0
19,399,0.0
19,476,0.0
19,264,0.0
19,200,0.0
19,189,0.0
19,362,0.0
19,17,0.0
19,16,0.0
19,310,0.0
69,119,0.0
69,20,0.0
69,399,0.0
69,476,0.0
69,200,0.0
69,189,0.0
69,362,0.0
69,17,0.0
69,16,0.0
69,310,0.0
20,352,2.133974596215561
20,125,0.9999999999999999
20,190,0.9999999999999999
20,19,0.9999999999999999
20,415,0.49999999999999994
20,78,1.1102230246251565E-16
20,416,0.0
20,284,0.0
20,89,0.0
20,17,0.0
23,119,0.0
23,20,0.0
23,476,0.0
23,264,0.0
23,200,0.0
23,189,0.0
23,362,0.0
23,17,0.0
23,16,0.0
23,310,0.0
56,119,0.0
56,20,0.0
56,476,0.0
56,264,0.0
56,200,0.0
56,189,0.0
56,362,0.0
56,17,0.0
56,16,0.0
56,310,0.0
14,119,0.0
14,399,0.0
14,476,0.0
14,264,0.0
14,200,0.0
14,189,0.0
14,362,0.0
14,17,0.0
14,16,0.0
14,310,0.0
37,119,0.0
37,20,0.0
37,399,0.0
37,476,0.0
37,200,0.0
37,189,0.0
37,362,0.0
37,17,0.0
37,16,0.0
37,310,0.0
34,119,0.0
34,20,0.0
34,399,0.0
34,476,0.0
34,264,0.0
34,200,0.0
34,189,0.0
34,362,0.0
34,17,0.0
34,16,0.0
58,119,0.0
58,399,0.0
58,476,0.0
58,264,0.0
58,200,0.0
58,189,0.0
58,362,0.0
58,17,0.0
58,16,0.0
58,310,0.0
4,20,6.999999999999998
4,94,4.0
4,189,3.0
4,79,3.0
4,362,3.0
4,119,3.0
4,78,3.0
4,310,2.0
4,200,2.0
4,287,1.0
24,119,0.0
24,20,0.0
24,399,0.0
24,476,0.0
24,200,0.0
24,189,0.0
24,362,0.0
24,17,0.0
24,16,0.0
24,310,0.0
70,119,0.0
70,20,0.0
70,399,0.0
70,476,0.0
70,264,0.0
70,200,0.0
70,189,0.0
70,362,0.0
70,17,0.0
70,16,0.0
40,119,0.0
40,20,0.0
40,399,0.0
40,476,0.0
40,264,0.0
40,200,0.0
40,189,0.0
40,362,0.0
40,17,0.0
40,16,0.0
6,119,0.0
6,20,0.0
6,399,0.0
6,476,0.0
6,200,0.0
6,189,0.0
6,362,0.0
6,17,0.0
6,16,0.0
6,310,0.0
39,119,0.0
39,20,0.0
39,476,0.0
39,264,0.0
39,200,0.0
39,189,0.0
39,362,0.0
39,17,0.0
39,16,0.0
39,310,0.0
41,119,0.0
41,20,0.0
41,399,0.0
41,476,0.0
41,264,0.0
41,200,0.0
41,362,0.0
41,17,0.0
41,16,0.0
41,310,0.0
66,94,14.458128535142603
66,287,13.557821828460792
66,399,12.953351558185446
66,79,11.02030508469166
66,310,6.746274903950527
66,352,4.222298511408726
66,16,3.5202178076202397
66,59,2.4825101333842197
66,362,2.2195374046408993
66,78,2.013530921953476
17,264,12.441417250523866
17,399,11.504880343677092
17,119,10.530030939898825
17,20,10.015163519224062
17,94,8.959819515754424
17,287,7.975737893163844
17,189,6.41092326558162
17,362,4.143990637075587
17,16,3.748437095609487
17,134,3.003313726094132
43,119,0.0
43,20,0.0
43,399,0.0
43,476,0.0
43,264,0.0
43,200,0.0
43,189,0.0
43,362,0.0
43,17,0.0
43,16,0.0
11,119,0.0
11,20,0.0
11,399,0.0
11,476,0.0
11,264,0.0
11,200,0.0
11,189,0.0
11,362,0.0
11,17,0.0
11,16,0.0
10,79,15.764068248133505
10,94,12.057375702975374
10,352,5.982733135925605
10,16,5.839606944907414
10,255,4.176641787571858
10,362,3.547419015378288
10,89,2.5398038215796297
10,78,1.7934614824951984
10,22,1.5431664505079792
10,134,1.1769481751320872
12,119,0.0
12,20,0.0
12,399,0.0
12,476,0.0
12,264,0.0
12,200,0.0
12,189,0.0
12,362,0.0
12,17,0.0
12,16,0.0
16,119,0.0
16,20,0.0
16,399,0.0
16,476,0.0
16,264,0.0
16,189,0.0
16,362,0.0
16,17,0.0
16,16,0.0
16,310,0.0
64,119,0.0
64,20,0.0
64,399,0.0
64,476,0.0
64,264,0.0
64,200,0.0
64,189,0.0
64,362,0.0
64,17,0.0
64,310,0.0
30,119,0.0
30,399,0.0
30,476,0.0
30,264,0.0
30,200,0.0
30,189,0.0
30,362,0.0
30,17,0.0
30,16,0.0
30,310,0.0
32,119,0.0
32,20,0.0
32,399,0.0
32,476,0.0
32,200,0.0
32,189,0.0
32,362,0.0
32,17,0.0
32,16,0.0
32,310,0.0
68,119,0.0
68,20,0.0
68,399,0.0
68,476,0.0
68,264,0.0
68,200,0.0
68,189,0.0
68,362,0.0
68,17,0.0
68,16,0.0
9,119,3.999999999999999
9,20,3.999999999999999
9,94,2.9999999999999996
9,189,2.9999999999999996
9,310,2.9999999999999996
9,287,2.9999999999999996
9,59,1.9999999999999998
9,399,1.9999999999999996
9,264,1.9999999999999996
9,362,1.9999999999999996
27,119,0.0
27,399,0.0
27,476,0.0
27,264,0.0
27,200,0.0
27,189,0.0
27,362,0.0
27,17,0.0
27,16,0.0
27,310,0.0
50,119,0.0
50,20,0.0
50,399,0.0
50,476,0.0
50,264,0.0
50,200,0.0
50,189,0.0
50,362,0.0
50,17,0.0
50,16,0.0
31,119,0.0
31,20,0.0
31,399,0.0
31,476,0.0
31,264,0.0
31,200,0.0
31,189,0.0
31,362,0.0
31,17,0.0
31,16,0.0
2,119,0.0
2,20,0.0
2,399,0.0
2,476,0.0
2,264,0.0
2,200,0.0
2,189,0.0
2,362,0.0
2,17,0.0
2,16,0.0
42,119,0.0
42,20,0.0
42,399,0.0
42,476,0.0
42,200,0.0
42,189,0.0
42,362,0.0
42,17,0.0
42,16,0.0
42,310,0.0
49,119,0.0
49,20,0.0
49,399,0.0
49,476,0.0
49,264,0.0
49,200,0.0
49,189,0.0
49,362,0.0
49,17,0.0
49,16,0.0
51,119,0.0
51,20,0.0
51,399,0.0
51,476,0.0
51,264,0.0
51,200,0.0
51,189,0.0
51,362,0.0
51,17,0.0
51,16,0.0
15,20,0.0
15,399,0.0
15,476,0.0
15,264,0.0
15,200,0.0
15,189,0.0
15,362,0.0
15,17,0.0
15,16,0.0
15,310,0.0
688,119,0.0
688,20,0.0
688,399,0.0
688,476,0.0
688,264,0.0
688,200,0.0
688,189,0.0
688,362,0.0
688,17,0.0
688,16,0.0
678,119,0.0
678,20,0.0
678,399,0.0
678,476,0.0
678,264,0.0
678,200,0.0
678,189,0.0
678,362,0.0
678,17,0.0
678,16,0.0
739,399,6.0
739,119,6.0
739,264,6.0
739,200,5.0
739,20,5.0
739,94,5.0
739,362,5.0
739,287,5.0
739,310,4.0
739,16,2.0
679,119,0.0
679,20,0.0
679,399,0.0
679,476,0.0
679,200,0.0
679,189,0.0
679,362,0.0
679,17,0.0
679,16,0.0
679,310,0.0
687,119,0.0
687,20,0.0
687,399,0.0
687,476,0.0
687,264,0.0
687,200,0.0
687,189,0.0
687,362,0.0
687,17,0.0
687,310,0.0
729,189,7.941138271179135
729,399,5.023213885872961
729,310,4.494993950350378
729,255,3.7689938932854368
729,78,3.4167778981246055
729,362,2.161965548854031
729,134,1.2846699057429563
729,16,0.9833651398825392
729,476,0.9726612898341501
729,284,0.7941781511679303
685,119,0.0
685,20,0.0
685,399,0.0
685,476,0.0
685,264,0.0
685,200,0.0
685,189,0.0
685,362,0.0
685,17,0.0
685,16,0.0
726,119,0.0
726,20,0.0
726,476,0.0
726,200,0.0
726,189,0.0
726,362,0.0
726,17,0.0
726,16,0.0
726,310,0.0
726,59,0.0
750,189,9.941549990215151
750,94,6.348444914204473
750,362,3.3370625270832894
750,79,2.7887653099005334
750,287,2.069511583458155
750,284,0.7639990209884606
750,134,0.7580957954037193
750,824,0.5569049568824627
750,416,0.5373726052529993
750,476,0.47348603491447183
691,287,3.5533783909349124
691,119,3.5533783909349124
691,79,2.588536844889444
691,264,2.5533783909349124
691,22,2.5533783909349124
691,189,1.9648415460454682
691,134,1.9648415460454682
691,362,1.5885368448894441
691,310,1.5533783909349124
691,200,1.5533783909349121
712,20,0.0
712,399,0.0
712,476,0.0
712,264,0.0
712,200,0.0
712,189,0.0
712,362,0.0
712,17,0.0
712,16,0.0
712,310,0.0
701,119,0.0
701,20,0.0
701,399,0.0
701,476,0.0
701,264,0.0
701,200,0.0
701,189,0.0
701,362,0.0
701,17,0.0
701,310,0.0
690,119,0.0
690,20,0.0
690,399,0.0
690,476,0.0
690,200,0.0
690,189,0.0
690,362,0.0
690,17,0.0
690,16,0.0
690,310,0.0
677,119,0.0
677,20,0.0
677,399,0.0
677,476,0.0
677,264,0.0
677,200,0.0
677,189,0.0
677,362,0.0
677,17,0.0
677,16,0.0
727,20,17.41804685380179
727,79,4.746433698411234
727,287,4.485117015111533
727,255,4.3353604835503265
727,362,3.759059072460631
727,134,2.877382055769675
727,59,2.2687127198917616
727,189,1.8268623567387379
727,352,1.4342803582857542
727,78,1.0634911831694016
699,119,0.0
699,20,0.0
699,399,0.0
699,476,0.0
699,200,0.0
699,189,0.0
699,362,0.0
699,17,0.0
699,16,0.0
699,310,0.0
707,264,15.598232924147641
707,119,10.598232924147643
707,399,8.55571353898159
707,79,7.573852411379686
707,352,6.996059326718708
707,310,6.17186500132178
707,287,6.041163068192272
707,189,4.998643683026218
707,94,3.0411630681922723
707,255,2.606403867654251
737,119,0.0
737,20,0.0
737,399,0.0
737,476,0.0
737,264,0.0
737,200,0.0
737,189,0.0
737,362,0.0
737,17,0.0
737,16,0.0
724,20,0.0
724,399,0.0
724,476,0.0
724,264,0.0
724,200,0.0
724,189,0.0
724,362,0.0
724,17,0.0
724,16,0.0
724,310,0.0
705,119,16.91632490655617
705,399,12.151708667152832
705,362,6.733909333096039
705,255,6.232045176986167
705,352,3.417357733115116
705,189,3.1821567158565487
705,16,2.576989509992546
705,416,0.9999999999999999
705,415,0.8838272832898268
705,824,0.8790493680306949
680,119,0.0
680,20,0.0
680,399,0.0
680,476,0.0
680,200,0.0
680,189,0.0
680,362,0.0
680,17,0.0
680,16,0.0
680,310,0.0
722,119,0.0
722,399,0.0
722,476,0.0
722,264,0.0
722,200,0.0
722,189,0.0
722,362,0.0
722,17,0.0
722,16,0.0
722,310,0.0
741,20,21.701793394322248
741,200,13.816414158689247
741,287,7.056067669825854
741,310,6.973856222258658
741,79,6.496830377446926
741,255,5.2094950863495475
741,362,4.813167794985245
741,78,4.222525427577566
741,59,3.035035978225565
741,352,2.234469388309377
719,119,0.0
719,20,0.0
719,399,0.0
719,476,0.0
719,264,0.0
719,200,0.0
719,189,0.0
719,362,0.0
719,17,0.0
719,16,0.0
752,20,0.0
752,399,0.0
752,476,0.0
752,264,0.0
752,200,0.0
752,189,0.0
752,362,0.0
752,17,0.0
752,16,0.0
752,310,0.0
714,399,24.668928429247604
714,119,24.36630501007967
714,287,14.050515042803593
714,362,9.233923556307012
714,189,8.31169717451526
714,16,7.924782941090788
714,22,4.059129573920667
714,89,3.782474136758695
714,134,2.6744841501090986
714,59,1.846310551937047
742,352,1.0102449218763212
742,77,0.6546536707079771
742,16,0.41208851524564616
742,19,0.34052420419664614
742,125,0.34052420419664614
742,190,0.34052420419664614
742,119,0.2393273604864843
742,476,0.19245008972987537
742,824,0.0
742,17,0.0
730,119,0.0
730,20,0.0
730,399,0.0
730,476,0.0
730,264,0.0
730,200,0.0
730,189,0.0
730,362,0.0
730,17,0.0
730,16,0.0
713,399,14.133123125079816
713,200,9.35607618869826
713,79,9.300155105686986
713,119,7.425126048374459
713,94,7.17742330422298
713,287,7.143796858467898
713,310,4.547022581734307
713,189,4.537979582257043
713,255,4.384331175976596
713,352,4.217402452643567
720,264,21.442515179618596
720,399,18.746455686984557
720,94,14.07805360480246
720,287,13.958279421910113
720,310,11.704199977329305
720,352,8.25453834940329
720,189,7.2728591435517576
720,16,7.153812304488065
720,22,6.988133860050516
720,255,6.046605579529501
693,119,0.0
693,399,0.0
693,476,0.0
693,264,0.0
693,200,0.0
693,189,0.0
693,362,0.0
693,17,0.0
693,16,0.0
693,310,0.0
695,20,9.844865247357502
695,200,7.978839843573063
695,310,7.091079061927218
695,399,6.225053658142777
695,264,5.225053658142777
695,94,5.091079061927218
695,16,4.344865247357502
695,189,3.844865247357503
695,79,2.8801884107852764
695,362,2.499999999999999
694,119,0.0
694,399,0.0
694,476,0.0
694,264,0.0
694,200,0.0
694,189,0.0
694,362,0.0
694,17,0.0
694,16,0.0
694,310,0.0
748,119,0.0
748,20,0.0
748,476,0.0
748,264,0.0
748,200,0.0
748,189,0.0
748,362,0.0
748,17,0.0
748,16,0.0
748,310,0.0
721,119,0.0
721,20,0.0
721,399,0.0
721,476,0.0
721,264,0.0
721,200,0.0
721,189,0.0
721,362,0.0
721,17,0.0
721,16,0.0
766,119,0.0
766,20,0.0
766,399,0.0
766,476,0.0
766,200,0.0
766,189,0.0
766,362,0.0
766,17,0.0
766,16,0.0
766,310,0.0
689,119,0.0
689,20,0.0
689,399,0.0
689,476,0.0
689,264,0.0
689,200,0.0
689,189,0.0
689,362,0.0
689,17,0.0
689,16,0.0
684,119,0.0
684,20,0.0
684,399,0.0
684,476,0.0
684,264,0.0
684,200,0.0
684,189,0.0
684,362,0.0
684,17,0.0
684,16,0.0
692,119,0.0
692,20,0.0
692,399,0.0
692,476,0.0
692,264,0.0
692,189,0.0
692,362,0.0
692,17,0.0
692,16,0.0
692,310,0.0
676,119,0.0
676,20,0.0
676,399,0.0
676,476,0.0
676,200,0.0
676,189,0.0
676,362,0.0
676,17,0.0
676,16,0.0
676,310,0.0
754,119,0.0
754,20,0.0
754,399,0.0
754,476,0.0
754,264,0.0
754,200,0.0
754,189,0.0
754,17,0.0
754,16,0.0
754,310,0.0
716,119,0.0
716,20,0.0
716,399,0.0
716,476,0.0
716,264,0.0
716,200,0.0
716,189,0.0
716,362,0.0
716,17,0.0
716,16,0.0
732,119,0.0
732,20,0.0
732,399,0.0
732,476,0.0
732,264,0.0
732,200,0.0
732,189,0.0
732,362,0.0
732,17,0.0
732,16,0.0
743,399,9.0
743,189,6.0
743,20,6.0
743,264,5.0
743,119,5.0
743,16,5.0
743,78,3.0
743,287,3.0
743,79,3.0
743,352,3.0
718,119,0.0
718,20,0.0
718,399,0.0
718,476,0.0
718,264,0.0
718,200,0.0
718,189,0.0
718,362,0.0
718,17,0.0
718,16,0.0
725,20,0.0
725,399,0.0
725,476,0.0
725,264,0.0
725,200,0.0
725,189,0.0
725,362,0.0
725,17,0.0
725,16,0.0
725,310,0.0
749,119,0.0
749,20,0.0
749,399,0.0
749,476,0.0
749,264,0.0
749,200,0.0
749,189,0.0
749,362,0.0
749,17,0.0
749,16,0.0
683,119,0.0
683,20,0.0
683,399,0.0
683,476,0.0
683,264,0.0
683,200,0.0
683,189,0.0
683,362,0.0
683,17,0.0
683,16,0.0
755,119,0.0
755,20,0.0
755,399,0.0
755,476,0.0
755,200,0.0
755,189,0.0
755,362,0.0
755,17,0.0
755,16,0.0
755,310,0.0
682,119,0.0
682,20,0.0
682,399,0.0
682,476,0.0
682,200,0.0
682,189,0.0
682,362,0.0
682,17,0.0
682,16,0.0
682,310,0.0
740,22,2.0
740,134,1.0
740,415,1.0
740,352,0.9999999999999997
740,16,0.0
740,89,0.0
740,416,0.0
740,476,0.0
740,17,0.0
740,77,0.0
733,119,0.0
733,20,0.0
733,399,0.0
733,476,0.0
733,264,0.0
733,200,0.0
733,189,0.0
733,362,0.0
733,17,0.0
733,16,0.0
709,119,0.0
709,20,0.0
709,399,0.0
709,476,0.0
709,264,0.0
709,200,0.0
709,189,0.0
709,362,0.0
709,17,0.0
709,16,0.0
702,119,0.0
702,20,0.0
702,399,0.0
702,476,0.0
702,264,0.0
702,200,0.0
702,362,0.0
702,17,0.0
702,16,0.0
702,310,0.0
708,264,11.0
708,399,7.0
708,200,6.0
708,119,5.0
708,287,4.0
708,352,4.0
708,94,3.0
708,16,2.0
708,310,1.9999999999999998
708,78,1.9999999999999998
711,119,0.0
711,20,0.0
711,399,0.0
711,476,0.0
711,264,0.0
711,200,0.0
711,189,0.0
711,362,0.0
711,17,0.0
711,16,0.0
765,119,0.0
765,20,0.0
765,399,0.0
765,476,0.0
765,264,0.0
765,200,0.0
765,189,0.0
765,362,0.0
765,17,0.0
765,16,0.0
723,119,0.0
723,20,0.0
723,399,0.0
723,476,0.0
723,264,0.0
723,200,0.0
723,189,0.0
723,362,0.0
723,17,0.0
723,16,0.0
731,119,0.0
731,20,0.0
731,399,0.0
731,476,0.0
731,264,0.0
731,200,0.0
731,189,0.0
731,17,0.0
731,16,0.0
731,310,0.0
703,416,1.0000000000000002
703,89,1.0
703,19,0.5759565431054138
703,190,0.5759565431054138
703,125,0.5759565431054138
703,17,0.0
703,400,0.0
703,415,-0.09357486023220551
703,284,-0.31677815735776665
703,824,-0.788241522568041
763,119,0.0
763,20,0.0
763,399,0.0
763,476,0.0
763,264,0.0
763,200,0.0
763,189,0.0
763,362,0.0
763,17,0.0
763,16,0.0
762,264,11.0
762,399,10.0
762,119,10.0
762,20,9.0
762,79,8.0
762,94,6.0
762,16,6.0
762,255,5.0
762,189,4.0
762,352,4.0
761,119,0.0
761,20,0.0
761,399,0.0
761,476,0.0
761,264,0.0
761,200,0.0
761,189,0.0
761,362,0.0
761,17,0.0
761,16,0.0
199,94,12.641097184521724
199,287,11.500125999865507
199,189,7.970270404395507
199,255,4.8364303604172
199,89,3.0442941195935367
199,22,2.817480916504394
199,59,2.2352991881618056
199,284,0.8530095969945763
199,824,0.8238430372744948
199,416,0.5919264022152316
206,119,0.0
206,20,0.0
206,399,0.0
206,476,0.0
206,264,0.0
206,200,0.0
206,189,0.0
206,362,0.0
206,17,0.0
206,16,0.0
103,119,0.0
103,20,0.0
103,399,0.0
103,476,0.0
103,264,0.0
103,200,0.0
103,189,0.0
103,362,0.0
103,17,0.0
103,16,0.0
286,399,16.97393918165074
286,310,14.877651526193398
286,20,13.99436275124106
286,119,13.672636549604096
286,287,11.039523465288816
286,352,10.643608550476422
286,94,9.998324627308403
286,22,8.934983079093891
286,16,8.93274034367033
286,255,7.629718570979904
145,119,0.0
145,20,0.0
145,476,0.0
145,264,0.0
145,200,0.0
145,189,0.0
145,362,0.0
145,17,0.0
145,16,0.0
145,310,0.0
345,119,0.0
345,20,0.0
345,399,0.0
345,476,0.0
345,264,0.0
345,200,0.0
345,189,0.0
345,362,0.0
345,17,0.0
345,16,0.0
282,119,0.0
282,20,0.0
282,399,0.0
282,476,0.0
282,264,0.0
282,200,0.0
282,189,0.0
282,362,0.0
282,17,0.0
282,16,0.0
143,119,0.0
143,399,0.0
143,476,0.0
143,264,0.0
143,200,0.0
143,189,0.0
143,362,0.0
143,17,0.0
143,16,0.0
143,310,0.0
160,119,0.0
160,20,0.0
160,399,0.0
160,476,0.0
160,264,0.0
160,200,0.0
160,189,0.0
160,362,0.0
160,17,0.0
160,16,0.0
381,119,0.0
381,20,0.0
381,399,0.0
381,476,0.0
381,264,0.0
381,200,0.0
381,189,0.0
381,362,0.0
381,17,0.0
381,16,0.0
335,20,20.302216737913923
335,200,7.912876706152218
335,78,3.085515100701453
335,189,2.6072315796700956
335,362,2.123747546209402
335,284,0.5202131872688981
335,824,0.37262261650432144
335,134,0.2574632808694035
335,476,0.06450789714763432
335,415,0.025122936125766607
398,119,0.0
398,20,0.0
398,476,0.0
398,264,0.0
398,200,0.0
398,189,0.0
398,362,0.0
398,17,0.0
398,16,0.0
398,310,0.0
375,119,0.0
375,20,0.0
375,399,0.0
375,476,0.0
375,200,0.0
375,189,0.0
375,362,0.0
375,17,0.0
375,16,0.0
375,310,0.0
91,310,1.9655110757539418
91,16,1.5121334908249109
91,59,1.4535536784553755
91,78,1.4487534747194748
91,362,1.2379841136907446
91,416,1.0
91,77,0.9999999999999999
91,22,0.484184040438679
91,189,0.20500113991016233
91,17,0.0
172,119,0.0
172,20,0.0
172,399,0.0
172,476,0.0
172,264,0.0
172,200,0.0
172,189,0.0
172,362,0.0
172,17,0.0
172,310,0.0
144,20,7.0
144,94,4.0
144,189,3.0
144,79,3.0
144,362,3.0
144,119,3.0
144,78,3.0
144,310,2.0
144,200,2.0
144,287,1.0
405,119,0.0
405,20,0.0
405,399,0.0
405,476,0.0
405,200,0.0
405,189,0.0
405,362,0.0
405,17,0.0
405,16,0.0
405,310,0.0
133,119,0.0
133,20,0.0
133,399,0.0
133,476,0.0
133,264,0.0
133,200,0.0
133,189,0.0
133,362,0.0
133,17,0.0
133,16,0.0
329,264,9.0
329,94,8.0
329,399,7.0
329,200,7.0
329,287,6.0
329,310,6.0
329,16,4.0
329,189,4.0
329,362,3.000000000000001
329,255,3.0
185,79,7.0
185,399,5.0
185,287,3.0
185,119,3.0
185,352,2.0
185,89,1.9999999999999998
185,415,1.0
185,200,1.0
185,362,1.0
185,94,1.0
283,399,3.180496407823134
283,287,3.1804964078231333
283,255,2.180496407823134
283,134,2.13080390419663
283,200,1.701529017485001
283,362,1.4432559715184539
283,264,1.1804964078231333
283,20,1.13080390419663
283,189,1.13080390419663
283,400,1.0
355,399,11.799356471202357
355,20,10.931020373652345
355,119,8.925775815933077
355,22,7.161102523938036
355,287,6.847362044041365
355,94,6.202351331994893
355,200,5.63446984846936
355,310,5.383495086387281
355,16,4.220324652893525
355,255,4.202351331994892
157,119,0.0
157,20,0.0
157,399,0.0
157,476,0.0
157,264,0.0
157,200,0.0
157,189,0.0
157,362,0.0
157,17,0.0
157,16,0.0
347,264,12.0
347,119,11.0
347,399,10.0
347,287,8.0
347,352,7.0
347,79,6.0
347,310,6.0
347,189,6.0
347,255,4.0
347,94,4.0
115,119,0.0
115,20,0.0
115,399,0.0
115,476,0.0
115,264,0.0
115,200,0.0
115,189,0.0
115,362,0.0
115,17,0.0
115,16,0.0
385,119,0.0
385,20,0.0
385,476,0.0
385,264,0.0
385,200,0.0
385,189,0.0
385,362,0.0
385,17,0.0
385,16,0.0
385,310,0.0
291,119,0.0
291,399,0.0
291,476,0.0
291,264,0.0
291,200,0.0
291,189,0.0
291,362,0.0
291,17,0.0
291,16,0.0
291,310,0.0
89,264,13.0
89,399,13.0
89,200,10.0
89,20,9.0
89,310,8.0
89,287,8.0
89,94,6.000000000000001
89,22,6.0
89,255,6.0
89,362,5.000000000000001
288,119,0.0
288,20,0.0
288,399,0.0
288,476,0.0
288,264,0.0
288,200,0.0
288,189,0.0
288,362,0.0
288,17,0.0
288,16,0.0
148,77,0.0
148,415,0.0
148,125,0.0
148,19,0.0
148,476,0.0
148,17,0.0
148,89,0.0
148,190,0.0
148,400,0.0
148,416,-1.0
182,79,1.9999999999999998
182,125,0.9999999999999999
182,190,0.9999999999999999
182,19,0.9999999999999999
182,16,0.9999999999999998
182,362,0.9999999999999998
182,17,0.0
182,416,0.0
182,284,0.0
182,78,0.0
237,119,0.0
237,20,0.0
237,399,0.0
237,476,0.0
237,264,0.0
237,189,0.0
237,362,0.0
237,17,0.0
237,16,0.0
237,310,0.0
153,399,0.0
153,476,0.0
153,264,0.0
153,200,0.0
153,189,0.0
153,362,0.0
153,17,0.0
153,16,0.0
153,310,0.0
153,59,0.0
359,119,0.0
359,20,0.0
359,476,0.0
359,264,0.0
359,200,0.0
359,189,0.0
359,362,0.0
359,17,0.0
359,16,0.0
359,310,0.0
255,119,0.0
255,20,0.0
255,399,0.0
255,476,0.0
255,200,0.0
255,189,0.0
255,362,0.0
255,17,0.0
255,16,0.0
255,310,0.0
147,119,0.0
147,20,0.0
147,399,0.0
147,476,0.0
147,264,0.0
147,200,0.0
147,189,0.0
147,362,0.0
147,17,0.0
147,16,0.0
198,94,8.177947953305418
198,310,6.986814153956702
198,264,5.822716642292672
198,255,1.76984329500408
198,89,1.7424814823052968
198,22,1.7001032892288417
198,77,0.9999999999999999
198,476,0.9465819989198951
198,189,0.9423976999120475
198,400,0.9358567275868335
131,119,0.0
131,20,0.0
131,399,0.0
131,476,0.0
131,264,0.0
131,200,0.0
131,189,0.0
131,362,0.0
131,17,0.0
131,16,0.0
280,119,0.0
280,20,0.0
280,476,0.0
280,264,0.0
280,200,0.0
280,189,0.0
280,362,0.0
280,17,0.0
280,16,0.0
280,310,0.0
219,119,0.0
219,399,0.0
219,476,0.0
219,264,0.0
219,200,0.0
219,189,0.0
219,362,0.0
219,17,0.0
219,16,0.0
219,310,0.0
92,119,5.416716084921166
92,79,3.915618031697548
92,255,2.4628568019889414
92,94,1.6431143462616875
92,362,1.6234662874945451
92,824,0.7549612290599271
92,190,0.7320865569682472
92,125,0.7320865569682472
92,19,0.7320865569682472
92,415,0.6437745350558737
391,20,0.0
391,399,0.0
391,476,0.0
391,264,0.0
391,200,0.0
391,189,0.0
391,362,0.0
391,17,0.0
391,16,0.0
391,310,0.0
366,20,17.81388717224225
366,200,10.389729616235428
366,94,9.316746539294451
366,119,8.617780341551555
366,352,7.486660073030211
366,310,6.093642154273947
366,189,5.521153632119959
366,362,5.489733042742207
366,89,3.81828342725053
366,255,3.7505962236178503
119,119,0.0
119,20,0.0
119,399,0.0
119,476,0.0
119,264,0.0
119,200,0.0
119,189,0.0
119,362,0.0
119,17,0.0
119,16,0.0
93,119,0.0
93,20,0.0
93,476,0.0
93,264,0.0
93,200,0.0
93,189,0.0
93,362,0.0
93,17,0.0
93,16,0.0
93,310,0.0
247,119,0.0
247,399,0.0
247,476,0.0
247,264,0.0
247,200,0.0
247,189,0.0
247,362,0.0
247,17,0.0
247,16,0.0
247,310,0.0
221,119,0.0
221,20,0.0
221,399,0.0
221,476,0.0
221,264,0.0
221,200,0.0
221,189,0.0
221,362,0.0
221,17,0.0
221,16,0.0
408,89,0.0
408,17,0.0
408,416,0.0
408,415,0.0
408,400,0.0
408,77,-0.9999999999999999
408,824,-1.0000000000000002
408,190,-1.0000000000000002
408,284,-1.0000000000000002
408,476,-1.0000000000000002
350,119,0.0
350,399,0.0
350,476,0.0
350,264,0.0
350,200,0.0
350,189,0.0
350,362,0.0
350,17,0.0
350,16,0.0
350,310,0.0
406,20,8.0
406,264,8.0
406,200,4.999999999999999
406,287,4.0
406,310,4.0
406,255,3.0
406,94,3.0
406,399,3.0
406,119,3.0
406,89,3.0
121,200,21.401376204161743
121,94,15.671211410944533
121,287,15.408585863569645
121,310,9.585781067251768
121,352,8.157264853556807
121,255,7.257221913952742
121,362,6.595854306662956
121,16,5.945763584323064
121,189,5.843157220375025
121,59,4.206100168058654
212,119,0.0
212,20,0.0
212,399,0.0
212,476,0.0
212,264,0.0
212,200,0.0
212,189,0.0
212,362,0.0
212,17,0.0
212,16,0.0
80,119,0.0
80,20,0.0
80,399,0.0
80,476,0.0
80,264,0.0
80,200,0.0
80,189,0.0
80,362,0.0
80,17,0.0
80,16,0.0
140,119,0.0
140,20,0.0
140,399,0.0
140,476,0.0
140,200,0.0
140,189,0.0
140,362,0.0
140,17,0.0
140,16,0.0
140,310,0.0
230,119,0.0
230,20,0.0
230,399,0.0
230,476,0.0
230,264,0.0
230,200,0.0
230,189,0.0
230,362,0.0
230,17,0.0
230,16,0.0
110,119,0.0
110,20,0.0
110,399,0.0
110,476,0.0
110,264,0.0
110,200,0.0
110,189,0.0
110,362,0.0
110,17,0.0
110,16,0.0
114,200,2.0
114,79,2.0
114,22,2.220446049250313E-16
114,17,0.0
114,399,0.0
114,287,0.0
114,284,0.0
114,189,0.0
114,476,0.0
114,416,0.0
111,79,3.0
111,119,2.0
111,264,2.0
111,89,1.0
111,284,0.0
111,78,0.0
111,287,0.0
111,17,0.0
111,20,0.0
111,476,0.0
86,119,5.053579584370903
86,189,2.9551749258150717
86,362,2.728736336754296
86,255,1.7840169315663803
86,134,1.2885765797032935
86,77,1.0000000000000002
86,19,1.0
86,125,1.0
86,824,1.0
86,190,1.0
203,79,8.189755406733225
203,399,8.031895214601729
203,287,6.998636526347946
203,94,6.531042358156958
203,352,4.098802660310254
203,362,3.663719878763572
203,189,2.941772613982895
203,59,2.032312317431163
203,16,1.3760364291834137
203,255,1.189088532665382
152,20,12.988394938952268
152,399,10.893022983683533
152,310,10.850626520732941
152,264,10.37842147759251
152,189,9.187484948805919
152,287,9.03884568403021
152,16,5.712323626266897
152,78,4.699069624283019
152,79,4.427854769588087
152,362,4.20803047543024
211,119,0.0
211,20,0.0
211,399,0.0
211,476,0.0
211,264,0.0
211,200,0.0
211,189,0.0
211,362,0.0
211,17,0.0
211,16,0.0
253,119,0.0
253,20,0.0
253,476,0.0
253,264,0.0
253,200,0.0
253,189,0.0
253,362,0.0
253,17,0.0
253,16,0.0
253,310,0.0
141,119,0.0
141,20,0.0
141,399,0.0
141,476,0.0
141,264,0.0
141,200,0.0
141,189,0.0
141,362,0.0
141,17,0.0
141,16,0.0
300,119,0.0
300,20,0.0
300,399,0.0
300,476,0.0
300,264,0.0
300,200,0.0
300,189,0.0
300,362,0.0
300,17,0.0
300,16,0.0
409,119,5.12949516046784
409,352,4.90016896454767
409,287,4.788677338511732
409,255,4.12949516046784
409,264,3.7886773385117305
409,16,2.9001689645476696
409,94,1.9155841455633542
409,59,1.9001689645476691
409,189,1.0154151810156837
409,190,1.0
407,119,0.0
407,20,0.0
407,399,0.0
407,476,0.0
407,264,0.0
407,200,0.0
407,189,0.0
407,362,0.0
407,17,0.0
407,16,0.0
372,119,0.0
372,20,0.0
372,399,0.0
372,476,0.0
372,264,0.0
372,189,0.0
372,362,0.0
372,17,0.0
372,16,0.0
372,310,0.0
174,119,0.0
174,20,0.0
174,399,0.0
174,476,0.0
174,264,0.0
174,200,0.0
174,189,0.0
174,362,0.0
174,17,0.0
174,16,0.0
336,20,0.0
336,399,0.0
336,476,0.0
336,264,0.0
336,200,0.0
336,189,0.0
336,362,0.0
336,17,0.0
336,16,0.0
336,310,0.0
387,200,14.927542373563778
387,399,12.521661004345471
387,287,12.338582052238856
387,94,11.29681861039847
387,79,7.697332790033466
387,189,5.802030770018276
387,310,4.959000449895524
387,362,4.93971981600796
387,255,4.777826277577952
387,16,4.076506394911365
175,119,0.0
175,20,0.0
175,399,0.0
175,476,0.0
175,264,0.0
175,200,0.0
175,189,0.0
175,362,0.0
175,17,0.0
175,16,0.0
88,119,0.0
88,20,0.0
88,399,0.0
88,476,0.0
88,264,0.0
88,189,0.0
88,362,0.0
88,17,0.0
88,16,0.0
88,310,0.0
107,119,0.0
107,20,0.0
107,399,0.0
107,476,0.0
107,264,0.0
107,200,0.0
107,189,0.0
107,362,0.0
107,17,0.0
107,16,0.0
281,362,2.2500446648209946
281,287,1.2198580988505616
281,399,1.029118229814349
281,824,1.0
281,415,0.9999999999999999
281,119,0.6709563291128631
281,125,0.5754216891196623
281,190,0.5754216891196623
281,19,0.5754216891196623
281,200,0.3550743071768012
97,22,5.164234679817424
97,352,3.2158723700733516
97,59,1.6861818843891196
97,134,0.8138022271133218
97,77,0.6263156113036417
97,89,0.5232527961584496
97,255,0.48020754174387803
97,284,0.25854448965873117
97,400,0.24621381456971483
97,416,0.07174711338949169
179,399,7.3004704665768365
179,189,6.550092823137954
179,119,6.337669616313599
179,264,5.877312416050206
179,362,5.584938331043681
179,79,4.400991596225863
179,16,4.006237923678968
179,287,4.00075876856857
179,310,2.7080968977127977
179,59,1.0693625020991155
404,20,7.0
404,94,4.0
404,189,3.0
404,79,3.0
404,362,3.0
404,119,3.0
404,78,3.0
404,310,1.9999999999999998
404,200,1.9999999999999998
404,824,1.0000000000000002
267,119,0.0
267,20,0.0
267,399,0.0
267,476,0.0
267,200,0.0
267,189,0.0
267,362,0.0
267,17,0.0
267,16,0.0
267,310,0.0
270,119,0.0
270,20,0.0
270,399,0.0
270,476,0.0
270,264,0.0
270,200,0.0
270,189,0.0
270,362,0.0
270,17,0.0
270,16,0.0
229,352,4.0
229,94,3.0
229,310,1.9999999999999998
229,20,1.0000000000000007
229,125,1.0000000000000002
229,19,1.0000000000000002
229,78,1.0000000000000002
229,190,1.0000000000000002
229,77,1.0000000000000002
229,59,1.0
252,119,0.0
252,476,0.0
252,264,0.0
252,200,0.0
252,189,0.0
252,362,0.0
252,17,0.0
252,16,0.0
252,310,0.0
252,59,0.0
163,310,5.0
163,264,4.0
163,119,4.0
163,94,3.0
163,255,2.999999999999999
163,20,1.9999999999999998
163,16,1.9999999999999998
163,22,1.9999999999999996
163,399,1.9999999999999996
163,134,0.9999999999999999
321,119,0.0
321,399,0.0
321,476,0.0
321,264,0.0
321,200,0.0
321,189,0.0
321,362,0.0
321,17,0.0
321,16,0.0
321,310,0.0
210,119,0.0
210,20,0.0
210,399,0.0
210,476,0.0
210,264,0.0
210,200,0.0
210,189,0.0
210,362,0.0
210,17,0.0
210,16,0.0
176,119,0.0
176,20,0.0
176,399,0.0
176,476,0.0
176,264,0.0
176,200,0.0
176,189,0.0
176,362,0.0
176,17,0.0
176,16,0.0
194,119,0.0
194,20,0.0
194,399,0.0
194,476,0.0
194,200,0.0
194,189,0.0
194,362,0.0
194,17,0.0
194,16,0.0
194,310,0.0
171,119,0.0
171,20,0.0
171,399,0.0
171,476,0.0
171,200,0.0
171,189,0.0
171,362,0.0
171,17,0.0
171,16,0.0
171,310,0.0
166,119,0.0
166,20,0.0
166,476,0.0
166,264,0.0
166,200,0.0
166,189,0.0
166,362,0.0
166,17,0.0
166,16,0.0
166,310,0.0
277,200,6.0
277,20,5.0
277,59,3.0
277,16,3.0
277,310,3.0
277,119,3.0
277,362,3.0
277,264,3.0
277,189,2.0
277,94,2.0
218,119,0.0
218,20,0.0
218,399,0.0
218,476,0.0
218,264,0.0
218,200,0.0
218,189,0.0
218,362,0.0
218,17,0.0
218,16,0.0
402,190,1.0
402,125,1.0
402,19,1.0
402,284,0.0
402,17,0.0
402,89,0.0
402,476,0.0
402,416,0.0
402,415,0.0
402,78,0.0
360,94,7.576702340160377
360,287,3.8261694315812864
360,200,3.7876840448624183
360,16,2.735942450323524
360,22,1.9582572066912693
360,310,1.5737809971657502
360,134,0.8000359032459176
360,255,0.1533176203448412
360,476,0.0
360,17,0.0
365,399,20.402302481279904
365,264,20.262291006193983
365,20,17.931942599393366
365,94,14.1258118728027
365,189,11.15680260624165
365,287,10.48210695952291
365,255,7.943041288387109
365,22,5.366396512573352
365,362,3.682076595382939
365,352,3.248833933311807
362,119,8.0
362,264,8.0
362,287,6.0
362,200,6.0
362,255,6.0
362,362,5.0
362,79,5.0
362,20,5.0
362,399,5.0
362,189,4.0
363,119,0.0
363,20,0.0
363,399,0.0
363,476,0.0
363,264,0.0
363,200,0.0
363,189,0.0
363,362,0.0
363,17,0.0
363,16,0.0
196,20,0.0
196,399,0.0
196,476,0.0
196,264,0.0
196,200,0.0
196,189,0.0
196,362,0.0
196,17,0.0
196,16,0.0
196,310,0.0
388,20,0.0
388,399,0.0
388,476,0.0
388,264,0.0
388,200,0.0
388,189,0.0
388,362,0.0
388,17,0.0
388,16,0.0
388,310,0.0
390,79,7.0
390,399,5.0
390,287,3.0
390,119,3.0
390,352,2.0
390,89,2.0
390,415,1.0
390,94,1.0
390,362,1.0
390,200,1.0
223,20,0.0
223,399,0.0
223,476,0.0
223,264,0.0
223,200,0.0
223,189,0.0
223,362,0.0
223,17,0.0
223,16,0.0
223,310,0.0
301,119,0.0
301,20,0.0
301,399,0.0
301,476,0.0
301,264,0.0
301,200,0.0
301,189,0.0
301,362,0.0
301,17,0.0
301,16,0.0
73,119,0.0
73,20,0.0
73,476,0.0
73,264,0.0
73,200,0.0
73,189,0.0
73,362,0.0
73,17,0.0
73,16,0.0
73,310,0.0
315,22,2.856722811457165
315,134,1.3152904581442608
315,415,0.5328015870724007
315,476,0.4019584124786419
315,59,0.05228806431869848
315,17,0.0
315,400,0.0
315,89,-0.20680219831487934
315,77,-0.3867045711857491
315,284,-0.47145934530135764
306,310,9.15410376442489
306,20,8.746155792216122
306,255,8.0
306,119,7.407947972208769
306,189,7.154103764424891
306,200,6.407947972208769
306,399,6.154103764424891
306,264,6.154103764424891
306,22,6.0
306,79,5.154103764424891
312,310,5.762125220445088
312,200,4.245532835214588
312,78,4.000000000000001
312,189,3.7034611014530983
312,119,3.5343962137788596
312,399,3.0773767466926945
312,20,2.4992522944230355
312,79,2.0683156836079633
312,362,1.274464105916923
312,284,1.0000000000000002
309,200,1.1562237077711222
309,125,0.9999999999999998
309,190,0.9999999999999998
309,19,0.9999999999999998
309,415,0.9966158955401239
309,89,0.8610104050970009
309,255,0.27067359036122474
309,79,0.2572530675320994
309,352,0.19128891720971386
309,17,0.0
279,119,18.627907924369598
279,399,18.161636819877085
279,200,12.516593916513692
279,94,10.204576050627145
279,310,4.869381322356601
279,255,4.398109400320884
279,89,4.170545522954795
279,362,4.163639232664273
279,189,3.9650312087607826
279,22,2.910975076352025
358,264,4.000000000000001
358,399,3.0000000000000004
358,352,3.0000000000000004
358,20,2.0000000000000004
358,22,2.0
358,287,2.0
358,255,1.0
358,94,1.0
358,119,1.0
358,310,1.0
233,119,0.0
233,20,0.0
233,399,0.0
233,476,0.0
233,200,0.0
233,189,0.0
233,362,0.0
233,17,0.0
233,16,0.0
233,310,0.0
348,119,0.0
348,20,0.0
348,399,0.0
348,476,0.0
348,200,0.0
348,189,0.0
348,362,0.0
348,17,0.0
348,16,0.0
348,310,0.0
227,119,0.0
227,20,0.0
227,399,0.0
227,476,0.0
227,264,0.0
227,200,0.0
227,189,0.0
227,362,0.0
227,17,0.0
227,16,0.0
273,20,13.527627591533978
273,119,11.746360029359632
273,399,10.561185743915463
273,287,9.901959821356826
273,264,9.746360029359632
273,189,9.716785535912656
273,362,8.002301654621364
273,79,7.004418630242606
273,310,6.746360029359632
273,255,6.082715476558388
162,200,2.0
162,79,1.9999999999999991
162,287,0.0
162,78,0.0
162,189,0.0
162,17,0.0
162,399,0.0
162,476,0.0
162,16,0.0
162,284,0.0
106,399,8.344215111254469
106,189,5.75774773946681
106,94,4.986475161386671
106,16,4.852452680381369
106,22,4.307441389541044
106,134,2.6363512889733043
106,59,0.9970594627673772
106,352,0.8553933325151001
106,476,0.5084998313913446
106,78,0.48977603885531984
169,119,0.0
169,20,0.0
169,476,0.0
169,264,0.0
169,200,0.0
169,189,0.0
169,362,0.0
169,17,0.0
169,16,0.0
169,310,0.0
302,20,0.0
302,399,0.0
302,476,0.0
302,264,0.0
302,200,0.0
302,189,0.0
302,362,0.0
302,17,0.0
302,16,0.0
302,310,0.0
310,119,0.0
310,20,0.0
310,399,0.0
310,476,0.0
310,264,0.0
310,200,0.0
310,189,0.0
310,362,0.0
310,17,0.0
310,16,0.0
298,119,0.0
298,20,0.0
298,399,0.0
298,476,0.0
298,264,0.0
298,200,0.0
298,189,0.0
298,362,0.0
298,17,0.0
298,16,0.0
274,119,0.0
274,20,0.0
274,399,0.0
274,476,0.0
274,264,0.0
274,200,0.0
274,189,0.0
274,362,0.0
274,17,0.0
274,16,0.0
340,22,9.898876658424548
340,352,6.84090148543608
340,310,4.7550116231646555
340,287,4.46130084317751
340,255,3.227218938890079
340,399,3.062972383031415
340,134,2.7537861854302843
340,89,1.9590286343729453
340,362,1.3259384337040698
340,16,1.288410617931138
246,134,1.9994093524623784
246,476,1.0
246,415,0.23060158017088742
246,362,0.033962077420535586
246,416,0.0
246,17,0.0
246,89,-0.5241984976251404
246,190,-0.5664290680368047
246,125,-0.5664290680368047
246,19,-0.5664290680368047
342,119,0.0
342,399,0.0
342,476,0.0
342,264,0.0
342,200,0.0
342,189,0.0
342,362,0.0
342,17,0.0
342,16,0.0
342,310,0.0
292,16,1.0
292,476,0.0
292,77,0.0
292,416,0.0
292,17,0.0
292,400,0.0
292,59,-1.1102230246251565E-16
292,125,-0.9999999999999998
292,190,-0.9999999999999998
292,19,-0.9999999999999998
135,119,0.0
135,399,0.0
135,476,0.0
135,200,0.0
135,189,0.0
135,362,0.0
135,17,0.0
135,16,0.0
135,310,0.0
135,59,0.0
214,264,9.0
214,94,8.0
214,399,7.0
214,200,7.0
214,287,6.0
214,310,6.0
214,16,4.0
214,189,4.0
214,362,3.0
214,255,3.0
192,399,11.5841576476477
192,119,10.224527261174792
192,79,7.529899444540749
192,362,5.452590388219116
192,200,5.010867578215112
192,94,4.795487854760738
192,189,4.532260073804367
192,310,3.078225416526017
192,352,2.4032686717569227
192,134,1.3065842087108126
278,264,18.687330432518653
278,399,12.847778912539482
278,119,11.13982930460665
278,16,7.345616579817429
278,94,6.793556652585092
278,189,5.170785381847411
278,362,4.664564746883711
278,78,2.2245015196267177
278,22,2.1248787311176596
278,59,2.03684173517326
319,399,11.0
319,20,11.0
319,119,10.0
319,310,8.0
319,352,8.0
319,287,7.0
319,200,7.0
319,22,7.0
319,94,6.0
319,255,6.0
186,255,3.0
186,352,2.0
186,22,2.0
186,20,1.9999999999999998
186,264,1.9999999999999998
186,125,1.0
186,190,1.0
186,19,1.0
186,415,0.9999999999999999
186,79,0.9999999999999998
234,119,0.0
234,20,0.0
234,399,0.0
234,476,0.0
234,264,0.0
234,200,0.0
234,189,0.0
234,362,0.0
234,17,0.0
234,16,0.0
330,119,0.0
330,20,0.0
330,399,0.0
330,476,0.0
330,264,0.0
330,200,0.0
330,189,0.0
330,362,0.0
330,17,0.0
330,16,0.0
378,119,0.0
378,20,0.0
378,399,0.0
378,476,0.0
378,264,0.0
378,200,0.0
378,189,0.0
378,362,0.0
378,17,0.0
378,16,0.0
394,119,0.0
394,20,0.0
394,399,0.0
394,476,0.0
394,264,0.0
394,200,0.0
394,189,0.0
394,362,0.0
394,17,0.0
394,16,0.0
295,119,0.0
295,20,0.0
295,399,0.0
295,476,0.0
295,264,0.0
295,200,0.0
295,189,0.0
295,362,0.0
295,17,0.0
295,16,0.0
241,119,0.0
241,20,0.0
241,476,0.0
241,264,0.0
241,200,0.0
241,189,0.0
241,362,0.0
241,17,0.0
241,16,0.0
241,310,0.0
132,119,0.0
132,20,0.0
132,476,0.0
132,264,0.0
132,200,0.0
132,189,0.0
132,362,0.0
132,17,0.0
132,16,0.0
132,310,0.0
222,119,0.0
222,20,0.0
222,399,0.0
222,476,0.0
222,264,0.0
222,200,0.0
222,189,0.0
222,362,0.0
222,17,0.0
222,310,0.0
224,119,0.0
224,20,0.0
224,399,0.0
224,476,0.0
224,264,0.0
224,200,0.0
224,189,0.0
224,362,0.0
224,17,0.0
224,310,0.0
303,119,0.0
303,20,0.0
303,399,0.0
303,476,0.0
303,200,0.0
303,189,0.0
303,362,0.0
303,17,0.0
303,16,0.0
303,310,0.0
217,20,0.0
217,399,0.0
217,476,0.0
217,264,0.0
217,200,0.0
217,189,0.0
217,362,0.0
217,17,0.0
217,16,0.0
217,310,0.0
293,119,0.0
293,20,0.0
293,399,0.0
293,476,0.0
293,264,0.0
293,200,0.0
293,189,0.0
293,362,0.0
293,17,0.0
293,16,0.0
240,77,0.0
240,125,0.0
240,824,0.0
240,476,0.0
240,19,0.0
240,17,0.0
240,190,0.0
240,400,0.0
240,284,-0.9999999999999998
240,78,-0.9999999999999998
158,119,0.0
158,20,0.0
158,476,0.0
158,264,0.0
158,200,0.0
158,189,0.0
158,362,0.0
158,17,0.0
158,16,0.0
158,310,0.0
204,119,0.0
204,399,0.0
204,476,0.0
204,200,0.0
204,189,0.0
204,362,0.0
204,17,0.0
204,16,0.0
204,310,0.0
204,59,0.0
294,119,0.0
294,20,0.0
294,399,0.0
294,476,0.0
294,264,0.0
294,200,0.0
294,189,0.0
294,362,0.0
294,17,0.0
294,16,0.0
367,352,5.971421743829394
367,310,5.190622325326823
367,287,4.7181302949067625
367,119,4.417298885399765
367,20,3.891513761933254
367,362,2.7612563106565187
367,134,2.173906490232292
367,255,2.080413928034865
367,189,1.9419049403611337
367,16,1.6730796817794162
77,22,9.286156439872205
77,119,8.946943110380197
77,20,8.769526617385097
77,310,7.8428513019011685
77,287,7.5511492908936475
77,200,5.634539114078505
77,255,5.412965399058231
77,16,5.138723096854699
77,189,3.8901254607098386
77,89,3.685393525226841
337,399,13.276533136380866
337,94,12.661295579313135
337,189,11.614613150248916
337,287,6.246361050225088
337,16,5.762641417965987
337,79,2.716629416626253
337,362,2.325813083461311
337,416,0.7180838226343933
337,190,0.7016410749057587
337,125,0.7016410749057587
138,119,0.0
138,20,0.0
138,399,0.0
138,476,0.0
138,264,0.0
138,200,0.0
138,189,0.0
138,17,0.0
138,16,0.0
138,310,0.0
226,119,0.0
226,20,0.0
226,399,0.0
226,476,0.0
226,264,0.0
226,200,0.0
226,189,0.0
226,362,0.0
226,17,0.0
226,16,0.0
399,264,15.445300192333807
399,119,13.913140697538042
399,399,10.584156952125694
399,189,10.429989438818557
399,362,10.258378723042858
399,287,9.427303704538877
399,310,8.918949602548826
399,79,7.9323221521535725
399,255,7.039012769928773
399,16,6.923577163060838
243,20,0.0
243,399,0.0
243,476,0.0
243,264,0.0
243,189,0.0
243,362,0.0
243,17,0.0
243,16,0.0
243,310,0.0
243,59,0.0
124,119,0.0
124,399,0.0
124,476,0.0
124,264,0.0
124,200,0.0
124,189,0.0
124,362,0.0
124,17,0.0
124,16,0.0
124,310,0.0
126,119,0.0
126,399,0.0
126,476,0.0
126,264,0.0
126,200,0.0
126,189,0.0
126,362,0.0
126,17,0.0
126,16,0.0
126,310,0.0
276,119,0.0
276,20,0.0
276,399,0.0
276,476,0.0
276,264,0.0
276,200,0.0
276,189,0.0
276,362,0.0
276,17,0.0
276,16,0.0
112,119,0.0
112,20,0.0
112,399,0.0
112,476,0.0
112,264,0.0
112,200,0.0
112,189,0.0
112,17,0.0
112,16,0.0
112,310,0.0
311,119,0.0
311,20,0.0
311,399,0.0
311,476,0.0
311,264,0.0
311,200,0.0
311,189,0.0
311,362,0.0
311,17,0.0
311,16,0.0
244,16,4.436805027727837
244,22,4.398741576945764
244,310,2.9544213431949364
244,59,1.7510960566540743
244,476,1.0000000000000002
244,416,1.0
244,77,0.5960395606792697
244,400,0.32732683535398815
244,134,0.2804203348341652
244,189,0.20055141720437364
72,119,0.0
72,20,0.0
72,476,0.0
72,264,0.0
72,200,0.0
72,189,0.0
72,362,0.0
72,17,0.0
72,16,0.0
72,310,0.0
202,200,10.862137638936321
202,287,9.897671468072787
202,94,8.225220477058468
202,79,7.739681059836748
202,189,4.781391257257395
202,255,4.630642251897274
202,362,4.601021671802071
202,16,4.4310273029218585
202,59,4.23793922998608
202,352,3.9720557277473354
122,119,0.0
122,20,0.0
122,476,0.0
122,264,0.0
122,200,0.0
122,189,0.0
122,362,0.0
122,17,0.0
122,16,0.0
122,310,0.0
81,119,0.0
81,20,0.0
81,399,0.0
81,476,0.0
81,264,0.0
81,200,0.0
81,189,0.0
81,17,0.0
81,16,0.0
81,310,0.0
261,399,17.27880659187856
261,310,16.56952380201267
261,119,15.442341461953855
261,20,13.282510074789172
261,94,9.95977316874317
261,287,9.617960946761235
261,22,8.819938949891364
261,255,8.719532624397711
261,352,8.699117959842418
261,16,8.620618813860494
264,264,6.0
264,399,5.0
264,310,4.999999999999999
264,287,4.0
264,119,4.0
264,22,4.0
264,200,3.999999999999999
264,20,3.999999999999999
264,94,2.999999999999999
264,189,1.9999999999999998
102,119,0.0
102,20,0.0
102,399,0.0
102,476,0.0
102,264,0.0
102,200,0.0
102,189,0.0
102,362,0.0
102,17,0.0
102,16,0.0
232,119,0.0
232,20,0.0
232,399,0.0
232,476,0.0
232,264,0.0
232,200,0.0
232,189,0.0
232,362,0.0
232,17,0.0
232,16,0.0
263,79,7.0
263,399,5.0
263,287,3.0
263,119,3.0
263,89,2.0
263,352,1.9999999999999998
263,362,1.0
263,824,1.0
263,415,0.9999999999999999
263,190,0.9999999999999999
268,119,0.0
268,20,0.0
268,399,0.0
268,476,0.0
268,264,0.0
268,200,0.0
268,189,0.0
268,362,0.0
268,17,0.0
268,16,0.0
396,264,15.497376536361745
396,399,8.789203043753645
396,200,8.002864082027044
396,119,7.432060186610789
396,287,5.985571997468409
396,94,5.1471055691276675
396,310,5.079165755738455
396,255,4.1471055691276675
396,89,3.7857142857142856
396,362,3.4320601866107863
397,399,24.491960044480336
397,119,21.368898585792547
397,287,16.405424761293407
397,94,13.031598765805647
397,310,10.550676405814682
397,16,7.754332838942534
397,22,7.482390369436265
397,255,7.203941223163206
397,189,6.650308718393745
397,362,6.0684679277957265
129,119,0.0
129,20,0.0
129,399,0.0
129,476,0.0
129,200,0.0
129,189,0.0
129,362,0.0
129,17,0.0
129,16,0.0
129,310,0.0
333,94,6.094329886707275
333,119,5.614409253751182
333,189,4.4043541318038315
333,362,3.838631719938787
333,352,3.6825515265948843
333,200,2.5961065466244673
333,134,2.1335107876125794
333,255,1.8643904123178343
333,310,1.4148223378409266
333,59,1.2033247210919469
369,20,8.0
369,264,8.0
369,200,4.999999999999999
369,287,4.0
369,310,4.0
369,255,3.0
369,94,3.0
369,399,3.0
369,119,3.0
369,89,3.0
259,119,0.0
259,399,0.0
259,476,0.0
259,264,0.0
259,200,0.0
259,189,0.0
259,362,0.0
259,17,0.0
259,16,0.0
259,310,0.0
161,824,1.0
161,284,0.0
161,89,0.0
161,17,0.0
161,476,0.0
161,415,0.0
161,400,0.0
161,77,-0.5
161,190,-0.5
161,125,-0.5
403,264,16.330441625733393
403,352,4.902463910430786
403,200,3.4856682825511776
403,89,1.8319631651054302
403,22,1.7404145040940096
403,287,0.7068422721552856
403,125,0.3757606974006168
403,190,0.3757606974006168
403,19,0.3757606974006168
403,284,0.37082421067354276
258,264,9.100422164274597
258,20,4.936103417150079
258,399,3.999281066003368
258,310,3.9751665960220404
258,94,2.9368302383798177
258,287,2.2302052934038636
258,16,1.9630408689392933
258,78,1.4999999999999998
258,352,0.9326594210945187
258,284,0.5
215,119,0.0
215,20,0.0
215,399,0.0
215,476,0.0
215,264,0.0
215,200,0.0
215,189,0.0
215,362,0.0
215,17,0.0
215,16,0.0
164,119,0.0
164,20,0.0
164,399,0.0
164,476,0.0
164,264,0.0
164,200,0.0
164,189,0.0
164,362,0.0
164,17,0.0
164,16,0.0
357,119,0.0
357,20,0.0
357,399,0.0
357,476,0.0
357,200,0.0
357,189,0.0
357,362,0.0
357,17,0.0
357,16,0.0
357,310,0.0
190,119,0.0
190,476,0.0
190,264,0.0
190,200,0.0
190,189,0.0
190,362,0.0
190,17,0.0
190,16,0.0
190,310,0.0
190,59,0.0
307,119,0.0
307,399,0.0
307,476,0.0
307,264,0.0
307,200,0.0
307,189,0.0
307,362,0.0
307,17,0.0
307,16,0.0
307,310,0.0
238,119,0.0
238,20,0.0
238,399,0.0
238,476,0.0
238,264,0.0
238,200,0.0
238,189,0.0
238,362,0.0
238,17,0.0
238,16,0.0
165,20,0.0
165,399,0.0
165,476,0.0
165,264,0.0
165,200,0.0
165,189,0.0
165,362,0.0
165,17,0.0
165,16,0.0
165,310,0.0
225,20,0.0
225,399,0.0
225,476,0.0
225,264,0.0
225,200,0.0
225,189,0.0
225,362,0.0
225,17,0.0
225,16,0.0
225,310,0.0
242,119,0.0
242,20,0.0
242,399,0.0
242,476,0.0
242,264,0.0
242,200,0.0
242,189,0.0
242,362,0.0
242,17,0.0
242,16,0.0
338,264,8.788403652584336
338,94,8.638217118961478
338,310,6.630512740833899
338,200,4.948297547196484
338,16,3.8115978904901056
338,255,3.284089055699779
338,22,3.17396550398339
338,59,2.4968887813119505
338,77,0.9999999999999999
338,476,0.9692470294960069
326,119,0.0
326,399,0.0
326,476,0.0
326,264,0.0
326,200,0.0
326,189,0.0
326,362,0.0
326,17,0.0
326,16,0.0
326,310,0.0
96,119,0.0
96,399,0.0
96,476,0.0
96,264,0.0
96,200,0.0
96,189,0.0
96,362,0.0
96,17,0.0
96,16,0.0
96,310,0.0
94,119,0.0
94,20,0.0
94,399,0.0
94,476,0.0
94,264,0.0
94,200,0.0
94,189,0.0
94,17,0.0
94,16,0.0
94,310,0.0
123,119,0.0
123,399,0.0
123,476,0.0
123,264,0.0
123,200,0.0
123,189,0.0
123,362,0.0
123,17,0.0
123,16,0.0
123,310,0.0
392,119,11.370733144079654
392,399,10.611192303752038
392,79,8.301437708400698
392,200,7.5277124281587575
392,255,6.594758041725014
392,94,5.444664413566532
392,189,3.445846963043156
392,78,2.496961466774382
392,59,2.1126301435701382
392,89,1.900661968080446
343,20,8.186444588731453
343,310,5.261500220277316
343,287,4.627096092090571
343,119,4.5520404605447045
343,255,4.261500220277316
343,79,4.231280440600559
343,362,3.596876312413813
343,16,2.6270960920905706
343,94,2.2990280360502493
343,399,1.9551641481308923
120,119,0.0
120,20,0.0
120,399,0.0
120,476,0.0
120,264,0.0
120,200,0.0
120,189,0.0
120,362,0.0
120,17,0.0
120,16,0.0
344,399,10.238179558838999
344,119,10.040594576190545
344,200,10.001915547357337
344,287,8.092057783276353
344,352,7.8228969234046835
344,94,5.871837745445497
344,310,4.815745283278434
344,255,4.734233998513357
344,89,2.7047003500747033
344,362,1.589839417274006
213,119,0.0
213,399,0.0
213,476,0.0
213,264,0.0
213,200,0.0
213,189,0.0
213,362,0.0
213,17,0.0
213,16,0.0
213,310,0.0
305,119,0.0
305,399,0.0
305,476,0.0
305,264,0.0
305,200,0.0
305,189,0.0
305,362,0.0
305,17,0.0
305,16,0.0
305,310,0.0
314,119,0.0
314,399,0.0
314,476,0.0
314,264,0.0
314,200,0.0
314,189,0.0
314,362,0.0
314,17,0.0
314,16,0.0
314,310,0.0
75,119,0.0
75,20,0.0
75,399,0.0
75,476,0.0
75,264,0.0
75,200,0.0
75,189,0.0
75,362,0.0
75,17,0.0
75,16,0.0
262,264,11.0
262,399,7.0
262,200,6.0
262,119,5.0
262,287,4.0
262,352,4.0
262,94,3.000000000000001
262,16,2.0
262,78,2.0
262,310,1.9999999999999998
216,20,0.0
216,399,0.0
216,476,0.0
216,264,0.0
216,200,0.0
216,189,0.0
216,362,0.0
216,17,0.0
216,16,0.0
216,310,0.0
220,119,0.0
220,20,0.0
220,399,0.0
220,476,0.0
220,264,0.0
220,200,0.0
220,189,0.0
220,362,0.0
220,17,0.0
220,16,0.0
377,79,2.0
377,362,1.0
377,190,0.9999999999999999
377,125,0.9999999999999999
377,19,0.9999999999999999
377,16,0.9999999999999996
377,255,0.0
377,17,0.0
377,78,0.0
377,284,0.0
316,79,11.309445243380527
316,362,6.499663348177451
316,352,3.514147857528596
316,287,3.4686450284577077
316,200,3.0498514967799437
316,89,2.997256231808791
316,255,2.7357690796477554
316,134,1.6317159270780826
316,190,0.9590380233756356
316,125,0.9590380233756356
209,119,0.0
209,20,0.0
209,476,0.0
209,264,0.0
209,200,0.0
209,189,0.0
209,362,0.0
209,17,0.0
209,16,0.0
209,310,0.0
265,119,0.0
265,20,0.0
265,399,0.0
265,476,0.0
265,264,0.0
265,200,0.0
265,189,0.0
265,362,0.0
265,17,0.0
265,16,0.0
167,189,1.0
167,134,1.0
167,89,2.220446049250313E-16
167,415,0.0
167,284,0.0
167,399,0.0
167,17,0.0
167,416,0.0
167,476,0.0
167,824,0.0
178,20,0.0
178,399,0.0
178,476,0.0
178,264,0.0
178,200,0.0
178,189,0.0
178,362,0.0
178,17,0.0
178,16,0.0
178,310,0.0
289,119,0.0
289,399,0.0
289,476,0.0
289,264,0.0
289,200,0.0
289,189,0.0
289,362,0.0
289,17,0.0
289,16,0.0
289,310,0.0
287,119,0.0
287,20,0.0
287,399,0.0
287,476,0.0
287,200,0.0
287,189,0.0
287,362,0.0
287,17,0.0
287,16,0.0
287,310,0.0
380,119,0.0
380,399,0.0
380,476,0.0
380,200,0.0
380,189,0.0
380,362,0.0
380,17,0.0
380,16,0.0
380,310,0.0
380,59,0.0
356,119,0.0
356,20,0.0
356,399,0.0
356,476,0.0
356,264,0.0
356,200,0.0
356,189,0.0
356,362,0.0
356,17,0.0
356,16,0.0
354,79,7.0
354,399,5.0
354,287,3.0
354,119,3.0
354,352,2.0
354,89,2.0
354,94,1.0
354,200,1.0
354,362,1.0
354,824,1.0
376,119,0.0
376,20,0.0
376,399,0.0
376,476,0.0
376,264,0.0
376,200,0.0
376,189,0.0
376,362,0.0
376,17,0.0
376,16,0.0
346,119,0.0
346,20,0.0
346,476,0.0
346,264,0.0
346,200,0.0
346,189,0.0
346,362,0.0
346,17,0.0
346,16,0.0
346,310,0.0
101,20,0.0
101,399,0.0
101,476,0.0
101,264,0.0
101,200,0.0
101,189,0.0
101,362,0.0
101,17,0.0
101,16,0.0
101,310,0.0
109,119,0.0
109,20,0.0
109,399,0.0
109,476,0.0
109,264,0.0
109,200,0.0
109,189,0.0
109,362,0.0
109,17,0.0
109,16,0.0
191,119,0.0
191,20,0.0
191,399,0.0
191,476,0.0
191,200,0.0
191,189,0.0
191,362,0.0
191,17,0.0
191,16,0.0
191,310,0.0
184,119,0.0
184,20,0.0
184,399,0.0
184,476,0.0
184,264,0.0
184,200,0.0
184,189,0.0
184,362,0.0
184,17,0.0
184,16,0.0
352,119,0.0
352,399,0.0
352,476,0.0
352,264,0.0
352,200,0.0
352,189,0.0
352,362,0.0
352,17,0.0
352,16,0.0
352,310,0.0
231,119,0.0
231,20,0.0
231,399,0.0
231,476,0.0
231,264,0.0
231,200,0.0
231,189,0.0
231,362,0.0
231,17,0.0
231,16,0.0
187,119,0.0
187,20,0.0
187,399,0.0
187,476,0.0
187,264,0.0
187,200,0.0
187,189,0.0
187,362,0.0
187,17,0.0
187,16,0.0
297,399,10.995823012761317
297,119,9.982397472422791
297,20,9.08688322947037
297,200,7.842068258910974
297,287,6.07255877227421
297,352,6.038230206477572
297,22,5.127647589751141
297,255,4.8835765357695955
297,94,4.8284877182926635
297,189,3.1897261530824634
228,190,1.0
228,125,1.0
228,19,1.0
228,824,0.0
228,415,0.0
228,134,0.0
228,17,0.0
228,284,0.0
228,416,0.0
228,476,0.0
308,119,0.0
308,20,0.0
308,476,0.0
308,264,0.0
308,200,0.0
308,189,0.0
308,362,0.0
308,17,0.0
308,16,0.0
308,310,0.0
139,119,0.0
139,20,0.0
139,399,0.0
139,476,0.0
139,200,0.0
139,189,0.0
139,362,0.0
139,17,0.0
139,16,0.0
139,310,0.0
373,119,0.0
373,20,0.0
373,399,0.0
373,476,0.0
373,264,0.0
373,200,0.0
373,189,0.0
373,362,0.0
373,17,0.0
373,16,0.0
168,119,0.0
168,20,0.0
168,399,0.0
168,476,0.0
168,264,0.0
168,200,0.0
168,189,0.0
168,362,0.0
168,17,0.0
168,16,0.0
400,119,0.0
400,20,0.0
400,399,0.0
400,476,0.0
400,264,0.0
400,200,0.0
400,189,0.0
400,362,0.0
400,17,0.0
400,16,0.0
320,119,0.0
320,20,0.0
320,399,0.0
320,476,0.0
320,264,0.0
320,200,0.0
320,189,0.0
320,362,0.0
320,17,0.0
320,16,0.0
95,119,0.0
95,399,0.0
95,476,0.0
95,264,0.0
95,200,0.0
95,189,0.0
95,362,0.0
95,17,0.0
95,16,0.0
95,310,0.0
353,119,0.0
353,20,0.0
353,399,0.0
353,476,0.0
353,200,0.0
353,189,0.0
353,362,0.0
353,17,0.0
353,16,0.0
353,310,0.0
260,119,0.0
260,20,0.0
260,399,0.0
260,476,0.0
260,264,0.0
260,200,0.0
260,189,0.0
260,362,0.0
260,17,0.0
260,16,0.0
83,20,0.0
83,399,0.0
83,476,0.0
83,264,0.0
83,200,0.0
83,189,0.0
83,362,0.0
83,17,0.0
83,16,0.0
83,310,0.0
250,415,1.0
250,125,1.0
250,190,1.0
250,19,1.0
250,352,2.220446049250313E-16
250,89,0.0
250,416,0.0
250,284,0.0
250,400,0.0
250,17,0.0
395,264,11.000000000000002
395,399,7.0
395,200,6.0
395,119,5.000000000000001
395,287,4.000000000000001
395,352,4.000000000000001
395,94,3.000000000000001
395,310,2.000000000000001
395,16,2.0000000000000004
395,78,2.0
183,119,0.0
183,20,0.0
183,399,0.0
183,476,0.0
183,264,0.0
183,200,0.0
183,189,0.0
183,362,0.0
183,17,0.0
183,16,0.0
275,119,0.0
275,20,0.0
275,399,0.0
275,476,0.0
275,264,0.0
275,200,0.0
275,189,0.0
275,362,0.0
275,17,0.0
275,16,0.0
173,310,7.074898001078088
173,22,6.889144015618158
173,16,3.460215027419009
173,255,2.341210129279612
173,94,1.6377799845693137
173,78,1.5703926623728726
173,59,1.3950107412827772
173,200,1.2906333506383656
173,89,1.183801660132775
173,352,1.1133322942282227
272,119,0.0
272,20,0.0
272,399,0.0
272,476,0.0
272,264,0.0
272,200,0.0
272,189,0.0
272,362,0.0
272,17,0.0
272,16,0.0
304,119,0.0
304,399,0.0
304,476,0.0
304,264,0.0
304,200,0.0
304,189,0.0
304,362,0.0
304,17,0.0
304,16,0.0
304,310,0.0
318,119,0.0
318,399,0.0
318,476,0.0
318,264,0.0
318,200,0.0
318,189,0.0
318,362,0.0
318,17,0.0
318,16,0.0
318,310,0.0
125,310,4.0
125,22,3.0
125,16,3.0
125,59,1.0
125,134,1.0
125,78,1.0
125,77,1.0
125,284,0.0
125,476,0.0
125,17,0.0
374,119,0.0
374,20,0.0
374,399,0.0
374,476,0.0
374,264,0.0
374,200,0.0
374,189,0.0
374,362,0.0
374,17,0.0
374,16,0.0
317,119,0.0
317,20,0.0
317,399,0.0
317,476,0.0
317,264,0.0
317,200,0.0
317,189,0.0
317,362,0.0
317,17,0.0
317,16,0.0
177,119,0.0
177,20,0.0
177,399,0.0
177,476,0.0
177,264,0.0
177,200,0.0
177,189,0.0
177,362,0.0
177,17,0.0
177,16,0.0
149,119,0.0
149,20,0.0
149,399,0.0
149,476,0.0
149,200,0.0
149,189,0.0
149,362,0.0
149,17,0.0
149,16,0.0
149,310,0.0
327,119,0.0
327,20,0.0
327,399,0.0
327,476,0.0
327,264,0.0
327,200,0.0
327,189,0.0
327,362,0.0
327,17,0.0
327,16,0.0
207,310,4.0
207,22,3.0
207,16,3.0
207,59,1.0
207,134,1.0
207,78,1.0
207,77,1.0
207,284,0.0
207,476,0.0
207,17,0.0
361,119,0.0
361,20,0.0
361,399,0.0
361,476,0.0
361,200,0.0
361,189,0.0
361,362,0.0
361,17,0.0
361,16,0.0
361,310,0.0
339,119,0.0
339,399,0.0
339,476,0.0
339,264,0.0
339,200,0.0
339,189,0.0
339,362,0.0
339,17,0.0
339,16,0.0
339,310,0.0
351,119,0.0
351,20,0.0
351,399,0.0
351,476,0.0
351,264,0.0
351,200,0.0
351,189,0.0
351,362,0.0
351,17,0.0
351,16,0.0
266,119,0.0
266,20,0.0
266,399,0.0
266,476,0.0
266,264,0.0
266,200,0.0
266,189,0.0
266,362,0.0
266,17,0.0
266,16,0.0
386,119,0.0
386,20,0.0
386,399,0.0
386,476,0.0
386,264,0.0
386,200,0.0
386,189,0.0
386,362,0.0
386,17,0.0
386,16,0.0
285,264,8.11058464151691
285,255,4.736355267834761
285,200,4.542446629692183
285,287,3.993082380278862
285,310,3.4765474985423923
285,362,2.7401922307076307
285,399,2.341527540047797
285,22,2.199528121624243
285,94,1.7363552678347607
285,119,1.4397203523318731
127,119,0.0
127,20,0.0
127,476,0.0
127,264,0.0
127,200,0.0
127,189,0.0
127,362,0.0
127,17,0.0
127,16,0.0
127,310,0.0
341,119,0.0
341,399,0.0
341,476,0.0
341,264,0.0
341,200,0.0
341,189,0.0
341,362,0.0
341,17,0.0
341,16,0.0
341,310,0.0
130,119,0.0
130,20,0.0
130,399,0.0
130,476,0.0
130,264,0.0
130,200,0.0
130,189,0.0
130,362,0.0
130,17,0.0
130,16,0.0
364,264,11.0
364,399,7.0
364,200,6.0
364,119,5.0
364,287,4.0
364,352,4.0
364,94,3.0
364,16,2.0
364,78,2.0
364,310,2.0
331,119,0.0
331,20,0.0
331,399,0.0
331,476,0.0
331,200,0.0
331,189,0.0
331,362,0.0
331,17,0.0
331,16,0.0
331,310,0.0
332,119,0.0
332,20,0.0
332,399,0.0
332,476,0.0
332,264,0.0
332,200,0.0
332,189,0.0
332,362,0.0
332,17,0.0
332,16,0.0
389,119,0.0
389,20,0.0
389,399,0.0
389,476,0.0
389,264,0.0
389,189,0.0
389,362,0.0
389,17,0.0
389,16,0.0
389,310,0.0
146,20,0.0
146,399,0.0
146,476,0.0
146,264,0.0
146,200,0.0
146,189,0.0
146,362,0.0
146,17,0.0
146,16,0.0
146,310,0.0
328,119,0.0
328,399,0.0
328,476,0.0
328,264,0.0
328,200,0.0
328,189,0.0
328,362,0.0
328,17,0.0
328,16,0.0
328,310,0.0
322,119,0.0
322,399,0.0
322,476,0.0
322,264,0.0
322,200,0.0
322,189,0.0
322,362,0.0
322,17,0.0
322,16,0.0
322,310,0.0
181,119,0.0
181,399,0.0
181,476,0.0
181,264,0.0
181,200,0.0
181,189,0.0
181,362,0.0
181,17,0.0
181,16,0.0
181,310,0.0
299,119,0.0
299,20,0.0
299,399,0.0
299,476,0.0
299,264,0.0
299,200,0.0
299,189,0.0
299,362,0.0
299,17,0.0
299,16,0.0
313,119,0.0
313,20,0.0
313,399,0.0
313,476,0.0
313,264,0.0
313,200,0.0
313,189,0.0
313,362,0.0
313,17,0.0
313,16,0.0
245,119,0.0
245,20,0.0
245,399,0.0
245,476,0.0
245,264,0.0
245,200,0.0
245,189,0.0
245,362,0.0
245,17,0.0
245,16,0.0
393,119,0.0
393,20,0.0
393,399,0.0
393,476,0.0
393,264,0.0
393,200,0.0
393,189,0.0
393,362,0.0
393,17,0.0
393,16,0.0
324,399,15.050947738977563
324,119,12.170071818559801
324,287,11.311583160758643
324,200,8.077704096327102
324,352,7.297031680661242
324,94,5.829059946552965
324,89,4.900523854644791
324,255,3.9709706837186998
324,362,3.433219599827579
324,22,3.2074436236801835
74,119,0.0
74,20,0.0
74,476,0.0
74,264,0.0
74,200,0.0
74,189,0.0
74,362,0.0
74,17,0.0
74,16,0.0
74,310,0.0
195,119,0.0
195,399,0.0
195,476,0.0
195,264,0.0
195,200,0.0
195,189,0.0
195,362,0.0
195,17,0.0
195,16,0.0
195,310,0.0
239,119,0.0
239,399,0.0
239,476,0.0
239,264,0.0
239,200,0.0
239,189,0.0
239,362,0.0
239,17,0.0
239,16,0.0
239,310,0.0
334,119,0.0
334,20,0.0
334,476,0.0
334,264,0.0
334,200,0.0
334,189,0.0
334,362,0.0
334,17,0.0
334,16,0.0
334,310,0.0
118,119,0.0
118,20,0.0
118,476,0.0
118,264,0.0
118,200,0.0
118,189,0.0
118,17,0.0
118,16,0.0
118,310,0.0
118,59,0.0
150,119,0.0
150,20,0.0
150,399,0.0
150,476,0.0
150,264,0.0
150,200,0.0
150,189,0.0
150,362,0.0
150,17,0.0
150,16,0.0
