448,20,11.46679444996522
448,189,7.937005947413157
448,310,4.165818031365997
448,255,2.77942178136979
448,362,2.5341537152328946
448,89,1.82586476712091
448,79,1.6568897482737686
448,400,1.0
448,78,0.9933515166046967
448,22,0.6644831513580285
444,20,0.0
444,399,0.0
444,476,0.0
444,264,0.0
444,200,0.0
444,189,0.0
444,362,0.0
444,17,0.0
444,16,0.0
444,310,0.0
450,119,10.095999213814927
450,200,9.922468381702824
450,20,7.422468381702824
450,255,5.124383172752464
450,189,4.511581970355329
450,287,3.979928555340316
450,78,3.851995075522382
450,134,2.0
450,310,1.5267048585393945
450,415,1.0
445,119,0.0
445,399,0.0
445,476,0.0
445,264,0.0
445,200,0.0
445,189,0.0
445,362,0.0
445,17,0.0
445,16,0.0
445,310,0.0
446,119,0.0
446,20,0.0
446,399,0.0
446,476,0.0
446,264,0.0
446,189,0.0
446,362,0.0
446,17,0.0
446,16,0.0
446,310,0.0
447,255,1.4971312695526704
447,134,1.393485453777234
447,20,1.3844169435050038
447,94,1.2985930416702132
447,89,1.0292746566058493
447,400,1.0
447,415,0.5416700857197948
447,17,0.40923185342208185
447,476,0.40923185342208185
447,59,0.38861877566283554
449,119,0.0
449,20,0.0
449,399,0.0
449,476,0.0
449,264,0.0
449,200,0.0
449,189,0.0
449,362,0.0
449,17,0.0
449,16,0.0
522,255,8.312059857014136
522,362,5.656726782955696
522,16,5.595642075376661
522,352,4.988667896948403
522,22,3.9923325608880726
522,89,1.9390550872669297
522,59,1.8811014001405635
522,824,1.4075092466230497
522,190,0.49455840172630905
522,125,0.49455840172630905
524,119,0.0
524,20,0.0
524,399,0.0
524,476,0.0
524,200,0.0
524,189,0.0
524,362,0.0
524,17,0.0
524,16,0.0
524,310,0.0
516,264,19.56833171819848
516,310,8.922284977929106
516,16,8.076420341820416
516,79,6.732597815592168
516,362,4.748054955837978
516,89,3.103223149577426
516,78,2.681863857629326
516,134,2.082203894441152
516,352,1.2998603489924185
516,59,0.862701627907132
619,264,27.723179895409366
619,189,12.0793256074406
619,255,8.128099205345904
619,352,5.783259158106633
619,22,3.6621074944638146
619,89,1.894093974246994
619,134,1.5362765193126806
619,824,1.4708534726035047
619,416,1.2899401858212007
619,78,1.2504291175841868
494,264,5.906159652405728
494,255,5.300864800788059
494,200,4.4634757043635425
494,119,4.1288975466740325
494,16,3.0453301241947255
494,362,3.0337797079005755
494,59,2.083765283004116
494,78,1.3700212021096319
494,94,1.3624998880734338
494,352,1.0727433382066152
655,287,2.8540620486317883
655,824,0.9080133206486829
655,284,0.8773384834252594
655,415,0.5792388914047971
655,134,0.45720892679453595
655,22,0.13272029013066866
655,190,0.03929204950392029
655,416,0.039289780116257944
655,17,0.0
655,476,0.0
466,119,0.0
466,20,0.0
466,399,0.0
466,476,0.0
466,264,0.0
466,200,0.0
466,189,0.0
466,362,0.0
466,17,0.0
466,16,0.0
523,399,13.0
523,119,12.0
523,200,12.0
523,189,9.0
523,264,8.0
523,255,8.0
523,287,7.0
523,362,7.0
523,16,7.0
523,310,6.0
620,200,16.073105707746215
620,20,14.45512349996606
620,94,13.19495951781494
620,255,9.570790250467503
620,22,6.153359229370322
620,352,5.694458659041117
620,16,3.7514399452435923
620,59,2.449112223061225
620,89,2.2215594488557753
620,416,1.0633325080665523
570,20,0.0
570,399,0.0
570,476,0.0
570,264,0.0
570,200,0.0
570,189,0.0
570,362,0.0
570,17,0.0
570,16,0.0
570,310,0.0
544,399,23.61863349989077
544,20,21.61953826285628
544,287,15.762822235071152
544,310,15.108519726145175
544,16,10.283366896439919
544,362,7.968924783862795
544,22,7.577101929681486
544,352,6.283229621127213
544,78,3.1262769518100777
544,134,2.6092320395361925
618,399,28.185263994948954
618,287,12.920219195756397
618,189,11.894724579300874
618,79,10.01898806410143
618,255,8.231421522892758
618,16,8.010299332919978
618,310,7.9474301779679255
618,362,6.362716357402776
618,134,3.1625291730102343
618,352,2.4601938906214267
640,22,4.369979706708794
640,399,2.952732722375507
640,78,1.7170096219735873
640,77,0.9999999999999998
640,824,0.9945054827272174
640,190,0.03384431662043785
640,400,0.0
640,284,0.0
640,89,-0.26316827708723145
640,415,-0.3561716938785523
487,20,0.0
487,399,0.0
487,476,0.0
487,264,0.0
487,200,0.0
487,189,0.0
487,362,0.0
487,17,0.0
487,16,0.0
487,310,0.0
610,119,0.0
610,20,0.0
610,399,0.0
610,476,0.0
610,264,0.0
610,200,0.0
610,189,0.0
610,362,0.0
610,17,0.0
610,16,0.0
492,287,7.057888306108408
492,22,5.501283343614679
492,200,5.491812758898352
492,16,4.891499854746928
492,310,4.470311599234753
492,79,3.010808246348696
492,255,2.6360625154037987
492,362,2.200441784146171
492,352,1.6349966123379331
492,134,1.44444778919744
569,264,16.357327345409416
569,20,13.07721107409029
569,94,12.87494389788405
569,255,9.19665955187029
569,79,9.119386722652404
569,16,8.395606024625401
569,287,7.914376733518367
569,310,6.995432999836877
569,362,5.834746657712665
569,89,2.577904991591766
518,20,0.0
518,399,0.0
518,476,0.0
518,264,0.0
518,200,0.0
518,189,0.0
518,362,0.0
518,17,0.0
518,16,0.0
518,310,0.0
481,20,0.0
481,399,0.0
481,476,0.0
481,264,0.0
481,200,0.0
481,189,0.0
481,362,0.0
481,17,0.0
481,16,0.0
481,310,0.0
624,119,0.0
624,20,0.0
624,399,0.0
624,476,0.0
624,264,0.0
624,200,0.0
624,189,0.0
624,362,0.0
624,17,0.0
624,16,0.0
514,20,0.0
514,399,0.0
514,476,0.0
514,264,0.0
514,200,0.0
514,189,0.0
514,362,0.0
514,17,0.0
514,16,0.0
514,310,0.0
592,20,0.0
592,399,0.0
592,476,0.0
592,264,0.0
592,200,0.0
592,189,0.0
592,362,0.0
592,17,0.0
592,16,0.0
592,310,0.0
454,119,0.0
454,20,0.0
454,399,0.0
454,476,0.0
454,264,0.0
454,200,0.0
454,189,0.0
454,362,0.0
454,17,0.0
454,16,0.0
486,20,0.0
486,399,0.0
486,476,0.0
486,264,0.0
486,200,0.0
486,189,0.0
486,362,0.0
486,17,0.0
486,16,0.0
486,310,0.0
560,119,0.0
560,20,0.0
560,399,0.0
560,476,0.0
560,264,0.0
560,200,0.0
560,189,0.0
560,362,0.0
560,17,0.0
560,16,0.0
489,399,11.329686987176917
489,94,8.621108285080988
489,200,6.718244889265929
489,287,6.630400333889076
489,264,6.117494755965987
489,16,4.994986793703625
489,189,4.91399843366258
489,22,1.9245670207002272
489,362,1.8477174820597337
489,79,0.722104684511196
477,399,0.0
477,476,0.0
477,264,0.0
477,200,0.0
477,189,0.0
477,362,0.0
477,17,0.0
477,16,0.0
477,310,0.0
477,59,0.0
612,119,0.0
612,20,0.0
612,399,0.0
612,476,0.0
612,264,0.0
612,200,0.0
612,189,0.0
612,362,0.0
612,17,0.0
612,16,0.0
451,264,14.664053877423553
451,200,11.750247218957258
451,399,11.01105559520856
451,255,6.797805329768876
451,189,6.646755238484504
451,78,4.8350434446300365
451,134,4.024163566339149
451,79,3.84586242552745
451,22,2.8235003440978956
451,16,2.179185487072316
639,78,3.3306690738754696E-16
639,89,0.0
639,476,0.0
639,17,0.0
639,284,0.0
639,400,0.0
639,415,-0.07848671397789093
639,824,-0.5
639,59,-0.8660254037844386
639,77,-0.9999999999999999
654,20,20.40956618749151
654,399,20.187127004639315
654,287,14.342905102840607
654,189,14.275797388775619
654,310,11.70170892898401
654,16,11.126444445761983
654,255,10.670150514871201
654,362,8.416426932172829
654,352,3.5317369972773607
654,22,2.699276655391013
607,255,1.674643425108953
607,20,0.8908581012766614
607,476,0.49999999999999994
607,17,0.49999999999999994
607,287,0.3194013387359833
607,78,0.21589371323584694
607,59,0.19783518677105383
607,284,0.0
607,190,0.0
607,415,0.0
471,20,0.0
471,399,0.0
471,476,0.0
471,264,0.0
471,200,0.0
471,189,0.0
471,362,0.0
471,17,0.0
471,16,0.0
471,310,0.0
657,119,23.5603443993541
657,287,18.137963535681724
657,264,14.708965002654516
657,255,14.145739708214478
657,189,11.938297917745533
657,310,10.02861360887148
657,79,8.641566903697093
657,16,8.578860292614813
657,362,8.348405048836428
657,352,5.812342345702645
632,20,0.0
632,399,0.0
632,476,0.0
632,264,0.0
632,200,0.0
632,189,0.0
632,362,0.0
632,17,0.0
632,16,0.0
632,310,0.0
578,94,9.176980372480202
578,200,6.7799751805026816
578,287,6.660687337374945
578,79,2.8765474381999603
578,16,2.8478630334943364
578,362,2.744328179482598
578,189,2.408591652668969
578,264,2.3058667247198397
578,78,1.6547505225649184
578,310,1.6206878487708962
660,20,0.0
660,399,0.0
660,476,0.0
660,264,0.0
660,200,0.0
660,189,0.0
660,362,0.0
660,17,0.0
660,16,0.0
660,310,0.0
519,20,0.0
519,399,0.0
519,476,0.0
519,264,0.0
519,200,0.0
519,189,0.0
519,362,0.0
519,17,0.0
519,16,0.0
519,310,0.0
588,416,2.945257565626059
588,824,1.9726287828130296
588,362,1.2850808501348538
588,352,1.142800585374995
588,125,1.0
588,190,1.0
588,415,1.0
588,19,1.0
588,399,0.7756060836792287
588,16,0.5701617002697077
605,399,0.0
605,476,0.0
605,264,0.0
605,200,0.0
605,189,0.0
605,362,0.0
605,17,0.0
605,16,0.0
605,310,0.0
605,59,0.0
540,119,0.0
540,399,0.0
540,476,0.0
540,264,0.0
540,200,0.0
540,189,0.0
540,362,0.0
540,17,0.0
540,16,0.0
540,310,0.0
653,119,0.0
653,20,0.0
653,399,0.0
653,476,0.0
653,200,0.0
653,189,0.0
653,362,0.0
653,17,0.0
653,16,0.0
653,310,0.0
535,20,0.0
535,399,0.0
535,476,0.0
535,264,0.0
535,200,0.0
535,189,0.0
535,362,0.0
535,17,0.0
535,16,0.0
535,310,0.0
484,399,0.0
484,476,0.0
484,264,0.0
484,200,0.0
484,189,0.0
484,362,0.0
484,17,0.0
484,16,0.0
484,310,0.0
484,59,0.0
566,264,27.364474917422307
566,20,25.11632899005943
566,255,18.22309013134364
566,287,16.110964829224137
566,189,15.588134562128339
566,310,13.515182571016622
566,362,11.109468208245072
566,16,10.529837979428391
566,352,8.36634571903843
566,22,6.751843409847921
591,264,16.0
591,200,13.0
591,399,12.0
591,20,11.0
591,94,10.0
591,287,7.0
591,255,6.0
591,362,6.0
591,16,5.0
591,189,5.0
611,119,0.0
611,20,0.0
611,399,0.0
611,476,0.0
611,264,0.0
611,200,0.0
611,189,0.0
611,362,0.0
611,17,0.0
611,16,0.0
525,399,21.573997919465114
525,20,20.522585748374045
525,189,16.56395053087636
525,310,14.940526403689743
525,287,14.286976706002143
525,79,14.051936193564387
525,255,12.733320745719565
525,16,8.021207678465874
525,22,6.933399750342609
525,362,6.219454950514526
635,415,1.0
635,255,1.0
635,134,1.0
635,352,1.0
635,416,0.9999999999999999
635,125,0.9999999999999999
635,19,0.9999999999999999
635,59,0.0
635,79,0.0
635,17,0.0
609,119,0.0
609,20,0.0
609,399,0.0
609,476,0.0
609,264,0.0
609,200,0.0
609,189,0.0
609,362,0.0
609,17,0.0
609,16,0.0
483,119,0.0
483,20,0.0
483,476,0.0
483,264,0.0
483,200,0.0
483,362,0.0
483,17,0.0
483,16,0.0
483,310,0.0
483,59,0.0
458,119,0.0
458,20,0.0
458,399,0.0
458,476,0.0
458,264,0.0
458,200,0.0
458,189,0.0
458,362,0.0
458,17,0.0
458,16,0.0
496,119,0.0
496,20,0.0
496,399,0.0
496,476,0.0
496,264,0.0
496,200,0.0
496,189,0.0
496,362,0.0
496,17,0.0
496,16,0.0
642,362,3.0
642,352,3.0
642,264,2.000000000000001
642,22,2.0
642,310,2.0
642,200,1.9999999999999998
642,78,1.0000000000000002
642,77,1.0000000000000002
642,119,1.0
642,416,1.0
526,119,0.0
526,20,0.0
526,399,0.0
526,476,0.0
526,264,0.0
526,200,0.0
526,189,0.0
526,362,0.0
526,17,0.0
526,16,0.0
459,119,0.0
459,20,0.0
459,399,0.0
459,476,0.0
459,264,0.0
459,200,0.0
459,189,0.0
459,362,0.0
459,17,0.0
459,16,0.0
616,119,0.0
616,20,0.0
616,399,0.0
616,476,0.0
616,264,0.0
616,200,0.0
616,189,0.0
616,362,0.0
616,17,0.0
616,16,0.0
641,119,0.0
641,20,0.0
641,399,0.0
641,476,0.0
641,264,0.0
641,189,0.0
641,362,0.0
641,17,0.0
641,16,0.0
641,310,0.0
478,264,20.325770716468924
478,399,17.27553309437187
478,94,16.713397171049518
478,20,16.382635438527736
478,79,13.815438067737789
478,287,12.801531326455818
478,310,11.336507375497883
478,16,9.708335723581927
478,255,9.36718704598078
478,362,8.282311608038057
493,119,0.0
493,20,0.0
493,399,0.0
493,476,0.0
493,264,0.0
493,200,0.0
493,189,0.0
493,362,0.0
493,17,0.0
493,16,0.0
553,119,0.0
553,20,0.0
553,476,0.0
553,264,0.0
553,200,0.0
553,189,0.0
553,362,0.0
553,17,0.0
553,16,0.0
553,310,0.0
601,119,0.0
601,20,0.0
601,399,0.0
601,476,0.0
601,264,0.0
601,200,0.0
601,189,0.0
601,362,0.0
601,17,0.0
601,16,0.0
583,119,0.0
583,399,0.0
583,476,0.0
583,264,0.0
583,200,0.0
583,189,0.0
583,362,0.0
583,17,0.0
583,16,0.0
583,310,0.0
617,94,15.302347278422495
617,189,12.89638040933312
617,79,10.044281134921308
617,264,9.184613486909107
617,362,7.231174468607646
617,255,6.7194836861084255
617,352,5.661065240996506
617,310,3.223415699514913
617,89,2.133437716987448
617,824,1.4451552635524194
576,119,0.0
576,20,0.0
576,476,0.0
576,264,0.0
576,200,0.0
576,189,0.0
576,362,0.0
576,17,0.0
576,16,0.0
576,310,0.0
464,119,0.0
464,20,0.0
464,476,0.0
464,264,0.0
464,200,0.0
464,189,0.0
464,362,0.0
464,17,0.0
464,16,0.0
464,310,0.0
474,264,6.0
474,189,4.0
474,119,4.0
474,200,3.0
474,20,3.0
474,255,3.0
474,287,2.0
474,59,1.0000000000000002
474,310,1.0
474,362,1.0
662,119,0.0
662,20,0.0
662,399,0.0
662,476,0.0
662,264,0.0
662,200,0.0
662,189,0.0
662,362,0.0
662,17,0.0
662,16,0.0
627,119,0.0
627,20,0.0
627,399,0.0
627,476,0.0
627,264,0.0
627,200,0.0
627,189,0.0
627,362,0.0
627,17,0.0
627,16,0.0
561,119,0.0
561,20,0.0
561,476,0.0
561,264,0.0
561,200,0.0
561,189,0.0
561,362,0.0
561,17,0.0
561,16,0.0
561,310,0.0
557,119,0.0
557,20,0.0
557,399,0.0
557,476,0.0
557,264,0.0
557,200,0.0
557,189,0.0
557,362,0.0
557,17,0.0
557,16,0.0
634,119,0.0
634,20,0.0
634,399,0.0
634,476,0.0
634,264,0.0
634,200,0.0
634,189,0.0
634,362,0.0
634,17,0.0
634,16,0.0
606,20,0.0
606,399,0.0
606,476,0.0
606,264,0.0
606,200,0.0
606,189,0.0
606,362,0.0
606,17,0.0
606,16,0.0
606,310,0.0
638,20,0.0
638,399,0.0
638,476,0.0
638,264,0.0
638,200,0.0
638,189,0.0
638,362,0.0
638,17,0.0
638,16,0.0
638,310,0.0
565,119,0.0
565,20,0.0
565,399,0.0
565,476,0.0
565,264,0.0
565,200,0.0
565,189,0.0
565,362,0.0
565,17,0.0
565,16,0.0
633,119,0.0
633,399,0.0
633,476,0.0
633,264,0.0
633,200,0.0
633,189,0.0
633,362,0.0
633,17,0.0
633,16,0.0
633,310,0.0
556,119,0.0
556,20,0.0
556,399,0.0
556,476,0.0
556,264,0.0
556,200,0.0
556,189,0.0
556,362,0.0
556,17,0.0
556,16,0.0
452,119,0.0
452,20,0.0
452,399,0.0
452,476,0.0
452,264,0.0
452,189,0.0
452,362,0.0
452,17,0.0
452,16,0.0
452,310,0.0
650,287,10.656129593681667
650,310,9.745986976671654
650,79,8.033842840769825
650,16,6.436308983425539
650,78,3.6186602080818924
650,134,2.6581497490562493
650,89,2.227849190624986
650,59,2.2272978457832764
650,416,1.1941925778541405
650,400,0.9920645329164458
550,20,6.759571394292488
550,200,4.1649226550639415
550,255,2.999411468321904
550,287,2.6228463032562157
550,94,2.4602091701351583
550,16,1.8121748973718894
550,59,1.6598472187236646
550,134,1.4931270663228413
550,476,1.0
550,17,1.0
651,200,10.859148828138645
651,16,6.500137438964196
651,264,6.2158047504108715
651,255,5.110264826783665
651,189,4.839554949816293
651,362,3.8293738120290044
651,134,1.9869093950854486
651,78,1.26238559156547
651,79,0.9132586729986185
651,824,0.8832329199624945
521,119,0.0
521,20,0.0
521,399,0.0
521,476,0.0
521,264,0.0
521,200,0.0
521,362,0.0
521,17,0.0
521,16,0.0
521,310,0.0
482,119,0.0
482,399,0.0
482,476,0.0
482,264,0.0
482,200,0.0
482,189,0.0
482,362,0.0
482,17,0.0
482,16,0.0
482,310,0.0
479,119,0.0
479,20,0.0
479,476,0.0
479,264,0.0
479,200,0.0
479,189,0.0
479,362,0.0
479,17,0.0
479,16,0.0
479,310,0.0
546,119,0.0
546,20,0.0
546,476,0.0
546,264,0.0
546,200,0.0
546,189,0.0
546,362,0.0
546,17,0.0
546,16,0.0
546,310,0.0
539,119,0.0
539,20,0.0
539,399,0.0
539,476,0.0
539,264,0.0
539,200,0.0
539,362,0.0
539,17,0.0
539,16,0.0
539,310,0.0
548,119,0.0
548,399,0.0
548,476,0.0
548,264,0.0
548,200,0.0
548,362,0.0
548,17,0.0
548,16,0.0
548,310,0.0
548,59,0.0
603,119,13.838509067081176
603,287,11.0554956439039
603,264,9.333839010447745
603,255,9.052483172836816
603,310,8.735026416715813
603,189,8.008686334356588
603,362,6.227846439924092
603,16,5.865787292096779
603,79,5.726269407200677
603,352,4.965330989382028
554,119,0.0
554,20,0.0
554,476,0.0
554,264,0.0
554,200,0.0
554,189,0.0
554,362,0.0
554,17,0.0
554,16,0.0
554,310,0.0
513,20,0.0
513,399,0.0
513,476,0.0
513,264,0.0
513,200,0.0
513,189,0.0
513,362,0.0
513,17,0.0
513,16,0.0
513,310,0.0
552,20,0.0
552,399,0.0
552,476,0.0
552,264,0.0
552,200,0.0
552,189,0.0
552,362,0.0
552,17,0.0
552,16,0.0
552,310,0.0
500,264,16.0
500,200,13.0
500,399,12.0
500,20,11.0
500,94,10.0
500,287,7.0
500,255,6.0
500,362,6.0
500,16,5.0
500,189,5.0
648,119,0.0
648,20,0.0
648,399,0.0
648,476,0.0
648,264,0.0
648,200,0.0
648,189,0.0
648,362,0.0
648,17,0.0
648,16,0.0
520,119,0.0
520,20,0.0
520,399,0.0
520,476,0.0
520,264,0.0
520,200,0.0
520,362,0.0
520,17,0.0
520,16,0.0
520,310,0.0
555,119,0.0
555,20,0.0
555,399,0.0
555,476,0.0
555,264,0.0
555,200,0.0
555,189,0.0
555,362,0.0
555,17,0.0
555,16,0.0
460,119,0.0
460,20,0.0
460,476,0.0
460,264,0.0
460,200,0.0
460,189,0.0
460,362,0.0
460,17,0.0
460,16,0.0
460,310,0.0
506,119,0.0
506,20,0.0
506,399,0.0
506,476,0.0
506,264,0.0
506,200,0.0
506,189,0.0
506,362,0.0
506,17,0.0
506,16,0.0
649,119,0.0
649,399,0.0
649,476,0.0
649,264,0.0
649,200,0.0
649,189,0.0
649,362,0.0
649,17,0.0
649,16,0.0
649,310,0.0
602,119,0.0
602,20,0.0
602,399,0.0
602,476,0.0
602,200,0.0
602,189,0.0
602,362,0.0
602,17,0.0
602,16,0.0
602,310,0.0
533,119,0.0
533,20,0.0
533,399,0.0
533,476,0.0
533,264,0.0
533,200,0.0
533,189,0.0
533,362,0.0
533,17,0.0
533,16,0.0
491,119,0.0
491,20,0.0
491,399,0.0
491,476,0.0
491,264,0.0
491,200,0.0
491,189,0.0
491,362,0.0
491,17,0.0
491,16,0.0
621,79,4.037989952906798
621,78,2.9930943224627065
621,352,1.9982491322119724
621,399,1.3859386070843216
621,59,0.7207220854077382
621,824,0.46422436706333803
621,416,0.2774859331616941
621,77,0.11295721943852027
621,89,0.08961854750814013
621,284,0.06570840843992241
498,119,0.0
498,20,0.0
498,399,0.0
498,476,0.0
498,264,0.0
498,200,0.0
498,189,0.0
498,362,0.0
498,17,0.0
498,16,0.0
590,119,11.736325749868394
590,200,8.869124080494288
590,287,8.128656883194534
590,16,5.8563507605763325
590,189,5.457706176323287
590,79,5.2919097787710925
590,255,4.703494901334588
590,362,4.623605890655836
590,264,4.6080922000330915
590,22,4.161674302535618
574,20,0.0
574,399,0.0
574,476,0.0
574,264,0.0
574,200,0.0
574,189,0.0
574,362,0.0
574,17,0.0
574,16,0.0
574,310,0.0
575,20,0.0
575,399,0.0
575,476,0.0
575,264,0.0
575,200,0.0
575,189,0.0
575,362,0.0
575,17,0.0
575,16,0.0
575,310,0.0
453,119,0.0
453,20,0.0
453,399,0.0
453,476,0.0
453,264,0.0
453,200,0.0
453,189,0.0
453,362,0.0
453,17,0.0
453,16,0.0
564,119,0.0
564,20,0.0
564,399,0.0
564,476,0.0
564,200,0.0
564,189,0.0
564,362,0.0
564,17,0.0
564,16,0.0
564,310,0.0
562,119,0.0
562,20,0.0
562,399,0.0
562,476,0.0
562,264,0.0
562,200,0.0
562,189,0.0
562,362,0.0
562,17,0.0
562,16,0.0
643,399,13.0
643,119,12.0
643,200,12.0
643,189,9.0
643,264,8.0
643,255,8.0
643,287,7.0
643,362,7.0
643,16,7.0
643,310,6.0
501,119,23.584387523589015
501,200,23.124406667970142
501,399,21.85026198009325
501,264,20.967478543343553
501,189,14.617563179808275
501,287,14.494028977121456
501,255,11.918985296401194
501,310,11.177732129273563
501,362,8.743136084187569
501,22,8.019179724857212
571,119,0.0
571,20,0.0
571,399,0.0
571,476,0.0
571,264,0.0
571,200,0.0
571,189,0.0
571,362,0.0
571,17,0.0
571,16,0.0
508,119,0.0
508,20,0.0
508,399,0.0
508,476,0.0
508,264,0.0
508,200,0.0
508,189,0.0
508,362,0.0
508,17,0.0
508,16,0.0
656,119,0.0
656,20,0.0
656,399,0.0
656,476,0.0
656,264,0.0
656,200,0.0
656,189,0.0
656,362,0.0
656,17,0.0
656,16,0.0
499,119,0.0
499,399,0.0
499,476,0.0
499,264,0.0
499,200,0.0
499,189,0.0
499,362,0.0
499,17,0.0
499,16,0.0
499,310,0.0
637,119,0.0
637,399,0.0
637,476,0.0
637,264,0.0
637,200,0.0
637,189,0.0
637,362,0.0
637,17,0.0
637,16,0.0
637,310,0.0
586,352,4.0633881248137
586,16,3.243579513027557
586,94,2.1658013727000203
586,200,1.9354498632386343
586,255,0.46993708331866757
586,59,0.24971164335315055
586,77,0.23557448770742745
586,284,0.0
586,400,0.0
586,19,-0.04985741195637302
527,119,0.0
527,20,0.0
527,399,0.0
527,476,0.0
527,264,0.0
527,200,0.0
527,362,0.0
527,17,0.0
527,16,0.0
527,310,0.0
626,119,0.0
626,399,0.0
626,476,0.0
626,264,0.0
626,200,0.0
626,189,0.0
626,362,0.0
626,17,0.0
626,16,0.0
626,310,0.0
551,119,0.0
551,20,0.0
551,399,0.0
551,476,0.0
551,264,0.0
551,189,0.0
551,362,0.0
551,17,0.0
551,16,0.0
551,310,0.0
502,119,0.0
502,20,0.0
502,399,0.0
502,476,0.0
502,264,0.0
502,189,0.0
502,362,0.0
502,17,0.0
502,16,0.0
502,310,0.0
582,119,0.0
582,20,0.0
582,399,0.0
582,476,0.0
582,264,0.0
582,200,0.0
582,189,0.0
582,362,0.0
582,17,0.0
582,16,0.0
511,119,0.0
511,399,0.0
511,476,0.0
511,264,0.0
511,200,0.0
511,189,0.0
511,362,0.0
511,17,0.0
511,16,0.0
511,310,0.0
573,119,0.0
573,20,0.0
573,399,0.0
573,476,0.0
573,200,0.0
573,189,0.0
573,362,0.0
573,17,0.0
573,16,0.0
573,310,0.0
462,119,0.0
462,20,0.0
462,399,0.0
462,476,0.0
462,264,0.0
462,200,0.0
462,189,0.0
462,362,0.0
462,17,0.0
462,16,0.0
604,119,0.0
604,399,0.0
604,476,0.0
604,264,0.0
604,200,0.0
604,189,0.0
604,362,0.0
604,17,0.0
604,16,0.0
604,310,0.0
473,119,0.0
473,20,0.0
473,399,0.0
473,476,0.0
473,264,0.0
473,200,0.0
473,189,0.0
473,362,0.0
473,17,0.0
473,16,0.0
488,134,1.0
488,77,0.0
488,125,0.0
488,19,0.0
488,190,0.0
488,284,0.0
488,476,0.0
488,415,0.0
488,17,0.0
488,400,0.0
558,416,1.3912847417390306
558,78,1.0526716824123437
558,190,0.9999999999999998
558,125,0.9999999999999998
558,19,0.9999999999999998
558,415,0.5
558,89,0.1728872945775496
558,59,1.1102230246251565E-16
558,476,0.0
558,17,0.0
613,119,0.0
613,20,0.0
613,399,0.0
613,476,0.0
613,264,0.0
613,200,0.0
613,189,0.0
613,362,0.0
613,17,0.0
613,16,0.0
547,119,0.0
547,20,0.0
547,476,0.0
547,264,0.0
547,200,0.0
547,189,0.0
547,362,0.0
547,17,0.0
547,16,0.0
547,310,0.0
505,119,0.0
505,20,0.0
505,399,0.0
505,476,0.0
505,264,0.0
505,200,0.0
505,189,0.0
505,362,0.0
505,17,0.0
505,16,0.0
595,119,0.0
595,20,0.0
595,399,0.0
595,476,0.0
595,264,0.0
595,200,0.0
595,189,0.0
595,362,0.0
595,17,0.0
595,16,0.0
658,119,0.0
658,20,0.0
658,399,0.0
658,476,0.0
658,264,0.0
658,200,0.0
658,189,0.0
658,362,0.0
658,17,0.0
658,16,0.0
646,119,0.0
646,20,0.0
646,399,0.0
646,476,0.0
646,264,0.0
646,200,0.0
646,189,0.0
646,362,0.0
646,17,0.0
646,16,0.0
497,119,0.0
497,20,0.0
497,399,0.0
497,476,0.0
497,264,0.0
497,200,0.0
497,362,0.0
497,17,0.0
497,16,0.0
497,310,0.0
596,119,0.0
596,20,0.0
596,399,0.0
596,476,0.0
596,264,0.0
596,200,0.0
596,189,0.0
596,362,0.0
596,17,0.0
596,16,0.0
628,79,5.0
628,399,4.0
628,255,3.0
628,416,3.0
628,824,2.0000000000000004
628,78,2.0
628,200,1.9999999999999998
628,362,1.9999999999999998
628,119,1.9999999999999998
628,134,1.0
630,119,0.0
630,20,0.0
630,399,0.0
630,476,0.0
630,264,0.0
630,200,0.0
630,189,0.0
630,362,0.0
630,17,0.0
630,16,0.0
455,119,0.0
455,399,0.0
455,476,0.0
455,264,0.0
455,200,0.0
455,189,0.0
455,362,0.0
455,17,0.0
455,16,0.0
455,310,0.0
622,59,2.2838718866656795
622,400,1.0
622,415,0.9886122490757357
622,89,0.242704639429693
622,255,0.14216901022528705
622,125,0.03509598717696612
622,19,0.03509598717696612
622,476,0.0
622,284,0.0
622,17,0.0
580,119,0.0
580,20,0.0
580,399,0.0
580,476,0.0
580,264,0.0
580,200,0.0
580,189,0.0
580,362,0.0
580,17,0.0
580,16,0.0
530,20,0.0
530,399,0.0
530,476,0.0
530,264,0.0
530,200,0.0
530,189,0.0
530,362,0.0
530,17,0.0
530,16,0.0
530,310,0.0
532,399,9.0
532,94,7.0
532,287,6.0
532,200,6.0
532,16,5.0
532,310,3.0
532,264,3.0
532,189,1.9999999999999998
532,362,1.9999999999999998
532,77,1.0
503,119,0.0
503,20,0.0
503,399,0.0
503,476,0.0
503,264,0.0
503,189,0.0
503,362,0.0
503,17,0.0
503,16,0.0
503,310,0.0
652,119,0.0
652,20,0.0
652,399,0.0
652,476,0.0
652,264,0.0
652,200,0.0
652,189,0.0
652,362,0.0
652,17,0.0
652,16,0.0
456,119,0.0
456,20,0.0
456,399,0.0
456,476,0.0
456,264,0.0
456,200,0.0
456,189,0.0
456,362,0.0
456,17,0.0
456,16,0.0
457,119,0.0
457,399,0.0
457,476,0.0
457,264,0.0
457,200,0.0
457,189,0.0
457,362,0.0
457,17,0.0
457,16,0.0
457,310,0.0
468,119,0.0
468,20,0.0
468,399,0.0
468,476,0.0
468,264,0.0
468,200,0.0
468,189,0.0
468,362,0.0
468,17,0.0
468,16,0.0
647,119,0.0
647,20,0.0
647,476,0.0
647,264,0.0
647,200,0.0
647,189,0.0
647,362,0.0
647,17,0.0
647,16,0.0
647,310,0.0
490,119,0.0
490,20,0.0
490,399,0.0
490,476,0.0
490,264,0.0
490,189,0.0
490,362,0.0
490,17,0.0
490,16,0.0
490,310,0.0
559,200,11.0
559,119,10.0
559,20,9.0
559,399,8.0
559,287,7.000000000000001
559,264,7.000000000000001
559,16,6.000000000000001
559,255,6.000000000000001
559,310,6.0
559,189,5.0
536,119,0.0
536,20,0.0
536,399,0.0
536,476,0.0
536,264,0.0
536,200,0.0
536,189,0.0
536,362,0.0
536,17,0.0
536,16,0.0
470,119,0.0
470,20,0.0
470,399,0.0
470,476,0.0
470,264,0.0
470,200,0.0
470,189,0.0
470,362,0.0
470,17,0.0
470,16,0.0
615,119,0.0
615,20,0.0
615,399,0.0
615,476,0.0
615,264,0.0
615,200,0.0
615,189,0.0
615,362,0.0
615,17,0.0
615,16,0.0
531,264,9.0
531,119,8.0
531,200,6.0
531,399,6.0
531,94,5.0
531,352,5.0
531,310,4.0
531,287,4.0
531,16,4.0
531,22,3.0
563,119,0.0
563,399,0.0
563,476,0.0
563,264,0.0
563,200,0.0
563,189,0.0
563,362,0.0
563,17,0.0
563,16,0.0
563,310,0.0
480,119,0.0
480,399,0.0
480,476,0.0
480,264,0.0
480,200,0.0
480,189,0.0
480,362,0.0
480,17,0.0
480,16,0.0
480,310,0.0
636,119,0.0
636,20,0.0
636,476,0.0
636,264,0.0
636,200,0.0
636,189,0.0
636,362,0.0
636,17,0.0
636,16,0.0
636,310,0.0
467,119,0.0
467,20,0.0
467,399,0.0
467,476,0.0
467,264,0.0
467,200,0.0
467,189,0.0
467,362,0.0
467,17,0.0
467,16,0.0
567,119,0.0
567,20,0.0
567,399,0.0
567,476,0.0
567,264,0.0
567,200,0.0
567,189,0.0
567,362,0.0
567,17,0.0
567,16,0.0
537,119,0.0
537,20,0.0
537,399,0.0
537,476,0.0
537,264,0.0
537,200,0.0
537,189,0.0
537,362,0.0
537,17,0.0
537,16,0.0
543,119,0.0
543,20,0.0
543,399,0.0
543,476,0.0
543,200,0.0
543,189,0.0
543,362,0.0
543,17,0.0
543,16,0.0
543,310,0.0
666,189,11.961100459597922
666,310,11.259635849635092
666,78,3.5602136107629994
666,59,2.4214351195717843
666,134,2.3226959664256914
666,89,1.7319595922443043
666,190,0.9356373467321899
666,284,0.5718892752567206
666,415,0.49429404915296415
666,125,0.4356373467321898
670,119,0.0
670,20,0.0
670,399,0.0
670,476,0.0
670,264,0.0
670,200,0.0
670,189,0.0
670,362,0.0
670,17,0.0
670,16,0.0
674,119,0.0
674,20,0.0
674,399,0.0
674,476,0.0
674,264,0.0
674,200,0.0
674,189,0.0
674,362,0.0
674,17,0.0
674,16,0.0
663,79,4.717397989071086
663,16,3.9977123797226444
663,119,2.367595817490465
663,284,0.7173888631251124
663,134,0.6883988715530864
663,59,0.4436318054650747
663,416,0.3889992648235471
663,190,0.38898413507330976
663,125,0.38898413507330976
663,19,0.38898413507330976
673,20,14.510000776138071
673,310,13.49712776546448
673,94,13.11175720089027
673,189,12.5206807738526
673,255,12.148890461984177
673,16,9.364050418146546
673,287,6.705667979818372
673,352,6.16079097303462
673,362,5.4975048687976695
673,89,3.619885862819809
669,119,0.0
669,20,0.0
669,476,0.0
669,264,0.0
669,200,0.0
669,189,0.0
669,362,0.0
669,17,0.0
669,16,0.0
669,310,0.0
672,20,12.306603661314185
672,399,11.496111448686083
672,200,9.191615865827437
672,94,7.713740409790503
672,287,5.219106240588321
672,79,5.156778604419602
672,134,2.3211665519190343
672,824,1.9999999999999998
672,362,1.8759462187173315
672,255,1.5767434577041453
667,20,0.0
667,399,0.0
667,476,0.0
667,264,0.0
667,200,0.0
667,189,0.0
667,362,0.0
667,17,0.0
667,16,0.0
667,310,0.0
675,119,0.0
675,399,0.0
675,476,0.0
675,264,0.0
675,200,0.0
675,189,0.0
675,362,0.0
675,17,0.0
675,16,0.0
675,310,0.0
668,119,0.0
668,20,0.0
668,399,0.0
668,476,0.0
668,264,0.0
668,200,0.0
668,189,0.0
668,362,0.0
668,17,0.0
668,16,0.0
439,119,0.0
439,399,0.0
439,476,0.0
439,264,0.0
439,200,0.0
439,189,0.0
439,362,0.0
439,17,0.0
439,16,0.0
439,310,0.0
426,20,0.0
426,399,0.0
426,476,0.0
426,264,0.0
426,200,0.0
426,189,0.0
426,362,0.0
426,17,0.0
426,16,0.0
426,310,0.0
424,119,0.0
424,20,0.0
424,399,0.0
424,476,0.0
424,264,0.0
424,200,0.0
424,189,0.0
424,362,0.0
424,17,0.0
424,16,0.0
435,20,3.0
435,255,2.000000000000001
435,22,2.0000000000000004
435,264,1.0000000000000007
435,352,1.0000000000000004
435,415,1.0000000000000002
435,89,1.0000000000000002
435,824,1.0000000000000002
435,399,4.440892098500626E-16
435,287,4.440892098500626E-16
433,119,0.0
433,20,0.0
433,399,0.0
433,476,0.0
433,264,0.0
433,200,0.0
433,189,0.0
433,362,0.0
433,17,0.0
433,16,0.0
432,119,0.0
432,20,0.0
432,399,0.0
432,476,0.0
432,264,0.0
432,200,0.0
432,189,0.0
432,362,0.0
432,17,0.0
432,16,0.0
443,119,0.0
443,20,0.0
443,399,0.0
443,476,0.0
443,264,0.0
443,200,0.0
443,189,0.0
443,362,0.0
443,17,0.0
443,16,0.0
440,119,0.0
440,20,0.0
440,399,0.0
440,476,0.0
440,264,0.0
440,189,0.0
440,362,0.0
440,17,0.0
440,16,0.0
440,310,0.0
415,399,9.0
415,94,7.0
415,200,6.0
415,264,5.0
415,310,5.0
415,119,4.0
415,22,4.0
415,287,4.0
415,79,3.0
415,255,3.0
429,119,0.0
429,20,0.0
429,399,0.0
429,476,0.0
429,264,0.0
429,200,0.0
429,189,0.0
429,362,0.0
429,17,0.0
429,16,0.0
420,79,11.049797488102707
420,287,3.802219086869961
420,94,3.3577074759173193
420,16,3.000887189974604
420,78,2.7219195994851737
420,824,0.9182891184919535
420,77,0.7252592094261336
420,400,0.4999999999999999
420,89,0.25814456459722757
420,476,-0.19145550896473024
411,352,2.206080300410459
411,78,1.1867398503310855
411,284,1.0
411,59,0.8343751176480828
411,824,0.7641336894380284
411,125,0.5901515328509518
411,19,0.5901515328509518
411,416,0.2874731181184027
411,476,0.2618889799314964
411,17,0.2618889799314964
430,119,0.0
430,20,0.0
430,399,0.0
430,476,0.0
430,264,0.0
430,200,0.0
430,189,0.0
430,362,0.0
430,17,0.0
430,16,0.0
422,287,8.94469298375385
422,200,7.3660642272507175
422,94,7.2344708788342995
422,189,6.516809740640168
422,79,2.637676770124523
422,78,2.339018087379846
422,310,2.1931101458465436
422,362,2.0681200257971533
422,824,1.564320433022512
422,416,1.1252274700791618
436,119,0.0
436,20,0.0
436,399,0.0
436,476,0.0
436,264,0.0
436,200,0.0
436,189,0.0
436,362,0.0
436,17,0.0
436,16,0.0
417,119,0.0
417,20,0.0
417,399,0.0
417,476,0.0
417,200,0.0
417,189,0.0
417,362,0.0
417,17,0.0
417,16,0.0
417,310,0.0
438,20,0.0
438,399,0.0
438,476,0.0
438,264,0.0
438,200,0.0
438,189,0.0
438,362,0.0
438,17,0.0
438,16,0.0
438,310,0.0
442,119,0.0
442,20,0.0
442,399,0.0
442,476,0.0
442,264,0.0
442,200,0.0
442,189,0.0
442,362,0.0
442,17,0.0
442,16,0.0
431,119,0.0
431,20,0.0
431,399,0.0
431,476,0.0
431,264,0.0
431,200,0.0
431,189,0.0
431,362,0.0
431,17,0.0
431,16,0.0
419,119,0.0
419,20,0.0
419,399,0.0
419,476,0.0
419,264,0.0
419,200,0.0
419,362,0.0
419,17,0.0
419,16,0.0
419,310,0.0
441,255,2.5
441,264,1.0000000000000007
441,134,1.0000000000000002
441,415,1.0000000000000002
441,824,1.0
441,22,0.4999999999999998
441,284,0.0
441,89,0.0
441,476,0.0
441,17,0.0
414,119,0.0
414,20,0.0
414,399,0.0
414,476,0.0
414,264,0.0
414,200,0.0
414,189,0.0
414,362,0.0
414,17,0.0
414,16,0.0
410,119,0.0
410,399,0.0
410,476,0.0
410,264,0.0
410,200,0.0
410,189,0.0
410,362,0.0
410,17,0.0
410,16,0.0
410,310,0.0
423,119,0.0
423,20,0.0
423,399,0.0
423,476,0.0
423,264,0.0
423,200,0.0
423,189,0.0
423,362,0.0
423,17,0.0
423,16,0.0
418,119,0.0
418,20,0.0
418,399,0.0
418,476,0.0
418,264,0.0
418,189,0.0
418,362,0.0
418,17,0.0
418,16,0.0
418,310,0.0
412,119,0.0
412,20,0.0
412,399,0.0
412,476,0.0
412,200,0.0
412,189,0.0
412,362,0.0
412,17,0.0
412,16,0.0
412,310,0.0
428,119,0.0
428,20,0.0
428,399,0.0
428,476,0.0
428,200,0.0
428,189,0.0
428,362,0.0
428,17,0.0
428,16,0.0
428,310,0.0
437,119,0.0
437,20,0.0
437,399,0.0
437,476,0.0
437,264,0.0
437,200,0.0
437,189,0.0
437,362,0.0
437,17,0.0
437,16,0.0
434,20,0.0
434,399,0.0
434,476,0.0
434,264,0.0
434,200,0.0
434,189,0.0
434,362,0.0
434,17,0.0
434,16,0.0
434,310,0.0
413,119,0.0
413,20,0.0
413,399,0.0
413,476,0.0
413,200,0.0
413,189,0.0
413,362,0.0
413,17,0.0
413,16,0.0
413,310,0.0
44,20,23.402448524671357
44,200,13.150233248435004
44,310,7.509488754300682
44,89,5.070250573919921
44,22,3.3317880700244897
44,78,2.2547200747045344
44,400,1.0000000000000002
44,284,0.38091945769893415
44,134,0.29839422062637816
44,416,0.24307924229680952
57,119,19.41446243174992
57,200,14.750073276085669
57,287,11.54241039094443
57,79,10.643181937328167
57,310,8.665888183575433
57,255,7.141963296334873
57,362,3.5202532784758365
57,134,3.4681987148796174
57,16,2.022705300795119
57,416,1.7757828173596275
38,287,12.381688713653503
38,255,8.989146792813946
38,79,8.453886406765767
38,16,5.535243475864329
38,78,3.7309524593635937
38,352,3.288936932070826
38,134,2.9664304241830894
38,824,1.2728263927244332
38,22,1.2634456782321637
38,416,1.1856619127691026
45,94,11.690011855590441
45,20,10.197699420985337
45,119,8.810577386286653
45,264,6.814327123214387
45,189,6.542025276650949
45,352,5.758139864385579
45,362,3.6362154667852558
45,16,3.2289124859650062
45,79,2.444680392224785
45,310,2.39543731375466
28,415,0.5000000000000001
28,134,0.5
28,352,0.17060378034863555
28,59,0.1339745962155613
28,16,0.1339745962155613
28,89,0.0
28,476,0.0
28,17,0.0
28,284,0.0
28,77,0.0
61,264,22.374504527602586
61,352,4.507231327254198
61,78,4.013078605079979
61,310,2.9848240434264968
61,416,1.7649356929452462
61,824,1.6000940008084974
61,134,1.4871011806972583
61,190,1.3939335081811923
61,89,1.2399297143316867
61,125,0.42130472536816277
36,399,12.899956670027246
36,119,12.283741630342648
36,200,11.183698300369894
36,264,8.283741630342648
36,16,7.283741630342647
36,189,7.183698300369894
36,362,6.283741630342648
36,287,6.183698300369894
36,255,6.183698300369894
36,310,4.183698300369893
54,119,0.0
54,399,0.0
54,476,0.0
54,264,0.0
54,200,0.0
54,189,0.0
54,362,0.0
54,17,0.0
54,16,0.0
54,310,0.0
47,20,0.0
47,399,0.0
47,476,0.0
47,264,0.0
47,200,0.0
47,189,0.0
47,362,0.0
47,17,0.0
47,16,0.0
47,310,0.0
29,119,0.0
29,20,0.0
29,399,0.0
29,476,0.0
29,264,0.0
29,200,0.0
29,189,0.0
29,362,0.0
29,17,0.0
29,16,0.0
26,119,0.0
26,20,0.0
26,476,0.0
26,264,0.0
26,200,0.0
26,189,0.0
26,362,0.0
26,17,0.0
26,16,0.0
26,310,0.0
33,399,21.20772356226049
33,20,16.980246487570447
33,79,13.40060362898083
33,94,11.049286312361433
33,310,10.051393578391776
33,255,9.56358884772534
33,362,6.5533328679570175
33,78,5.490990157872203
33,16,4.945385118498718
33,22,4.546533968830147
46,119,0.0
46,20,0.0
46,399,0.0
46,476,0.0
46,264,0.0
46,200,0.0
46,189,0.0
46,362,0.0
46,17,0.0
46,16,0.0
21,200,7.629745708699561
21,94,6.168341437421507
21,189,5.043714260626195
21,78,3.9413436375024062
21,310,3.7253720111022206
21,399,3.4144405150180788
21,362,2.00528884568527
21,824,1.6326883188705676
21,352,1.4403887219891247
21,287,1.1532258025877438
48,119,0.0
48,20,0.0
48,476,0.0
48,264,0.0
48,200,0.0
48,189,0.0
48,362,0.0
48,17,0.0
48,16,0.0
48,310,0.0
7,20,0.0
7,399,0.0
7,476,0.0
7,264,0.0
7,200,0.0
7,189,0.0
7,362,0.0
7,17,0.0
7,16,0.0
7,310,0.0
53,119,0.0
53,20,0.0
53,399,0.0
53,476,0.0
53,264,0.0
53,189,0.0
53,362,0.0
53,17,0.0
53,16,0.0
53,310,0.0
8,119,0.0
8,399,0.0
8,476,0.0
8,264,0.0
8,200,0.0
8,189,0.0
8,362,0.0
8,17,0.0
8,16,0.0
8,310,0.0
25,119,0.0
25,20,0.0
25,399,0.0
25,476,0.0
25,264,0.0
25,200,0.0
25,189,0.0
25,362,0.0
25,17,0.0
25,16,0.0
35,119,23.224698841449758
35,264,15.034429801622952
35,78,3.2845144994519906
35,362,2.832712315716803
35,59,1.9253706424075059
35,824,1.5509577084437098
35,89,1.4188983476671133
35,16,0.9888089871009962
35,17,0.7621865059840387
35,476,0.7621865059840387
19,20,0.0
19,399,0.0
19,476,0.0
19,264,0.0
19,200,0.0
19,189,0.0
19,362,0.0
19,17,0.0
19,16,0.0
19,310,0.0
69,119,0.0
69,20,0.0
69,399,0.0
69,476,0.0
69,189,0.0
69,362,0.0
69,17,0.0
69,16,0.0
69,310,0.0
69,59,0.0
20,22,4.246155792216122
20,79,3.3801303884316827
20,78,2.0
20,352,1.6339745962155612
20,310,1.5111527650976004
20,416,1.5
20,287,1.2761732144614795
20,824,0.9999999999999999
20,190,0.5000000000000001
20,125,0.5000000000000001
23,119,0.0
23,20,0.0
23,476,0.0
23,264,0.0
23,200,0.0
23,189,0.0
23,362,0.0
23,17,0.0
23,16,0.0
23,310,0.0
56,119,0.0
56,20,0.0
56,399,0.0
56,476,0.0
56,264,0.0
56,200,0.0
56,189,0.0
56,362,0.0
56,17,0.0
56,16,0.0
14,119,0.0
14,399,0.0
14,476,0.0
14,264,0.0
14,200,0.0
14,189,0.0
14,362,0.0
14,17,0.0
14,16,0.0
14,310,0.0
37,119,0.0
37,20,0.0
37,399,0.0
37,476,0.0
37,200,0.0
37,189,0.0
37,362,0.0
37,17,0.0
37,16,0.0
37,310,0.0
34,119,0.0
34,20,0.0
34,399,0.0
34,476,0.0
34,264,0.0
34,200,0.0
34,189,0.0
34,362,0.0
34,17,0.0
34,16,0.0
58,119,0.0
58,20,0.0
58,399,0.0
58,476,0.0
58,264,0.0
58,200,0.0
58,189,0.0
58,362,0.0
58,17,0.0
58,16,0.0
4,119,0.0
4,20,0.0
4,476,0.0
4,264,0.0
4,200,0.0
4,189,0.0
4,362,0.0
4,17,0.0
4,16,0.0
4,310,0.0
24,119,0.0
24,20,0.0
24,399,0.0
24,476,0.0
24,200,0.0
24,189,0.0
24,362,0.0
24,17,0.0
24,16,0.0
24,310,0.0
70,119,0.0
70,20,0.0
70,399,0.0
70,476,0.0
70,264,0.0
70,200,0.0
70,189,0.0
70,362,0.0
70,17,0.0
70,16,0.0
40,20,0.0
40,399,0.0
40,476,0.0
40,264,0.0
40,200,0.0
40,189,0.0
40,362,0.0
40,17,0.0
40,16,0.0
40,310,0.0
6,119,0.0
6,20,0.0
6,399,0.0
6,476,0.0
6,200,0.0
6,189,0.0
6,362,0.0
6,17,0.0
6,16,0.0
6,310,0.0
39,119,0.0
39,20,0.0
39,476,0.0
39,264,0.0
39,200,0.0
39,189,0.0
39,362,0.0
39,17,0.0
39,16,0.0
39,310,0.0
41,119,0.0
41,20,0.0
41,399,0.0
41,476,0.0
41,264,0.0
41,200,0.0
41,362,0.0
41,17,0.0
41,16,0.0
41,310,0.0
66,264,7.51629613601664
66,200,5.613319645013682
66,16,4.421571208512301
66,310,2.918608804792922
66,189,2.15221105117816
66,134,1.8284744543497309
66,89,1.2257769947927404
66,59,1.060175333770657
66,400,0.9999999999999999
66,17,0.8469466101772177
17,119,12.936094335200437
17,399,11.279724325027717
17,20,10.875940572658045
17,94,10.367549294945887
17,264,9.705235005924967
17,189,8.435301080856423
17,287,7.216885970016488
17,362,6.322093821865403
17,16,5.322093821865404
17,352,4.546995358646067
43,119,0.0
43,20,0.0
43,399,0.0
43,476,0.0
43,264,0.0
43,200,0.0
43,189,0.0
43,362,0.0
43,17,0.0
43,16,0.0
11,20,0.0
11,399,0.0
11,476,0.0
11,264,0.0
11,200,0.0
11,189,0.0
11,362,0.0
11,17,0.0
11,16,0.0
11,310,0.0
10,399,15.732079336017598
10,79,14.806815402020213
10,20,11.63873287715683
10,94,11.220970354998416
10,287,9.365810453382323
10,255,9.252908607366292
10,78,5.0826936176935416
10,22,5.02992120378813
10,16,4.871920851797953
10,362,4.737833703197713
12,119,0.0
12,20,0.0
12,399,0.0
12,476,0.0
12,264,0.0
12,200,0.0
12,189,0.0
12,362,0.0
12,17,0.0
12,16,0.0
16,119,0.0
16,20,0.0
16,399,0.0
16,476,0.0
16,264,0.0
16,189,0.0
16,362,0.0
16,17,0.0
16,16,0.0
16,310,0.0
64,119,0.0
64,20,0.0
64,399,0.0
64,476,0.0
64,264,0.0
64,200,0.0
64,189,0.0
64,362,0.0
64,17,0.0
64,16,0.0
30,119,0.0
30,399,0.0
30,476,0.0
30,264,0.0
30,200,0.0
30,189,0.0
30,362,0.0
30,17,0.0
30,16,0.0
30,310,0.0
32,119,0.0
32,20,0.0
32,399,0.0
32,476,0.0
32,200,0.0
32,189,0.0
32,362,0.0
32,17,0.0
32,16,0.0
32,310,0.0
68,119,0.0
68,20,0.0
68,399,0.0
68,476,0.0
68,264,0.0
68,200,0.0
68,189,0.0
68,362,0.0
68,17,0.0
68,16,0.0
9,287,2.9539247939452853
9,94,2.9539247939452853
9,119,2.922013445775444
9,16,2.922013445775444
9,264,2.922013445775444
9,399,2.8771371607995966
9,189,2.876537700260163
9,255,2.876537700260163
9,20,1.9539247939452853
9,22,1.9539247939452853
27,119,0.0
27,399,0.0
27,476,0.0
27,264,0.0
27,200,0.0
27,189,0.0
27,362,0.0
27,17,0.0
27,16,0.0
27,310,0.0
50,352,2.9999999999999996
50,264,1.9999999999999998
50,200,1.9999999999999998
50,399,1.9999999999999998
50,20,1.9999999999999998
50,119,1.9999999999999998
50,22,0.9999999999999999
50,94,0.9999999999999999
50,287,0.9999999999999999
50,310,0.9999999999999999
31,119,0.0
31,399,0.0
31,476,0.0
31,264,0.0
31,200,0.0
31,189,0.0
31,362,0.0
31,17,0.0
31,16,0.0
31,310,0.0
2,119,0.0
2,20,0.0
2,399,0.0
2,476,0.0
2,264,0.0
2,200,0.0
2,362,0.0
2,17,0.0
2,16,0.0
2,310,0.0
42,119,0.0
42,20,0.0
42,399,0.0
42,476,0.0
42,200,0.0
42,189,0.0
42,362,0.0
42,17,0.0
42,16,0.0
42,310,0.0
49,119,0.0
49,20,0.0
49,399,0.0
49,476,0.0
49,264,0.0
49,200,0.0
49,189,0.0
49,362,0.0
49,17,0.0
49,16,0.0
51,119,0.0
51,20,0.0
51,399,0.0
51,476,0.0
51,264,0.0
51,200,0.0
51,189,0.0
51,362,0.0
51,17,0.0
51,16,0.0
15,20,0.0
15,399,0.0
15,476,0.0
15,264,0.0
15,200,0.0
15,189,0.0
15,362,0.0
15,17,0.0
15,16,0.0
15,310,0.0
688,119,0.0
688,20,0.0
688,399,0.0
688,476,0.0
688,264,0.0
688,200,0.0
688,189,0.0
688,362,0.0
688,17,0.0
688,16,0.0
678,20,0.0
678,399,0.0
678,476,0.0
678,264,0.0
678,200,0.0
678,189,0.0
678,362,0.0
678,17,0.0
678,16,0.0
678,310,0.0
739,119,0.0
739,20,0.0
739,399,0.0
739,476,0.0
739,264,0.0
739,200,0.0
739,189,0.0
739,362,0.0
739,17,0.0
739,16,0.0
679,352,3.0
679,287,2.0
679,22,2.0
679,189,1.9999999999999998
679,119,1.9999999999999998
679,310,1.9999999999999998
679,79,1.0
679,190,1.0
679,78,1.0
679,89,1.0
687,119,0.0
687,20,0.0
687,399,0.0
687,476,0.0
687,264,0.0
687,200,0.0
687,189,0.0
687,362,0.0
687,17,0.0
687,16,0.0
729,17,1.0
729,476,1.0
729,77,0.6546536707079773
729,134,0.27668801150646705
729,400,0.0
729,284,0.0
729,59,-0.039177440751905546
729,415,-0.6830441604107887
729,19,-0.6910739502443812
729,190,-0.6910739502443812
685,119,0.0
685,20,0.0
685,399,0.0
685,476,0.0
685,264,0.0
685,189,0.0
685,362,0.0
685,17,0.0
685,16,0.0
685,310,0.0
726,119,0.0
726,20,0.0
726,476,0.0
726,200,0.0
726,189,0.0
726,362,0.0
726,17,0.0
726,16,0.0
726,310,0.0
726,59,0.0
750,79,10.889346859734587
750,255,7.475289054104341
750,352,3.2803791677362075
750,134,2.152802915093298
750,22,1.9973644907106052
750,89,1.364708088159453
750,416,1.3176313551365615
750,190,1.1985701008190492
750,824,0.8684662491904984
750,476,0.44298710715008743
691,264,7.0
691,287,6.0
691,200,6.0
691,119,6.0
691,20,6.0
691,189,5.0
691,362,5.0
691,399,5.0
691,79,4.0
691,22,4.0
712,20,0.0
712,399,0.0
712,476,0.0
712,264,0.0
712,200,0.0
712,189,0.0
712,362,0.0
712,17,0.0
712,16,0.0
712,310,0.0
701,119,0.0
701,20,0.0
701,399,0.0
701,476,0.0
701,264,0.0
701,200,0.0
701,189,0.0
701,362,0.0
701,17,0.0
701,310,0.0
690,119,0.0
690,20,0.0
690,399,0.0
690,476,0.0
690,200,0.0
690,189,0.0
690,362,0.0
690,17,0.0
690,16,0.0
690,310,0.0
677,119,0.0
677,20,0.0
677,399,0.0
677,476,0.0
677,264,0.0
677,200,0.0
677,189,0.0
677,362,0.0
677,17,0.0
677,16,0.0
727,119,12.121497327049005
727,255,2.971011504023778
727,352,2.216672286853024
727,79,1.9139600228318372
727,400,1.0
727,134,0.7785424919560167
727,362,0.6359935724070227
727,77,0.5439915423284507
727,415,0.32073074008077535
727,89,0.2760015464856874
699,119,0.0
699,20,0.0
699,399,0.0
699,476,0.0
699,200,0.0
699,189,0.0
699,362,0.0
699,17,0.0
699,16,0.0
699,310,0.0
707,94,8.551930971989167
707,287,8.00562708648667
707,399,6.016788006814915
707,119,4.816515685998818
707,352,4.573632077174137
707,189,3.410253404839989
707,264,3.3761252973860962
707,310,3.3621474324748384
707,78,2.607760184628032
707,416,2.5736320771741372
737,119,0.0
737,20,0.0
737,399,0.0
737,476,0.0
737,264,0.0
737,200,0.0
737,189,0.0
737,362,0.0
737,17,0.0
737,16,0.0
724,399,0.0
724,476,0.0
724,264,0.0
724,200,0.0
724,189,0.0
724,362,0.0
724,17,0.0
724,16,0.0
724,310,0.0
724,59,0.0
705,119,4.524298810541049
705,255,3.1543016750449135
705,352,2.9691722761458674
705,79,2.6915787382294205
705,189,2.688915673678358
705,362,2.588005711023194
705,416,1.6528623808800103
705,399,1.428352611899445
705,16,1.2123164602822447
705,190,1.0
680,119,0.0
680,20,0.0
680,399,0.0
680,476,0.0
680,264,0.0
680,200,0.0
680,189,0.0
680,362,0.0
680,17,0.0
680,16,0.0
722,119,0.0
722,399,0.0
722,476,0.0
722,264,0.0
722,200,0.0
722,189,0.0
722,362,0.0
722,17,0.0
722,16,0.0
722,310,0.0
741,20,0.0
741,476,0.0
741,264,0.0
741,200,0.0
741,362,0.0
741,17,0.0
741,16,0.0
741,310,0.0
741,59,0.0
741,287,0.0
719,264,16.0
719,200,13.0
719,399,12.0
719,20,11.0
719,94,10.0
719,287,7.0
719,255,6.0
719,362,6.0
719,16,5.0
719,189,5.0
752,20,0.0
752,399,0.0
752,476,0.0
752,264,0.0
752,200,0.0
752,189,0.0
752,362,0.0
752,17,0.0
752,16,0.0
752,310,0.0
714,264,19.19460484329731
714,119,17.893858767006286
714,399,12.729039440933022
714,287,12.574449399563772
714,16,9.053919233075868
714,189,8.055554599320402
714,362,6.348508553317417
714,78,3.1255832396809335
714,59,2.564820607076855
714,416,2.012424322042495
742,20,12.463719407517587
742,94,9.204550255253386
742,287,7.498770852398515
742,79,6.209381854444283
742,352,3.5400252116302857
742,89,3.379221805637688
742,416,1.2346369403627087
742,824,1.196621047599722
742,400,1.0
742,415,0.4274466364679816
730,119,0.0
730,20,0.0
730,399,0.0
730,476,0.0
730,264,0.0
730,200,0.0
730,189,0.0
730,362,0.0
730,17,0.0
730,16,0.0
713,94,5.0
713,287,4.0
713,119,4.0
713,362,4.0
713,20,4.0
713,399,3.0
713,189,3.0
713,310,3.0
713,200,3.0
713,79,2.0
720,264,19.023653927925267
720,94,11.743430774410538
720,399,10.75781633211913
720,189,10.232361233365651
720,255,9.888682800766539
720,310,8.377272254984987
720,16,7.514895012723628
720,287,7.317633148032774
720,352,7.090578549804027
720,362,6.913885576712338
693,119,0.0
693,399,0.0
693,476,0.0
693,264,0.0
693,200,0.0
693,189,0.0
693,362,0.0
693,17,0.0
693,16,0.0
693,310,0.0
695,399,14.46278737555317
695,200,12.138563399397052
695,189,12.056484542348706
695,20,11.970778851268298
695,94,6.9435252899366855
695,79,6.858830645904872
695,310,6.7539506583424425
695,255,6.1851543899909895
695,362,6.180058066346449
695,16,3.1715599580382055
694,119,0.0
694,399,0.0
694,476,0.0
694,264,0.0
694,200,0.0
694,189,0.0
694,362,0.0
694,17,0.0
694,16,0.0
694,310,0.0
748,119,0.0
748,20,0.0
748,476,0.0
748,264,0.0
748,200,0.0
748,189,0.0
748,362,0.0
748,17,0.0
748,16,0.0
748,310,0.0
721,119,0.0
721,20,0.0
721,399,0.0
721,476,0.0
721,264,0.0
721,200,0.0
721,189,0.0
721,362,0.0
721,17,0.0
721,16,0.0
766,255,2.0000000000000004
766,79,2.0000000000000004
766,119,1.0000000000000002
766,20,1.0000000000000002
766,189,1.0000000000000002
766,362,1.0000000000000002
766,352,1.0000000000000002
766,310,0.0
766,16,0.0
766,399,0.0
689,119,0.0
689,20,0.0
689,399,0.0
689,476,0.0
689,200,0.0
689,189,0.0
689,362,0.0
689,17,0.0
689,16,0.0
689,310,0.0
684,119,0.0
684,20,0.0
684,399,0.0
684,476,0.0
684,264,0.0
684,200,0.0
684,189,0.0
684,362,0.0
684,17,0.0
684,16,0.0
692,119,0.0
692,20,0.0
692,399,0.0
692,476,0.0
692,264,0.0
692,189,0.0
692,362,0.0
692,17,0.0
692,16,0.0
692,310,0.0
676,119,0.0
676,20,0.0
676,399,0.0
676,476,0.0
676,200,0.0
676,189,0.0
676,362,0.0
676,17,0.0
676,16,0.0
676,310,0.0
754,119,0.0
754,20,0.0
754,399,0.0
754,476,0.0
754,264,0.0
754,200,0.0
754,189,0.0
754,17,0.0
754,16,0.0
754,310,0.0
716,119,0.0
716,20,0.0
716,399,0.0
716,476,0.0
716,264,0.0
716,200,0.0
716,189,0.0
716,362,0.0
716,17,0.0
716,16,0.0
732,119,0.0
732,20,0.0
732,399,0.0
732,476,0.0
732,264,0.0
732,189,0.0
732,362,0.0
732,17,0.0
732,16,0.0
732,310,0.0
743,119,12.847050600982735
743,255,8.104696128870758
743,79,7.041437797538007
743,352,6.812213221024817
743,94,6.426690979164231
743,189,5.859408644127274
743,362,5.081142464961121
743,78,3.666310935505181
743,399,3.3528118145849266
743,416,2.98271548733548
718,119,9.0
718,200,6.0
718,94,5.0
718,399,4.0
718,255,4.0
718,310,3.0
718,16,3.0
718,189,3.0
718,20,3.0
718,362,3.0
725,20,0.0
725,399,0.0
725,476,0.0
725,264,0.0
725,200,0.0
725,189,0.0
725,362,0.0
725,17,0.0
725,16,0.0
725,310,0.0
749,119,0.0
749,20,0.0
749,399,0.0
749,476,0.0
749,264,0.0
749,200,0.0
749,189,0.0
749,362,0.0
749,17,0.0
749,16,0.0
683,119,0.0
683,20,0.0
683,399,0.0
683,476,0.0
683,264,0.0
683,200,0.0
683,189,0.0
683,362,0.0
683,17,0.0
683,16,0.0
755,119,0.0
755,20,0.0
755,399,0.0
755,476,0.0
755,200,0.0
755,189,0.0
755,362,0.0
755,17,0.0
755,16,0.0
755,310,0.0
682,119,0.0
682,20,0.0
682,399,0.0
682,476,0.0
682,200,0.0
682,189,0.0
682,362,0.0
682,17,0.0
682,16,0.0
682,310,0.0
740,415,1.0
740,22,0.9999999999999999
740,59,0.9999999999999999
740,89,0.9999999999999998
740,352,0.9999999999999997
740,16,2.220446049250313E-16
740,284,0.0
740,476,0.0
740,134,0.0
740,17,0.0
733,119,0.0
733,20,0.0
733,399,0.0
733,476,0.0
733,264,0.0
733,200,0.0
733,189,0.0
733,362,0.0
733,17,0.0
733,16,0.0
709,119,0.0
709,20,0.0
709,399,0.0
709,476,0.0
709,264,0.0
709,200,0.0
709,189,0.0
709,362,0.0
709,17,0.0
709,16,0.0
702,119,0.0
702,20,0.0
702,399,0.0
702,476,0.0
702,264,0.0
702,200,0.0
702,362,0.0
702,17,0.0
702,16,0.0
702,310,0.0
708,264,9.0
708,119,8.0
708,200,6.0
708,399,6.0
708,94,5.0
708,352,5.0
708,310,4.0
708,287,4.0
708,16,4.0
708,22,3.0
711,119,0.0
711,399,0.0
711,476,0.0
711,264,0.0
711,200,0.0
711,189,0.0
711,362,0.0
711,17,0.0
711,16,0.0
711,310,0.0
765,119,0.0
765,20,0.0
765,399,0.0
765,476,0.0
765,264,0.0
765,200,0.0
765,189,0.0
765,362,0.0
765,17,0.0
765,16,0.0
723,119,0.0
723,20,0.0
723,399,0.0
723,476,0.0
723,264,0.0
723,200,0.0
723,189,0.0
723,362,0.0
723,17,0.0
723,16,0.0
731,119,0.0
731,20,0.0
731,399,0.0
731,476,0.0
731,264,0.0
731,200,0.0
731,189,0.0
731,362,0.0
731,17,0.0
731,16,0.0
703,17,1.0
703,476,1.0
703,59,1.0
703,416,0.8900973002758096
703,134,0.7930844921323039
703,125,0.7753894333405286
703,190,0.7753894333405286
703,19,0.7753894333405286
703,824,0.11470786693528101
703,22,0.0871422317288435
763,119,0.0
763,399,0.0
763,476,0.0
763,264,0.0
763,200,0.0
763,189,0.0
763,362,0.0
763,17,0.0
763,16,0.0
763,310,0.0
762,399,8.0
762,20,8.0
762,94,8.0
762,119,6.0
762,189,6.0
762,16,6.0
762,79,5.0
762,362,5.0
762,255,5.0
762,264,3.0
761,119,0.0
761,20,0.0
761,399,0.0
761,476,0.0
761,264,0.0
761,200,0.0
761,189,0.0
761,362,0.0
761,17,0.0
761,16,0.0
199,20,6.456504885818127
199,89,4.623641312640807
199,200,3.3456092664024037
199,94,2.941728773713576
199,264,2.5981661391031547
199,78,2.32955955289602
199,255,1.7483414455570916
199,22,1.3424888448830994
199,824,0.5718892752567206
199,59,0.38091945769893387
206,20,0.0
206,399,0.0
206,476,0.0
206,264,0.0
206,200,0.0
206,189,0.0
206,362,0.0
206,17,0.0
206,16,0.0
206,310,0.0
103,22,2.0
103,125,1.0
103,190,1.0
103,19,1.0
103,17,0.0
103,59,0.0
103,416,0.0
103,255,0.0
103,476,0.0
103,284,0.0
286,119,9.0
286,200,6.0
286,94,5.0
286,399,4.0
286,255,3.999999999999999
286,310,3.0
286,20,3.0
286,352,2.9999999999999996
286,362,2.9999999999999996
286,189,2.999999999999999
145,119,0.0
145,20,0.0
145,399,0.0
145,476,0.0
145,264,0.0
145,200,0.0
145,189,0.0
145,362,0.0
145,17,0.0
145,16,0.0
345,119,0.0
345,20,0.0
345,399,0.0
345,476,0.0
345,264,0.0
345,200,0.0
345,189,0.0
345,362,0.0
345,17,0.0
345,16,0.0
282,119,0.0
282,20,0.0
282,399,0.0
282,476,0.0
282,264,0.0
282,200,0.0
282,189,0.0
282,362,0.0
282,17,0.0
282,16,0.0
143,119,0.0
143,20,0.0
143,399,0.0
143,476,0.0
143,264,0.0
143,200,0.0
143,189,0.0
143,362,0.0
143,17,0.0
143,16,0.0
160,119,0.0
160,399,0.0
160,476,0.0
160,264,0.0
160,200,0.0
160,189,0.0
160,362,0.0
160,17,0.0
160,16,0.0
160,310,0.0
381,119,0.0
381,399,0.0
381,476,0.0
381,264,0.0
381,200,0.0
381,189,0.0
381,362,0.0
381,17,0.0
381,16,0.0
381,310,0.0
335,255,10.945954536315469
335,189,3.5976435174962935
335,16,3.5269366122909616
335,22,2.5516563484273957
335,416,1.8524224123260948
335,362,1.8347521841720473
335,824,1.130634454280517
335,59,1.1171586967772564
335,284,0.9062524495156946
335,415,0.6230955618309965
398,119,0.0
398,20,0.0
398,476,0.0
398,264,0.0
398,200,0.0
398,189,0.0
398,362,0.0
398,17,0.0
398,16,0.0
398,310,0.0
375,22,4.0
375,20,2.0
375,416,2.0
375,399,2.0
375,79,2.0
375,78,2.0
375,310,1.0
375,189,1.0
375,362,1.0
375,415,0.9999999999999999
91,119,14.566241346867162
91,287,9.885120741514655
91,264,8.696175059810468
91,94,8.609417797782651
91,362,7.643281470963322
91,189,7.48985724688705
91,200,6.48287085508281
91,16,5.824328240384381
91,310,5.728451441775746
91,22,3.97897731487802
172,119,0.0
172,20,0.0
172,399,0.0
172,476,0.0
172,264,0.0
172,200,0.0
172,189,0.0
172,362,0.0
172,17,0.0
172,310,0.0
144,119,0.0
144,20,0.0
144,476,0.0
144,264,0.0
144,200,0.0
144,189,0.0
144,362,0.0
144,17,0.0
144,16,0.0
144,310,0.0
405,119,0.0
405,20,0.0
405,399,0.0
405,476,0.0
405,200,0.0
405,189,0.0
405,362,0.0
405,17,0.0
405,16,0.0
405,310,0.0
133,119,0.0
133,20,0.0
133,399,0.0
133,476,0.0
133,200,0.0
133,189,0.0
133,362,0.0
133,17,0.0
133,16,0.0
133,310,0.0
329,200,10.106756757327776
329,264,8.817359671204674
329,94,7.529135709997588
329,16,6.355509935344976
329,287,4.726244340750888
329,362,4.385302268759073
329,189,4.239818610197649
329,310,2.5957890499581744
329,255,2.060686538035198
329,79,2.008362582649042
185,79,5.0
185,399,4.0
185,255,3.0
185,416,3.0
185,362,2.0
185,200,2.0
185,119,2.0
185,78,2.0
185,824,1.9999999999999996
185,134,1.0
283,399,2.789573705647685
283,20,2.2902790497363776
283,134,1.5
283,200,1.2902790497363787
283,287,1.2902790497363772
283,310,1.0928422523016312
283,400,1.0
283,79,0.7895737056476853
283,255,0.6981421415234389
283,16,0.6974367974347462
355,399,18.83913351163911
355,20,15.555193963510987
355,94,14.626568027929775
355,287,14.414562216957894
355,310,13.830052078577967
355,189,12.00317793377097
355,16,9.960928456997422
355,362,8.038653399062989
355,22,5.496407991333854
355,78,3.404896026752734
157,119,0.0
157,20,0.0
157,399,0.0
157,476,0.0
157,264,0.0
157,200,0.0
157,189,0.0
157,362,0.0
157,17,0.0
157,16,0.0
347,20,19.0
347,119,16.0
347,264,16.0
347,399,14.0
347,287,13.0
347,189,11.0
347,310,10.0
347,79,10.0
347,255,10.0
347,362,8.0
115,119,0.0
115,20,0.0
115,399,0.0
115,476,0.0
115,264,0.0
115,200,0.0
115,189,0.0
115,362,0.0
115,17,0.0
115,16,0.0
385,119,0.0
385,20,0.0
385,476,0.0
385,264,0.0
385,200,0.0
385,189,0.0
385,362,0.0
385,17,0.0
385,16,0.0
385,310,0.0
291,399,9.0
291,94,7.0
291,287,6.0
291,200,6.0
291,16,5.0
291,310,3.0
291,264,3.0
291,189,1.9999999999999998
291,362,1.9999999999999998
291,77,1.0
89,20,0.0
89,399,0.0
89,476,0.0
89,264,0.0
89,200,0.0
89,189,0.0
89,362,0.0
89,17,0.0
89,16,0.0
89,310,0.0
288,119,0.0
288,399,0.0
288,476,0.0
288,264,0.0
288,200,0.0
288,189,0.0
288,362,0.0
288,17,0.0
288,16,0.0
288,310,0.0
148,119,0.0
148,20,0.0
148,399,0.0
148,476,0.0
148,264,0.0
148,189,0.0
148,362,0.0
148,17,0.0
148,16,0.0
148,310,0.0
182,119,4.327132960192186
182,189,4.325714633146184
182,200,4.209760637360947
182,264,4.163290372652364
182,94,3.5169986020904833
182,89,1.6888147640145634
182,22,1.5926211238758317
182,190,1.4457280183426393
182,362,1.3910104564019363
182,77,0.9895537167483542
237,77,0.0
237,59,0.0
237,824,0.0
237,284,0.0
237,17,0.0
237,476,0.0
237,400,0.0
237,125,-1.0
237,134,-1.0
237,22,-1.0
153,399,0.0
153,476,0.0
153,264,0.0
153,200,0.0
153,189,0.0
153,362,0.0
153,17,0.0
153,16,0.0
153,310,0.0
153,59,0.0
359,287,6.0
359,94,6.0
359,119,6.0
359,79,4.0
359,362,3.0
359,16,3.0
359,200,3.0
359,189,2.0
359,22,2.0
359,824,1.9999999999999996
255,119,0.0
255,20,0.0
255,399,0.0
255,476,0.0
255,200,0.0
255,189,0.0
255,362,0.0
255,17,0.0
255,16,0.0
255,310,0.0
147,119,0.0
147,20,0.0
147,476,0.0
147,264,0.0
147,200,0.0
147,189,0.0
147,362,0.0
147,17,0.0
147,16,0.0
147,310,0.0
198,264,6.669942862326877
198,200,3.0617756247435697
198,89,1.1860644492866999
198,310,1.1244637040623795
198,77,0.9999999999999999
198,400,0.9358567275868335
198,17,0.5
198,476,0.5
198,19,0.16275769175423185
198,125,0.16275769175423185
131,119,0.0
131,20,0.0
131,399,0.0
131,476,0.0
131,264,0.0
131,200,0.0
131,189,0.0
131,362,0.0
131,17,0.0
131,16,0.0
280,119,0.0
280,20,0.0
280,476,0.0
280,264,0.0
280,200,0.0
280,189,0.0
280,362,0.0
280,17,0.0
280,16,0.0
280,310,0.0
219,119,0.0
219,399,0.0
219,476,0.0
219,264,0.0
219,200,0.0
219,189,0.0
219,362,0.0
219,17,0.0
219,16,0.0
219,310,0.0
92,59,1.9999999999999998
92,17,1.0
92,476,1.0
92,824,0.6981561497029154
92,416,0.38713838620752894
92,190,0.18898223650461363
92,19,0.18898223650461363
92,125,0.18898223650461363
92,284,0.0
92,400,0.0
391,119,0.0
391,20,0.0
391,399,0.0
391,476,0.0
391,264,0.0
391,200,0.0
391,189,0.0
391,362,0.0
391,17,0.0
391,16,0.0
366,119,10.431863732170873
366,264,9.369287645901533
366,94,6.865126978686895
366,362,6.536788327597369
366,78,5.691196510665746
366,310,5.180674716607929
366,200,5.029050527921262
366,16,4.602513953648553
366,20,4.160383082279207
366,352,3.776128947090244
119,134,1.0
119,17,1.0
119,476,1.0
119,77,0.0
119,19,0.0
119,284,0.0
119,59,0.0
119,125,0.0
119,190,0.0
119,400,0.0
93,119,0.0
93,20,0.0
93,476,0.0
93,264,0.0
93,200,0.0
93,189,0.0
93,362,0.0
93,17,0.0
93,16,0.0
93,310,0.0
247,119,0.0
247,399,0.0
247,476,0.0
247,264,0.0
247,200,0.0
247,189,0.0
247,362,0.0
247,17,0.0
247,16,0.0
247,310,0.0
221,119,0.0
221,20,0.0
221,399,0.0
221,476,0.0
221,264,0.0
221,200,0.0
221,189,0.0
221,362,0.0
221,17,0.0
221,16,0.0
408,59,0.0
408,77,0.0
408,284,0.0
408,824,0.0
408,17,0.0
408,476,0.0
408,400,0.0
408,190,-0.9999999999999999
408,125,-0.9999999999999999
408,19,-0.9999999999999999
350,119,0.0
350,399,0.0
350,476,0.0
350,264,0.0
350,200,0.0
350,189,0.0
350,362,0.0
350,17,0.0
350,16,0.0
350,310,0.0
406,20,8.0
406,287,6.0
406,200,6.0
406,399,6.0
406,264,6.0
406,255,5.0
406,119,4.0
406,310,4.0
406,94,4.0
406,362,3.0
121,200,20.93012247272103
121,20,16.528021017871723
121,287,13.28450516073443
121,94,13.147644503372216
121,189,12.089765280815179
121,255,9.259771717751551
121,16,7.116645830450739
121,362,6.6128509398188395
121,352,4.907516719192328
121,310,4.597239396179491
212,20,8.921108728503466
212,287,6.767293947513499
212,200,6.514656387358006
212,264,6.232483644581935
212,399,5.01803304990049
212,119,4.204199579308729
212,94,2.6752998633663765
212,78,2.443419099353757
212,362,2.377569019093698
212,22,2.2806446976966743
80,119,0.0
80,399,0.0
80,476,0.0
80,264,0.0
80,200,0.0
80,189,0.0
80,362,0.0
80,17,0.0
80,16,0.0
80,310,0.0
140,119,0.0
140,20,0.0
140,399,0.0
140,476,0.0
140,200,0.0
140,189,0.0
140,362,0.0
140,17,0.0
140,16,0.0
140,310,0.0
230,119,0.0
230,20,0.0
230,399,0.0
230,476,0.0
230,264,0.0
230,200,0.0
230,189,0.0
230,362,0.0
230,17,0.0
230,16,0.0
110,119,0.0
110,20,0.0
110,399,0.0
110,476,0.0
110,264,0.0
110,200,0.0
110,189,0.0
110,362,0.0
110,17,0.0
110,16,0.0
114,119,0.0
114,20,0.0
114,399,0.0
114,476,0.0
114,264,0.0
114,200,0.0
114,189,0.0
114,362,0.0
114,17,0.0
114,16,0.0
111,78,1.0
111,77,0.0
111,415,0.0
111,284,0.0
111,89,0.0
111,476,0.0
111,94,0.0
111,17,0.0
111,400,0.0
111,824,-0.9999999999999999
86,77,0.0
86,19,0.0
86,190,0.0
86,89,0.0
86,284,0.0
86,125,0.0
86,400,0.0
86,415,-1.0
86,78,-1.0
86,416,-1.0000000000000002
203,20,10.801618080444253
203,119,5.051457579198981
203,287,4.069710249081355
203,94,3.116462876996353
203,79,2.95017686851177
203,362,2.3369967843044597
203,22,2.26829213561716
203,416,2.2206266785736046
203,824,1.8931384718932942
203,78,1.4865733169120945
152,352,3.8261625541116753
152,190,0.9999999999999999
152,125,0.9999999999999999
152,19,0.9999999999999999
152,255,0.5942119594928608
152,416,0.4829324406706478
152,78,0.14078939594645012
152,284,0.0
152,77,0.0
152,400,0.0
211,119,0.0
211,20,0.0
211,399,0.0
211,476,0.0
211,264,0.0
211,200,0.0
211,189,0.0
211,362,0.0
211,17,0.0
211,16,0.0
253,119,0.0
253,20,0.0
253,399,0.0
253,476,0.0
253,264,0.0
253,200,0.0
253,189,0.0
253,362,0.0
253,17,0.0
253,16,0.0
141,119,0.0
141,20,0.0
141,476,0.0
141,264,0.0
141,200,0.0
141,189,0.0
141,362,0.0
141,17,0.0
141,16,0.0
141,310,0.0
300,119,0.0
300,20,0.0
300,399,0.0
300,476,0.0
300,264,0.0
300,200,0.0
300,189,0.0
300,362,0.0
300,17,0.0
300,16,0.0
409,94,5.0
409,255,4.0
409,20,4.0
409,352,4.0
409,119,3.0
409,16,3.0
409,399,3.0
409,310,3.0
409,189,3.0
409,362,3.0
407,119,0.0
407,20,0.0
407,399,0.0
407,476,0.0
407,264,0.0
407,200,0.0
407,189,0.0
407,362,0.0
407,17,0.0
407,16,0.0
372,119,0.0
372,20,0.0
372,399,0.0
372,476,0.0
372,264,0.0
372,189,0.0
372,362,0.0
372,17,0.0
372,16,0.0
372,310,0.0
174,94,3.0
174,200,3.0
174,119,3.0
174,20,3.0
174,255,2.0
174,16,2.0
174,264,2.0
174,362,2.0
174,352,2.0
174,287,1.0
336,20,0.0
336,399,0.0
336,476,0.0
336,264,0.0
336,200,0.0
336,189,0.0
336,362,0.0
336,17,0.0
336,16,0.0
336,310,0.0
387,20,0.0
387,399,0.0
387,476,0.0
387,264,0.0
387,200,0.0
387,189,0.0
387,362,0.0
387,17,0.0
387,16,0.0
387,310,0.0
175,119,0.0
175,20,0.0
175,399,0.0
175,476,0.0
175,264,0.0
175,200,0.0
175,189,0.0
175,362,0.0
175,17,0.0
175,16,0.0
88,119,0.0
88,20,0.0
88,399,0.0
88,476,0.0
88,264,0.0
88,200,0.0
88,189,0.0
88,362,0.0
88,17,0.0
88,16,0.0
107,119,0.0
107,20,0.0
107,399,0.0
107,476,0.0
107,264,0.0
107,200,0.0
107,189,0.0
107,362,0.0
107,17,0.0
107,16,0.0
281,79,5.0
281,399,4.0
281,255,3.0
281,416,3.0
281,78,2.0
281,824,2.0
281,200,1.9999999999999998
281,362,1.9999999999999998
281,119,1.9999999999999998
281,287,1.0
97,399,8.572828449375043
97,189,5.587434841105141
97,255,4.7557265814189496
97,352,3.788564431717491
97,89,2.509444611544683
97,287,2.013585541951974
97,22,1.704773484045326
97,190,1.0745352588457662
97,284,0.9990545968106334
97,77,0.49480530309791615
179,119,15.852833342356742
179,399,9.858282060049198
179,310,6.960750246037271
179,189,6.573182587271005
179,287,4.428775727985058
179,16,3.831320641484232
179,79,3.6221020351907
179,22,2.971747887969582
179,134,2.641803652185173
179,362,0.9933295026679075
404,119,7.0
404,78,4.0
404,20,4.0
404,200,4.0
404,79,3.0
404,310,3.0
404,287,3.0
404,94,3.0
404,189,2.0
404,416,2.0
267,119,0.0
267,20,0.0
267,399,0.0
267,476,0.0
267,200,0.0
267,189,0.0
267,362,0.0
267,17,0.0
267,16,0.0
267,310,0.0
270,119,0.0
270,20,0.0
270,399,0.0
270,476,0.0
270,264,0.0
270,200,0.0
270,189,0.0
270,362,0.0
270,17,0.0
270,16,0.0
229,119,0.0
229,20,0.0
229,399,0.0
229,476,0.0
229,264,0.0
229,200,0.0
229,189,0.0
229,362,0.0
229,17,0.0
229,16,0.0
252,119,0.0
252,476,0.0
252,264,0.0
252,200,0.0
252,189,0.0
252,362,0.0
252,17,0.0
252,16,0.0
252,310,0.0
252,59,0.0
163,119,5.999999999999999
163,20,5.999999999999999
163,264,4.0
163,310,3.9999999999999996
163,94,3.999999999999999
163,255,3.999999999999999
163,399,2.9999999999999996
163,352,2.9999999999999996
163,78,2.0
163,89,1.9999999999999998
321,119,0.0
321,399,0.0
321,476,0.0
321,264,0.0
321,200,0.0
321,189,0.0
321,362,0.0
321,17,0.0
321,16,0.0
321,310,0.0
210,119,0.0
210,20,0.0
210,399,0.0
210,476,0.0
210,264,0.0
210,200,0.0
210,189,0.0
210,362,0.0
210,17,0.0
210,16,0.0
176,119,0.0
176,20,0.0
176,399,0.0
176,476,0.0
176,264,0.0
176,200,0.0
176,189,0.0
176,362,0.0
176,17,0.0
176,16,0.0
194,119,0.0
194,20,0.0
194,399,0.0
194,476,0.0
194,200,0.0
194,189,0.0
194,362,0.0
194,17,0.0
194,16,0.0
194,310,0.0
171,119,0.0
171,20,0.0
171,399,0.0
171,476,0.0
171,200,0.0
171,189,0.0
171,362,0.0
171,17,0.0
171,16,0.0
171,310,0.0
166,119,0.0
166,20,0.0
166,476,0.0
166,264,0.0
166,200,0.0
166,189,0.0
166,362,0.0
166,17,0.0
166,16,0.0
166,310,0.0
277,264,7.501482313745004
277,200,6.77647133926347
277,79,6.56467320666953
277,119,6.374298473291655
277,310,5.936809107075474
277,362,5.5646732066695295
277,20,4.586096605885594
277,16,4.5646732066695295
277,22,3.6087410510351523
277,399,3.5646732066695295
218,119,0.0
218,20,0.0
218,399,0.0
218,476,0.0
218,264,0.0
218,200,0.0
218,189,0.0
218,362,0.0
218,17,0.0
218,16,0.0
402,255,2.0
402,264,2.0
402,352,2.0
402,287,1.0
402,94,1.0
402,79,1.0
402,20,1.0
402,310,1.0
402,189,1.0
402,119,1.0
360,264,6.023637293970312
360,16,3.507646901850639
360,200,2.8389259243105753
360,189,2.048641376657451
360,362,1.8583885084052454
360,255,1.6462141768628118
360,59,1.312452067321824
360,476,1.0
360,134,1.0
360,17,1.0
365,264,10.278714904043097
365,20,7.539605514467752
365,79,6.56845541532255
365,94,5.478329488904132
365,399,4.923378445243994
365,287,4.4136182725781925
365,189,3.417100379842232
365,352,3.4051490344671036
365,89,2.028486546586375
365,416,1.3597106715143608
362,200,7.0
362,399,7.0
362,20,7.0
362,287,6.0
362,189,5.0
362,119,5.0
362,264,4.0
362,78,4.0
362,79,3.0
362,22,3.0
363,119,0.0
363,20,0.0
363,399,0.0
363,476,0.0
363,264,0.0
363,200,0.0
363,189,0.0
363,362,0.0
363,17,0.0
363,16,0.0
196,119,0.0
196,20,0.0
196,399,0.0
196,476,0.0
196,264,0.0
196,200,0.0
196,189,0.0
196,362,0.0
196,17,0.0
196,16,0.0
388,119,0.0
388,20,0.0
388,399,0.0
388,476,0.0
388,264,0.0
388,200,0.0
388,189,0.0
388,362,0.0
388,17,0.0
388,16,0.0
390,399,13.132256348656238
390,189,5.822335389659321
390,362,2.481101409348076
390,310,2.140589443857806
390,78,2.040066689235865
390,59,1.6917225546515864
390,287,1.6466704996127601
390,255,1.6423397849770307
390,22,1.3936201735206275
390,94,1.2479270430655214
223,20,0.0
223,399,0.0
223,476,0.0
223,264,0.0
223,200,0.0
223,189,0.0
223,362,0.0
223,17,0.0
223,16,0.0
223,310,0.0
301,119,0.0
301,20,0.0
301,399,0.0
301,476,0.0
301,264,0.0
301,200,0.0
301,189,0.0
301,362,0.0
301,17,0.0
301,16,0.0
73,119,0.0
73,20,0.0
73,476,0.0
73,264,0.0
73,200,0.0
73,189,0.0
73,362,0.0
73,17,0.0
73,16,0.0
73,310,0.0
315,287,2.1162456531234897
315,77,1.0
315,59,0.38620024644309703
315,476,0.38245503425527083
315,17,0.38245503425527083
315,134,0.36167141644866607
315,415,0.1875084158369528
315,400,0.0
315,284,0.0
315,22,-0.8244712334568315
306,399,9.691130709765826
306,119,7.792299243584232
306,255,6.898831466181593
306,79,6.248578337025158
306,189,5.951668878767841
306,200,5.792299243584232
306,20,5.792299243584232
306,264,5.792299243584231
306,310,4.792299243584231
306,22,4.0
312,264,4.74903557867474
312,119,2.88146013112317
312,310,2.8609701303411494
312,89,1.3730918729691948
312,189,1.0688807388652872
312,284,1.0000000000000002
312,20,0.9915510573169262
312,17,0.9032431363232241
312,476,0.9032431363232241
312,400,0.0
309,22,4.0
309,20,2.0
309,416,2.0
309,399,2.0
309,79,2.0
309,78,2.0
309,310,1.0
309,189,1.0
309,362,1.0
309,415,0.9999999999999999
279,310,11.054945897710331
279,119,8.226419959795692
279,189,5.6366917278522
279,264,5.062981254077316
279,362,3.6579055509020773
279,79,3.5380850042999423
279,94,3.3660119284970484
279,16,3.2977106388672963
279,399,3.280153930851885
279,416,2.283812127538757
358,352,3.0000000000000004
358,264,2.0
358,200,2.0
358,399,2.0
358,20,2.0
358,119,2.0
358,255,1.0000000000000002
358,22,1.0000000000000002
358,310,1.0
358,287,1.0
233,119,0.0
233,20,0.0
233,399,0.0
233,476,0.0
233,200,0.0
233,189,0.0
233,362,0.0
233,17,0.0
233,16,0.0
233,310,0.0
348,119,0.0
348,20,0.0
348,399,0.0
348,476,0.0
348,264,0.0
348,200,0.0
348,189,0.0
348,362,0.0
348,17,0.0
348,16,0.0
227,119,0.0
227,20,0.0
227,399,0.0
227,476,0.0
227,264,0.0
227,200,0.0
227,189,0.0
227,362,0.0
227,17,0.0
227,16,0.0
273,119,3.0
273,255,2.9999999999999996
273,362,2.0
273,310,1.9999999999999996
273,415,1.0
273,79,1.0
273,416,1.0
273,352,1.0
273,134,1.0
273,824,1.0
162,94,2.0
162,79,1.0
162,399,1.0
162,59,0.9999999999999998
162,89,0.9999999999999998
162,134,1.1102230246251565E-16
162,17,0.0
162,284,0.0
162,476,0.0
162,824,0.0
106,94,10.594631248349163
106,399,7.996920928618005
106,189,6.7467408401112525
106,79,5.501794318374856
106,16,4.365937344351187
106,89,1.8365357326438785
106,352,1.6248651501933637
106,134,1.334971789782281
106,255,1.0461257544083198
106,22,1.0068917668649184
169,119,0.0
169,20,0.0
169,476,0.0
169,264,0.0
169,200,0.0
169,189,0.0
169,362,0.0
169,17,0.0
169,16,0.0
169,310,0.0
302,20,0.0
302,399,0.0
302,476,0.0
302,264,0.0
302,200,0.0
302,189,0.0
302,362,0.0
302,17,0.0
302,16,0.0
302,310,0.0
310,119,0.0
310,20,0.0
310,399,0.0
310,476,0.0
310,264,0.0
310,200,0.0
310,189,0.0
310,362,0.0
310,17,0.0
310,16,0.0
298,119,0.0
298,20,0.0
298,399,0.0
298,476,0.0
298,264,0.0
298,200,0.0
298,189,0.0
298,362,0.0
298,17,0.0
298,16,0.0
274,119,1.9999999999999996
274,79,1.9999999999999996
274,200,0.9999999999999998
274,78,0.9999999999999998
274,399,0.9999999999999998
274,352,0.9999999999999998
274,16,0.0
274,310,0.0
274,20,0.0
274,362,0.0
340,119,0.0
340,20,0.0
340,399,0.0
340,476,0.0
340,264,0.0
340,200,0.0
340,189,0.0
340,362,0.0
340,17,0.0
340,16,0.0
246,79,5.1980816088627275
246,94,2.4298838535695326
246,352,1.9504578835680473
246,824,1.3003144832169122
246,284,0.9176629354822472
246,89,0.9155675433609769
246,190,0.48949042667324255
246,476,0.33655724250102365
246,17,0.33655724250102365
246,416,0.3303591125713155
342,119,0.0
342,399,0.0
342,476,0.0
342,264,0.0
342,200,0.0
342,189,0.0
342,362,0.0
342,17,0.0
342,16,0.0
342,310,0.0
292,19,0.0
292,125,0.0
292,77,0.0
292,284,0.0
292,190,0.0
292,400,0.0
292,89,-1.1102230246251565E-16
292,59,-1.1102230246251565E-16
292,352,-2.220446049250313E-16
292,22,-1.0
135,119,0.0
135,399,0.0
135,476,0.0
135,264,0.0
135,200,0.0
135,189,0.0
135,362,0.0
135,17,0.0
135,16,0.0
135,310,0.0
214,94,9.176980372480202
214,287,6.660687337374943
214,200,6.562560761373911
214,79,2.8765474381999585
214,16,2.8478630334943364
214,362,2.5269137603538265
214,189,2.1911772335401984
214,264,2.0884523055910673
214,78,1.6547505225649184
214,824,1.5
192,310,7.738072250034458
192,255,7.690862430612437
192,200,3.0243008623327654
192,119,1.264320196237193
192,416,1.1581754846584542
192,400,1.0
192,19,0.9984038297885898
192,125,0.9984038297885898
192,415,0.9244734516419051
192,362,0.8213658520714935
278,399,11.382043073206217
278,189,8.745053688974208
278,362,6.454824042254089
278,16,6.454824042254089
278,94,5.382043073206216
278,20,4.382043073206217
278,78,3.9259489502363953
278,352,3.6382594649477396
278,119,2.3807729924904866
278,310,1.9259489502363951
319,119,0.0
319,20,0.0
319,399,0.0
319,476,0.0
319,264,0.0
319,200,0.0
319,189,0.0
319,362,0.0
319,17,0.0
319,16,0.0
186,119,5.099974926101279
186,78,4.183704056918117
186,20,3.51381890452266
186,22,3.2634498676122146
186,189,3.0403379735341822
186,79,2.3074910052057884
186,824,1.62890846190359
186,94,1.4945426592664592
186,416,1.2644329689833904
186,77,1.0000000000000002
234,119,0.0
234,20,0.0
234,399,0.0
234,476,0.0
234,264,0.0
234,200,0.0
234,189,0.0
234,362,0.0
234,17,0.0
234,16,0.0
330,119,0.0
330,20,0.0
330,399,0.0
330,476,0.0
330,264,0.0
330,200,0.0
330,189,0.0
330,362,0.0
330,17,0.0
330,16,0.0
378,119,0.0
378,20,0.0
378,476,0.0
378,264,0.0
378,200,0.0
378,189,0.0
378,362,0.0
378,17,0.0
378,16,0.0
378,310,0.0
394,20,0.0
394,399,0.0
394,476,0.0
394,264,0.0
394,200,0.0
394,189,0.0
394,362,0.0
394,17,0.0
394,16,0.0
394,310,0.0
295,119,0.0
295,20,0.0
295,399,0.0
295,476,0.0
295,264,0.0
295,200,0.0
295,189,0.0
295,362,0.0
295,17,0.0
295,16,0.0
241,119,0.0
241,20,0.0
241,476,0.0
241,264,0.0
241,200,0.0
241,189,0.0
241,362,0.0
241,17,0.0
241,16,0.0
241,310,0.0
132,119,0.0
132,20,0.0
132,399,0.0
132,476,0.0
132,264,0.0
132,200,0.0
132,189,0.0
132,362,0.0
132,17,0.0
132,16,0.0
222,119,0.0
222,20,0.0
222,399,0.0
222,476,0.0
222,264,0.0
222,200,0.0
222,189,0.0
222,362,0.0
222,17,0.0
222,310,0.0
224,119,0.0
224,20,0.0
224,399,0.0
224,476,0.0
224,264,0.0
224,200,0.0
224,189,0.0
224,362,0.0
224,17,0.0
224,310,0.0
303,119,0.0
303,20,0.0
303,399,0.0
303,476,0.0
303,200,0.0
303,189,0.0
303,362,0.0
303,17,0.0
303,16,0.0
303,310,0.0
217,20,0.0
217,399,0.0
217,476,0.0
217,264,0.0
217,200,0.0
217,189,0.0
217,362,0.0
217,17,0.0
217,16,0.0
217,310,0.0
293,119,0.0
293,20,0.0
293,399,0.0
293,476,0.0
293,264,0.0
293,200,0.0
293,189,0.0
293,362,0.0
293,17,0.0
293,16,0.0
240,400,1.0
240,415,0.8660254037844387
240,19,0.07255448303673015
240,125,0.07255448303673015
240,89,0.02536441941659573
240,17,0.0
240,476,0.0
240,284,0.0
240,59,-1.1102230246251565E-16
240,134,-0.8624724753096568
158,119,0.0
158,20,0.0
158,476,0.0
158,264,0.0
158,200,0.0
158,189,0.0
158,362,0.0
158,17,0.0
158,16,0.0
158,310,0.0
204,119,0.0
204,399,0.0
204,476,0.0
204,200,0.0
204,189,0.0
204,362,0.0
204,17,0.0
204,16,0.0
204,310,0.0
204,59,0.0
294,352,4.0
294,399,3.0
294,287,3.0
294,255,3.0
294,20,3.0
294,119,3.0
294,310,2.0
294,200,2.0
294,416,2.0
294,362,1.0
367,119,10.195289355165244
367,287,10.110772854524246
367,264,7.581873548035194
367,20,6.115544464324245
367,352,4.581873548035194
367,362,4.504736714052853
367,255,4.420220213411857
367,200,4.110772854524248
367,94,4.110772854524248
367,310,3.6108077502713947
77,119,9.687341390460475
77,94,8.123101470176467
77,200,7.887763871476912
77,20,7.492851772012587
77,255,7.204683294937476
77,287,7.123101470176467
77,16,6.204683294937476
77,362,5.174028991175398
77,352,4.881866127432787
77,310,3.8877638714769107
337,399,11.000911352947776
337,200,7.219479830794468
337,189,3.516662098572702
337,79,2.4789398352113032
337,362,2.2703573324068493
337,16,2.2364701799846065
337,190,1.7252592094261336
337,824,1.0528391659157934
337,416,0.7764505689921442
337,125,0.7252592094261336
138,119,0.0
138,20,0.0
138,399,0.0
138,476,0.0
138,264,0.0
138,200,0.0
138,189,0.0
138,362,0.0
138,17,0.0
138,16,0.0
226,20,0.0
226,399,0.0
226,476,0.0
226,264,0.0
226,200,0.0
226,189,0.0
226,362,0.0
226,17,0.0
226,16,0.0
226,310,0.0
399,20,19.0
399,119,16.0
399,264,16.0
399,399,14.0
399,287,13.0
399,189,11.0
399,310,10.0
399,79,10.0
399,255,10.0
399,362,8.0
243,20,0.0
243,399,0.0
243,476,0.0
243,264,0.0
243,189,0.0
243,362,0.0
243,17,0.0
243,16,0.0
243,310,0.0
243,59,0.0
124,264,7.0
124,119,4.0
124,200,3.0
124,352,3.0
124,399,2.0
124,255,2.0
124,287,2.0
124,16,1.9999999999999996
124,416,1.9999999999999996
124,362,1.9999999999999991
126,22,3.0
126,16,1.0
126,310,1.0
126,77,1.0
126,189,0.0
126,284,0.0
126,400,0.0
126,476,0.0
126,17,0.0
126,89,-1.1102230246251565E-16
276,119,0.0
276,20,0.0
276,399,0.0
276,476,0.0
276,264,0.0
276,200,0.0
276,189,0.0
276,362,0.0
276,17,0.0
276,16,0.0
112,119,0.0
112,20,0.0
112,399,0.0
112,476,0.0
112,264,0.0
112,200,0.0
112,189,0.0
112,17,0.0
112,16,0.0
112,310,0.0
311,119,0.0
311,20,0.0
311,399,0.0
311,476,0.0
311,264,0.0
311,200,0.0
311,189,0.0
311,362,0.0
311,17,0.0
311,16,0.0
244,399,9.0
244,94,7.0
244,287,6.0
244,200,6.0
244,16,5.0
244,264,3.0
244,310,3.0
244,189,2.000000000000001
244,362,1.9999999999999998
244,77,1.0
72,119,0.0
72,20,0.0
72,476,0.0
72,264,0.0
72,200,0.0
72,189,0.0
72,362,0.0
72,17,0.0
72,16,0.0
72,310,0.0
202,824,1.7313071356019156
202,78,1.5297725537925664
202,416,1.3330838673738343
202,415,0.8572561442971052
202,79,0.5297210922157092
202,400,0.0
202,89,-0.07089503519687479
202,125,-0.12065939548135217
202,19,-0.12065939548135217
202,190,-0.12065939548135217
122,119,0.0
122,20,0.0
122,476,0.0
122,264,0.0
122,200,0.0
122,189,0.0
122,362,0.0
122,17,0.0
122,16,0.0
122,310,0.0
81,119,0.0
81,20,0.0
81,399,0.0
81,476,0.0
81,264,0.0
81,200,0.0
81,189,0.0
81,17,0.0
81,16,0.0
81,310,0.0
261,119,19.117165650288793
261,310,14.645233151290592
261,20,14.641383666746645
261,94,12.832019047409362
261,189,12.763791752924705
261,255,12.541164361651392
261,399,10.00560628260304
261,362,8.229027162829736
261,287,8.089267721626218
261,352,7.99718979440983
264,119,0.0
264,20,0.0
264,399,0.0
264,476,0.0
264,264,0.0
264,200,0.0
264,189,0.0
264,362,0.0
264,17,0.0
264,16,0.0
102,20,0.0
102,399,0.0
102,476,0.0
102,264,0.0
102,200,0.0
102,189,0.0
102,362,0.0
102,17,0.0
102,16,0.0
102,310,0.0
232,119,0.0
232,20,0.0
232,399,0.0
232,476,0.0
232,264,0.0
232,200,0.0
232,189,0.0
232,362,0.0
232,17,0.0
232,16,0.0
263,79,5.0
263,399,4.0
263,255,3.0
263,416,3.0
263,78,2.0
263,200,2.0
263,362,2.0
263,824,2.0
263,119,1.9999999999999998
263,287,1.0
268,119,0.0
268,20,0.0
268,399,0.0
268,476,0.0
268,264,0.0
268,200,0.0
268,189,0.0
268,362,0.0
268,17,0.0
268,16,0.0
396,264,15.830497747157473
396,119,11.641006521437992
396,255,10.448562709332048
396,399,10.406396547019192
396,310,9.779131776368015
396,94,7.047210754672701
396,287,6.744531316988748
396,22,6.562923047655306
396,16,5.891482669873591
396,189,5.123403691568904
397,20,10.610114581320783
397,264,8.824400295606496
397,255,8.79680058326274
397,287,7.861928111379428
397,310,6.952544080797891
397,399,6.861928111379428
397,94,4.8244002956064955
397,119,4.8244002956064955
397,189,4.0
397,89,3.9525440807978907
129,119,0.0
129,20,0.0
129,399,0.0
129,476,0.0
129,200,0.0
129,189,0.0
129,362,0.0
129,17,0.0
129,16,0.0
129,310,0.0
333,287,8.193340239595475
333,200,7.418772223479598
333,189,4.467226312908824
333,310,4.207973078564338
333,94,4.185222145075393
333,22,4.182588573718865
333,78,3.754488470625832
333,352,3.2888949813645763
333,255,2.3325312225025137
333,824,1.9741153228265182
369,20,8.0
369,287,6.0
369,200,6.0
369,399,6.0
369,264,6.0
369,255,5.0
369,119,4.0
369,310,4.0
369,94,4.0
369,362,3.0
259,94,4.846443671510411
259,79,1.9735418843002277
259,16,1.9459641927713929
259,189,1.5092163742066445
259,824,1.5
259,22,1.1595701190117491
259,77,1.0
259,362,0.9549354076422831
259,78,0.8951874983737425
259,59,0.7559289460184546
161,59,1.7967384523814764
161,17,1.0
161,476,1.0
161,824,0.10395287086398797
161,284,0.0
161,400,0.0
161,77,-0.08219949365267909
161,19,-0.19987511706556327
161,190,-0.19987511706556327
161,125,-0.19987511706556327
403,287,8.215091750890302
403,200,8.073713881725487
403,94,7.081067662994393
403,189,5.647265511208338
403,310,3.7991385947271885
403,352,3.7481481412541546
403,362,3.587835900500556
403,22,3.364732495936047
403,78,3.1984747116564303
403,255,2.6188422225699
258,78,2.0
258,59,1.0
258,20,0.02344636668590172
258,19,0.0
258,125,0.0
258,284,0.0
258,17,0.0
258,190,0.0
258,476,0.0
258,77,0.0
215,119,0.0
215,399,0.0
215,476,0.0
215,264,0.0
215,200,0.0
215,189,0.0
215,362,0.0
215,17,0.0
215,16,0.0
215,310,0.0
164,352,2.9999999999999996
164,264,1.9999999999999998
164,200,1.9999999999999998
164,399,1.9999999999999998
164,20,1.9999999999999998
164,119,1.9999999999999998
164,22,0.9999999999999999
164,94,0.9999999999999999
164,287,0.9999999999999999
164,310,0.9999999999999999
357,119,0.0
357,20,0.0
357,399,0.0
357,476,0.0
357,264,0.0
357,200,0.0
357,189,0.0
357,362,0.0
357,17,0.0
357,16,0.0
190,20,0.0
190,399,0.0
190,476,0.0
190,264,0.0
190,200,0.0
190,189,0.0
190,362,0.0
190,17,0.0
190,16,0.0
190,310,0.0
307,119,0.0
307,20,0.0
307,399,0.0
307,476,0.0
307,264,0.0
307,200,0.0
307,189,0.0
307,362,0.0
307,17,0.0
307,16,0.0
238,119,0.0
238,20,0.0
238,399,0.0
238,476,0.0
238,264,0.0
238,200,0.0
238,189,0.0
238,362,0.0
238,17,0.0
238,16,0.0
165,119,0.0
165,20,0.0
165,399,0.0
165,476,0.0
165,264,0.0
165,200,0.0
165,189,0.0
165,362,0.0
165,17,0.0
165,16,0.0
225,20,0.0
225,399,0.0
225,476,0.0
225,264,0.0
225,200,0.0
225,189,0.0
225,362,0.0
225,17,0.0
225,16,0.0
225,310,0.0
242,119,0.0
242,399,0.0
242,476,0.0
242,264,0.0
242,200,0.0
242,189,0.0
242,362,0.0
242,17,0.0
242,16,0.0
242,310,0.0
338,189,9.154452843240355
338,399,5.774807885360964
338,310,5.463803186965981
338,16,4.311034265690863
338,94,3.045713342732409
338,79,2.337897652062427
338,134,1.9194160846591435
338,59,1.6003790884943139
338,89,1.2827960683570931
338,22,1.248926292722171
326,119,0.0
326,20,0.0
326,399,0.0
326,476,0.0
326,264,0.0
326,200,0.0
326,189,0.0
326,362,0.0
326,17,0.0
326,16,0.0
96,119,0.0
96,399,0.0
96,476,0.0
96,264,0.0
96,200,0.0
96,189,0.0
96,362,0.0
96,17,0.0
96,16,0.0
96,310,0.0
94,119,0.0
94,20,0.0
94,399,0.0
94,476,0.0
94,264,0.0
94,200,0.0
94,189,0.0
94,362,0.0
94,17,0.0
94,16,0.0
123,119,0.0
123,399,0.0
123,476,0.0
123,264,0.0
123,200,0.0
123,189,0.0
123,362,0.0
123,17,0.0
123,16,0.0
123,310,0.0
392,119,8.455106478234262
392,20,5.859490532694036
392,79,4.735011187421161
392,287,3.8420319807687395
392,78,3.6479201655619553
392,362,3.1785880270722338
392,94,2.9108734754848187
392,416,2.641873002703888
392,399,2.636533503024939
392,189,1.4860650430485902
343,399,3.0
343,78,3.0
343,20,3.0
343,310,3.0
343,200,2.0
343,22,2.0
343,119,2.0
343,287,2.0
343,416,2.0
343,255,1.0
120,20,0.0
120,399,0.0
120,476,0.0
120,264,0.0
120,200,0.0
120,189,0.0
120,362,0.0
120,17,0.0
120,16,0.0
120,310,0.0
344,119,10.704202315057826
344,200,9.130846666769337
344,399,7.848703972843012
344,352,6.688678972238885
344,94,6.226337606926286
344,310,5.297513333436002
344,287,4.348703972843011
344,189,4.2493370940031046
344,362,4.148876625170525
344,255,3.79892879699379
213,134,1.499189736531372
213,415,0.999189736531372
213,287,0.21189478500089165
213,89,0.01678701789112691
213,284,0.0
213,17,0.0
213,400,0.0
213,476,0.0
213,78,-0.10664517198686052
213,77,-0.9176629354822471
305,119,0.0
305,20,0.0
305,399,0.0
305,476,0.0
305,264,0.0
305,200,0.0
305,189,0.0
305,362,0.0
305,17,0.0
305,16,0.0
314,119,0.0
314,399,0.0
314,476,0.0
314,264,0.0
314,200,0.0
314,189,0.0
314,362,0.0
314,17,0.0
314,16,0.0
314,310,0.0
75,119,0.0
75,20,0.0
75,399,0.0
75,476,0.0
75,264,0.0
75,200,0.0
75,189,0.0
75,362,0.0
75,17,0.0
75,16,0.0
262,119,0.0
262,20,0.0
262,399,0.0
262,476,0.0
262,264,0.0
262,200,0.0
262,189,0.0
262,362,0.0
262,17,0.0
262,16,0.0
216,20,0.0
216,399,0.0
216,476,0.0
216,264,0.0
216,200,0.0
216,189,0.0
216,362,0.0
216,17,0.0
216,16,0.0
216,310,0.0
220,119,0.0
220,20,0.0
220,399,0.0
220,476,0.0
220,264,0.0
220,200,0.0
220,189,0.0
220,362,0.0
220,17,0.0
220,16,0.0
377,399,4.0
377,16,4.0
377,94,2.0
377,362,2.0
377,189,1.0
377,59,0.9999999999999999
377,77,0.9999999999999998
377,22,2.220446049250313E-16
377,255,2.220446049250313E-16
377,476,0.0
316,78,3.7263471474672487
316,200,2.32075554001597
316,824,1.5226131974252204
316,22,1.4088286908900471
316,255,1.2823994129255682
316,20,1.1683026535826906
316,287,1.0149045430911208
316,415,0.9531622029786675
316,416,0.741851822256301
316,134,0.15752445307670915
209,264,6.0
209,189,4.0
209,119,4.0
209,200,3.0
209,20,3.0
209,255,3.0
209,287,2.000000000000001
209,16,1.0
209,310,1.0
209,362,1.0
265,119,0.0
265,20,0.0
265,399,0.0
265,476,0.0
265,264,0.0
265,200,0.0
265,189,0.0
265,362,0.0
265,17,0.0
265,16,0.0
167,119,7.330737947366641
167,399,6.121964306213389
167,200,5.586644426325897
167,189,4.769002948256603
167,16,4.610116976380446
167,287,4.505957185863142
167,94,4.451462869283553
167,310,3.9559718036982288
167,22,3.709288808539121
167,89,2.8045187466925894
178,20,0.0
178,399,0.0
178,476,0.0
178,264,0.0
178,200,0.0
178,189,0.0
178,362,0.0
178,17,0.0
178,16,0.0
178,310,0.0
289,119,0.0
289,20,0.0
289,399,0.0
289,476,0.0
289,264,0.0
289,200,0.0
289,189,0.0
289,362,0.0
289,17,0.0
289,16,0.0
287,119,0.0
287,20,0.0
287,399,0.0
287,476,0.0
287,200,0.0
287,189,0.0
287,362,0.0
287,17,0.0
287,16,0.0
287,310,0.0
380,119,0.0
380,399,0.0
380,476,0.0
380,264,0.0
380,200,0.0
380,189,0.0
380,362,0.0
380,17,0.0
380,16,0.0
380,310,0.0
356,119,0.0
356,20,0.0
356,399,0.0
356,476,0.0
356,200,0.0
356,189,0.0
356,362,0.0
356,17,0.0
356,16,0.0
356,310,0.0
354,119,0.0
354,20,0.0
354,399,0.0
354,476,0.0
354,264,0.0
354,200,0.0
354,189,0.0
354,362,0.0
354,17,0.0
354,16,0.0
376,119,0.0
376,20,0.0
376,399,0.0
376,476,0.0
376,264,0.0
376,200,0.0
376,189,0.0
376,362,0.0
376,17,0.0
376,16,0.0
346,119,0.0
346,20,0.0
346,476,0.0
346,264,0.0
346,200,0.0
346,189,0.0
346,362,0.0
346,17,0.0
346,16,0.0
346,310,0.0
101,119,0.0
101,20,0.0
101,399,0.0
101,476,0.0
101,264,0.0
101,200,0.0
101,189,0.0
101,362,0.0
101,17,0.0
101,16,0.0
109,119,0.0
109,20,0.0
109,399,0.0
109,476,0.0
109,264,0.0
109,200,0.0
109,189,0.0
109,362,0.0
109,17,0.0
109,16,0.0
191,119,9.0
191,200,6.0
191,94,5.0
191,399,4.0
191,255,4.0
191,310,3.0
191,16,3.0
191,189,3.0
191,20,3.0
191,362,3.0
184,119,0.0
184,20,0.0
184,399,0.0
184,476,0.0
184,264,0.0
184,200,0.0
184,189,0.0
184,362,0.0
184,17,0.0
184,16,0.0
352,119,0.0
352,399,0.0
352,476,0.0
352,264,0.0
352,200,0.0
352,189,0.0
352,362,0.0
352,17,0.0
352,16,0.0
352,310,0.0
231,119,0.0
231,20,0.0
231,399,0.0
231,476,0.0
231,264,0.0
231,189,0.0
231,362,0.0
231,17,0.0
231,16,0.0
231,310,0.0
187,119,0.0
187,20,0.0
187,399,0.0
187,476,0.0
187,264,0.0
187,200,0.0
187,189,0.0
187,362,0.0
187,17,0.0
187,16,0.0
297,119,0.0
297,20,0.0
297,399,0.0
297,476,0.0
297,200,0.0
297,189,0.0
297,362,0.0
297,17,0.0
297,16,0.0
297,59,0.0
228,416,2.9756583222945236
228,824,1.9878291611472618
228,362,1.35921060405355
228,352,1.258291246988146
228,125,1.0
228,190,1.0
228,19,1.0
228,415,0.9999999999999999
228,399,0.8625681263763822
228,16,0.7184212081070998
308,119,0.0
308,20,0.0
308,476,0.0
308,264,0.0
308,200,0.0
308,189,0.0
308,362,0.0
308,17,0.0
308,16,0.0
308,310,0.0
139,119,0.0
139,20,0.0
139,399,0.0
139,476,0.0
139,200,0.0
139,189,0.0
139,362,0.0
139,17,0.0
139,16,0.0
139,310,0.0
373,119,0.0
373,20,0.0
373,399,0.0
373,476,0.0
373,264,0.0
373,200,0.0
373,189,0.0
373,362,0.0
373,17,0.0
373,16,0.0
168,119,0.0
168,20,0.0
168,399,0.0
168,476,0.0
168,200,0.0
168,189,0.0
168,362,0.0
168,17,0.0
168,16,0.0
168,310,0.0
400,119,0.0
400,20,0.0
400,399,0.0
400,476,0.0
400,264,0.0
400,200,0.0
400,189,0.0
400,362,0.0
400,17,0.0
400,16,0.0
320,119,0.0
320,20,0.0
320,399,0.0
320,476,0.0
320,264,0.0
320,200,0.0
320,189,0.0
320,362,0.0
320,17,0.0
320,16,0.0
95,119,0.0
95,399,0.0
95,476,0.0
95,264,0.0
95,200,0.0
95,189,0.0
95,362,0.0
95,17,0.0
95,16,0.0
95,310,0.0
353,119,0.0
353,20,0.0
353,399,0.0
353,476,0.0
353,200,0.0
353,189,0.0
353,362,0.0
353,17,0.0
353,16,0.0
353,310,0.0
260,119,0.0
260,20,0.0
260,399,0.0
260,476,0.0
260,264,0.0
260,200,0.0
260,189,0.0
260,362,0.0
260,17,0.0
260,16,0.0
83,20,0.0
83,399,0.0
83,476,0.0
83,264,0.0
83,200,0.0
83,189,0.0
83,362,0.0
83,17,0.0
83,16,0.0
83,310,0.0
250,352,1.0000000000000002
250,125,1.0
250,416,1.0
250,415,1.0
250,255,1.0
250,134,1.0
250,19,1.0
250,59,0.0
250,79,0.0
250,17,0.0
395,264,9.0
395,119,8.0
395,200,6.000000000000001
395,399,6.000000000000001
395,94,5.000000000000001
395,352,5.0
395,310,4.000000000000001
395,287,4.000000000000001
395,16,4.000000000000001
395,78,3.0000000000000004
183,119,0.0
183,20,0.0
183,399,0.0
183,476,0.0
183,264,0.0
183,200,0.0
183,189,0.0
183,362,0.0
183,17,0.0
183,16,0.0
275,119,0.0
275,20,0.0
275,399,0.0
275,476,0.0
275,264,0.0
275,200,0.0
275,189,0.0
275,362,0.0
275,17,0.0
275,16,0.0
173,119,3.545425497804853
173,189,3.244071053981546
173,22,2.1387379005352525
173,287,2.116961101490352
173,89,1.4684459305467974
173,77,1.0000000000000002
173,200,0.9565880385098899
173,94,0.9014992210329578
173,78,0.8728900475088064
173,255,0.6941706127412544
272,119,0.0
272,20,0.0
272,399,0.0
272,476,0.0
272,264,0.0
272,200,0.0
272,189,0.0
272,362,0.0
272,17,0.0
272,16,0.0
304,119,0.0
304,399,0.0
304,476,0.0
304,264,0.0
304,200,0.0
304,189,0.0
304,362,0.0
304,17,0.0
304,16,0.0
304,310,0.0
318,119,0.0
318,399,0.0
318,476,0.0
318,264,0.0
318,200,0.0
318,189,0.0
318,362,0.0
318,17,0.0
318,16,0.0
318,310,0.0
125,22,3.0
125,16,1.0
125,77,1.0
125,310,0.9999999999999998
125,476,0.0
125,284,0.0
125,400,0.0
125,17,0.0
125,89,-1.1102230246251565E-16
125,189,-4.440892098500626E-16
374,119,0.0
374,20,0.0
374,399,0.0
374,476,0.0
374,264,0.0
374,200,0.0
374,189,0.0
374,362,0.0
374,17,0.0
374,16,0.0
317,119,0.0
317,20,0.0
317,399,0.0
317,476,0.0
317,264,0.0
317,200,0.0
317,189,0.0
317,362,0.0
317,17,0.0
317,16,0.0
177,119,0.0
177,20,0.0
177,399,0.0
177,476,0.0
177,264,0.0
177,200,0.0
177,189,0.0
177,362,0.0
177,17,0.0
177,16,0.0
149,119,9.0
149,200,6.0
149,94,5.0
149,399,4.0
149,255,4.0
149,310,3.0
149,16,3.0
149,189,3.0
149,20,3.0
149,362,3.0
327,119,0.0
327,20,0.0
327,399,0.0
327,476,0.0
327,264,0.0
327,200,0.0
327,189,0.0
327,362,0.0
327,17,0.0
327,16,0.0
207,119,0.0
207,20,0.0
207,399,0.0
207,476,0.0
207,200,0.0
207,189,0.0
207,362,0.0
207,17,0.0
207,16,0.0
207,310,0.0
361,119,0.0
361,20,0.0
361,399,0.0
361,476,0.0
361,200,0.0
361,189,0.0
361,362,0.0
361,17,0.0
361,16,0.0
361,310,0.0
339,119,0.0
339,399,0.0
339,476,0.0
339,264,0.0
339,200,0.0
339,189,0.0
339,362,0.0
339,17,0.0
339,16,0.0
339,310,0.0
351,119,0.0
351,20,0.0
351,399,0.0
351,476,0.0
351,264,0.0
351,200,0.0
351,189,0.0
351,362,0.0
351,17,0.0
351,16,0.0
266,119,0.0
266,20,0.0
266,399,0.0
266,476,0.0
266,264,0.0
266,200,0.0
266,189,0.0
266,362,0.0
266,17,0.0
266,16,0.0
386,119,0.0
386,399,0.0
386,476,0.0
386,264,0.0
386,200,0.0
386,189,0.0
386,362,0.0
386,17,0.0
386,16,0.0
386,310,0.0
285,264,7.07761240756885
285,255,5.470709499958127
285,287,5.07761240756885
285,399,4.606202238048309
285,22,4.470709499958127
285,310,4.405811577336179
285,200,4.153998047277532
285,362,3.9624721842270674
285,189,3.4714101695205413
285,16,2.9624721842270674
127,119,0.0
127,20,0.0
127,476,0.0
127,264,0.0
127,200,0.0
127,189,0.0
127,362,0.0
127,17,0.0
127,16,0.0
127,310,0.0
341,119,0.0
341,399,0.0
341,476,0.0
341,264,0.0
341,200,0.0
341,189,0.0
341,362,0.0
341,17,0.0
341,16,0.0
341,310,0.0
130,20,8.0
130,287,6.0
130,200,6.0
130,399,6.0
130,264,6.0
130,255,5.0
130,119,4.0
130,310,4.0
130,94,4.0
130,362,3.0
364,264,9.0
364,119,8.0
364,200,6.0
364,399,6.0
364,94,5.0
364,352,5.0
364,310,4.0
364,287,4.0
364,16,4.0
364,22,3.0
331,119,0.0
331,20,0.0
331,399,0.0
331,476,0.0
331,200,0.0
331,189,0.0
331,362,0.0
331,17,0.0
331,16,0.0
331,310,0.0
332,119,0.0
332,20,0.0
332,399,0.0
332,476,0.0
332,264,0.0
332,200,0.0
332,189,0.0
332,362,0.0
332,17,0.0
332,16,0.0
389,119,0.0
389,20,0.0
389,399,0.0
389,476,0.0
389,264,0.0
389,189,0.0
389,362,0.0
389,17,0.0
389,16,0.0
389,310,0.0
146,119,0.0
146,20,0.0
146,399,0.0
146,476,0.0
146,264,0.0
146,200,0.0
146,189,0.0
146,362,0.0
146,17,0.0
146,16,0.0
328,119,0.0
328,399,0.0
328,476,0.0
328,264,0.0
328,200,0.0
328,189,0.0
328,362,0.0
328,17,0.0
328,16,0.0
328,310,0.0
322,119,0.0
322,399,0.0
322,476,0.0
322,264,0.0
322,200,0.0
322,189,0.0
322,362,0.0
322,17,0.0
322,16,0.0
322,310,0.0
181,119,0.0
181,20,0.0
181,399,0.0
181,476,0.0
181,264,0.0
181,200,0.0
181,189,0.0
181,362,0.0
181,17,0.0
181,16,0.0
299,399,10.0
299,119,7.000000000000001
299,264,6.000000000000001
299,20,6.0
299,362,6.0
299,352,6.0
299,94,5.000000000000001
299,16,5.0
299,200,5.0
299,189,4.0
313,119,0.0
313,20,0.0
313,399,0.0
313,476,0.0
313,264,0.0
313,200,0.0
313,189,0.0
313,362,0.0
313,17,0.0
313,16,0.0
245,119,0.0
245,20,0.0
245,399,0.0
245,476,0.0
245,200,0.0
245,189,0.0
245,362,0.0
245,17,0.0
245,16,0.0
245,310,0.0
393,119,0.0
393,20,0.0
393,399,0.0
393,476,0.0
393,264,0.0
393,200,0.0
393,189,0.0
393,362,0.0
393,17,0.0
393,16,0.0
324,264,9.0
324,119,8.0
324,200,6.0
324,399,6.0
324,94,5.0
324,352,5.0
324,310,4.0
324,287,4.0
324,16,4.0
324,22,3.0
74,119,0.0
74,20,0.0
74,399,0.0
74,476,0.0
74,264,0.0
74,200,0.0
74,189,0.0
74,362,0.0
74,17,0.0
74,16,0.0
195,119,0.0
195,399,0.0
195,476,0.0
195,264,0.0
195,200,0.0
195,189,0.0
195,362,0.0
195,17,0.0
195,16,0.0
195,310,0.0
239,119,0.0
239,399,0.0
239,476,0.0
239,264,0.0
239,200,0.0
239,189,0.0
239,362,0.0
239,17,0.0
239,16,0.0
239,310,0.0
334,119,0.0
334,20,0.0
334,476,0.0
334,264,0.0
334,200,0.0
334,189,0.0
334,362,0.0
334,17,0.0
334,16,0.0
334,310,0.0
118,119,0.0
118,20,0.0
118,476,0.0
118,264,0.0
118,200,0.0
118,189,0.0
118,17,0.0
118,16,0.0
118,310,0.0
118,59,0.0
150,119,0.0
150,20,0.0
150,399,0.0
150,476,0.0
150,264,0.0
150,200,0.0
150,189,0.0
150,362,0.0
150,17,0.0
150,16,0.0
