448,94,6.782776603822802
448,200,6.286806811146118
448,22,1.4194550363285963
448,78,0.839020270456321
448,89,0.8081509476891793
448,255,0.7915566600579114
448,59,0.6217944309874854
448,190,0.49999999999999994
448,824,0.44307153159489754
448,284,0.4009474471063433
444,20,0.0
444,399,0.0
444,476,0.0
444,264,0.0
444,200,0.0
444,189,0.0
444,362,0.0
444,17,0.0
444,16,0.0
444,310,0.0
450,119,8.0
450,200,7.0
450,287,5.0
450,189,5.0
450,399,5.0
450,79,3.000000000000001
450,22,3.000000000000001
450,20,3.0
450,78,2.0
450,824,2.0
445,119,0.0
445,399,0.0
445,476,0.0
445,264,0.0
445,200,0.0
445,189,0.0
445,362,0.0
445,17,0.0
445,16,0.0
445,310,0.0
446,119,0.0
446,20,0.0
446,399,0.0
446,476,0.0
446,264,0.0
446,189,0.0
446,362,0.0
446,17,0.0
446,16,0.0
446,310,0.0
447,200,3.452391539923969
447,20,2.3018363471688534
447,79,0.5393640107436075
447,22,0.07327819775828948
447,476,0.0
447,190,0.0
447,400,0.0
447,415,-0.06107481739416785
447,78,-0.09833720312121708
447,119,-0.1143988250413237
449,119,0.0
449,20,0.0
449,399,0.0
449,476,0.0
449,264,0.0
449,200,0.0
449,189,0.0
449,17,0.0
449,16,0.0
449,310,0.0
522,399,19.33608459576454
522,79,17.335075965566602
522,94,13.125102714484775
522,255,10.751825660173564
522,22,9.702716011845155
522,352,5.523943500033869
522,134,2.6370552130863367
522,59,2.4988864266519086
522,89,1.9752300382571586
522,824,1.4893116334489989
524,20,12.001896509306802
524,399,10.272444341844146
524,310,10.272444341844146
524,119,9.985019205115684
524,79,9.492258192637141
524,287,9.452340024580417
524,189,9.261291576746546
524,22,7.198373183144752
524,362,6.923878102701766
524,94,6.463492789678018
516,200,30.32457442612603
516,399,22.158393774855696
516,22,9.969039360007482
516,310,9.603440062453542
516,78,6.255683747727519
516,16,5.084149872432942
516,59,2.9940068931053427
516,89,2.15651070592091
516,362,1.7625875106657567
516,352,1.7225719773743258
619,20,24.537963018267284
619,119,23.79643420074788
619,22,4.221348178074639
619,352,4.126421900981423
619,59,2.207195705280465
619,134,1.649844654843832
619,824,1.1400137736409917
619,78,0.800489149517846
619,284,0.7138846540947242
619,190,0.6692382674782156
494,119,9.586918385427552
494,264,8.249342943184061
494,287,6.432023053798627
494,255,6.286102200371451
494,352,5.408177023252215
494,399,4.779701978782024
494,22,3.225781762307901
494,89,3.139039522998156
494,134,3.0252254251504014
494,16,2.9741008951643906
655,20,7.795472262838786
655,287,5.933025032622149
655,200,4.32361046821072
655,255,3.117536119600593
655,22,3.06087271640202
655,134,1.7329764310825306
655,77,0.9999999999999998
655,89,0.9631404086528028
655,352,0.8894821215941617
655,79,0.8785589050255331
466,264,11.0
466,119,11.0
466,200,9.0
466,287,9.0
466,189,8.0
466,20,8.0
466,94,8.0
466,22,5.0
466,255,5.0
466,362,4.0
523,119,0.0
523,20,0.0
523,399,0.0
523,476,0.0
523,264,0.0
523,200,0.0
523,189,0.0
523,362,0.0
523,17,0.0
523,16,0.0
620,200,24.787424988317618
620,264,21.397307963914628
620,255,14.270616829682115
620,287,13.194644966028488
620,22,8.942698317031141
620,310,7.275038021665482
620,352,6.137598382720416
620,16,4.346052247459191
620,78,4.30739332366174
620,59,2.228704305988419
570,20,0.0
570,399,0.0
570,476,0.0
570,264,0.0
570,200,0.0
570,189,0.0
570,362,0.0
570,17,0.0
570,16,0.0
570,310,0.0
544,287,12.292861626235721
544,310,11.13235916884015
544,22,9.30330275676354
544,16,9.116673675275912
544,94,8.383969240611595
544,362,7.701294817482593
544,352,6.737441826073862
544,78,4.5687539496051
544,134,3.4042740962667724
544,89,3.321894651776108
618,20,18.891617198799196
618,255,6.895687356482062
618,78,6.357306416813371
618,16,5.204036856581119
618,310,4.81250348909897
618,79,4.757857742125733
618,362,4.1796046294850395
618,189,3.8564035109657615
618,22,3.740712534049689
618,89,1.7908961451999255
640,17,0.2266108860142998
640,824,0.01752069461450525
640,190,0.0
640,476,0.0
640,400,0.0
640,77,-0.3313540376512028
640,415,-0.43886423182836787
640,89,-0.7282668511257473
640,59,-0.7878988091057574
640,19,-1.0
487,20,0.0
487,399,0.0
487,476,0.0
487,264,0.0
487,200,0.0
487,189,0.0
487,362,0.0
487,17,0.0
487,16,0.0
487,310,0.0
610,20,0.0
610,399,0.0
610,476,0.0
610,264,0.0
610,200,0.0
610,189,0.0
610,362,0.0
610,17,0.0
610,16,0.0
610,310,0.0
492,310,3.5949369681110372
492,399,3.066082222810439
492,287,1.5829728454565997
492,77,0.8660254037844387
492,59,0.8164694367625811
492,17,0.5638472871081652
492,824,0.3981825546841352
492,22,0.2490402009065913
492,16,0.0033718911163445053
492,476,0.0
569,20,21.404648813907823
569,79,14.477000407748074
569,287,12.58977142094664
569,310,12.286156306146365
569,189,11.232813290040019
569,94,10.206509493708138
569,255,9.74325089778167
569,16,8.52959406231814
569,22,7.118257907738249
569,362,6.707603792567795
518,20,0.0
518,399,0.0
518,476,0.0
518,264,0.0
518,200,0.0
518,189,0.0
518,362,0.0
518,17,0.0
518,16,0.0
518,310,0.0
481,20,0.0
481,399,0.0
481,476,0.0
481,264,0.0
481,200,0.0
481,189,0.0
481,362,0.0
481,17,0.0
481,16,0.0
481,310,0.0
624,119,0.0
624,20,0.0
624,399,0.0
624,476,0.0
624,264,0.0
624,200,0.0
624,362,0.0
624,17,0.0
624,16,0.0
624,310,0.0
514,119,0.0
514,20,0.0
514,399,0.0
514,476,0.0
514,264,0.0
514,200,0.0
514,189,0.0
514,362,0.0
514,17,0.0
514,16,0.0
592,20,0.0
592,399,0.0
592,476,0.0
592,264,0.0
592,200,0.0
592,189,0.0
592,362,0.0
592,17,0.0
592,16,0.0
592,310,0.0
454,20,0.0
454,399,0.0
454,476,0.0
454,264,0.0
454,200,0.0
454,189,0.0
454,362,0.0
454,17,0.0
454,16,0.0
454,310,0.0
486,20,0.0
486,399,0.0
486,476,0.0
486,264,0.0
486,200,0.0
486,189,0.0
486,362,0.0
486,17,0.0
486,16,0.0
486,310,0.0
560,119,0.0
560,20,0.0
560,399,0.0
560,476,0.0
560,264,0.0
560,200,0.0
560,189,0.0
560,362,0.0
560,17,0.0
560,16,0.0
489,399,6.0
489,20,5.260152951186509
489,287,5.260152951186509
489,79,5.0
489,264,4.260152951186509
489,200,4.260152951186509
489,189,4.0
489,22,3.260152951186509
489,134,3.0
489,362,3.0
477,399,0.0
477,476,0.0
477,264,0.0
477,200,0.0
477,362,0.0
477,17,0.0
477,16,0.0
477,310,0.0
477,59,0.0
477,94,0.0
612,119,0.0
612,20,0.0
612,399,0.0
612,476,0.0
612,264,0.0
612,200,0.0
612,189,0.0
612,362,0.0
612,17,0.0
612,16,0.0
451,20,21.65474879361162
451,255,11.333339527917133
451,22,8.903530663148938
451,16,6.433823792944694
451,362,4.963969320509591
451,78,3.618269595051066
451,352,3.572526660410695
451,59,3.3507969418432793
451,134,3.1388058121230573
451,824,1.781060014303553
639,78,3.0000000000000004
639,399,1.3502329658729142
639,20,1.1339745962155616
639,200,0.8502329658729149
639,16,0.6339745962155614
639,264,0.3502329658729142
639,189,0.3502329658729142
639,17,0.0
639,284,0.0
639,476,0.0
654,20,24.92197934773321
654,287,10.895819363685748
654,94,10.023356917172496
654,255,9.680673983352063
654,189,9.597106618369569
654,310,8.963976141925388
654,362,8.625971065788244
654,22,8.220468051105637
654,352,8.115284573251422
654,16,7.2733276699360205
607,264,5.374692275472791
607,255,3.7542525537893887
607,78,3.0326025512492736
607,287,1.9667349362607638
607,362,1.6775803197896972
607,20,1.0900680780904926
607,89,1.0000000000000002
607,824,0.7517536425768101
607,16,0.7365772131331149
607,416,0.6900515273353299
471,20,0.0
471,399,0.0
471,476,0.0
471,264,0.0
471,200,0.0
471,189,0.0
471,362,0.0
471,17,0.0
471,16,0.0
471,310,0.0
657,264,30.73709820165152
657,79,20.882799751227687
657,287,20.243892890100334
657,189,16.47861687078089
657,310,15.517804220488099
657,255,13.178153794351694
657,22,10.585955002481398
657,16,9.989357249097967
657,352,8.561660263601677
657,362,7.363584309329264
632,20,0.0
632,399,0.0
632,476,0.0
632,264,0.0
632,200,0.0
632,189,0.0
632,362,0.0
632,17,0.0
632,16,0.0
632,310,0.0
578,119,2.1216749404037403
578,310,0.9367056060471266
578,824,0.6437623545462704
578,17,0.49999999999999994
578,476,0.0
578,284,0.0
578,77,0.0
578,400,0.0
578,415,-0.15092204047275737
578,264,-0.3072430233404433
660,399,13.0
660,200,13.0
660,189,12.0
660,287,9.0
660,20,8.0
660,79,7.0
660,255,7.0
660,94,6.0
660,22,5.000000000000001
660,362,5.0
519,119,0.0
519,20,0.0
519,399,0.0
519,476,0.0
519,264,0.0
519,200,0.0
519,189,0.0
519,362,0.0
519,17,0.0
519,16,0.0
588,89,1.0000000000000004
588,78,1.0000000000000002
588,824,0.0
588,190,0.0
588,416,0.0
588,17,0.0
588,284,0.0
588,415,0.0
588,476,0.0
588,125,0.0
605,399,0.0
605,476,0.0
605,264,0.0
605,200,0.0
605,189,0.0
605,362,0.0
605,17,0.0
605,16,0.0
605,310,0.0
605,59,0.0
540,119,0.0
540,20,0.0
540,399,0.0
540,476,0.0
540,264,0.0
540,200,0.0
540,189,0.0
540,362,0.0
540,17,0.0
540,16,0.0
653,119,0.0
653,20,0.0
653,399,0.0
653,476,0.0
653,200,0.0
653,189,0.0
653,362,0.0
653,17,0.0
653,16,0.0
653,310,0.0
535,20,0.0
535,399,0.0
535,476,0.0
535,264,0.0
535,200,0.0
535,189,0.0
535,362,0.0
535,17,0.0
535,16,0.0
535,310,0.0
484,399,0.0
484,476,0.0
484,264,0.0
484,200,0.0
484,189,0.0
484,362,0.0
484,17,0.0
484,16,0.0
484,310,0.0
484,59,0.0
566,264,26.80683345073832
566,20,22.5548834868031
566,287,17.552605732336065
566,189,15.497181847944761
566,310,11.22841651162124
566,255,10.771882258753227
566,16,9.112594207269755
566,22,8.984923008564545
566,362,8.813995522565099
566,352,5.506790415668716
591,200,4.0
591,362,3.000000000000001
591,134,3.0
591,264,3.0
591,20,3.0
591,94,2.000000000000001
591,255,2.0
591,16,1.9999999999999998
591,189,1.9999999999999998
591,17,1.0
611,399,1.0
611,20,1.0
611,264,1.0
611,310,1.0
611,476,0.0
611,362,0.0
611,200,0.0
611,17,0.0
611,16,0.0
611,189,0.0
525,79,19.990630672453978
525,287,19.0034632460629
525,20,18.30124585030555
525,189,14.915229496392568
525,255,12.273562849661138
525,22,10.848272301840979
525,310,8.57508993113524
525,16,8.437498456603203
525,352,6.83925125597333
525,362,5.837290579836397
635,119,0.0
635,399,0.0
635,476,0.0
635,264,0.0
635,189,0.0
635,362,0.0
635,17,0.0
635,16,0.0
635,310,0.0
635,59,0.0
609,119,0.0
609,20,0.0
609,399,0.0
609,476,0.0
609,264,0.0
609,200,0.0
609,189,0.0
609,362,0.0
609,17,0.0
609,16,0.0
483,20,0.0
483,476,0.0
483,264,0.0
483,200,0.0
483,362,0.0
483,17,0.0
483,16,0.0
483,310,0.0
483,59,0.0
483,94,0.0
458,119,0.0
458,20,0.0
458,399,0.0
458,476,0.0
458,264,0.0
458,200,0.0
458,189,0.0
458,362,0.0
458,17,0.0
458,16,0.0
496,119,0.0
496,20,0.0
496,399,0.0
496,476,0.0
496,264,0.0
496,200,0.0
496,189,0.0
496,362,0.0
496,17,0.0
496,16,0.0
642,119,5.183681679060427
642,352,5.0843521479773806
642,200,4.300276976536843
642,310,3.249829772501994
642,16,2.4337062067836355
642,416,1.9999999999999996
642,284,1.9999999999999996
642,287,1.9705106821128497
642,824,1.7582819403534742
642,79,1.4038088142954885
526,20,0.0
526,399,0.0
526,476,0.0
526,264,0.0
526,200,0.0
526,189,0.0
526,362,0.0
526,17,0.0
526,16,0.0
526,310,0.0
459,119,0.0
459,20,0.0
459,399,0.0
459,476,0.0
459,264,0.0
459,200,0.0
459,189,0.0
459,362,0.0
459,17,0.0
459,16,0.0
616,20,0.0
616,399,0.0
616,476,0.0
616,264,0.0
616,200,0.0
616,189,0.0
616,362,0.0
616,17,0.0
616,16,0.0
616,310,0.0
641,119,0.0
641,20,0.0
641,399,0.0
641,476,0.0
641,264,0.0
641,189,0.0
641,362,0.0
641,17,0.0
641,16,0.0
641,310,0.0
478,20,0.0
478,399,0.0
478,476,0.0
478,264,0.0
478,200,0.0
478,189,0.0
478,362,0.0
478,17,0.0
478,16,0.0
478,310,0.0
493,119,0.0
493,20,0.0
493,399,0.0
493,476,0.0
493,264,0.0
493,200,0.0
493,189,0.0
493,362,0.0
493,17,0.0
493,16,0.0
553,119,0.0
553,20,0.0
553,476,0.0
553,264,0.0
553,200,0.0
553,189,0.0
553,362,0.0
553,17,0.0
553,16,0.0
553,310,0.0
601,119,0.0
601,20,0.0
601,399,0.0
601,476,0.0
601,264,0.0
601,200,0.0
601,189,0.0
601,362,0.0
601,17,0.0
601,16,0.0
583,119,0.0
583,20,0.0
583,399,0.0
583,476,0.0
583,264,0.0
583,200,0.0
583,189,0.0
583,362,0.0
583,17,0.0
583,16,0.0
617,94,6.596940281382597
617,264,3.117806582395721
617,189,2.8129001619476526
617,399,1.492632538915168
617,824,0.9999999999999999
617,16,0.729208444938303
617,77,0.6586484292386722
617,22,0.5897822748156908
617,79,0.21879694312114373
617,17,0.16410000314572323
576,119,0.0
576,20,0.0
576,476,0.0
576,264,0.0
576,200,0.0
576,189,0.0
576,362,0.0
576,17,0.0
576,16,0.0
576,310,0.0
464,119,0.0
464,20,0.0
464,476,0.0
464,264,0.0
464,200,0.0
464,189,0.0
464,362,0.0
464,17,0.0
464,16,0.0
464,310,0.0
474,200,4.0
474,134,3.0
474,362,3.0
474,264,3.0
474,20,3.0
474,16,2.0
474,94,2.0
474,189,2.0
474,255,1.9999999999999991
474,17,1.0000000000000002
662,119,0.0
662,20,0.0
662,399,0.0
662,476,0.0
662,264,0.0
662,200,0.0
662,189,0.0
662,362,0.0
662,17,0.0
662,16,0.0
627,119,0.0
627,20,0.0
627,399,0.0
627,476,0.0
627,264,0.0
627,200,0.0
627,189,0.0
627,362,0.0
627,17,0.0
627,16,0.0
561,119,0.0
561,20,0.0
561,476,0.0
561,264,0.0
561,200,0.0
561,189,0.0
561,362,0.0
561,17,0.0
561,16,0.0
561,310,0.0
557,119,0.0
557,20,0.0
557,399,0.0
557,476,0.0
557,264,0.0
557,200,0.0
557,189,0.0
557,362,0.0
557,17,0.0
557,16,0.0
634,20,0.0
634,399,0.0
634,476,0.0
634,264,0.0
634,200,0.0
634,189,0.0
634,362,0.0
634,17,0.0
634,16,0.0
634,310,0.0
606,20,0.0
606,399,0.0
606,476,0.0
606,264,0.0
606,200,0.0
606,189,0.0
606,362,0.0
606,17,0.0
606,16,0.0
606,310,0.0
638,20,0.0
638,399,0.0
638,476,0.0
638,264,0.0
638,200,0.0
638,189,0.0
638,362,0.0
638,17,0.0
638,16,0.0
638,310,0.0
565,119,0.0
565,20,0.0
565,399,0.0
565,476,0.0
565,264,0.0
565,200,0.0
565,189,0.0
565,362,0.0
565,17,0.0
565,16,0.0
633,119,0.0
633,399,0.0
633,476,0.0
633,264,0.0
633,200,0.0
633,189,0.0
633,362,0.0
633,17,0.0
633,16,0.0
633,310,0.0
556,94,10.0
556,200,8.0
556,399,7.0
556,264,7.0
556,20,6.0
556,310,6.0
556,255,6.0
556,352,5.0
556,189,5.0
556,22,4.0
452,119,0.0
452,20,0.0
452,399,0.0
452,476,0.0
452,264,0.0
452,189,0.0
452,362,0.0
452,17,0.0
452,16,0.0
452,310,0.0
650,399,23.242839804825508
650,79,18.938044578975312
650,287,17.544648743547995
650,20,15.969563660759565
650,22,8.956661005059557
650,16,8.862842381527061
650,310,8.568226286490512
650,352,5.279370265623641
650,59,5.117385339834236
650,134,3.5248349332898963
550,200,7.353928363441025
550,399,7.267849717459319
550,287,5.93355042326968
550,20,4.984305665886449
550,362,4.2710155040352324
550,22,3.9436690815067745
550,255,3.674360010587452
550,310,3.2377249527485645
550,79,3.2167681173393774
550,134,2.5700343583446235
651,200,16.045363772154268
651,119,14.363924265881863
651,22,5.879053899922905
651,255,4.667290663539598
651,189,4.048077663018994
651,352,3.3601031007374402
651,310,3.29818384892674
651,78,2.0157966704439785
651,77,0.9088629494980589
651,824,0.7380148807499902
521,119,0.0
521,20,0.0
521,399,0.0
521,476,0.0
521,264,0.0
521,200,0.0
521,362,0.0
521,17,0.0
521,16,0.0
521,310,0.0
482,119,0.0
482,399,0.0
482,476,0.0
482,264,0.0
482,200,0.0
482,189,0.0
482,362,0.0
482,17,0.0
482,16,0.0
482,310,0.0
479,119,0.0
479,20,0.0
479,476,0.0
479,264,0.0
479,200,0.0
479,189,0.0
479,362,0.0
479,17,0.0
479,16,0.0
479,310,0.0
546,119,0.0
546,20,0.0
546,476,0.0
546,264,0.0
546,200,0.0
546,189,0.0
546,362,0.0
546,17,0.0
546,16,0.0
546,310,0.0
539,119,0.0
539,20,0.0
539,399,0.0
539,476,0.0
539,264,0.0
539,200,0.0
539,362,0.0
539,17,0.0
539,16,0.0
539,310,0.0
548,119,0.0
548,399,0.0
548,476,0.0
548,264,0.0
548,200,0.0
548,362,0.0
548,17,0.0
548,16,0.0
548,310,0.0
548,59,0.0
603,264,20.417750031783942
603,79,17.311097185477852
603,287,13.89909836590156
603,189,12.510309250174172
603,310,12.149740807204685
603,255,10.070400196511164
603,16,8.930342216951852
603,352,8.359717024344505
603,22,8.225171873984403
603,362,6.4707236481674135
554,119,0.0
554,20,0.0
554,399,0.0
554,476,0.0
554,264,0.0
554,200,0.0
554,189,0.0
554,362,0.0
554,17,0.0
554,16,0.0
513,20,0.0
513,399,0.0
513,476,0.0
513,264,0.0
513,200,0.0
513,189,0.0
513,362,0.0
513,17,0.0
513,16,0.0
513,310,0.0
552,20,0.0
552,399,0.0
552,476,0.0
552,264,0.0
552,200,0.0
552,362,0.0
552,17,0.0
552,16,0.0
552,310,0.0
552,59,0.0
500,20,0.0
500,399,0.0
500,476,0.0
500,264,0.0
500,200,0.0
500,189,0.0
500,362,0.0
500,17,0.0
500,16,0.0
500,310,0.0
648,119,0.0
648,20,0.0
648,399,0.0
648,476,0.0
648,264,0.0
648,200,0.0
648,189,0.0
648,362,0.0
648,17,0.0
648,16,0.0
520,119,0.0
520,20,0.0
520,399,0.0
520,476,0.0
520,264,0.0
520,200,0.0
520,362,0.0
520,17,0.0
520,16,0.0
520,310,0.0
555,119,0.0
555,20,0.0
555,399,0.0
555,476,0.0
555,264,0.0
555,200,0.0
555,189,0.0
555,362,0.0
555,17,0.0
555,16,0.0
460,119,0.0
460,20,0.0
460,399,0.0
460,476,0.0
460,264,0.0
460,200,0.0
460,189,0.0
460,362,0.0
460,17,0.0
460,16,0.0
506,119,0.0
506,20,0.0
506,399,0.0
506,476,0.0
506,264,0.0
506,200,0.0
506,362,0.0
506,17,0.0
506,16,0.0
506,310,0.0
649,119,0.0
649,399,0.0
649,476,0.0
649,264,0.0
649,200,0.0
649,189,0.0
649,362,0.0
649,17,0.0
649,16,0.0
649,310,0.0
602,119,0.0
602,20,0.0
602,399,0.0
602,476,0.0
602,200,0.0
602,189,0.0
602,362,0.0
602,17,0.0
602,16,0.0
602,310,0.0
533,119,0.0
533,20,0.0
533,399,0.0
533,476,0.0
533,264,0.0
533,200,0.0
533,189,0.0
533,362,0.0
533,17,0.0
533,16,0.0
491,119,0.0
491,20,0.0
491,399,0.0
491,476,0.0
491,264,0.0
491,200,0.0
491,189,0.0
491,362,0.0
491,17,0.0
491,16,0.0
621,79,8.877658602471831
621,352,5.652539527745258
621,78,3.87556358660405
621,255,3.788687223154211
621,59,1.8659467593723655
621,416,0.5689768194180395
621,125,0.5247967920440998
621,19,0.5247967920440998
621,824,0.34244983156445596
621,284,0.2933035049798843
498,119,0.0
498,20,0.0
498,399,0.0
498,476,0.0
498,264,0.0
498,200,0.0
498,189,0.0
498,362,0.0
498,17,0.0
498,16,0.0
590,189,3.0
590,362,2.0
590,352,1.9999999999999996
590,255,1.9999999999999996
590,119,1.0
590,134,1.0
590,824,0.9999999999999999
590,59,0.9999999999999998
590,476,0.0
590,17,0.0
574,20,0.0
574,399,0.0
574,476,0.0
574,200,0.0
574,189,0.0
574,362,0.0
574,17,0.0
574,16,0.0
574,310,0.0
574,59,0.0
575,119,0.0
575,20,0.0
575,399,0.0
575,476,0.0
575,264,0.0
575,200,0.0
575,189,0.0
575,362,0.0
575,17,0.0
575,16,0.0
453,119,0.0
453,20,0.0
453,399,0.0
453,476,0.0
453,264,0.0
453,200,0.0
453,189,0.0
453,362,0.0
453,17,0.0
453,16,0.0
564,119,0.0
564,20,0.0
564,399,0.0
564,476,0.0
564,200,0.0
564,189,0.0
564,362,0.0
564,17,0.0
564,16,0.0
564,310,0.0
562,119,0.0
562,20,0.0
562,399,0.0
562,476,0.0
562,264,0.0
562,200,0.0
562,189,0.0
562,362,0.0
562,17,0.0
562,16,0.0
643,119,0.0
643,20,0.0
643,399,0.0
643,476,0.0
643,264,0.0
643,200,0.0
643,189,0.0
643,362,0.0
643,17,0.0
643,16,0.0
501,200,3.0
501,310,3.0
501,255,3.0
501,119,2.0
501,287,1.9999999999999998
501,94,1.9999999999999998
501,399,1.9999999999999998
501,362,1.9999999999999998
501,264,1.9999999999999998
501,189,1.9999999999999998
571,119,0.0
571,20,0.0
571,399,0.0
571,476,0.0
571,264,0.0
571,200,0.0
571,189,0.0
571,362,0.0
571,17,0.0
571,16,0.0
508,119,0.0
508,20,0.0
508,399,0.0
508,476,0.0
508,264,0.0
508,200,0.0
508,189,0.0
508,362,0.0
508,17,0.0
508,16,0.0
656,119,0.0
656,20,0.0
656,399,0.0
656,476,0.0
656,264,0.0
656,200,0.0
656,189,0.0
656,362,0.0
656,17,0.0
656,16,0.0
499,119,0.0
499,399,0.0
499,476,0.0
499,264,0.0
499,200,0.0
499,189,0.0
499,362,0.0
499,17,0.0
499,16,0.0
499,310,0.0
637,119,0.0
637,399,0.0
637,476,0.0
637,264,0.0
637,200,0.0
637,189,0.0
637,362,0.0
637,17,0.0
637,16,0.0
637,310,0.0
586,94,5.676306301055305
586,310,3.2502373853954003
586,200,3.0414660609056856
586,22,2.2565148507334367
586,89,0.9498626353941391
586,352,0.49922659999490293
586,255,0.23061335697027263
586,59,0.09373991006898674
586,16,0.05886036375897463
586,415,0.026234161806670146
527,119,0.0
527,20,0.0
527,399,0.0
527,476,0.0
527,264,0.0
527,200,0.0
527,362,0.0
527,17,0.0
527,16,0.0
527,310,0.0
626,119,0.0
626,399,0.0
626,476,0.0
626,264,0.0
626,200,0.0
626,189,0.0
626,362,0.0
626,17,0.0
626,16,0.0
626,310,0.0
551,119,0.0
551,20,0.0
551,399,0.0
551,476,0.0
551,264,0.0
551,189,0.0
551,362,0.0
551,17,0.0
551,16,0.0
551,310,0.0
502,119,0.0
502,20,0.0
502,399,0.0
502,476,0.0
502,264,0.0
502,189,0.0
502,362,0.0
502,17,0.0
502,16,0.0
502,310,0.0
582,119,0.0
582,20,0.0
582,399,0.0
582,476,0.0
582,264,0.0
582,200,0.0
582,189,0.0
582,362,0.0
582,17,0.0
582,16,0.0
511,119,0.0
511,20,0.0
511,399,0.0
511,476,0.0
511,264,0.0
511,200,0.0
511,189,0.0
511,362,0.0
511,17,0.0
511,16,0.0
573,119,0.0
573,20,0.0
573,399,0.0
573,476,0.0
573,200,0.0
573,189,0.0
573,362,0.0
573,17,0.0
573,16,0.0
573,310,0.0
462,119,0.0
462,20,0.0
462,399,0.0
462,476,0.0
462,264,0.0
462,200,0.0
462,189,0.0
462,362,0.0
462,17,0.0
462,16,0.0
604,119,0.0
604,399,0.0
604,476,0.0
604,264,0.0
604,200,0.0
604,189,0.0
604,362,0.0
604,17,0.0
604,16,0.0
604,310,0.0
473,119,0.0
473,20,0.0
473,399,0.0
473,476,0.0
473,264,0.0
473,200,0.0
473,189,0.0
473,362,0.0
473,17,0.0
473,16,0.0
488,77,0.0
488,19,0.0
488,416,0.0
488,190,0.0
488,125,0.0
488,476,0.0
488,415,0.0
488,17,0.0
488,284,0.0
488,400,0.0
558,200,13.390564549397396
558,399,11.78978384692097
558,119,10.868911369444609
558,20,9.779283432065784
558,255,8.879487931670974
558,287,8.18133049687634
558,22,6.39114075226863
558,189,6.368335166573374
558,310,5.390564549397395
558,352,3.9888472349023996
613,119,0.0
613,20,0.0
613,399,0.0
613,476,0.0
613,264,0.0
613,200,0.0
613,189,0.0
613,362,0.0
613,17,0.0
613,16,0.0
547,20,0.0
547,399,0.0
547,476,0.0
547,264,0.0
547,200,0.0
547,189,0.0
547,362,0.0
547,17,0.0
547,16,0.0
547,310,0.0
505,119,0.0
505,20,0.0
505,399,0.0
505,476,0.0
505,264,0.0
505,189,0.0
505,362,0.0
505,17,0.0
505,16,0.0
505,310,0.0
595,119,0.0
595,20,0.0
595,399,0.0
595,476,0.0
595,264,0.0
595,200,0.0
595,189,0.0
595,362,0.0
595,17,0.0
595,16,0.0
658,20,0.0
658,399,0.0
658,476,0.0
658,264,0.0
658,200,0.0
658,189,0.0
658,362,0.0
658,17,0.0
658,16,0.0
658,310,0.0
646,119,0.0
646,20,0.0
646,399,0.0
646,476,0.0
646,264,0.0
646,200,0.0
646,189,0.0
646,362,0.0
646,17,0.0
646,16,0.0
497,119,0.0
497,20,0.0
497,399,0.0
497,476,0.0
497,264,0.0
497,200,0.0
497,362,0.0
497,17,0.0
497,16,0.0
497,310,0.0
596,119,0.0
596,20,0.0
596,399,0.0
596,476,0.0
596,264,0.0
596,200,0.0
596,189,0.0
596,362,0.0
596,17,0.0
596,16,0.0
628,119,0.0
628,399,0.0
628,476,0.0
628,264,0.0
628,200,0.0
628,189,0.0
628,362,0.0
628,17,0.0
628,16,0.0
628,310,0.0
630,119,0.0
630,20,0.0
630,399,0.0
630,476,0.0
630,200,0.0
630,189,0.0
630,362,0.0
630,17,0.0
630,16,0.0
630,310,0.0
455,119,0.0
455,399,0.0
455,476,0.0
455,264,0.0
455,200,0.0
455,189,0.0
455,362,0.0
455,17,0.0
455,16,0.0
455,310,0.0
622,200,6.202846770499729
622,255,2.473140536394462
622,22,2.2966712370866746
622,79,2.166445214780964
622,78,1.953155288947099
622,415,0.8289266857624735
622,89,0.6103413440783698
622,134,0.358715022368188
622,59,0.190846934620448
622,416,0.16288147402763542
580,119,0.0
580,20,0.0
580,399,0.0
580,476,0.0
580,264,0.0
580,200,0.0
580,189,0.0
580,362,0.0
580,17,0.0
580,16,0.0
530,20,0.0
530,399,0.0
530,476,0.0
530,264,0.0
530,200,0.0
530,189,0.0
530,362,0.0
530,17,0.0
530,16,0.0
530,310,0.0
532,94,6.0
532,264,5.0
532,189,4.0
532,310,3.0
532,255,2.0
532,22,1.9999999999999998
532,287,1.9999999999999998
532,16,1.9999999999999998
532,399,1.9999999999999998
532,79,1.0000000000000002
503,119,0.0
503,20,0.0
503,399,0.0
503,476,0.0
503,264,0.0
503,189,0.0
503,362,0.0
503,17,0.0
503,16,0.0
503,310,0.0
652,20,0.0
652,399,0.0
652,476,0.0
652,264,0.0
652,200,0.0
652,189,0.0
652,362,0.0
652,17,0.0
652,16,0.0
652,310,0.0
456,119,0.0
456,20,0.0
456,399,0.0
456,476,0.0
456,264,0.0
456,189,0.0
456,362,0.0
456,17,0.0
456,16,0.0
456,310,0.0
457,119,0.0
457,399,0.0
457,476,0.0
457,264,0.0
457,200,0.0
457,189,0.0
457,362,0.0
457,17,0.0
457,16,0.0
457,310,0.0
468,119,0.0
468,20,0.0
468,399,0.0
468,476,0.0
468,264,0.0
468,200,0.0
468,189,0.0
468,362,0.0
468,17,0.0
468,16,0.0
647,119,0.0
647,20,0.0
647,476,0.0
647,264,0.0
647,200,0.0
647,189,0.0
647,362,0.0
647,17,0.0
647,16,0.0
647,310,0.0
490,119,0.0
490,20,0.0
490,399,0.0
490,476,0.0
490,264,0.0
490,189,0.0
490,362,0.0
490,17,0.0
490,16,0.0
490,310,0.0
559,399,10.0
559,287,10.0
559,264,9.0
559,119,7.000000000000001
559,200,7.0
559,189,6.000000000000001
559,255,6.000000000000001
559,20,5.000000000000001
559,22,5.000000000000001
559,310,5.0
536,119,0.0
536,20,0.0
536,399,0.0
536,476,0.0
536,264,0.0
536,200,0.0
536,189,0.0
536,362,0.0
536,17,0.0
536,16,0.0
470,119,0.0
470,20,0.0
470,399,0.0
470,476,0.0
470,264,0.0
470,200,0.0
470,189,0.0
470,362,0.0
470,17,0.0
470,16,0.0
615,119,0.0
615,20,0.0
615,399,0.0
615,476,0.0
615,264,0.0
615,200,0.0
615,189,0.0
615,362,0.0
615,17,0.0
615,16,0.0
531,119,0.0
531,20,0.0
531,399,0.0
531,476,0.0
531,264,0.0
531,200,0.0
531,189,0.0
531,362,0.0
531,17,0.0
531,16,0.0
563,119,0.0
563,399,0.0
563,476,0.0
563,264,0.0
563,200,0.0
563,189,0.0
563,362,0.0
563,17,0.0
563,16,0.0
563,310,0.0
480,119,0.0
480,20,0.0
480,399,0.0
480,476,0.0
480,264,0.0
480,200,0.0
480,189,0.0
480,362,0.0
480,17,0.0
480,16,0.0
636,119,0.0
636,20,0.0
636,399,0.0
636,476,0.0
636,264,0.0
636,200,0.0
636,189,0.0
636,362,0.0
636,17,0.0
636,16,0.0
467,119,0.0
467,20,0.0
467,399,0.0
467,476,0.0
467,264,0.0
467,200,0.0
467,189,0.0
467,362,0.0
467,17,0.0
467,16,0.0
567,119,0.0
567,20,0.0
567,399,0.0
567,476,0.0
567,264,0.0
567,200,0.0
567,189,0.0
567,362,0.0
567,17,0.0
567,16,0.0
537,119,0.0
537,20,0.0
537,399,0.0
537,476,0.0
537,264,0.0
537,200,0.0
537,189,0.0
537,362,0.0
537,17,0.0
537,16,0.0
543,119,0.0
543,20,0.0
543,399,0.0
543,476,0.0
543,200,0.0
543,189,0.0
543,362,0.0
543,17,0.0
543,16,0.0
543,310,0.0
666,362,3.213005909953516
666,78,2.2291395291419884
666,134,1.99296708024649
666,416,1.087413011984805
666,284,0.9308386723537942
666,190,0.6437623545462704
666,77,0.523374478601121
666,19,0.40358690262331615
666,125,0.40358690262331615
666,415,0.35342964345321937
670,119,0.0
670,20,0.0
670,399,0.0
670,476,0.0
670,264,0.0
670,200,0.0
670,189,0.0
670,362,0.0
670,17,0.0
670,16,0.0
674,416,1.0
674,125,1.0
674,19,1.0
674,415,0.6234036915689042
674,134,0.6116843514272106
674,255,0.5251590207906638
674,89,0.0
674,476,0.0
674,284,0.0
674,77,0.0
663,119,6.4710048903504465
663,399,2.4588221457990187
663,16,2.0479930983552714
663,78,1.0029038179921441
663,17,0.6922935180190627
663,284,0.28315783920366455
663,77,0.255203646035468
663,19,0.10224687110443012
663,125,0.10224687110443012
663,190,0.0
673,20,25.713659638342904
673,310,12.2170228811292
673,94,12.133940313003995
673,189,12.067688724981844
673,287,9.700394766722582
673,255,9.452015587447839
673,16,8.289939320805379
673,362,7.523712455565324
673,22,5.7628337374353436
673,78,4.748048835990542
669,119,0.0
669,20,0.0
669,476,0.0
669,264,0.0
669,200,0.0
669,189,0.0
669,362,0.0
669,17,0.0
669,16,0.0
669,310,0.0
672,399,15.802355253021567
672,94,15.43992880888433
672,189,13.792215977286125
672,200,9.112403003282264
672,287,8.901393202991827
672,310,6.8705263325490105
672,22,5.725739336378968
672,79,4.185813943762202
672,255,3.1993722838776506
672,16,2.2737471829787586
667,119,0.0
667,20,0.0
667,399,0.0
667,476,0.0
667,264,0.0
667,200,0.0
667,189,0.0
667,362,0.0
667,17,0.0
667,16,0.0
675,119,0.0
675,399,0.0
675,476,0.0
675,264,0.0
675,200,0.0
675,189,0.0
675,362,0.0
675,17,0.0
675,16,0.0
675,310,0.0
668,119,0.0
668,20,0.0
668,399,0.0
668,476,0.0
668,264,0.0
668,200,0.0
668,189,0.0
668,362,0.0
668,17,0.0
668,16,0.0
439,119,0.0
439,399,0.0
439,476,0.0
439,264,0.0
439,200,0.0
439,189,0.0
439,362,0.0
439,17,0.0
439,16,0.0
439,310,0.0
426,20,0.0
426,399,0.0
426,476,0.0
426,264,0.0
426,200,0.0
426,189,0.0
426,362,0.0
426,17,0.0
426,16,0.0
426,310,0.0
424,119,0.0
424,20,0.0
424,399,0.0
424,476,0.0
424,264,0.0
424,200,0.0
424,189,0.0
424,362,0.0
424,17,0.0
424,16,0.0
435,200,5.000000000000001
435,189,4.0
435,399,3.000000000000001
435,310,3.0
435,264,2.000000000000001
435,20,1.0000000000000007
435,362,1.0000000000000004
435,79,1.0000000000000002
435,255,1.0000000000000002
435,352,1.0000000000000002
433,119,0.0
433,20,0.0
433,399,0.0
433,476,0.0
433,264,0.0
433,200,0.0
433,189,0.0
433,362,0.0
433,17,0.0
433,16,0.0
432,119,0.0
432,20,0.0
432,399,0.0
432,476,0.0
432,264,0.0
432,200,0.0
432,189,0.0
432,362,0.0
432,17,0.0
432,16,0.0
443,119,0.0
443,20,0.0
443,399,0.0
443,476,0.0
443,264,0.0
443,200,0.0
443,189,0.0
443,362,0.0
443,17,0.0
443,16,0.0
440,119,0.0
440,20,0.0
440,399,0.0
440,476,0.0
440,264,0.0
440,189,0.0
440,362,0.0
440,17,0.0
440,16,0.0
440,310,0.0
415,200,3.0
415,94,3.0
415,352,2.0
415,399,1.0
415,824,1.0
415,287,0.0
415,20,0.0
415,79,0.0
415,59,0.0
415,476,0.0
429,119,0.0
429,20,0.0
429,399,0.0
429,476,0.0
429,264,0.0
429,200,0.0
429,189,0.0
429,362,0.0
429,17,0.0
429,16,0.0
420,20,17.771354745049234
420,264,11.571974885314548
420,78,4.433120539934592
420,189,4.422018977460803
420,16,4.049186121249273
420,362,3.2169656651047633
420,59,1.9439402406318145
420,119,1.9231901057223144
420,284,1.5876489470267292
420,824,1.4035869026233163
411,352,2.942811395010171
411,362,2.1094888627720105
411,16,2.092658749101264
411,89,0.9162286283178396
411,134,0.14656704855621294
411,17,0.06848412137559129
411,415,0.03612359161492673
411,284,0.029941903917015303
411,476,0.0
411,400,0.0
430,119,0.0
430,20,0.0
430,399,0.0
430,476,0.0
430,264,0.0
430,200,0.0
430,362,0.0
430,17,0.0
430,16,0.0
430,310,0.0
422,189,10.84562656237406
422,255,6.894101666091223
422,287,5.906464576603648
422,200,5.403285645816343
422,79,4.223138273127869
422,352,3.551899394941783
422,20,3.452852692698304
422,94,3.299554736380186
422,78,2.3342286175102367
422,284,2.0
436,119,0.0
436,20,0.0
436,399,0.0
436,476,0.0
436,264,0.0
436,200,0.0
436,189,0.0
436,362,0.0
436,17,0.0
436,16,0.0
417,89,0.0
417,190,0.0
417,415,0.0
417,416,0.0
417,284,0.0
417,134,0.0
417,362,0.0
417,17,0.0
417,476,0.0
417,125,0.0
438,20,0.0
438,399,0.0
438,476,0.0
438,264,0.0
438,200,0.0
438,189,0.0
438,362,0.0
438,17,0.0
438,16,0.0
438,310,0.0
442,119,0.0
442,399,0.0
442,476,0.0
442,264,0.0
442,200,0.0
442,189,0.0
442,362,0.0
442,17,0.0
442,16,0.0
442,310,0.0
431,119,0.0
431,399,0.0
431,476,0.0
431,264,0.0
431,200,0.0
431,189,0.0
431,362,0.0
431,17,0.0
431,16,0.0
431,310,0.0
419,119,0.0
419,20,0.0
419,399,0.0
419,476,0.0
419,264,0.0
419,200,0.0
419,362,0.0
419,17,0.0
419,16,0.0
419,310,0.0
441,94,2.269820683631723
441,134,1.791089874150993
441,415,0.9999999999999999
441,255,0.7910898741509935
441,22,0.7910898741509933
441,399,0.7910898741509929
441,189,0.26982068363172207
441,476,0.0
441,190,0.0
441,17,0.0
414,200,4.0
414,20,4.0
414,310,4.0
414,287,4.0
414,94,3.0
414,264,3.0
414,399,3.0
414,119,2.0
414,16,2.0
414,362,2.0
410,119,0.0
410,399,0.0
410,476,0.0
410,264,0.0
410,200,0.0
410,189,0.0
410,362,0.0
410,17,0.0
410,16,0.0
410,310,0.0
423,119,0.0
423,20,0.0
423,399,0.0
423,476,0.0
423,264,0.0
423,200,0.0
423,189,0.0
423,362,0.0
423,17,0.0
423,16,0.0
418,119,0.0
418,20,0.0
418,399,0.0
418,476,0.0
418,264,0.0
418,189,0.0
418,362,0.0
418,17,0.0
418,16,0.0
418,310,0.0
412,119,0.0
412,20,0.0
412,399,0.0
412,476,0.0
412,264,0.0
412,200,0.0
412,189,0.0
412,362,0.0
412,17,0.0
412,16,0.0
428,119,0.0
428,20,0.0
428,399,0.0
428,476,0.0
428,200,0.0
428,189,0.0
428,362,0.0
428,17,0.0
428,16,0.0
428,310,0.0
437,119,0.0
437,20,0.0
437,399,0.0
437,476,0.0
437,264,0.0
437,200,0.0
437,189,0.0
437,362,0.0
437,17,0.0
437,16,0.0
434,119,0.0
434,20,0.0
434,399,0.0
434,476,0.0
434,264,0.0
434,200,0.0
434,189,0.0
434,362,0.0
434,17,0.0
434,16,0.0
413,119,0.0
413,20,0.0
413,399,0.0
413,476,0.0
413,264,0.0
413,200,0.0
413,189,0.0
413,362,0.0
413,17,0.0
413,16,0.0
44,352,6.3574912021779975
44,89,3.8054887723959596
44,78,3.0798724447873624
44,416,1.0859943753843255
44,284,0.7524719679452878
44,125,0.5927044995382393
44,19,0.5927044995382393
44,824,0.3528371506885838
44,415,0.3335465015421114
44,17,0.16351109160080227
57,399,22.84226404244761
57,287,18.869709713996013
57,79,17.251536180743187
57,22,12.10006389296692
57,255,12.031881011062966
57,310,9.526171011474794
57,362,7.380505458208477
57,352,6.600645704226678
57,16,6.0370069176076795
57,59,2.970770871001303
38,264,20.582684188007928
38,94,15.87479611676683
38,79,15.629096911500586
38,189,15.367447614643645
38,287,13.761924676174376
38,16,8.068588616910384
38,255,8.051392536161925
38,362,7.358707903960655
38,22,5.8445801548033485
38,134,2.835876120893158
45,20,33.96055447549545
45,189,15.885011009272226
45,287,15.07110915481882
45,310,14.131388857997134
45,94,13.74816463167586
45,16,10.069034281463745
45,362,9.802438002050739
45,255,8.014328653805144
45,134,4.866194249250772
45,352,4.612682891658789
28,134,3.29074190231479
28,362,2.2727224083767563
28,284,0.9819805060619657
28,415,0.5000000000000001
28,17,0.29074190231479013
28,16,0.05214571625386388
28,190,0.0
28,476,0.0
28,416,0.0
28,89,0.0
61,20,33.119512358941435
61,255,10.939789420201656
61,362,3.296054150999014
61,59,2.939888930170751
61,78,2.706901054154465
61,134,2.319514468750464
61,824,1.1396839023911722
61,416,0.5053126040500059
61,415,0.1272145703153028
61,17,0.12344216808117195
36,79,1.0
36,59,1.0
36,255,1.0
36,190,0.0
36,352,0.0
36,416,0.0
36,78,0.0
36,284,0.0
36,476,0.0
36,89,0.0
54,119,0.0
54,20,0.0
54,399,0.0
54,476,0.0
54,264,0.0
54,200,0.0
54,189,0.0
54,362,0.0
54,17,0.0
54,16,0.0
47,20,0.0
47,399,0.0
47,476,0.0
47,264,0.0
47,200,0.0
47,189,0.0
47,362,0.0
47,17,0.0
47,16,0.0
47,310,0.0
29,119,0.0
29,20,0.0
29,399,0.0
29,476,0.0
29,264,0.0
29,200,0.0
29,189,0.0
29,362,0.0
29,17,0.0
29,16,0.0
26,119,0.0
26,20,0.0
26,476,0.0
26,264,0.0
26,200,0.0
26,189,0.0
26,362,0.0
26,17,0.0
26,16,0.0
26,310,0.0
33,264,18.04457122354059
33,79,15.400367368767359
33,310,11.308410112563356
33,255,8.376411544425753
33,22,7.880179683299334
33,16,7.249196627484117
33,94,7.091524246267754
33,362,6.5092406503340605
33,352,4.562314294918025
33,134,3.4482149423106456
46,399,5.933549802790669
46,287,5.40559275591985
46,119,2.5815065947642566
46,824,1.8259113097484263
46,22,1.7859502990462124
46,189,1.7855117154423965
46,255,1.7390533951886906
46,59,1.43951400391671
46,362,1.3667133107278744
46,416,0.9999999999999998
21,94,7.216806873928633
21,78,4.243836858225368
21,190,0.9999999999999999
21,824,0.8422744675597935
21,415,0.20584674239815476
21,59,0.19646154586190057
21,476,0.0
21,400,0.0
21,352,-0.03260345341975723
21,284,-0.11471841846065045
48,119,0.0
48,20,0.0
48,399,0.0
48,476,0.0
48,264,0.0
48,200,0.0
48,189,0.0
48,362,0.0
48,17,0.0
48,16,0.0
7,20,0.0
7,399,0.0
7,476,0.0
7,264,0.0
7,200,0.0
7,189,0.0
7,362,0.0
7,17,0.0
7,16,0.0
7,310,0.0
53,119,0.0
53,20,0.0
53,399,0.0
53,476,0.0
53,264,0.0
53,189,0.0
53,362,0.0
53,17,0.0
53,16,0.0
53,310,0.0
8,119,0.0
8,20,0.0
8,399,0.0
8,476,0.0
8,264,0.0
8,200,0.0
8,189,0.0
8,362,0.0
8,17,0.0
8,16,0.0
25,119,0.0
25,399,0.0
25,476,0.0
25,264,0.0
25,200,0.0
25,189,0.0
25,362,0.0
25,17,0.0
25,16,0.0
25,310,0.0
35,200,11.11518774000827
35,20,9.786143857136626
35,16,4.211357387532011
35,310,3.5891469771896274
35,94,3.294448653569141
35,59,2.88130072281823
35,89,1.367759077260167
35,824,1.1583452684660942
35,17,0.8157624238502855
35,284,0.389724099332006
19,20,0.0
19,399,0.0
19,476,0.0
19,264,0.0
19,200,0.0
19,189,0.0
19,362,0.0
19,17,0.0
19,16,0.0
19,310,0.0
69,119,0.0
69,20,0.0
69,399,0.0
69,476,0.0
69,264,0.0
69,189,0.0
69,362,0.0
69,17,0.0
69,16,0.0
69,310,0.0
20,352,1.9999999999999996
20,415,1.0
20,824,0.9999999999999999
20,59,0.9999999999999998
20,89,1.1102230246251565E-16
20,78,0.0
20,476,0.0
20,416,0.0
20,284,0.0
20,22,0.0
23,119,0.0
23,20,0.0
23,476,0.0
23,264,0.0
23,200,0.0
23,189,0.0
23,362,0.0
23,17,0.0
23,16,0.0
23,310,0.0
56,119,0.0
56,20,0.0
56,476,0.0
56,264,0.0
56,200,0.0
56,189,0.0
56,362,0.0
56,17,0.0
56,16,0.0
56,310,0.0
14,119,0.0
14,399,0.0
14,476,0.0
14,264,0.0
14,200,0.0
14,189,0.0
14,362,0.0
14,17,0.0
14,16,0.0
14,310,0.0
37,119,0.0
37,20,0.0
37,399,0.0
37,476,0.0
37,264,0.0
37,200,0.0
37,189,0.0
37,362,0.0
37,17,0.0
37,16,0.0
34,119,0.0
34,20,0.0
34,399,0.0
34,476,0.0
34,264,0.0
34,200,0.0
34,189,0.0
34,362,0.0
34,17,0.0
34,16,0.0
58,119,0.0
58,399,0.0
58,476,0.0
58,264,0.0
58,200,0.0
58,189,0.0
58,362,0.0
58,17,0.0
58,16,0.0
58,310,0.0
4,189,3.0
4,362,2.0
4,352,1.9999999999999996
4,255,1.9999999999999996
4,119,1.0
4,134,1.0
4,824,0.9999999999999999
4,59,0.9999999999999998
4,476,0.0
4,17,0.0
24,119,0.0
24,20,0.0
24,399,0.0
24,476,0.0
24,264,0.0
24,200,0.0
24,189,0.0
24,362,0.0
24,17,0.0
24,16,0.0
70,119,0.0
70,20,0.0
70,399,0.0
70,476,0.0
70,264,0.0
70,200,0.0
70,189,0.0
70,362,0.0
70,17,0.0
70,16,0.0
40,20,0.0
40,399,0.0
40,476,0.0
40,264,0.0
40,200,0.0
40,189,0.0
40,362,0.0
40,17,0.0
40,16,0.0
40,310,0.0
6,119,0.0
6,20,0.0
6,399,0.0
6,476,0.0
6,264,0.0
6,200,0.0
6,189,0.0
6,362,0.0
6,17,0.0
6,16,0.0
39,119,0.0
39,20,0.0
39,476,0.0
39,264,0.0
39,200,0.0
39,189,0.0
39,362,0.0
39,17,0.0
39,16,0.0
39,310,0.0
41,119,0.0
41,20,0.0
41,399,0.0
41,476,0.0
41,264,0.0
41,200,0.0
41,189,0.0
41,362,0.0
41,17,0.0
41,16,0.0
66,20,14.708618558702714
66,287,11.639583399985586
66,79,7.240676539187463
66,78,5.757146299924381
66,310,4.5782210002795605
66,16,4.229993307401881
66,362,3.6203931017529767
66,22,2.906587564613586
66,89,2.329929799499817
66,134,2.252975269611924
17,399,1.0
17,78,1.0
17,16,0.9999999999999999
17,362,0.9999999999999999
17,94,0.0
17,476,0.0
17,134,0.0
17,17,0.0
17,59,0.0
17,284,0.0
43,119,0.0
43,20,0.0
43,399,0.0
43,476,0.0
43,264,0.0
43,200,0.0
43,189,0.0
43,362,0.0
43,17,0.0
43,16,0.0
11,20,0.0
11,399,0.0
11,476,0.0
11,264,0.0
11,200,0.0
11,189,0.0
11,362,0.0
11,17,0.0
11,16,0.0
11,310,0.0
10,79,11.756510273642494
10,264,10.790621268116134
10,94,9.850443701779742
10,119,9.32508296549178
10,352,6.610402766186737
10,255,6.543529129639337
10,22,6.258010276884379
10,362,3.791830815548664
10,16,3.7634964122600314
10,78,3.505841806935551
12,119,0.0
12,20,0.0
12,399,0.0
12,476,0.0
12,264,0.0
12,200,0.0
12,189,0.0
12,362,0.0
12,17,0.0
12,16,0.0
16,119,0.0
16,20,0.0
16,399,0.0
16,476,0.0
16,264,0.0
16,200,0.0
16,189,0.0
16,362,0.0
16,17,0.0
16,16,0.0
64,119,0.0
64,20,0.0
64,399,0.0
64,476,0.0
64,264,0.0
64,200,0.0
64,189,0.0
64,362,0.0
64,17,0.0
64,310,0.0
30,119,0.0
30,399,0.0
30,476,0.0
30,264,0.0
30,200,0.0
30,189,0.0
30,362,0.0
30,17,0.0
30,16,0.0
30,310,0.0
32,119,0.0
32,20,0.0
32,399,0.0
32,476,0.0
32,200,0.0
32,189,0.0
32,362,0.0
32,17,0.0
32,16,0.0
32,310,0.0
68,119,0.0
68,20,0.0
68,399,0.0
68,476,0.0
68,264,0.0
68,200,0.0
68,189,0.0
68,362,0.0
68,17,0.0
68,16,0.0
9,119,0.0
9,20,0.0
9,399,0.0
9,476,0.0
9,264,0.0
9,200,0.0
9,189,0.0
9,362,0.0
9,17,0.0
9,16,0.0
27,119,0.0
27,399,0.0
27,476,0.0
27,264,0.0
27,200,0.0
27,189,0.0
27,362,0.0
27,17,0.0
27,16,0.0
27,310,0.0
50,119,0.0
50,20,0.0
50,399,0.0
50,476,0.0
50,264,0.0
50,200,0.0
50,189,0.0
50,362,0.0
50,17,0.0
50,16,0.0
31,119,0.0
31,399,0.0
31,476,0.0
31,264,0.0
31,200,0.0
31,189,0.0
31,362,0.0
31,17,0.0
31,16,0.0
31,310,0.0
2,119,0.0
2,20,0.0
2,399,0.0
2,476,0.0
2,264,0.0
2,200,0.0
2,362,0.0
2,17,0.0
2,16,0.0
2,310,0.0
42,119,0.0
42,20,0.0
42,399,0.0
42,476,0.0
42,200,0.0
42,189,0.0
42,362,0.0
42,17,0.0
42,16,0.0
42,310,0.0
49,119,0.0
49,20,0.0
49,399,0.0
49,476,0.0
49,264,0.0
49,200,0.0
49,189,0.0
49,362,0.0
49,17,0.0
49,16,0.0
51,119,0.0
51,20,0.0
51,399,0.0
51,476,0.0
51,264,0.0
51,200,0.0
51,189,0.0
51,362,0.0
51,17,0.0
51,16,0.0
15,20,0.0
15,399,0.0
15,476,0.0
15,264,0.0
15,200,0.0
15,189,0.0
15,362,0.0
15,17,0.0
15,16,0.0
15,310,0.0
688,119,0.0
688,20,0.0
688,399,0.0
688,476,0.0
688,264,0.0
688,200,0.0
688,189,0.0
688,362,0.0
688,17,0.0
688,16,0.0
678,20,0.0
678,399,0.0
678,476,0.0
678,264,0.0
678,200,0.0
678,189,0.0
678,362,0.0
678,17,0.0
678,16,0.0
678,310,0.0
739,399,8.0
739,119,8.0
739,94,7.0
739,287,7.0
739,264,7.0
739,200,6.0
739,20,5.0
739,310,5.0
739,255,5.0
739,362,4.0
679,20,3.000000000000001
679,22,2.0
679,310,1.0
679,77,1.0
679,134,1.1102230246251565E-16
679,59,1.1102230246251565E-16
679,190,0.0
679,284,0.0
679,476,0.0
679,17,0.0
687,119,0.0
687,20,0.0
687,399,0.0
687,476,0.0
687,264,0.0
687,200,0.0
687,189,0.0
687,362,0.0
687,17,0.0
687,310,0.0
729,264,7.593938029670376
729,189,4.370645229206815
729,399,4.038199305052638
729,287,3.958427107677042
729,79,3.7602736284433096
729,255,3.6153641806980596
729,310,2.7414058120058344
729,16,2.6806906786210307
729,362,2.0664436056854782
729,89,2.0
685,119,0.0
685,20,0.0
685,399,0.0
685,476,0.0
685,264,0.0
685,189,0.0
685,362,0.0
685,17,0.0
685,16,0.0
685,310,0.0
726,119,0.0
726,20,0.0
726,476,0.0
726,200,0.0
726,189,0.0
726,362,0.0
726,17,0.0
726,16,0.0
726,310,0.0
726,59,0.0
750,119,22.10267971530917
750,399,16.28537066420131
750,79,12.634126916396692
750,255,6.459806991219567
750,16,6.125249728071657
750,22,4.7327563586858705
750,352,2.348784446961214
750,134,2.0396629127621857
750,416,1.291460928929619
750,824,1.1298032040021162
691,362,1.0
691,134,1.0
691,310,0.0
691,20,0.0
691,399,0.0
691,476,0.0
691,264,0.0
691,200,0.0
691,189,0.0
691,17,0.0
712,119,0.0
712,20,0.0
712,399,0.0
712,476,0.0
712,264,0.0
712,200,0.0
712,189,0.0
712,362,0.0
712,17,0.0
712,16,0.0
701,119,0.0
701,20,0.0
701,399,0.0
701,476,0.0
701,264,0.0
701,200,0.0
701,189,0.0
701,362,0.0
701,17,0.0
701,310,0.0
690,119,0.0
690,20,0.0
690,399,0.0
690,476,0.0
690,200,0.0
690,189,0.0
690,362,0.0
690,17,0.0
690,16,0.0
690,310,0.0
677,119,0.0
677,20,0.0
677,399,0.0
677,476,0.0
677,264,0.0
677,200,0.0
677,189,0.0
677,362,0.0
677,17,0.0
677,16,0.0
727,200,4.264897355893368
727,362,1.41978657849711
727,79,1.305632380414468
727,255,0.8829243693972246
727,416,0.7977891147860521
727,19,0.6082578312219552
727,125,0.6082578312219552
727,77,0.4607214864559305
727,59,0.39416805976577396
727,89,0.19240596632373697
699,119,0.0
699,20,0.0
699,399,0.0
699,476,0.0
699,264,0.0
699,200,0.0
699,189,0.0
699,362,0.0
699,17,0.0
699,16,0.0
707,119,0.0
707,20,0.0
707,399,0.0
707,476,0.0
707,264,0.0
707,200,0.0
707,189,0.0
707,362,0.0
707,17,0.0
707,310,0.0
737,119,0.0
737,20,0.0
737,399,0.0
737,476,0.0
737,264,0.0
737,200,0.0
737,189,0.0
737,362,0.0
737,17,0.0
737,16,0.0
724,399,0.0
724,476,0.0
724,264,0.0
724,200,0.0
724,189,0.0
724,362,0.0
724,17,0.0
724,16,0.0
724,310,0.0
724,59,0.0
705,200,6.32349335467838
705,189,4.909338324038641
705,255,4.686592626612455
705,362,4.485552400547629
705,119,4.29119224054724
705,399,4.138410377353553
705,352,3.995465721294458
705,78,3.669983187092871
705,310,3.4861226539653476
705,20,3.2429003832049297
680,119,0.0
680,20,0.0
680,399,0.0
680,476,0.0
680,200,0.0
680,189,0.0
680,362,0.0
680,17,0.0
680,16,0.0
680,310,0.0
722,119,0.0
722,399,0.0
722,476,0.0
722,264,0.0
722,200,0.0
722,189,0.0
722,362,0.0
722,17,0.0
722,16,0.0
722,310,0.0
741,255,8.104643631801776
741,119,6.710786277457558
741,200,5.666418451986752
741,287,3.710786277457558
741,79,3.710786277457558
741,94,3.666418451986752
741,20,3.0602758063309707
741,310,2.666418451986752
741,352,2.594989880558182
741,59,2.060275806330971
719,200,14.0
719,264,13.0
719,399,12.0
719,189,8.0
719,20,8.0
719,94,7.000000000000001
719,287,7.000000000000001
719,255,7.000000000000001
719,22,7.0
719,310,5.0
752,119,0.0
752,20,0.0
752,399,0.0
752,476,0.0
752,264,0.0
752,200,0.0
752,189,0.0
752,362,0.0
752,17,0.0
752,16,0.0
714,119,22.798582759555305
714,399,18.728764100229824
714,287,8.11137060201859
714,16,6.49811357461716
714,362,6.107624546554015
714,94,5.590055239720096
714,189,4.848199162026057
714,59,2.6458218097441235
714,78,1.9552609588201482
714,89,1.8951940407243315
742,79,16.137360708079168
742,287,13.275165836586837
742,94,9.632335303001526
742,255,9.359874551220276
742,22,9.040571133649363
742,352,6.398498228828251
742,89,1.6496472712447414
742,78,1.4584332578960666
742,416,0.9260608789491496
742,824,0.8440761409059221
730,119,0.0
730,20,0.0
730,399,0.0
730,476,0.0
730,264,0.0
730,200,0.0
730,189,0.0
730,362,0.0
730,17,0.0
730,16,0.0
713,200,10.104290781549125
713,119,8.044991534926082
713,399,7.927917639988841
713,189,6.24211203739161
713,79,5.613578264477447
713,287,5.095624877127536
713,22,4.963399040592285
713,255,4.613578264477447
713,352,3.582114718796227
713,94,2.5664490526128496
720,399,17.032780890380007
720,79,16.59798225687473
720,264,15.349955299886165
720,287,10.531451554507159
720,189,8.005841525434667
720,94,7.407703784361253
720,310,7.280955542820255
720,352,7.129820075576685
720,255,6.861776928666982
720,22,5.647228148467376
693,119,0.0
693,399,0.0
693,476,0.0
693,264,0.0
693,200,0.0
693,189,0.0
693,362,0.0
693,17,0.0
693,16,0.0
693,310,0.0
695,200,16.480883089517057
695,399,14.824008813917104
695,20,13.049917437657928
695,189,12.734921179988941
695,255,11.484154854321842
695,79,10.400507233145236
695,94,9.989781694639849
695,310,5.681980220592458
695,362,4.546775797488591
695,16,4.460904155802117
694,119,0.0
694,20,0.0
694,399,0.0
694,476,0.0
694,264,0.0
694,200,0.0
694,189,0.0
694,362,0.0
694,17,0.0
694,16,0.0
748,119,0.0
748,20,0.0
748,476,0.0
748,264,0.0
748,200,0.0
748,189,0.0
748,362,0.0
748,17,0.0
748,16,0.0
748,310,0.0
721,119,0.0
721,20,0.0
721,399,0.0
721,476,0.0
721,264,0.0
721,200,0.0
721,189,0.0
721,362,0.0
721,17,0.0
721,16,0.0
766,362,3.0
766,134,1.0000000000000002
766,200,1.0
766,310,1.0
766,20,1.0
766,287,1.0
766,189,1.0
766,94,1.0
766,78,1.0
766,79,2.220446049250313E-16
689,119,0.0
689,20,0.0
689,399,0.0
689,476,0.0
689,200,0.0
689,189,0.0
689,362,0.0
689,17,0.0
689,16,0.0
689,310,0.0
684,119,0.0
684,20,0.0
684,399,0.0
684,476,0.0
684,264,0.0
684,200,0.0
684,189,0.0
684,362,0.0
684,17,0.0
684,16,0.0
692,119,0.0
692,20,0.0
692,399,0.0
692,476,0.0
692,264,0.0
692,189,0.0
692,362,0.0
692,17,0.0
692,16,0.0
692,310,0.0
676,119,0.0
676,20,0.0
676,399,0.0
676,476,0.0
676,200,0.0
676,189,0.0
676,362,0.0
676,17,0.0
676,16,0.0
676,310,0.0
754,119,0.0
754,20,0.0
754,399,0.0
754,476,0.0
754,264,0.0
754,200,0.0
754,189,0.0
754,17,0.0
754,16,0.0
754,310,0.0
716,119,0.0
716,20,0.0
716,399,0.0
716,476,0.0
716,264,0.0
716,200,0.0
716,189,0.0
716,362,0.0
716,17,0.0
716,16,0.0
732,119,0.0
732,20,0.0
732,399,0.0
732,476,0.0
732,264,0.0
732,189,0.0
732,362,0.0
732,17,0.0
732,16,0.0
732,310,0.0
743,119,12.0
743,20,12.0
743,310,12.0
743,79,12.0
743,399,11.0
743,189,11.0
743,287,10.0
743,16,9.0
743,94,8.0
743,255,8.0
718,119,0.0
718,20,0.0
718,399,0.0
718,476,0.0
718,200,0.0
718,189,0.0
718,362,0.0
718,17,0.0
718,16,0.0
718,310,0.0
725,119,0.0
725,20,0.0
725,399,0.0
725,476,0.0
725,264,0.0
725,200,0.0
725,189,0.0
725,362,0.0
725,17,0.0
725,16,0.0
749,119,0.0
749,20,0.0
749,399,0.0
749,476,0.0
749,264,0.0
749,200,0.0
749,189,0.0
749,362,0.0
749,17,0.0
749,16,0.0
683,119,0.0
683,20,0.0
683,399,0.0
683,476,0.0
683,264,0.0
683,200,0.0
683,189,0.0
683,362,0.0
683,17,0.0
683,16,0.0
755,119,0.0
755,20,0.0
755,399,0.0
755,476,0.0
755,200,0.0
755,189,0.0
755,362,0.0
755,17,0.0
755,16,0.0
755,310,0.0
682,119,0.0
682,20,0.0
682,399,0.0
682,476,0.0
682,264,0.0
682,200,0.0
682,189,0.0
682,362,0.0
682,17,0.0
682,16,0.0
740,119,0.0
740,20,0.0
740,399,0.0
740,476,0.0
740,200,0.0
740,189,0.0
740,362,0.0
740,17,0.0
740,16,0.0
740,310,0.0
733,119,0.0
733,20,0.0
733,399,0.0
733,476,0.0
733,264,0.0
733,200,0.0
733,189,0.0
733,362,0.0
733,17,0.0
733,16,0.0
709,119,0.0
709,20,0.0
709,399,0.0
709,476,0.0
709,264,0.0
709,200,0.0
709,189,0.0
709,362,0.0
709,17,0.0
709,16,0.0
702,119,0.0
702,20,0.0
702,399,0.0
702,476,0.0
702,264,0.0
702,200,0.0
702,362,0.0
702,17,0.0
702,16,0.0
702,310,0.0
708,119,0.0
708,20,0.0
708,399,0.0
708,476,0.0
708,264,0.0
708,200,0.0
708,189,0.0
708,362,0.0
708,17,0.0
708,16,0.0
711,119,0.0
711,399,0.0
711,476,0.0
711,264,0.0
711,200,0.0
711,189,0.0
711,362,0.0
711,17,0.0
711,16,0.0
711,310,0.0
765,119,0.0
765,20,0.0
765,399,0.0
765,476,0.0
765,264,0.0
765,200,0.0
765,189,0.0
765,362,0.0
765,17,0.0
765,16,0.0
723,119,0.0
723,20,0.0
723,399,0.0
723,476,0.0
723,264,0.0
723,200,0.0
723,189,0.0
723,362,0.0
723,17,0.0
723,16,0.0
731,119,0.0
731,20,0.0
731,399,0.0
731,476,0.0
731,264,0.0
731,200,0.0
731,189,0.0
731,17,0.0
731,16,0.0
731,310,0.0
703,284,0.08528884975778542
703,78,0.08528884975778539
703,19,0.0
703,125,0.0
703,476,0.0
703,190,0.0
703,400,0.0
703,415,-0.09357486023220551
703,416,-0.24468496499915707
703,17,-0.8154380677377897
763,119,0.0
763,399,0.0
763,476,0.0
763,264,0.0
763,200,0.0
763,189,0.0
763,362,0.0
763,17,0.0
763,16,0.0
763,310,0.0
762,20,13.0
762,264,12.0
762,310,12.0
762,189,11.0
762,399,11.0
762,94,10.0
762,119,8.0
762,79,8.0
762,16,8.0
762,255,8.0
761,119,0.0
761,20,0.0
761,399,0.0
761,476,0.0
761,264,0.0
761,200,0.0
761,189,0.0
761,362,0.0
761,17,0.0
761,16,0.0
199,79,12.864509864529204
199,399,9.839400221946923
199,352,5.3352069821308
199,94,5.102505214262495
199,255,4.541511435182344
199,22,4.384578643539521
199,89,2.1495365848429255
199,134,1.675326665555252
199,416,1.3869855484298412
199,125,0.917662935482247
206,20,0.0
206,399,0.0
206,476,0.0
206,264,0.0
206,200,0.0
206,189,0.0
206,362,0.0
206,17,0.0
206,16,0.0
206,310,0.0
103,19,1.0
103,125,1.0
103,17,1.0
103,416,1.0
103,77,0.0
103,89,0.0
103,476,0.0
103,190,0.0
103,284,0.0
103,400,0.0
286,20,15.381618295510648
286,119,13.296047166096027
286,189,11.399637789448683
286,310,11.34454897197175
286,399,10.296047166096027
286,287,9.425293579723528
286,94,9.399637789448683
286,16,8.443313073661562
286,255,8.381618295510648
286,362,6.998401891138494
145,119,0.0
145,20,0.0
145,476,0.0
145,264,0.0
145,200,0.0
145,189,0.0
145,362,0.0
145,17,0.0
145,16,0.0
145,310,0.0
345,119,0.0
345,20,0.0
345,399,0.0
345,476,0.0
345,264,0.0
345,200,0.0
345,189,0.0
345,362,0.0
345,17,0.0
345,16,0.0
282,119,0.0
282,20,0.0
282,399,0.0
282,476,0.0
282,264,0.0
282,200,0.0
282,189,0.0
282,362,0.0
282,17,0.0
282,16,0.0
143,119,0.0
143,399,0.0
143,476,0.0
143,264,0.0
143,200,0.0
143,189,0.0
143,362,0.0
143,17,0.0
143,16,0.0
143,310,0.0
160,119,0.0
160,399,0.0
160,476,0.0
160,264,0.0
160,200,0.0
160,189,0.0
160,362,0.0
160,17,0.0
160,16,0.0
160,310,0.0
381,119,0.0
381,399,0.0
381,476,0.0
381,264,0.0
381,200,0.0
381,189,0.0
381,362,0.0
381,17,0.0
381,16,0.0
381,310,0.0
335,264,27.952255059469458
335,119,24.553443878131162
335,189,12.726489111648144
335,310,10.300133798931606
335,16,7.562522429446569
335,362,7.063356358061428
335,134,4.059876599882199
335,59,2.722785572246087
335,89,2.4126598693480443
335,284,1.871240948536781
398,119,0.0
398,20,0.0
398,476,0.0
398,264,0.0
398,200,0.0
398,189,0.0
398,362,0.0
398,17,0.0
398,16,0.0
398,310,0.0
375,200,4.0
375,310,4.0
375,20,3.0
375,284,2.0
375,255,2.0
375,22,2.0
375,16,2.0
375,94,2.0
375,79,2.0
375,352,2.0
91,119,7.306413184677355
91,287,4.2583072427499395
91,22,4.111793670517903
91,94,3.3740881035172094
91,352,2.719102611139087
91,310,2.5455161482386854
91,200,2.1682066026623836
91,190,1.0
91,17,0.9999999999999998
91,59,0.9605032213375677
172,119,0.0
172,20,0.0
172,399,0.0
172,476,0.0
172,264,0.0
172,200,0.0
172,189,0.0
172,362,0.0
172,17,0.0
172,310,0.0
144,189,3.0
144,362,2.0
144,352,2.0
144,255,2.0
144,59,1.0
144,119,1.0
144,134,1.0
144,824,1.0
144,476,0.0
144,17,0.0
405,119,0.0
405,20,0.0
405,399,0.0
405,476,0.0
405,200,0.0
405,189,0.0
405,362,0.0
405,17,0.0
405,16,0.0
405,310,0.0
133,119,0.0
133,20,0.0
133,399,0.0
133,476,0.0
133,200,0.0
133,189,0.0
133,362,0.0
133,17,0.0
133,16,0.0
133,310,0.0
329,264,8.684967767826773
329,94,6.089411759732425
329,200,5.222228382335606
329,189,3.977316128345171
329,287,3.60857923061004
329,22,3.068852207163329
329,255,2.845346329292023
329,362,1.9017657069495582
329,134,1.5951409522310946
329,79,1.0202847157697732
185,200,8.0
185,362,4.0
185,119,4.0
185,399,3.0
185,352,3.0
185,284,2.0
185,255,2.0
185,78,2.0
185,16,2.0
185,79,2.0
283,79,3.0
283,399,1.9999999999999998
283,362,1.9999999999999996
283,134,1.9999999999999996
283,200,1.9999999999999991
283,255,1.0
283,94,0.9999999999999998
283,189,0.9999999999999998
283,59,0.0
283,476,0.0
355,264,25.358075346072102
355,399,22.616516348430114
355,20,21.49672331651846
355,94,14.54538543436107
355,287,14.534862456895553
355,189,14.18110798100486
355,310,10.679560161689682
355,16,8.092738271829043
355,22,7.839551120754319
355,362,7.613553922863992
157,119,0.0
157,20,0.0
157,399,0.0
157,476,0.0
157,264,0.0
157,200,0.0
157,189,0.0
157,362,0.0
157,17,0.0
157,16,0.0
347,399,15.32008328267576
347,264,14.528695152112416
347,119,12.583653210658202
347,310,12.254521249573203
347,287,11.927713187706196
347,189,8.7619104002913
347,79,8.590399117435444
347,352,8.016705689079487
347,255,7.501558953061679
347,16,6.203916404696089
115,119,0.0
115,20,0.0
115,399,0.0
115,476,0.0
115,264,0.0
115,200,0.0
115,189,0.0
115,362,0.0
115,17,0.0
115,16,0.0
385,119,0.0
385,20,0.0
385,476,0.0
385,264,0.0
385,200,0.0
385,189,0.0
385,362,0.0
385,17,0.0
385,16,0.0
385,310,0.0
291,94,6.0
291,264,5.0
291,189,4.0
291,310,3.0
291,255,2.0
291,399,1.9999999999999998
291,22,1.9999999999999998
291,16,1.9999999999999998
291,287,1.9999999999999998
291,17,1.0000000000000002
89,119,0.0
89,20,0.0
89,399,0.0
89,476,0.0
89,264,0.0
89,200,0.0
89,189,0.0
89,362,0.0
89,17,0.0
89,16,0.0
288,119,0.0
288,399,0.0
288,476,0.0
288,264,0.0
288,200,0.0
288,189,0.0
288,362,0.0
288,17,0.0
288,16,0.0
288,310,0.0
148,190,0.0
148,77,0.0
148,476,0.0
148,17,0.0
148,89,0.0
148,284,0.0
148,400,0.0
148,78,-2.220446049250313E-16
148,415,-1.0
148,416,-1.0
182,200,10.989768219083457
182,264,9.502752012634744
182,94,9.415669607547445
182,119,7.982438590690716
182,22,3.7756760399107883
182,255,2.130832163728383
182,190,1.0000000000000002
182,77,0.9895537167483542
182,59,0.7935096786398339
182,19,0.6344872757614816
237,119,0.0
237,20,0.0
237,399,0.0
237,476,0.0
237,264,0.0
237,200,0.0
237,189,0.0
237,362,0.0
237,17,0.0
237,16,0.0
153,20,0.0
153,399,0.0
153,476,0.0
153,264,0.0
153,200,0.0
153,189,0.0
153,362,0.0
153,17,0.0
153,16,0.0
153,310,0.0
359,119,5.0
359,287,1.0
359,264,1.0
359,17,1.0
359,190,1.0
359,824,0.9999999999999998
359,79,0.0
359,16,0.0
359,310,0.0
359,200,0.0
255,119,0.0
255,20,0.0
255,399,0.0
255,476,0.0
255,200,0.0
255,189,0.0
255,362,0.0
255,17,0.0
255,16,0.0
255,310,0.0
147,119,0.0
147,20,0.0
147,476,0.0
147,264,0.0
147,200,0.0
147,189,0.0
147,362,0.0
147,17,0.0
147,16,0.0
147,310,0.0
198,399,7.478570487132037
198,264,6.471680017757967
198,79,4.715225619437124
198,189,4.471680017757964
198,200,4.208563695375144
198,94,2.6076939801211845
198,20,2.4025636661203515
198,362,2.0103238507483825
198,310,1.9716800177579639
198,255,1.64610926779951
131,119,0.0
131,20,0.0
131,399,0.0
131,476,0.0
131,264,0.0
131,200,0.0
131,189,0.0
131,362,0.0
131,17,0.0
131,16,0.0
280,119,0.0
280,20,0.0
280,399,0.0
280,476,0.0
280,264,0.0
280,200,0.0
280,189,0.0
280,362,0.0
280,17,0.0
280,16,0.0
219,119,0.0
219,20,0.0
219,399,0.0
219,476,0.0
219,264,0.0
219,200,0.0
219,189,0.0
219,362,0.0
219,17,0.0
219,16,0.0
92,94,5.40080796718692
92,264,2.413894006283188
92,352,1.7134120454120376
92,22,1.707626969671133
92,79,1.2103881733989486
92,255,1.1936644090836155
92,59,1.1913369501183397
92,77,0.9979487157886733
92,16,0.9835079937169898
92,19,0.9781174678527768
391,20,0.0
391,399,0.0
391,476,0.0
391,264,0.0
391,200,0.0
391,189,0.0
391,362,0.0
391,17,0.0
391,16,0.0
391,310,0.0
366,200,4.0
366,310,4.0
366,20,3.0
366,284,2.0
366,255,2.0
366,22,2.0
366,16,2.0
366,94,2.0
366,79,2.0
366,352,2.0
119,89,0.0
119,190,0.0
119,17,0.0
119,476,0.0
119,400,0.0
119,125,-0.9999999999999998
119,19,-0.9999999999999998
119,415,-0.9999999999999999
119,824,-1.0
119,77,-1.0
93,119,0.0
93,20,0.0
93,399,0.0
93,476,0.0
93,264,0.0
93,200,0.0
93,189,0.0
93,362,0.0
93,17,0.0
93,16,0.0
247,119,0.0
247,399,0.0
247,476,0.0
247,264,0.0
247,200,0.0
247,189,0.0
247,362,0.0
247,17,0.0
247,16,0.0
247,310,0.0
221,119,0.0
221,20,0.0
221,399,0.0
221,476,0.0
221,264,0.0
221,200,0.0
221,189,0.0
221,362,0.0
221,17,0.0
221,16,0.0
408,17,1.0
408,476,0.0
408,190,0.0
408,400,0.0
408,77,-0.8915136406015283
408,415,-0.9502811693344013
408,19,-0.9999999999999999
408,125,-0.9999999999999999
408,284,-1.1688893164465721
408,416,-1.311393158576811
350,119,0.0
350,399,0.0
350,476,0.0
350,264,0.0
350,200,0.0
350,189,0.0
350,362,0.0
350,17,0.0
350,16,0.0
350,310,0.0
406,399,6.0
406,20,6.0
406,200,5.0
406,22,4.0
406,287,4.0
406,255,4.0
406,264,3.9999999999999996
406,94,3.0
406,310,2.9999999999999996
406,78,2.0
121,200,29.544439489126333
121,399,23.297332688444556
121,255,15.601867412723013
121,189,14.601764565673339
121,94,13.363613085144173
121,287,12.423383828029
121,22,10.781969616292084
121,310,9.941288489260414
121,362,8.802642379980979
121,16,7.433662916163822
212,264,4.831239133820172
212,200,3.140118334194735
212,22,3.1118342689215286
212,287,2.884933304754129
212,20,2.8312391338201737
212,119,2.802955068546966
212,79,2.564064229815166
212,399,2.308879200374561
212,16,2.0
212,189,1.2551850294406044
80,119,0.0
80,399,0.0
80,476,0.0
80,264,0.0
80,200,0.0
80,189,0.0
80,362,0.0
80,17,0.0
80,16,0.0
80,310,0.0
140,119,0.0
140,20,0.0
140,399,0.0
140,476,0.0
140,200,0.0
140,189,0.0
140,362,0.0
140,17,0.0
140,16,0.0
140,310,0.0
230,119,0.0
230,20,0.0
230,399,0.0
230,476,0.0
230,264,0.0
230,200,0.0
230,189,0.0
230,362,0.0
230,17,0.0
230,16,0.0
110,119,0.0
110,20,0.0
110,399,0.0
110,476,0.0
110,264,0.0
110,200,0.0
110,189,0.0
110,362,0.0
110,17,0.0
110,16,0.0
114,94,4.0
114,78,0.9999999999999998
114,284,0.0
114,415,0.0
114,190,0.0
114,17,0.0
114,416,0.0
114,189,0.0
114,476,0.0
114,824,0.0
111,78,4.0
111,20,1.0
111,200,1.0
111,94,1.0
111,89,1.0
111,17,0.0
111,284,0.0
111,119,0.0
111,189,0.0
111,476,0.0
86,264,1.7753812558591289
86,399,1.6976851774435042
86,94,1.3224946556831307
86,77,1.0000000000000002
86,89,1.0
86,189,0.7753812558591304
86,79,0.5230627706582709
86,17,0.3812464258315118
86,362,0.36146226000092985
86,134,0.28376618158530453
203,79,12.873236828842371
203,287,7.751667982836217
203,255,6.705490613980721
203,352,6.269914028671375
203,189,5.675382583208617
203,22,5.364827603373139
203,310,2.791642664000486
203,16,2.443605347026832
203,362,1.9981342089684233
203,416,1.8192319205190404
152,399,23.244840932831117
152,264,22.139678358537054
152,20,17.754145149485428
152,94,14.722542391653406
152,189,12.996315475883483
152,287,12.768029305812082
152,255,8.642763408528594
152,310,7.795456396544848
152,16,7.031107186195634
152,362,6.69037529837263
211,119,0.0
211,20,0.0
211,399,0.0
211,476,0.0
211,264,0.0
211,200,0.0
211,189,0.0
211,362,0.0
211,17,0.0
211,16,0.0
253,119,0.0
253,20,0.0
253,476,0.0
253,264,0.0
253,200,0.0
253,189,0.0
253,362,0.0
253,17,0.0
253,16,0.0
253,310,0.0
141,119,0.0
141,20,0.0
141,476,0.0
141,264,0.0
141,200,0.0
141,189,0.0
141,362,0.0
141,17,0.0
141,16,0.0
141,310,0.0
300,119,0.0
300,20,0.0
300,399,0.0
300,476,0.0
300,264,0.0
300,200,0.0
300,189,0.0
300,362,0.0
300,17,0.0
300,16,0.0
409,352,7.499394051911871
409,20,6.808672453135474
409,264,6.631710217493419
409,287,5.563939481888231
409,255,4.597559151231226
409,310,4.547503722640793
409,94,3.563939481888231
409,399,3.437032674836609
409,59,1.9246594261067065
409,189,1.8248283906543765
407,119,0.0
407,20,0.0
407,399,0.0
407,476,0.0
407,264,0.0
407,200,0.0
407,189,0.0
407,362,0.0
407,17,0.0
407,16,0.0
372,119,0.0
372,20,0.0
372,399,0.0
372,476,0.0
372,264,0.0
372,189,0.0
372,362,0.0
372,17,0.0
372,16,0.0
372,310,0.0
174,119,0.0
174,20,0.0
174,399,0.0
174,476,0.0
174,264,0.0
174,200,0.0
174,189,0.0
174,362,0.0
174,17,0.0
174,16,0.0
336,20,0.0
336,399,0.0
336,476,0.0
336,264,0.0
336,200,0.0
336,189,0.0
336,362,0.0
336,17,0.0
336,16,0.0
336,310,0.0
387,200,15.291063642040406
387,399,15.023815341547405
387,189,10.22435025397661
387,255,9.213648280924184
387,287,9.197925359144282
387,22,7.16236414862853
387,79,6.948232783718623
387,94,6.30612817680097
387,310,5.41949598058533
387,352,5.409837776301286
175,119,0.0
175,20,0.0
175,399,0.0
175,476,0.0
175,264,0.0
175,200,0.0
175,189,0.0
175,362,0.0
175,17,0.0
175,16,0.0
88,119,0.0
88,20,0.0
88,399,0.0
88,476,0.0
88,264,0.0
88,189,0.0
88,362,0.0
88,17,0.0
88,16,0.0
88,310,0.0
107,119,0.0
107,20,0.0
107,399,0.0
107,476,0.0
107,264,0.0
107,200,0.0
107,189,0.0
107,362,0.0
107,17,0.0
107,16,0.0
281,200,5.462546824938405
281,362,5.134674580126857
281,352,3.7612308849199474
281,255,3.6804848208808663
281,78,2.9867104103191657
281,119,2.9518089746510743
281,287,2.332327398936016
281,284,2.0000000000000004
281,824,1.9545242544847188
281,189,1.8320634642594162
97,79,6.08932293865772
97,310,5.0860776602139515
97,89,2.066058415686828
97,362,1.6257138624465464
97,255,0.6519010319802279
97,416,0.5044183640721104
97,19,0.4672166868499905
97,125,0.4672166868499905
97,77,0.33008783403723385
97,59,0.20710861188563445
179,119,16.13715351959303
179,399,13.508638398030232
179,189,9.671640784815422
179,79,9.455587520871175
179,22,5.85831081970168
179,16,5.128035358973104
179,287,4.503094226176694
179,310,3.4062780451034183
179,362,1.6570462100220116
179,78,1.118084017679711
404,189,3.0
404,362,2.0
404,352,2.0
404,255,2.0
404,134,1.0
404,59,1.0
404,824,1.0
404,119,0.9999999999999996
404,476,0.0
404,17,0.0
267,119,0.0
267,20,0.0
267,399,0.0
267,476,0.0
267,264,0.0
267,200,0.0
267,189,0.0
267,362,0.0
267,17,0.0
267,16,0.0
270,119,0.0
270,20,0.0
270,399,0.0
270,476,0.0
270,264,0.0
270,200,0.0
270,189,0.0
270,362,0.0
270,17,0.0
270,16,0.0
229,20,3.0
229,22,1.9999999999999998
229,77,1.0000000000000002
229,310,0.9999999999999998
229,125,0.0
229,416,0.0
229,190,0.0
229,17,0.0
229,284,0.0
229,476,0.0
252,119,0.0
252,20,0.0
252,399,0.0
252,476,0.0
252,264,0.0
252,200,0.0
252,189,0.0
252,362,0.0
252,17,0.0
252,16,0.0
163,119,6.0
163,22,1.9999999999999991
163,78,0.9999999999999999
163,399,0.9999999999999991
163,190,0.0
163,17,0.0
163,476,0.0
163,16,0.0
163,284,0.0
163,415,0.0
321,119,0.0
321,399,0.0
321,476,0.0
321,264,0.0
321,200,0.0
321,189,0.0
321,362,0.0
321,17,0.0
321,16,0.0
321,310,0.0
210,119,0.0
210,20,0.0
210,399,0.0
210,476,0.0
210,264,0.0
210,200,0.0
210,189,0.0
210,362,0.0
210,17,0.0
210,16,0.0
176,119,0.0
176,20,0.0
176,399,0.0
176,476,0.0
176,264,0.0
176,200,0.0
176,189,0.0
176,362,0.0
176,17,0.0
176,16,0.0
194,119,0.0
194,20,0.0
194,399,0.0
194,476,0.0
194,200,0.0
194,189,0.0
194,362,0.0
194,17,0.0
194,16,0.0
194,310,0.0
171,119,0.0
171,20,0.0
171,399,0.0
171,476,0.0
171,264,0.0
171,200,0.0
171,189,0.0
171,362,0.0
171,17,0.0
171,16,0.0
166,119,0.0
166,20,0.0
166,476,0.0
166,264,0.0
166,200,0.0
166,189,0.0
166,362,0.0
166,17,0.0
166,16,0.0
166,310,0.0
277,94,2.0
277,264,1.9999999999999998
277,200,1.9999999999999998
277,189,1.9999999999999998
277,16,1.9999999999999998
277,78,1.0
277,59,1.0
277,399,1.0
277,79,1.0
277,824,1.0
218,119,0.0
218,20,0.0
218,399,0.0
218,476,0.0
218,264,0.0
218,200,0.0
218,189,0.0
218,362,0.0
218,17,0.0
218,16,0.0
402,255,3.0
402,20,3.0
402,264,3.0
402,200,2.0
402,119,2.0
402,399,2.0
402,352,2.0
402,78,1.0
402,287,1.0
402,189,0.9999999999999999
360,119,0.0
360,20,0.0
360,399,0.0
360,476,0.0
360,264,0.0
360,200,0.0
360,189,0.0
360,362,0.0
360,17,0.0
360,16,0.0
365,264,19.38349302723163
365,399,16.56269847497172
365,94,15.912001999396697
365,20,15.459874568979767
365,189,11.368770548693012
365,287,10.220070639808783
365,362,4.6227615552209596
365,22,3.7893574266159566
365,59,2.637715052432297
365,78,2.6138545724605713
362,119,0.0
362,20,0.0
362,399,0.0
362,476,0.0
362,264,0.0
362,200,0.0
362,189,0.0
362,362,0.0
362,17,0.0
362,16,0.0
363,119,0.0
363,20,0.0
363,399,0.0
363,476,0.0
363,264,0.0
363,200,0.0
363,189,0.0
363,362,0.0
363,17,0.0
363,16,0.0
196,20,0.0
196,399,0.0
196,476,0.0
196,264,0.0
196,200,0.0
196,189,0.0
196,362,0.0
196,17,0.0
196,16,0.0
196,310,0.0
388,20,0.0
388,399,0.0
388,476,0.0
388,264,0.0
388,200,0.0
388,189,0.0
388,362,0.0
388,17,0.0
388,16,0.0
388,310,0.0
390,264,19.84259711382568
390,399,18.537437518560452
390,20,15.950501275275084
390,189,11.338118561673609
390,287,10.74207900099434
390,94,10.436919405729114
390,255,6.684721214323325
390,362,6.544955583222088
390,16,6.143215905267807
390,310,5.739255465947078
223,119,0.0
223,20,0.0
223,399,0.0
223,476,0.0
223,264,0.0
223,200,0.0
223,189,0.0
223,362,0.0
223,17,0.0
223,16,0.0
301,119,0.0
301,20,0.0
301,399,0.0
301,476,0.0
301,264,0.0
301,200,0.0
301,189,0.0
301,362,0.0
301,17,0.0
301,16,0.0
73,119,0.0
73,20,0.0
73,476,0.0
73,264,0.0
73,200,0.0
73,189,0.0
73,362,0.0
73,17,0.0
73,16,0.0
73,310,0.0
315,415,0.18532037117433392
315,476,0.0
315,400,0.0
315,19,-0.4749642944777771
315,125,-0.4749642944777771
315,190,-0.5
315,17,-0.6933752452815363
315,89,-0.6956193444525336
315,824,-0.7300536615615484
315,416,-0.83637355131039
306,200,9.384351271375463
306,119,8.0
306,399,7.8406303648163895
306,310,7.543720906559074
306,20,6.384351271375463
306,255,5.8406303648163895
306,189,5.543720906559074
306,264,5.543720906559074
306,79,4.8406303648163895
306,22,4.8406303648163895
312,20,8.505996752022222
312,119,5.7781435931609
312,264,5.118286869216574
312,200,4.8281906326880115
312,287,2.0138693285981484
312,189,1.5726773943858932
312,79,1.5594788034288267
312,89,1.5456094748306803
312,415,1.0
312,16,0.5933785521995198
309,20,4.0
309,200,3.0
309,78,1.0000000000000002
309,22,2.220446049250313E-16
309,94,0.0
309,16,0.0
309,476,0.0
309,310,0.0
309,287,0.0
309,17,0.0
279,119,17.260928287928678
279,399,16.706907342674796
279,310,9.793737584366905
279,362,8.284505660282154
279,94,7.680535821294551
279,189,7.457071039900214
279,16,7.1955764684775625
279,352,6.847556417582079
279,22,4.000696837774616
279,134,2.4448210147430043
358,119,0.0
358,20,0.0
358,399,0.0
358,476,0.0
358,264,0.0
358,200,0.0
358,189,0.0
358,362,0.0
358,17,0.0
358,16,0.0
233,119,0.0
233,20,0.0
233,399,0.0
233,476,0.0
233,264,0.0
233,200,0.0
233,189,0.0
233,362,0.0
233,17,0.0
233,16,0.0
348,119,0.0
348,20,0.0
348,399,0.0
348,476,0.0
348,200,0.0
348,189,0.0
348,362,0.0
348,17,0.0
348,16,0.0
348,310,0.0
227,119,0.0
227,20,0.0
227,399,0.0
227,476,0.0
227,264,0.0
227,200,0.0
227,189,0.0
227,362,0.0
227,17,0.0
227,16,0.0
273,399,12.696775820487574
273,264,12.696775820487574
273,119,11.698892796108815
273,255,8.604039326459707
273,20,8.513718510664646
273,79,7.789213611903875
273,189,7.696775820487574
273,287,7.696775820487572
273,310,6.251863705511983
273,362,5.360191284722326
162,94,4.0
162,78,0.9999999999999998
162,824,0.0
162,284,0.0
162,415,0.0
162,17,0.0
162,416,0.0
162,476,0.0
162,190,0.0
162,125,0.0
106,399,14.546928681465786
106,264,14.483702632868493
106,79,10.022974684358713
106,189,6.3409182535918625
106,20,5.410175945735292
106,16,4.096815315167245
106,94,3.9683836936280983
106,134,3.7442379129576353
106,362,2.931200223281368
106,255,2.0922323765021424
169,119,0.0
169,20,0.0
169,476,0.0
169,264,0.0
169,200,0.0
169,189,0.0
169,362,0.0
169,17,0.0
169,16,0.0
169,310,0.0
302,20,0.0
302,399,0.0
302,476,0.0
302,264,0.0
302,200,0.0
302,189,0.0
302,362,0.0
302,17,0.0
302,16,0.0
302,310,0.0
310,119,0.0
310,20,0.0
310,399,0.0
310,476,0.0
310,264,0.0
310,200,0.0
310,189,0.0
310,362,0.0
310,17,0.0
310,16,0.0
298,119,0.0
298,20,0.0
298,399,0.0
298,476,0.0
298,264,0.0
298,200,0.0
298,189,0.0
298,362,0.0
298,17,0.0
298,16,0.0
274,416,0.0
274,134,0.0
274,284,0.0
274,476,0.0
274,59,0.0
274,22,0.0
274,362,0.0
274,17,0.0
274,16,0.0
274,190,0.0
340,415,0.9999999999999998
340,125,0.0
340,476,0.0
340,190,0.0
340,19,0.0
340,400,0.0
340,416,-0.9999999999999998
340,89,-0.9999999999999999
340,77,-1.0
340,17,-1.0
246,94,2.4676453146224375
246,79,1.2695449194718884
246,190,1.0
246,89,0.628794985101833
246,17,0.5178014770410639
246,134,0.37583119399026865
246,415,0.08273283445320635
246,476,0.0
246,400,0.0
246,19,-0.1889822365046142
342,119,0.0
342,20,0.0
342,399,0.0
342,476,0.0
342,264,0.0
342,200,0.0
342,189,0.0
342,362,0.0
342,17,0.0
342,16,0.0
292,119,0.0
292,20,0.0
292,399,0.0
292,476,0.0
292,200,0.0
292,189,0.0
292,362,0.0
292,17,0.0
292,16,0.0
292,310,0.0
135,119,0.0
135,20,0.0
135,399,0.0
135,476,0.0
135,200,0.0
135,189,0.0
135,362,0.0
135,17,0.0
135,16,0.0
135,310,0.0
214,119,5.0
214,17,1.0000000000000002
214,190,1.0
214,824,1.0
214,287,0.9999999999999996
214,264,0.9999999999999996
214,416,0.0
214,284,0.0
214,476,0.0
214,352,0.0
192,200,7.7660772987048485
192,310,5.799998056303092
192,189,4.285055340169981
192,362,3.6525005627067335
192,287,3.493778037365707
192,22,2.898651531066406
192,16,2.132863939656099
192,94,1.2449393259000727
192,284,1.2003147756664792
192,415,1.0
278,264,19.27030768667374
278,287,15.64585505936417
278,399,14.790648916546733
278,189,13.052028382329787
278,119,11.730059345947371
278,310,10.875392657717663
278,94,9.26390088822901
278,362,5.972650587734586
278,16,4.804823328664611
278,255,4.545620842655257
319,200,11.0
319,20,9.0
319,119,8.0
319,399,7.0
319,255,7.0
319,94,6.0
319,189,6.0
319,310,5.0
319,287,4.0
319,22,4.0
186,119,3.269837897982004
186,352,2.6467418031070142
186,255,2.1750783717414803
186,310,2.059149588741006
186,284,2.0
186,362,1.5807508104705619
186,189,1.2132705673014064
186,200,1.1909902135539283
186,416,1.0000000000000002
186,77,1.0000000000000002
234,119,0.0
234,20,0.0
234,399,0.0
234,476,0.0
234,264,0.0
234,200,0.0
234,189,0.0
234,362,0.0
234,17,0.0
234,16,0.0
330,119,0.0
330,20,0.0
330,399,0.0
330,476,0.0
330,264,0.0
330,200,0.0
330,189,0.0
330,362,0.0
330,17,0.0
330,16,0.0
378,119,0.0
378,20,0.0
378,476,0.0
378,264,0.0
378,200,0.0
378,189,0.0
378,362,0.0
378,17,0.0
378,16,0.0
378,310,0.0
394,20,0.0
394,399,0.0
394,476,0.0
394,264,0.0
394,200,0.0
394,189,0.0
394,362,0.0
394,17,0.0
394,16,0.0
394,310,0.0
295,119,0.0
295,20,0.0
295,399,0.0
295,476,0.0
295,264,0.0
295,200,0.0
295,189,0.0
295,362,0.0
295,17,0.0
295,16,0.0
241,119,0.0
241,20,0.0
241,476,0.0
241,264,0.0
241,200,0.0
241,189,0.0
241,362,0.0
241,17,0.0
241,16,0.0
241,310,0.0
132,119,2.0
132,20,1.0000000000000002
132,264,1.0000000000000002
132,287,1.0
132,79,2.220446049250313E-16
132,17,0.0
132,16,0.0
132,189,0.0
132,310,0.0
132,362,0.0
222,119,0.0
222,20,0.0
222,399,0.0
222,476,0.0
222,264,0.0
222,200,0.0
222,189,0.0
222,362,0.0
222,17,0.0
222,310,0.0
224,119,0.0
224,20,0.0
224,399,0.0
224,476,0.0
224,264,0.0
224,200,0.0
224,189,0.0
224,362,0.0
224,17,0.0
224,310,0.0
303,119,0.0
303,20,0.0
303,399,0.0
303,476,0.0
303,264,0.0
303,200,0.0
303,189,0.0
303,362,0.0
303,17,0.0
303,16,0.0
217,20,0.0
217,399,0.0
217,476,0.0
217,264,0.0
217,200,0.0
217,189,0.0
217,362,0.0
217,17,0.0
217,16,0.0
217,310,0.0
293,119,0.0
293,20,0.0
293,399,0.0
293,476,0.0
293,264,0.0
293,200,0.0
293,189,0.0
293,362,0.0
293,17,0.0
293,16,0.0
240,200,2.2195841406331187
240,78,1.8365572425010235
240,89,1.0
240,22,0.5816027664206569
240,415,0.5000000000000001
240,125,0.0
240,476,0.0
240,416,0.0
240,284,0.0
240,19,0.0
158,119,0.0
158,20,0.0
158,476,0.0
158,264,0.0
158,200,0.0
158,189,0.0
158,362,0.0
158,17,0.0
158,16,0.0
158,310,0.0
204,119,0.0
204,20,0.0
204,399,0.0
204,476,0.0
204,264,0.0
204,200,0.0
204,189,0.0
204,362,0.0
204,17,0.0
204,16,0.0
294,119,7.8081469705588
294,200,6.8081469705588
294,287,4.8081469705588
294,255,3.834381132365471
294,189,3.8081469705588002
294,20,3.8081469705588002
294,352,2.816361638427436
294,79,1.8343811323654708
294,59,1.8343811323654702
294,824,1.8163616384274361
367,20,3.4293836832849536
367,200,1.9999999999999998
367,78,0.40786309178706104
367,287,0.021520591497893538
367,119,0.02152059149789265
367,16,4.440892098500626E-16
367,476,0.0
367,284,0.0
367,17,0.0
367,416,0.0
77,264,13.094554428748532
77,200,11.208531465394689
77,119,10.950224691628108
77,20,10.56913420053244
77,287,8.703145590161343
77,94,8.208531465394689
77,189,7.950224691628108
77,255,7.3539433836428945
77,22,6.208531465394689
77,310,5.229647999505216
337,79,14.54947892459277
337,399,10.52528250332272
337,94,10.092697895554908
337,189,5.98008879418082
337,59,1.773356663444715
337,89,1.2414321110768567
337,16,1.2021952871243415
337,824,0.9545500969929274
337,125,0.833375253837567
337,19,0.833375253837567
138,119,0.0
138,20,0.0
138,399,0.0
138,476,0.0
138,264,0.0
138,200,0.0
138,189,0.0
138,17,0.0
138,16,0.0
138,310,0.0
226,20,0.0
226,399,0.0
226,476,0.0
226,264,0.0
226,200,0.0
226,189,0.0
226,362,0.0
226,17,0.0
226,16,0.0
226,310,0.0
399,264,17.677578034918962
399,119,16.528109864681227
399,399,14.02641336604128
399,189,13.28627828937295
399,287,10.960763666849896
399,79,9.270805152888082
399,255,7.761043024069938
399,310,6.906411008328579
399,16,6.396745226883449
399,22,5.64661132441192
243,20,0.0
243,399,0.0
243,476,0.0
243,264,0.0
243,189,0.0
243,362,0.0
243,17,0.0
243,16,0.0
243,310,0.0
243,59,0.0
124,119,0.0
124,20,0.0
124,399,0.0
124,476,0.0
124,264,0.0
124,200,0.0
124,189,0.0
124,362,0.0
124,17,0.0
124,16,0.0
126,94,5.0
126,59,1.0000000000000002
126,17,1.0
126,77,1.0
126,125,0.0
126,189,0.0
126,476,0.0
126,134,0.0
126,22,0.0
126,287,0.0
276,119,0.0
276,20,0.0
276,399,0.0
276,476,0.0
276,264,0.0
276,200,0.0
276,189,0.0
276,362,0.0
276,17,0.0
276,16,0.0
112,119,0.0
112,20,0.0
112,399,0.0
112,476,0.0
112,264,0.0
112,200,0.0
112,189,0.0
112,362,0.0
112,17,0.0
112,16,0.0
311,119,0.0
311,20,0.0
311,399,0.0
311,476,0.0
311,264,0.0
311,200,0.0
311,189,0.0
311,362,0.0
311,17,0.0
311,16,0.0
244,94,2.841426642542314
244,89,1.3977497152953913
244,190,1.0000000000000002
244,77,0.5960395606792697
244,17,0.3852372769061998
244,19,0.0
244,476,0.0
244,125,0.0
244,400,0.0
244,310,-0.39274048442888976
72,119,0.0
72,20,0.0
72,476,0.0
72,264,0.0
72,200,0.0
72,189,0.0
72,362,0.0
72,17,0.0
72,16,0.0
72,310,0.0
202,264,12.510515761626959
202,200,11.787437854217021
202,189,11.103471136929619
202,94,9.30821692456405
202,79,6.383260437618327
202,255,5.874799870616027
202,22,4.875623485316563
202,16,4.795453719441363
202,362,4.066000813615634
202,134,1.823835912548293
122,119,0.0
122,20,0.0
122,399,0.0
122,476,0.0
122,264,0.0
122,200,0.0
122,189,0.0
122,362,0.0
122,17,0.0
122,16,0.0
81,119,0.0
81,20,0.0
81,399,0.0
81,476,0.0
81,264,0.0
81,200,0.0
81,189,0.0
81,17,0.0
81,16,0.0
81,310,0.0
261,287,4.0
261,189,4.0
261,20,4.0
261,264,4.0
261,119,3.0000000000000004
261,362,3.0
261,310,2.0
261,94,2.0
261,16,2.0
261,284,2.0
264,200,9.0
264,264,9.0
264,20,8.0
264,119,7.0
264,189,7.0
264,287,6.0
264,94,5.0
264,399,5.0
264,310,5.0
264,16,4.0
102,20,0.0
102,399,0.0
102,476,0.0
102,264,0.0
102,200,0.0
102,189,0.0
102,362,0.0
102,17,0.0
102,16,0.0
102,310,0.0
232,119,0.0
232,20,0.0
232,399,0.0
232,476,0.0
232,264,0.0
232,200,0.0
232,189,0.0
232,362,0.0
232,17,0.0
232,16,0.0
263,200,8.0
263,362,4.000000000000001
263,119,4.0
263,399,3.0
263,352,3.0
263,16,2.000000000000001
263,78,2.0
263,284,2.0
263,824,2.0
263,79,1.9999999999999998
268,119,0.0
268,20,0.0
268,399,0.0
268,476,0.0
268,264,0.0
268,200,0.0
268,189,0.0
268,362,0.0
268,17,0.0
268,16,0.0
396,79,6.798299803677722
396,264,6.01959701448815
396,287,5.414026213790174
396,255,5.35638717201975
396,310,5.216641945941184
396,399,4.920082117861312
396,94,3.920082117861312
396,22,3.8563871720197507
396,189,2.780336891782746
396,119,2.774280987711608
397,399,15.548692669629272
397,119,15.149548694945977
397,79,14.722036679110385
397,287,10.597222251468187
397,310,9.525676194160567
397,362,8.49576415543782
397,189,7.592727570002715
397,16,7.160788077527114
397,22,6.737516243658428
397,255,6.482249036405063
129,119,0.0
129,20,0.0
129,399,0.0
129,476,0.0
129,264,0.0
129,200,0.0
129,189,0.0
129,362,0.0
129,17,0.0
129,16,0.0
333,200,14.21631803309203
333,255,9.530958854055365
333,189,8.266375095082132
333,352,5.863256728211435
333,362,4.240472402275726
333,16,4.1419780867756595
333,310,3.654380937700757
333,22,3.5977879521401874
333,134,1.787028847312753
333,78,1.669792382966345
369,119,0.0
369,20,0.0
369,399,0.0
369,476,0.0
369,264,0.0
369,200,0.0
369,189,0.0
369,362,0.0
369,17,0.0
369,16,0.0
259,119,0.0
259,20,0.0
259,476,0.0
259,264,0.0
259,200,0.0
259,189,0.0
259,362,0.0
259,17,0.0
259,16,0.0
259,310,0.0
161,89,0.1946952162378145
161,19,0.0
161,476,0.0
161,125,0.0
161,190,0.0
161,400,0.0
161,416,-0.225017580185205
161,77,-0.5007088381454646
161,284,-0.6301161885009002
161,824,-0.639157714048072
403,352,3.3345346564283505
403,824,1.6023504085643914
403,287,1.1978957971551818
403,190,1.0
403,79,0.8421754409100521
403,284,0.8075259409283746
403,255,0.24828402853131593
403,416,0.18611226846738338
403,476,0.0
403,125,0.0
258,399,6.552731024785329
258,264,6.291737611736702
258,20,5.284517850995854
258,94,4.674560402921265
258,189,4.4577170379818085
258,287,3.2656039371103835
258,310,3.086668295560039
258,255,2.811076546208386
258,16,2.2408938252266237
258,362,1.6764688660383757
215,119,0.0
215,399,0.0
215,476,0.0
215,264,0.0
215,200,0.0
215,189,0.0
215,362,0.0
215,17,0.0
215,16,0.0
215,310,0.0
164,255,2.9999999999999996
164,20,2.9999999999999996
164,264,2.9999999999999996
164,119,1.9999999999999998
164,399,1.9999999999999998
164,200,1.9999999999999996
164,352,1.9999999999999996
164,78,0.9999999999999999
164,287,0.9999999999999999
164,189,0.9999999999999998
357,119,0.0
357,20,0.0
357,399,0.0
357,476,0.0
357,200,0.0
357,189,0.0
357,362,0.0
357,17,0.0
357,16,0.0
357,310,0.0
190,476,0.0
190,264,0.0
190,200,0.0
190,189,0.0
190,362,0.0
190,17,0.0
190,16,0.0
190,310,0.0
190,59,0.0
190,94,0.0
307,119,0.0
307,399,0.0
307,476,0.0
307,264,0.0
307,200,0.0
307,189,0.0
307,362,0.0
307,17,0.0
307,16,0.0
307,310,0.0
238,119,0.0
238,20,0.0
238,399,0.0
238,476,0.0
238,264,0.0
238,200,0.0
238,189,0.0
238,362,0.0
238,17,0.0
238,16,0.0
165,20,0.0
165,399,0.0
165,476,0.0
165,264,0.0
165,200,0.0
165,189,0.0
165,362,0.0
165,17,0.0
165,16,0.0
165,310,0.0
225,119,0.0
225,20,0.0
225,399,0.0
225,476,0.0
225,264,0.0
225,200,0.0
225,189,0.0
225,362,0.0
225,17,0.0
225,16,0.0
242,119,0.0
242,399,0.0
242,476,0.0
242,264,0.0
242,200,0.0
242,189,0.0
242,362,0.0
242,17,0.0
242,16,0.0
242,310,0.0
338,20,4.004016594617105
338,16,2.5477375981773274
338,89,2.2716593077178864
338,78,1.9411554691528674
338,134,1.3427714740838952
338,189,0.5548662250531231
338,79,0.5317451930481036
338,17,0.4184677256425369
338,284,0.2738101234941357
338,416,0.2669315050633777
326,119,0.0
326,399,0.0
326,476,0.0
326,264,0.0
326,200,0.0
326,189,0.0
326,362,0.0
326,17,0.0
326,16,0.0
326,310,0.0
96,119,0.0
96,399,0.0
96,476,0.0
96,264,0.0
96,200,0.0
96,189,0.0
96,362,0.0
96,17,0.0
96,16,0.0
96,310,0.0
94,119,0.0
94,20,0.0
94,399,0.0
94,476,0.0
94,264,0.0
94,200,0.0
94,189,0.0
94,17,0.0
94,16,0.0
94,310,0.0
123,119,0.0
123,399,0.0
123,476,0.0
123,264,0.0
123,200,0.0
123,189,0.0
123,362,0.0
123,17,0.0
123,16,0.0
123,310,0.0
392,119,7.161349676257316
392,399,6.907221943107777
392,79,6.552876422054084
392,362,4.230950590000892
392,189,3.6396738486546587
392,94,2.921474800707525
392,78,2.3503535913412987
392,22,1.9057493386760647
392,89,1.8736493431711292
392,16,1.8671404015169757
343,119,0.0
343,20,0.0
343,399,0.0
343,476,0.0
343,264,0.0
343,189,0.0
343,362,0.0
343,17,0.0
343,16,0.0
343,310,0.0
120,20,0.0
120,399,0.0
120,476,0.0
120,264,0.0
120,200,0.0
120,189,0.0
120,362,0.0
120,17,0.0
120,16,0.0
120,310,0.0
344,119,0.0
344,399,0.0
344,476,0.0
344,200,0.0
344,189,0.0
344,362,0.0
344,17,0.0
344,16,0.0
344,310,0.0
344,59,0.0
213,119,0.0
213,20,0.0
213,399,0.0
213,476,0.0
213,264,0.0
213,200,0.0
213,189,0.0
213,362,0.0
213,17,0.0
213,16,0.0
305,119,0.0
305,399,0.0
305,476,0.0
305,264,0.0
305,200,0.0
305,189,0.0
305,362,0.0
305,17,0.0
305,16,0.0
305,310,0.0
314,119,0.0
314,20,0.0
314,399,0.0
314,476,0.0
314,264,0.0
314,200,0.0
314,189,0.0
314,362,0.0
314,17,0.0
314,16,0.0
75,119,0.0
75,20,0.0
75,399,0.0
75,476,0.0
75,264,0.0
75,200,0.0
75,189,0.0
75,362,0.0
75,17,0.0
75,16,0.0
262,119,0.0
262,399,0.0
262,476,0.0
262,264,0.0
262,200,0.0
262,189,0.0
262,362,0.0
262,17,0.0
262,16,0.0
262,310,0.0
216,20,0.0
216,399,0.0
216,476,0.0
216,264,0.0
216,200,0.0
216,189,0.0
216,362,0.0
216,17,0.0
216,16,0.0
216,310,0.0
220,119,0.0
220,20,0.0
220,399,0.0
220,476,0.0
220,264,0.0
220,200,0.0
220,189,0.0
220,362,0.0
220,17,0.0
220,16,0.0
377,94,1.0
377,77,0.9999999999999998
377,19,0.0
377,190,0.0
377,824,0.0
377,476,0.0
377,125,0.0
377,400,0.0
377,352,-1.1102230246251565E-16
377,416,-0.9999999999999998
316,352,2.672782912156862
316,415,0.8620486489513416
316,284,0.24019223070762996
316,79,0.20830895758207757
316,824,0.17618711176189106
316,255,0.0816611146760875
316,125,0.0
316,476,0.0
316,190,0.0
316,19,0.0
209,119,0.0
209,20,0.0
209,399,0.0
209,476,0.0
209,264,0.0
209,200,0.0
209,189,0.0
209,362,0.0
209,17,0.0
209,16,0.0
265,119,0.0
265,20,0.0
265,399,0.0
265,476,0.0
265,264,0.0
265,200,0.0
265,189,0.0
265,362,0.0
265,17,0.0
265,16,0.0
167,94,6.7085023491605025
167,399,3.852777846050188
167,22,3.011051267814392
167,189,2.7303848813077263
167,310,1.9673759836015134
167,119,1.856227333658232
167,287,1.8530481848398261
167,255,1.7364845489751157
167,59,1.072355983701655
167,17,1.0000000000000002
178,119,0.0
178,20,0.0
178,399,0.0
178,476,0.0
178,264,0.0
178,200,0.0
178,189,0.0
178,362,0.0
178,17,0.0
178,16,0.0
289,119,0.0
289,399,0.0
289,476,0.0
289,264,0.0
289,200,0.0
289,189,0.0
289,362,0.0
289,17,0.0
289,16,0.0
289,310,0.0
287,119,0.0
287,20,0.0
287,399,0.0
287,476,0.0
287,264,0.0
287,200,0.0
287,189,0.0
287,362,0.0
287,17,0.0
287,16,0.0
380,119,0.0
380,20,0.0
380,399,0.0
380,476,0.0
380,200,0.0
380,189,0.0
380,362,0.0
380,17,0.0
380,16,0.0
380,310,0.0
356,200,11.0
356,20,9.0
356,119,8.0
356,399,7.0
356,255,7.0
356,94,6.0
356,189,6.0
356,310,5.0
356,287,4.0
356,22,4.0
354,200,8.0
354,362,4.0
354,119,4.0
354,399,3.0
354,352,3.0
354,284,2.0
354,255,2.0
354,78,2.0
354,79,2.0
354,824,2.0
376,119,0.0
376,20,0.0
376,399,0.0
376,476,0.0
376,264,0.0
376,200,0.0
376,189,0.0
376,362,0.0
376,17,0.0
376,16,0.0
346,119,0.0
346,20,0.0
346,476,0.0
346,264,0.0
346,200,0.0
346,189,0.0
346,362,0.0
346,17,0.0
346,16,0.0
346,310,0.0
101,20,0.0
101,399,0.0
101,476,0.0
101,264,0.0
101,200,0.0
101,189,0.0
101,362,0.0
101,17,0.0
101,16,0.0
101,310,0.0
109,119,0.0
109,20,0.0
109,399,0.0
109,476,0.0
109,264,0.0
109,200,0.0
109,189,0.0
109,362,0.0
109,17,0.0
109,16,0.0
191,119,0.0
191,20,0.0
191,399,0.0
191,476,0.0
191,264,0.0
191,200,0.0
191,189,0.0
191,362,0.0
191,17,0.0
191,16,0.0
184,119,0.0
184,20,0.0
184,399,0.0
184,476,0.0
184,264,0.0
184,200,0.0
184,189,0.0
184,362,0.0
184,17,0.0
184,16,0.0
352,119,0.0
352,399,0.0
352,476,0.0
352,264,0.0
352,200,0.0
352,189,0.0
352,362,0.0
352,17,0.0
352,16,0.0
352,310,0.0
231,119,0.0
231,20,0.0
231,399,0.0
231,476,0.0
231,264,0.0
231,189,0.0
231,362,0.0
231,17,0.0
231,16,0.0
231,310,0.0
187,119,0.0
187,20,0.0
187,399,0.0
187,476,0.0
187,264,0.0
187,200,0.0
187,189,0.0
187,362,0.0
187,17,0.0
187,16,0.0
297,200,8.0
297,255,7.0
297,94,6.0
297,20,5.0
297,189,5.0
297,264,5.0
297,399,4.0
297,287,4.0
297,16,3.0
297,22,3.0
228,119,0.0
228,399,0.0
228,476,0.0
228,264,0.0
228,200,0.0
228,189,0.0
228,362,0.0
228,17,0.0
228,16,0.0
228,310,0.0
308,119,0.0
308,20,0.0
308,476,0.0
308,264,0.0
308,200,0.0
308,189,0.0
308,362,0.0
308,17,0.0
308,16,0.0
308,310,0.0
139,119,0.0
139,20,0.0
139,399,0.0
139,476,0.0
139,264,0.0
139,200,0.0
139,189,0.0
139,362,0.0
139,17,0.0
139,16,0.0
373,119,0.0
373,20,0.0
373,399,0.0
373,476,0.0
373,264,0.0
373,200,0.0
373,189,0.0
373,362,0.0
373,17,0.0
373,16,0.0
168,119,0.0
168,20,0.0
168,399,0.0
168,476,0.0
168,200,0.0
168,189,0.0
168,362,0.0
168,17,0.0
168,16,0.0
168,310,0.0
400,119,0.0
400,20,0.0
400,399,0.0
400,476,0.0
400,264,0.0
400,200,0.0
400,189,0.0
400,362,0.0
400,17,0.0
400,16,0.0
320,119,0.0
320,20,0.0
320,399,0.0
320,476,0.0
320,264,0.0
320,200,0.0
320,189,0.0
320,362,0.0
320,17,0.0
320,16,0.0
95,119,0.0
95,399,0.0
95,476,0.0
95,264,0.0
95,200,0.0
95,189,0.0
95,362,0.0
95,17,0.0
95,16,0.0
95,310,0.0
353,119,0.0
353,20,0.0
353,399,0.0
353,476,0.0
353,264,0.0
353,200,0.0
353,189,0.0
353,362,0.0
353,17,0.0
353,16,0.0
260,119,0.0
260,20,0.0
260,399,0.0
260,476,0.0
260,264,0.0
260,200,0.0
260,189,0.0
260,362,0.0
260,17,0.0
260,16,0.0
83,20,0.0
83,399,0.0
83,476,0.0
83,264,0.0
83,200,0.0
83,189,0.0
83,362,0.0
83,17,0.0
83,16,0.0
83,310,0.0
250,119,0.0
250,399,0.0
250,476,0.0
250,264,0.0
250,200,0.0
250,189,0.0
250,362,0.0
250,17,0.0
250,16,0.0
250,310,0.0
395,119,0.0
395,20,0.0
395,399,0.0
395,476,0.0
395,264,0.0
395,200,0.0
395,189,0.0
395,362,0.0
395,17,0.0
395,16,0.0
183,119,0.0
183,20,0.0
183,399,0.0
183,476,0.0
183,264,0.0
183,200,0.0
183,189,0.0
183,362,0.0
183,17,0.0
183,16,0.0
275,119,0.0
275,20,0.0
275,399,0.0
275,476,0.0
275,264,0.0
275,200,0.0
275,189,0.0
275,362,0.0
275,17,0.0
275,16,0.0
173,77,0.0
173,19,0.0
173,416,0.0
173,190,0.0
173,125,0.0
173,476,0.0
173,415,0.0
173,17,0.0
173,284,0.0
173,400,0.0
272,119,0.0
272,20,0.0
272,399,0.0
272,476,0.0
272,264,0.0
272,200,0.0
272,189,0.0
272,362,0.0
272,17,0.0
272,16,0.0
304,119,0.0
304,399,0.0
304,476,0.0
304,264,0.0
304,200,0.0
304,189,0.0
304,362,0.0
304,17,0.0
304,16,0.0
304,310,0.0
318,119,0.0
318,399,0.0
318,476,0.0
318,264,0.0
318,200,0.0
318,189,0.0
318,362,0.0
318,17,0.0
318,16,0.0
318,310,0.0
125,94,5.0
125,17,1.0
125,59,1.0
125,77,1.0
125,19,0.0
125,22,0.0
125,476,0.0
125,190,0.0
125,125,0.0
125,400,0.0
374,119,0.0
374,20,0.0
374,399,0.0
374,476,0.0
374,264,0.0
374,200,0.0
374,189,0.0
374,362,0.0
374,17,0.0
374,16,0.0
317,119,0.0
317,20,0.0
317,399,0.0
317,476,0.0
317,264,0.0
317,200,0.0
317,189,0.0
317,362,0.0
317,17,0.0
317,16,0.0
177,119,0.0
177,20,0.0
177,399,0.0
177,476,0.0
177,264,0.0
177,200,0.0
177,189,0.0
177,362,0.0
177,17,0.0
177,16,0.0
149,119,0.0
149,20,0.0
149,399,0.0
149,476,0.0
149,264,0.0
149,200,0.0
149,189,0.0
149,362,0.0
149,17,0.0
149,16,0.0
327,119,0.0
327,20,0.0
327,399,0.0
327,476,0.0
327,264,0.0
327,200,0.0
327,189,0.0
327,362,0.0
327,17,0.0
327,16,0.0
207,94,5.0
207,17,1.0
207,59,1.0
207,77,1.0
207,19,0.0
207,22,0.0
207,476,0.0
207,190,0.0
207,125,0.0
207,400,0.0
361,119,0.0
361,20,0.0
361,399,0.0
361,476,0.0
361,200,0.0
361,189,0.0
361,362,0.0
361,17,0.0
361,16,0.0
361,310,0.0
339,119,0.0
339,399,0.0
339,476,0.0
339,264,0.0
339,200,0.0
339,189,0.0
339,362,0.0
339,17,0.0
339,16,0.0
339,310,0.0
351,119,0.0
351,20,0.0
351,399,0.0
351,476,0.0
351,264,0.0
351,200,0.0
351,189,0.0
351,362,0.0
351,17,0.0
351,16,0.0
266,119,0.0
266,20,0.0
266,399,0.0
266,476,0.0
266,264,0.0
266,200,0.0
266,189,0.0
266,362,0.0
266,17,0.0
266,16,0.0
386,119,0.0
386,399,0.0
386,476,0.0
386,264,0.0
386,200,0.0
386,189,0.0
386,362,0.0
386,17,0.0
386,16,0.0
386,310,0.0
285,399,1.0
285,78,1.0
285,287,0.0
285,20,0.0
285,16,0.0
285,476,0.0
285,264,0.0
285,119,0.0
285,362,0.0
285,17,0.0
127,119,0.0
127,20,0.0
127,476,0.0
127,264,0.0
127,200,0.0
127,189,0.0
127,362,0.0
127,17,0.0
127,16,0.0
127,310,0.0
341,119,0.0
341,20,0.0
341,399,0.0
341,476,0.0
341,264,0.0
341,200,0.0
341,189,0.0
341,362,0.0
341,17,0.0
341,16,0.0
130,399,6.0
130,20,6.0
130,200,5.0
130,22,4.0
130,287,4.0
130,255,4.0
130,264,3.9999999999999996
130,94,3.0
130,310,2.9999999999999996
130,78,2.0
364,264,12.0
364,119,8.0
364,399,8.0
364,200,7.0
364,287,7.0
364,255,7.0
364,94,6.0
364,189,5.0
364,22,4.0
364,352,4.0
331,119,0.0
331,20,0.0
331,399,0.0
331,476,0.0
331,264,0.0
331,200,0.0
331,189,0.0
331,362,0.0
331,17,0.0
331,16,0.0
332,119,0.0
332,20,0.0
332,399,0.0
332,476,0.0
332,264,0.0
332,200,0.0
332,189,0.0
332,362,0.0
332,17,0.0
332,16,0.0
389,119,0.0
389,20,0.0
389,399,0.0
389,476,0.0
389,264,0.0
389,189,0.0
389,362,0.0
389,17,0.0
389,16,0.0
389,310,0.0
146,20,0.0
146,399,0.0
146,476,0.0
146,264,0.0
146,200,0.0
146,189,0.0
146,362,0.0
146,17,0.0
146,16,0.0
146,310,0.0
328,119,0.0
328,399,0.0
328,476,0.0
328,264,0.0
328,200,0.0
328,189,0.0
328,362,0.0
328,17,0.0
328,16,0.0
328,310,0.0
322,119,0.0
322,20,0.0
322,399,0.0
322,476,0.0
322,264,0.0
322,200,0.0
322,189,0.0
322,362,0.0
322,17,0.0
322,16,0.0
181,119,0.0
181,399,0.0
181,476,0.0
181,264,0.0
181,200,0.0
181,189,0.0
181,362,0.0
181,17,0.0
181,16,0.0
181,310,0.0
299,119,0.0
299,20,0.0
299,399,0.0
299,476,0.0
299,264,0.0
299,200,0.0
299,189,0.0
299,362,0.0
299,17,0.0
299,16,0.0
313,119,0.0
313,20,0.0
313,399,0.0
313,476,0.0
313,264,0.0
313,200,0.0
313,189,0.0
313,362,0.0
313,17,0.0
313,16,0.0
245,119,0.0
245,20,0.0
245,399,0.0
245,476,0.0
245,200,0.0
245,189,0.0
245,362,0.0
245,17,0.0
245,16,0.0
245,310,0.0
393,119,0.0
393,20,0.0
393,399,0.0
393,476,0.0
393,264,0.0
393,200,0.0
393,189,0.0
393,362,0.0
393,17,0.0
393,16,0.0
324,200,19.165595882091445
324,399,13.283777162848732
324,119,13.062118776237195
324,255,8.458761783441451
324,189,7.76530810943183
324,362,7.710294608931735
324,352,6.362932001208095
324,310,6.191656991274579
324,287,6.1584122353496635
324,16,5.648946813512882
74,119,0.0
74,20,0.0
74,476,0.0
74,264,0.0
74,200,0.0
74,189,0.0
74,362,0.0
74,17,0.0
74,16,0.0
74,310,0.0
195,119,0.0
195,399,0.0
195,476,0.0
195,264,0.0
195,200,0.0
195,189,0.0
195,362,0.0
195,17,0.0
195,16,0.0
195,310,0.0
239,119,0.0
239,399,0.0
239,476,0.0
239,264,0.0
239,200,0.0
239,189,0.0
239,362,0.0
239,17,0.0
239,16,0.0
239,310,0.0
334,119,0.0
334,20,0.0
334,399,0.0
334,476,0.0
334,264,0.0
334,200,0.0
334,189,0.0
334,362,0.0
334,17,0.0
334,16,0.0
118,119,0.0
118,20,0.0
118,476,0.0
118,264,0.0
118,200,0.0
118,189,0.0
118,17,0.0
118,16,0.0
118,310,0.0
118,59,0.0
150,119,0.0
150,20,0.0
150,399,0.0
150,476,0.0
150,264,0.0
150,200,0.0
150,189,0.0
150,362,0.0
150,17,0.0
150,16,0.0
