448,134,0.9741237589738572
448,190,0.7013463031337864
448,416,0.6318707830152794
448,22,0.6101521604058238
448,824,0.48482953256629147
448,400,0.2907419023147901
448,284,0.23846997983824264
448,125,0.031170121355561606
448,19,0.031170121355561606
448,77,0.0
444,20,0.0
444,399,0.0
444,476,0.0
444,264,0.0
444,200,0.0
444,189,0.0
444,362,0.0
444,17,0.0
444,16,0.0
444,310,0.0
450,264,7.0
450,189,6.0
450,119,6.0
450,200,3.000000000000001
450,287,3.000000000000001
450,20,3.0
450,310,2.0
450,79,1.9999999999999998
450,362,1.9999999999999998
450,17,1.0000000000000002
445,119,0.0
445,399,0.0
445,476,0.0
445,264,0.0
445,200,0.0
445,189,0.0
445,362,0.0
445,17,0.0
445,16,0.0
445,310,0.0
446,119,0.0
446,20,0.0
446,399,0.0
446,476,0.0
446,264,0.0
446,189,0.0
446,362,0.0
446,17,0.0
446,16,0.0
446,310,0.0
447,20,6.448124110331118
447,94,5.566239064740199
447,362,4.283101394308953
447,399,4.13804989318149
447,200,3.4373244790082955
447,189,2.993114486731532
447,79,2.3874023845150125
447,59,2.3614598691741975
447,134,1.8765272476386565
447,255,1.7116318546841716
449,119,0.0
449,20,0.0
449,399,0.0
449,476,0.0
449,264,0.0
449,200,0.0
449,189,0.0
449,17,0.0
449,16,0.0
449,310,0.0
522,264,26.99313426606936
522,310,8.069239349041027
522,189,7.460899834848254
522,200,7.396050955857236
522,22,6.819842303580727
522,59,4.986183231644998
522,352,4.6544117832179905
522,255,3.9929215467948165
522,78,2.623583608735367
522,134,1.4647645300405943
524,119,8.66701452011804
524,189,7.858062967951911
524,287,5.874940272143031
524,255,5.7744616101134865
524,399,5.667014520118039
524,310,4.319183614646067
524,352,2.3485662391423774
524,89,2.0
524,20,1.6846271579795633
524,362,1.6176791524753864
516,310,10.114010552659638
516,16,8.080835961482807
516,22,7.295868934884091
516,255,7.052123490164101
516,352,6.5910927800476315
516,89,3.479905213216501
516,134,3.322386258134875
516,362,2.7583071269988464
516,78,2.6425067231315724
516,190,0.879050845326782
619,399,33.635842649416006
619,94,14.872071919524174
619,287,11.159063529223042
619,16,10.183755082461623
619,22,6.181949787258999
619,59,3.503557425159293
619,352,3.4008223569483325
619,78,3.297808260200234
619,134,2.3352169120700403
619,824,1.484033213791554
494,264,10.400260569746498
494,310,6.896485083253598
494,119,6.186976788020878
494,287,4.566226630540301
494,89,1.7587843871758817
494,255,1.0832360081257535
494,400,1.0
494,362,0.37292809819087225
494,284,0.1748182813246367
494,59,0.09049738644395966
655,200,6.244875295771324
655,79,5.989284068840535
655,22,5.597117517296671
655,287,4.971333942716254
655,16,4.891310846267885
655,362,4.159478263557242
655,255,3.5805325631840628
655,310,3.4130743698273758
655,59,1.5407880057475314
655,134,1.4231938221061022
466,119,10.0
466,264,9.0
466,20,7.0
466,189,5.0
466,287,5.0
466,362,4.0
466,94,4.0
466,16,3.0
466,310,3.0
466,59,2.0
523,399,10.0
523,119,9.0
523,264,9.0
523,189,7.0
523,310,6.0
523,362,4.0
523,16,4.0
523,200,3.0
523,255,3.0
523,59,2.0
620,200,13.455381525401945
620,255,10.562055227092543
620,22,7.452656080966738
620,16,7.06939820254582
620,59,4.4901738931208675
620,352,4.092350669551229
620,134,1.8487742462442547
620,416,1.405992160329069
620,824,0.9858801715691409
620,284,0.743527078262949
570,20,0.0
570,399,0.0
570,476,0.0
570,264,0.0
570,200,0.0
570,189,0.0
570,362,0.0
570,17,0.0
570,16,0.0
570,310,0.0
544,264,27.59238167847776
544,119,22.25859064143401
544,287,12.188257662190157
544,310,10.038219218559604
544,362,7.0086252629355315
544,16,6.655199022104225
544,255,5.41767286450794
544,22,5.2704321846095645
544,352,3.931875670325015
544,59,2.391453155196807
618,200,10.98393304857768
618,79,8.11281636228509
618,94,6.132614485833845
618,189,5.925285746909251
618,22,3.4440181374186176
618,310,2.8875325694988803
618,255,2.3830853919636903
618,190,1.4826177495868147
618,89,1.3593036767081164
618,400,0.9981367086396693
640,19,0.8660254037844387
640,125,0.8660254037844387
640,416,0.6814634715222283
640,824,0.14619980025957413
640,77,0.0
640,415,0.0
640,400,0.0
640,59,-0.00392669872783169
640,190,-0.1339745962155613
640,78,-0.4448606633183705
487,20,0.0
487,399,0.0
487,476,0.0
487,264,0.0
487,200,0.0
487,189,0.0
487,362,0.0
487,17,0.0
487,16,0.0
487,310,0.0
610,20,0.0
610,399,0.0
610,476,0.0
610,264,0.0
610,200,0.0
610,189,0.0
610,362,0.0
610,17,0.0
610,16,0.0
610,310,0.0
492,310,4.6704811973379075
492,16,4.1317574131450385
492,255,2.2648264699729417
492,362,1.6530616686626702
492,824,1.3559436787269223
492,189,0.9208438209809188
492,17,0.5984317895410132
492,476,0.5984317895410132
492,134,0.5308298585940497
492,78,0.4845361415639019
569,399,19.520170792496966
569,20,18.740842654309887
569,310,11.278349122919645
569,287,10.104095745009504
569,94,9.796372527021575
569,79,9.522016266093404
569,255,8.886878851517869
569,16,6.864514411114114
569,22,6.756303259362458
569,362,6.438953020508312
518,20,0.0
518,399,0.0
518,476,0.0
518,264,0.0
518,200,0.0
518,189,0.0
518,362,0.0
518,17,0.0
518,16,0.0
518,310,0.0
481,20,0.0
481,399,0.0
481,476,0.0
481,264,0.0
481,200,0.0
481,189,0.0
481,362,0.0
481,17,0.0
481,16,0.0
481,310,0.0
624,119,0.0
624,20,0.0
624,399,0.0
624,476,0.0
624,264,0.0
624,200,0.0
624,362,0.0
624,17,0.0
624,16,0.0
624,310,0.0
514,20,0.0
514,399,0.0
514,476,0.0
514,264,0.0
514,200,0.0
514,189,0.0
514,362,0.0
514,17,0.0
514,16,0.0
514,310,0.0
592,20,0.0
592,399,0.0
592,476,0.0
592,264,0.0
592,200,0.0
592,189,0.0
592,362,0.0
592,17,0.0
592,16,0.0
592,310,0.0
454,20,0.0
454,399,0.0
454,476,0.0
454,264,0.0
454,200,0.0
454,189,0.0
454,362,0.0
454,17,0.0
454,16,0.0
454,310,0.0
486,119,0.0
486,20,0.0
486,399,0.0
486,476,0.0
486,264,0.0
486,200,0.0
486,189,0.0
486,362,0.0
486,17,0.0
486,16,0.0
560,119,0.0
560,20,0.0
560,399,0.0
560,476,0.0
560,264,0.0
560,200,0.0
560,189,0.0
560,362,0.0
560,17,0.0
560,16,0.0
489,264,11.566645568669678
489,200,8.480752183590646
489,310,7.480752183590647
489,399,4.041789582748484
489,94,3.7470911010839583
489,352,2.960768922830523
489,16,2.9390096713869864
489,79,2.6107493710002183
489,362,2.4856249087517126
489,287,2.0168865262824696
477,399,0.0
477,476,0.0
477,264,0.0
477,200,0.0
477,362,0.0
477,17,0.0
477,16,0.0
477,310,0.0
477,59,0.0
477,94,0.0
612,119,0.0
612,20,0.0
612,399,0.0
612,476,0.0
612,264,0.0
612,200,0.0
612,189,0.0
612,362,0.0
612,17,0.0
612,16,0.0
451,119,22.64707829177444
451,94,11.2062124142609
451,22,8.8850426266198
451,362,8.155354467606866
451,255,8.077979490665703
451,352,7.187386809850966
451,59,5.486837897729556
451,16,5.144996281983641
451,78,4.2933412273888445
451,284,1.642370854139679
639,89,1.0
639,78,1.0
639,19,0.0
639,415,0.0
639,125,0.0
639,476,0.0
639,190,0.0
639,284,0.0
639,17,0.0
639,77,0.0
654,20,12.40835768991688
654,255,8.62120787623184
654,200,6.840766402001831
654,22,6.746681761524068
654,310,6.189819771303386
654,352,5.75954757076253
654,362,5.510176885182861
654,287,5.4852244432927755
654,189,4.407512720757763
654,16,3.368087708946721
607,119,12.692474616509882
607,20,10.179722620078286
607,399,9.692474616509882
607,255,8.15915504392086
607,310,8.107246761645456
607,189,7.889519547962914
607,16,6.683136113621941
607,287,6.35619390556609
607,352,4.977355554850442
607,79,4.347458278247624
471,119,0.0
471,20,0.0
471,399,0.0
471,476,0.0
471,264,0.0
471,200,0.0
471,189,0.0
471,362,0.0
471,17,0.0
471,16,0.0
657,264,21.719584164268376
657,287,12.541759044680065
657,189,11.766650125695776
657,310,9.258163051045381
657,94,7.938351644464467
657,79,7.797296554599388
657,16,6.128595867901398
657,255,6.0207282727294125
657,362,5.320529845989315
657,352,4.709953139793917
632,119,0.0
632,20,0.0
632,399,0.0
632,476,0.0
632,264,0.0
632,200,0.0
632,189,0.0
632,362,0.0
632,17,0.0
632,16,0.0
578,264,7.976909950212299
578,200,5.312581935067172
578,310,3.7472343025460395
578,16,3.33132274006124
578,399,3.3056848570291457
578,79,2.32072991105131
578,134,2.2659910768135907
578,362,2.018207225700768
578,287,1.7530184663404356
578,22,1.1844081023849855
660,20,19.920545652034264
660,399,18.357391335989824
660,189,15.477215331982698
660,200,14.714286268369468
660,79,10.715833080048073
660,287,9.843330763537502
660,310,8.591605901940765
660,22,7.088264715157471
660,255,6.653017625380806
660,362,6.3861397031657585
519,20,0.0
519,399,0.0
519,476,0.0
519,264,0.0
519,200,0.0
519,189,0.0
519,362,0.0
519,17,0.0
519,16,0.0
519,310,0.0
588,189,7.369640348294631
588,399,6.791459912608325
588,94,6.366849919075904
588,200,6.111681160269985
588,287,4.474451680729089
588,119,3.501693507949774
588,22,2.570329083152215
588,416,2.490953887023167
588,255,2.441814372803849
588,16,2.1688993784840367
605,119,0.0
605,399,0.0
605,476,0.0
605,264,0.0
605,200,0.0
605,189,0.0
605,362,0.0
605,17,0.0
605,16,0.0
605,310,0.0
540,119,0.0
540,399,0.0
540,476,0.0
540,264,0.0
540,200,0.0
540,189,0.0
540,362,0.0
540,17,0.0
540,16,0.0
540,310,0.0
653,119,0.0
653,20,0.0
653,399,0.0
653,476,0.0
653,200,0.0
653,189,0.0
653,362,0.0
653,17,0.0
653,16,0.0
653,310,0.0
535,20,0.0
535,399,0.0
535,476,0.0
535,264,0.0
535,200,0.0
535,189,0.0
535,362,0.0
535,17,0.0
535,16,0.0
535,310,0.0
484,119,0.0
484,399,0.0
484,476,0.0
484,264,0.0
484,200,0.0
484,189,0.0
484,362,0.0
484,17,0.0
484,16,0.0
484,310,0.0
566,264,17.04105785700185
566,20,15.914410325519674
566,287,8.665094040854905
566,200,8.169547903996067
566,310,7.011411921470275
566,362,6.9444197441182425
566,189,6.262136206588592
566,255,5.153707646632536
566,22,5.097140830270182
566,352,3.5631553280928916
591,264,20.806743022821962
591,20,19.862029986305647
591,200,12.626549551340652
591,287,10.595471427315578
591,189,9.98260145972826
591,362,7.992450058002827
591,94,7.615927939265227
591,310,7.108598548950402
591,16,5.812484528272997
591,134,4.0
611,119,0.0
611,20,0.0
611,399,0.0
611,476,0.0
611,264,0.0
611,200,0.0
611,189,0.0
611,362,0.0
611,17,0.0
611,16,0.0
525,20,14.85929158496632
525,264,12.46077901367734
525,189,7.387048689916506
525,310,7.3072882878072125
525,79,6.530122720804669
525,255,5.9207678337558685
525,94,5.498593769004508
525,16,5.2152195824339795
525,287,4.813734212430062
525,352,3.9358014725384973
635,77,0.0
635,19,0.0
635,125,0.0
635,415,0.0
635,416,0.0
635,190,0.0
635,400,0.0
635,284,-1.0
635,476,-1.0
635,17,-1.0
609,119,0.0
609,20,0.0
609,399,0.0
609,476,0.0
609,264,0.0
609,200,0.0
609,189,0.0
609,362,0.0
609,17,0.0
609,16,0.0
483,20,0.0
483,476,0.0
483,264,0.0
483,200,0.0
483,362,0.0
483,17,0.0
483,16,0.0
483,310,0.0
483,59,0.0
483,94,0.0
458,119,0.0
458,20,0.0
458,399,0.0
458,476,0.0
458,264,0.0
458,200,0.0
458,189,0.0
458,362,0.0
458,17,0.0
458,16,0.0
496,119,0.0
496,20,0.0
496,399,0.0
496,476,0.0
496,264,0.0
496,200,0.0
496,189,0.0
496,362,0.0
496,17,0.0
496,16,0.0
642,79,4.978113506976117
642,352,4.411963277427806
642,200,4.245319038186068
642,189,4.126152435627873
642,119,2.4521268006727706
642,94,2.3978442296801568
642,399,2.239769484291312
642,287,2.1683485995342053
642,416,1.7018768394236041
642,59,1.085631771129036
526,20,0.0
526,399,0.0
526,476,0.0
526,264,0.0
526,200,0.0
526,189,0.0
526,362,0.0
526,17,0.0
526,16,0.0
526,310,0.0
459,119,0.0
459,20,0.0
459,399,0.0
459,476,0.0
459,264,0.0
459,200,0.0
459,189,0.0
459,362,0.0
459,17,0.0
459,16,0.0
616,20,0.0
616,399,0.0
616,476,0.0
616,264,0.0
616,200,0.0
616,189,0.0
616,362,0.0
616,17,0.0
616,16,0.0
616,310,0.0
641,119,0.0
641,20,0.0
641,399,0.0
641,476,0.0
641,264,0.0
641,200,0.0
641,189,0.0
641,362,0.0
641,17,0.0
641,16,0.0
478,20,20.005869196910343
478,264,17.005869196910346
478,399,16.06341730156572
478,94,10.031762061716243
478,310,8.737985277365965
478,79,8.435673381678441
478,287,7.3393422044018015
478,255,5.757889963082416
478,22,5.0
478,16,4.295533382021339
493,119,0.0
493,20,0.0
493,399,0.0
493,476,0.0
493,264,0.0
493,200,0.0
493,189,0.0
493,362,0.0
493,17,0.0
493,16,0.0
553,119,0.0
553,20,0.0
553,476,0.0
553,264,0.0
553,200,0.0
553,189,0.0
553,362,0.0
553,17,0.0
553,16,0.0
553,310,0.0
601,119,0.0
601,20,0.0
601,399,0.0
601,476,0.0
601,264,0.0
601,200,0.0
601,189,0.0
601,362,0.0
601,17,0.0
601,16,0.0
583,119,0.0
583,399,0.0
583,476,0.0
583,264,0.0
583,200,0.0
583,189,0.0
583,362,0.0
583,17,0.0
583,16,0.0
583,310,0.0
617,119,11.585304839309362
617,264,9.120131711440592
617,287,8.35057622999016
617,189,7.738640175801395
617,79,6.968428037277185
617,255,6.7187150748593565
617,94,6.3126377454090665
617,310,5.129236254795073
617,352,5.096316910840832
617,59,4.866082222676207
576,119,0.0
576,20,0.0
576,399,0.0
576,476,0.0
576,264,0.0
576,200,0.0
576,189,0.0
576,362,0.0
576,17,0.0
576,16,0.0
464,119,0.0
464,20,0.0
464,476,0.0
464,264,0.0
464,200,0.0
464,189,0.0
464,362,0.0
464,17,0.0
464,16,0.0
464,310,0.0
474,20,0.0
474,399,0.0
474,476,0.0
474,264,0.0
474,200,0.0
474,189,0.0
474,362,0.0
474,17,0.0
474,16,0.0
474,310,0.0
662,119,0.0
662,20,0.0
662,399,0.0
662,476,0.0
662,264,0.0
662,200,0.0
662,189,0.0
662,362,0.0
662,17,0.0
662,16,0.0
627,119,0.0
627,20,0.0
627,399,0.0
627,476,0.0
627,264,0.0
627,200,0.0
627,189,0.0
627,362,0.0
627,17,0.0
627,16,0.0
561,119,0.0
561,20,0.0
561,399,0.0
561,476,0.0
561,264,0.0
561,200,0.0
561,189,0.0
561,362,0.0
561,17,0.0
561,16,0.0
557,119,0.0
557,20,0.0
557,399,0.0
557,476,0.0
557,264,0.0
557,200,0.0
557,189,0.0
557,362,0.0
557,17,0.0
557,16,0.0
634,20,0.0
634,399,0.0
634,476,0.0
634,264,0.0
634,200,0.0
634,189,0.0
634,362,0.0
634,17,0.0
634,16,0.0
634,310,0.0
606,119,0.0
606,20,0.0
606,399,0.0
606,476,0.0
606,264,0.0
606,200,0.0
606,189,0.0
606,362,0.0
606,17,0.0
606,16,0.0
638,119,0.0
638,20,0.0
638,399,0.0
638,476,0.0
638,264,0.0
638,200,0.0
638,189,0.0
638,362,0.0
638,17,0.0
638,16,0.0
565,119,0.0
565,20,0.0
565,399,0.0
565,476,0.0
565,264,0.0
565,200,0.0
565,189,0.0
565,362,0.0
565,17,0.0
565,16,0.0
633,119,0.0
633,20,0.0
633,399,0.0
633,476,0.0
633,264,0.0
633,200,0.0
633,189,0.0
633,362,0.0
633,17,0.0
633,16,0.0
556,264,12.0
556,399,10.0
556,20,8.0
556,119,8.0
556,189,6.999999999999999
556,94,6.0
556,310,4.999999999999999
556,362,4.999999999999999
556,200,4.0
556,255,3.999999999999999
452,119,0.0
452,20,0.0
452,399,0.0
452,476,0.0
452,264,0.0
452,189,0.0
452,362,0.0
452,17,0.0
452,16,0.0
452,310,0.0
650,79,10.668398115928415
650,310,9.686399814640184
650,287,9.497304121779095
650,94,7.1325154771877255
650,255,5.896691896720214
650,22,5.810063217110483
650,352,5.7146592585161615
650,16,5.054258315595415
650,362,4.0011004056664
650,89,3.5680866341747794
550,20,11.004640037721787
550,200,5.771615093471365
550,287,4.060902563682533
550,16,2.9531234610063675
550,79,2.8855407017036088
550,310,2.5548393375888536
550,94,2.5152410195713815
550,134,1.9944243241235435
550,22,1.840368429448
550,362,1.5715089931974282
651,399,23.36356075694877
651,94,17.10410445114786
651,200,12.614214077303
651,189,12.2764427031687
651,22,9.07151751819033
651,310,6.9838081716185005
651,255,6.083123244850551
651,362,5.439409479735443
651,16,4.931642185179091
651,352,3.687986791910924
521,119,0.0
521,20,0.0
521,399,0.0
521,476,0.0
521,264,0.0
521,200,0.0
521,362,0.0
521,17,0.0
521,16,0.0
521,310,0.0
482,119,0.0
482,20,0.0
482,399,0.0
482,476,0.0
482,264,0.0
482,200,0.0
482,189,0.0
482,362,0.0
482,17,0.0
482,16,0.0
479,119,0.0
479,20,0.0
479,476,0.0
479,264,0.0
479,200,0.0
479,189,0.0
479,362,0.0
479,17,0.0
479,16,0.0
479,310,0.0
546,119,0.0
546,20,0.0
546,476,0.0
546,264,0.0
546,200,0.0
546,189,0.0
546,362,0.0
546,17,0.0
546,16,0.0
546,310,0.0
539,119,0.0
539,20,0.0
539,399,0.0
539,476,0.0
539,264,0.0
539,200,0.0
539,362,0.0
539,17,0.0
539,16,0.0
539,310,0.0
548,119,0.0
548,399,0.0
548,476,0.0
548,264,0.0
548,200,0.0
548,362,0.0
548,17,0.0
548,16,0.0
548,310,0.0
548,59,0.0
603,264,10.144178279560292
603,287,7.448259138472191
603,189,6.956700523387344
603,310,6.292216093908807
603,79,5.7006383050358735
603,94,5.649248858927349
603,352,5.381966694767428
603,255,5.217847856883829
603,16,4.2930392915062905
603,22,2.916925659664674
554,119,0.0
554,20,0.0
554,476,0.0
554,264,0.0
554,200,0.0
554,189,0.0
554,362,0.0
554,17,0.0
554,16,0.0
554,310,0.0
513,20,0.0
513,399,0.0
513,476,0.0
513,264,0.0
513,200,0.0
513,189,0.0
513,362,0.0
513,17,0.0
513,16,0.0
513,310,0.0
552,20,0.0
552,399,0.0
552,476,0.0
552,264,0.0
552,200,0.0
552,362,0.0
552,17,0.0
552,16,0.0
552,310,0.0
552,59,0.0
500,264,13.0
500,20,13.0
500,399,11.0
500,287,8.0
500,94,8.0
500,200,7.000000000000001
500,189,6.000000000000001
500,362,6.000000000000001
500,255,6.0
500,22,5.0
648,119,0.0
648,20,0.0
648,399,0.0
648,476,0.0
648,264,0.0
648,200,0.0
648,189,0.0
648,362,0.0
648,17,0.0
648,16,0.0
520,119,0.0
520,20,0.0
520,399,0.0
520,476,0.0
520,264,0.0
520,200,0.0
520,362,0.0
520,17,0.0
520,16,0.0
520,310,0.0
555,119,0.0
555,20,0.0
555,399,0.0
555,476,0.0
555,264,0.0
555,200,0.0
555,189,0.0
555,362,0.0
555,17,0.0
555,16,0.0
460,119,0.0
460,20,0.0
460,476,0.0
460,264,0.0
460,200,0.0
460,189,0.0
460,362,0.0
460,17,0.0
460,16,0.0
460,310,0.0
506,119,0.0
506,20,0.0
506,399,0.0
506,476,0.0
506,264,0.0
506,200,0.0
506,362,0.0
506,17,0.0
506,16,0.0
506,310,0.0
649,119,0.0
649,399,0.0
649,476,0.0
649,264,0.0
649,200,0.0
649,189,0.0
649,362,0.0
649,17,0.0
649,16,0.0
649,310,0.0
602,119,0.0
602,20,0.0
602,399,0.0
602,476,0.0
602,264,0.0
602,200,0.0
602,189,0.0
602,362,0.0
602,17,0.0
602,16,0.0
533,119,0.0
533,20,0.0
533,399,0.0
533,476,0.0
533,264,0.0
533,200,0.0
533,189,0.0
533,362,0.0
533,17,0.0
533,16,0.0
491,119,0.0
491,20,0.0
491,399,0.0
491,476,0.0
491,264,0.0
491,200,0.0
491,189,0.0
491,362,0.0
491,17,0.0
491,16,0.0
621,352,8.203742509722737
621,20,7.520870504493242
621,79,4.2631298405226214
621,310,2.7209528283116455
621,22,2.4873715199914246
621,78,2.175843688577147
621,362,1.1050029830523498
621,416,0.9236763974312243
621,824,0.8998547874713467
621,59,0.600890259715067
498,119,0.0
498,20,0.0
498,399,0.0
498,476,0.0
498,264,0.0
498,200,0.0
498,189,0.0
498,362,0.0
498,17,0.0
498,16,0.0
590,119,9.40416271188049
590,310,7.43525645408778
590,362,5.7099619493342075
590,189,5.661201969523537
590,16,4.202795926621213
590,287,2.5716803427087367
590,255,2.488082921858795
590,824,1.8205185745409802
590,59,1.4912267618367832
590,22,1.4504439677947203
574,20,0.0
574,399,0.0
574,476,0.0
574,200,0.0
574,189,0.0
574,362,0.0
574,17,0.0
574,16,0.0
574,310,0.0
574,59,0.0
575,20,0.0
575,399,0.0
575,476,0.0
575,264,0.0
575,200,0.0
575,189,0.0
575,362,0.0
575,17,0.0
575,16,0.0
575,310,0.0
453,119,0.0
453,20,0.0
453,399,0.0
453,476,0.0
453,264,0.0
453,200,0.0
453,189,0.0
453,362,0.0
453,17,0.0
453,16,0.0
564,119,0.0
564,20,0.0
564,399,0.0
564,476,0.0
564,200,0.0
564,189,0.0
564,362,0.0
564,17,0.0
564,16,0.0
564,310,0.0
562,119,0.0
562,20,0.0
562,399,0.0
562,476,0.0
562,264,0.0
562,200,0.0
562,189,0.0
562,362,0.0
562,17,0.0
562,16,0.0
643,119,0.0
643,399,0.0
643,476,0.0
643,264,0.0
643,200,0.0
643,189,0.0
643,362,0.0
643,17,0.0
643,16,0.0
643,310,0.0
501,399,13.223278252099366
501,119,12.305286200810137
501,264,10.872009863467683
501,189,9.872009863467683
501,362,7.316372727602816
501,200,5.955083634928721
501,287,5.238693433115051
501,310,4.398237244393812
501,59,3.9651043389711305
501,79,3.4322105145921817
571,119,0.0
571,20,0.0
571,399,0.0
571,476,0.0
571,264,0.0
571,200,0.0
571,189,0.0
571,362,0.0
571,17,0.0
571,16,0.0
508,119,0.0
508,20,0.0
508,399,0.0
508,476,0.0
508,264,0.0
508,200,0.0
508,189,0.0
508,362,0.0
508,17,0.0
508,16,0.0
656,119,0.0
656,20,0.0
656,399,0.0
656,476,0.0
656,264,0.0
656,200,0.0
656,189,0.0
656,362,0.0
656,17,0.0
656,16,0.0
499,119,0.0
499,399,0.0
499,476,0.0
499,264,0.0
499,200,0.0
499,189,0.0
499,362,0.0
499,17,0.0
499,16,0.0
499,310,0.0
637,119,0.0
637,20,0.0
637,399,0.0
637,476,0.0
637,264,0.0
637,200,0.0
637,189,0.0
637,362,0.0
637,17,0.0
637,16,0.0
586,264,16.242682071512867
586,119,12.323762054133127
586,287,10.786528486228457
586,399,10.521555915539551
586,189,8.521555915539551
586,94,7.481038573742339
586,200,7.1405411081588
586,255,4.735344283761739
586,362,4.323762054133126
586,16,3.8780478332016664
527,119,0.0
527,20,0.0
527,399,0.0
527,476,0.0
527,264,0.0
527,200,0.0
527,362,0.0
527,17,0.0
527,16,0.0
527,310,0.0
626,119,0.0
626,399,0.0
626,476,0.0
626,264,0.0
626,200,0.0
626,189,0.0
626,362,0.0
626,17,0.0
626,16,0.0
626,310,0.0
551,119,0.0
551,20,0.0
551,399,0.0
551,476,0.0
551,264,0.0
551,189,0.0
551,362,0.0
551,17,0.0
551,16,0.0
551,310,0.0
502,119,0.0
502,20,0.0
502,399,0.0
502,476,0.0
502,264,0.0
502,189,0.0
502,362,0.0
502,17,0.0
502,16,0.0
502,310,0.0
582,119,0.0
582,20,0.0
582,399,0.0
582,476,0.0
582,264,0.0
582,200,0.0
582,189,0.0
582,362,0.0
582,17,0.0
582,16,0.0
511,119,0.0
511,399,0.0
511,476,0.0
511,264,0.0
511,200,0.0
511,189,0.0
511,362,0.0
511,17,0.0
511,16,0.0
511,310,0.0
573,119,0.0
573,20,0.0
573,399,0.0
573,476,0.0
573,200,0.0
573,189,0.0
573,362,0.0
573,17,0.0
573,16,0.0
573,310,0.0
462,119,0.0
462,20,0.0
462,399,0.0
462,476,0.0
462,264,0.0
462,200,0.0
462,189,0.0
462,362,0.0
462,17,0.0
462,16,0.0
604,119,0.0
604,20,0.0
604,399,0.0
604,476,0.0
604,264,0.0
604,200,0.0
604,189,0.0
604,362,0.0
604,17,0.0
604,16,0.0
473,119,0.0
473,20,0.0
473,399,0.0
473,476,0.0
473,264,0.0
473,200,0.0
473,189,0.0
473,362,0.0
473,17,0.0
473,16,0.0
488,190,1.0000000000000002
488,125,1.0000000000000002
488,19,1.0000000000000002
488,77,0.0
488,17,0.0
488,415,0.0
488,134,0.0
488,89,0.0
488,476,0.0
488,400,0.0
558,119,6.919845722945476
558,200,6.672493289823395
558,287,6.496662306192704
558,22,5.72474562097294
558,399,5.689114675823285
558,189,5.175776253010223
558,255,4.343562095384161
558,352,2.8444361540283687
558,362,2.286008072951668
558,284,1.939120372506299
613,119,0.0
613,20,0.0
613,399,0.0
613,476,0.0
613,264,0.0
613,200,0.0
613,189,0.0
613,362,0.0
613,17,0.0
613,16,0.0
547,20,0.0
547,476,0.0
547,264,0.0
547,200,0.0
547,189,0.0
547,362,0.0
547,17,0.0
547,16,0.0
547,310,0.0
547,59,0.0
505,119,0.0
505,20,0.0
505,399,0.0
505,476,0.0
505,264,0.0
505,189,0.0
505,362,0.0
505,17,0.0
505,16,0.0
505,310,0.0
595,119,0.0
595,20,0.0
595,399,0.0
595,476,0.0
595,264,0.0
595,200,0.0
595,189,0.0
595,362,0.0
595,17,0.0
595,16,0.0
658,20,0.0
658,399,0.0
658,476,0.0
658,264,0.0
658,200,0.0
658,189,0.0
658,362,0.0
658,17,0.0
658,16,0.0
658,310,0.0
646,119,0.0
646,20,0.0
646,399,0.0
646,476,0.0
646,264,0.0
646,200,0.0
646,189,0.0
646,362,0.0
646,17,0.0
646,16,0.0
497,119,0.0
497,20,0.0
497,399,0.0
497,476,0.0
497,264,0.0
497,200,0.0
497,362,0.0
497,17,0.0
497,16,0.0
497,310,0.0
596,119,0.0
596,20,0.0
596,399,0.0
596,476,0.0
596,264,0.0
596,200,0.0
596,189,0.0
596,362,0.0
596,17,0.0
596,16,0.0
628,79,7.0
628,399,5.0
628,189,4.0
628,352,3.0
628,255,3.0
628,200,3.0
628,287,3.0
628,94,3.0
628,22,3.0
628,416,2.0
630,119,0.0
630,20,0.0
630,399,0.0
630,476,0.0
630,200,0.0
630,189,0.0
630,362,0.0
630,17,0.0
630,16,0.0
630,310,0.0
455,119,0.0
455,399,0.0
455,476,0.0
455,264,0.0
455,200,0.0
455,189,0.0
455,362,0.0
455,17,0.0
455,16,0.0
455,310,0.0
622,79,7.0
622,399,5.0
622,189,4.0
622,200,3.0
622,255,3.0
622,22,3.0
622,287,3.0
622,94,3.0
622,352,3.0
622,119,2.0
580,119,0.0
580,20,0.0
580,399,0.0
580,476,0.0
580,264,0.0
580,200,0.0
580,189,0.0
580,362,0.0
580,17,0.0
580,16,0.0
530,20,0.0
530,399,0.0
530,476,0.0
530,264,0.0
530,200,0.0
530,189,0.0
530,362,0.0
530,17,0.0
530,16,0.0
530,310,0.0
532,119,0.0
532,399,0.0
532,476,0.0
532,264,0.0
532,200,0.0
532,189,0.0
532,362,0.0
532,17,0.0
532,16,0.0
532,310,0.0
503,119,0.0
503,20,0.0
503,399,0.0
503,476,0.0
503,264,0.0
503,200,0.0
503,189,0.0
503,362,0.0
503,17,0.0
503,16,0.0
652,20,0.0
652,399,0.0
652,476,0.0
652,264,0.0
652,200,0.0
652,189,0.0
652,362,0.0
652,17,0.0
652,16,0.0
652,310,0.0
456,119,0.0
456,20,0.0
456,399,0.0
456,476,0.0
456,264,0.0
456,189,0.0
456,362,0.0
456,17,0.0
456,16,0.0
456,310,0.0
457,119,0.0
457,20,0.0
457,399,0.0
457,476,0.0
457,264,0.0
457,200,0.0
457,189,0.0
457,362,0.0
457,17,0.0
457,16,0.0
468,119,0.0
468,20,0.0
468,399,0.0
468,476,0.0
468,264,0.0
468,200,0.0
468,189,0.0
468,362,0.0
468,17,0.0
468,16,0.0
647,119,0.0
647,20,0.0
647,476,0.0
647,264,0.0
647,200,0.0
647,189,0.0
647,362,0.0
647,17,0.0
647,16,0.0
647,310,0.0
490,119,0.0
490,20,0.0
490,399,0.0
490,476,0.0
490,264,0.0
490,189,0.0
490,362,0.0
490,17,0.0
490,16,0.0
490,310,0.0
559,119,0.0
559,20,0.0
559,399,0.0
559,476,0.0
559,264,0.0
559,200,0.0
559,189,0.0
559,362,0.0
559,17,0.0
559,16,0.0
536,119,0.0
536,20,0.0
536,399,0.0
536,476,0.0
536,264,0.0
536,200,0.0
536,189,0.0
536,362,0.0
536,17,0.0
536,16,0.0
470,119,0.0
470,20,0.0
470,399,0.0
470,476,0.0
470,264,0.0
470,200,0.0
470,189,0.0
470,362,0.0
470,17,0.0
470,16,0.0
615,119,0.0
615,20,0.0
615,399,0.0
615,476,0.0
615,264,0.0
615,200,0.0
615,189,0.0
615,362,0.0
615,17,0.0
615,16,0.0
531,264,14.0
531,119,9.0
531,399,9.0
531,189,8.0
531,94,8.0
531,287,7.0
531,200,7.0
531,16,5.0
531,310,4.0
531,362,3.0
563,119,0.0
563,20,0.0
563,399,0.0
563,476,0.0
563,264,0.0
563,200,0.0
563,189,0.0
563,362,0.0
563,17,0.0
563,16,0.0
480,119,0.0
480,399,0.0
480,476,0.0
480,264,0.0
480,200,0.0
480,189,0.0
480,362,0.0
480,17,0.0
480,16,0.0
480,310,0.0
636,119,0.0
636,20,0.0
636,476,0.0
636,264,0.0
636,200,0.0
636,189,0.0
636,362,0.0
636,17,0.0
636,16,0.0
636,310,0.0
467,119,0.0
467,20,0.0
467,399,0.0
467,476,0.0
467,264,0.0
467,200,0.0
467,189,0.0
467,362,0.0
467,17,0.0
467,16,0.0
567,119,0.0
567,20,0.0
567,399,0.0
567,476,0.0
567,264,0.0
567,200,0.0
567,189,0.0
567,362,0.0
567,17,0.0
567,16,0.0
537,119,0.0
537,20,0.0
537,399,0.0
537,476,0.0
537,264,0.0
537,200,0.0
537,189,0.0
537,362,0.0
537,17,0.0
537,16,0.0
543,119,0.0
543,20,0.0
543,399,0.0
543,476,0.0
543,200,0.0
543,189,0.0
543,362,0.0
543,17,0.0
543,16,0.0
543,310,0.0
666,200,11.805412912126911
666,78,1.4886761198033152
666,134,1.217687777101577
666,284,1.0158707979101693
666,19,0.30036786741956567
666,125,0.30036786741956567
666,476,0.24126708171617614
666,17,0.24126708171617614
666,415,0.0
666,77,0.0
670,119,0.0
670,20,0.0
670,399,0.0
670,476,0.0
670,264,0.0
670,200,0.0
670,189,0.0
670,362,0.0
670,17,0.0
670,16,0.0
674,200,3.0
674,89,2.0
674,287,1.9999999999999998
674,22,1.0000000000000004
674,125,1.0000000000000002
674,19,1.0000000000000002
674,190,1.0000000000000002
674,400,1.0
674,94,0.9999999999999998
674,189,0.9999999999999996
663,59,1.590886461100419
663,255,1.0095204761825245
663,125,0.5361735326554544
663,190,0.5361735326554544
663,19,0.5361735326554544
663,824,0.5039662711155989
663,416,0.3088326681691378
663,16,0.06575371501407878
663,476,0.0
663,17,0.0
673,255,2.832617568855989
673,310,2.515142436382848
673,287,1.5814128016684286
673,89,0.5698724251857485
673,352,0.25840848864013655
673,134,0.18228177751556643
673,125,0.0
673,190,0.0
673,415,0.0
673,19,0.0
669,119,0.0
669,20,0.0
669,399,0.0
669,476,0.0
669,264,0.0
669,200,0.0
669,189,0.0
669,362,0.0
669,17,0.0
669,16,0.0
672,399,12.97559169980792
672,94,6.7532949787723275
672,200,6.114360988260289
672,16,5.856314922788704
672,362,3.9147405933336517
672,287,3.567890845038113
672,22,2.309589525495234
672,59,2.2010767894343553
672,134,2.0905023174371564
672,824,1.3141760381350467
667,20,0.0
667,399,0.0
667,476,0.0
667,264,0.0
667,200,0.0
667,189,0.0
667,362,0.0
667,17,0.0
667,16,0.0
667,310,0.0
675,119,0.0
675,399,0.0
675,476,0.0
675,264,0.0
675,200,0.0
675,189,0.0
675,362,0.0
675,17,0.0
675,16,0.0
675,310,0.0
668,119,0.0
668,20,0.0
668,399,0.0
668,476,0.0
668,264,0.0
668,200,0.0
668,189,0.0
668,362,0.0
668,17,0.0
668,16,0.0
439,119,0.0
439,399,0.0
439,476,0.0
439,264,0.0
439,200,0.0
439,189,0.0
439,362,0.0
439,17,0.0
439,16,0.0
439,310,0.0
426,20,0.0
426,399,0.0
426,476,0.0
426,264,0.0
426,200,0.0
426,189,0.0
426,362,0.0
426,17,0.0
426,16,0.0
426,310,0.0
424,119,0.0
424,20,0.0
424,399,0.0
424,476,0.0
424,264,0.0
424,200,0.0
424,189,0.0
424,362,0.0
424,17,0.0
424,16,0.0
435,20,0.0
435,399,0.0
435,476,0.0
435,264,0.0
435,200,0.0
435,189,0.0
435,362,0.0
435,17,0.0
435,16,0.0
435,310,0.0
433,119,0.0
433,20,0.0
433,399,0.0
433,476,0.0
433,264,0.0
433,200,0.0
433,189,0.0
433,362,0.0
433,17,0.0
433,16,0.0
432,119,0.0
432,20,0.0
432,399,0.0
432,476,0.0
432,264,0.0
432,200,0.0
432,189,0.0
432,362,0.0
432,17,0.0
432,16,0.0
443,119,0.0
443,20,0.0
443,399,0.0
443,476,0.0
443,264,0.0
443,200,0.0
443,189,0.0
443,362,0.0
443,17,0.0
443,16,0.0
440,119,0.0
440,20,0.0
440,399,0.0
440,476,0.0
440,264,0.0
440,189,0.0
440,362,0.0
440,17,0.0
440,16,0.0
440,310,0.0
415,264,11.0
415,200,8.0
415,399,7.0
415,310,7.0
415,94,5.0
415,362,4.0
415,16,4.0
415,189,3.0
415,287,3.0
415,79,3.0
429,119,0.0
429,20,0.0
429,399,0.0
429,476,0.0
429,264,0.0
429,200,0.0
429,189,0.0
429,362,0.0
429,17,0.0
429,16,0.0
420,200,8.648311187774357
420,255,4.112183392116616
420,89,1.3116429264199443
420,352,0.8708100037146183
420,59,0.5527498140088185
420,400,0.4999999999999999
420,824,0.3568461168920561
420,16,0.052249387982507445
420,17,0.031170121355561606
420,476,0.031170121355561606
411,284,0.6420283368486271
411,78,0.6100523021833383
411,416,0.6017598722859301
411,89,0.5892114967642094
411,17,0.07169719462154175
411,476,0.07169719462154175
411,415,0.0
411,77,0.0
411,59,-0.039297691907731136
411,19,-0.12170982244507163
430,119,0.0
430,20,0.0
430,399,0.0
430,476,0.0
430,264,0.0
430,200,0.0
430,362,0.0
430,17,0.0
430,16,0.0
430,310,0.0
422,255,3.165418289998515
422,362,2.5017220323633564
422,310,2.1241794022402054
422,824,1.8723156026365824
422,189,1.8203377706914177
422,119,1.561361576911069
422,16,1.411870868088334
422,287,1.1876498887106965
422,78,1.182246202435097
422,352,0.8854411203044729
436,119,0.0
436,20,0.0
436,399,0.0
436,476,0.0
436,264,0.0
436,200,0.0
436,189,0.0
436,362,0.0
436,17,0.0
436,16,0.0
417,19,0.0
417,77,0.0
417,190,0.0
417,125,0.0
417,134,0.0
417,415,0.0
417,17,0.0
417,476,0.0
417,400,0.0
417,89,-1.1102230246251565E-16
438,20,0.0
438,399,0.0
438,476,0.0
438,264,0.0
438,200,0.0
438,189,0.0
438,362,0.0
438,17,0.0
438,16,0.0
438,310,0.0
442,119,0.0
442,399,0.0
442,476,0.0
442,264,0.0
442,200,0.0
442,189,0.0
442,362,0.0
442,17,0.0
442,16,0.0
442,310,0.0
431,119,0.0
431,399,0.0
431,476,0.0
431,264,0.0
431,200,0.0
431,189,0.0
431,362,0.0
431,17,0.0
431,16,0.0
431,310,0.0
419,119,0.0
419,20,0.0
419,399,0.0
419,476,0.0
419,264,0.0
419,200,0.0
419,362,0.0
419,17,0.0
419,16,0.0
419,310,0.0
441,79,8.17847575798907
441,200,6.15082088512958
441,94,5.3770408271030075
441,119,4.832396720150264
441,255,4.424471479351405
441,189,3.9696683224401594
441,352,3.9539516593779997
441,399,3.901914918537722
441,22,2.8576387839175483
441,287,2.8573873156621676
414,399,4.0
414,119,4.0
414,264,4.0
414,20,3.0
414,255,3.0
414,79,2.0
414,16,2.0
414,287,2.0
414,94,2.0
414,362,2.0
410,119,0.0
410,399,0.0
410,476,0.0
410,264,0.0
410,200,0.0
410,189,0.0
410,362,0.0
410,17,0.0
410,16,0.0
410,310,0.0
423,119,0.0
423,20,0.0
423,399,0.0
423,476,0.0
423,264,0.0
423,200,0.0
423,189,0.0
423,362,0.0
423,17,0.0
423,16,0.0
418,119,0.0
418,20,0.0
418,399,0.0
418,476,0.0
418,264,0.0
418,189,0.0
418,362,0.0
418,17,0.0
418,16,0.0
418,310,0.0
412,119,0.0
412,20,0.0
412,399,0.0
412,476,0.0
412,200,0.0
412,189,0.0
412,362,0.0
412,17,0.0
412,16,0.0
412,310,0.0
428,119,0.0
428,20,0.0
428,399,0.0
428,476,0.0
428,264,0.0
428,200,0.0
428,189,0.0
428,362,0.0
428,17,0.0
428,16,0.0
437,119,0.0
437,20,0.0
437,399,0.0
437,476,0.0
437,264,0.0
437,200,0.0
437,189,0.0
437,362,0.0
437,17,0.0
437,16,0.0
434,20,0.0
434,399,0.0
434,476,0.0
434,264,0.0
434,200,0.0
434,189,0.0
434,362,0.0
434,17,0.0
434,16,0.0
434,310,0.0
413,119,0.0
413,20,0.0
413,399,0.0
413,476,0.0
413,200,0.0
413,189,0.0
413,362,0.0
413,17,0.0
413,16,0.0
413,310,0.0
44,264,38.80335216671467
44,399,20.128429969154922
44,287,14.481056329675159
44,189,12.618574562219079
44,255,9.775828457321964
44,89,4.273205119121319
44,78,3.5580916677863383
44,284,1.883395914505684
44,824,0.9175230001495698
44,416,0.810335043435072
57,264,20.371762006975146
57,189,11.170011817539526
57,310,10.51519519283165
57,287,10.249856412065002
57,255,7.8586109591861
57,16,6.9911001363963745
57,352,6.718728643866825
57,79,5.865036444572815
57,362,4.614121806844397
57,22,4.018023383218965
38,20,21.329581465923933
38,200,14.31404365855294
38,79,13.54694783966755
38,287,10.992233285416154
38,22,7.922409672494588
38,16,5.911235580008333
38,255,4.393502192082363
38,59,3.398456683221019
38,352,2.649657365635533
38,134,2.592910425938911
45,20,22.257669826652833
45,200,15.191410308655655
45,189,8.018174475656636
45,94,7.619645702699019
45,310,6.664670115275031
45,352,5.168643765455309
45,362,3.45543168999611
45,16,2.485246620646233
45,134,2.465363221021848
45,78,2.2912299872283937
28,476,1.0000000000000002
28,17,1.0000000000000002
28,284,0.9999999999999999
28,190,1.1102230246251565E-16
28,89,0.0
28,16,0.0
28,94,0.0
28,134,0.0
28,415,0.0
28,77,0.0
61,287,8.753259190125316
61,22,7.160741605999568
61,78,2.1353312783037657
61,79,1.4011696949070875
61,824,1.3760566246537138
61,134,1.2101063521084134
61,416,0.9949925959899764
61,284,0.43612406391000796
61,476,0.1519820074594179
61,17,0.1519820074594179
36,284,0.0
36,287,0.0
36,78,0.0
36,16,0.0
36,59,0.0
36,399,0.0
36,189,0.0
36,476,0.0
36,17,0.0
36,352,0.0
54,119,0.0
54,399,0.0
54,476,0.0
54,264,0.0
54,200,0.0
54,189,0.0
54,362,0.0
54,17,0.0
54,16,0.0
54,310,0.0
47,20,0.0
47,399,0.0
47,476,0.0
47,264,0.0
47,200,0.0
47,189,0.0
47,362,0.0
47,17,0.0
47,16,0.0
47,310,0.0
29,119,0.0
29,20,0.0
29,399,0.0
29,476,0.0
29,264,0.0
29,200,0.0
29,189,0.0
29,362,0.0
29,17,0.0
29,16,0.0
26,119,0.0
26,20,0.0
26,476,0.0
26,264,0.0
26,200,0.0
26,189,0.0
26,362,0.0
26,17,0.0
26,16,0.0
26,310,0.0
33,119,10.237040202512098
33,79,9.12302949824146
33,362,6.322826969281913
33,200,6.025182771127046
33,94,5.624222236063705
33,255,4.9019932636472126
33,59,4.875011343873314
33,310,4.744691080456394
33,16,4.2321161984998925
33,352,3.2637805811739975
46,399,10.485737117550816
46,20,9.696921447634498
46,119,9.16446767143524
46,22,7.454119987224949
46,362,7.320180150062637
46,79,6.317848079580937
46,310,5.341783397972879
46,287,3.967763662241687
46,189,3.710347684210287
46,59,3.35770796583557
21,94,11.971305513111222
21,200,7.350336549718666
21,362,7.2272798931377
21,287,6.424924060291354
21,22,6.108153710257988
21,16,3.6221598442716956
21,78,2.590846156657026
21,352,2.1545968761810395
21,310,1.906207227311281
21,284,1.2506001221731131
48,119,0.0
48,20,0.0
48,476,0.0
48,264,0.0
48,200,0.0
48,189,0.0
48,362,0.0
48,17,0.0
48,16,0.0
48,310,0.0
7,20,0.0
7,399,0.0
7,476,0.0
7,264,0.0
7,200,0.0
7,189,0.0
7,362,0.0
7,17,0.0
7,16,0.0
7,310,0.0
53,119,0.0
53,20,0.0
53,399,0.0
53,476,0.0
53,264,0.0
53,200,0.0
53,189,0.0
53,362,0.0
53,17,0.0
53,16,0.0
8,119,0.0
8,399,0.0
8,476,0.0
8,264,0.0
8,200,0.0
8,189,0.0
8,362,0.0
8,17,0.0
8,16,0.0
8,310,0.0
25,119,0.0
25,399,0.0
25,476,0.0
25,264,0.0
25,200,0.0
25,189,0.0
25,362,0.0
25,17,0.0
25,16,0.0
25,310,0.0
35,399,17.679269614246508
35,189,7.310613419683689
35,16,6.138575248816361
35,59,2.353527162830518
35,287,1.2773608482202565
35,824,0.978568966273063
35,476,0.903877948401055
35,17,0.903877948401055
35,190,0.6605333865413827
35,416,0.3566835572416485
19,20,0.0
19,399,0.0
19,476,0.0
19,264,0.0
19,200,0.0
19,189,0.0
19,362,0.0
19,17,0.0
19,16,0.0
19,310,0.0
69,119,0.0
69,20,0.0
69,399,0.0
69,476,0.0
69,189,0.0
69,362,0.0
69,17,0.0
69,16,0.0
69,310,0.0
69,59,0.0
20,255,2.9421527693187777
20,78,2.1726731646460116
20,94,2.095419689756417
20,416,1.2751332793988406
20,22,1.2751332793988404
20,352,1.1939622362609739
20,59,1.0357276295509832
20,362,0.8696841449583306
20,824,0.7751332793988405
20,79,0.6019552760242318
23,119,0.0
23,20,0.0
23,399,0.0
23,476,0.0
23,264,0.0
23,200,0.0
23,189,0.0
23,362,0.0
23,17,0.0
23,16,0.0
56,119,0.0
56,20,0.0
56,476,0.0
56,264,0.0
56,200,0.0
56,189,0.0
56,362,0.0
56,17,0.0
56,16,0.0
56,310,0.0
14,119,0.0
14,399,0.0
14,476,0.0
14,264,0.0
14,200,0.0
14,189,0.0
14,362,0.0
14,17,0.0
14,16,0.0
14,310,0.0
37,119,0.0
37,20,0.0
37,399,0.0
37,476,0.0
37,200,0.0
37,189,0.0
37,362,0.0
37,17,0.0
37,16,0.0
37,310,0.0
34,119,0.0
34,20,0.0
34,399,0.0
34,476,0.0
34,264,0.0
34,200,0.0
34,189,0.0
34,362,0.0
34,17,0.0
34,16,0.0
58,119,0.0
58,399,0.0
58,476,0.0
58,264,0.0
58,200,0.0
58,189,0.0
58,362,0.0
58,17,0.0
58,16,0.0
58,310,0.0
4,119,0.0
4,20,0.0
4,399,0.0
4,476,0.0
4,200,0.0
4,189,0.0
4,362,0.0
4,17,0.0
4,16,0.0
4,310,0.0
24,119,0.0
24,20,0.0
24,399,0.0
24,476,0.0
24,200,0.0
24,189,0.0
24,362,0.0
24,17,0.0
24,16,0.0
24,310,0.0
70,119,0.0
70,20,0.0
70,399,0.0
70,476,0.0
70,264,0.0
70,200,0.0
70,189,0.0
70,362,0.0
70,17,0.0
70,16,0.0
40,20,0.0
40,399,0.0
40,476,0.0
40,264,0.0
40,200,0.0
40,189,0.0
40,362,0.0
40,17,0.0
40,16,0.0
40,310,0.0
6,119,0.0
6,20,0.0
6,399,0.0
6,476,0.0
6,200,0.0
6,189,0.0
6,362,0.0
6,17,0.0
6,16,0.0
6,310,0.0
39,119,0.0
39,20,0.0
39,399,0.0
39,476,0.0
39,264,0.0
39,200,0.0
39,189,0.0
39,362,0.0
39,17,0.0
39,16,0.0
41,119,0.0
41,20,0.0
41,399,0.0
41,476,0.0
41,264,0.0
41,200,0.0
41,362,0.0
41,17,0.0
41,16,0.0
41,310,0.0
66,287,8.913524671975386
66,79,8.114220864224798
66,310,7.258829209800634
66,362,5.446048117838348
66,22,5.433936711066559
66,16,4.104806521601214
66,59,2.9036340113694816
66,255,2.4837996571107253
66,352,2.373086847662626
66,89,1.53659774128259
17,264,14.179544273470922
17,119,10.577799368994238
17,20,10.569408091282082
17,399,8.735948366133448
17,189,7.315913142105137
17,94,7.203865218875922
17,287,6.4167846426989055
17,362,5.619602572792325
17,22,4.533873833572419
17,16,3.262372295398805
43,119,0.0
43,20,0.0
43,399,0.0
43,476,0.0
43,264,0.0
43,200,0.0
43,189,0.0
43,362,0.0
43,17,0.0
43,16,0.0
11,20,0.0
11,399,0.0
11,476,0.0
11,264,0.0
11,200,0.0
11,189,0.0
11,362,0.0
11,17,0.0
11,16,0.0
11,310,0.0
10,79,10.961470206768503
10,310,7.534131914831386
10,255,7.344958546506094
10,94,7.190820485928638
10,352,7.113047843017127
10,22,6.700999697916164
10,362,4.575789159028133
10,16,4.227467707595869
10,89,3.9647773926342014
10,78,1.964898152430453
12,119,0.0
12,20,0.0
12,399,0.0
12,476,0.0
12,264,0.0
12,200,0.0
12,189,0.0
12,362,0.0
12,17,0.0
12,16,0.0
16,119,0.0
16,20,0.0
16,399,0.0
16,476,0.0
16,264,0.0
16,189,0.0
16,362,0.0
16,17,0.0
16,16,0.0
16,310,0.0
64,119,0.0
64,20,0.0
64,399,0.0
64,476,0.0
64,264,0.0
64,200,0.0
64,189,0.0
64,362,0.0
64,17,0.0
64,310,0.0
30,119,0.0
30,20,0.0
30,399,0.0
30,476,0.0
30,264,0.0
30,200,0.0
30,189,0.0
30,362,0.0
30,17,0.0
30,16,0.0
32,119,0.0
32,20,0.0
32,399,0.0
32,476,0.0
32,264,0.0
32,200,0.0
32,189,0.0
32,362,0.0
32,17,0.0
32,16,0.0
68,119,0.0
68,20,0.0
68,399,0.0
68,476,0.0
68,264,0.0
68,200,0.0
68,189,0.0
68,362,0.0
68,17,0.0
68,16,0.0
9,119,2.760988669852022
9,20,2.760988669852022
9,264,1.8771371607995966
9,255,1.8771371607995966
9,362,1.838375763537144
9,22,1.838375763537144
9,94,1.838375763537144
9,79,1.838375763537144
9,16,1.8064644153673028
9,399,0.9226129063148777
27,119,0.0
27,399,0.0
27,476,0.0
27,264,0.0
27,200,0.0
27,189,0.0
27,362,0.0
27,17,0.0
27,16,0.0
27,310,0.0
50,20,2.9999999999999996
50,287,2.9999999999999996
50,200,1.9999999999999996
50,352,1.9999999999999996
50,255,0.9999999999999999
50,78,0.9999999999999999
50,119,0.9999999999999999
50,264,0.9999999999999999
50,399,0.9999999999999999
50,22,0.9999999999999998
31,119,0.0
31,399,0.0
31,476,0.0
31,264,0.0
31,200,0.0
31,189,0.0
31,362,0.0
31,17,0.0
31,16,0.0
31,310,0.0
2,119,0.0
2,20,0.0
2,399,0.0
2,476,0.0
2,264,0.0
2,200,0.0
2,362,0.0
2,17,0.0
2,16,0.0
2,310,0.0
42,119,0.0
42,20,0.0
42,399,0.0
42,476,0.0
42,200,0.0
42,189,0.0
42,362,0.0
42,17,0.0
42,16,0.0
42,310,0.0
49,119,0.0
49,20,0.0
49,399,0.0
49,476,0.0
49,264,0.0
49,200,0.0
49,189,0.0
49,362,0.0
49,17,0.0
49,16,0.0
51,119,0.0
51,20,0.0
51,399,0.0
51,476,0.0
51,264,0.0
51,200,0.0
51,189,0.0
51,362,0.0
51,17,0.0
51,16,0.0
15,119,0.0
15,20,0.0
15,399,0.0
15,476,0.0
15,264,0.0
15,200,0.0
15,189,0.0
15,362,0.0
15,17,0.0
15,16,0.0
688,119,0.0
688,20,0.0
688,399,0.0
688,476,0.0
688,264,0.0
688,200,0.0
688,189,0.0
688,362,0.0
688,17,0.0
688,16,0.0
678,20,0.0
678,399,0.0
678,476,0.0
678,264,0.0
678,200,0.0
678,189,0.0
678,362,0.0
678,17,0.0
678,16,0.0
678,310,0.0
739,20,10.0
739,399,9.0
739,264,8.0
739,119,7.0
739,94,6.0
739,287,6.0
739,310,6.0
739,200,5.0
739,362,5.0
739,22,3.0
679,119,0.0
679,20,0.0
679,399,0.0
679,476,0.0
679,264,0.0
679,200,0.0
679,189,0.0
679,362,0.0
679,17,0.0
679,16,0.0
687,119,0.0
687,20,0.0
687,399,0.0
687,476,0.0
687,264,0.0
687,200,0.0
687,189,0.0
687,362,0.0
687,17,0.0
687,310,0.0
729,20,16.74824604617184
729,399,14.516170108195002
729,189,9.213828423002104
729,79,6.355870048018772
729,362,4.603881604019093
729,59,3.9823365318679267
729,287,3.886467306737096
729,310,3.3020296116538246
729,16,3.150083937025382
729,134,1.6798001478959694
685,119,0.0
685,20,0.0
685,399,0.0
685,476,0.0
685,264,0.0
685,189,0.0
685,362,0.0
685,17,0.0
685,16,0.0
685,310,0.0
726,119,0.0
726,20,0.0
726,476,0.0
726,200,0.0
726,189,0.0
726,362,0.0
726,17,0.0
726,16,0.0
726,310,0.0
726,59,0.0
750,20,26.053012878268344
750,200,12.967373405495724
750,79,11.978147759193913
750,310,7.710083050353056
750,22,6.489657803564905
750,416,1.6468757628545256
750,255,1.4884012113632696
750,134,1.3830150420961682
750,89,1.3246069287639715
750,284,1.071718031822396
691,16,5.0
691,362,5.0
691,119,5.0
691,310,4.0
691,264,4.0
691,399,4.0
691,189,4.0
691,20,4.0
691,352,3.0000000000000004
691,287,3.0
712,20,0.0
712,399,0.0
712,476,0.0
712,264,0.0
712,200,0.0
712,189,0.0
712,362,0.0
712,17,0.0
712,16,0.0
712,310,0.0
701,119,0.0
701,20,0.0
701,399,0.0
701,476,0.0
701,264,0.0
701,200,0.0
701,189,0.0
701,362,0.0
701,17,0.0
701,16,0.0
690,119,0.0
690,20,0.0
690,399,0.0
690,476,0.0
690,264,0.0
690,200,0.0
690,189,0.0
690,362,0.0
690,17,0.0
690,16,0.0
677,119,0.0
677,20,0.0
677,399,0.0
677,476,0.0
677,264,0.0
677,200,0.0
677,189,0.0
677,362,0.0
677,17,0.0
677,16,0.0
727,255,5.589623544390005
727,352,4.810492994029232
727,22,2.099037013108554
727,89,1.7487316320167077
727,134,1.1092565222347144
727,362,1.0097461580224862
727,79,0.932487786462892
727,400,0.7502598302520354
727,190,0.5529532345135397
727,78,0.3697586235459036
699,119,0.0
699,20,0.0
699,399,0.0
699,476,0.0
699,200,0.0
699,189,0.0
699,362,0.0
699,17,0.0
699,16,0.0
699,310,0.0
707,399,10.0
707,119,7.0
707,189,6.0
707,79,6.0
707,287,6.0
707,264,5.0
707,94,4.0
707,310,3.0
707,78,3.0
707,352,3.0
737,119,0.0
737,20,0.0
737,399,0.0
737,476,0.0
737,264,0.0
737,200,0.0
737,189,0.0
737,362,0.0
737,17,0.0
737,16,0.0
724,119,0.0
724,399,0.0
724,476,0.0
724,264,0.0
724,200,0.0
724,189,0.0
724,362,0.0
724,17,0.0
724,16,0.0
724,310,0.0
705,399,16.563341227811108
705,119,14.866802570863932
705,22,8.651036489912592
705,189,6.069858786294514
705,255,5.565470142499567
705,362,5.26368376544669
705,352,3.573018958864015
705,310,2.634597275752023
705,78,2.2798443064991067
705,59,1.8757713235575872
680,119,0.0
680,20,0.0
680,399,0.0
680,476,0.0
680,200,0.0
680,189,0.0
680,362,0.0
680,17,0.0
680,16,0.0
680,310,0.0
722,119,0.0
722,399,0.0
722,476,0.0
722,264,0.0
722,200,0.0
722,189,0.0
722,362,0.0
722,17,0.0
722,16,0.0
722,310,0.0
741,20,13.900246311593936
741,79,8.560932578486348
741,200,8.495568801201111
741,287,7.464600823060977
741,362,6.221199048199715
741,310,5.940072409977237
741,255,4.125917244952426
741,59,4.064531913992527
741,16,2.837106952609393
741,352,1.3535324556051438
719,264,13.0
719,20,13.0
719,399,11.0
719,287,8.0
719,94,8.0
719,200,7.000000000000001
719,189,6.000000000000001
719,362,6.000000000000001
719,255,6.0
719,22,5.0
752,20,0.0
752,399,0.0
752,476,0.0
752,264,0.0
752,200,0.0
752,189,0.0
752,362,0.0
752,17,0.0
752,16,0.0
752,310,0.0
714,119,24.334639262977404
714,399,20.409294605337656
714,200,16.13568454065986
714,287,14.010856581254181
714,189,13.077092324268351
714,16,9.138380554119552
714,362,7.529561006257499
714,59,5.129836611453829
714,89,2.3005742414025407
714,416,1.9319558297278365
742,79,9.701133707691872
742,189,8.286194224795423
742,362,5.401538500145393
742,287,5.28588775552862
742,94,4.0332702981316775
742,352,3.8963314394080433
742,22,3.088124598641294
742,59,1.5828063298979724
742,89,1.1322367928839723
742,190,0.6793504706030659
730,119,0.0
730,20,0.0
730,399,0.0
730,476,0.0
730,264,0.0
730,200,0.0
730,189,0.0
730,362,0.0
730,17,0.0
730,16,0.0
713,79,9.306419057937672
713,200,6.621999527181945
713,255,5.084613798385775
713,94,4.668428491235687
713,352,4.571959783223102
713,119,4.41576456995695
713,22,3.6027582634292967
713,189,3.1182142146343494
713,399,2.9031105547942744
713,134,2.297550355322596
720,264,13.0
720,20,12.929352377634276
720,399,11.0
720,287,8.0
720,94,7.929352377634276
720,200,6.929352377634276
720,255,6.0
720,189,6.0
720,362,5.929352377634276
720,22,4.929352377634276
693,119,0.0
693,399,0.0
693,476,0.0
693,264,0.0
693,200,0.0
693,189,0.0
693,362,0.0
693,17,0.0
693,16,0.0
693,310,0.0
695,20,5.0
695,94,5.0
695,399,4.0
695,310,3.0
695,189,3.0
695,255,2.0
695,59,2.0
695,287,2.0
695,119,2.0
695,352,2.0
694,119,0.0
694,399,0.0
694,476,0.0
694,264,0.0
694,200,0.0
694,189,0.0
694,362,0.0
694,17,0.0
694,16,0.0
694,310,0.0
748,119,0.0
748,20,0.0
748,476,0.0
748,264,0.0
748,200,0.0
748,189,0.0
748,362,0.0
748,17,0.0
748,16,0.0
748,310,0.0
721,119,0.0
721,20,0.0
721,399,0.0
721,476,0.0
721,264,0.0
721,200,0.0
721,189,0.0
721,362,0.0
721,17,0.0
721,16,0.0
766,119,0.0
766,20,0.0
766,399,0.0
766,476,0.0
766,264,0.0
766,200,0.0
766,189,0.0
766,362,0.0
766,17,0.0
766,16,0.0
689,119,0.0
689,20,0.0
689,399,0.0
689,476,0.0
689,200,0.0
689,189,0.0
689,362,0.0
689,17,0.0
689,16,0.0
689,310,0.0
684,119,0.0
684,20,0.0
684,399,0.0
684,476,0.0
684,264,0.0
684,200,0.0
684,189,0.0
684,362,0.0
684,17,0.0
684,16,0.0
692,119,0.0
692,20,0.0
692,399,0.0
692,476,0.0
692,264,0.0
692,189,0.0
692,362,0.0
692,17,0.0
692,16,0.0
692,310,0.0
676,119,0.0
676,20,0.0
676,399,0.0
676,476,0.0
676,264,0.0
676,200,0.0
676,189,0.0
676,362,0.0
676,17,0.0
676,16,0.0
754,119,0.0
754,20,0.0
754,399,0.0
754,476,0.0
754,264,0.0
754,200,0.0
754,189,0.0
754,362,0.0
754,17,0.0
754,16,0.0
716,119,0.0
716,20,0.0
716,399,0.0
716,476,0.0
716,264,0.0
716,200,0.0
716,189,0.0
716,362,0.0
716,17,0.0
716,16,0.0
732,119,0.0
732,20,0.0
732,399,0.0
732,476,0.0
732,264,0.0
732,189,0.0
732,362,0.0
732,17,0.0
732,16,0.0
732,310,0.0
743,189,6.30340711775275
743,255,6.057413886177948
743,352,4.060296306370782
743,79,3.49231461298874
743,16,3.41374314719497
743,399,3.3155805605369952
743,287,2.8953800563918843
743,119,2.0515863513186865
743,416,1.9999999999999996
743,89,1.9021523243874663
718,119,9.0
718,20,8.0
718,399,7.0
718,189,5.0
718,255,5.0
718,287,4.0
718,310,3.0
718,94,3.0
718,22,3.0
718,352,3.0
725,20,0.0
725,399,0.0
725,476,0.0
725,264,0.0
725,200,0.0
725,189,0.0
725,362,0.0
725,17,0.0
725,16,0.0
725,310,0.0
749,119,0.0
749,20,0.0
749,399,0.0
749,476,0.0
749,264,0.0
749,200,0.0
749,189,0.0
749,362,0.0
749,17,0.0
749,16,0.0
683,119,0.0
683,20,0.0
683,399,0.0
683,476,0.0
683,264,0.0
683,200,0.0
683,189,0.0
683,362,0.0
683,17,0.0
683,16,0.0
755,119,0.0
755,20,0.0
755,399,0.0
755,476,0.0
755,264,0.0
755,200,0.0
755,189,0.0
755,362,0.0
755,17,0.0
755,16,0.0
682,119,0.0
682,20,0.0
682,399,0.0
682,476,0.0
682,200,0.0
682,189,0.0
682,362,0.0
682,17,0.0
682,16,0.0
682,310,0.0
740,119,0.0
740,20,0.0
740,399,0.0
740,476,0.0
740,264,0.0
740,200,0.0
740,362,0.0
740,17,0.0
740,16,0.0
740,310,0.0
733,119,0.0
733,20,0.0
733,399,0.0
733,476,0.0
733,264,0.0
733,200,0.0
733,189,0.0
733,362,0.0
733,17,0.0
733,16,0.0
709,119,0.0
709,20,0.0
709,399,0.0
709,476,0.0
709,264,0.0
709,200,0.0
709,189,0.0
709,362,0.0
709,17,0.0
709,16,0.0
702,119,0.0
702,20,0.0
702,399,0.0
702,476,0.0
702,264,0.0
702,200,0.0
702,362,0.0
702,17,0.0
702,16,0.0
702,310,0.0
708,264,14.0
708,119,9.0
708,399,9.0
708,189,8.0
708,94,8.0
708,287,7.0
708,200,7.0
708,16,5.0
708,310,4.0
708,362,3.0
711,119,0.0
711,399,0.0
711,476,0.0
711,264,0.0
711,200,0.0
711,189,0.0
711,362,0.0
711,17,0.0
711,16,0.0
711,310,0.0
765,119,0.0
765,20,0.0
765,399,0.0
765,476,0.0
765,264,0.0
765,200,0.0
765,189,0.0
765,362,0.0
765,17,0.0
765,16,0.0
723,119,0.0
723,20,0.0
723,399,0.0
723,476,0.0
723,264,0.0
723,200,0.0
723,189,0.0
723,362,0.0
723,17,0.0
723,16,0.0
731,119,0.0
731,20,0.0
731,399,0.0
731,476,0.0
731,264,0.0
731,200,0.0
731,189,0.0
731,17,0.0
731,16,0.0
731,310,0.0
703,77,0.0
703,125,0.0
703,19,0.0
703,415,0.0
703,416,0.0
703,190,0.0
703,400,0.0
703,824,-1.0
703,476,-1.0
703,17,-1.0
763,119,0.0
763,399,0.0
763,476,0.0
763,264,0.0
763,200,0.0
763,189,0.0
763,362,0.0
763,17,0.0
763,16,0.0
763,310,0.0
762,264,8.0
762,399,6.0
762,20,6.0
762,79,5.0
762,189,5.0
762,352,5.0
762,255,4.0
762,94,3.999999999999999
762,78,3.0
762,119,2.999999999999999
761,119,0.0
761,20,0.0
761,399,0.0
761,476,0.0
761,264,0.0
761,200,0.0
761,189,0.0
761,362,0.0
761,17,0.0
761,16,0.0
199,94,12.321619422744728
199,255,10.796640406717499
199,22,10.093955539969688
199,362,6.2272429341211675
199,310,5.973471054014447
199,59,3.5303867604109676
199,134,2.3854783836186857
199,824,1.2736742532400835
199,416,0.9643330983340703
199,89,0.7072317278821667
206,20,0.0
206,399,0.0
206,476,0.0
206,264,0.0
206,200,0.0
206,189,0.0
206,362,0.0
206,17,0.0
206,16,0.0
206,310,0.0
103,125,1.0
103,476,1.0
103,17,1.0
103,190,1.0
103,19,1.0
103,20,0.9999999999999998
103,287,0.0
103,134,0.0
103,416,0.0
103,78,0.0
286,119,0.0
286,20,0.0
286,399,0.0
286,476,0.0
286,264,0.0
286,189,0.0
286,362,0.0
286,17,0.0
286,16,0.0
286,310,0.0
145,119,0.0
145,20,0.0
145,476,0.0
145,264,0.0
145,200,0.0
145,189,0.0
145,362,0.0
145,17,0.0
145,16,0.0
145,310,0.0
345,119,0.0
345,20,0.0
345,399,0.0
345,476,0.0
345,264,0.0
345,200,0.0
345,189,0.0
345,362,0.0
345,17,0.0
345,16,0.0
282,119,0.0
282,20,0.0
282,399,0.0
282,476,0.0
282,264,0.0
282,200,0.0
282,189,0.0
282,362,0.0
282,17,0.0
282,16,0.0
143,119,0.0
143,399,0.0
143,476,0.0
143,264,0.0
143,200,0.0
143,189,0.0
143,362,0.0
143,17,0.0
143,16,0.0
143,310,0.0
160,119,0.0
160,399,0.0
160,476,0.0
160,264,0.0
160,200,0.0
160,189,0.0
160,362,0.0
160,17,0.0
160,16,0.0
160,310,0.0
381,119,0.0
381,399,0.0
381,476,0.0
381,264,0.0
381,200,0.0
381,189,0.0
381,362,0.0
381,17,0.0
381,16,0.0
381,310,0.0
335,79,5.447155849056616
335,189,5.439782425722367
335,362,3.4292692654785215
335,59,2.6303517494733195
335,284,1.1379448101314171
335,16,0.7758348059029255
335,416,0.7740870318152427
335,352,0.5521264051226406
335,824,0.4628454658750625
335,125,0.2128122756963159
398,119,0.0
398,20,0.0
398,476,0.0
398,264,0.0
398,200,0.0
398,189,0.0
398,362,0.0
398,17,0.0
398,16,0.0
398,310,0.0
375,119,0.0
375,20,0.0
375,399,0.0
375,476,0.0
375,264,0.0
375,200,0.0
375,189,0.0
375,362,0.0
375,17,0.0
375,16,0.0
91,310,3.5638342211763043
91,119,3.231937772942528
91,16,2.839393949437931
91,352,1.4817346814993257
91,94,1.282646837204596
91,476,1.0000000000000002
91,17,1.0000000000000002
91,287,0.6624484762131138
91,22,0.5261593277529454
91,399,0.45821148966110314
172,119,0.0
172,20,0.0
172,399,0.0
172,476,0.0
172,264,0.0
172,200,0.0
172,189,0.0
172,362,0.0
172,17,0.0
172,310,0.0
144,119,0.0
144,20,0.0
144,399,0.0
144,476,0.0
144,200,0.0
144,189,0.0
144,362,0.0
144,17,0.0
144,16,0.0
144,310,0.0
405,119,0.0
405,20,0.0
405,399,0.0
405,476,0.0
405,200,0.0
405,189,0.0
405,362,0.0
405,17,0.0
405,16,0.0
405,310,0.0
133,119,0.0
133,20,0.0
133,399,0.0
133,476,0.0
133,200,0.0
133,189,0.0
133,362,0.0
133,17,0.0
133,16,0.0
133,310,0.0
329,264,14.912489026177429
329,200,9.073414725872672
329,310,8.551949800933869
329,189,5.687920682462279
329,362,5.221538407116469
329,94,4.235454687505187
329,287,3.3972719884508775
329,255,2.746931918561656
329,16,2.4798618864087842
329,134,2.0
185,79,7.0
185,399,5.0
185,189,4.0
185,200,3.0
185,255,3.0
185,22,3.0
185,287,3.0
185,94,3.0
185,352,3.0
185,119,2.0
283,119,0.0
283,20,0.0
283,399,0.0
283,476,0.0
283,264,0.0
283,200,0.0
283,189,0.0
283,362,0.0
283,17,0.0
283,16,0.0
355,20,11.5676016807246
355,310,6.763414512603449
355,399,6.451898794074989
355,79,5.767205110924529
355,16,4.436466046559799
355,78,2.872520713738254
355,287,2.4617476139103083
355,134,2.0765309820111564
355,22,1.3548483721652254
355,400,1.0
157,119,0.0
157,20,0.0
157,399,0.0
157,476,0.0
157,264,0.0
157,200,0.0
157,189,0.0
157,362,0.0
157,17,0.0
157,16,0.0
347,284,1.0000000000000002
347,89,1.0
347,415,0.0
347,77,0.0
347,22,0.0
347,400,0.0
347,134,-1.1102230246251565E-16
347,79,-2.220446049250313E-16
347,416,-0.9999999999999998
347,476,-0.9999999999999999
115,119,0.0
115,20,0.0
115,399,0.0
115,476,0.0
115,264,0.0
115,200,0.0
115,189,0.0
115,362,0.0
115,17,0.0
115,16,0.0
385,119,0.0
385,20,0.0
385,476,0.0
385,264,0.0
385,200,0.0
385,189,0.0
385,362,0.0
385,17,0.0
385,16,0.0
385,310,0.0
291,20,0.0
291,399,0.0
291,476,0.0
291,264,0.0
291,200,0.0
291,189,0.0
291,362,0.0
291,17,0.0
291,16,0.0
291,310,0.0
89,264,13.0
89,20,13.0
89,399,11.0
89,287,8.0
89,94,8.0
89,200,7.000000000000001
89,189,6.000000000000001
89,362,6.000000000000001
89,255,6.0
89,22,5.0
288,119,0.0
288,399,0.0
288,476,0.0
288,264,0.0
288,200,0.0
288,189,0.0
288,362,0.0
288,17,0.0
288,16,0.0
288,310,0.0
148,119,0.0
148,20,0.0
148,476,0.0
148,264,0.0
148,200,0.0
148,189,0.0
148,362,0.0
148,17,0.0
148,16,0.0
148,310,0.0
182,264,11.628644243927967
182,119,8.697243942117694
182,20,7.697243942117694
182,287,6.628644243927968
182,255,5.134030119161314
182,94,4.202629817351041
182,310,3.202629817351041
182,362,3.202629817351041
182,189,2.6972439421176952
182,200,2.4946141247666542
237,94,1.9999999999999998
237,17,1.0000000000000002
237,476,1.0000000000000002
237,189,1.0
237,59,1.0
237,362,1.0
237,119,0.9999999999999998
237,284,0.0
237,416,0.0
237,190,0.0
153,399,0.0
153,476,0.0
153,264,0.0
153,200,0.0
153,189,0.0
153,362,0.0
153,17,0.0
153,16,0.0
153,310,0.0
153,59,0.0
359,59,4.0
359,362,3.0
359,16,2.0
359,264,2.0
359,310,2.0
359,352,1.9999999999999998
359,255,1.9999999999999996
359,824,1.9999999999999996
359,476,1.0
359,17,1.0
255,119,0.0
255,20,0.0
255,399,0.0
255,476,0.0
255,200,0.0
255,189,0.0
255,362,0.0
255,17,0.0
255,16,0.0
255,310,0.0
147,119,0.0
147,20,0.0
147,476,0.0
147,264,0.0
147,200,0.0
147,189,0.0
147,362,0.0
147,17,0.0
147,16,0.0
147,310,0.0
198,264,8.708353832458586
198,310,7.9569142925912875
198,200,7.529666610628015
198,189,6.1541400218267714
198,79,2.8579743454137514
198,89,2.047764408422779
198,255,1.3775517391802583
198,362,1.3624821694265727
198,134,1.327715146246025
198,400,0.9358567275868335
131,119,0.0
131,20,0.0
131,399,0.0
131,476,0.0
131,264,0.0
131,200,0.0
131,189,0.0
131,362,0.0
131,17,0.0
131,16,0.0
280,119,0.0
280,20,0.0
280,476,0.0
280,264,0.0
280,200,0.0
280,189,0.0
280,362,0.0
280,17,0.0
280,16,0.0
280,310,0.0
219,119,0.0
219,399,0.0
219,476,0.0
219,264,0.0
219,200,0.0
219,189,0.0
219,362,0.0
219,17,0.0
219,16,0.0
219,310,0.0
92,79,7.54514624766475
92,20,6.051259108119533
92,22,5.778584026756322
92,94,5.0211557053254765
92,352,3.6620949960470295
92,189,2.490291472961596
92,119,1.6034112358557433
92,59,1.5166107296685352
92,255,1.1862170425743948
92,190,0.8873565094161141
391,20,0.0
391,399,0.0
391,476,0.0
391,264,0.0
391,200,0.0
391,189,0.0
391,362,0.0
391,17,0.0
391,16,0.0
391,310,0.0
366,119,10.462273762669316
366,94,10.189363092671604
366,255,8.898171446260099
366,362,7.746887206854737
366,20,7.3566781822041705
366,352,6.38296251144738
366,189,6.358573680928059
366,16,5.98985398902515
366,22,5.899731463291621
366,310,5.746887206854737
119,362,1.0
119,17,1.0
119,476,1.0
119,824,0.0
119,190,0.0
119,416,0.0
119,134,0.0
119,415,0.0
119,59,0.0
119,125,0.0
93,119,0.0
93,20,0.0
93,476,0.0
93,264,0.0
93,200,0.0
93,189,0.0
93,362,0.0
93,17,0.0
93,16,0.0
93,310,0.0
247,119,0.0
247,20,0.0
247,399,0.0
247,476,0.0
247,264,0.0
247,200,0.0
247,189,0.0
247,362,0.0
247,17,0.0
247,16,0.0
221,119,0.0
221,20,0.0
221,399,0.0
221,476,0.0
221,264,0.0
221,200,0.0
221,189,0.0
221,362,0.0
221,17,0.0
221,16,0.0
408,200,7.0
408,264,7.0
408,16,6.0
408,20,5.0
408,189,4.0
408,362,4.0
408,94,4.0
408,59,3.0
408,134,3.0
408,255,3.0
350,119,0.0
350,399,0.0
350,476,0.0
350,264,0.0
350,200,0.0
350,189,0.0
350,362,0.0
350,17,0.0
350,16,0.0
350,310,0.0
406,119,0.0
406,20,0.0
406,399,0.0
406,476,0.0
406,264,0.0
406,200,0.0
406,189,0.0
406,362,0.0
406,17,0.0
406,16,0.0
121,94,16.244072790681944
121,200,15.791944111959005
121,189,12.56475383779262
121,287,11.175429370494253
121,22,10.363424515563967
121,362,10.13811750969849
121,310,8.069960647203231
121,255,6.611068407456013
121,16,6.051597730621929
121,59,5.1134260710903865
212,264,8.887416552681202
212,20,6.924944368454135
212,200,5.962472184227067
212,287,5.924944368454135
212,119,4.962472184227067
212,399,4.962472184227067
212,310,4.924944368454135
212,16,3.9624721842270674
212,94,3.9249443684541347
212,189,2.9624721842270674
80,119,0.0
80,399,0.0
80,476,0.0
80,264,0.0
80,200,0.0
80,189,0.0
80,362,0.0
80,17,0.0
80,16,0.0
80,310,0.0
140,119,0.0
140,20,0.0
140,399,0.0
140,476,0.0
140,200,0.0
140,189,0.0
140,362,0.0
140,17,0.0
140,16,0.0
140,310,0.0
230,119,0.0
230,20,0.0
230,399,0.0
230,476,0.0
230,264,0.0
230,200,0.0
230,189,0.0
230,362,0.0
230,17,0.0
230,16,0.0
110,119,0.0
110,20,0.0
110,399,0.0
110,476,0.0
110,264,0.0
110,200,0.0
110,189,0.0
110,362,0.0
110,17,0.0
110,16,0.0
114,119,2.0000000000000004
114,399,2.0
114,94,2.0
114,362,1.9999999999999998
114,189,1.9999999999999996
114,79,1.9999999999999996
114,200,1.0000000000000004
114,78,0.9999999999999999
114,89,0.9999999999999999
114,59,0.9999999999999998
111,119,0.0
111,20,0.0
111,399,0.0
111,476,0.0
111,264,0.0
111,200,0.0
111,189,0.0
111,362,0.0
111,17,0.0
111,16,0.0
86,119,6.277968184870268
86,399,2.2751058908812603
86,264,1.2486864671139288
86,134,0.9968063899178699
86,125,0.7354531141111768
86,190,0.7354531141111768
86,19,0.7354531141111768
86,362,0.7206577884652288
86,824,0.5918091903485405
86,78,0.507222242439838
203,78,2.3607646214770694
203,352,2.1571078466770106
203,824,1.2480754415067656
203,59,1.2185991825585427
203,416,0.6933752452815367
203,284,0.6933752452815364
203,16,0.07148915295777813
203,415,0.0
203,77,0.0
203,89,-0.24478665398692
152,20,12.550989568543196
152,264,8.002134964939728
152,399,5.5596879443334615
152,362,4.968038807022337
152,200,4.85943787362214
152,287,4.53660008950648
152,189,4.109796762336371
152,310,3.619096787568597
152,16,3.1732509840202487
152,352,2.670007351127167
211,119,0.0
211,20,0.0
211,399,0.0
211,476,0.0
211,264,0.0
211,200,0.0
211,189,0.0
211,362,0.0
211,17,0.0
211,16,0.0
253,119,0.0
253,20,0.0
253,476,0.0
253,264,0.0
253,200,0.0
253,189,0.0
253,362,0.0
253,17,0.0
253,16,0.0
253,310,0.0
141,119,0.0
141,20,0.0
141,476,0.0
141,264,0.0
141,200,0.0
141,189,0.0
141,362,0.0
141,17,0.0
141,16,0.0
141,310,0.0
300,119,0.0
300,20,0.0
300,399,0.0
300,476,0.0
300,264,0.0
300,200,0.0
300,189,0.0
300,362,0.0
300,17,0.0
300,16,0.0
409,20,6.0
409,119,5.0
409,287,4.0
409,94,4.0
409,352,4.0
409,255,3.0
409,264,3.0
409,16,3.0
409,310,3.0
409,399,3.0
407,119,0.0
407,20,0.0
407,399,0.0
407,476,0.0
407,264,0.0
407,200,0.0
407,189,0.0
407,362,0.0
407,17,0.0
407,16,0.0
372,119,0.0
372,20,0.0
372,399,0.0
372,476,0.0
372,264,0.0
372,189,0.0
372,362,0.0
372,17,0.0
372,16,0.0
372,310,0.0
174,20,6.0
174,119,5.0
174,287,4.0
174,94,4.0
174,352,4.0
174,255,3.0
174,264,3.0
174,16,3.0
174,310,3.0
174,399,3.0
336,20,0.0
336,399,0.0
336,476,0.0
336,264,0.0
336,200,0.0
336,189,0.0
336,362,0.0
336,17,0.0
336,16,0.0
336,310,0.0
387,200,13.813714278890236
387,399,13.05076430244068
387,189,12.800969071044415
387,94,10.545528561656306
387,79,9.351365129272727
387,287,9.001863299683995
387,310,8.787729572005716
387,362,6.740501879494929
387,22,5.045758820039542
387,255,4.815569721994903
175,119,0.0
175,20,0.0
175,399,0.0
175,476,0.0
175,264,0.0
175,200,0.0
175,189,0.0
175,362,0.0
175,17,0.0
175,16,0.0
88,119,0.0
88,20,0.0
88,399,0.0
88,476,0.0
88,264,0.0
88,189,0.0
88,362,0.0
88,17,0.0
88,16,0.0
88,310,0.0
107,119,0.0
107,20,0.0
107,399,0.0
107,476,0.0
107,264,0.0
107,200,0.0
107,189,0.0
107,362,0.0
107,17,0.0
107,16,0.0
281,89,1.0
281,416,0.9999999999999999
281,190,0.9999999999999999
281,125,0.9999999999999999
281,19,0.9999999999999999
281,134,0.0
281,17,0.0
281,824,0.0
281,476,0.0
281,415,0.0
97,200,6.529958033449677
97,255,4.96102672582422
97,16,4.27326729524497
97,94,3.5870007197231484
97,352,2.7485454070559685
97,134,1.3143696997025016
97,78,0.5831874071286027
97,824,0.4922917483802839
97,89,0.44077196574559463
97,190,0.28854460295506934
179,119,9.4928012338796
179,399,9.238450942330468
179,189,7.413779404047094
179,310,7.353465422222094
179,287,7.351037381445888
179,79,5.514812544832401
179,16,5.287211625825359
179,20,3.353465422222092
179,78,2.9512393165051116
179,352,2.6724224885735763
404,119,0.0
404,20,0.0
404,399,0.0
404,476,0.0
404,200,0.0
404,189,0.0
404,362,0.0
404,17,0.0
404,16,0.0
404,310,0.0
267,119,0.0
267,20,0.0
267,399,0.0
267,476,0.0
267,200,0.0
267,189,0.0
267,362,0.0
267,17,0.0
267,16,0.0
267,310,0.0
270,119,0.0
270,20,0.0
270,399,0.0
270,476,0.0
270,264,0.0
270,200,0.0
270,189,0.0
270,362,0.0
270,17,0.0
270,16,0.0
229,352,1.9999999999999998
229,77,0.0
229,19,0.0
229,125,0.0
229,190,0.0
229,284,0.0
229,415,0.0
229,17,0.0
229,476,0.0
229,400,0.0
252,119,0.0
252,476,0.0
252,264,0.0
252,200,0.0
252,189,0.0
252,362,0.0
252,17,0.0
252,16,0.0
252,310,0.0
252,59,0.0
163,119,0.0
163,20,0.0
163,399,0.0
163,476,0.0
163,264,0.0
163,189,0.0
163,362,0.0
163,17,0.0
163,16,0.0
163,310,0.0
321,119,0.0
321,20,0.0
321,399,0.0
321,476,0.0
321,264,0.0
321,200,0.0
321,189,0.0
321,362,0.0
321,17,0.0
321,16,0.0
210,119,0.0
210,20,0.0
210,399,0.0
210,476,0.0
210,264,0.0
210,200,0.0
210,189,0.0
210,362,0.0
210,17,0.0
210,16,0.0
176,119,0.0
176,20,0.0
176,399,0.0
176,476,0.0
176,264,0.0
176,200,0.0
176,189,0.0
176,362,0.0
176,17,0.0
176,16,0.0
194,119,0.0
194,20,0.0
194,399,0.0
194,476,0.0
194,264,0.0
194,200,0.0
194,189,0.0
194,362,0.0
194,17,0.0
194,16,0.0
171,119,0.0
171,20,0.0
171,399,0.0
171,476,0.0
171,200,0.0
171,189,0.0
171,362,0.0
171,17,0.0
171,16,0.0
171,310,0.0
166,119,0.0
166,20,0.0
166,476,0.0
166,264,0.0
166,200,0.0
166,189,0.0
166,362,0.0
166,17,0.0
166,16,0.0
166,310,0.0
277,264,8.237980513082546
277,79,7.496991091977103
277,119,4.671931943959678
277,399,4.519635537126661
277,200,3.7183449759558824
277,189,3.6719319439596783
277,16,3.6719319439596783
277,20,3.4129213650651193
277,94,2.6719319439596783
277,310,2.4129213650651193
218,119,0.0
218,20,0.0
218,399,0.0
218,476,0.0
218,264,0.0
218,200,0.0
218,189,0.0
218,362,0.0
218,17,0.0
218,16,0.0
402,352,4.999714834921999
402,287,3.999714834921999
402,119,1.9999999999999998
402,264,1.9999999999999998
402,78,1.0
402,59,1.0
402,134,1.0
402,362,1.0
402,399,0.9999999999999998
402,20,0.9997148349219986
360,264,5.183788314485936
360,200,3.7521078048486407
360,189,3.0106781305269887
360,287,2.2040229718828854
360,310,1.5330412549641446
360,362,1.3494077842063288
360,94,0.6884172271521245
360,134,0.5
360,190,0.4999999999999999
360,125,0.4999999999999999
365,264,12.626919448619205
365,20,10.213542775454513
365,399,6.954240136827243
365,119,6.372318391829928
365,22,5.900604577993391
365,189,5.104172136228149
365,287,3.8962259290839008
365,352,3.8853060121153637
365,94,2.9001991169906134
365,78,2.7004414178942726
362,119,10.0
362,20,10.0
362,264,10.0
362,399,8.0
362,362,8.0
362,189,7.0
362,287,6.0
362,79,6.0
362,200,6.0
362,22,6.0
363,119,0.0
363,20,0.0
363,399,0.0
363,476,0.0
363,264,0.0
363,200,0.0
363,189,0.0
363,362,0.0
363,17,0.0
363,16,0.0
196,20,0.0
196,399,0.0
196,476,0.0
196,264,0.0
196,200,0.0
196,189,0.0
196,362,0.0
196,17,0.0
196,16,0.0
196,310,0.0
388,20,0.0
388,399,0.0
388,476,0.0
388,264,0.0
388,200,0.0
388,189,0.0
388,362,0.0
388,17,0.0
388,16,0.0
388,310,0.0
390,399,7.430333413285512
390,94,7.0724195394664235
390,189,6.617647419943597
390,362,6.035353134566843
390,287,3.634079822830503
390,310,3.585909086023018
390,22,2.883947638846781
390,255,2.542842305634249
390,59,2.3730197515354683
390,134,1.6137279621842648
223,20,0.0
223,399,0.0
223,476,0.0
223,264,0.0
223,200,0.0
223,189,0.0
223,362,0.0
223,17,0.0
223,16,0.0
223,310,0.0
301,119,0.0
301,20,0.0
301,399,0.0
301,476,0.0
301,264,0.0
301,200,0.0
301,189,0.0
301,362,0.0
301,17,0.0
301,16,0.0
73,119,0.0
73,20,0.0
73,399,0.0
73,476,0.0
73,264,0.0
73,200,0.0
73,189,0.0
73,362,0.0
73,17,0.0
73,16,0.0
315,119,8.759466991681592
315,264,7.783245951754163
315,189,7.719184459866533
315,287,3.696721599632637
315,362,3.282852798499696
315,78,3.061620898152048
315,310,2.8159492844110954
315,79,2.4702578811220297
315,89,1.5616208981520483
315,190,0.9624721842270673
306,119,0.0
306,20,0.0
306,399,0.0
306,476,0.0
306,264,0.0
306,200,0.0
306,189,0.0
306,362,0.0
306,17,0.0
306,16,0.0
312,310,3.465709973076601
312,362,2.993944095928862
312,16,2.5921369082129386
312,94,2.4744692659146708
312,20,2.0578468812895405
312,59,2.0000000000000004
312,284,1.592136908212939
312,189,1.5860810041418008
312,352,1.5474039595024331
312,79,1.5413480554312953
309,200,1.9999999999999998
309,125,1.0
309,190,1.0
309,255,1.0
309,19,1.0
309,79,0.9999999999999998
309,264,0.9999999999999996
309,89,0.0
309,134,0.0
309,22,0.0
279,399,16.20127494700667
279,20,13.836684398819077
279,119,11.648071326615497
279,310,10.784296577046291
279,16,8.04241857568763
279,189,7.7770754401665965
279,94,5.343412223591455
279,22,5.234689997152126
279,362,5.178228578083244
279,78,3.4700151854278136
358,119,0.0
358,20,0.0
358,399,0.0
358,476,0.0
358,264,0.0
358,200,0.0
358,189,0.0
358,362,0.0
358,17,0.0
358,16,0.0
233,119,0.0
233,20,0.0
233,399,0.0
233,476,0.0
233,200,0.0
233,189,0.0
233,362,0.0
233,17,0.0
233,16,0.0
233,310,0.0
348,119,0.0
348,20,0.0
348,399,0.0
348,476,0.0
348,200,0.0
348,189,0.0
348,362,0.0
348,17,0.0
348,16,0.0
348,310,0.0
227,119,0.0
227,20,0.0
227,399,0.0
227,476,0.0
227,264,0.0
227,200,0.0
227,189,0.0
227,362,0.0
227,17,0.0
227,16,0.0
273,125,0.0
273,77,0.0
273,19,0.0
273,78,0.0
273,89,0.0
273,190,0.0
273,415,0.0
273,400,0.0
273,134,-0.9999999999999998
273,476,-0.9999999999999999
162,119,0.0
162,20,0.0
162,399,0.0
162,476,0.0
162,264,0.0
162,200,0.0
162,189,0.0
162,362,0.0
162,17,0.0
162,16,0.0
106,399,13.199099634696285
106,189,6.990226548128775
106,94,6.7611068739662645
106,16,5.742049670663566
106,89,1.8491762613212774
106,134,1.7859902171774973
106,59,1.5687420817537303
106,284,1.2889730451437214
106,22,0.7676034922842163
106,255,0.7437024930364275
169,119,0.0
169,20,0.0
169,399,0.0
169,476,0.0
169,264,0.0
169,200,0.0
169,189,0.0
169,362,0.0
169,17,0.0
169,16,0.0
302,119,0.0
302,20,0.0
302,399,0.0
302,476,0.0
302,264,0.0
302,200,0.0
302,189,0.0
302,362,0.0
302,17,0.0
302,16,0.0
310,119,0.0
310,20,0.0
310,399,0.0
310,476,0.0
310,264,0.0
310,200,0.0
310,189,0.0
310,362,0.0
310,17,0.0
310,16,0.0
298,119,0.0
298,20,0.0
298,399,0.0
298,476,0.0
298,264,0.0
298,200,0.0
298,189,0.0
298,362,0.0
298,17,0.0
298,16,0.0
274,119,1.9999999999999996
274,200,1.9999999999999996
274,22,0.9999999999999998
274,94,0.9999999999999998
274,310,0.9999999999999998
274,20,0.9999999999999998
274,255,0.9999999999999998
274,16,0.0
274,189,0.0
274,362,0.0
340,255,5.292429185893315
340,22,4.383558041654694
340,352,2.7475782376459588
340,78,2.710050421873026
340,89,2.0
340,287,1.100411091312207
340,284,0.9937920522156738
340,134,0.753786185430285
340,94,0.6888874381100063
340,20,0.62120775636145
246,89,0.7170493842661001
246,16,0.43021544045268434
246,284,0.3508151170984177
246,824,0.22544728190308633
246,476,0.14735445750133766
246,17,0.14735445750133766
246,416,0.13281830486781782
246,415,0.0
246,77,0.0
246,125,-0.3423526251837955
342,119,0.0
342,399,0.0
342,476,0.0
342,264,0.0
342,200,0.0
342,189,0.0
342,362,0.0
342,17,0.0
342,16,0.0
342,310,0.0
292,119,0.0
292,20,0.0
292,399,0.0
292,476,0.0
292,264,0.0
292,200,0.0
292,189,0.0
292,362,0.0
292,17,0.0
292,16,0.0
135,119,0.0
135,399,0.0
135,476,0.0
135,200,0.0
135,189,0.0
135,362,0.0
135,17,0.0
135,16,0.0
135,310,0.0
135,59,0.0
214,20,0.0
214,476,0.0
214,264,0.0
214,200,0.0
214,189,0.0
214,362,0.0
214,17,0.0
214,16,0.0
214,310,0.0
214,59,0.0
192,200,8.642024034816101
192,20,7.4464169145108805
192,310,3.5490286615860667
192,189,2.573759457252386
192,119,1.4549585062215096
192,94,1.3904700957636116
192,134,1.3110177634953875
192,362,1.1685829052124008
192,22,1.1559264665300872
192,400,1.0
278,399,8.36297710966138
278,189,8.251194251352612
278,119,4.756087389549437
278,79,4.644034163165422
278,94,4.6003732257111505
278,264,4.367270161985676
278,16,2.379209524270519
278,310,1.4855379751100433
278,255,1.3505746033887247
278,22,1.3194093215644562
319,119,0.0
319,20,0.0
319,399,0.0
319,476,0.0
319,200,0.0
319,189,0.0
319,362,0.0
319,17,0.0
319,16,0.0
319,310,0.0
186,79,8.00395120830656
186,255,7.100251994345406
186,189,6.018856367373698
186,94,4.606238023388591
186,352,4.556633382943389
186,20,4.150926230576525
186,119,4.116823786967215
186,200,3.1358379805347063
186,22,2.888449663980385
186,16,2.8112878079452863
234,119,0.0
234,20,0.0
234,399,0.0
234,476,0.0
234,264,0.0
234,200,0.0
234,189,0.0
234,362,0.0
234,17,0.0
234,16,0.0
330,119,0.0
330,20,0.0
330,399,0.0
330,476,0.0
330,264,0.0
330,200,0.0
330,189,0.0
330,362,0.0
330,17,0.0
330,16,0.0
378,119,0.0
378,20,0.0
378,476,0.0
378,264,0.0
378,200,0.0
378,189,0.0
378,362,0.0
378,17,0.0
378,16,0.0
378,310,0.0
394,20,0.0
394,399,0.0
394,476,0.0
394,264,0.0
394,200,0.0
394,189,0.0
394,362,0.0
394,17,0.0
394,16,0.0
394,310,0.0
295,119,0.0
295,20,0.0
295,399,0.0
295,476,0.0
295,264,0.0
295,200,0.0
295,189,0.0
295,362,0.0
295,17,0.0
295,16,0.0
241,119,0.0
241,20,0.0
241,399,0.0
241,476,0.0
241,264,0.0
241,200,0.0
241,189,0.0
241,362,0.0
241,17,0.0
241,16,0.0
132,94,1.0
132,119,1.0
132,200,1.0
132,20,1.0
132,310,1.0
132,22,1.0
132,264,2.220446049250313E-16
132,287,2.220446049250313E-16
132,78,2.220446049250313E-16
132,255,2.220446049250313E-16
222,119,0.0
222,20,0.0
222,399,0.0
222,476,0.0
222,264,0.0
222,200,0.0
222,189,0.0
222,362,0.0
222,17,0.0
222,310,0.0
224,119,0.0
224,20,0.0
224,399,0.0
224,476,0.0
224,264,0.0
224,200,0.0
224,189,0.0
224,362,0.0
224,17,0.0
224,310,0.0
303,119,0.0
303,20,0.0
303,399,0.0
303,476,0.0
303,200,0.0
303,189,0.0
303,362,0.0
303,17,0.0
303,16,0.0
303,310,0.0
217,119,0.0
217,20,0.0
217,399,0.0
217,476,0.0
217,264,0.0
217,200,0.0
217,189,0.0
217,362,0.0
217,17,0.0
217,16,0.0
293,119,0.0
293,20,0.0
293,399,0.0
293,476,0.0
293,264,0.0
293,200,0.0
293,189,0.0
293,362,0.0
293,17,0.0
293,16,0.0
240,22,2.4199328709387236
240,79,2.0631089071302178
240,200,2.024312945990892
240,119,1.1082915660435768
240,400,1.0
240,134,0.9646966209686892
240,89,0.9430273548988429
240,287,0.7976303958527522
240,125,0.07255448303673015
240,19,0.07255448303673015
158,119,0.0
158,20,0.0
158,476,0.0
158,264,0.0
158,200,0.0
158,189,0.0
158,362,0.0
158,17,0.0
158,16,0.0
158,310,0.0
204,119,0.0
204,399,0.0
204,476,0.0
204,200,0.0
204,189,0.0
204,362,0.0
204,17,0.0
204,16,0.0
204,310,0.0
204,59,0.0
294,399,14.67021620335914
294,119,14.181998044099796
294,20,13.569354553515907
294,189,10.682387042211875
294,200,8.49961100188792
294,310,7.5693545535159075
294,362,6.694168882952531
294,287,6.6702162033591375
294,16,4.816361638427436
294,59,4.816361638427436
367,119,3.8898744756537003
367,189,3.4787796806948643
367,399,3.344265000823021
367,287,1.3442650008230197
367,362,1.0243891555255444
367,284,1.0
367,78,0.9999999999999998
367,255,0.9268901569196708
367,20,0.5387528016104546
367,310,0.08579399231706009
77,119,9.343468509768105
77,399,7.282613319454702
77,20,7.14779643252486
77,255,5.292156281504923
77,22,3.8411550689672733
77,189,3.343468509768104
77,94,2.8411550689672733
77,287,2.7944697223057533
77,78,2.245786173244184
77,362,2.036827146210518
337,264,3.399842936418091
337,189,2.726331484083696
337,16,2.7237374459917554
337,399,2.2785720489486216
337,119,2.111744116527822
337,20,1.3440642411067978
337,59,1.0448119767488977
337,79,0.8329569183578078
337,255,0.7209174671752334
337,284,0.6789254692428573
138,119,0.0
138,20,0.0
138,399,0.0
138,476,0.0
138,264,0.0
138,200,0.0
138,189,0.0
138,17,0.0
138,16,0.0
138,310,0.0
226,20,0.0
226,399,0.0
226,476,0.0
226,264,0.0
226,200,0.0
226,189,0.0
226,362,0.0
226,17,0.0
226,16,0.0
226,310,0.0
399,399,10.0
399,119,9.0
399,264,9.0
399,189,7.0
399,310,6.0
399,362,4.0
399,16,4.0
399,200,3.0
399,255,3.0
399,287,1.9999999999999998
243,119,0.0
243,20,0.0
243,399,0.0
243,476,0.0
243,264,0.0
243,189,0.0
243,362,0.0
243,17,0.0
243,16,0.0
243,310,0.0
124,287,2.0
124,416,1.9999999999999996
124,399,1.0
124,264,1.0
124,59,1.0
124,824,0.9999999999999999
124,190,0.9999999999999998
124,125,0.9999999999999998
124,19,0.9999999999999998
124,189,0.9999999999999996
126,310,2.0
126,476,1.0
126,17,1.0
126,362,0.9999999999999998
126,77,0.0
126,134,0.0
126,415,0.0
126,16,0.0
126,400,0.0
126,125,-0.9999999999999998
276,119,0.0
276,20,0.0
276,399,0.0
276,476,0.0
276,264,0.0
276,200,0.0
276,189,0.0
276,362,0.0
276,17,0.0
276,16,0.0
112,119,0.0
112,20,0.0
112,399,0.0
112,476,0.0
112,264,0.0
112,200,0.0
112,189,0.0
112,17,0.0
112,16,0.0
112,310,0.0
311,119,0.0
311,20,0.0
311,399,0.0
311,476,0.0
311,264,0.0
311,200,0.0
311,189,0.0
311,362,0.0
311,17,0.0
311,16,0.0
244,16,1.5511736821958029
244,134,0.5375939854730568
244,89,0.4540945235143852
244,17,0.3852372769061998
244,476,0.3852372769061998
244,190,0.3768115942028988
244,400,0.32732683535398815
244,310,0.25410537716539316
244,824,0.11915528126822217
244,77,0.0
72,119,0.0
72,20,0.0
72,399,0.0
72,476,0.0
72,264,0.0
72,200,0.0
72,189,0.0
72,362,0.0
72,17,0.0
72,16,0.0
202,20,19.9733719459924
202,79,12.331032715524698
202,94,11.405297636605686
202,189,10.482124214074046
202,200,10.280833199534193
202,362,7.909015859981238
202,16,6.864597623500556
202,22,5.420491765432348
202,59,5.066298725123695
202,255,3.131061668794265
122,119,0.0
122,20,0.0
122,476,0.0
122,264,0.0
122,200,0.0
122,189,0.0
122,362,0.0
122,17,0.0
122,16,0.0
122,310,0.0
81,119,0.0
81,20,0.0
81,399,0.0
81,476,0.0
81,264,0.0
81,200,0.0
81,189,0.0
81,362,0.0
81,17,0.0
81,16,0.0
261,119,8.562999719099068
261,399,8.015958528392463
261,20,7.562999719099068
261,255,6.452958809293395
261,287,5.0159585283924635
261,189,4.562999719099068
261,352,4.107612480001372
261,22,3.0
261,94,2.908346048391091
261,310,2.9083460483910906
264,119,0.0
264,20,0.0
264,399,0.0
264,476,0.0
264,264,0.0
264,200,0.0
264,189,0.0
264,362,0.0
264,17,0.0
264,16,0.0
102,20,0.0
102,399,0.0
102,476,0.0
102,264,0.0
102,200,0.0
102,189,0.0
102,362,0.0
102,17,0.0
102,16,0.0
102,310,0.0
232,119,0.0
232,20,0.0
232,399,0.0
232,476,0.0
232,264,0.0
232,200,0.0
232,189,0.0
232,362,0.0
232,17,0.0
232,16,0.0
263,79,7.0
263,399,5.0
263,189,4.0
263,200,3.0
263,255,3.0
263,22,3.0
263,287,3.0
263,94,3.0
263,352,3.0
263,119,1.9999999999999998
268,119,0.0
268,20,0.0
268,399,0.0
268,476,0.0
268,264,0.0
268,200,0.0
268,189,0.0
268,362,0.0
268,17,0.0
268,16,0.0
396,264,11.754568306366384
396,119,8.839673887848168
396,399,6.650422878316888
396,94,6.45567720793457
396,189,5.150422878316888
396,255,5.0
396,16,4.945179955549733
396,310,4.945179955549733
396,287,4.254568306366382
396,22,3.7011089015681877
397,399,11.979590379080975
397,119,11.601787553885202
397,189,9.205475706746546
397,94,9.198900852706263
397,200,8.70533700879952
397,287,8.05753474308071
397,22,6.6720357728852395
397,255,6.121931910201669
397,352,3.8411553470424096
397,362,2.816522637116331
129,119,0.0
129,20,0.0
129,399,0.0
129,476,0.0
129,200,0.0
129,189,0.0
129,362,0.0
129,17,0.0
129,16,0.0
129,310,0.0
333,264,9.786514606383125
333,399,8.207310923727935
333,22,6.9990395434945505
333,94,5.316557808394595
333,189,3.5290136326787156
333,59,3.2302111696215547
333,200,2.3334634202563294
333,78,2.2296765958927347
333,310,1.937483101258942
333,284,1.4579278546027508
369,264,5.999999999999999
369,20,5.0
369,255,4.999999999999999
369,287,3.9999999999999996
369,399,3.9999999999999996
369,22,3.0
369,119,3.0
369,310,3.0
369,16,3.0
369,200,3.0
259,59,2.3659694918448
259,824,1.5
259,362,1.4221244378345335
259,94,1.0812604360969909
259,352,1.0
259,255,0.6970449314530338
259,264,0.6534610664821701
259,16,0.5211962343845103
259,134,0.0
259,415,0.0
161,416,2.0
161,22,1.7989183526899888
161,362,1.6731453598186234
161,79,1.0315781890811946
161,190,1.0
161,125,1.0
161,19,1.0
161,59,0.8687960770106364
161,17,0.7795251884987452
161,476,0.7795251884987452
403,94,5.8422633716154895
403,119,5.787592173090443
403,189,3.1886337206415405
403,22,2.91260957545492
403,16,2.8262389345378582
403,310,2.5035909297017227
403,352,2.363440708163754
403,255,2.319652489121875
403,284,1.724761179088937
403,287,1.2917388659625144
258,20,16.09930618823469
258,264,7.968238897003305
258,94,7.656668579567704
258,399,7.368709786634366
258,287,5.238088628467445
258,362,4.491413376030655
258,16,3.360722417769388
258,310,3.2231047359353
258,352,3.0549390973585475
258,189,2.975508817973444
215,119,0.0
215,399,0.0
215,476,0.0
215,264,0.0
215,200,0.0
215,189,0.0
215,362,0.0
215,17,0.0
215,16,0.0
215,310,0.0
164,20,2.9999999999999996
164,287,2.9999999999999996
164,200,1.9999999999999996
164,352,1.9999999999999996
164,255,0.9999999999999999
164,78,0.9999999999999999
164,119,0.9999999999999999
164,264,0.9999999999999999
164,399,0.9999999999999999
164,22,0.9999999999999998
357,119,0.0
357,20,0.0
357,399,0.0
357,476,0.0
357,200,0.0
357,189,0.0
357,362,0.0
357,17,0.0
357,16,0.0
357,310,0.0
190,476,0.0
190,264,0.0
190,200,0.0
190,189,0.0
190,362,0.0
190,17,0.0
190,16,0.0
190,310,0.0
190,59,0.0
190,94,0.0
307,119,0.0
307,399,0.0
307,476,0.0
307,264,0.0
307,200,0.0
307,189,0.0
307,362,0.0
307,17,0.0
307,16,0.0
307,310,0.0
238,119,0.0
238,20,0.0
238,399,0.0
238,476,0.0
238,264,0.0
238,200,0.0
238,189,0.0
238,362,0.0
238,17,0.0
238,16,0.0
165,20,0.0
165,399,0.0
165,476,0.0
165,264,0.0
165,200,0.0
165,189,0.0
165,362,0.0
165,17,0.0
165,16,0.0
165,310,0.0
225,20,0.0
225,399,0.0
225,476,0.0
225,264,0.0
225,200,0.0
225,189,0.0
225,362,0.0
225,17,0.0
225,16,0.0
225,310,0.0
242,119,0.0
242,399,0.0
242,476,0.0
242,264,0.0
242,200,0.0
242,189,0.0
242,362,0.0
242,17,0.0
242,16,0.0
242,310,0.0
338,89,1.5024366122503632
338,310,1.3229574691637982
338,189,1.2004010184339524
338,400,0.914272999459509
338,190,0.9044913698985912
338,134,0.7088932744019261
338,476,0.4741911079978924
338,17,0.4741911079978924
338,415,0.0
338,77,0.0
326,119,0.0
326,399,0.0
326,476,0.0
326,264,0.0
326,200,0.0
326,189,0.0
326,362,0.0
326,17,0.0
326,16,0.0
326,310,0.0
96,119,0.0
96,399,0.0
96,476,0.0
96,264,0.0
96,200,0.0
96,189,0.0
96,362,0.0
96,17,0.0
96,16,0.0
96,310,0.0
94,119,0.0
94,20,0.0
94,399,0.0
94,476,0.0
94,264,0.0
94,200,0.0
94,189,0.0
94,17,0.0
94,16,0.0
94,310,0.0
123,119,0.0
123,20,0.0
123,399,0.0
123,476,0.0
123,264,0.0
123,200,0.0
123,189,0.0
123,362,0.0
123,17,0.0
123,16,0.0
392,399,13.924764044242014
392,79,12.808088227305001
392,119,10.839658601394197
392,189,7.509144478071381
392,94,6.800788583173349
392,22,5.193491019509082
392,362,3.4682716338474284
392,16,3.2469515572886243
392,89,3.0685176277911244
392,78,3.0159044435219915
343,287,7.8071599687431545
343,20,7.634404128186746
343,79,5.8071599687431545
343,255,5.533113206594616
343,22,5.0
343,310,4.671931943959678
343,94,3.6719319439596787
343,119,3.650897606305597
343,16,3.634404128186746
343,399,3.634404128186746
120,20,0.0
120,399,0.0
120,476,0.0
120,264,0.0
120,200,0.0
120,189,0.0
120,362,0.0
120,17,0.0
120,16,0.0
120,310,0.0
344,119,11.786447599721372
344,399,8.764909643080841
344,200,8.694097195657701
344,94,8.307453623396524
344,287,7.411013320095478
344,189,6.494448118522213
344,255,5.350483536775185
344,310,4.808229176203033
344,352,3.8915658370292086
344,362,2.9136493659066547
213,200,5.410319732336282
213,94,2.6416268679381973
213,352,2.1737590309465427
213,255,1.69917497259357
213,134,1.4424518953446268
213,399,0.4678678369916547
213,16,0.4424518953446268
213,284,0.0
213,415,0.0
213,77,0.0
305,119,0.0
305,399,0.0
305,476,0.0
305,264,0.0
305,200,0.0
305,189,0.0
305,362,0.0
305,17,0.0
305,16,0.0
305,310,0.0
314,119,0.0
314,399,0.0
314,476,0.0
314,264,0.0
314,200,0.0
314,189,0.0
314,362,0.0
314,17,0.0
314,16,0.0
314,310,0.0
75,119,0.0
75,20,0.0
75,399,0.0
75,476,0.0
75,264,0.0
75,200,0.0
75,189,0.0
75,362,0.0
75,17,0.0
75,16,0.0
262,264,14.0
262,119,9.0
262,399,9.0
262,189,8.0
262,94,8.0
262,287,7.0
262,200,7.0
262,16,5.0
262,310,4.0
262,362,3.0
216,20,0.0
216,399,0.0
216,476,0.0
216,264,0.0
216,200,0.0
216,189,0.0
216,362,0.0
216,17,0.0
216,16,0.0
216,310,0.0
220,119,0.0
220,20,0.0
220,399,0.0
220,476,0.0
220,264,0.0
220,200,0.0
220,189,0.0
220,362,0.0
220,17,0.0
220,16,0.0
377,119,0.0
377,20,0.0
377,399,0.0
377,476,0.0
377,264,0.0
377,200,0.0
377,189,0.0
377,362,0.0
377,17,0.0
377,16,0.0
316,287,4.626852226937044
316,79,4.078108188906368
316,189,3.8701834666500985
316,352,2.9886128340892935
316,362,2.9351414417044497
316,255,2.818582360725781
316,59,2.4192012466758577
316,78,1.7366695089361375
316,22,1.7333658032340546
316,200,1.2736864643233248
209,264,7.0
209,189,6.0
209,119,6.0
209,200,3.0
209,20,3.0
209,287,3.0
209,310,2.0
209,362,2.0
209,79,2.0
209,16,1.0
265,119,0.0
265,20,0.0
265,399,0.0
265,476,0.0
265,264,0.0
265,200,0.0
265,189,0.0
265,362,0.0
265,17,0.0
265,16,0.0
167,264,5.239491561145217
167,255,4.9992993304375855
167,287,4.7026644149346986
167,399,4.202664414934698
167,200,3.748809078985863
167,16,2.21128126321293
167,119,2.21128126321293
167,189,2.202664414934698
167,310,2.007916178715817
167,94,2.007916178715817
178,20,0.0
178,399,0.0
178,476,0.0
178,264,0.0
178,200,0.0
178,189,0.0
178,362,0.0
178,17,0.0
178,16,0.0
178,310,0.0
289,119,0.0
289,399,0.0
289,476,0.0
289,264,0.0
289,200,0.0
289,189,0.0
289,362,0.0
289,17,0.0
289,16,0.0
289,310,0.0
287,119,0.0
287,20,0.0
287,399,0.0
287,476,0.0
287,200,0.0
287,189,0.0
287,362,0.0
287,17,0.0
287,16,0.0
287,310,0.0
380,119,0.0
380,399,0.0
380,476,0.0
380,200,0.0
380,189,0.0
380,362,0.0
380,17,0.0
380,16,0.0
380,310,0.0
380,59,0.0
356,119,9.0
356,20,8.0
356,399,7.0
356,189,5.0
356,255,5.0
356,287,4.0
356,310,3.0
356,94,3.0
356,22,3.0
356,352,3.0
354,79,7.0
354,399,5.0
354,189,4.0
354,200,3.0
354,255,3.0
354,22,3.0
354,287,3.0
354,94,3.0
354,352,3.0
354,119,1.9999999999999998
376,119,0.0
376,20,0.0
376,399,0.0
376,476,0.0
376,264,0.0
376,200,0.0
376,189,0.0
376,362,0.0
376,17,0.0
376,16,0.0
346,119,0.0
346,20,0.0
346,399,0.0
346,476,0.0
346,264,0.0
346,200,0.0
346,189,0.0
346,362,0.0
346,17,0.0
346,16,0.0
101,20,0.0
101,399,0.0
101,476,0.0
101,264,0.0
101,200,0.0
101,189,0.0
101,362,0.0
101,17,0.0
101,16,0.0
101,310,0.0
109,119,0.0
109,20,0.0
109,399,0.0
109,476,0.0
109,264,0.0
109,200,0.0
109,189,0.0
109,362,0.0
109,17,0.0
109,16,0.0
191,119,9.0
191,20,8.0
191,399,7.0
191,189,5.0
191,255,5.0
191,287,4.0
191,310,3.0
191,94,3.0
191,22,3.0
191,352,3.0
184,119,0.0
184,20,0.0
184,399,0.0
184,476,0.0
184,264,0.0
184,200,0.0
184,189,0.0
184,362,0.0
184,17,0.0
184,16,0.0
352,119,0.0
352,399,0.0
352,476,0.0
352,264,0.0
352,200,0.0
352,189,0.0
352,362,0.0
352,17,0.0
352,16,0.0
352,310,0.0
231,119,0.0
231,20,0.0
231,399,0.0
231,476,0.0
231,264,0.0
231,189,0.0
231,362,0.0
231,17,0.0
231,16,0.0
231,310,0.0
187,119,0.0
187,20,0.0
187,399,0.0
187,476,0.0
187,264,0.0
187,200,0.0
187,189,0.0
187,362,0.0
187,17,0.0
187,16,0.0
297,119,9.0
297,20,8.0
297,399,7.0
297,189,5.0
297,255,5.0
297,287,4.0
297,310,3.0
297,94,3.0
297,22,3.0
297,352,3.0
228,189,7.676456576592859
228,399,7.058874502380121
228,94,6.554421116190204
228,200,6.237849106567632
228,287,4.754024627932509
228,119,3.81699417979892
228,255,2.6529327712861024
228,22,2.623815592002944
228,416,2.43764590016444
228,16,2.287673927204356
308,119,0.0
308,20,0.0
308,399,0.0
308,476,0.0
308,264,0.0
308,200,0.0
308,189,0.0
308,362,0.0
308,17,0.0
308,16,0.0
139,119,0.0
139,20,0.0
139,399,0.0
139,476,0.0
139,200,0.0
139,189,0.0
139,362,0.0
139,17,0.0
139,16,0.0
139,310,0.0
373,119,0.0
373,20,0.0
373,399,0.0
373,476,0.0
373,264,0.0
373,200,0.0
373,189,0.0
373,362,0.0
373,17,0.0
373,16,0.0
168,119,0.0
168,20,0.0
168,399,0.0
168,476,0.0
168,200,0.0
168,189,0.0
168,362,0.0
168,17,0.0
168,16,0.0
168,310,0.0
400,119,0.0
400,20,0.0
400,399,0.0
400,476,0.0
400,264,0.0
400,200,0.0
400,189,0.0
400,362,0.0
400,17,0.0
400,16,0.0
320,119,0.0
320,20,0.0
320,399,0.0
320,476,0.0
320,264,0.0
320,200,0.0
320,189,0.0
320,362,0.0
320,17,0.0
320,16,0.0
95,119,0.0
95,399,0.0
95,476,0.0
95,264,0.0
95,200,0.0
95,189,0.0
95,362,0.0
95,17,0.0
95,16,0.0
95,310,0.0
353,119,0.0
353,20,0.0
353,399,0.0
353,476,0.0
353,200,0.0
353,189,0.0
353,362,0.0
353,17,0.0
353,16,0.0
353,310,0.0
260,119,0.0
260,20,0.0
260,399,0.0
260,476,0.0
260,264,0.0
260,200,0.0
260,189,0.0
260,362,0.0
260,17,0.0
260,16,0.0
83,20,0.0
83,399,0.0
83,476,0.0
83,264,0.0
83,200,0.0
83,189,0.0
83,362,0.0
83,17,0.0
83,16,0.0
83,310,0.0
250,20,0.0
250,399,0.0
250,476,0.0
250,264,0.0
250,200,0.0
250,189,0.0
250,362,0.0
250,17,0.0
250,16,0.0
250,310,0.0
395,264,14.0
395,119,9.0
395,399,9.0
395,189,8.0
395,94,8.0
395,200,7.0
395,287,7.0
395,16,5.000000000000001
395,310,4.000000000000001
395,22,3.000000000000001
183,119,0.0
183,20,0.0
183,399,0.0
183,476,0.0
183,264,0.0
183,200,0.0
183,189,0.0
183,362,0.0
183,17,0.0
183,16,0.0
275,119,0.0
275,20,0.0
275,399,0.0
275,476,0.0
275,264,0.0
275,200,0.0
275,189,0.0
275,362,0.0
275,17,0.0
275,16,0.0
173,119,9.0
173,20,8.0
173,399,7.0
173,189,5.0
173,255,5.0
173,287,4.0
173,310,3.0
173,94,3.0
173,22,3.0
173,352,3.0
272,119,0.0
272,20,0.0
272,399,0.0
272,476,0.0
272,264,0.0
272,200,0.0
272,189,0.0
272,362,0.0
272,17,0.0
272,16,0.0
304,119,0.0
304,399,0.0
304,476,0.0
304,264,0.0
304,200,0.0
304,189,0.0
304,362,0.0
304,17,0.0
304,16,0.0
304,310,0.0
318,119,0.0
318,399,0.0
318,476,0.0
318,264,0.0
318,200,0.0
318,189,0.0
318,362,0.0
318,17,0.0
318,16,0.0
318,310,0.0
125,119,0.0
125,20,0.0
125,399,0.0
125,476,0.0
125,264,0.0
125,200,0.0
125,189,0.0
125,362,0.0
125,17,0.0
125,16,0.0
374,119,0.0
374,20,0.0
374,399,0.0
374,476,0.0
374,264,0.0
374,200,0.0
374,189,0.0
374,362,0.0
374,17,0.0
374,16,0.0
317,119,0.0
317,20,0.0
317,399,0.0
317,476,0.0
317,264,0.0
317,200,0.0
317,189,0.0
317,362,0.0
317,17,0.0
317,16,0.0
177,119,0.0
177,20,0.0
177,399,0.0
177,476,0.0
177,264,0.0
177,200,0.0
177,189,0.0
177,362,0.0
177,17,0.0
177,16,0.0
149,119,9.0
149,20,8.0
149,399,7.0
149,189,5.0
149,255,5.0
149,287,4.0
149,310,3.0
149,94,3.0
149,22,3.0
149,352,3.0
327,119,0.0
327,20,0.0
327,399,0.0
327,476,0.0
327,264,0.0
327,200,0.0
327,189,0.0
327,362,0.0
327,17,0.0
327,16,0.0
207,119,0.0
207,399,0.0
207,476,0.0
207,264,0.0
207,200,0.0
207,189,0.0
207,362,0.0
207,17,0.0
207,16,0.0
207,310,0.0
361,119,0.0
361,20,0.0
361,399,0.0
361,476,0.0
361,200,0.0
361,189,0.0
361,362,0.0
361,17,0.0
361,16,0.0
361,310,0.0
339,119,0.0
339,20,0.0
339,399,0.0
339,476,0.0
339,264,0.0
339,200,0.0
339,189,0.0
339,362,0.0
339,17,0.0
339,16,0.0
351,119,0.0
351,20,0.0
351,399,0.0
351,476,0.0
351,264,0.0
351,200,0.0
351,189,0.0
351,362,0.0
351,17,0.0
351,16,0.0
266,119,0.0
266,20,0.0
266,399,0.0
266,476,0.0
266,264,0.0
266,200,0.0
266,189,0.0
266,362,0.0
266,17,0.0
266,16,0.0
386,119,0.0
386,399,0.0
386,476,0.0
386,264,0.0
386,200,0.0
386,189,0.0
386,362,0.0
386,17,0.0
386,16,0.0
386,310,0.0
285,352,1.9970061472981109
285,287,1.3988133350140337
285,200,0.9970061472981102
285,134,0.0
285,17,0.0
285,476,0.0
285,16,0.0
285,264,0.0
285,189,0.0
285,362,0.0
127,119,0.0
127,20,0.0
127,399,0.0
127,476,0.0
127,264,0.0
127,200,0.0
127,189,0.0
127,362,0.0
127,17,0.0
127,16,0.0
341,119,0.0
341,399,0.0
341,476,0.0
341,264,0.0
341,200,0.0
341,189,0.0
341,362,0.0
341,17,0.0
341,16,0.0
341,310,0.0
130,264,5.999999999999999
130,20,5.0
130,255,4.999999999999999
130,287,3.9999999999999996
130,399,3.9999999999999996
130,22,3.0
130,119,3.0
130,310,3.0
130,16,3.0
130,200,3.0
364,119,0.0
364,399,0.0
364,476,0.0
364,264,0.0
364,200,0.0
364,189,0.0
364,362,0.0
364,17,0.0
364,16,0.0
364,310,0.0
331,119,0.0
331,20,0.0
331,399,0.0
331,476,0.0
331,200,0.0
331,189,0.0
331,362,0.0
331,17,0.0
331,16,0.0
331,310,0.0
332,119,0.0
332,20,0.0
332,399,0.0
332,476,0.0
332,264,0.0
332,200,0.0
332,189,0.0
332,362,0.0
332,17,0.0
332,16,0.0
389,119,0.0
389,20,0.0
389,399,0.0
389,476,0.0
389,264,0.0
389,189,0.0
389,362,0.0
389,17,0.0
389,16,0.0
389,310,0.0
146,20,0.0
146,399,0.0
146,476,0.0
146,264,0.0
146,200,0.0
146,189,0.0
146,362,0.0
146,17,0.0
146,16,0.0
146,310,0.0
328,119,0.0
328,20,0.0
328,399,0.0
328,476,0.0
328,264,0.0
328,200,0.0
328,189,0.0
328,362,0.0
328,17,0.0
328,16,0.0
322,119,0.0
322,399,0.0
322,476,0.0
322,264,0.0
322,200,0.0
322,189,0.0
322,362,0.0
322,17,0.0
322,16,0.0
322,310,0.0
181,119,0.0
181,399,0.0
181,476,0.0
181,264,0.0
181,200,0.0
181,189,0.0
181,362,0.0
181,17,0.0
181,16,0.0
181,310,0.0
299,264,12.0
299,399,10.0
299,20,8.0
299,119,8.0
299,189,7.0
299,94,6.0
299,310,5.0
299,362,5.0
299,200,4.0
299,255,4.0
313,119,0.0
313,20,0.0
313,399,0.0
313,476,0.0
313,264,0.0
313,200,0.0
313,189,0.0
313,362,0.0
313,17,0.0
313,16,0.0
245,119,0.0
245,20,0.0
245,399,0.0
245,476,0.0
245,200,0.0
245,189,0.0
245,362,0.0
245,17,0.0
245,16,0.0
245,310,0.0
393,119,0.0
393,20,0.0
393,399,0.0
393,476,0.0
393,264,0.0
393,200,0.0
393,189,0.0
393,362,0.0
393,17,0.0
393,16,0.0
324,119,9.0
324,20,8.0
324,399,7.0
324,189,5.0
324,255,5.0
324,287,4.0
324,310,3.0
324,94,3.0
324,22,3.0
324,352,3.0
74,119,0.0
74,20,0.0
74,476,0.0
74,264,0.0
74,200,0.0
74,189,0.0
74,362,0.0
74,17,0.0
74,16,0.0
74,310,0.0
195,119,0.0
195,20,0.0
195,399,0.0
195,476,0.0
195,264,0.0
195,200,0.0
195,189,0.0
195,362,0.0
195,17,0.0
195,16,0.0
239,119,0.0
239,20,0.0
239,399,0.0
239,476,0.0
239,264,0.0
239,200,0.0
239,189,0.0
239,362,0.0
239,17,0.0
239,16,0.0
334,119,0.0
334,20,0.0
334,476,0.0
334,264,0.0
334,200,0.0
334,189,0.0
334,362,0.0
334,17,0.0
334,16,0.0
334,310,0.0
118,119,0.0
118,20,0.0
118,399,0.0
118,476,0.0
118,264,0.0
118,200,0.0
118,189,0.0
118,362,0.0
118,17,0.0
118,16,0.0
150,119,0.0
150,20,0.0
150,399,0.0
150,476,0.0
150,264,0.0
150,200,0.0
150,189,0.0
150,362,0.0
150,17,0.0
150,16,0.0
