448,119,3.8914720849354865
448,416,0.41436426456321485
448,824,0.31642948583117575
448,22,0.275909429406175
448,190,0.2089246132776725
448,415,0.09668384678820764
448,125,0.0
448,19,0.0
448,77,-0.19789305298131707
448,284,-0.8124492870408422
444,20,0.0
444,399,0.0
444,476,0.0
444,264,0.0
444,200,0.0
444,189,0.0
444,362,0.0
444,17,0.0
444,16,0.0
444,310,0.0
450,20,14.56062703666465
450,200,13.083478799180602
450,119,11.694359324312606
450,362,8.330745739357187
450,189,6.211617437818234
450,287,5.828998585537097
450,79,4.706518318876937
450,310,4.65574490267868
450,255,4.0523222280740825
450,22,3.5
445,119,0.0
445,399,0.0
445,476,0.0
445,264,0.0
445,200,0.0
445,189,0.0
445,362,0.0
445,17,0.0
445,16,0.0
445,310,0.0
446,119,0.0
446,20,0.0
446,399,0.0
446,476,0.0
446,264,0.0
446,200,0.0
446,189,0.0
446,362,0.0
446,17,0.0
446,16,0.0
447,400,1.0
447,134,0.8343367940403801
447,189,0.8119351234997108
447,94,0.6823613351531506
447,255,0.6162919230553554
447,16,0.6104138258798097
447,19,0.0
447,125,0.0
447,190,-0.283350435390288
447,824,-0.40588747923409957
449,119,0.0
449,20,0.0
449,399,0.0
449,476,0.0
449,264,0.0
449,200,0.0
449,189,0.0
449,17,0.0
449,16,0.0
449,310,0.0
522,119,9.407926754944356
522,287,9.278114506287091
522,255,7.332559529079349
522,22,5.976390025075138
522,352,4.498916653818125
522,59,3.8323027726781382
522,89,1.9676544014197297
522,134,1.9612961601974535
522,824,0.7807513894732713
522,415,0.7493095702877316
524,94,3.0
524,189,2.0
524,59,2.0
524,78,2.0
524,310,1.9999999999999998
524,264,1.0
524,17,1.0
524,79,1.0
524,476,1.0
524,284,1.0
516,20,14.651242488745488
516,119,12.953601240107567
516,287,9.238682880244403
516,310,9.025135504925155
516,22,7.198788463641089
516,16,6.43632068508032
516,78,5.754952878500502
516,352,5.5697694608751105
516,362,4.8007499377753655
516,59,3.05124727745167
619,200,5.8828289220328625
619,310,5.513118647341396
619,78,3.3642006286814197
619,22,2.5753441327956317
619,352,1.7028391040643165
619,59,1.3018169606557475
619,284,0.5977941722601334
619,416,0.428286254853596
619,134,0.3637819227372683
619,824,0.33316489591782
494,352,1.681191433881941
494,78,0.9888000916073576
494,134,0.5838403882837517
494,416,0.10645714115826177
494,284,0.10290625888768587
494,19,0.0
494,125,0.0
494,400,0.0
494,824,-0.1348007608694454
494,77,-0.1588576931669016
655,399,12.405503123766639
655,200,9.69154903780332
655,22,6.187482570927662
655,287,5.647211076629919
655,255,4.253580194144377
655,79,3.7839709287507652
655,16,3.682411067584726
655,134,2.6938956992771845
655,310,2.1946385781679414
655,415,1.0000000000000002
466,264,11.0
466,20,8.0
466,189,7.0
466,200,5.0
466,94,5.0
466,119,5.0
466,287,5.0
466,362,4.0
466,310,3.0
466,16,3.0
523,264,14.000000000000002
523,399,11.0
523,119,10.0
523,200,9.0
523,189,9.0
523,287,6.000000000000001
523,362,6.0
523,310,6.0
523,255,4.000000000000001
523,79,4.0
620,399,12.559294035507468
620,200,9.977244787902258
620,255,6.589783917646695
620,189,6.114836106374636
620,362,4.804172257368208
620,79,4.537706621354188
620,22,4.296349653431755
620,352,2.351208414375803
620,59,1.9688681432254007
620,416,1.9004067876192818
570,119,0.0
570,20,0.0
570,399,0.0
570,476,0.0
570,264,0.0
570,200,0.0
570,189,0.0
570,362,0.0
570,17,0.0
570,16,0.0
544,287,12.469724976812241
544,362,8.374985232632039
544,22,7.896871602357521
544,310,7.80497223908276
544,352,7.639493496485065
544,16,6.257974025277307
544,78,4.091196681340739
544,134,3.2401126489957615
544,89,3.183723820119971
544,416,1.8958626324940533
618,255,6.4159869976353745
618,79,4.660742600015414
618,119,4.440817439730537
618,362,3.904635394093991
618,22,3.097329435409865
618,89,2.8504946162664373
618,16,1.9248161946072482
618,134,1.53516302095972
618,310,1.3620436201845556
618,352,1.35524577293969
640,59,1.2865110367649946
640,17,0.7591113883325651
640,476,0.7591113883325651
640,310,0.4453395191207039
640,190,0.0705774303978019
640,19,0.0
640,125,0.0
640,400,0.0
640,824,-0.9432559715184539
640,415,-1.0
487,20,0.0
487,399,0.0
487,476,0.0
487,264,0.0
487,200,0.0
487,189,0.0
487,362,0.0
487,17,0.0
487,16,0.0
487,310,0.0
610,20,0.0
610,399,0.0
610,476,0.0
610,264,0.0
610,200,0.0
610,189,0.0
610,362,0.0
610,17,0.0
610,16,0.0
610,310,0.0
492,20,0.0
492,476,0.0
492,200,0.0
492,362,0.0
492,17,0.0
492,16,0.0
492,310,0.0
492,59,0.0
492,287,0.0
492,134,0.0
569,200,11.675928338068855
569,94,9.977796452162647
569,20,7.039871986310764
569,362,6.522061878160356
569,287,6.093610778075968
569,310,4.567646831623186
569,79,4.4613055559306805
569,255,4.310532311073098
569,16,3.003782447246059
569,22,2.1574204156691374
518,20,0.0
518,399,0.0
518,476,0.0
518,264,0.0
518,200,0.0
518,189,0.0
518,362,0.0
518,17,0.0
518,16,0.0
518,310,0.0
481,20,0.0
481,399,0.0
481,476,0.0
481,264,0.0
481,200,0.0
481,189,0.0
481,362,0.0
481,17,0.0
481,16,0.0
481,310,0.0
624,119,0.0
624,20,0.0
624,399,0.0
624,476,0.0
624,264,0.0
624,200,0.0
624,362,0.0
624,17,0.0
624,16,0.0
624,310,0.0
514,20,0.0
514,399,0.0
514,476,0.0
514,264,0.0
514,200,0.0
514,189,0.0
514,362,0.0
514,17,0.0
514,16,0.0
514,310,0.0
592,119,0.0
592,20,0.0
592,399,0.0
592,476,0.0
592,264,0.0
592,200,0.0
592,189,0.0
592,362,0.0
592,17,0.0
592,16,0.0
454,20,0.0
454,399,0.0
454,476,0.0
454,264,0.0
454,200,0.0
454,189,0.0
454,362,0.0
454,17,0.0
454,16,0.0
454,310,0.0
486,20,0.0
486,399,0.0
486,476,0.0
486,264,0.0
486,200,0.0
486,189,0.0
486,362,0.0
486,17,0.0
486,16,0.0
486,310,0.0
560,119,0.0
560,20,0.0
560,399,0.0
560,476,0.0
560,264,0.0
560,200,0.0
560,189,0.0
560,362,0.0
560,17,0.0
560,16,0.0
489,264,6.698188473565297
489,79,5.025515308919285
489,399,4.723596596220565
489,200,4.244229863728753
489,352,4.025515308919285
489,22,3.613680399671826
489,362,2.5930471321636386
489,287,2.35022837070312
489,134,1.91549192610653
489,89,1.3479601028621766
477,20,0.0
477,399,0.0
477,476,0.0
477,264,0.0
477,200,0.0
477,362,0.0
477,17,0.0
477,16,0.0
477,310,0.0
477,59,0.0
612,119,0.0
612,20,0.0
612,399,0.0
612,476,0.0
612,264,0.0
612,200,0.0
612,189,0.0
612,362,0.0
612,17,0.0
612,16,0.0
451,287,13.14739539802687
451,255,11.077417188205853
451,362,7.93644976329173
451,22,7.621605852805375
451,16,7.6030026649352225
451,352,5.276112596273295
451,310,4.684677817782353
451,59,3.8700872371941144
451,78,3.009879618305596
451,134,2.7615766036101888
639,20,0.0
639,399,0.0
639,476,0.0
639,264,0.0
639,200,0.0
639,189,0.0
639,362,0.0
639,17,0.0
639,16,0.0
639,310,0.0
654,20,27.057087800293576
654,22,13.171062000385563
654,255,13.073638343530334
654,287,11.39571269459279
654,189,11.098700872213216
654,362,8.650435289368236
654,310,7.621542061260882
654,352,7.388404719872952
654,16,7.324428255236713
654,78,5.550030304920138
607,255,7.727058545756805
607,79,6.164355498987394
607,352,3.9880997953825625
607,22,3.933992760876481
607,310,2.7988449478190853
607,78,2.7567905611510426
607,89,1.7313071356019156
607,59,1.4680251571313085
607,77,1.0
607,287,0.9489324159261274
471,20,0.0
471,399,0.0
471,476,0.0
471,264,0.0
471,200,0.0
471,189,0.0
471,362,0.0
471,17,0.0
471,16,0.0
471,310,0.0
657,264,9.181098511714891
657,200,8.178938173120484
657,20,7.8327492629334845
657,362,5.830588924339077
657,255,5.359863580944926
657,287,5.029274656605849
657,310,4.414794264019347
657,189,3.444068920625196
657,16,3.029274656605849
657,134,2.0
632,20,0.0
632,399,0.0
632,476,0.0
632,264,0.0
632,200,0.0
632,189,0.0
632,362,0.0
632,17,0.0
632,16,0.0
632,310,0.0
578,77,1.0
578,284,0.8184045834059992
578,16,0.4890924064045139
578,59,0.3386845806849582
578,19,0.0
578,125,0.0
578,17,-0.17063023229633043
578,476,-0.17063023229633043
578,400,-0.5
578,824,-0.8154380677377896
660,399,15.0
660,20,15.0
660,200,14.0
660,119,11.0
660,189,8.0
660,362,8.0
660,79,6.0
660,310,5.0
660,22,5.0
660,287,3.0
519,20,0.0
519,399,0.0
519,476,0.0
519,264,0.0
519,200,0.0
519,189,0.0
519,362,0.0
519,17,0.0
519,16,0.0
519,310,0.0
588,264,12.0
588,200,9.0
588,399,8.0
588,189,6.0
588,119,6.0
588,352,6.0
588,94,5.0
588,255,5.0
588,287,4.0
588,78,4.0
605,20,0.0
605,399,0.0
605,476,0.0
605,264,0.0
605,200,0.0
605,189,0.0
605,362,0.0
605,17,0.0
605,16,0.0
605,310,0.0
540,119,0.0
540,399,0.0
540,476,0.0
540,264,0.0
540,200,0.0
540,189,0.0
540,362,0.0
540,17,0.0
540,16,0.0
540,310,0.0
653,119,0.0
653,20,0.0
653,399,0.0
653,476,0.0
653,264,0.0
653,200,0.0
653,189,0.0
653,362,0.0
653,17,0.0
653,16,0.0
535,119,0.0
535,20,0.0
535,399,0.0
535,476,0.0
535,264,0.0
535,200,0.0
535,189,0.0
535,362,0.0
535,17,0.0
535,16,0.0
484,399,0.0
484,476,0.0
484,264,0.0
484,200,0.0
484,189,0.0
484,362,0.0
484,17,0.0
484,16,0.0
484,310,0.0
484,59,0.0
566,264,26.109718258573945
566,399,19.79407202184492
566,20,18.845931209024663
566,189,14.769640593284201
566,79,13.751069832548913
566,287,11.275999201784384
566,255,10.48626441374041
566,362,9.167936054253875
566,310,8.775999201784384
566,22,6.909973797999946
591,264,11.0
591,20,8.0
591,189,7.0
591,200,5.0
591,94,5.0
591,119,5.0
591,287,5.0
591,362,4.0
591,310,3.0
591,16,3.0
611,310,2.0
611,119,2.0
611,20,2.0
611,264,2.0
611,287,2.0
611,255,0.9999999999999999
611,77,0.9999999999999999
611,200,0.9999999999999999
611,16,0.0
611,189,0.0
525,20,15.16956576326363
525,200,9.246788921599428
525,189,8.787008380728697
525,287,7.611574204057721
525,362,7.129065726061089
525,310,4.225378069669432
525,79,3.927373642545348
525,16,2.4362841111115294
525,78,2.4054448861986355
525,59,2.3563080910285117
635,89,1.4474784540339842
635,19,0.0
635,415,0.0
635,17,0.0
635,476,0.0
635,125,0.0
635,400,0.0
635,284,-0.3273268353539885
635,352,-0.6908661448153905
635,416,-0.8110177634953863
609,119,0.0
609,20,0.0
609,399,0.0
609,476,0.0
609,264,0.0
609,200,0.0
609,189,0.0
609,362,0.0
609,17,0.0
609,16,0.0
483,20,0.0
483,476,0.0
483,264,0.0
483,200,0.0
483,189,0.0
483,362,0.0
483,17,0.0
483,16,0.0
483,310,0.0
483,59,0.0
458,119,0.0
458,20,0.0
458,399,0.0
458,476,0.0
458,264,0.0
458,200,0.0
458,189,0.0
458,362,0.0
458,17,0.0
458,16,0.0
496,119,0.0
496,20,0.0
496,399,0.0
496,476,0.0
496,264,0.0
496,200,0.0
496,189,0.0
496,362,0.0
496,17,0.0
496,16,0.0
642,119,14.194351505756643
642,200,11.03349961974395
642,79,10.058848984430027
642,287,9.838087062909823
642,399,7.04739678133992
642,189,5.436515441995022
642,352,5.254761858625508
642,362,4.81166276878108
642,416,2.970904385419955
642,59,2.6486299411183913
526,20,0.0
526,399,0.0
526,476,0.0
526,264,0.0
526,200,0.0
526,189,0.0
526,362,0.0
526,17,0.0
526,16,0.0
526,310,0.0
459,119,0.0
459,20,0.0
459,399,0.0
459,476,0.0
459,264,0.0
459,200,0.0
459,189,0.0
459,362,0.0
459,17,0.0
459,16,0.0
616,20,0.0
616,399,0.0
616,476,0.0
616,264,0.0
616,200,0.0
616,189,0.0
616,362,0.0
616,17,0.0
616,16,0.0
616,310,0.0
641,119,0.0
641,20,0.0
641,399,0.0
641,476,0.0
641,264,0.0
641,189,0.0
641,362,0.0
641,17,0.0
641,16,0.0
641,310,0.0
478,399,13.0
478,264,11.0
478,20,10.0
478,94,9.0
478,119,9.0
478,79,9.0
478,362,8.0
478,310,7.0
478,287,7.0
478,255,6.0
493,119,0.0
493,20,0.0
493,399,0.0
493,476,0.0
493,264,0.0
493,200,0.0
493,189,0.0
493,362,0.0
493,17,0.0
493,16,0.0
553,119,0.0
553,20,0.0
553,399,0.0
553,476,0.0
553,264,0.0
553,200,0.0
553,189,0.0
553,362,0.0
553,17,0.0
553,16,0.0
601,119,0.0
601,20,0.0
601,399,0.0
601,476,0.0
601,264,0.0
601,200,0.0
601,189,0.0
601,362,0.0
601,17,0.0
601,16,0.0
583,119,0.0
583,399,0.0
583,476,0.0
583,264,0.0
583,200,0.0
583,189,0.0
583,362,0.0
583,17,0.0
583,16,0.0
583,310,0.0
617,79,16.356377018526278
617,264,14.753541810837039
617,189,13.788430384304528
617,94,12.309807921434373
617,362,7.08277084723297
617,352,6.561966724836483
617,255,5.3983633493285135
617,22,4.485262307888679
617,310,3.70218245481375
617,416,2.2437956851779792
576,119,0.0
576,20,0.0
576,476,0.0
576,264,0.0
576,200,0.0
576,189,0.0
576,362,0.0
576,17,0.0
576,16,0.0
576,310,0.0
464,119,0.0
464,20,0.0
464,399,0.0
464,476,0.0
464,264,0.0
464,200,0.0
464,189,0.0
464,362,0.0
464,17,0.0
464,16,0.0
474,264,9.181098511714891
474,200,8.178938173120484
474,20,7.8327492629334845
474,362,5.830588924339077
474,255,5.359863580944926
474,287,5.029274656605849
474,310,4.414794264019347
474,189,3.444068920625196
474,16,3.029274656605849
474,134,2.0
662,119,0.0
662,20,0.0
662,399,0.0
662,476,0.0
662,264,0.0
662,200,0.0
662,189,0.0
662,362,0.0
662,17,0.0
662,16,0.0
627,119,0.0
627,20,0.0
627,399,0.0
627,476,0.0
627,264,0.0
627,200,0.0
627,189,0.0
627,362,0.0
627,17,0.0
627,16,0.0
561,119,0.0
561,20,0.0
561,476,0.0
561,264,0.0
561,200,0.0
561,189,0.0
561,362,0.0
561,17,0.0
561,16,0.0
561,310,0.0
557,119,0.0
557,20,0.0
557,399,0.0
557,476,0.0
557,264,0.0
557,200,0.0
557,189,0.0
557,362,0.0
557,17,0.0
557,16,0.0
634,20,0.0
634,399,0.0
634,476,0.0
634,264,0.0
634,200,0.0
634,189,0.0
634,362,0.0
634,17,0.0
634,16,0.0
634,310,0.0
606,20,0.0
606,399,0.0
606,476,0.0
606,264,0.0
606,200,0.0
606,189,0.0
606,362,0.0
606,17,0.0
606,16,0.0
606,310,0.0
638,20,0.0
638,399,0.0
638,476,0.0
638,264,0.0
638,200,0.0
638,189,0.0
638,362,0.0
638,17,0.0
638,16,0.0
638,310,0.0
565,119,0.0
565,20,0.0
565,399,0.0
565,476,0.0
565,264,0.0
565,200,0.0
565,189,0.0
565,362,0.0
565,17,0.0
565,16,0.0
633,119,0.0
633,399,0.0
633,476,0.0
633,264,0.0
633,200,0.0
633,189,0.0
633,362,0.0
633,17,0.0
633,16,0.0
633,310,0.0
556,119,0.0
556,20,0.0
556,399,0.0
556,476,0.0
556,264,0.0
556,200,0.0
556,189,0.0
556,362,0.0
556,17,0.0
556,16,0.0
452,119,0.0
452,20,0.0
452,399,0.0
452,476,0.0
452,264,0.0
452,200,0.0
452,189,0.0
452,362,0.0
452,17,0.0
452,16,0.0
650,79,9.346857216976431
650,287,8.416977416055131
650,16,5.419567038746079
650,78,4.6392328164890015
650,310,4.466375837437569
650,22,4.00010217730409
650,189,3.8293963172682126
650,89,3.6172034351621525
650,352,3.35632176977193
650,134,2.812538924930653
550,119,0.0
550,20,0.0
550,476,0.0
550,200,0.0
550,362,0.0
550,17,0.0
550,16,0.0
550,310,0.0
550,59,0.0
550,94,0.0
651,200,18.444634668849204
651,189,16.26355614432112
651,287,14.35592219330196
651,310,10.895320475271578
651,255,8.263029210580767
651,22,7.100347556976228
651,362,6.580108031662583
651,16,6.330604751029536
651,352,6.175562242160203
651,78,4.791194162346218
521,119,0.0
521,20,0.0
521,399,0.0
521,476,0.0
521,264,0.0
521,200,0.0
521,189,0.0
521,362,0.0
521,17,0.0
521,16,0.0
482,119,0.0
482,399,0.0
482,476,0.0
482,264,0.0
482,200,0.0
482,189,0.0
482,362,0.0
482,17,0.0
482,16,0.0
482,310,0.0
479,119,0.0
479,20,0.0
479,399,0.0
479,476,0.0
479,264,0.0
479,200,0.0
479,189,0.0
479,362,0.0
479,17,0.0
479,16,0.0
546,119,0.0
546,20,0.0
546,476,0.0
546,264,0.0
546,200,0.0
546,189,0.0
546,362,0.0
546,17,0.0
546,16,0.0
546,310,0.0
539,119,0.0
539,20,0.0
539,399,0.0
539,476,0.0
539,264,0.0
539,200,0.0
539,362,0.0
539,17,0.0
539,16,0.0
539,310,0.0
548,119,0.0
548,399,0.0
548,476,0.0
548,264,0.0
548,200,0.0
548,189,0.0
548,362,0.0
548,17,0.0
548,16,0.0
548,310,0.0
603,399,0.0
603,476,0.0
603,264,0.0
603,200,0.0
603,189,0.0
603,362,0.0
603,17,0.0
603,16,0.0
603,310,0.0
603,59,0.0
554,119,0.0
554,20,0.0
554,476,0.0
554,264,0.0
554,200,0.0
554,189,0.0
554,362,0.0
554,17,0.0
554,16,0.0
554,310,0.0
513,119,0.0
513,20,0.0
513,399,0.0
513,476,0.0
513,264,0.0
513,200,0.0
513,189,0.0
513,362,0.0
513,17,0.0
513,16,0.0
552,20,0.0
552,399,0.0
552,476,0.0
552,264,0.0
552,200,0.0
552,362,0.0
552,17,0.0
552,16,0.0
552,310,0.0
552,59,0.0
500,119,0.0
500,20,0.0
500,399,0.0
500,476,0.0
500,264,0.0
500,200,0.0
500,189,0.0
500,362,0.0
500,17,0.0
500,16,0.0
648,119,0.0
648,20,0.0
648,399,0.0
648,476,0.0
648,264,0.0
648,200,0.0
648,189,0.0
648,362,0.0
648,17,0.0
648,16,0.0
520,119,0.0
520,20,0.0
520,399,0.0
520,476,0.0
520,264,0.0
520,200,0.0
520,362,0.0
520,17,0.0
520,16,0.0
520,310,0.0
555,119,0.0
555,20,0.0
555,399,0.0
555,476,0.0
555,264,0.0
555,200,0.0
555,189,0.0
555,362,0.0
555,17,0.0
555,16,0.0
460,119,0.0
460,20,0.0
460,476,0.0
460,264,0.0
460,200,0.0
460,189,0.0
460,362,0.0
460,17,0.0
460,16,0.0
460,310,0.0
506,119,0.0
506,20,0.0
506,399,0.0
506,476,0.0
506,264,0.0
506,200,0.0
506,362,0.0
506,17,0.0
506,16,0.0
506,310,0.0
649,119,0.0
649,399,0.0
649,476,0.0
649,264,0.0
649,200,0.0
649,189,0.0
649,362,0.0
649,17,0.0
649,16,0.0
649,310,0.0
602,119,0.0
602,20,0.0
602,399,0.0
602,476,0.0
602,200,0.0
602,189,0.0
602,362,0.0
602,17,0.0
602,16,0.0
602,310,0.0
533,119,0.0
533,20,0.0
533,399,0.0
533,476,0.0
533,264,0.0
533,200,0.0
533,189,0.0
533,362,0.0
533,17,0.0
533,16,0.0
491,119,0.0
491,20,0.0
491,399,0.0
491,476,0.0
491,264,0.0
491,200,0.0
491,189,0.0
491,362,0.0
491,17,0.0
491,16,0.0
621,264,12.362009072417301
621,79,7.7251658159098895
621,352,4.4482942433298875
621,89,3.4016153539929377
621,78,2.358371569454742
621,287,1.74586821955317
621,284,1.145468940788346
621,400,1.0
621,416,0.7388070603178991
621,189,0.3949704721438738
498,119,0.0
498,20,0.0
498,399,0.0
498,476,0.0
498,264,0.0
498,200,0.0
498,189,0.0
498,362,0.0
498,17,0.0
498,16,0.0
590,119,9.765402640394633
590,189,6.569183316815046
590,287,5.530160647450485
590,310,4.854286644672653
590,59,4.688200246293803
590,22,4.457695635287562
590,362,3.692006171622423
590,16,3.2745240840264875
590,78,2.597060527294208
590,416,1.1951518602231015
574,20,0.0
574,399,0.0
574,476,0.0
574,200,0.0
574,189,0.0
574,362,0.0
574,17,0.0
574,16,0.0
574,310,0.0
574,59,0.0
575,20,0.0
575,399,0.0
575,476,0.0
575,264,0.0
575,200,0.0
575,189,0.0
575,362,0.0
575,17,0.0
575,16,0.0
575,310,0.0
453,119,0.0
453,20,0.0
453,399,0.0
453,476,0.0
453,264,0.0
453,200,0.0
453,189,0.0
453,362,0.0
453,17,0.0
453,16,0.0
564,119,0.0
564,20,0.0
564,399,0.0
564,476,0.0
564,200,0.0
564,189,0.0
564,362,0.0
564,17,0.0
564,16,0.0
564,310,0.0
562,119,0.0
562,20,0.0
562,399,0.0
562,476,0.0
562,264,0.0
562,200,0.0
562,189,0.0
562,362,0.0
562,17,0.0
562,16,0.0
643,264,14.0
643,399,11.0
643,119,10.0
643,200,9.0
643,189,9.0
643,362,6.0
643,310,6.0
643,287,6.0
643,79,4.0
643,255,4.0
501,264,25.36127716165908
501,200,22.755000015839382
501,399,19.22900128316148
501,119,15.915868745469922
501,189,14.245846323444628
501,362,13.220243184145799
501,287,12.280341479453726
501,310,12.220243184145799
501,255,10.14392449355324
501,352,7.921771050346079
571,119,0.0
571,20,0.0
571,399,0.0
571,476,0.0
571,264,0.0
571,200,0.0
571,189,0.0
571,362,0.0
571,17,0.0
571,16,0.0
508,119,0.0
508,20,0.0
508,399,0.0
508,476,0.0
508,264,0.0
508,200,0.0
508,189,0.0
508,362,0.0
508,17,0.0
508,16,0.0
656,119,0.0
656,20,0.0
656,399,0.0
656,476,0.0
656,264,0.0
656,200,0.0
656,189,0.0
656,362,0.0
656,17,0.0
656,16,0.0
499,119,0.0
499,20,0.0
499,399,0.0
499,476,0.0
499,264,0.0
499,200,0.0
499,189,0.0
499,362,0.0
499,17,0.0
499,16,0.0
637,119,0.0
637,399,0.0
637,476,0.0
637,264,0.0
637,200,0.0
637,189,0.0
637,362,0.0
637,17,0.0
637,16,0.0
637,310,0.0
586,59,1.3370349732335294
586,17,1.0000000000000002
586,476,1.0000000000000002
586,77,0.23557448770742745
586,125,0.0
586,400,0.0
586,19,0.0
586,190,-0.04985741195637302
586,824,-0.23747067407502112
586,352,-0.39266446831625623
527,119,0.0
527,20,0.0
527,399,0.0
527,476,0.0
527,264,0.0
527,200,0.0
527,362,0.0
527,17,0.0
527,16,0.0
527,310,0.0
626,119,0.0
626,20,0.0
626,399,0.0
626,476,0.0
626,264,0.0
626,200,0.0
626,189,0.0
626,362,0.0
626,17,0.0
626,16,0.0
551,119,0.0
551,20,0.0
551,399,0.0
551,476,0.0
551,264,0.0
551,189,0.0
551,362,0.0
551,17,0.0
551,16,0.0
551,310,0.0
502,119,0.0
502,20,0.0
502,399,0.0
502,476,0.0
502,264,0.0
502,189,0.0
502,362,0.0
502,17,0.0
502,16,0.0
502,310,0.0
582,119,0.0
582,20,0.0
582,399,0.0
582,476,0.0
582,264,0.0
582,200,0.0
582,189,0.0
582,362,0.0
582,17,0.0
582,16,0.0
511,119,0.0
511,399,0.0
511,476,0.0
511,264,0.0
511,200,0.0
511,189,0.0
511,362,0.0
511,17,0.0
511,16,0.0
511,310,0.0
573,119,0.0
573,20,0.0
573,399,0.0
573,476,0.0
573,264,0.0
573,200,0.0
573,189,0.0
573,362,0.0
573,17,0.0
573,16,0.0
462,119,0.0
462,20,0.0
462,399,0.0
462,476,0.0
462,264,0.0
462,200,0.0
462,189,0.0
462,362,0.0
462,17,0.0
462,16,0.0
604,119,0.0
604,399,0.0
604,476,0.0
604,264,0.0
604,200,0.0
604,189,0.0
604,362,0.0
604,17,0.0
604,16,0.0
604,310,0.0
473,119,0.0
473,20,0.0
473,399,0.0
473,476,0.0
473,264,0.0
473,200,0.0
473,189,0.0
473,362,0.0
473,17,0.0
473,16,0.0
488,119,0.0
488,20,0.0
488,399,0.0
488,476,0.0
488,264,0.0
488,200,0.0
488,189,0.0
488,362,0.0
488,17,0.0
488,16,0.0
558,264,12.0
558,200,9.0
558,399,8.0
558,189,6.000000000000001
558,119,6.0
558,352,6.0
558,94,5.000000000000001
558,255,5.0
558,78,4.0
558,287,4.0
613,119,0.0
613,20,0.0
613,399,0.0
613,476,0.0
613,264,0.0
613,200,0.0
613,189,0.0
613,362,0.0
613,17,0.0
613,16,0.0
547,20,0.0
547,476,0.0
547,264,0.0
547,200,0.0
547,189,0.0
547,362,0.0
547,17,0.0
547,16,0.0
547,310,0.0
547,59,0.0
505,119,0.0
505,20,0.0
505,399,0.0
505,476,0.0
505,264,0.0
505,189,0.0
505,362,0.0
505,17,0.0
505,16,0.0
505,310,0.0
595,119,0.0
595,20,0.0
595,399,0.0
595,476,0.0
595,264,0.0
595,200,0.0
595,189,0.0
595,362,0.0
595,17,0.0
595,16,0.0
658,20,0.0
658,399,0.0
658,476,0.0
658,264,0.0
658,200,0.0
658,189,0.0
658,362,0.0
658,17,0.0
658,16,0.0
658,310,0.0
646,119,0.0
646,20,0.0
646,399,0.0
646,476,0.0
646,264,0.0
646,200,0.0
646,189,0.0
646,362,0.0
646,17,0.0
646,16,0.0
497,119,0.0
497,20,0.0
497,399,0.0
497,476,0.0
497,264,0.0
497,200,0.0
497,362,0.0
497,17,0.0
497,16,0.0
497,310,0.0
596,119,0.0
596,20,0.0
596,399,0.0
596,476,0.0
596,264,0.0
596,200,0.0
596,189,0.0
596,362,0.0
596,17,0.0
596,16,0.0
628,119,0.0
628,20,0.0
628,399,0.0
628,476,0.0
628,200,0.0
628,189,0.0
628,362,0.0
628,17,0.0
628,16,0.0
628,310,0.0
630,119,0.0
630,20,0.0
630,399,0.0
630,476,0.0
630,200,0.0
630,189,0.0
630,362,0.0
630,17,0.0
630,16,0.0
630,310,0.0
455,119,0.0
455,399,0.0
455,476,0.0
455,264,0.0
455,200,0.0
455,189,0.0
455,362,0.0
455,17,0.0
455,16,0.0
455,310,0.0
622,255,6.307907726672229
622,200,4.694467556481168
622,79,4.120063885046248
622,89,3.8372423082457683
622,352,3.0581029820989993
622,400,1.0
622,415,0.868088143427007
622,134,0.36288770182355645
622,125,0.0
622,19,0.0
580,119,0.0
580,20,0.0
580,399,0.0
580,476,0.0
580,264,0.0
580,200,0.0
580,189,0.0
580,362,0.0
580,17,0.0
580,16,0.0
530,20,0.0
530,399,0.0
530,476,0.0
530,264,0.0
530,200,0.0
530,189,0.0
530,362,0.0
530,17,0.0
530,16,0.0
530,310,0.0
532,189,6.0
532,94,5.0
532,16,4.0
532,287,3.0
532,399,3.0
532,22,1.9999999999999998
532,59,1.0
532,77,1.0
532,134,0.9999999999999999
532,310,0.9999999999999996
503,119,0.0
503,20,0.0
503,399,0.0
503,476,0.0
503,264,0.0
503,189,0.0
503,362,0.0
503,17,0.0
503,16,0.0
503,310,0.0
652,20,0.0
652,399,0.0
652,476,0.0
652,264,0.0
652,200,0.0
652,189,0.0
652,362,0.0
652,17,0.0
652,16,0.0
652,310,0.0
456,119,0.0
456,20,0.0
456,399,0.0
456,476,0.0
456,264,0.0
456,189,0.0
456,362,0.0
456,17,0.0
456,16,0.0
456,310,0.0
457,119,0.0
457,399,0.0
457,476,0.0
457,264,0.0
457,200,0.0
457,189,0.0
457,362,0.0
457,17,0.0
457,16,0.0
457,310,0.0
468,119,0.0
468,20,0.0
468,399,0.0
468,476,0.0
468,264,0.0
468,200,0.0
468,189,0.0
468,362,0.0
468,17,0.0
468,16,0.0
647,119,0.0
647,20,0.0
647,399,0.0
647,476,0.0
647,264,0.0
647,200,0.0
647,189,0.0
647,362,0.0
647,17,0.0
647,16,0.0
490,119,0.0
490,20,0.0
490,399,0.0
490,476,0.0
490,264,0.0
490,189,0.0
490,362,0.0
490,17,0.0
490,16,0.0
490,310,0.0
559,119,0.0
559,20,0.0
559,399,0.0
559,476,0.0
559,264,0.0
559,200,0.0
559,189,0.0
559,362,0.0
559,17,0.0
559,16,0.0
536,119,0.0
536,20,0.0
536,399,0.0
536,476,0.0
536,264,0.0
536,200,0.0
536,189,0.0
536,362,0.0
536,17,0.0
536,16,0.0
470,119,0.0
470,20,0.0
470,399,0.0
470,476,0.0
470,264,0.0
470,200,0.0
470,189,0.0
470,362,0.0
470,17,0.0
470,16,0.0
615,119,0.0
615,20,0.0
615,399,0.0
615,476,0.0
615,264,0.0
615,200,0.0
615,189,0.0
615,362,0.0
615,17,0.0
615,16,0.0
531,264,12.0
531,200,9.0
531,399,8.0
531,189,6.000000000000001
531,119,6.0
531,352,6.0
531,94,5.000000000000001
531,255,5.0
531,287,4.0
531,78,4.0
563,119,0.0
563,399,0.0
563,476,0.0
563,264,0.0
563,200,0.0
563,189,0.0
563,362,0.0
563,17,0.0
563,16,0.0
563,310,0.0
480,119,0.0
480,399,0.0
480,476,0.0
480,264,0.0
480,200,0.0
480,189,0.0
480,362,0.0
480,17,0.0
480,16,0.0
480,310,0.0
636,119,0.0
636,20,0.0
636,476,0.0
636,264,0.0
636,200,0.0
636,189,0.0
636,362,0.0
636,17,0.0
636,16,0.0
636,310,0.0
467,119,0.0
467,20,0.0
467,399,0.0
467,476,0.0
467,264,0.0
467,200,0.0
467,189,0.0
467,362,0.0
467,17,0.0
467,16,0.0
567,119,0.0
567,20,0.0
567,399,0.0
567,476,0.0
567,264,0.0
567,200,0.0
567,189,0.0
567,362,0.0
567,17,0.0
567,16,0.0
537,119,0.0
537,20,0.0
537,399,0.0
537,476,0.0
537,264,0.0
537,200,0.0
537,189,0.0
537,362,0.0
537,17,0.0
537,16,0.0
543,119,0.0
543,20,0.0
543,399,0.0
543,476,0.0
543,200,0.0
543,189,0.0
543,362,0.0
543,17,0.0
543,16,0.0
543,310,0.0
666,20,27.156167240811335
666,399,24.94045332715596
666,255,13.188278660882958
666,16,8.068206658985746
666,352,6.382255052052863
666,78,4.634187569206959
666,89,2.943988914845745
666,284,0.9421245480890059
666,77,0.6053113327328812
666,134,0.5554909202672176
670,119,0.0
670,20,0.0
670,399,0.0
670,476,0.0
670,264,0.0
670,200,0.0
670,189,0.0
670,362,0.0
670,17,0.0
670,16,0.0
674,255,4.123605363097805
674,89,2.0
674,134,1.3945807525751444
674,400,1.0
674,415,0.9999999999999998
674,78,0.526447076509531
674,284,0.3654435433334957
674,416,0.2663242211105725
674,125,0.0
674,19,0.0
663,16,2.397734027348167
663,352,2.342864063014762
663,78,1.1440280074521878
663,284,0.7473818353571244
663,416,0.1742380495685785
663,824,0.10795553008387478
663,190,0.0762655291562017
663,77,0.05401467155748617
663,125,0.0
663,19,0.0
673,94,12.083188914078816
673,255,10.59667202255544
673,20,10.062623087225369
673,189,9.109893464321615
673,287,8.717163484661668
673,352,7.2453013904909795
673,310,5.925868370160503
673,22,4.918593438651987
673,362,4.589846133356748
673,78,3.213865966600137
669,119,0.0
669,20,0.0
669,476,0.0
669,264,0.0
669,200,0.0
669,189,0.0
669,362,0.0
669,17,0.0
669,16,0.0
669,310,0.0
672,94,6.948094016316283
672,399,4.835220309674369
672,16,4.150647696286001
672,362,3.176520184752188
672,287,2.985750178120983
672,59,2.568035540894958
672,200,2.2995001391304832
672,79,1.2588900104732004
672,476,0.6951042734621157
672,17,0.6951042734621157
667,20,0.0
667,399,0.0
667,476,0.0
667,264,0.0
667,200,0.0
667,189,0.0
667,362,0.0
667,17,0.0
667,16,0.0
667,310,0.0
675,119,0.0
675,399,0.0
675,476,0.0
675,264,0.0
675,200,0.0
675,189,0.0
675,362,0.0
675,17,0.0
675,16,0.0
675,310,0.0
668,119,0.0
668,20,0.0
668,399,0.0
668,476,0.0
668,264,0.0
668,200,0.0
668,189,0.0
668,362,0.0
668,17,0.0
668,16,0.0
439,119,0.0
439,20,0.0
439,399,0.0
439,476,0.0
439,264,0.0
439,200,0.0
439,189,0.0
439,362,0.0
439,17,0.0
439,16,0.0
426,119,0.0
426,20,0.0
426,399,0.0
426,476,0.0
426,264,0.0
426,200,0.0
426,189,0.0
426,362,0.0
426,17,0.0
426,16,0.0
424,119,0.0
424,20,0.0
424,399,0.0
424,476,0.0
424,264,0.0
424,200,0.0
424,189,0.0
424,362,0.0
424,17,0.0
424,16,0.0
435,264,4.0
435,310,3.0
435,200,3.0
435,79,3.0
435,399,3.0
435,416,2.0
435,59,1.0000000000000002
435,287,1.0000000000000002
435,78,1.0000000000000002
435,824,1.0000000000000002
433,119,0.0
433,20,0.0
433,399,0.0
433,476,0.0
433,264,0.0
433,200,0.0
433,189,0.0
433,362,0.0
433,17,0.0
433,16,0.0
432,119,0.0
432,20,0.0
432,399,0.0
432,476,0.0
432,264,0.0
432,200,0.0
432,189,0.0
432,362,0.0
432,17,0.0
432,16,0.0
443,119,0.0
443,20,0.0
443,399,0.0
443,476,0.0
443,264,0.0
443,200,0.0
443,189,0.0
443,362,0.0
443,17,0.0
443,16,0.0
440,119,0.0
440,20,0.0
440,399,0.0
440,476,0.0
440,264,0.0
440,189,0.0
440,362,0.0
440,17,0.0
440,16,0.0
440,310,0.0
415,94,8.063811369969669
415,399,6.080788408779336
415,310,6.032403043140061
415,200,5.76682360568806
415,287,5.153397385349152
415,16,4.27019973879683
415,22,4.118069423649594
415,59,3.978117467852777
415,264,3.5758422112357806
415,362,2.283006517985224
429,119,0.0
429,20,0.0
429,399,0.0
429,476,0.0
429,264,0.0
429,200,0.0
429,189,0.0
429,362,0.0
429,17,0.0
429,16,0.0
420,16,2.790893733518347
420,78,1.2463591478196456
420,89,1.0810388663656845
420,59,1.016589668084023
420,134,0.9938793764242929
420,77,0.7585505281893895
420,824,0.7528250838259348
420,400,0.4999999999999999
420,284,0.4868098517042757
420,17,0.37955484557400293
411,352,3.14427069664731
411,89,1.5249580161103333
411,22,0.5151054671992074
411,77,0.10897899095828846
411,19,0.0
411,125,0.0
411,59,-0.0252315577755291
411,79,-0.08866612497009796
411,824,-0.11665952375440757
411,190,-0.19605030927622927
430,119,0.0
430,20,0.0
430,399,0.0
430,476,0.0
430,264,0.0
430,200,0.0
430,362,0.0
430,17,0.0
430,16,0.0
430,310,0.0
422,189,6.748989763922037
422,264,3.788466182362731
422,94,2.271798125708587
422,16,1.7861091624390752
422,287,1.6663482172658224
422,77,0.8029550685469663
422,476,0.4624791201352547
422,17,0.4624791201352547
422,190,0.44484414350279206
422,200,0.1894106530160693
436,119,0.0
436,20,0.0
436,399,0.0
436,476,0.0
436,264,0.0
436,200,0.0
436,189,0.0
436,362,0.0
436,17,0.0
436,16,0.0
417,134,0.9999999999999999
417,77,0.0
417,824,0.0
417,19,0.0
417,476,0.0
417,415,0.0
417,125,0.0
417,17,0.0
417,16,0.0
417,400,0.0
438,20,0.0
438,399,0.0
438,476,0.0
438,264,0.0
438,200,0.0
438,189,0.0
438,362,0.0
438,17,0.0
438,16,0.0
438,310,0.0
442,119,0.0
442,399,0.0
442,476,0.0
442,264,0.0
442,200,0.0
442,189,0.0
442,362,0.0
442,17,0.0
442,16,0.0
442,310,0.0
431,119,0.0
431,399,0.0
431,476,0.0
431,264,0.0
431,200,0.0
431,189,0.0
431,362,0.0
431,17,0.0
431,16,0.0
431,310,0.0
419,119,0.0
419,20,0.0
419,399,0.0
419,476,0.0
419,264,0.0
419,200,0.0
419,362,0.0
419,17,0.0
419,16,0.0
419,310,0.0
441,200,9.0
441,119,8.0
441,79,7.0
441,399,7.0
441,255,4.0
441,362,3.0
441,189,3.0
441,284,2.0
441,416,2.0
441,89,2.0
414,287,3.0
414,79,3.0
414,399,2.0
414,20,2.0
414,22,2.0
414,362,2.0
414,310,2.0
414,119,2.0
414,255,1.0000000000000002
414,352,1.0000000000000002
410,119,0.0
410,399,0.0
410,476,0.0
410,264,0.0
410,200,0.0
410,189,0.0
410,362,0.0
410,17,0.0
410,16,0.0
410,310,0.0
423,119,0.0
423,20,0.0
423,399,0.0
423,476,0.0
423,264,0.0
423,200,0.0
423,189,0.0
423,362,0.0
423,17,0.0
423,16,0.0
418,119,0.0
418,20,0.0
418,399,0.0
418,476,0.0
418,264,0.0
418,200,0.0
418,189,0.0
418,362,0.0
418,17,0.0
418,16,0.0
412,119,0.0
412,20,0.0
412,399,0.0
412,476,0.0
412,200,0.0
412,189,0.0
412,362,0.0
412,17,0.0
412,16,0.0
412,310,0.0
428,119,0.0
428,20,0.0
428,399,0.0
428,476,0.0
428,200,0.0
428,189,0.0
428,362,0.0
428,17,0.0
428,16,0.0
428,310,0.0
437,119,0.0
437,20,0.0
437,399,0.0
437,476,0.0
437,264,0.0
437,200,0.0
437,189,0.0
437,362,0.0
437,17,0.0
437,16,0.0
434,20,0.0
434,399,0.0
434,476,0.0
434,264,0.0
434,200,0.0
434,189,0.0
434,362,0.0
434,17,0.0
434,16,0.0
434,310,0.0
413,119,0.0
413,20,0.0
413,399,0.0
413,476,0.0
413,200,0.0
413,189,0.0
413,362,0.0
413,17,0.0
413,16,0.0
413,310,0.0
44,16,7.2510704234461505
44,119,3.979551002201596
44,89,3.6462061041710485
44,78,1.771302357143548
44,416,1.078595656490265
44,400,1.0000000000000002
44,284,0.6886954563668448
44,415,0.6016379677276228
44,824,0.4781957703257889
44,59,0.4262454604450314
57,20,13.32549629057241
57,94,10.642424784353778
57,287,10.517700470694875
57,362,8.087139674118502
57,79,7.096376328011354
57,310,6.179161721969426
57,16,4.854855002046342
57,255,3.6621794798440215
57,22,3.288828350587556
57,416,2.008115038564306
38,119,22.501930917136033
38,287,10.090418589078428
38,79,9.052942106852413
38,22,6.64622630619894
38,78,4.982392393857868
38,16,3.711884184243404
38,255,3.5192898584528045
38,59,3.235757677374642
38,352,2.0125268439154276
38,416,2.0114237371641868
45,399,21.116429247468176
45,20,17.944951280792537
45,94,11.434957738896369
45,189,10.395973115852458
45,352,8.893015838133474
45,362,6.029632597137063
45,16,5.714494331105153
45,310,4.510972632113765
45,78,3.093167092659196
45,134,2.143224215897716
28,284,0.9819805060619657
28,134,0.5
28,78,0.48198050606196574
28,352,0.1525842864106013
28,77,0.0
28,19,0.0
28,89,0.0
28,125,0.0
28,415,0.0
28,400,0.0
61,119,10.331781088630144
61,200,7.795420788896475
61,94,6.246429870591612
61,78,2.421371842179656
61,16,1.4109888275533997
61,416,0.9961404304368418
61,824,0.6338225948385802
61,77,0.24533543360806292
61,190,0.17467063730686394
61,415,0.04032110852086345
36,264,14.000000000000002
36,399,11.0
36,119,10.0
36,200,9.0
36,189,9.0
36,362,6.000000000000001
36,310,6.000000000000001
36,287,6.000000000000001
36,255,4.000000000000001
36,79,4.0
54,119,0.0
54,399,0.0
54,476,0.0
54,264,0.0
54,200,0.0
54,189,0.0
54,362,0.0
54,17,0.0
54,16,0.0
54,310,0.0
47,119,0.0
47,20,0.0
47,399,0.0
47,476,0.0
47,264,0.0
47,200,0.0
47,189,0.0
47,362,0.0
47,17,0.0
47,16,0.0
29,119,0.0
29,20,0.0
29,399,0.0
29,476,0.0
29,264,0.0
29,200,0.0
29,189,0.0
29,362,0.0
29,17,0.0
29,16,0.0
26,119,0.0
26,20,0.0
26,476,0.0
26,264,0.0
26,200,0.0
26,189,0.0
26,362,0.0
26,17,0.0
26,16,0.0
26,310,0.0
33,79,12.817395443166689
33,287,8.977764084089529
33,255,6.157289302262777
33,362,5.838460501173961
33,94,5.25780068652403
33,16,4.644497658746687
33,22,3.657482003814623
33,59,2.8995819490637236
33,352,2.2946409488955872
33,416,2.2809826660142285
46,399,12.700311513840685
46,20,10.955201394720188
46,119,7.73995219066104
46,362,7.405193523187014
46,189,5.434349111332784
46,59,2.7382807014294768
46,416,2.714570091097654
46,310,2.3464204080143025
46,16,1.8744521317199987
46,287,1.2335569388011791
21,264,14.82597357339186
21,119,12.614302453005939
21,200,9.259986824248807
21,287,7.788671382493728
21,352,6.25077825514108
21,310,5.865129296086054
21,94,5.575314046538237
21,78,3.398615320667613
21,16,2.9741553037559836
21,362,2.1608159903205584
48,119,0.0
48,20,0.0
48,476,0.0
48,264,0.0
48,200,0.0
48,189,0.0
48,362,0.0
48,17,0.0
48,16,0.0
48,310,0.0
7,119,0.0
7,20,0.0
7,399,0.0
7,476,0.0
7,264,0.0
7,200,0.0
7,189,0.0
7,362,0.0
7,17,0.0
7,16,0.0
53,119,0.0
53,20,0.0
53,399,0.0
53,476,0.0
53,264,0.0
53,189,0.0
53,362,0.0
53,17,0.0
53,16,0.0
53,310,0.0
8,119,0.0
8,399,0.0
8,476,0.0
8,264,0.0
8,200,0.0
8,189,0.0
8,362,0.0
8,17,0.0
8,16,0.0
8,310,0.0
25,119,0.0
25,399,0.0
25,476,0.0
25,264,0.0
25,200,0.0
25,189,0.0
25,362,0.0
25,17,0.0
25,16,0.0
25,310,0.0
35,16,3.1350037935412782
35,59,3.1273784128133757
35,22,1.8225212206814438
35,78,1.2084624484714133
35,416,0.5046818298408404
35,190,0.4508678889711527
35,17,0.4174544571554991
35,476,0.4174544571554991
35,824,0.40405385236490104
35,415,0.09467446671924436
19,119,0.0
19,20,0.0
19,399,0.0
19,476,0.0
19,264,0.0
19,200,0.0
19,189,0.0
19,362,0.0
19,17,0.0
19,16,0.0
69,119,0.0
69,20,0.0
69,399,0.0
69,476,0.0
69,189,0.0
69,362,0.0
69,17,0.0
69,16,0.0
69,310,0.0
69,59,0.0
20,119,0.0
20,20,0.0
20,399,0.0
20,476,0.0
20,264,0.0
20,200,0.0
20,362,0.0
20,17,0.0
20,16,0.0
20,310,0.0
23,119,0.0
23,20,0.0
23,476,0.0
23,264,0.0
23,200,0.0
23,189,0.0
23,362,0.0
23,17,0.0
23,16,0.0
23,310,0.0
56,119,0.0
56,20,0.0
56,476,0.0
56,264,0.0
56,200,0.0
56,189,0.0
56,362,0.0
56,17,0.0
56,16,0.0
56,310,0.0
14,119,0.0
14,20,0.0
14,399,0.0
14,476,0.0
14,264,0.0
14,200,0.0
14,189,0.0
14,362,0.0
14,17,0.0
14,16,0.0
37,119,0.0
37,20,0.0
37,399,0.0
37,476,0.0
37,200,0.0
37,189,0.0
37,362,0.0
37,17,0.0
37,16,0.0
37,310,0.0
34,119,0.0
34,20,0.0
34,399,0.0
34,476,0.0
34,264,0.0
34,200,0.0
34,189,0.0
34,362,0.0
34,17,0.0
34,16,0.0
58,119,0.0
58,399,0.0
58,476,0.0
58,264,0.0
58,200,0.0
58,189,0.0
58,362,0.0
58,17,0.0
58,16,0.0
58,310,0.0
4,20,6.0
4,189,5.0
4,362,4.0
4,119,4.0
4,287,3.999999999999999
4,310,3.0
4,78,3.0
4,16,3.0
4,284,2.0
4,416,1.0
24,119,0.0
24,20,0.0
24,399,0.0
24,476,0.0
24,200,0.0
24,189,0.0
24,362,0.0
24,17,0.0
24,16,0.0
24,310,0.0
70,119,0.0
70,20,0.0
70,399,0.0
70,476,0.0
70,264,0.0
70,200,0.0
70,189,0.0
70,362,0.0
70,17,0.0
70,16,0.0
40,20,0.0
40,399,0.0
40,476,0.0
40,264,0.0
40,200,0.0
40,189,0.0
40,362,0.0
40,17,0.0
40,16,0.0
40,310,0.0
6,119,0.0
6,20,0.0
6,399,0.0
6,476,0.0
6,200,0.0
6,189,0.0
6,362,0.0
6,17,0.0
6,16,0.0
6,310,0.0
39,119,0.0
39,20,0.0
39,476,0.0
39,264,0.0
39,200,0.0
39,189,0.0
39,362,0.0
39,17,0.0
39,16,0.0
39,310,0.0
41,119,0.0
41,20,0.0
41,399,0.0
41,476,0.0
41,264,0.0
41,200,0.0
41,362,0.0
41,17,0.0
41,16,0.0
41,310,0.0
66,119,8.664830184541215
66,362,6.505041490000085
66,287,3.71685212840259
66,79,3.638955410186618
66,16,3.4062139766194246
66,89,2.651108981214609
66,310,1.6263157331451676
66,78,1.608427227627227
66,134,1.5449071563420629
66,416,1.526613674058402
17,119,2.999999999999999
17,78,2.0
17,16,0.9999999999999999
17,20,0.9999999999999998
17,415,0.0
17,284,0.0
17,134,0.0
17,17,0.0
17,476,0.0
17,125,0.0
43,119,0.0
43,20,0.0
43,399,0.0
43,476,0.0
43,264,0.0
43,200,0.0
43,189,0.0
43,362,0.0
43,17,0.0
43,16,0.0
11,20,0.0
11,399,0.0
11,476,0.0
11,264,0.0
11,200,0.0
11,189,0.0
11,362,0.0
11,17,0.0
11,16,0.0
11,310,0.0
10,200,11.834486412113474
10,79,9.17991108900654
10,255,8.441056185378864
10,89,4.077763673811174
10,22,3.2204696880765757
10,94,2.7603156008568934
10,352,2.424338701163083
10,362,2.1180225273058344
10,189,1.7642032774047474
10,78,1.2464064483216712
12,119,0.0
12,20,0.0
12,399,0.0
12,476,0.0
12,264,0.0
12,200,0.0
12,189,0.0
12,362,0.0
12,17,0.0
12,16,0.0
16,119,0.0
16,20,0.0
16,399,0.0
16,476,0.0
16,264,0.0
16,189,0.0
16,362,0.0
16,17,0.0
16,16,0.0
16,310,0.0
64,119,0.0
64,20,0.0
64,399,0.0
64,476,0.0
64,264,0.0
64,200,0.0
64,189,0.0
64,362,0.0
64,17,0.0
64,310,0.0
30,119,0.0
30,399,0.0
30,476,0.0
30,264,0.0
30,200,0.0
30,189,0.0
30,362,0.0
30,17,0.0
30,16,0.0
30,310,0.0
32,119,0.0
32,20,0.0
32,399,0.0
32,476,0.0
32,200,0.0
32,189,0.0
32,362,0.0
32,17,0.0
32,16,0.0
32,310,0.0
68,119,0.0
68,20,0.0
68,399,0.0
68,476,0.0
68,264,0.0
68,200,0.0
68,189,0.0
68,362,0.0
68,17,0.0
68,16,0.0
9,20,4.610152509013591
9,399,3.6101525090135906
9,362,3.6101525090135906
9,255,2.8832520485129915
9,16,2.7263009999611656
9,189,2.610751969553024
9,264,2.610751969553024
9,79,1.883851509052425
9,22,1.8832520485129915
9,119,1.0
27,119,0.0
27,20,0.0
27,399,0.0
27,476,0.0
27,264,0.0
27,200,0.0
27,189,0.0
27,362,0.0
27,17,0.0
27,16,0.0
50,200,2.9999999999999996
50,22,2.9999999999999996
50,264,2.9999999999999996
50,255,2.9999999999999996
50,78,1.9999999999999998
50,20,1.9999999999999998
50,352,1.9999999999999998
50,399,1.9999999999999998
50,287,1.9999999999999996
50,310,1.9999999999999996
31,119,0.0
31,399,0.0
31,476,0.0
31,264,0.0
31,200,0.0
31,189,0.0
31,362,0.0
31,17,0.0
31,16,0.0
31,310,0.0
2,119,0.0
2,20,0.0
2,399,0.0
2,476,0.0
2,264,0.0
2,200,0.0
2,362,0.0
2,17,0.0
2,16,0.0
2,310,0.0
42,119,0.0
42,20,0.0
42,399,0.0
42,476,0.0
42,264,0.0
42,200,0.0
42,189,0.0
42,362,0.0
42,17,0.0
42,16,0.0
49,119,0.0
49,20,0.0
49,399,0.0
49,476,0.0
49,264,0.0
49,200,0.0
49,189,0.0
49,362,0.0
49,17,0.0
49,16,0.0
51,119,0.0
51,20,0.0
51,399,0.0
51,476,0.0
51,264,0.0
51,200,0.0
51,189,0.0
51,362,0.0
51,17,0.0
51,16,0.0
15,20,0.0
15,399,0.0
15,476,0.0
15,264,0.0
15,200,0.0
15,189,0.0
15,362,0.0
15,17,0.0
15,16,0.0
15,310,0.0
688,119,0.0
688,20,0.0
688,399,0.0
688,476,0.0
688,264,0.0
688,200,0.0
688,189,0.0
688,362,0.0
688,17,0.0
688,16,0.0
678,20,0.0
678,399,0.0
678,476,0.0
678,264,0.0
678,200,0.0
678,189,0.0
678,362,0.0
678,17,0.0
678,16,0.0
678,310,0.0
739,119,0.0
739,20,0.0
739,399,0.0
739,476,0.0
739,264,0.0
739,200,0.0
739,362,0.0
739,17,0.0
739,16,0.0
739,310,0.0
679,352,4.0
679,22,3.0
679,79,3.0
679,310,3.0
679,287,1.9999999999999998
679,20,1.9999999999999998
679,190,1.0
679,416,1.0
679,77,1.0
679,59,0.9999999999999999
687,119,0.0
687,20,0.0
687,399,0.0
687,476,0.0
687,264,0.0
687,200,0.0
687,189,0.0
687,362,0.0
687,17,0.0
687,310,0.0
729,399,11.19232567439851
729,189,9.47971260201654
729,59,2.928676094053491
729,16,2.087371506216861
729,310,1.772941843326067
729,287,1.7524141760874632
729,362,1.6500800726244145
729,476,0.9698886595263558
729,17,0.9698886595263558
729,190,0.6795797753021587
685,119,0.0
685,20,0.0
685,399,0.0
685,476,0.0
685,264,0.0
685,189,0.0
685,362,0.0
685,17,0.0
685,16,0.0
685,310,0.0
726,119,0.0
726,20,0.0
726,399,0.0
726,476,0.0
726,264,0.0
726,200,0.0
726,189,0.0
726,362,0.0
726,17,0.0
726,16,0.0
750,264,23.245194105689173
750,79,12.808697852021083
750,22,3.5015761179117044
750,352,1.8964800526300385
750,416,1.6870270217125305
750,255,0.9876097537754367
750,824,0.6404397928542385
750,190,0.5692589067842883
750,284,0.4945331199110222
750,134,0.4105137777687806
691,200,3.4805536232925536
691,362,3.4805536232925536
691,310,3.4805536232925536
691,79,3.0
691,189,2.4805536232925536
691,416,2.0
691,399,1.4805536232925536
691,20,1.4805536232925536
691,287,1.450073938902443
691,78,1.450073938902443
712,20,0.0
712,399,0.0
712,476,0.0
712,264,0.0
712,200,0.0
712,189,0.0
712,362,0.0
712,17,0.0
712,16,0.0
712,310,0.0
701,119,0.0
701,20,0.0
701,399,0.0
701,476,0.0
701,264,0.0
701,200,0.0
701,189,0.0
701,362,0.0
701,17,0.0
701,310,0.0
690,119,0.0
690,20,0.0
690,399,0.0
690,476,0.0
690,200,0.0
690,189,0.0
690,362,0.0
690,17,0.0
690,16,0.0
690,310,0.0
677,119,0.0
677,20,0.0
677,399,0.0
677,476,0.0
677,264,0.0
677,200,0.0
677,189,0.0
677,362,0.0
677,17,0.0
677,16,0.0
727,399,13.109058916037402
727,94,12.035193484238535
727,264,8.29294570414054
727,79,7.5182787933259245
727,255,4.1615023415136605
727,362,2.4171165060025546
727,59,2.242551366272327
727,310,2.1836137308797783
727,16,2.0789074318924046
727,78,1.4693155937818276
699,119,0.0
699,20,0.0
699,399,0.0
699,476,0.0
699,200,0.0
699,189,0.0
699,362,0.0
699,17,0.0
699,16,0.0
699,310,0.0
707,264,10.189663180272673
707,79,9.996862714544056
707,399,8.248349836782124
707,255,7.880792238995026
707,352,6.0
707,362,5.78626244457246
707,119,4.961800736160965
707,94,4.905470205577435
707,310,4.894309285249189
707,287,4.069847576837694
737,119,0.0
737,20,0.0
737,399,0.0
737,476,0.0
737,264,0.0
737,200,0.0
737,189,0.0
737,362,0.0
737,17,0.0
737,16,0.0
724,399,0.0
724,476,0.0
724,264,0.0
724,200,0.0
724,189,0.0
724,362,0.0
724,17,0.0
724,16,0.0
724,310,0.0
724,59,0.0
705,399,6.44899389340679
705,16,5.208001066305459
705,362,4.855665080134478
705,352,4.527756771430179
705,119,4.285440923995504
705,287,3.2801238242052477
705,255,1.8435164887660078
705,134,1.7981044664474326
705,78,1.781659609727562
705,189,1.7172826119900302
680,119,0.0
680,20,0.0
680,399,0.0
680,476,0.0
680,200,0.0
680,189,0.0
680,362,0.0
680,17,0.0
680,16,0.0
680,310,0.0
722,119,0.0
722,20,0.0
722,399,0.0
722,476,0.0
722,264,0.0
722,200,0.0
722,189,0.0
722,362,0.0
722,17,0.0
722,16,0.0
741,20,16.736111357139297
741,189,9.843627805153062
741,200,9.75990347443854
741,287,7.12650782429151
741,362,6.908335052372841
741,310,6.232739319042648
741,79,5.154596847318346
741,78,3.3561867111474863
741,255,2.9803775342501395
741,16,2.4362841111115294
719,20,0.0
719,399,0.0
719,476,0.0
719,264,0.0
719,200,0.0
719,189,0.0
719,362,0.0
719,17,0.0
719,16,0.0
719,310,0.0
752,20,0.0
752,399,0.0
752,476,0.0
752,264,0.0
752,200,0.0
752,189,0.0
752,362,0.0
752,17,0.0
752,16,0.0
752,310,0.0
714,20,18.23754057901325
714,399,17.619897322171894
714,119,13.735307558514304
714,79,12.797792709153615
714,189,12.554603057969985
714,362,11.776850310793156
714,255,11.743586635312269
714,310,10.919113343971057
714,287,9.842334307382853
714,352,7.4499464191648235
742,79,12.03905264955739
742,94,9.561098427287229
742,287,6.921470375454856
742,310,5.762582913929358
742,22,5.530291267182002
742,352,1.8748437424625983
742,78,1.3759616052750774
742,416,1.0269419426209587
742,190,0.9794798537948729
742,77,0.7956756179492541
730,119,0.0
730,20,0.0
730,399,0.0
730,476,0.0
730,264,0.0
730,200,0.0
730,189,0.0
730,362,0.0
730,17,0.0
730,16,0.0
713,200,4.816817692358886
713,94,2.9122788668786654
713,399,2.816817692358886
713,287,1.6862022891557213
713,78,1.685377902711267
713,310,1.6725994878046695
713,284,0.9991756135555452
713,119,0.8304204937099384
713,415,0.7603206209260039
713,134,0.1314397896476195
720,264,15.327809182399854
720,399,13.620357562611005
720,119,11.225413364328244
720,255,10.400919931382152
720,352,9.21307569476901
720,287,7.232007074566155
720,16,6.401067705045217
720,94,5.465181001328702
720,78,4.9870425235159255
720,189,4.824599072642638
693,119,0.0
693,20,0.0
693,399,0.0
693,476,0.0
693,264,0.0
693,200,0.0
693,189,0.0
693,362,0.0
693,17,0.0
693,16,0.0
695,399,18.291856573634483
695,20,13.572145227061007
695,94,9.498939481265015
695,200,6.822647198524425
695,189,6.480919987326981
695,362,4.510194643932829
695,79,3.026784657637773
695,16,2.9707253433941503
695,59,1.732050807568877
695,78,1.262269159488489
694,119,0.0
694,399,0.0
694,476,0.0
694,264,0.0
694,200,0.0
694,189,0.0
694,362,0.0
694,17,0.0
694,16,0.0
694,310,0.0
748,119,0.0
748,20,0.0
748,399,0.0
748,476,0.0
748,264,0.0
748,200,0.0
748,189,0.0
748,362,0.0
748,17,0.0
748,16,0.0
721,119,0.0
721,20,0.0
721,399,0.0
721,476,0.0
721,264,0.0
721,200,0.0
721,189,0.0
721,362,0.0
721,17,0.0
721,16,0.0
766,255,1.0
766,287,1.0
766,352,1.0
766,399,0.9999999999999998
766,20,0.9999999999999998
766,119,2.220446049250313E-16
766,79,0.0
766,284,0.0
766,22,0.0
766,78,0.0
689,119,0.0
689,20,0.0
689,399,0.0
689,476,0.0
689,200,0.0
689,189,0.0
689,362,0.0
689,17,0.0
689,16,0.0
689,310,0.0
684,119,0.0
684,20,0.0
684,399,0.0
684,476,0.0
684,264,0.0
684,200,0.0
684,189,0.0
684,362,0.0
684,17,0.0
684,16,0.0
692,119,0.0
692,20,0.0
692,399,0.0
692,476,0.0
692,264,0.0
692,200,0.0
692,189,0.0
692,362,0.0
692,17,0.0
692,16,0.0
676,119,0.0
676,20,0.0
676,399,0.0
676,476,0.0
676,200,0.0
676,189,0.0
676,362,0.0
676,17,0.0
676,16,0.0
676,310,0.0
754,119,0.0
754,20,0.0
754,399,0.0
754,476,0.0
754,264,0.0
754,200,0.0
754,189,0.0
754,17,0.0
754,16,0.0
754,310,0.0
716,119,0.0
716,20,0.0
716,399,0.0
716,476,0.0
716,264,0.0
716,200,0.0
716,189,0.0
716,362,0.0
716,17,0.0
716,16,0.0
732,119,0.0
732,20,0.0
732,399,0.0
732,476,0.0
732,264,0.0
732,189,0.0
732,362,0.0
732,17,0.0
732,16,0.0
732,310,0.0
743,200,8.0
743,94,6.0
743,189,5.0
743,119,4.0
743,79,4.0
743,399,3.0
743,78,3.0
743,362,3.0
743,416,2.999999999999999
743,22,2.0
718,399,11.0
718,200,11.0
718,255,10.0
718,119,8.0
718,352,7.0
718,287,6.0
718,20,6.0
718,189,6.0
718,94,5.0
718,310,5.0
725,20,0.0
725,399,0.0
725,476,0.0
725,264,0.0
725,200,0.0
725,189,0.0
725,362,0.0
725,17,0.0
725,16,0.0
725,310,0.0
749,119,0.0
749,20,0.0
749,399,0.0
749,476,0.0
749,264,0.0
749,200,0.0
749,189,0.0
749,362,0.0
749,17,0.0
749,16,0.0
683,119,0.0
683,20,0.0
683,399,0.0
683,476,0.0
683,264,0.0
683,200,0.0
683,189,0.0
683,362,0.0
683,17,0.0
683,16,0.0
755,119,0.0
755,20,0.0
755,399,0.0
755,476,0.0
755,200,0.0
755,189,0.0
755,362,0.0
755,17,0.0
755,16,0.0
755,310,0.0
682,119,0.0
682,20,0.0
682,399,0.0
682,476,0.0
682,200,0.0
682,189,0.0
682,362,0.0
682,17,0.0
682,16,0.0
682,310,0.0
740,89,0.9999999999999998
740,352,1.1102230246251565E-16
740,77,0.0
740,19,0.0
740,125,0.0
740,476,0.0
740,415,0.0
740,284,0.0
740,17,0.0
740,400,0.0
733,119,0.0
733,20,0.0
733,399,0.0
733,476,0.0
733,264,0.0
733,200,0.0
733,189,0.0
733,362,0.0
733,17,0.0
733,16,0.0
709,119,0.0
709,20,0.0
709,399,0.0
709,476,0.0
709,264,0.0
709,200,0.0
709,189,0.0
709,362,0.0
709,17,0.0
709,16,0.0
702,119,0.0
702,20,0.0
702,399,0.0
702,476,0.0
702,264,0.0
702,200,0.0
702,189,0.0
702,362,0.0
702,17,0.0
702,16,0.0
708,119,0.0
708,399,0.0
708,476,0.0
708,264,0.0
708,200,0.0
708,189,0.0
708,362,0.0
708,17,0.0
708,16,0.0
708,310,0.0
711,119,0.0
711,399,0.0
711,476,0.0
711,264,0.0
711,200,0.0
711,189,0.0
711,362,0.0
711,17,0.0
711,16,0.0
711,310,0.0
765,119,0.0
765,20,0.0
765,399,0.0
765,476,0.0
765,264,0.0
765,200,0.0
765,189,0.0
765,362,0.0
765,17,0.0
765,16,0.0
723,119,0.0
723,20,0.0
723,399,0.0
723,476,0.0
723,264,0.0
723,200,0.0
723,189,0.0
723,362,0.0
723,17,0.0
723,16,0.0
731,119,0.0
731,20,0.0
731,399,0.0
731,476,0.0
731,264,0.0
731,200,0.0
731,189,0.0
731,17,0.0
731,16,0.0
731,310,0.0
703,416,1.093838810234244
703,284,0.9991470833916989
703,190,0.5759565431054138
703,19,0.0
703,125,0.0
703,415,0.0
703,400,0.0
703,17,-0.11470786693528111
703,476,-0.11470786693528111
703,824,-0.39978066835341697
763,119,0.0
763,399,0.0
763,476,0.0
763,264,0.0
763,200,0.0
763,189,0.0
763,362,0.0
763,17,0.0
763,16,0.0
763,310,0.0
762,119,0.0
762,20,0.0
762,399,0.0
762,476,0.0
762,264,0.0
762,200,0.0
762,189,0.0
762,362,0.0
762,17,0.0
762,16,0.0
761,119,0.0
761,20,0.0
761,399,0.0
761,476,0.0
761,264,0.0
761,200,0.0
761,189,0.0
761,362,0.0
761,17,0.0
761,16,0.0
199,255,9.811149895687288
199,94,6.163692309270715
199,16,4.927194753526065
199,22,4.640936165781694
199,89,2.578833810022476
199,134,1.7629290227091787
199,416,0.8412503550127984
199,190,0.6153470513868358
199,415,0.39615937050061434
199,77,0.2972377285363494
206,20,0.0
206,399,0.0
206,476,0.0
206,264,0.0
206,200,0.0
206,189,0.0
206,362,0.0
206,17,0.0
206,16,0.0
206,310,0.0
103,119,0.0
103,20,0.0
103,476,0.0
103,264,0.0
103,200,0.0
103,189,0.0
103,362,0.0
103,17,0.0
103,16,0.0
103,310,0.0
286,255,12.609343662591677
286,399,11.61088839636508
286,119,9.154645236919697
286,310,8.153423974878969
286,352,7.666908926301075
286,189,7.204550916288557
286,287,7.198584688926722
286,22,7.14349587144979
286,20,6.161351296223147
286,94,6.098085877619557
145,119,0.0
145,20,0.0
145,476,0.0
145,264,0.0
145,200,0.0
145,189,0.0
145,362,0.0
145,17,0.0
145,16,0.0
145,310,0.0
345,119,0.0
345,20,0.0
345,399,0.0
345,476,0.0
345,264,0.0
345,200,0.0
345,189,0.0
345,362,0.0
345,17,0.0
345,16,0.0
282,119,0.0
282,20,0.0
282,399,0.0
282,476,0.0
282,264,0.0
282,200,0.0
282,189,0.0
282,362,0.0
282,17,0.0
282,16,0.0
143,119,0.0
143,399,0.0
143,476,0.0
143,264,0.0
143,200,0.0
143,189,0.0
143,362,0.0
143,17,0.0
143,16,0.0
143,310,0.0
160,119,0.0
160,399,0.0
160,476,0.0
160,264,0.0
160,200,0.0
160,189,0.0
160,362,0.0
160,17,0.0
160,16,0.0
160,310,0.0
381,119,0.0
381,399,0.0
381,476,0.0
381,264,0.0
381,200,0.0
381,189,0.0
381,362,0.0
381,17,0.0
381,16,0.0
381,310,0.0
335,399,10.637001075899098
335,287,6.878704422980046
335,16,5.766651779329179
335,94,5.765017629466753
335,362,3.525967102482234
335,189,2.40974804587176
335,416,1.7485403564702513
335,284,1.7411651922541975
335,134,1.3146019619111662
335,415,0.7161795950858316
398,119,0.0
398,20,0.0
398,399,0.0
398,476,0.0
398,264,0.0
398,200,0.0
398,189,0.0
398,362,0.0
398,17,0.0
398,16,0.0
375,119,7.0
375,399,6.0
375,20,4.0
375,200,3.0
375,79,2.999999999999999
375,94,2.0
375,416,1.9999999999999996
375,59,1.0000000000000002
375,310,1.0
375,284,0.9999999999999999
91,200,5.959075479669403
91,352,5.540570411171337
91,20,5.420396037328777
91,310,4.86039266494892
91,119,4.829859697934571
91,22,4.704298370228649
91,287,4.60844253003889
91,189,4.124963550231099
91,362,3.8233477326397374
91,16,2.9615962157981266
172,119,0.0
172,20,0.0
172,399,0.0
172,476,0.0
172,264,0.0
172,200,0.0
172,189,0.0
172,362,0.0
172,17,0.0
172,16,0.0
144,20,6.0
144,189,5.0
144,362,4.0
144,119,4.0
144,287,4.0
144,310,3.0
144,78,3.0
144,16,3.0
144,284,2.0
144,416,1.0
405,119,0.0
405,20,0.0
405,399,0.0
405,476,0.0
405,264,0.0
405,200,0.0
405,189,0.0
405,362,0.0
405,17,0.0
405,16,0.0
133,119,0.0
133,20,0.0
133,399,0.0
133,476,0.0
133,200,0.0
133,189,0.0
133,362,0.0
133,17,0.0
133,16,0.0
133,310,0.0
329,264,2.0
329,22,1.0
329,94,0.0
329,310,0.0
329,476,0.0
329,17,0.0
329,200,0.0
329,189,0.0
329,362,0.0
329,16,0.0
185,119,0.0
185,20,0.0
185,399,0.0
185,476,0.0
185,264,0.0
185,200,0.0
185,189,0.0
185,362,0.0
185,17,0.0
185,16,0.0
283,400,1.0
283,59,0.19743679743474613
283,362,0.19743679743474613
283,416,0.19743679743474613
283,824,0.19743679743474613
283,134,0.0
283,17,0.0
283,476,0.0
283,16,0.0
283,284,0.0
355,20,12.821468283297833
355,399,12.644765242191685
355,22,12.24362637463442
355,287,9.29742829263449
355,189,8.856748300777765
355,310,8.771161359817707
355,94,7.428783304670313
355,362,5.823734221796266
355,78,5.198610224121099
355,16,4.883259007643373
157,119,0.0
157,20,0.0
157,399,0.0
157,476,0.0
157,264,0.0
157,200,0.0
157,189,0.0
157,362,0.0
157,17,0.0
157,16,0.0
347,264,10.32307564542046
347,255,8.686727750597859
347,79,8.554256909861051
347,399,7.079004591438917
347,352,5.181677473801374
347,287,4.984913930483357
347,362,4.715374605310779
347,22,4.236766291278306
347,189,4.047234131505794
347,119,3.2921800400749017
115,119,0.0
115,20,0.0
115,399,0.0
115,476,0.0
115,264,0.0
115,200,0.0
115,189,0.0
115,362,0.0
115,17,0.0
115,16,0.0
385,119,0.0
385,20,0.0
385,399,0.0
385,476,0.0
385,264,0.0
385,200,0.0
385,189,0.0
385,362,0.0
385,17,0.0
385,16,0.0
291,189,6.0
291,94,5.000000000000001
291,16,4.0
291,287,3.0
291,399,3.0
291,22,1.9999999999999998
291,134,1.0000000000000002
291,59,1.0
291,77,1.0
291,310,0.9999999999999998
89,264,13.0
89,200,10.0
89,20,7.0
89,399,6.000000000000001
89,94,6.000000000000001
89,255,5.0
89,189,4.000000000000001
89,287,3.0
89,16,2.0
89,362,2.0
288,119,0.0
288,399,0.0
288,476,0.0
288,264,0.0
288,200,0.0
288,189,0.0
288,362,0.0
288,17,0.0
288,16,0.0
288,310,0.0
148,476,1.0000000000000002
148,17,1.0000000000000002
148,77,0.0
148,125,0.0
148,19,0.0
148,89,0.0
148,824,0.0
148,59,0.0
148,400,0.0
148,190,-1.0
182,264,9.78145958892279
182,119,8.73749907237272
182,200,8.375786574274802
182,189,6.288902861264841
182,59,3.838776044922172
182,94,3.5812000309494145
182,22,3.0843762963585872
182,16,2.8501020386537492
182,310,2.1053918449897235
182,416,2.102029809607322
237,17,1.0000000000000002
237,476,1.0000000000000002
237,125,0.0
237,19,0.0
237,400,0.0
237,134,-0.9999999999999998
237,415,-1.0
237,824,-1.0
237,190,-1.0
237,59,-1.0
153,119,0.0
153,399,0.0
153,476,0.0
153,264,0.0
153,200,0.0
153,189,0.0
153,362,0.0
153,17,0.0
153,16,0.0
153,310,0.0
359,119,0.0
359,399,0.0
359,476,0.0
359,264,0.0
359,200,0.0
359,189,0.0
359,362,0.0
359,17,0.0
359,16,0.0
359,310,0.0
255,119,0.0
255,20,0.0
255,399,0.0
255,476,0.0
255,264,0.0
255,200,0.0
255,189,0.0
255,362,0.0
255,17,0.0
255,16,0.0
147,119,0.0
147,20,0.0
147,476,0.0
147,264,0.0
147,200,0.0
147,189,0.0
147,362,0.0
147,17,0.0
147,16,0.0
147,310,0.0
198,255,4.326117425374455
198,89,2.3660254037844384
198,400,1.0
198,415,0.9999999999999999
198,134,0.970725343394151
198,284,0.5
198,78,0.4908396695839047
198,362,0.44028189289381037
198,416,0.06911635163761387
198,352,0.0556105915268309
131,119,0.0
131,20,0.0
131,399,0.0
131,476,0.0
131,264,0.0
131,200,0.0
131,189,0.0
131,362,0.0
131,17,0.0
131,16,0.0
280,119,0.0
280,20,0.0
280,476,0.0
280,264,0.0
280,200,0.0
280,189,0.0
280,362,0.0
280,17,0.0
280,16,0.0
280,310,0.0
219,119,0.0
219,399,0.0
219,476,0.0
219,264,0.0
219,200,0.0
219,189,0.0
219,362,0.0
219,17,0.0
219,16,0.0
219,310,0.0
92,119,10.716591791117473
92,200,9.244881784261267
92,79,8.31567630162879
92,362,7.009067793340724
92,189,5.400807743781943
92,16,3.501009142230247
92,352,3.278383437407613
92,416,2.855018386979462
92,255,2.7191567288563805
92,78,2.353168915260067
391,20,0.0
391,399,0.0
391,476,0.0
391,264,0.0
391,200,0.0
391,189,0.0
391,362,0.0
391,17,0.0
391,16,0.0
391,310,0.0
366,119,13.23169246181789
366,20,12.041941396909642
366,200,9.242741673825613
366,189,8.233427081672957
366,78,6.851134048847607
366,255,6.843936781101624
366,352,6.728360467341361
366,310,6.59771140792456
366,362,6.415779305822177
366,94,6.043392977213168
119,125,0.0
119,415,0.0
119,89,0.0
119,19,0.0
119,17,0.0
119,476,0.0
119,400,0.0
119,190,-0.9999999999999998
119,134,-0.9999999999999999
119,284,-0.9999999999999999
93,119,0.0
93,20,0.0
93,476,0.0
93,264,0.0
93,200,0.0
93,189,0.0
93,362,0.0
93,17,0.0
93,16,0.0
93,310,0.0
247,119,0.0
247,399,0.0
247,476,0.0
247,264,0.0
247,200,0.0
247,189,0.0
247,362,0.0
247,17,0.0
247,16,0.0
247,310,0.0
221,119,0.0
221,20,0.0
221,399,0.0
221,476,0.0
221,264,0.0
221,200,0.0
221,189,0.0
221,362,0.0
221,17,0.0
221,16,0.0
408,476,1.0
408,17,1.0
408,19,0.0
408,125,0.0
408,400,0.0
408,59,-0.1474438771634714
408,824,-0.7448149705593954
408,77,-0.8915136406015283
408,190,-0.9942730178454487
408,415,-1.0000000000000002
350,119,0.0
350,20,0.0
350,399,0.0
350,476,0.0
350,264,0.0
350,200,0.0
350,189,0.0
350,362,0.0
350,17,0.0
350,16,0.0
406,119,0.0
406,20,0.0
406,399,0.0
406,476,0.0
406,264,0.0
406,200,0.0
406,189,0.0
406,362,0.0
406,17,0.0
406,16,0.0
121,119,0.0
121,476,0.0
121,264,0.0
121,200,0.0
121,189,0.0
121,362,0.0
121,17,0.0
121,16,0.0
121,310,0.0
121,59,0.0
212,20,9.130533174351287
212,264,6.130533174351286
212,200,5.246681665298861
212,255,4.890340943643655
212,287,4.4900691435444955
212,399,3.4900691435444946
212,22,1.890340943643655
212,78,1.8806562615144213
212,89,1.6404640308067906
212,189,1.490069143544495
80,119,0.0
80,399,0.0
80,476,0.0
80,264,0.0
80,200,0.0
80,189,0.0
80,362,0.0
80,17,0.0
80,16,0.0
80,310,0.0
140,119,0.0
140,20,0.0
140,399,0.0
140,476,0.0
140,264,0.0
140,200,0.0
140,189,0.0
140,362,0.0
140,17,0.0
140,16,0.0
230,119,0.0
230,20,0.0
230,399,0.0
230,476,0.0
230,264,0.0
230,200,0.0
230,189,0.0
230,362,0.0
230,17,0.0
230,16,0.0
110,119,0.0
110,20,0.0
110,399,0.0
110,476,0.0
110,264,0.0
110,200,0.0
110,189,0.0
110,362,0.0
110,17,0.0
110,16,0.0
114,19,0.0
114,824,0.0
114,125,0.0
114,476,0.0
114,59,0.0
114,17,0.0
114,284,0.0
114,400,0.0
114,89,-1.1102230246251565E-16
114,78,-2.220446049250313E-16
111,119,0.0
111,20,0.0
111,476,0.0
111,264,0.0
111,200,0.0
111,189,0.0
111,362,0.0
111,17,0.0
111,16,0.0
111,310,0.0
86,119,8.64613258269455
86,264,7.406126889618573
86,189,6.816806358201946
86,200,4.816806358201948
86,399,3.8168063582019442
86,287,2.646132582694551
86,362,1.8168063582019451
86,16,1.7339215700705912
86,77,1.0000000000000002
86,17,0.7857142857142856
203,79,4.154741356174274
203,362,3.452272978181896
203,287,3.104631248191269
203,16,3.081526003884831
203,59,1.8027942833052768
203,284,1.5636182951022441
203,134,1.027508195225921
203,416,1.0254375076444036
203,352,0.8554601666314052
203,255,0.7451554181641176
152,20,8.733076008474434
152,264,4.843180453697055
152,189,4.13758006467018
152,399,3.777364415584854
152,78,3.743321218993577
152,16,2.6826443914291884
152,287,2.3762348972208214
152,22,2.085887276976175
152,255,1.9535458191765211
152,352,1.3533581918184765
211,119,0.0
211,20,0.0
211,399,0.0
211,476,0.0
211,264,0.0
211,200,0.0
211,189,0.0
211,362,0.0
211,17,0.0
211,16,0.0
253,119,0.0
253,20,0.0
253,476,0.0
253,264,0.0
253,200,0.0
253,189,0.0
253,362,0.0
253,17,0.0
253,16,0.0
253,310,0.0
141,119,0.0
141,20,0.0
141,476,0.0
141,264,0.0
141,200,0.0
141,189,0.0
141,362,0.0
141,17,0.0
141,16,0.0
141,310,0.0
300,119,0.0
300,20,0.0
300,399,0.0
300,476,0.0
300,264,0.0
300,200,0.0
300,189,0.0
300,362,0.0
300,17,0.0
300,16,0.0
409,189,3.0
409,255,2.0
409,362,2.0
409,94,2.0
409,287,2.0
409,416,2.0
409,89,1.0000000000000004
409,59,1.0
409,22,1.0
409,399,1.0
407,119,0.0
407,20,0.0
407,399,0.0
407,476,0.0
407,264,0.0
407,200,0.0
407,189,0.0
407,362,0.0
407,17,0.0
407,16,0.0
372,119,0.0
372,20,0.0
372,399,0.0
372,476,0.0
372,264,0.0
372,200,0.0
372,189,0.0
372,362,0.0
372,17,0.0
372,16,0.0
174,255,6.0
174,200,6.0
174,310,6.0
174,287,6.0
174,264,6.0
174,189,5.0
174,362,4.0
174,20,4.0
174,119,4.0
174,352,4.0
336,119,0.0
336,20,0.0
336,399,0.0
336,476,0.0
336,264,0.0
336,200,0.0
336,189,0.0
336,362,0.0
336,17,0.0
336,16,0.0
387,200,9.0
387,119,8.0
387,79,7.0
387,399,7.0
387,255,4.0
387,362,3.0
387,189,3.0
387,352,2.0
387,89,2.0
387,416,1.9999999999999998
175,119,0.0
175,20,0.0
175,399,0.0
175,476,0.0
175,264,0.0
175,200,0.0
175,189,0.0
175,362,0.0
175,17,0.0
175,16,0.0
88,119,0.0
88,20,0.0
88,399,0.0
88,476,0.0
88,264,0.0
88,189,0.0
88,362,0.0
88,17,0.0
88,16,0.0
88,310,0.0
107,119,0.0
107,20,0.0
107,399,0.0
107,476,0.0
107,264,0.0
107,200,0.0
107,189,0.0
107,362,0.0
107,17,0.0
107,16,0.0
281,264,12.0
281,200,9.0
281,399,8.0
281,352,6.000000000000001
281,189,6.0
281,119,6.0
281,255,5.000000000000001
281,94,5.0
281,287,4.000000000000001
281,78,4.0
97,264,25.446767969455024
97,20,17.922116975987507
97,119,16.860413654576263
97,22,9.692409309435174
97,255,8.628380924679865
97,352,6.326908117243607
97,78,4.08542874534254
97,59,2.8677304098557035
97,134,1.2205697836241853
97,416,1.1731487701370065
179,22,7.1544149293769
179,310,4.697503372653433
179,189,4.0020282941464735
179,399,3.241853375678673
179,362,2.854419474185937
179,59,2.8108044780486106
179,287,2.659106692286297
179,16,2.1176240750775164
179,119,1.748088828803505
179,824,1.0
404,119,0.0
404,20,0.0
404,476,0.0
404,264,0.0
404,200,0.0
404,189,0.0
404,362,0.0
404,17,0.0
404,16,0.0
404,310,0.0
267,119,0.0
267,20,0.0
267,399,0.0
267,476,0.0
267,200,0.0
267,189,0.0
267,362,0.0
267,17,0.0
267,16,0.0
267,310,0.0
270,119,0.0
270,20,0.0
270,399,0.0
270,476,0.0
270,264,0.0
270,200,0.0
270,189,0.0
270,362,0.0
270,17,0.0
270,16,0.0
229,352,4.0
229,22,3.0
229,79,3.0
229,310,3.0
229,20,2.000000000000001
229,287,1.9999999999999998
229,416,1.0000000000000002
229,190,1.0000000000000002
229,77,1.0000000000000002
229,59,1.0
252,119,0.0
252,476,0.0
252,264,0.0
252,200,0.0
252,189,0.0
252,362,0.0
252,17,0.0
252,16,0.0
252,310,0.0
252,59,0.0
163,119,0.0
163,20,0.0
163,399,0.0
163,476,0.0
163,264,0.0
163,200,0.0
163,189,0.0
163,362,0.0
163,17,0.0
163,16,0.0
321,119,0.0
321,399,0.0
321,476,0.0
321,264,0.0
321,200,0.0
321,189,0.0
321,362,0.0
321,17,0.0
321,16,0.0
321,310,0.0
210,119,0.0
210,20,0.0
210,399,0.0
210,476,0.0
210,264,0.0
210,200,0.0
210,189,0.0
210,362,0.0
210,17,0.0
210,16,0.0
176,119,0.0
176,20,0.0
176,399,0.0
176,476,0.0
176,264,0.0
176,200,0.0
176,189,0.0
176,362,0.0
176,17,0.0
176,16,0.0
194,119,0.0
194,20,0.0
194,399,0.0
194,476,0.0
194,200,0.0
194,189,0.0
194,362,0.0
194,17,0.0
194,16,0.0
194,310,0.0
171,119,0.0
171,20,0.0
171,399,0.0
171,476,0.0
171,200,0.0
171,189,0.0
171,362,0.0
171,17,0.0
171,16,0.0
171,310,0.0
166,119,0.0
166,20,0.0
166,399,0.0
166,476,0.0
166,264,0.0
166,200,0.0
166,189,0.0
166,362,0.0
166,17,0.0
166,16,0.0
277,20,5.0
277,200,4.0
277,22,4.0
277,352,4.0
277,310,3.0
277,362,3.0
277,264,3.0
277,79,3.0
277,119,2.0
277,399,2.0
218,119,0.0
218,20,0.0
218,399,0.0
218,476,0.0
218,264,0.0
218,200,0.0
218,189,0.0
218,362,0.0
218,17,0.0
218,16,0.0
402,255,4.452673644215394
402,22,3.452673644215394
402,399,3.0
402,189,2.999714834921999
402,287,2.999714834921999
402,352,2.4529588092933947
402,264,2.4526736442153947
402,310,2.452673644215394
402,416,2.0
402,362,1.9999999999999998
360,255,5.4765134565476385
360,362,2.2207617977636724
360,200,2.012301269872877
360,134,1.4999999999999998
360,22,1.2172399768048063
360,415,1.0
360,94,0.8856320464745351
360,78,0.735431415053495
360,416,0.4999999999999999
360,287,0.3966923323083371
365,264,13.54376387228114
365,200,9.682984910718467
365,94,7.4009393572218904
365,189,4.987825685818118
365,399,4.987825685818117
365,20,4.8558925277892016
365,352,3.570766853442941
365,22,2.86711042360957
365,287,2.85982254320116
365,310,1.8750029662802852
362,119,0.0
362,20,0.0
362,399,0.0
362,476,0.0
362,264,0.0
362,200,0.0
362,189,0.0
362,362,0.0
362,17,0.0
362,16,0.0
363,119,0.0
363,20,0.0
363,399,0.0
363,476,0.0
363,264,0.0
363,200,0.0
363,189,0.0
363,362,0.0
363,17,0.0
363,16,0.0
196,20,0.0
196,399,0.0
196,476,0.0
196,264,0.0
196,200,0.0
196,189,0.0
196,362,0.0
196,17,0.0
196,16,0.0
196,310,0.0
388,20,0.0
388,399,0.0
388,476,0.0
388,264,0.0
388,200,0.0
388,189,0.0
388,362,0.0
388,17,0.0
388,16,0.0
388,310,0.0
390,399,7.078325631460794
390,189,6.941012250644882
390,94,4.2151337084945855
390,16,1.5765993457274825
390,59,1.2479509628907948
390,287,1.1378009381723595
390,78,0.9796943729428258
390,362,0.7775378073793975
390,190,0.6917027403456881
390,476,0.5879120879120879
223,20,0.0
223,399,0.0
223,476,0.0
223,264,0.0
223,200,0.0
223,189,0.0
223,362,0.0
223,17,0.0
223,16,0.0
223,310,0.0
301,119,0.0
301,20,0.0
301,399,0.0
301,476,0.0
301,264,0.0
301,200,0.0
301,189,0.0
301,362,0.0
301,17,0.0
301,16,0.0
73,119,0.0
73,20,0.0
73,476,0.0
73,264,0.0
73,200,0.0
73,189,0.0
73,362,0.0
73,17,0.0
73,16,0.0
73,310,0.0
315,17,0.362742818233664
315,476,0.362742818233664
315,415,0.11353260520559325
315,19,0.0
315,125,0.0
315,400,0.0
315,77,-0.3867045711857491
315,59,-0.7731774458495755
315,89,-0.8252656136922816
315,284,-0.8792910218497014
306,399,2.0
306,20,2.0
306,264,2.0
306,352,1.9999999999999998
306,79,1.9999999999999998
306,284,1.0
306,310,1.0
306,119,1.0
306,94,1.0
306,89,0.9999999999999998
312,264,7.314493815830362
312,119,4.539868896390757
312,20,2.743891620656383
312,89,2.4056901106354647
312,200,1.2310425415121242
312,476,1.0000000000000002
312,17,1.0000000000000002
312,824,1.0000000000000002
312,310,0.9653626254921377
312,79,0.6008276999539504
309,79,7.284027485584472
309,200,4.6314535217689325
309,352,2.7946357944270286
309,119,2.5621363952521836
309,255,2.355666282782723
309,824,0.9999999999999999
309,77,0.9999999999999999
309,190,0.996615895540124
309,416,0.9966158955401239
309,22,0.8768352880797066
279,399,15.539974801814793
279,119,11.799641417029047
279,287,9.087425746796477
279,310,5.39756429895324
279,89,5.275879508607701
279,362,4.808093075942053
279,189,4.631762055963444
279,16,4.30236105716874
279,94,3.9925767267333327
279,22,3.3472526554886617
358,255,3.0
358,200,3.0
358,22,3.0
358,264,3.0
358,399,2.0000000000000004
358,287,2.0
358,20,2.0
358,78,2.0
358,310,2.0
358,352,2.0
233,119,0.0
233,20,0.0
233,399,0.0
233,476,0.0
233,200,0.0
233,189,0.0
233,362,0.0
233,17,0.0
233,16,0.0
233,310,0.0
348,119,0.0
348,20,0.0
348,399,0.0
348,476,0.0
348,200,0.0
348,189,0.0
348,362,0.0
348,17,0.0
348,16,0.0
348,310,0.0
227,119,0.0
227,20,0.0
227,399,0.0
227,476,0.0
227,264,0.0
227,200,0.0
227,189,0.0
227,362,0.0
227,17,0.0
227,16,0.0
273,264,17.0
273,399,14.0
273,189,11.0
273,20,11.0
273,362,9.0
273,119,8.0
273,310,8.0
273,287,7.0
273,79,7.0
273,255,6.0
162,119,0.0
162,399,0.0
162,476,0.0
162,264,0.0
162,200,0.0
162,189,0.0
162,362,0.0
162,17,0.0
162,16,0.0
162,310,0.0
106,22,1.4299734881878017
106,415,1.0
106,134,0.3529883256249612
106,125,0.0
106,19,0.0
106,400,0.0
106,352,-0.40175086241691227
106,284,-0.6184343931823776
106,476,-0.6458227398824743
106,17,-0.6458227398824743
169,119,0.0
169,20,0.0
169,476,0.0
169,264,0.0
169,200,0.0
169,189,0.0
169,362,0.0
169,17,0.0
169,16,0.0
169,310,0.0
302,20,0.0
302,399,0.0
302,476,0.0
302,264,0.0
302,200,0.0
302,189,0.0
302,362,0.0
302,17,0.0
302,16,0.0
302,310,0.0
310,119,0.0
310,20,0.0
310,399,0.0
310,476,0.0
310,264,0.0
310,200,0.0
310,189,0.0
310,362,0.0
310,17,0.0
310,16,0.0
298,119,0.0
298,20,0.0
298,399,0.0
298,476,0.0
298,264,0.0
298,200,0.0
298,189,0.0
298,362,0.0
298,17,0.0
298,16,0.0
274,119,0.0
274,20,0.0
274,399,0.0
274,476,0.0
274,200,0.0
274,189,0.0
274,362,0.0
274,17,0.0
274,16,0.0
274,310,0.0
340,255,6.483608187331873
340,352,6.052646428329309
340,22,3.588800490597354
340,200,2.7663452406384685
340,310,1.9903485023615515
340,89,1.9590286343729453
340,78,0.9528206865886188
340,16,0.5611294203557953
340,415,0.0
340,17,0.0
246,89,2.164709749511484
246,17,0.6194371243809994
246,476,0.6194371243809994
246,134,0.30091084993696515
246,19,0.0
246,125,0.0
246,400,0.0
246,415,-0.1493067390110056
246,77,-0.19403779805606622
246,190,-0.5084075564653333
342,119,0.0
342,399,0.0
342,476,0.0
342,264,0.0
342,200,0.0
342,189,0.0
342,362,0.0
342,17,0.0
342,16,0.0
342,310,0.0
292,89,0.9999999999999999
292,77,0.0
292,19,0.0
292,415,0.0
292,125,0.0
292,400,0.0
292,190,-0.9999999999999998
292,352,-0.9999999999999998
292,16,-0.9999999999999999
292,284,-0.9999999999999999
135,119,0.0
135,399,0.0
135,476,0.0
135,200,0.0
135,189,0.0
135,362,0.0
135,17,0.0
135,16,0.0
135,310,0.0
135,59,0.0
214,189,9.134705171353069
214,94,4.987215167183049
214,59,3.8969102198622565
214,16,3.0379919424355384
214,287,2.3000071618284625
214,310,2.172694687976297
214,264,2.0779871920601334
214,476,1.0000000000000002
214,17,1.0000000000000002
214,77,1.0
192,264,12.53964312365223
192,200,12.296476623189609
192,310,7.745930682982166
192,22,6.15483117314535
192,362,3.8619943100484075
192,94,3.562276865080568
192,134,1.9126917733720759
192,416,1.4832246278476122
192,824,0.9999999999999999
192,415,0.9585254749478871
278,200,12.92579594261952
278,264,11.435983314996566
278,399,9.00765349030769
278,189,8.894582369442421
278,119,8.55324115473988
278,94,6.848248162586186
278,16,5.997167038143229
278,362,5.897415331299195
278,255,5.397282033157798
278,22,4.075869540104509
319,399,11.0
319,200,11.0
319,255,10.0
319,119,8.0
319,352,7.0
319,287,6.0
319,20,6.0
319,189,6.0
319,94,5.0
319,310,5.0
186,20,6.728024282220346
186,119,4.138702113640939
186,78,3.7755877580513983
186,16,2.9756145229918185
186,287,2.9294374819211724
186,284,1.7755877580513983
186,189,1.698184151931853
186,310,1.6840050445534558
186,415,1.0
186,416,0.8656527870913047
234,119,0.0
234,20,0.0
234,399,0.0
234,476,0.0
234,264,0.0
234,200,0.0
234,189,0.0
234,362,0.0
234,17,0.0
234,16,0.0
330,119,0.0
330,20,0.0
330,399,0.0
330,476,0.0
330,264,0.0
330,200,0.0
330,189,0.0
330,362,0.0
330,17,0.0
330,16,0.0
378,119,0.0
378,20,0.0
378,476,0.0
378,264,0.0
378,200,0.0
378,189,0.0
378,362,0.0
378,17,0.0
378,16,0.0
378,310,0.0
394,20,0.0
394,399,0.0
394,476,0.0
394,264,0.0
394,200,0.0
394,189,0.0
394,362,0.0
394,17,0.0
394,16,0.0
394,310,0.0
295,119,0.0
295,20,0.0
295,399,0.0
295,476,0.0
295,264,0.0
295,200,0.0
295,189,0.0
295,362,0.0
295,17,0.0
295,16,0.0
241,119,0.0
241,20,0.0
241,476,0.0
241,264,0.0
241,200,0.0
241,189,0.0
241,362,0.0
241,17,0.0
241,16,0.0
241,310,0.0
132,264,2.0
132,22,1.0
132,79,2.220446049250313E-16
132,287,2.220446049250313E-16
132,17,0.0
132,16,0.0
132,476,0.0
132,200,0.0
132,189,0.0
132,362,0.0
222,119,0.0
222,20,0.0
222,399,0.0
222,476,0.0
222,264,0.0
222,200,0.0
222,189,0.0
222,362,0.0
222,17,0.0
222,16,0.0
224,119,0.0
224,20,0.0
224,399,0.0
224,476,0.0
224,264,0.0
224,200,0.0
224,189,0.0
224,362,0.0
224,17,0.0
224,16,0.0
303,119,0.0
303,20,0.0
303,399,0.0
303,476,0.0
303,200,0.0
303,189,0.0
303,362,0.0
303,17,0.0
303,16,0.0
303,310,0.0
217,20,0.0
217,399,0.0
217,476,0.0
217,264,0.0
217,200,0.0
217,189,0.0
217,362,0.0
217,17,0.0
217,16,0.0
217,310,0.0
293,119,0.0
293,20,0.0
293,399,0.0
293,476,0.0
293,264,0.0
293,200,0.0
293,189,0.0
293,362,0.0
293,17,0.0
293,16,0.0
240,255,2.2705316664489255
240,134,1.3002661462182796
240,415,1.0
240,352,0.7154428489719937
240,22,0.4067153441246365
240,399,0.17932693525469534
240,19,0.0
240,125,0.0
240,400,0.0
240,284,-0.4999999999999999
158,119,0.0
158,20,0.0
158,399,0.0
158,476,0.0
158,264,0.0
158,200,0.0
158,189,0.0
158,362,0.0
158,17,0.0
158,16,0.0
204,119,0.0
204,399,0.0
204,476,0.0
204,200,0.0
204,189,0.0
204,362,0.0
204,17,0.0
204,16,0.0
204,310,0.0
204,59,0.0
294,20,15.366025403784437
294,200,14.347093649740604
294,399,13.866025403784437
294,119,9.182387042211875
294,189,8.95973714032449
294,362,7.682387042211875
294,310,6.95973714032449
294,255,6.143375501897054
294,79,5.95973714032449
294,78,3.0
367,352,6.6547185109254565
367,200,5.784229204600532
367,255,5.329827634586165
367,59,2.8318679648936165
367,287,2.6614138760666872
367,20,2.129089427101057
367,415,1.0
367,134,0.8204827803699402
367,310,0.7082035711951489
367,16,0.5248583968514693
77,59,0.6235962954185947
77,77,0.0
77,19,0.0
77,125,0.0
77,824,0.0
77,476,0.0
77,17,0.0
77,415,0.0
77,400,0.0
77,134,-0.1390607349802544
337,399,19.10976454373573
337,94,14.670932015349493
337,79,12.439385412558984
337,189,9.868768540865858
337,352,6.089253176660702
337,190,1.7585505281893896
337,16,1.6571052404274984
337,416,1.5413797615464522
337,362,1.4183600384376291
337,59,1.3003943318280984
138,119,0.0
138,20,0.0
138,399,0.0
138,476,0.0
138,264,0.0
138,200,0.0
138,189,0.0
138,17,0.0
138,16,0.0
138,310,0.0
226,20,0.0
226,399,0.0
226,476,0.0
226,264,0.0
226,200,0.0
226,189,0.0
226,362,0.0
226,17,0.0
226,16,0.0
226,310,0.0
399,119,0.0
399,399,0.0
399,476,0.0
399,264,0.0
399,189,0.0
399,362,0.0
399,17,0.0
399,16,0.0
399,310,0.0
399,59,0.0
243,20,0.0
243,399,0.0
243,476,0.0
243,264,0.0
243,200,0.0
243,189,0.0
243,362,0.0
243,17,0.0
243,16,0.0
243,310,0.0
124,119,4.0
124,264,3.0
124,59,1.9999999999999998
124,94,1.9999999999999996
124,287,1.9999999999999991
124,189,1.9999999999999991
124,416,0.9999999999999998
124,190,0.9999999999999998
124,77,0.9999999999999998
124,399,0.9999999999999996
126,119,0.0
126,20,0.0
126,399,0.0
126,476,0.0
126,200,0.0
126,189,0.0
126,362,0.0
126,17,0.0
126,16,0.0
126,310,0.0
276,119,0.0
276,20,0.0
276,399,0.0
276,476,0.0
276,264,0.0
276,200,0.0
276,189,0.0
276,362,0.0
276,17,0.0
276,16,0.0
112,119,0.0
112,20,0.0
112,399,0.0
112,476,0.0
112,264,0.0
112,200,0.0
112,189,0.0
112,17,0.0
112,16,0.0
112,310,0.0
311,119,0.0
311,20,0.0
311,399,0.0
311,476,0.0
311,264,0.0
311,200,0.0
311,189,0.0
311,362,0.0
311,17,0.0
311,16,0.0
244,255,1.0
244,200,1.0
244,79,1.0
244,352,3.3306690738754696E-16
244,22,2.220446049250313E-16
244,89,1.1102230246251565E-16
244,94,0.0
244,59,0.0
244,476,0.0
244,17,0.0
72,119,0.0
72,20,0.0
72,476,0.0
72,264,0.0
72,200,0.0
72,189,0.0
72,362,0.0
72,17,0.0
72,16,0.0
72,310,0.0
202,189,5.6848355717945385
202,255,5.489284467856802
202,362,5.14967895033658
202,200,3.823383054254405
202,78,3.434720387429007
202,59,2.0220727038786084
202,284,1.2254242023895716
202,16,1.0991782229495652
202,134,1.0429876954720436
202,94,0.830142159856468
122,119,0.0
122,20,0.0
122,476,0.0
122,264,0.0
122,200,0.0
122,189,0.0
122,362,0.0
122,17,0.0
122,16,0.0
122,310,0.0
81,119,0.0
81,20,0.0
81,399,0.0
81,476,0.0
81,264,0.0
81,200,0.0
81,189,0.0
81,17,0.0
81,16,0.0
81,310,0.0
261,399,14.175277565787056
261,255,10.008502335186616
261,119,9.905910926343429
261,189,9.276786613426077
261,94,8.115810911427538
261,310,8.040981661743878
261,352,7.720991168306451
261,287,7.626359099079135
261,20,7.392510418227369
261,22,5.806185373972139
264,264,8.0
264,200,7.0
264,119,5.0
264,20,4.0
264,189,4.0
264,22,3.0
264,287,3.0
264,399,3.0
264,94,3.0
264,352,3.0
102,20,0.0
102,399,0.0
102,476,0.0
102,264,0.0
102,200,0.0
102,189,0.0
102,362,0.0
102,17,0.0
102,16,0.0
102,310,0.0
232,119,0.0
232,20,0.0
232,399,0.0
232,476,0.0
232,264,0.0
232,200,0.0
232,189,0.0
232,362,0.0
232,17,0.0
232,16,0.0
263,119,0.0
263,20,0.0
263,399,0.0
263,476,0.0
263,264,0.0
263,200,0.0
263,189,0.0
263,362,0.0
263,17,0.0
263,16,0.0
268,119,0.0
268,20,0.0
268,399,0.0
268,476,0.0
268,264,0.0
268,200,0.0
268,189,0.0
268,362,0.0
268,17,0.0
268,16,0.0
396,20,12.722411246734946
396,264,8.646512446873228
396,399,5.3502255731853685
396,287,5.3502255731853685
396,119,4.431822084028014
396,310,4.215089314217961
396,255,4.075083875444651
396,78,3.650578026746878
396,22,2.4293750285036753
396,362,2.3502255731853694
397,399,21.02853063915374
397,255,14.496585772981849
397,287,12.948816420882377
397,119,12.71192640860994
397,94,8.394048297941538
397,189,8.238977692903706
397,310,7.027524996080249
397,362,6.654009620679696
397,22,5.257527762929392
397,16,4.980131068537699
129,119,0.0
129,20,0.0
129,399,0.0
129,476,0.0
129,200,0.0
129,189,0.0
129,362,0.0
129,17,0.0
129,16,0.0
129,310,0.0
333,78,3.00299812948277
333,255,2.7613167171749016
333,200,2.1645859449274765
333,284,1.8722551406597405
333,416,1.3086350256156714
333,79,0.86436003838061
333,824,0.49999999999999994
333,362,0.42485103954801406
333,415,0.0
333,125,0.0
369,119,0.0
369,20,0.0
369,399,0.0
369,476,0.0
369,264,0.0
369,200,0.0
369,189,0.0
369,362,0.0
369,17,0.0
369,16,0.0
259,189,6.3835388345294835
259,119,5.584180654857903
259,59,3.722101752248994
259,94,3.5613384306424187
259,79,2.768210135896464
259,16,2.4438214321832237
259,200,1.0116073303843693
259,476,1.0
259,77,1.0
259,17,1.0
161,200,6.0
161,362,5.0
161,264,5.0
161,399,4.0
161,287,4.0
161,22,4.0
161,79,3.0
161,310,3.0
161,119,3.0
161,134,3.0
403,200,14.120005528869111
403,399,10.581194209607936
403,255,6.365178426333452
403,287,5.975290179745442
403,352,5.702349206558344
403,94,5.099815390881327
403,189,4.6544416645581475
403,89,2.8279851763213593
403,78,2.4641013431191108
403,284,1.2142202780165867
258,264,5.889705161410465
258,189,4.669238267478216
258,200,3.8897051614104647
258,20,3.6754194471247503
258,352,2.8222139046363077
258,287,2.7367295242523726
258,310,2.6754194471247503
258,399,2.6692382674782156
258,362,2.6692382674782156
258,79,2.036499618922022
215,119,0.0
215,399,0.0
215,476,0.0
215,264,0.0
215,200,0.0
215,189,0.0
215,362,0.0
215,17,0.0
215,16,0.0
215,310,0.0
164,119,0.0
164,20,0.0
164,399,0.0
164,476,0.0
164,264,0.0
164,200,0.0
164,189,0.0
164,362,0.0
164,17,0.0
164,16,0.0
357,119,0.0
357,20,0.0
357,399,0.0
357,476,0.0
357,200,0.0
357,189,0.0
357,362,0.0
357,17,0.0
357,16,0.0
357,310,0.0
190,476,0.0
190,264,0.0
190,200,0.0
190,189,0.0
190,362,0.0
190,17,0.0
190,16,0.0
190,310,0.0
190,59,0.0
190,94,0.0
307,119,0.0
307,399,0.0
307,476,0.0
307,264,0.0
307,200,0.0
307,189,0.0
307,362,0.0
307,17,0.0
307,16,0.0
307,310,0.0
238,119,0.0
238,20,0.0
238,399,0.0
238,476,0.0
238,264,0.0
238,200,0.0
238,189,0.0
238,362,0.0
238,17,0.0
238,16,0.0
165,20,0.0
165,399,0.0
165,476,0.0
165,264,0.0
165,200,0.0
165,189,0.0
165,362,0.0
165,17,0.0
165,16,0.0
165,310,0.0
225,20,0.0
225,399,0.0
225,476,0.0
225,264,0.0
225,200,0.0
225,189,0.0
225,362,0.0
225,17,0.0
225,16,0.0
225,310,0.0
242,119,0.0
242,399,0.0
242,476,0.0
242,264,0.0
242,200,0.0
242,189,0.0
242,362,0.0
242,17,0.0
242,16,0.0
242,310,0.0
338,89,1.2771160362715415
338,400,1.0
338,22,0.773363434112313
338,17,0.3447110846206648
338,476,0.3447110846206648
338,77,0.08219949365267905
338,125,0.0
338,19,0.0
338,824,0.0
338,415,-0.3372231693671547
326,119,0.0
326,399,0.0
326,476,0.0
326,264,0.0
326,200,0.0
326,189,0.0
326,362,0.0
326,17,0.0
326,16,0.0
326,310,0.0
96,119,0.0
96,20,0.0
96,399,0.0
96,476,0.0
96,264,0.0
96,200,0.0
96,189,0.0
96,362,0.0
96,17,0.0
96,16,0.0
94,119,0.0
94,20,0.0
94,399,0.0
94,476,0.0
94,264,0.0
94,200,0.0
94,189,0.0
94,17,0.0
94,16,0.0
94,310,0.0
123,119,0.0
123,399,0.0
123,476,0.0
123,264,0.0
123,200,0.0
123,189,0.0
123,362,0.0
123,17,0.0
123,16,0.0
123,310,0.0
392,264,11.320569509641203
392,79,8.235352370043135
392,119,7.805336112241989
392,399,6.47217136826365
392,310,6.442151932601808
392,362,4.814768781169208
392,22,3.4801840887289446
392,189,3.098475241139788
392,352,3.073586724598446
392,416,2.4208280569118763
343,79,5.677146506806799
343,20,4.660653028687947
343,310,3.8534930599447925
343,255,3.752202138352664
343,287,2.9176363323579593
343,362,2.9176363323579593
343,189,2.9176363323579593
343,22,2.8910208757177256
343,119,2.8772945741598184
343,399,1.9176363323579593
120,20,0.0
120,399,0.0
120,476,0.0
120,264,0.0
120,200,0.0
120,189,0.0
120,362,0.0
120,17,0.0
120,16,0.0
120,310,0.0
344,287,8.0
344,255,8.0
344,200,6.000000000000001
344,310,6.000000000000001
344,264,6.0
344,189,6.0
344,119,6.0
344,94,5.0
344,20,5.0
344,362,4.0
213,255,1.9550193871748887
213,79,1.873492586125764
213,284,1.0
213,415,0.999189736531372
213,89,0.9678678369916546
213,134,0.9416416318759988
213,399,0.9048144856654812
213,352,0.8734925861257636
213,78,0.861222665004794
213,416,0.0
305,119,0.0
305,399,0.0
305,476,0.0
305,264,0.0
305,200,0.0
305,189,0.0
305,362,0.0
305,17,0.0
305,16,0.0
305,310,0.0
314,119,0.0
314,399,0.0
314,476,0.0
314,264,0.0
314,200,0.0
314,189,0.0
314,362,0.0
314,17,0.0
314,16,0.0
314,310,0.0
75,119,0.0
75,20,0.0
75,399,0.0
75,476,0.0
75,264,0.0
75,200,0.0
75,189,0.0
75,362,0.0
75,17,0.0
75,16,0.0
262,264,12.0
262,200,9.0
262,399,8.0
262,189,6.000000000000001
262,119,6.0
262,352,6.0
262,94,5.000000000000001
262,255,5.0
262,78,4.0
262,287,4.0
216,119,0.0
216,20,0.0
216,399,0.0
216,476,0.0
216,264,0.0
216,200,0.0
216,189,0.0
216,362,0.0
216,17,0.0
216,16,0.0
220,119,0.0
220,20,0.0
220,399,0.0
220,476,0.0
220,264,0.0
220,200,0.0
220,189,0.0
220,362,0.0
220,17,0.0
220,16,0.0
377,119,0.0
377,399,0.0
377,476,0.0
377,264,0.0
377,200,0.0
377,189,0.0
377,362,0.0
377,17,0.0
377,16,0.0
377,310,0.0
316,264,13.542839020459693
316,119,9.397560041762638
316,200,9.093199081345835
316,189,6.036454172827229
316,362,5.7661549159932965
316,287,5.681890297659558
316,255,4.951240604392376
316,79,4.725218791718938
316,310,3.9069203343276087
316,16,2.6296104417231048
209,264,9.0
209,200,9.0
209,20,8.0
209,119,5.0
209,362,5.0
209,255,5.0
209,287,4.0
209,79,3.0
209,189,3.0
209,59,2.0
265,119,0.0
265,20,0.0
265,399,0.0
265,476,0.0
265,264,0.0
265,200,0.0
265,189,0.0
265,362,0.0
265,17,0.0
265,16,0.0
167,310,6.803068318520239
167,22,6.507969501995446
167,94,5.217828914815051
167,287,5.126513411622451
167,200,4.743786152726306
167,399,4.142158695248163
167,255,3.9352475058415903
167,78,2.901854761213858
167,89,1.6067559446890665
167,189,1.4178854351792614
178,20,0.0
178,399,0.0
178,476,0.0
178,264,0.0
178,200,0.0
178,189,0.0
178,362,0.0
178,17,0.0
178,16,0.0
178,310,0.0
289,119,0.0
289,399,0.0
289,476,0.0
289,264,0.0
289,200,0.0
289,189,0.0
289,362,0.0
289,17,0.0
289,16,0.0
289,310,0.0
287,119,0.0
287,20,0.0
287,399,0.0
287,476,0.0
287,200,0.0
287,189,0.0
287,362,0.0
287,17,0.0
287,16,0.0
287,310,0.0
380,119,0.0
380,399,0.0
380,476,0.0
380,200,0.0
380,189,0.0
380,362,0.0
380,17,0.0
380,16,0.0
380,310,0.0
380,59,0.0
356,399,11.0
356,200,11.0
356,255,10.0
356,119,8.0
356,352,7.0
356,287,6.0
356,20,6.0
356,189,6.0
356,94,5.0
356,310,5.0
354,200,9.0
354,119,8.0
354,79,7.0
354,399,7.0
354,255,4.0
354,362,3.0
354,189,3.0
354,284,2.0
354,352,2.0
354,89,2.0
376,119,0.0
376,20,0.0
376,399,0.0
376,476,0.0
376,264,0.0
376,200,0.0
376,189,0.0
376,362,0.0
376,17,0.0
376,16,0.0
346,119,0.0
346,20,0.0
346,476,0.0
346,264,0.0
346,200,0.0
346,189,0.0
346,362,0.0
346,17,0.0
346,16,0.0
346,310,0.0
101,20,0.0
101,399,0.0
101,476,0.0
101,264,0.0
101,200,0.0
101,189,0.0
101,362,0.0
101,17,0.0
101,16,0.0
101,310,0.0
109,119,0.0
109,20,0.0
109,399,0.0
109,476,0.0
109,264,0.0
109,200,0.0
109,189,0.0
109,362,0.0
109,17,0.0
109,16,0.0
191,399,11.0
191,200,11.0
191,255,10.0
191,119,8.0
191,352,7.0
191,287,6.0
191,20,6.0
191,189,6.0
191,94,5.0
191,310,5.0
184,119,0.0
184,20,0.0
184,399,0.0
184,476,0.0
184,264,0.0
184,200,0.0
184,189,0.0
184,362,0.0
184,17,0.0
184,16,0.0
352,119,0.0
352,20,0.0
352,399,0.0
352,476,0.0
352,264,0.0
352,200,0.0
352,189,0.0
352,362,0.0
352,17,0.0
352,16,0.0
231,119,0.0
231,20,0.0
231,399,0.0
231,476,0.0
231,264,0.0
231,189,0.0
231,362,0.0
231,17,0.0
231,16,0.0
231,310,0.0
187,119,0.0
187,20,0.0
187,399,0.0
187,476,0.0
187,264,0.0
187,200,0.0
187,189,0.0
187,362,0.0
187,17,0.0
187,16,0.0
297,200,13.727260007668903
297,399,12.57276133724071
297,255,9.0591807966224
297,119,8.804698015668535
297,94,8.498601155989682
297,189,7.8175763078001035
297,287,6.3175763078001035
297,352,5.96901949677098
297,22,5.559180796622399
297,20,5.469019496770983
228,399,4.898299671012236
228,352,4.0485659526356645
228,362,4.015426457344811
228,189,3.3513564646089087
228,119,2.7768202915999627
228,284,1.9284633231508064
228,200,1.6851816416430638
228,287,1.5979843712665651
228,16,1.5460453973635417
228,416,1.4376459001644402
308,119,0.0
308,20,0.0
308,476,0.0
308,264,0.0
308,200,0.0
308,189,0.0
308,362,0.0
308,17,0.0
308,16,0.0
308,310,0.0
139,119,0.0
139,20,0.0
139,399,0.0
139,476,0.0
139,200,0.0
139,189,0.0
139,362,0.0
139,17,0.0
139,16,0.0
139,310,0.0
373,119,0.0
373,20,0.0
373,399,0.0
373,476,0.0
373,264,0.0
373,200,0.0
373,189,0.0
373,362,0.0
373,17,0.0
373,16,0.0
168,119,0.0
168,20,0.0
168,399,0.0
168,476,0.0
168,200,0.0
168,189,0.0
168,362,0.0
168,17,0.0
168,16,0.0
168,310,0.0
400,119,0.0
400,20,0.0
400,399,0.0
400,476,0.0
400,264,0.0
400,200,0.0
400,189,0.0
400,362,0.0
400,17,0.0
400,16,0.0
320,119,0.0
320,20,0.0
320,399,0.0
320,476,0.0
320,264,0.0
320,200,0.0
320,189,0.0
320,362,0.0
320,17,0.0
320,16,0.0
95,119,0.0
95,20,0.0
95,399,0.0
95,476,0.0
95,264,0.0
95,200,0.0
95,189,0.0
95,362,0.0
95,17,0.0
95,16,0.0
353,119,0.0
353,20,0.0
353,399,0.0
353,476,0.0
353,200,0.0
353,189,0.0
353,362,0.0
353,17,0.0
353,16,0.0
353,310,0.0
260,119,0.0
260,20,0.0
260,399,0.0
260,476,0.0
260,264,0.0
260,200,0.0
260,189,0.0
260,362,0.0
260,17,0.0
260,16,0.0
83,119,0.0
83,20,0.0
83,399,0.0
83,476,0.0
83,264,0.0
83,200,0.0
83,189,0.0
83,362,0.0
83,17,0.0
83,16,0.0
250,352,3.0
250,89,2.0
250,284,1.0
250,416,1.0
250,79,1.0
250,78,0.0
250,476,0.0
250,17,0.0
250,415,0.0
250,824,0.0
395,264,12.000000000000002
395,200,9.000000000000002
395,399,8.0
395,189,6.000000000000001
395,119,6.000000000000001
395,352,6.000000000000001
395,94,5.000000000000001
395,255,5.000000000000001
395,78,4.000000000000001
395,287,4.000000000000001
183,119,0.0
183,20,0.0
183,399,0.0
183,476,0.0
183,264,0.0
183,200,0.0
183,189,0.0
183,362,0.0
183,17,0.0
183,16,0.0
275,119,0.0
275,20,0.0
275,399,0.0
275,476,0.0
275,264,0.0
275,200,0.0
275,189,0.0
275,362,0.0
275,17,0.0
275,16,0.0
173,22,3.000000000000001
173,310,1.9999999999999998
173,59,1.0000000000000002
173,476,1.0000000000000002
173,17,1.0000000000000002
173,77,1.0000000000000002
173,134,1.0
173,19,0.0
173,824,0.0
173,415,0.0
272,119,0.0
272,20,0.0
272,399,0.0
272,476,0.0
272,264,0.0
272,200,0.0
272,189,0.0
272,362,0.0
272,17,0.0
272,16,0.0
304,119,0.0
304,20,0.0
304,399,0.0
304,476,0.0
304,264,0.0
304,200,0.0
304,189,0.0
304,362,0.0
304,17,0.0
304,16,0.0
318,119,0.0
318,20,0.0
318,399,0.0
318,476,0.0
318,264,0.0
318,200,0.0
318,189,0.0
318,362,0.0
318,17,0.0
318,16,0.0
125,22,3.0
125,310,1.9999999999999998
125,59,1.0
125,476,1.0
125,17,1.0
125,77,1.0
125,134,0.9999999999999998
125,19,0.0
125,824,0.0
125,415,0.0
374,119,0.0
374,20,0.0
374,399,0.0
374,476,0.0
374,264,0.0
374,200,0.0
374,189,0.0
374,362,0.0
374,17,0.0
374,16,0.0
317,119,0.0
317,20,0.0
317,399,0.0
317,476,0.0
317,264,0.0
317,200,0.0
317,189,0.0
317,362,0.0
317,17,0.0
317,16,0.0
177,119,0.0
177,20,0.0
177,399,0.0
177,476,0.0
177,264,0.0
177,200,0.0
177,189,0.0
177,362,0.0
177,17,0.0
177,16,0.0
149,399,11.0
149,200,11.0
149,255,10.0
149,119,8.0
149,352,7.0
149,287,6.0
149,20,6.0
149,189,6.0
149,94,5.0
149,310,5.0
327,119,0.0
327,20,0.0
327,399,0.0
327,476,0.0
327,264,0.0
327,200,0.0
327,189,0.0
327,362,0.0
327,17,0.0
327,16,0.0
207,22,3.0
207,310,1.9999999999999998
207,59,1.0
207,476,1.0
207,17,1.0
207,77,1.0
207,134,0.9999999999999998
207,19,0.0
207,824,0.0
207,415,0.0
361,119,0.0
361,20,0.0
361,399,0.0
361,476,0.0
361,264,0.0
361,200,0.0
361,189,0.0
361,362,0.0
361,17,0.0
361,16,0.0
339,119,0.0
339,399,0.0
339,476,0.0
339,264,0.0
339,200,0.0
339,189,0.0
339,362,0.0
339,17,0.0
339,16,0.0
339,310,0.0
351,119,0.0
351,20,0.0
351,399,0.0
351,476,0.0
351,264,0.0
351,200,0.0
351,189,0.0
351,362,0.0
351,17,0.0
351,16,0.0
266,119,0.0
266,20,0.0
266,399,0.0
266,476,0.0
266,264,0.0
266,200,0.0
266,189,0.0
266,362,0.0
266,17,0.0
266,16,0.0
386,119,0.0
386,399,0.0
386,476,0.0
386,264,0.0
386,200,0.0
386,189,0.0
386,362,0.0
386,17,0.0
386,16,0.0
386,310,0.0
285,264,4.6627165080458335
285,287,4.457437055429053
285,200,3.6627165080458317
285,399,3.494964871201985
285,255,3.3657250010073567
285,310,2.9304865527872366
285,119,1.9218697045090045
285,189,1.7488090789858632
285,362,1.7488090789858632
285,22,1.6902943220796063
127,119,0.0
127,20,0.0
127,476,0.0
127,264,0.0
127,200,0.0
127,189,0.0
127,362,0.0
127,17,0.0
127,16,0.0
127,310,0.0
341,119,0.0
341,399,0.0
341,476,0.0
341,264,0.0
341,200,0.0
341,189,0.0
341,362,0.0
341,17,0.0
341,16,0.0
341,310,0.0
130,119,0.0
130,20,0.0
130,399,0.0
130,476,0.0
130,264,0.0
130,200,0.0
130,189,0.0
130,362,0.0
130,17,0.0
130,16,0.0
364,119,0.0
364,20,0.0
364,399,0.0
364,476,0.0
364,264,0.0
364,200,0.0
364,189,0.0
364,362,0.0
364,17,0.0
364,16,0.0
331,119,0.0
331,20,0.0
331,399,0.0
331,476,0.0
331,200,0.0
331,189,0.0
331,362,0.0
331,17,0.0
331,16,0.0
331,310,0.0
332,119,0.0
332,20,0.0
332,399,0.0
332,476,0.0
332,264,0.0
332,200,0.0
332,189,0.0
332,362,0.0
332,17,0.0
332,16,0.0
389,119,0.0
389,20,0.0
389,399,0.0
389,476,0.0
389,264,0.0
389,200,0.0
389,189,0.0
389,362,0.0
389,17,0.0
389,16,0.0
146,20,0.0
146,399,0.0
146,476,0.0
146,264,0.0
146,200,0.0
146,189,0.0
146,362,0.0
146,17,0.0
146,16,0.0
146,310,0.0
328,119,0.0
328,399,0.0
328,476,0.0
328,264,0.0
328,200,0.0
328,189,0.0
328,362,0.0
328,17,0.0
328,16,0.0
328,310,0.0
322,119,0.0
322,399,0.0
322,476,0.0
322,264,0.0
322,200,0.0
322,189,0.0
322,362,0.0
322,17,0.0
322,16,0.0
322,310,0.0
181,119,0.0
181,399,0.0
181,476,0.0
181,264,0.0
181,200,0.0
181,189,0.0
181,362,0.0
181,17,0.0
181,16,0.0
181,310,0.0
299,399,9.0
299,20,8.0
299,264,7.0
299,352,7.0
299,362,6.0
299,189,6.0
299,255,5.0
299,310,5.0
299,200,5.0
299,119,5.0
313,119,0.0
313,20,0.0
313,399,0.0
313,476,0.0
313,264,0.0
313,200,0.0
313,189,0.0
313,362,0.0
313,17,0.0
313,16,0.0
245,119,0.0
245,20,0.0
245,399,0.0
245,476,0.0
245,200,0.0
245,189,0.0
245,362,0.0
245,17,0.0
245,16,0.0
245,310,0.0
393,119,0.0
393,20,0.0
393,399,0.0
393,476,0.0
393,264,0.0
393,200,0.0
393,189,0.0
393,362,0.0
393,17,0.0
393,16,0.0
324,200,9.0
324,119,8.0
324,399,7.0
324,79,7.0
324,255,4.0
324,362,3.0
324,189,3.0
324,284,2.0
324,416,2.0
324,89,2.0
74,119,0.0
74,20,0.0
74,476,0.0
74,264,0.0
74,200,0.0
74,189,0.0
74,362,0.0
74,17,0.0
74,16,0.0
74,310,0.0
195,119,0.0
195,399,0.0
195,476,0.0
195,264,0.0
195,200,0.0
195,189,0.0
195,362,0.0
195,17,0.0
195,16,0.0
195,310,0.0
239,119,0.0
239,399,0.0
239,476,0.0
239,264,0.0
239,200,0.0
239,189,0.0
239,362,0.0
239,17,0.0
239,16,0.0
239,310,0.0
334,119,0.0
334,20,0.0
334,476,0.0
334,264,0.0
334,200,0.0
334,189,0.0
334,362,0.0
334,17,0.0
334,16,0.0
334,310,0.0
118,119,0.0
118,20,0.0
118,476,0.0
118,264,0.0
118,200,0.0
118,189,0.0
118,17,0.0
118,16,0.0
118,310,0.0
118,59,0.0
150,119,0.0
150,20,0.0
150,399,0.0
150,476,0.0
150,264,0.0
150,200,0.0
150,189,0.0
150,362,0.0
150,17,0.0
150,16,0.0
