17,8530,0.0
17,12777,0.0
17,2386,0.0
17,8046,0.0
17,755,0.0
17,2739,0.0
17,16118,0.0
17,19483,0.0
17,16678,0.0
17,19036,0.0
22,15067,0.1411584196394323
22,10522,0.08055235903337168
22,18606,0.08055235903337168
22,9966,0.08055235903337168
22,15372,0.08055235903337168
22,12322,0.08055235903337168
22,17103,0.08055235903337168
22,12798,0.08055235903337168
22,17052,0.08055235903337168
22,12321,0.08055235903337168
5,8530,0.0
5,8046,0.0
5,755,0.0
5,2739,0.0
5,16118,0.0
5,19483,0.0
5,16678,0.0
5,19036,0.0
5,18460,0.0
5,16209,0.0
2,8530,0.0
2,12777,0.0
2,2386,0.0
2,8046,0.0
2,755,0.0
2,2739,0.0
2,16118,0.0
2,19483,0.0
2,16678,0.0
2,19036,0.0
41,8530,0.0
41,12777,0.0
41,2386,0.0
41,8046,0.0
41,755,0.0
41,2739,0.0
41,16118,0.0
41,19483,0.0
41,16678,0.0
41,19036,0.0
50,6323,0.16446844294945562
50,7861,0.09090909090909091
50,19001,0.09090909090909091
50,873,0.09090909090909091
50,2919,0.08391608391608392
50,12931,0.08391608391608392
50,10542,0.08391608391608392
50,10876,0.08391608391608392
50,679,0.08391608391608392
50,9929,0.08391608391608392
38,8530,0.0
38,12777,0.0
38,2386,0.0
38,8046,0.0
38,755,0.0
38,2739,0.0
38,16118,0.0
38,19483,0.0
38,16678,0.0
38,19036,0.0
10,8530,0.0
10,12777,0.0
10,2386,0.0
10,8046,0.0
10,755,0.0
10,2739,0.0
10,16118,0.0
10,19483,0.0
10,16678,0.0
10,19036,0.0
27,9929,0.08797653958944282
27,10876,0.08797653958944282
27,679,0.08797653958944282
27,10542,0.08797653958944282
27,12931,0.08797653958944282
27,6323,0.08797653958944282
27,2919,0.08797653958944282
27,12798,0.07421150278293136
27,15372,0.07421150278293136
27,17103,0.07421150278293136
35,7441,0.22403144300954522
35,1416,0.22403144300954522
35,6684,0.22403144300954522
35,2974,0.22403144300954522
35,1825,0.22403144300954522
35,11814,0.22403144300954522
35,1389,0.22403144300954522
35,7651,0.22403144300954522
35,1430,0.22403144300954522
35,2867,0.22403144300954522
15,8530,0.0
15,12777,0.0
15,2386,0.0
15,8046,0.0
15,755,0.0
15,2739,0.0
15,16118,0.0
15,19483,0.0
15,16678,0.0
15,19036,0.0
16,8530,0.0
16,12777,0.0
16,2386,0.0
16,8046,0.0
16,755,0.0
16,2739,0.0
16,16118,0.0
16,19483,0.0
16,16678,0.0
16,19036,0.0
30,8530,0.0
30,12777,0.0
30,2386,0.0
30,8046,0.0
30,755,0.0
30,2739,0.0
30,16118,0.0
30,19483,0.0
30,16678,0.0
30,19036,0.0
42,15462,0.09090909090909091
42,14084,0.09090909090909091
42,9657,0.09090909090909091
42,1087,0.09090909090909091
42,15355,0.09090909090909091
42,11794,0.09090909090909091
42,10313,0.09090909090909091
42,7753,0.09090909090909091
42,18275,0.09090909090909091
42,9069,0.09090909090909091
44,8530,0.0
44,12777,0.0
44,2386,0.0
44,8046,0.0
44,755,0.0
44,2739,0.0
44,16118,0.0
44,19483,0.0
44,16678,0.0
44,19036,0.0
34,7753,0.1445221445221445
34,11392,0.08797653958944282
34,4183,0.08797653958944282
34,9588,0.08797653958944282
34,14201,0.08797653958944282
34,9928,0.08797653958944282
34,7531,0.08797653958944282
34,5189,0.08797653958944282
34,12185,0.08797653958944282
34,11326,0.08797653958944282
33,15462,0.09090909090909091
33,14084,0.09090909090909091
33,9657,0.09090909090909091
33,1087,0.09090909090909091
33,15355,0.09090909090909091
33,11794,0.09090909090909091
33,10313,0.09090909090909091
33,7753,0.09090909090909091
33,18275,0.09090909090909091
33,9069,0.09090909090909091
48,18606,0.09090909090909091
48,15372,0.09090909090909091
48,9966,0.09090909090909091
48,12321,0.09090909090909091
48,12322,0.09090909090909091
48,17103,0.09090909090909091
48,12798,0.09090909090909091
48,7753,0.09090909090909091
48,17052,0.09090909090909091
48,4342,0.09090909090909091
4,13829,0.22403144300954522
4,10357,0.22403144300954522
4,11048,0.22403144300954522
4,13380,0.22403144300954522
4,13338,0.22403144300954522
4,19906,0.22403144300954522
4,3042,0.22403144300954522
4,13159,0.22403144300954522
4,11878,0.22403144300954522
4,19818,0.22403144300954522
46,16141,0.08658008658008658
46,5189,0.08658008658008658
46,11326,0.08658008658008658
46,7531,0.08658008658008658
46,4183,0.08658008658008658
46,9588,0.08658008658008658
46,11392,0.08658008658008658
46,12185,0.08658008658008658
46,14201,0.08658008658008658
46,2494,0.08658008658008658
45,8530,0.0
45,12777,0.0
45,2386,0.0
45,8046,0.0
45,755,0.0
45,2739,0.0
45,16118,0.0
45,19483,0.0
45,16678,0.0
45,19036,0.0
29,8530,0.0
29,12777,0.0
29,2386,0.0
29,8046,0.0
29,755,0.0
29,2739,0.0
29,16118,0.0
29,19483,0.0
29,16678,0.0
29,19036,0.0
37,8530,0.0
37,12777,0.0
37,2386,0.0
37,8046,0.0
37,755,0.0
37,2739,0.0
37,16118,0.0
37,19483,0.0
37,16678,0.0
37,19036,0.0
18,8530,0.0
18,12777,0.0
18,2386,0.0
18,8046,0.0
18,755,0.0
18,2739,0.0
18,16118,0.0
18,19483,0.0
18,16678,0.0
18,19036,0.0
36,8530,0.0
36,12777,0.0
36,2386,0.0
36,8046,0.0
36,755,0.0
36,2739,0.0
36,16118,0.0
36,19483,0.0
36,16678,0.0
36,19036,0.0
11,8530,0.0
11,12777,0.0
11,2386,0.0
11,8046,0.0
11,755,0.0
11,2739,0.0
11,16118,0.0
11,19483,0.0
11,16678,0.0
11,19036,0.0
31,8530,0.0
31,12777,0.0
31,2386,0.0
31,8046,0.0
31,755,0.0
31,2739,0.0
31,16118,0.0
31,19483,0.0
31,16678,0.0
31,19036,0.0
9,8530,0.0
9,12777,0.0
9,2386,0.0
9,8046,0.0
9,755,0.0
9,2739,0.0
9,16118,0.0
9,19483,0.0
9,16678,0.0
9,19036,0.0
1,8530,0.0
1,12777,0.0
1,2386,0.0
1,8046,0.0
1,755,0.0
1,2739,0.0
1,16118,0.0
1,19483,0.0
1,16678,0.0
1,19036,0.0
49,8530,0.0
49,12777,0.0
49,2386,0.0
49,8046,0.0
49,755,0.0
49,2739,0.0
49,16118,0.0
49,19483,0.0
49,16678,0.0
49,19036,0.0
