17,8530,0.0
17,12777,0.0
17,2386,0.0
17,8046,0.0
17,755,0.0
17,2739,0.0
17,16118,0.0
17,19483,0.0
17,16678,0.0
17,19036,0.0
22,8530,0.0
22,12777,0.0
22,2386,0.0
22,8046,0.0
22,755,0.0
22,2739,0.0
22,16118,0.0
22,19483,0.0
22,16678,0.0
22,19036,0.0
5,8530,0.0
5,12777,0.0
5,2386,0.0
5,8046,0.0
5,755,0.0
5,2739,0.0
5,16118,0.0
5,19483,0.0
5,16678,0.0
5,19036,0.0
2,8530,0.0
2,12777,0.0
2,2386,0.0
2,8046,0.0
2,755,0.0
2,2739,0.0
2,16118,0.0
2,19483,0.0
2,16678,0.0
2,19036,0.0
41,8530,0.0
41,12777,0.0
41,2386,0.0
41,8046,0.0
41,755,0.0
41,2739,0.0
41,16118,0.0
41,19483,0.0
41,16678,0.0
41,19036,0.0
50,8530,0.0
50,12777,0.0
50,2386,0.0
50,8046,0.0
50,755,0.0
50,2739,0.0
50,16118,0.0
50,19483,0.0
50,16678,0.0
50,19036,0.0
38,8530,0.0
38,12777,0.0
38,2386,0.0
38,8046,0.0
38,755,0.0
38,2739,0.0
38,16118,0.0
38,19483,0.0
38,16678,0.0
38,19036,0.0
10,8530,0.0
10,12777,0.0
10,2386,0.0
10,8046,0.0
10,755,0.0
10,2739,0.0
10,16118,0.0
10,19483,0.0
10,16678,0.0
10,19036,0.0
27,8530,0.0
27,12777,0.0
27,2386,0.0
27,8046,0.0
27,755,0.0
27,2739,0.0
27,16118,0.0
27,19483,0.0
27,19036,0.0
27,18460,0.0
35,8530,0.0
35,12777,0.0
35,2386,0.0
35,8046,0.0
35,755,0.0
35,2739,0.0
35,16118,0.0
35,19483,0.0
35,16678,0.0
35,19036,0.0
15,8530,0.0
15,12777,0.0
15,2386,0.0
15,8046,0.0
15,755,0.0
15,2739,0.0
15,16118,0.0
15,19483,0.0
15,16678,0.0
15,19036,0.0
16,8530,0.0
16,12777,0.0
16,2386,0.0
16,8046,0.0
16,755,0.0
16,2739,0.0
16,16118,0.0
16,19483,0.0
16,16678,0.0
16,19036,0.0
30,8530,0.0
30,12777,0.0
30,2386,0.0
30,8046,0.0
30,755,0.0
30,2739,0.0
30,16118,0.0
30,19483,0.0
30,16678,0.0
30,19036,0.0
42,8530,0.0
42,12777,0.0
42,2386,0.0
42,8046,0.0
42,755,0.0
42,2739,0.0
42,16118,0.0
42,19483,0.0
42,16678,0.0
42,19036,0.0
44,8530,0.0
44,12777,0.0
44,2386,0.0
44,8046,0.0
44,755,0.0
44,2739,0.0
44,16118,0.0
44,19483,0.0
44,16678,0.0
44,19036,0.0
34,8530,0.0
34,12777,0.0
34,2386,0.0
34,8046,0.0
34,755,0.0
34,2739,0.0
34,16118,0.0
34,19483,0.0
34,16678,0.0
34,19036,0.0
33,8530,0.0
33,12777,0.0
33,2386,0.0
33,8046,0.0
33,755,0.0
33,2739,0.0
33,16118,0.0
33,19483,0.0
33,16678,0.0
33,19036,0.0
48,8530,0.0
48,12777,0.0
48,2386,0.0
48,8046,0.0
48,755,0.0
48,2739,0.0
48,16118,0.0
48,19483,0.0
48,16678,0.0
48,19036,0.0
4,8530,0.0
4,12777,0.0
4,2386,0.0
4,8046,0.0
4,755,0.0
4,2739,0.0
4,16118,0.0
4,19483,0.0
4,16678,0.0
4,19036,0.0
46,8530,0.0
46,12777,0.0
46,2386,0.0
46,8046,0.0
46,755,0.0
46,2739,0.0
46,16118,0.0
46,19483,0.0
46,16678,0.0
46,19036,0.0
45,8530,0.0
45,12777,0.0
45,2386,0.0
45,8046,0.0
45,755,0.0
45,2739,0.0
45,16118,0.0
45,19483,0.0
45,16678,0.0
45,19036,0.0
29,8530,0.0
29,12777,0.0
29,2386,0.0
29,8046,0.0
29,755,0.0
29,2739,0.0
29,16118,0.0
29,19483,0.0
29,16678,0.0
29,19036,0.0
37,8530,0.0
37,12777,0.0
37,2386,0.0
37,8046,0.0
37,755,0.0
37,2739,0.0
37,16118,0.0
37,19483,0.0
37,16678,0.0
37,19036,0.0
18,8530,0.0
18,12777,0.0
18,2386,0.0
18,8046,0.0
18,755,0.0
18,2739,0.0
18,16118,0.0
18,19483,0.0
18,16678,0.0
18,19036,0.0
36,8530,0.0
36,12777,0.0
36,2386,0.0
36,8046,0.0
36,755,0.0
36,2739,0.0
36,16118,0.0
36,19483,0.0
36,16678,0.0
36,19036,0.0
11,8530,0.0
11,12777,0.0
11,2386,0.0
11,8046,0.0
11,755,0.0
11,2739,0.0
11,16118,0.0
11,19483,0.0
11,16678,0.0
11,19036,0.0
31,8530,0.0
31,12777,0.0
31,2386,0.0
31,8046,0.0
31,755,0.0
31,2739,0.0
31,16118,0.0
31,19483,0.0
31,16678,0.0
31,19036,0.0
9,8530,0.0
9,12777,0.0
9,2386,0.0
9,8046,0.0
9,755,0.0
9,2739,0.0
9,16118,0.0
9,19483,0.0
9,16678,0.0
9,19036,0.0
1,8530,0.0
1,12777,0.0
1,2386,0.0
1,8046,0.0
1,755,0.0
1,2739,0.0
1,16118,0.0
1,19483,0.0
1,16678,0.0
1,19036,0.0
49,8530,0.0
49,12777,0.0
49,2386,0.0
49,8046,0.0
49,755,0.0
49,2739,0.0
49,16118,0.0
49,19483,0.0
49,16678,0.0
49,19036,0.0
