17,8530,0.0
17,12777,0.0
17,2386,0.0
17,8046,0.0
17,755,0.0
17,2739,0.0
17,16118,0.0
17,19483,0.0
17,16678,0.0
17,19036,0.0
22,14412,0.4242424242424242
22,6323,0.4242424242424242
22,5681,0.4242424242424242
22,397,0.4242424242424242
22,16398,0.3333333333333333
22,7753,0.3333333333333333
22,4342,0.3333333333333333
22,7943,0.3333333333333333
22,12321,0.3333333333333333
22,8110,0.3333333333333333
5,8530,0.0
5,12777,0.0
5,2386,0.0
5,8046,0.0
5,755,0.0
5,2739,0.0
5,16118,0.0
5,19483,0.0
5,16678,0.0
5,19036,0.0
2,7827,0.09090909090909091
2,8110,0.09090909090909091
2,4342,0.09090909090909091
2,12931,0.09090909090909091
2,12321,0.09090909090909091
2,7943,0.09090909090909091
2,8418,0.09090909090909091
2,7753,0.09090909090909091
2,16398,0.09090909090909091
2,10566,0.09090909090909091
41,14851,0.16666666666666666
41,622,0.16666666666666666
41,7385,0.16666666666666666
41,5950,0.16666666666666666
41,14970,0.16666666666666666
41,2972,0.16666666666666666
41,16085,0.16666666666666666
41,11794,0.16666666666666666
41,16678,0.16666666666666666
41,4183,0.16666666666666666
50,1265,0.655011655011655
50,14190,0.4117647058823529
50,7691,0.4117647058823529
50,8764,0.4117647058823529
50,16209,0.4117647058823529
50,11326,0.4117647058823529
50,8707,0.4117647058823529
50,7359,0.4117647058823529
50,16678,0.4117647058823529
50,8909,0.4117647058823529
38,8530,0.0
38,12777,0.0
38,2386,0.0
38,8046,0.0
38,755,0.0
38,2739,0.0
38,16118,0.0
38,19483,0.0
38,16678,0.0
38,19036,0.0
10,8530,0.0
10,12777,0.0
10,2386,0.0
10,8046,0.0
10,755,0.0
10,2739,0.0
10,16118,0.0
10,19483,0.0
10,16678,0.0
10,19036,0.0
27,7827,0.4117647058823529
27,4342,0.4117647058823529
27,7943,0.4117647058823529
27,12931,0.4117647058823529
27,8418,0.4117647058823529
27,12321,0.4117647058823529
27,8110,0.4117647058823529
27,7753,0.4117647058823529
27,16398,0.4117647058823529
27,10566,0.4117647058823529
35,8530,0.0
35,12777,0.0
35,2386,0.0
35,8046,0.0
35,755,0.0
35,2739,0.0
35,16118,0.0
35,19483,0.0
35,16678,0.0
35,19036,0.0
15,8530,0.0
15,12777,0.0
15,2386,0.0
15,8046,0.0
15,755,0.0
15,2739,0.0
15,16118,0.0
15,19483,0.0
15,16678,0.0
15,19036,0.0
16,16209,0.18181818181818182
16,11326,0.09090909090909091
16,6323,0.09090909090909091
16,9818,0.09090909090909091
16,12187,0.09090909090909091
16,2044,0.09090909090909091
16,8587,0.09090909090909091
16,10202,0.09090909090909091
16,16678,0.09090909090909091
16,14412,0.09090909090909091
30,8530,0.0
30,12777,0.0
30,2386,0.0
30,8046,0.0
30,755,0.0
30,2739,0.0
30,16118,0.0
30,19483,0.0
30,16678,0.0
30,19036,0.0
42,14851,0.09090909090909091
42,14970,0.09090909090909091
42,7385,0.09090909090909091
42,11794,0.09090909090909091
42,5950,0.09090909090909091
42,622,0.09090909090909091
42,16085,0.09090909090909091
42,12187,0.09090909090909091
42,2044,0.09090909090909091
42,4183,0.09090909090909091
44,8530,0.0
44,12777,0.0
44,2386,0.0
44,8046,0.0
44,755,0.0
44,2739,0.0
44,16118,0.0
44,19483,0.0
44,16678,0.0
44,19036,0.0
34,12725,0.46153846153846156
34,10202,0.46153846153846156
34,8587,0.46153846153846156
34,9818,0.46153846153846156
34,4548,0.32167832167832167
34,8319,0.32167832167832167
34,19111,0.32167832167832167
34,16141,0.32167832167832167
34,5681,0.32167832167832167
34,322,0.32167832167832167
33,7385,0.09090909090909091
33,5950,0.09090909090909091
33,16085,0.09090909090909091
33,11794,0.09090909090909091
33,2740,0.09090909090909091
33,14970,0.09090909090909091
33,622,0.09090909090909091
33,12187,0.09090909090909091
33,2044,0.09090909090909091
33,14851,0.09090909090909091
48,14412,0.18181818181818182
48,8319,0.18181818181818182
48,16141,0.18181818181818182
48,397,0.18181818181818182
48,19111,0.18181818181818182
48,4548,0.18181818181818182
48,6323,0.18181818181818182
48,322,0.18181818181818182
48,11794,0.09090909090909091
48,12321,0.09090909090909091
4,8530,0.0
4,12777,0.0
4,2386,0.0
4,8046,0.0
4,755,0.0
4,2739,0.0
4,16118,0.0
4,19483,0.0
4,16678,0.0
4,19036,0.0
46,8530,0.0
46,12777,0.0
46,2386,0.0
46,8046,0.0
46,755,0.0
46,2739,0.0
46,16118,0.0
46,19483,0.0
46,16678,0.0
46,19036,0.0
45,8530,0.0
45,12777,0.0
45,2386,0.0
45,8046,0.0
45,755,0.0
45,2739,0.0
45,16118,0.0
45,19483,0.0
45,16678,0.0
45,19036,0.0
29,8530,0.0
29,12777,0.0
29,2386,0.0
29,8046,0.0
29,755,0.0
29,2739,0.0
29,16118,0.0
29,19483,0.0
29,16678,0.0
29,19036,0.0
37,8530,0.0
37,12777,0.0
37,2386,0.0
37,8046,0.0
37,755,0.0
37,2739,0.0
37,16118,0.0
37,19483,0.0
37,16678,0.0
37,19036,0.0
18,397,0.18181818181818182
18,10202,0.18181818181818182
18,14412,0.18181818181818182
18,6323,0.18181818181818182
18,8587,0.18181818181818182
18,12725,0.18181818181818182
18,16398,0.09090909090909091
18,8110,0.09090909090909091
18,12931,0.09090909090909091
18,12321,0.09090909090909091
36,8530,0.0
36,12777,0.0
36,2386,0.0
36,8046,0.0
36,755,0.0
36,2739,0.0
36,16118,0.0
36,19483,0.0
36,16678,0.0
36,19036,0.0
11,14412,0.09090909090909091
11,8587,0.09090909090909091
11,11326,0.09090909090909091
11,7691,0.09090909090909091
11,6323,0.09090909090909091
11,10202,0.09090909090909091
11,9818,0.09090909090909091
11,16209,0.09090909090909091
11,16678,0.09090909090909091
11,8707,0.09090909090909091
31,8530,0.0
31,12777,0.0
31,2386,0.0
31,8046,0.0
31,755,0.0
31,2739,0.0
31,16118,0.0
31,19483,0.0
31,16678,0.0
31,19036,0.0
9,8530,0.0
9,12777,0.0
9,2386,0.0
9,8046,0.0
9,755,0.0
9,2739,0.0
9,16118,0.0
9,19483,0.0
9,16678,0.0
9,19036,0.0
1,8530,0.0
1,12777,0.0
1,2386,0.0
1,8046,0.0
1,755,0.0
1,2739,0.0
1,16118,0.0
1,19483,0.0
1,16678,0.0
1,19036,0.0
49,8530,0.0
49,12777,0.0
49,2386,0.0
49,8046,0.0
49,755,0.0
49,2739,0.0
49,16118,0.0
49,19483,0.0
49,16678,0.0
49,19036,0.0
