9657,158,0.10519550902318489
9657,2,0.07999048074480904
9657,92,0.02363175776901926
9657,113,0.016000106289979343
9657,22,0.01470648349827454
9657,96,0.01321472664137533
9657,77,0.013082632925220147
9657,49,0.01273697476980612
9657,85,0.012287308943098424
9657,139,0.011058439676263495
1550,4,0.07829449994556359
1550,31,0.0767953566649003
1550,60,0.07252147748659452
1550,44,0.06609922378739247
1550,2,0.05899221522251657
1550,110,0.05444567819341357
1550,102,0.05334517796907814
1550,84,0.04950321539355011
1550,23,0.04786692175357378
1550,158,0.043874065632556546
4672,84,0.16009666726018837
4672,4,0.10197203771597417
4672,158,0.0983872226296435
4672,2,0.09165845072298073
4672,18,0.08670542753980925
4672,67,0.0640797922684058
4672,104,0.05394294634451627
4672,134,0.02487004398814112
4672,92,0.02220502451601003
4672,60,0.022157316747240235
8497,74,0.09019474508683514
8497,22,0.05478678964555249
8497,158,0.05207684983481635
8497,104,0.05177246308789368
8497,129,0.05073329026646261
8497,31,0.04816504406447037
8497,72,0.046866987990530906
8497,136,0.04616677537019423
8497,4,0.00666877654251484
8497,67,0.00666877654251484
9070,84,0.15709443253900543
9070,4,0.11532157558813183
9070,158,0.09730020088402161
9070,18,0.08094050779222538
9070,2,0.07882541290142485
9070,104,0.05599268037069894
9070,134,0.025482029411834736
9070,92,0.02307729173068552
9070,60,0.022369769467511492
9070,19,0.015414484735641222
19815,31,0.18752113962933217
19815,2,0.12670399148050435
19815,158,0.05857858384681191
19815,51,0.056259629362396826
19815,84,0.03929459623468639
19815,22,0.03736219047856555
19815,104,0.03723918663374274
19815,39,0.036164541250453215
19815,135,0.03564869857004867
19815,23,0.029331397072007416
7943,22,0.05697223678251084
7943,135,0.05425544637823166
7943,39,0.008884187322177571
7943,64,0.008884187322177571
7943,32,0.008884187322177571
7943,69,0.008884187322177571
7943,33,0.008884187322177571
7943,74,0.008884187322177571
7943,34,0.008884187322177571
7943,5,0.008884187322177571
8348,84,0.06866553695479205
8348,51,0.0619094349983125
8348,31,0.061446124476368796
8348,122,0.05715069147418594
8348,158,0.05252702928727236
8348,80,0.04511525050405666
8348,73,0.04087676763470004
8348,135,0.038027717379981764
8348,92,0.037926730047039614
8348,33,0.03775491402041933
7974,84,0.06474313274827732
7974,18,0.06395999837397232
7974,23,0.061715247041962316
7974,44,0.03280766950306971
7974,19,0.029085754616457103
7974,6,0.026630424907103437
7974,69,0.022544917161999828
7974,33,0.01955357519093836
7974,107,0.018266398016215265
7974,60,0.018259365779916933
19001,159,0.036998626944551936
19001,85,0.03686218778475511
19001,45,0.03419942863975803
19001,67,0.03419387096072346
19001,140,0.034022644344945174
19001,51,0.03358521258856335
19001,28,0.032508417897984025
19001,74,0.032359695754228125
19001,19,0.030896846620886566
19001,37,0.030013299709992027
11894,44,0.0
11894,84,0.0
11894,136,0.0
11894,39,0.0
11894,134,0.0
11894,32,0.0
11894,64,0.0
11894,33,0.0
11894,74,0.0
11894,23,0.0
19003,44,0.0
19003,39,0.0
19003,2,0.0
19003,104,0.0
19003,134,0.0
19003,32,0.0
19003,64,0.0
19003,33,0.0
19003,23,0.0
19003,34,0.0
19036,44,0.0
19036,54,0.0
19036,136,0.0
19036,67,0.0
19036,39,0.0
19036,18,0.0
19036,2,0.0
19036,104,0.0
19036,134,0.0
19036,32,0.0
19159,44,0.0
19159,4,0.0
19159,136,0.0
19159,67,0.0
19159,39,0.0
19159,18,0.0
19159,104,0.0
19159,134,0.0
19159,32,0.0
19159,64,0.0
18423,44,0.0
18423,31,0.0
18423,4,0.0
18423,84,0.0
18423,136,0.0
18423,67,0.0
18423,39,0.0
18423,18,0.0
18423,2,0.0
18423,104,0.0
5878,44,0.0
5878,4,0.0
5878,54,0.0
5878,136,0.0
5878,39,0.0
5878,18,0.0
5878,2,0.0
5878,32,0.0
5878,64,0.0
5878,33,0.0
15595,44,0.0
15595,31,0.0
15595,4,0.0
15595,84,0.0
15595,54,0.0
15595,136,0.0
15595,67,0.0
15595,39,0.0
15595,18,0.0
15595,2,0.0
19049,44,0.0
19049,31,0.0
19049,4,0.0
19049,67,0.0
19049,39,0.0
19049,18,0.0
19049,2,0.0
19049,134,0.0
19049,32,0.0
19049,64,0.0
1359,44,0.0
1359,4,0.0
1359,84,0.0
1359,54,0.0
1359,136,0.0
1359,67,0.0
1359,39,0.0
1359,18,0.0
1359,2,0.0
1359,104,0.0
4,44,0.0
4,54,0.0
4,136,0.0
4,67,0.0
4,39,0.0
4,104,0.0
4,134,0.0
4,32,0.0
4,64,0.0
4,33,0.0
10885,44,0.0
10885,4,0.0
10885,54,0.0
10885,136,0.0
10885,67,0.0
10885,39,0.0
10885,18,0.0
10885,2,0.0
10885,134,0.0
10885,32,0.0
8773,44,0.0
8773,31,0.0
8773,4,0.0
8773,54,0.0
8773,136,0.0
8773,67,0.0
8773,39,0.0
8773,18,0.0
8773,2,0.0
8773,134,0.0
12414,44,0.0
12414,31,0.0
12414,4,0.0
12414,54,0.0
12414,136,0.0
12414,67,0.0
12414,39,0.0
12414,18,0.0
12414,2,0.0
12414,134,0.0
8543,44,0.0
8543,4,0.0
8543,84,0.0
8543,54,0.0
8543,136,0.0
8543,67,0.0
8543,39,0.0
8543,104,0.0
8543,134,0.0
8543,32,0.0
8001,44,0.0
8001,31,0.0
8001,4,0.0
8001,84,0.0
8001,54,0.0
8001,136,0.0
8001,67,0.0
8001,39,0.0
8001,18,0.0
8001,2,0.0
19010,44,0.0
19010,4,0.0
19010,84,0.0
19010,54,0.0
19010,136,0.0
19010,67,0.0
19010,39,0.0
19010,18,0.0
19010,2,0.0
19010,104,0.0
8347,4,0.0
8347,84,0.0
8347,54,0.0
8347,136,0.0
8347,67,0.0
8347,39,0.0
8347,2,0.0
8347,134,0.0
8347,32,0.0
8347,64,0.0
19018,44,0.0
19018,4,0.0
19018,54,0.0
19018,136,0.0
19018,67,0.0
19018,39,0.0
19018,18,0.0
19018,2,0.0
19018,104,0.0
19018,134,0.0
6754,44,0.0
6754,4,0.0
6754,84,0.0
6754,54,0.0
6754,136,0.0
6754,67,0.0
6754,39,0.0
6754,18,0.0
6754,104,0.0
6754,134,0.0
10886,44,0.0
10886,4,0.0
10886,84,0.0
10886,54,0.0
10886,136,0.0
10886,67,0.0
10886,39,0.0
10886,18,0.0
10886,2,0.0
10886,104,0.0
1026,44,0.0
1026,31,0.0
1026,54,0.0
1026,136,0.0
1026,67,0.0
1026,39,0.0
1026,18,0.0
1026,2,0.0
1026,104,0.0
1026,134,0.0
7944,44,0.0
7944,31,0.0
7944,4,0.0
7944,84,0.0
7944,54,0.0
7944,136,0.0
7944,67,0.0
7944,39,0.0
7944,18,0.0
7944,2,0.0
5872,44,0.0
5872,31,0.0
5872,4,0.0
5872,54,0.0
5872,136,0.0
5872,67,0.0
5872,39,0.0
5872,18,0.0
5872,2,0.0
5872,134,0.0
12415,44,0.0
12415,31,0.0
12415,4,0.0
12415,84,0.0
12415,54,0.0
12415,136,0.0
12415,39,0.0
12415,18,0.0
12415,2,0.0
12415,104,0.0
4304,44,0.0
4304,31,0.0
4304,4,0.0
4304,84,0.0
4304,54,0.0
4304,136,0.0
4304,67,0.0
4304,39,0.0
4304,18,0.0
4304,2,0.0
19000,44,0.0
19000,4,0.0
19000,84,0.0
19000,54,0.0
19000,136,0.0
19000,67,0.0
19000,39,0.0
19000,18,0.0
19000,2,0.0
19000,134,0.0
19030,44,0.0
19030,4,0.0
19030,54,0.0
19030,136,0.0
19030,39,0.0
19030,18,0.0
19030,2,0.0
19030,134,0.0
19030,32,0.0
19030,64,0.0
6755,44,0.0
6755,31,0.0
6755,4,0.0
6755,84,0.0
6755,54,0.0
6755,136,0.0
6755,67,0.0
6755,39,0.0
6755,18,0.0
6755,2,0.0
13880,31,0.0
13880,54,0.0
13880,136,0.0
13880,67,0.0
13880,39,0.0
13880,18,0.0
13880,2,0.0
13880,134,0.0
13880,32,0.0
13880,64,0.0
4729,44,0.0
4729,31,0.0
4729,4,0.0
4729,84,0.0
4729,54,0.0
4729,136,0.0
4729,67,0.0
4729,39,0.0
4729,18,0.0
4729,2,0.0
18260,44,0.0
18260,31,0.0
18260,4,0.0
18260,54,0.0
18260,136,0.0
18260,67,0.0
18260,39,0.0
18260,18,0.0
18260,2,0.0
18260,104,0.0
7726,44,0.0
7726,31,0.0
7726,4,0.0
7726,84,0.0
7726,54,0.0
7726,136,0.0
7726,67,0.0
7726,39,0.0
7726,18,0.0
7726,2,0.0
18257,44,0.0
18257,31,0.0
18257,4,0.0
18257,84,0.0
18257,54,0.0
18257,136,0.0
18257,67,0.0
18257,39,0.0
18257,18,0.0
18257,2,0.0
3736,44,0.0
3736,31,0.0
3736,4,0.0
3736,84,0.0
3736,54,0.0
3736,136,0.0
3736,67,0.0
3736,39,0.0
3736,2,0.0
3736,104,0.0
9355,44,0.0
9355,31,0.0
9355,4,0.0
9355,84,0.0
9355,54,0.0
9355,136,0.0
9355,67,0.0
9355,39,0.0
9355,18,0.0
9355,2,0.0
15499,44,0.0
15499,31,0.0
15499,4,0.0
15499,84,0.0
15499,54,0.0
15499,136,0.0
15499,67,0.0
15499,39,0.0
15499,18,0.0
15499,104,0.0
8173,44,0.0
8173,31,0.0
8173,4,0.0
8173,84,0.0
8173,54,0.0
8173,136,0.0
8173,67,0.0
8173,39,0.0
8173,18,0.0
8173,2,0.0
4588,44,0.0
4588,31,0.0
4588,4,0.0
4588,84,0.0
4588,54,0.0
4588,136,0.0
4588,67,0.0
4588,39,0.0
4588,18,0.0
4588,2,0.0
19008,44,0.0
19008,31,0.0
19008,4,0.0
19008,84,0.0
19008,54,0.0
19008,136,0.0
19008,67,0.0
19008,39,0.0
19008,18,0.0
19008,2,0.0
11384,44,0.0
11384,31,0.0
11384,4,0.0
11384,84,0.0
11384,54,0.0
11384,136,0.0
11384,67,0.0
11384,39,0.0
11384,18,0.0
11384,2,0.0
7796,44,0.0
7796,31,0.0
7796,4,0.0
7796,84,0.0
7796,136,0.0
7796,67,0.0
7796,39,0.0
7796,18,0.0
7796,2,0.0
7796,134,0.0
19024,44,0.0
19024,4,0.0
19024,84,0.0
19024,136,0.0
19024,67,0.0
19024,39,0.0
19024,18,0.0
19024,104,0.0
19024,134,0.0
19024,32,0.0
16513,44,0.0
16513,31,0.0
16513,4,0.0
16513,84,0.0
16513,54,0.0
16513,136,0.0
16513,67,0.0
16513,39,0.0
16513,18,0.0
16513,2,0.0
18249,44,0.0
18249,31,0.0
18249,4,0.0
18249,84,0.0
18249,136,0.0
18249,67,0.0
18249,39,0.0
18249,18,0.0
18249,2,0.0
18249,32,0.0
19201,44,0.0
19201,31,0.0
19201,4,0.0
19201,84,0.0
19201,54,0.0
19201,136,0.0
19201,39,0.0
19201,18,0.0
19201,2,0.0
19201,104,0.0
319,44,0.0
319,31,0.0
319,4,0.0
319,54,0.0
319,136,0.0
319,67,0.0
319,39,0.0
319,18,0.0
319,104,0.0
319,134,0.0
7541,44,0.0
7541,31,0.0
7541,4,0.0
7541,54,0.0
7541,136,0.0
7541,67,0.0
7541,39,0.0
7541,18,0.0
7541,2,0.0
7541,104,0.0
4696,44,0.0
4696,31,0.0
4696,4,0.0
4696,84,0.0
4696,54,0.0
4696,136,0.0
4696,67,0.0
4696,39,0.0
4696,18,0.0
4696,2,0.0
17052,44,0.0
17052,31,0.0
17052,4,0.0
17052,54,0.0
17052,136,0.0
17052,67,0.0
17052,39,0.0
17052,2,0.0
17052,104,0.0
17052,134,0.0
18259,44,0.0
18259,31,0.0
18259,84,0.0
18259,54,0.0
18259,136,0.0
18259,67,0.0
18259,39,0.0
18259,18,0.0
18259,2,0.0
18259,134,0.0
16839,44,0.0
16839,4,0.0
16839,84,0.0
16839,54,0.0
16839,136,0.0
16839,67,0.0
16839,39,0.0
16839,18,0.0
16839,2,0.0
16839,104,0.0
19534,44,0.0
19534,31,0.0
19534,4,0.0
19534,84,0.0
19534,54,0.0
19534,136,0.0
19534,67,0.0
19534,39,0.0
19534,134,0.0
19534,32,0.0
11917,44,0.0
11917,31,0.0
11917,4,0.0
11917,54,0.0
11917,136,0.0
11917,67,0.0
11917,39,0.0
11917,18,0.0
11917,2,0.0
11917,104,0.0
5120,44,0.0
5120,4,0.0
5120,84,0.0
5120,54,0.0
5120,136,0.0
5120,67,0.0
5120,39,0.0
5120,134,0.0
5120,32,0.0
5120,64,0.0
1022,44,0.0
1022,31,0.0
1022,4,0.0
1022,84,0.0
1022,54,0.0
1022,136,0.0
1022,67,0.0
1022,39,0.0
1022,18,0.0
1022,2,0.0
3046,44,0.0
3046,31,0.0
3046,4,0.0
3046,84,0.0
3046,54,0.0
3046,136,0.0
3046,67,0.0
3046,39,0.0
3046,18,0.0
3046,2,0.0
19014,44,0.0
19014,31,0.0
19014,4,0.0
19014,84,0.0
19014,54,0.0
19014,136,0.0
19014,67,0.0
19014,39,0.0
19014,18,0.0
19014,2,0.0
19037,44,0.0
19037,4,0.0
19037,84,0.0
19037,54,0.0
19037,136,0.0
19037,67,0.0
19037,39,0.0
19037,18,0.0
19037,2,0.0
19037,104,0.0
17048,44,0.0
17048,31,0.0
17048,4,0.0
17048,84,0.0
17048,54,0.0
17048,136,0.0
17048,67,0.0
17048,39,0.0
17048,18,0.0
17048,2,0.0
14098,44,0.0
14098,31,0.0
14098,4,0.0
14098,84,0.0
14098,54,0.0
14098,136,0.0
14098,67,0.0
14098,39,0.0
14098,18,0.0
14098,104,0.0
19029,44,0.0
19029,31,0.0
19029,4,0.0
19029,84,0.0
19029,54,0.0
19029,136,0.0
19029,67,0.0
19029,39,0.0
19029,18,0.0
19029,2,0.0
7613,44,0.0
7613,31,0.0
7613,4,0.0
7613,84,0.0
7613,54,0.0
7613,136,0.0
7613,67,0.0
7613,39,0.0
7613,18,0.0
7613,2,0.0
10364,44,0.0
10364,31,0.0
10364,4,0.0
10364,84,0.0
10364,54,0.0
10364,67,0.0
10364,39,0.0
10364,18,0.0
10364,2,0.0
10364,104,0.0
8342,44,0.0
8342,136,0.0
8342,67,0.0
8342,39,0.0
8342,104,0.0
8342,134,0.0
8342,32,0.0
8342,64,0.0
8342,33,0.0
8342,23,0.0
7727,44,0.0
7727,31,0.0
7727,4,0.0
7727,84,0.0
7727,54,0.0
7727,136,0.0
7727,67,0.0
7727,39,0.0
7727,18,0.0
7727,2,0.0
19034,44,0.0
19034,4,0.0
19034,84,0.0
19034,54,0.0
19034,136,0.0
19034,67,0.0
19034,39,0.0
19034,2,0.0
19034,104,0.0
19034,134,0.0
18251,44,0.0
18251,31,0.0
18251,54,0.0
18251,136,0.0
18251,67,0.0
18251,39,0.0
18251,18,0.0
18251,2,0.0
18251,104,0.0
18251,134,0.0
18230,44,0.0
18230,31,0.0
18230,4,0.0
18230,54,0.0
18230,136,0.0
18230,67,0.0
18230,39,0.0
18230,18,0.0
18230,134,0.0
18230,32,0.0
3875,44,0.0
3875,31,0.0
3875,4,0.0
3875,84,0.0
3875,54,0.0
3875,136,0.0
3875,67,0.0
3875,39,0.0
3875,18,0.0
3875,2,0.0
2090,44,0.0
2090,31,0.0
2090,4,0.0
2090,54,0.0
2090,136,0.0
2090,67,0.0
2090,39,0.0
2090,18,0.0
2090,2,0.0
2090,134,0.0
18185,44,0.0
18185,31,0.0
18185,4,0.0
18185,84,0.0
18185,54,0.0
18185,136,0.0
18185,67,0.0
18185,39,0.0
18185,18,0.0
18185,2,0.0
14223,4,0.0
14223,54,0.0
14223,136,0.0
14223,67,0.0
14223,39,0.0
14223,18,0.0
14223,2,0.0
14223,134,0.0
14223,32,0.0
14223,64,0.0
19048,44,0.0
19048,4,0.0
19048,54,0.0
19048,136,0.0
19048,39,0.0
19048,18,0.0
19048,2,0.0
19048,104,0.0
19048,134,0.0
19048,32,0.0
19421,44,0.0
19421,31,0.0
19421,4,0.0
19421,84,0.0
19421,54,0.0
19421,136,0.0
19421,67,0.0
19421,39,0.0
19421,18,0.0
19421,2,0.0
860,44,0.0
860,4,0.0
860,84,0.0
860,54,0.0
860,136,0.0
860,67,0.0
860,39,0.0
860,18,0.0
860,2,0.0
860,104,0.0
8289,44,0.0
8289,31,0.0
8289,4,0.0
8289,84,0.0
8289,54,0.0
8289,136,0.0
8289,67,0.0
8289,39,0.0
8289,18,0.0
8289,2,0.0
15596,44,0.0
15596,31,0.0
15596,4,0.0
15596,54,0.0
15596,136,0.0
15596,67,0.0
15596,39,0.0
15596,18,0.0
15596,2,0.0
15596,104,0.0
18254,44,0.0
18254,4,0.0
18254,84,0.0
18254,54,0.0
18254,136,0.0
18254,67,0.0
18254,39,0.0
18254,18,0.0
18254,2,0.0
18254,104,0.0
19046,44,0.0
19046,31,0.0
19046,84,0.0
19046,54,0.0
19046,136,0.0
19046,67,0.0
19046,39,0.0
19046,18,0.0
19046,2,0.0
19046,104,0.0
10369,44,0.0
10369,31,0.0
10369,4,0.0
10369,84,0.0
10369,54,0.0
10369,136,0.0
10369,67,0.0
10369,39,0.0
10369,18,0.0
10369,2,0.0
14677,44,0.0
14677,4,0.0
14677,84,0.0
14677,54,0.0
14677,136,0.0
14677,67,0.0
14677,39,0.0
14677,18,0.0
14677,2,0.0
14677,104,0.0
4693,44,0.0
4693,31,0.0
4693,4,0.0
4693,54,0.0
4693,136,0.0
4693,67,0.0
4693,39,0.0
4693,18,0.0
4693,2,0.0
4693,134,0.0
12411,44,0.0
12411,31,0.0
12411,4,0.0
12411,54,0.0
12411,136,0.0
12411,67,0.0
12411,39,0.0
12411,18,0.0
12411,104,0.0
12411,134,0.0
16823,44,0.0
16823,31,0.0
16823,84,0.0
16823,54,0.0
16823,136,0.0
16823,67,0.0
16823,39,0.0
16823,18,0.0
16823,2,0.0
16823,104,0.0
4695,44,0.0
4695,31,0.0
4695,4,0.0
4695,84,0.0
4695,54,0.0
4695,136,0.0
4695,67,0.0
4695,39,0.0
4695,18,0.0
4695,2,0.0
16398,44,0.0
16398,4,0.0
16398,84,0.0
16398,136,0.0
16398,67,0.0
16398,39,0.0
16398,18,0.0
16398,2,0.0
16398,134,0.0
16398,32,0.0
4634,44,0.0
4634,31,0.0
4634,4,0.0
4634,54,0.0
4634,136,0.0
4634,67,0.0
4634,39,0.0
4634,18,0.0
4634,2,0.0
4634,104,0.0
5924,44,0.0
5924,31,0.0
5924,4,0.0
5924,84,0.0
5924,54,0.0
5924,136,0.0
5924,67,0.0
5924,39,0.0
5924,18,0.0
5924,104,0.0
469,44,0.0
469,31,0.0
469,4,0.0
469,54,0.0
469,136,0.0
469,67,0.0
469,39,0.0
469,18,0.0
469,2,0.0
469,104,0.0
18649,44,0.0
18649,31,0.0
18649,4,0.0
18649,84,0.0
18649,54,0.0
18649,136,0.0
18649,67,0.0
18649,39,0.0
18649,18,0.0
18649,2,0.0
19033,44,0.0
19033,31,0.0
19033,4,0.0
19033,84,0.0
19033,54,0.0
19033,136,0.0
19033,67,0.0
19033,39,0.0
19033,18,0.0
19033,104,0.0
4310,44,0.0
4310,31,0.0
4310,4,0.0
4310,84,0.0
4310,54,0.0
4310,136,0.0
4310,67,0.0
4310,39,0.0
4310,18,0.0
4310,104,0.0
5873,44,0.0
5873,31,0.0
5873,4,0.0
5873,84,0.0
5873,54,0.0
5873,136,0.0
5873,67,0.0
5873,39,0.0
5873,18,0.0
5873,2,0.0
3784,44,0.0
3784,31,0.0
3784,4,0.0
3784,84,0.0
3784,54,0.0
3784,136,0.0
3784,67,0.0
3784,39,0.0
3784,18,0.0
3784,2,0.0
11908,44,0.0
11908,31,0.0
11908,4,0.0
11908,84,0.0
11908,54,0.0
11908,136,0.0
11908,67,0.0
11908,39,0.0
11908,18,0.0
11908,2,0.0
18070,44,0.0
18070,31,0.0
18070,4,0.0
18070,84,0.0
18070,54,0.0
18070,136,0.0
18070,67,0.0
18070,39,0.0
18070,18,0.0
18070,2,0.0
18256,44,0.0
18256,31,0.0
18256,4,0.0
18256,54,0.0
18256,136,0.0
18256,67,0.0
18256,39,0.0
18256,18,0.0
18256,2,0.0
18256,104,0.0
14822,44,0.0
14822,31,0.0
14822,4,0.0
14822,54,0.0
14822,136,0.0
14822,67,0.0
14822,39,0.0
14822,18,0.0
14822,2,0.0
14822,104,0.0
18999,44,0.0
18999,54,0.0
18999,136,0.0
18999,67,0.0
18999,39,0.0
18999,18,0.0
18999,104,0.0
18999,134,0.0
18999,32,0.0
18999,64,0.0
14091,44,0.0
14091,31,0.0
14091,4,0.0
14091,54,0.0
14091,136,0.0
14091,67,0.0
14091,39,0.0
14091,18,0.0
14091,2,0.0
14091,104,0.0
1023,44,0.0
1023,4,0.0
1023,84,0.0
1023,54,0.0
1023,136,0.0
1023,67,0.0
1023,39,0.0
1023,18,0.0
1023,2,0.0
1023,104,0.0
3783,44,0.0
3783,31,0.0
3783,4,0.0
3783,84,0.0
3783,54,0.0
3783,136,0.0
3783,67,0.0
3783,39,0.0
3783,18,0.0
3783,2,0.0
19913,44,0.0
19913,31,0.0
19913,4,0.0
19913,84,0.0
19913,54,0.0
19913,136,0.0
19913,67,0.0
19913,39,0.0
19913,18,0.0
19913,2,0.0
19012,44,0.0
19012,31,0.0
19012,4,0.0
19012,54,0.0
19012,136,0.0
19012,67,0.0
19012,39,0.0
19012,18,0.0
19012,2,0.0
19012,104,0.0
11918,44,0.0
11918,31,0.0
11918,4,0.0
11918,54,0.0
11918,136,0.0
11918,67,0.0
11918,39,0.0
11918,18,0.0
11918,2,0.0
11918,104,0.0
11912,44,0.0
11912,31,0.0
11912,4,0.0
11912,54,0.0
11912,136,0.0
11912,67,0.0
11912,39,0.0
11912,18,0.0
11912,2,0.0
11912,104,0.0
19022,44,0.0
19022,31,0.0
19022,4,0.0
19022,84,0.0
19022,54,0.0
19022,136,0.0
19022,67,0.0
19022,39,0.0
19022,18,0.0
19022,2,0.0
18250,44,0.0
18250,31,0.0
18250,4,0.0
18250,84,0.0
18250,54,0.0
18250,136,0.0
18250,67,0.0
18250,39,0.0
18250,18,0.0
18250,2,0.0
19028,44,0.0
19028,31,0.0
19028,84,0.0
19028,54,0.0
19028,136,0.0
19028,67,0.0
19028,39,0.0
19028,18,0.0
19028,2,0.0
19028,134,0.0
12350,31,0.0
12350,4,0.0
12350,84,0.0
12350,54,0.0
12350,136,0.0
12350,67,0.0
12350,39,0.0
12350,18,0.0
12350,2,0.0
12350,104,0.0
11911,44,0.0
11911,31,0.0
11911,4,0.0
11911,84,0.0
11911,54,0.0
11911,136,0.0
11911,67,0.0
11911,39,0.0
11911,18,0.0
11911,2,0.0
80,44,0.0
80,31,0.0
80,4,0.0
80,84,0.0
80,54,0.0
80,136,0.0
80,67,0.0
80,39,0.0
80,18,0.0
80,104,0.0
19043,44,0.0
19043,54,0.0
19043,67,0.0
19043,39,0.0
19043,18,0.0
19043,134,0.0
19043,32,0.0
19043,64,0.0
19043,33,0.0
19043,74,0.0
11903,44,0.0
11903,31,0.0
11903,4,0.0
11903,84,0.0
11903,54,0.0
11903,136,0.0
11903,67,0.0
11903,39,0.0
11903,18,0.0
11903,2,0.0
19044,84,0.0
19044,54,0.0
19044,136,0.0
19044,67,0.0
19044,39,0.0
19044,2,0.0
19044,134,0.0
19044,32,0.0
19044,64,0.0
19044,33,0.0
8335,44,0.0
8335,4,0.0
8335,84,0.0
8335,54,0.0
8335,136,0.0
8335,67,0.0
8335,39,0.0
8335,18,0.0
8335,2,0.0
8335,104,0.0
4448,44,0.0
4448,4,0.0
4448,84,0.0
4448,54,0.0
4448,136,0.0
4448,67,0.0
4448,39,0.0
4448,18,0.0
4448,2,0.0
4448,104,0.0
11898,44,0.0
11898,4,0.0
11898,84,0.0
11898,54,0.0
11898,136,0.0
11898,67,0.0
11898,39,0.0
11898,18,0.0
11898,2,0.0
11898,104,0.0
11899,44,0.0
11899,31,0.0
11899,4,0.0
11899,84,0.0
11899,54,0.0
11899,136,0.0
11899,67,0.0
11899,39,0.0
11899,18,0.0
11899,2,0.0
10748,44,0.0
10748,4,0.0
10748,84,0.0
10748,54,0.0
10748,136,0.0
10748,67,0.0
10748,39,0.0
10748,18,0.0
10748,2,0.0
10748,104,0.0
6527,44,0.0
6527,4,0.0
6527,84,0.0
6527,54,0.0
6527,136,0.0
6527,67,0.0
6527,39,0.0
6527,18,0.0
6527,2,0.0
6527,104,0.0
19042,44,0.0
19042,31,0.0
19042,84,0.0
19042,54,0.0
19042,136,0.0
19042,67,0.0
19042,39,0.0
19042,18,0.0
19042,2,0.0
19042,104,0.0
11901,44,0.0
11901,31,0.0
11901,4,0.0
11901,54,0.0
11901,136,0.0
11901,67,0.0
11901,39,0.0
11901,18,0.0
11901,2,0.0
11901,134,0.0
11909,44,0.0
11909,31,0.0
11909,4,0.0
11909,54,0.0
11909,136,0.0
11909,67,0.0
11909,39,0.0
11909,18,0.0
11909,2,0.0
11909,104,0.0
11907,44,0.0
11907,31,0.0
11907,4,0.0
11907,84,0.0
11907,54,0.0
11907,136,0.0
11907,67,0.0
11907,39,0.0
11907,18,0.0
11907,2,0.0
19041,44,0.0
19041,31,0.0
19041,4,0.0
19041,84,0.0
19041,54,0.0
19041,136,0.0
19041,67,0.0
19041,39,0.0
19041,18,0.0
19041,2,0.0
8324,44,0.0
8324,31,0.0
8324,4,0.0
8324,84,0.0
8324,54,0.0
8324,136,0.0
8324,39,0.0
8324,18,0.0
8324,2,0.0
8324,104,0.0
11910,44,0.0
11910,31,0.0
11910,4,0.0
11910,84,0.0
11910,54,0.0
11910,136,0.0
11910,67,0.0
11910,39,0.0
11910,18,0.0
11910,2,0.0
502,44,0.0
502,31,0.0
502,4,0.0
502,84,0.0
502,54,0.0
502,136,0.0
502,67,0.0
502,39,0.0
502,18,0.0
502,2,0.0
16638,44,0.0
16638,31,0.0
16638,4,0.0
16638,54,0.0
16638,136,0.0
16638,67,0.0
16638,39,0.0
16638,18,0.0
16638,2,0.0
16638,104,0.0
6973,44,0.0
6973,31,0.0
6973,4,0.0
6973,84,0.0
6973,54,0.0
6973,136,0.0
6973,39,0.0
6973,18,0.0
6973,2,0.0
6973,104,0.0
10265,44,0.0
10265,31,0.0
10265,4,0.0
10265,54,0.0
10265,136,0.0
10265,67,0.0
10265,39,0.0
10265,18,0.0
10265,2,0.0
10265,104,0.0
5606,44,0.0
5606,4,0.0
5606,84,0.0
5606,54,0.0
5606,136,0.0
5606,67,0.0
5606,39,0.0
5606,18,0.0
5606,2,0.0
5606,104,0.0
19004,44,0.0
19004,54,0.0
19004,2,0.0
19004,134,0.0
19004,32,0.0
19004,64,0.0
19004,23,0.0
19004,34,0.0
19004,69,0.0
19004,137,0.0
6128,44,0.0
6128,31,0.0
6128,4,0.0
6128,84,0.0
6128,54,0.0
6128,136,0.0
6128,67,0.0
6128,39,0.0
6128,18,0.0
6128,2,0.0
15717,31,0.0
15717,4,0.0
15717,54,0.0
15717,136,0.0
15717,67,0.0
15717,39,0.0
15717,104,0.0
15717,134,0.0
15717,32,0.0
15717,64,0.0
14062,44,0.0
14062,31,0.0
14062,4,0.0
14062,84,0.0
14062,54,0.0
14062,136,0.0
14062,67,0.0
14062,39,0.0
14062,18,0.0
14062,2,0.0
98,44,0.0
98,31,0.0
98,4,0.0
98,84,0.0
98,54,0.0
98,136,0.0
98,67,0.0
98,39,0.0
98,18,0.0
98,104,0.0
12122,44,0.0
12122,31,0.0
12122,4,0.0
12122,54,0.0
12122,136,0.0
12122,67,0.0
12122,39,0.0
12122,18,0.0
12122,2,0.0
12122,104,0.0
15597,44,0.0
15597,31,0.0
15597,4,0.0
15597,84,0.0
15597,54,0.0
15597,136,0.0
15597,67,0.0
15597,39,0.0
15597,18,0.0
15597,2,0.0
11919,44,0.0
11919,31,0.0
11919,4,0.0
11919,84,0.0
11919,54,0.0
11919,136,0.0
11919,67,0.0
11919,39,0.0
11919,18,0.0
11919,2,0.0
19035,44,0.0
19035,84,0.0
19035,54,0.0
19035,136,0.0
19035,67,0.0
19035,39,0.0
19035,18,0.0
19035,2,0.0
19035,104,0.0
19035,134,0.0
6528,44,0.0
6528,4,0.0
6528,54,0.0
6528,136,0.0
6528,67,0.0
6528,39,0.0
6528,18,0.0
6528,2,0.0
6528,104,0.0
6528,134,0.0
7332,44,0.0
7332,31,0.0
7332,84,0.0
7332,54,0.0
7332,136,0.0
7332,67,0.0
7332,39,0.0
7332,18,0.0
7332,2,0.0
7332,104,0.0
12416,44,0.0
12416,31,0.0
12416,4,0.0
12416,84,0.0
12416,54,0.0
12416,136,0.0
12416,67,0.0
12416,39,0.0
12416,18,0.0
12416,2,0.0
7333,44,0.0
7333,31,0.0
7333,4,0.0
7333,84,0.0
7333,54,0.0
7333,136,0.0
7333,67,0.0
7333,39,0.0
7333,18,0.0
7333,2,0.0
19138,44,0.0
19138,31,0.0
19138,4,0.0
19138,54,0.0
19138,136,0.0
19138,67,0.0
19138,39,0.0
19138,18,0.0
19138,2,0.0
19138,104,0.0
14711,44,0.0
14711,31,0.0
14711,84,0.0
14711,54,0.0
14711,136,0.0
14711,67,0.0
14711,39,0.0
14711,18,0.0
14711,2,0.0
14711,104,0.0
19027,44,0.0
19027,31,0.0
19027,54,0.0
19027,136,0.0
19027,67,0.0
19027,39,0.0
19027,18,0.0
19027,2,0.0
19027,104,0.0
19027,134,0.0
6526,44,0.0
6526,31,0.0
6526,84,0.0
6526,54,0.0
6526,136,0.0
6526,67,0.0
6526,39,0.0
6526,18,0.0
6526,2,0.0
6526,104,0.0
15594,44,0.0
15594,84,0.0
15594,54,0.0
15594,136,0.0
15594,39,0.0
15594,2,0.0
15594,104,0.0
15594,134,0.0
15594,32,0.0
15594,64,0.0
8917,44,0.0
8917,31,0.0
8917,4,0.0
8917,84,0.0
8917,54,0.0
8917,136,0.0
8917,67,0.0
8917,39,0.0
8917,18,0.0
8917,2,0.0
19011,44,0.0
19011,31,0.0
19011,4,0.0
19011,84,0.0
19011,54,0.0
19011,136,0.0
19011,67,0.0
19011,39,0.0
19011,18,0.0
19011,104,0.0
11904,44,0.0
11904,31,0.0
11904,4,0.0
11904,84,0.0
11904,54,0.0
11904,136,0.0
11904,67,0.0
11904,39,0.0
11904,18,0.0
11904,104,0.0
6553,44,0.0
6553,31,0.0
6553,4,0.0
6553,84,0.0
6553,54,0.0
6553,136,0.0
6553,67,0.0
6553,39,0.0
6553,18,0.0
6553,2,0.0
14738,44,0.0
14738,31,0.0
14738,4,0.0
14738,84,0.0
14738,54,0.0
14738,136,0.0
14738,67,0.0
14738,39,0.0
14738,18,0.0
14738,2,0.0
7645,44,0.0
7645,4,0.0
7645,84,0.0
7645,54,0.0
7645,136,0.0
7645,67,0.0
7645,39,0.0
7645,18,0.0
7645,2,0.0
7645,104,0.0
13564,44,0.0
13564,31,0.0
13564,84,0.0
13564,54,0.0
13564,136,0.0
13564,67,0.0
13564,39,0.0
13564,18,0.0
13564,2,0.0
13564,104,0.0
1013,44,0.0
1013,31,0.0
1013,4,0.0
1013,84,0.0
1013,54,0.0
1013,136,0.0
1013,67,0.0
1013,39,0.0
1013,18,0.0
1013,2,0.0
5923,44,0.0
5923,31,0.0
5923,84,0.0
5923,54,0.0
5923,136,0.0
5923,67,0.0
5923,39,0.0
5923,18,0.0
5923,2,0.0
5923,104,0.0
18231,44,0.0
18231,31,0.0
18231,4,0.0
18231,84,0.0
18231,54,0.0
18231,136,0.0
18231,67,0.0
18231,39,0.0
18231,18,0.0
18231,2,0.0
9900,44,0.0
9900,31,0.0
9900,84,0.0
9900,54,0.0
9900,136,0.0
9900,67,0.0
9900,39,0.0
9900,18,0.0
9900,2,0.0
9900,134,0.0
5119,44,0.0
5119,4,0.0
5119,84,0.0
5119,54,0.0
5119,136,0.0
5119,67,0.0
5119,39,0.0
5119,18,0.0
5119,2,0.0
5119,104,0.0
11915,44,0.0
11915,31,0.0
11915,4,0.0
11915,54,0.0
11915,136,0.0
11915,67,0.0
11915,39,0.0
11915,18,0.0
11915,2,0.0
11915,104,0.0
18261,44,0.0
18261,31,0.0
18261,4,0.0
18261,84,0.0
18261,54,0.0
18261,136,0.0
18261,67,0.0
18261,39,0.0
18261,18,0.0
18261,2,0.0
11900,44,0.0
11900,31,0.0
11900,4,0.0
11900,54,0.0
11900,136,0.0
11900,67,0.0
11900,39,0.0
11900,18,0.0
11900,2,0.0
11900,134,0.0
6788,44,0.0
6788,31,0.0
6788,4,0.0
6788,84,0.0
6788,54,0.0
6788,136,0.0
6788,67,0.0
6788,39,0.0
6788,18,0.0
6788,104,0.0
16835,44,0.0
16835,31,0.0
16835,4,0.0
16835,84,0.0
16835,54,0.0
16835,136,0.0
16835,67,0.0
16835,39,0.0
16835,18,0.0
16835,2,0.0
5925,44,0.0
5925,31,0.0
5925,4,0.0
5925,54,0.0
5925,136,0.0
5925,67,0.0
5925,39,0.0
5925,18,0.0
5925,2,0.0
5925,104,0.0
16836,44,0.0
16836,31,0.0
16836,4,0.0
16836,84,0.0
16836,54,0.0
16836,136,0.0
16836,67,0.0
16836,39,0.0
16836,18,0.0
16836,2,0.0
19013,44,0.0
19013,31,0.0
19013,84,0.0
19013,54,0.0
19013,136,0.0
19013,67,0.0
19013,39,0.0
19013,18,0.0
19013,2,0.0
19013,104,0.0
11902,44,0.0
11902,31,0.0
11902,4,0.0
11902,54,0.0
11902,136,0.0
11902,67,0.0
11902,39,0.0
11902,18,0.0
11902,2,0.0
11902,104,0.0
19015,44,0.0
19015,31,0.0
19015,4,0.0
19015,84,0.0
19015,54,0.0
19015,136,0.0
19015,67,0.0
19015,39,0.0
19015,2,0.0
19015,104,0.0
417,44,0.0
417,4,0.0
417,84,0.0
417,54,0.0
417,136,0.0
417,67,0.0
417,39,0.0
417,18,0.0
417,2,0.0
417,104,0.0
19005,44,0.0
19005,84,0.0
19005,54,0.0
19005,136,0.0
19005,67,0.0
19005,39,0.0
19005,18,0.0
19005,2,0.0
19005,104,0.0
19005,134,0.0
14710,44,0.0
14710,31,0.0
14710,4,0.0
14710,54,0.0
14710,136,0.0
14710,67,0.0
14710,39,0.0
14710,18,0.0
14710,2,0.0
14710,104,0.0
10091,44,0.0
10091,31,0.0
10091,4,0.0
10091,84,0.0
10091,54,0.0
10091,136,0.0
10091,67,0.0
10091,39,0.0
10091,18,0.0
10091,2,0.0
19045,44,0.0
19045,31,0.0
19045,4,0.0
19045,84,0.0
19045,54,0.0
19045,136,0.0
19045,67,0.0
19045,39,0.0
19045,18,0.0
19045,2,0.0
418,44,0.0
418,31,0.0
418,4,0.0
418,84,0.0
418,54,0.0
418,136,0.0
418,67,0.0
418,39,0.0
418,18,0.0
418,104,0.0
419,44,0.0
419,4,0.0
419,84,0.0
419,54,0.0
419,136,0.0
419,67,0.0
419,39,0.0
419,18,0.0
419,2,0.0
419,104,0.0
1362,44,0.0
1362,31,0.0
1362,4,0.0
1362,84,0.0
1362,54,0.0
1362,136,0.0
1362,67,0.0
1362,39,0.0
1362,18,0.0
1362,2,0.0
19040,44,0.0
19040,31,0.0
19040,4,0.0
19040,84,0.0
19040,54,0.0
19040,136,0.0
19040,67,0.0
19040,39,0.0
19040,18,0.0
19040,2,0.0
5565,44,0.0
5565,31,0.0
5565,4,0.0
5565,84,0.0
5565,54,0.0
5565,136,0.0
5565,67,0.0
5565,39,0.0
5565,18,0.0
5565,2,0.0
11916,44,0.0
11916,31,0.0
11916,4,0.0
11916,54,0.0
11916,136,0.0
11916,67,0.0
11916,39,0.0
11916,18,0.0
11916,2,0.0
11916,104,0.0
10460,44,0.0
10460,31,0.0
10460,4,0.0
10460,54,0.0
10460,136,0.0
10460,67,0.0
10460,39,0.0
10460,18,0.0
10460,2,0.0
10460,104,0.0
19006,44,0.0
19006,31,0.0
19006,4,0.0
19006,84,0.0
19006,54,0.0
19006,136,0.0
19006,67,0.0
19006,39,0.0
19006,18,0.0
19006,2,0.0
18506,44,0.0
18506,31,0.0
18506,4,0.0
18506,54,0.0
18506,136,0.0
18506,67,0.0
18506,39,0.0
18506,18,0.0
18506,2,0.0
18506,104,0.0
9901,44,0.0
9901,4,0.0
9901,84,0.0
9901,54,0.0
9901,136,0.0
9901,67,0.0
9901,39,0.0
9901,18,0.0
9901,2,0.0
9901,104,0.0
15513,44,0.0
15513,31,0.0
15513,4,0.0
15513,84,0.0
15513,54,0.0
15513,136,0.0
15513,67,0.0
15513,39,0.0
15513,18,0.0
15513,2,0.0
12009,44,0.0
12009,31,0.0
12009,4,0.0
12009,54,0.0
12009,136,0.0
12009,67,0.0
12009,39,0.0
12009,18,0.0
12009,2,0.0
12009,104,0.0
4449,44,0.0
4449,31,0.0
4449,4,0.0
4449,84,0.0
4449,54,0.0
4449,136,0.0
4449,67,0.0
4449,39,0.0
4449,18,0.0
4449,2,0.0
19026,44,0.0
19026,31,0.0
19026,4,0.0
19026,54,0.0
19026,136,0.0
19026,67,0.0
19026,39,0.0
19026,18,0.0
19026,2,0.0
19026,104,0.0
1361,44,0.0
1361,31,0.0
1361,4,0.0
1361,84,0.0
1361,54,0.0
1361,136,0.0
1361,67,0.0
1361,39,0.0
1361,18,0.0
1361,2,0.0
12412,44,0.0
12412,31,0.0
12412,4,0.0
12412,84,0.0
12412,54,0.0
12412,136,0.0
12412,67,0.0
12412,39,0.0
12412,18,0.0
12412,104,0.0
10461,44,0.0
10461,31,0.0
10461,4,0.0
10461,84,0.0
10461,54,0.0
10461,136,0.0
10461,67,0.0
10461,39,0.0
10461,18,0.0
10461,2,0.0
11711,44,0.0
11711,31,0.0
11711,4,0.0
11711,84,0.0
11711,54,0.0
11711,136,0.0
11711,67,0.0
11711,39,0.0
11711,2,0.0
11711,104,0.0
6323,39,0.0
6323,18,0.0
6323,33,0.0
6323,34,0.0
6323,69,0.0
6323,5,0.0
6323,70,0.0
6323,37,0.0
6323,137,0.0
6323,38,0.0
10833,44,0.0
10833,4,0.0
10833,136,0.0
10833,67,0.0
10833,39,0.0
10833,2,0.0
10833,104,0.0
10833,134,0.0
10833,32,0.0
10833,64,0.0
2418,44,0.0
2418,31,0.0
2418,4,0.0
2418,54,0.0
2418,136,0.0
2418,67,0.0
2418,39,0.0
2418,104,0.0
2418,134,0.0
2418,32,0.0
2593,44,0.0
2593,4,0.0
2593,84,0.0
2593,54,0.0
2593,136,0.0
2593,67,0.0
2593,39,0.0
2593,18,0.0
2593,2,0.0
2593,104,0.0
17184,44,0.0
17184,4,0.0
17184,54,0.0
17184,136,0.0
17184,67,0.0
17184,39,0.0
17184,18,0.0
17184,104,0.0
17184,134,0.0
17184,32,0.0
15300,31,0.0
15300,4,0.0
15300,84,0.0
15300,136,0.0
15300,39,0.0
15300,134,0.0
15300,32,0.0
15300,64,0.0
15300,33,0.0
15300,74,0.0
5072,44,0.0
5072,31,0.0
5072,4,0.0
5072,84,0.0
5072,54,0.0
5072,136,0.0
5072,67,0.0
5072,39,0.0
5072,18,0.0
5072,2,0.0
9532,44,0.0
9532,31,0.0
9532,4,0.0
9532,84,0.0
9532,54,0.0
9532,136,0.0
9532,67,0.0
9532,39,0.0
9532,18,0.0
9532,2,0.0
11500,44,0.0
11500,4,0.0
11500,84,0.0
11500,136,0.0
11500,39,0.0
11500,18,0.0
11500,2,0.0
11500,104,0.0
11500,134,0.0
11500,32,0.0
6325,44,0.0
6325,31,0.0
6325,4,0.0
6325,84,0.0
6325,54,0.0
6325,136,0.0
6325,67,0.0
6325,39,0.0
6325,18,0.0
6325,2,0.0
6326,44,0.0
6326,31,0.0
6326,4,0.0
6326,84,0.0
6326,54,0.0
6326,136,0.0
6326,67,0.0
6326,39,0.0
6326,18,0.0
6326,2,0.0
11420,31,0.0
11420,4,0.0
11420,84,0.0
11420,54,0.0
11420,136,0.0
11420,67,0.0
11420,39,0.0
11420,18,0.0
11420,2,0.0
11420,104,0.0
16883,44,0.0
16883,4,0.0
16883,84,0.0
16883,54,0.0
16883,136,0.0
16883,67,0.0
16883,39,0.0
16883,18,0.0
16883,2,0.0
16883,104,0.0
10523,44,0.0
10523,31,0.0
10523,4,0.0
10523,84,0.0
10523,54,0.0
10523,136,0.0
10523,67,0.0
10523,39,0.0
10523,18,0.0
10523,104,0.0
1094,44,0.0
1094,31,0.0
1094,4,0.0
1094,84,0.0
1094,54,0.0
1094,136,0.0
1094,67,0.0
1094,39,0.0
1094,18,0.0
1094,2,0.0
5202,44,0.0
5202,31,0.0
5202,4,0.0
5202,54,0.0
5202,136,0.0
5202,39,0.0
5202,18,0.0
5202,2,0.0
5202,104,0.0
5202,134,0.0
4519,44,0.0
4519,31,0.0
4519,4,0.0
4519,84,0.0
4519,54,0.0
4519,136,0.0
4519,67,0.0
4519,39,0.0
4519,18,0.0
4519,2,0.0
4158,44,0.0
4158,31,0.0
4158,4,0.0
4158,84,0.0
4158,54,0.0
4158,136,0.0
4158,67,0.0
4158,39,0.0
4158,18,0.0
4158,2,0.0
13519,44,0.0
13519,31,0.0
13519,54,0.0
13519,136,0.0
13519,67,0.0
13519,39,0.0
13519,18,0.0
13519,2,0.0
13519,134,0.0
13519,32,0.0
9147,44,0.0
9147,31,0.0
9147,4,0.0
9147,84,0.0
9147,54,0.0
9147,136,0.0
9147,67,0.0
9147,39,0.0
9147,18,0.0
9147,2,0.0
18588,44,0.0
18588,31,0.0
18588,4,0.0
18588,84,0.0
18588,54,0.0
18588,136,0.0
18588,67,0.0
18588,39,0.0
18588,18,0.0
18588,2,0.0
17372,44,0.0
17372,31,0.0
17372,4,0.0
17372,84,0.0
17372,54,0.0
17372,136,0.0
17372,67,0.0
17372,39,0.0
17372,18,0.0
17372,2,0.0
971,31,0.0
971,4,0.0
971,84,0.0
971,54,0.0
971,136,0.0
971,67,0.0
971,39,0.0
971,18,0.0
971,2,0.0
971,134,0.0
2952,44,0.0
2952,136,0.0
2952,18,0.0
2952,104,0.0
2952,134,0.0
2952,32,0.0
2952,33,0.0
2952,34,0.0
2952,69,0.0
2952,5,0.0
6981,44,0.0
6981,31,0.0
6981,4,0.0
6981,84,0.0
6981,54,0.0
6981,136,0.0
6981,67,0.0
6981,39,0.0
6981,2,0.0
6981,104,0.0
964,54,0.0
964,136,0.0
964,67,0.0
964,39,0.0
964,104,0.0
964,134,0.0
964,32,0.0
964,64,0.0
964,33,0.0
964,74,0.0
7250,44,0.0
7250,31,0.0
7250,4,0.0
7250,84,0.0
7250,54,0.0
7250,136,0.0
7250,67,0.0
7250,39,0.0
7250,18,0.0
7250,2,0.0
2954,44,0.0
2954,54,0.0
2954,136,0.0
2954,39,0.0
2954,2,0.0
2954,134,0.0
2954,32,0.0
2954,64,0.0
2954,33,0.0
2954,34,0.0
15304,44,0.0
15304,31,0.0
15304,4,0.0
15304,84,0.0
15304,54,0.0
15304,136,0.0
15304,67,0.0
15304,39,0.0
15304,18,0.0
15304,2,0.0
1103,44,0.0
1103,31,0.0
1103,4,0.0
1103,84,0.0
1103,54,0.0
1103,136,0.0
1103,67,0.0
1103,39,0.0
1103,18,0.0
1103,2,0.0
15924,44,0.0
15924,31,0.0
15924,4,0.0
15924,54,0.0
15924,136,0.0
15924,67,0.0
15924,39,0.0
15924,18,0.0
15924,2,0.0
15924,134,0.0
17949,44,0.0
17949,31,0.0
17949,4,0.0
17949,84,0.0
17949,54,0.0
17949,136,0.0
17949,67,0.0
17949,39,0.0
17949,18,0.0
17949,2,0.0
7908,44,0.0
7908,31,0.0
7908,4,0.0
7908,54,0.0
7908,136,0.0
7908,67,0.0
7908,39,0.0
7908,18,0.0
7908,2,0.0
7908,104,0.0
2052,44,0.0
2052,31,0.0
2052,4,0.0
2052,84,0.0
2052,54,0.0
2052,136,0.0
2052,67,0.0
2052,39,0.0
2052,18,0.0
2052,2,0.0
17577,44,0.0
17577,31,0.0
17577,4,0.0
17577,84,0.0
17577,54,0.0
17577,136,0.0
17577,67,0.0
17577,39,0.0
17577,18,0.0
17577,2,0.0
3009,44,0.0
3009,4,0.0
3009,84,0.0
3009,54,0.0
3009,136,0.0
3009,67,0.0
3009,39,0.0
3009,18,0.0
3009,2,0.0
3009,104,0.0
1575,44,0.0
1575,31,0.0
1575,4,0.0
1575,84,0.0
1575,54,0.0
1575,136,0.0
1575,67,0.0
1575,39,0.0
1575,18,0.0
1575,2,0.0
967,44,0.0
967,31,0.0
967,4,0.0
967,54,0.0
967,136,0.0
967,67,0.0
967,39,0.0
967,18,0.0
967,2,0.0
967,104,0.0
2953,44,0.0
2953,4,0.0
2953,84,0.0
2953,54,0.0
2953,136,0.0
2953,67,0.0
2953,39,0.0
2953,18,0.0
2953,2,0.0
2953,104,0.0
15305,44,0.0
15305,31,0.0
15305,4,0.0
15305,84,0.0
15305,54,0.0
15305,136,0.0
15305,67,0.0
15305,39,0.0
15305,18,0.0
15305,2,0.0
969,44,0.0
969,31,0.0
969,4,0.0
969,84,0.0
969,54,0.0
969,136,0.0
969,67,0.0
969,39,0.0
969,18,0.0
969,2,0.0
11612,44,0.0
11612,31,0.0
11612,4,0.0
11612,84,0.0
11612,54,0.0
11612,136,0.0
11612,67,0.0
11612,39,0.0
11612,18,0.0
11612,2,0.0
968,44,0.0
968,31,0.0
968,4,0.0
968,84,0.0
968,54,0.0
968,136,0.0
968,67,0.0
968,39,0.0
968,2,0.0
968,104,0.0
14708,44,0.0
14708,31,0.0
14708,54,0.0
14708,136,0.0
14708,67,0.0
14708,39,0.0
14708,18,0.0
14708,2,0.0
14708,104,0.0
14708,134,0.0
14412,4,0.0
14412,84,0.0
14412,136,0.0
14412,39,0.0
14412,18,0.0
14412,2,0.0
14412,134,0.0
14412,32,0.0
14412,64,0.0
14412,33,0.0
4296,44,0.0
4296,31,0.0
4296,4,0.0
4296,84,0.0
4296,54,0.0
4296,136,0.0
4296,67,0.0
4296,39,0.0
4296,18,0.0
4296,2,0.0
15067,31,0.0
15067,4,0.0
15067,84,0.0
15067,54,0.0
15067,136,0.0
15067,39,0.0
15067,134,0.0
15067,32,0.0
15067,33,0.0
15067,74,0.0
8587,44,0.0
8587,67,0.0
8587,39,0.0
8587,18,0.0
8587,2,0.0
8587,104,0.0
8587,134,0.0
8587,32,0.0
8587,64,0.0
8587,33,0.0
9928,84,0.0
9928,67,0.0
9928,39,0.0
9928,5,0.0
9928,70,0.0
9928,137,0.0
9928,38,0.0
9928,51,0.0
9928,71,0.0
9928,72,0.0
750,44,0.0
750,31,0.0
750,4,0.0
750,84,0.0
750,54,0.0
750,136,0.0
750,67,0.0
750,39,0.0
750,18,0.0
750,2,0.0
679,44,0.0
679,4,0.0
679,84,0.0
679,54,0.0
679,136,0.0
679,67,0.0
679,39,0.0
679,18,0.0
679,2,0.0
679,134,0.0
9929,84,0.0
9929,136,0.0
9929,67,0.0
9929,39,0.0
9929,134,0.0
9929,32,0.0
9929,64,0.0
9929,33,0.0
9929,74,0.0
9929,34,0.0
14415,44,0.0
14415,31,0.0
14415,4,0.0
14415,84,0.0
14415,54,0.0
14415,136,0.0
14415,39,0.0
14415,18,0.0
14415,2,0.0
14415,104,0.0
17051,44,0.0
17051,31,0.0
17051,4,0.0
17051,54,0.0
17051,136,0.0
17051,67,0.0
17051,39,0.0
17051,18,0.0
17051,2,0.0
17051,104,0.0
18724,44,0.0
18724,31,0.0
18724,4,0.0
18724,84,0.0
18724,54,0.0
18724,136,0.0
18724,67,0.0
18724,39,0.0
18724,18,0.0
18724,2,0.0
8026,31,0.0
8026,4,0.0
8026,84,0.0
8026,136,0.0
8026,39,0.0
8026,18,0.0
8026,2,0.0
8026,104,0.0
8026,134,0.0
8026,32,0.0
19589,44,0.0
19589,31,0.0
19589,4,0.0
19589,84,0.0
19589,54,0.0
19589,136,0.0
19589,67,0.0
19589,39,0.0
19589,18,0.0
19589,2,0.0
19436,44,0.0
19436,31,0.0
19436,4,0.0
19436,84,0.0
19436,54,0.0
19436,136,0.0
19436,67,0.0
19436,39,0.0
19436,18,0.0
19436,104,0.0
2259,44,0.0
2259,4,0.0
2259,84,0.0
2259,54,0.0
2259,136,0.0
2259,67,0.0
2259,39,0.0
2259,18,0.0
2259,2,0.0
2259,104,0.0
7874,4,0.0
7874,54,0.0
7874,136,0.0
7874,67,0.0
7874,39,0.0
7874,18,0.0
7874,2,0.0
7874,134,0.0
7874,32,0.0
7874,64,0.0
8464,44,0.0
8464,4,0.0
8464,54,0.0
8464,136,0.0
8464,67,0.0
8464,39,0.0
8464,18,0.0
8464,2,0.0
8464,104,0.0
8464,134,0.0
13970,44,0.0
13970,31,0.0
13970,4,0.0
13970,84,0.0
13970,54,0.0
13970,136,0.0
13970,67,0.0
13970,39,0.0
13970,18,0.0
13970,2,0.0
10542,44,0.0
10542,31,0.0
10542,4,0.0
10542,84,0.0
10542,54,0.0
10542,136,0.0
10542,67,0.0
10542,39,0.0
10542,18,0.0
10542,2,0.0
16197,31,0.0
16197,4,0.0
16197,84,0.0
16197,54,0.0
16197,136,0.0
16197,67,0.0
16197,39,0.0
16197,18,0.0
16197,2,0.0
16197,104,0.0
8250,44,0.0
8250,31,0.0
8250,4,0.0
8250,54,0.0
8250,136,0.0
8250,67,0.0
8250,39,0.0
8250,18,0.0
8250,2,0.0
8250,104,0.0
8076,44,0.0
8076,4,0.0
8076,84,0.0
8076,54,0.0
8076,136,0.0
8076,67,0.0
8076,39,0.0
8076,18,0.0
8076,2,0.0
8076,104,0.0
15496,44,0.0
15496,31,0.0
15496,4,0.0
15496,84,0.0
15496,54,0.0
15496,136,0.0
15496,67,0.0
15496,39,0.0
15496,18,0.0
15496,2,0.0
751,44,0.0
751,31,0.0
751,4,0.0
751,84,0.0
751,54,0.0
751,136,0.0
751,67,0.0
751,39,0.0
751,2,0.0
751,104,0.0
12704,44,0.0
12704,31,0.0
12704,4,0.0
12704,54,0.0
12704,136,0.0
12704,67,0.0
12704,39,0.0
12704,18,0.0
12704,2,0.0
12704,104,0.0
14364,44,0.0
14364,31,0.0
14364,4,0.0
14364,54,0.0
14364,136,0.0
14364,67,0.0
14364,39,0.0
14364,18,0.0
14364,2,0.0
14364,104,0.0
18645,44,0.0
18645,31,0.0
18645,4,0.0
18645,84,0.0
18645,54,0.0
18645,136,0.0
18645,67,0.0
18645,39,0.0
18645,18,0.0
18645,104,0.0
3952,44,0.0
3952,31,0.0
3952,4,0.0
3952,54,0.0
3952,136,0.0
3952,67,0.0
3952,39,0.0
3952,18,0.0
3952,2,0.0
3952,104,0.0
8459,31,0.0
8459,4,0.0
8459,54,0.0
8459,136,0.0
8459,67,0.0
8459,39,0.0
8459,104,0.0
8459,134,0.0
8459,32,0.0
8459,64,0.0
9992,44,0.0
9992,31,0.0
9992,4,0.0
9992,84,0.0
9992,54,0.0
9992,136,0.0
9992,67,0.0
9992,39,0.0
9992,104,0.0
9992,134,0.0
4144,136,0.0
4144,39,0.0
4144,18,0.0
4144,134,0.0
4144,32,0.0
4144,64,0.0
4144,33,0.0
4144,74,0.0
4144,23,0.0
4144,34,0.0
10638,44,0.0
10638,4,0.0
10638,84,0.0
10638,54,0.0
10638,136,0.0
10638,67,0.0
10638,39,0.0
10638,18,0.0
10638,2,0.0
10638,104,0.0
1090,44,0.0
1090,31,0.0
1090,4,0.0
1090,84,0.0
1090,54,0.0
1090,136,0.0
1090,67,0.0
1090,39,0.0
1090,18,0.0
1090,2,0.0
13717,44,0.0
13717,31,0.0
13717,4,0.0
13717,84,0.0
13717,54,0.0
13717,136,0.0
13717,67,0.0
13717,39,0.0
13717,18,0.0
13717,2,0.0
1110,44,0.0
1110,31,0.0
1110,4,0.0
1110,84,0.0
1110,54,0.0
1110,136,0.0
1110,67,0.0
1110,39,0.0
1110,18,0.0
1110,2,0.0
7852,31,0.0
7852,4,0.0
7852,84,0.0
7852,54,0.0
7852,136,0.0
7852,67,0.0
7852,39,0.0
7852,18,0.0
7852,2,0.0
7852,104,0.0
8461,39,0.0
8461,104,0.0
8461,32,0.0
8461,64,0.0
8461,33,0.0
8461,74,0.0
8461,34,0.0
8461,69,0.0
8461,5,0.0
8461,70,0.0
3955,44,0.0
3955,31,0.0
3955,4,0.0
3955,84,0.0
3955,136,0.0
3955,67,0.0
3955,39,0.0
3955,18,0.0
3955,2,0.0
3955,104,0.0
3959,44,0.0
3959,31,0.0
3959,4,0.0
3959,84,0.0
3959,136,0.0
3959,67,0.0
3959,39,0.0
3959,18,0.0
3959,2,0.0
3959,104,0.0
4305,44,0.0
4305,4,0.0
4305,84,0.0
4305,54,0.0
4305,136,0.0
4305,67,0.0
4305,39,0.0
4305,18,0.0
4305,2,0.0
4305,104,0.0
14402,44,0.0
14402,31,0.0
14402,4,0.0
14402,84,0.0
14402,54,0.0
14402,136,0.0
14402,67,0.0
14402,39,0.0
14402,18,0.0
14402,2,0.0
2262,44,0.0
2262,4,0.0
2262,84,0.0
2262,54,0.0
2262,136,0.0
2262,67,0.0
2262,39,0.0
2262,18,0.0
2262,2,0.0
2262,104,0.0
8460,44,0.0
8460,31,0.0
8460,4,0.0
8460,84,0.0
8460,54,0.0
8460,136,0.0
8460,67,0.0
8460,39,0.0
8460,18,0.0
8460,2,0.0
14414,31,0.0
14414,4,0.0
14414,84,0.0
14414,54,0.0
14414,136,0.0
14414,67,0.0
14414,39,0.0
14414,18,0.0
14414,2,0.0
14414,104,0.0
8665,44,0.0
8665,31,0.0
8665,4,0.0
8665,84,0.0
8665,136,0.0
8665,67,0.0
8665,39,0.0
8665,18,0.0
8665,2,0.0
8665,104,0.0
752,44,0.0
752,31,0.0
752,4,0.0
752,84,0.0
752,54,0.0
752,136,0.0
752,67,0.0
752,39,0.0
752,18,0.0
752,2,0.0
8664,31,0.0
8664,54,0.0
8664,136,0.0
8664,67,0.0
8664,39,0.0
8664,18,0.0
8664,2,0.0
8664,104,0.0
8664,134,0.0
8664,32,0.0
8666,31,0.0
8666,4,0.0
8666,84,0.0
8666,54,0.0
8666,136,0.0
8666,67,0.0
8666,39,0.0
8666,18,0.0
8666,2,0.0
8666,104,0.0
18715,44,0.0
18715,31,0.0
18715,4,0.0
18715,54,0.0
18715,136,0.0
18715,39,0.0
18715,134,0.0
18715,32,0.0
18715,64,0.0
18715,33,0.0
2810,44,0.0
2810,31,0.0
2810,4,0.0
2810,54,0.0
2810,136,0.0
2810,67,0.0
2810,39,0.0
2810,104,0.0
2810,134,0.0
2810,32,0.0
1113,44,0.0
1113,31,0.0
1113,4,0.0
1113,84,0.0
1113,136,0.0
1113,67,0.0
1113,39,0.0
1113,18,0.0
1113,2,0.0
1113,104,0.0
1112,44,0.0
1112,136,0.0
1112,67,0.0
1112,39,0.0
1112,104,0.0
1112,134,0.0
1112,32,0.0
1112,64,0.0
1112,33,0.0
1112,74,0.0
1114,31,0.0
1114,4,0.0
1114,84,0.0
1114,54,0.0
1114,136,0.0
1114,67,0.0
1114,39,0.0
1114,18,0.0
1114,2,0.0
1114,104,0.0
2643,44,0.0
2643,31,0.0
2643,4,0.0
2643,84,0.0
2643,54,0.0
2643,136,0.0
2643,67,0.0
2643,39,0.0
2643,18,0.0
2643,104,0.0
18754,44,0.0
18754,31,0.0
18754,4,0.0
18754,84,0.0
18754,54,0.0
18754,136,0.0
18754,67,0.0
18754,39,0.0
18754,18,0.0
18754,2,0.0
12369,44,0.0
12369,31,0.0
12369,4,0.0
12369,84,0.0
12369,54,0.0
12369,136,0.0
12369,67,0.0
12369,39,0.0
12369,18,0.0
12369,2,0.0
8446,44,0.0
8446,31,0.0
8446,4,0.0
8446,84,0.0
8446,54,0.0
8446,136,0.0
8446,67,0.0
8446,39,0.0
8446,18,0.0
8446,2,0.0
748,44,0.0
748,4,0.0
748,84,0.0
748,54,0.0
748,136,0.0
748,67,0.0
748,39,0.0
748,18,0.0
748,2,0.0
748,104,0.0
1111,44,0.0
1111,31,0.0
1111,4,0.0
1111,54,0.0
1111,136,0.0
1111,67,0.0
1111,39,0.0
1111,18,0.0
1111,104,0.0
1111,134,0.0
10805,44,0.0
10805,31,0.0
10805,4,0.0
10805,84,0.0
10805,54,0.0
10805,136,0.0
10805,39,0.0
10805,18,0.0
10805,2,0.0
10805,104,0.0
12506,44,0.0
12506,31,0.0
12506,4,0.0
12506,84,0.0
12506,54,0.0
12506,136,0.0
12506,67,0.0
12506,39,0.0
12506,18,0.0
12506,2,0.0
2285,44,0.0
2285,31,0.0
2285,4,0.0
2285,84,0.0
2285,54,0.0
2285,136,0.0
2285,67,0.0
2285,39,0.0
2285,18,0.0
2285,2,0.0
8827,44,0.0
8827,31,0.0
8827,4,0.0
8827,84,0.0
8827,54,0.0
8827,136,0.0
8827,67,0.0
8827,39,0.0
8827,18,0.0
8827,2,0.0
8613,44,0.0
8613,31,0.0
8613,4,0.0
8613,84,0.0
8613,54,0.0
8613,136,0.0
8613,67,0.0
8613,39,0.0
8613,18,0.0
8613,2,0.0
2860,44,0.0
2860,31,0.0
2860,4,0.0
2860,84,0.0
2860,54,0.0
2860,136,0.0
2860,67,0.0
2860,39,0.0
2860,18,0.0
2860,2,0.0
12003,44,0.0
12003,31,0.0
12003,4,0.0
12003,84,0.0
12003,54,0.0
12003,136,0.0
12003,67,0.0
12003,39,0.0
12003,18,0.0
12003,2,0.0
3154,44,0.0
3154,4,0.0
3154,84,0.0
3154,54,0.0
3154,136,0.0
3154,67,0.0
3154,39,0.0
3154,18,0.0
3154,104,0.0
3154,134,0.0
16209,54,0.0
16209,67,0.0
16209,18,0.0
16209,2,0.0
16209,32,0.0
16209,74,0.0
16209,23,0.0
16209,34,0.0
16209,69,0.0
16209,5,0.0
8471,44,0.0
8471,31,0.0
8471,4,0.0
8471,84,0.0
8471,54,0.0
8471,136,0.0
8471,67,0.0
8471,39,0.0
8471,18,0.0
8471,2,0.0
8909,44,0.0
8909,31,0.0
8909,54,0.0
8909,136,0.0
8909,67,0.0
8909,39,0.0
8909,18,0.0
8909,134,0.0
8909,32,0.0
8909,64,0.0
8469,44,0.0
8469,31,0.0
8469,4,0.0
8469,84,0.0
8469,54,0.0
8469,136,0.0
8469,67,0.0
8469,39,0.0
8469,18,0.0
8469,104,0.0
14984,44,0.0
14984,4,0.0
14984,84,0.0
14984,54,0.0
14984,136,0.0
14984,67,0.0
14984,39,0.0
14984,18,0.0
14984,2,0.0
14984,104,0.0
8618,44,0.0
8618,31,0.0
8618,84,0.0
8618,54,0.0
8618,136,0.0
8618,67,0.0
8618,39,0.0
8618,18,0.0
8618,2,0.0
8618,104,0.0
16210,44,0.0
16210,31,0.0
16210,4,0.0
16210,84,0.0
16210,54,0.0
16210,136,0.0
16210,67,0.0
16210,39,0.0
16210,18,0.0
16210,2,0.0
8690,44,0.0
8690,31,0.0
8690,4,0.0
8690,84,0.0
8690,54,0.0
8690,136,0.0
8690,67,0.0
8690,39,0.0
8690,104,0.0
8690,134,0.0
15294,44,0.0
15294,31,0.0
15294,4,0.0
15294,84,0.0
15294,54,0.0
15294,136,0.0
15294,67,0.0
15294,39,0.0
15294,18,0.0
15294,2,0.0
8710,44,0.0
8710,4,0.0
8710,84,0.0
8710,54,0.0
8710,136,0.0
8710,67,0.0
8710,39,0.0
8710,18,0.0
8710,2,0.0
8710,104,0.0
8703,44,0.0
8703,4,0.0
8703,84,0.0
8703,54,0.0
8703,136,0.0
8703,39,0.0
8703,104,0.0
8703,134,0.0
8703,32,0.0
8703,64,0.0
8702,44,0.0
8702,31,0.0
8702,4,0.0
8702,84,0.0
8702,54,0.0
8702,136,0.0
8702,67,0.0
8702,39,0.0
8702,18,0.0
8702,2,0.0
8695,44,0.0
8695,31,0.0
8695,4,0.0
8695,84,0.0
8695,54,0.0
8695,136,0.0
8695,67,0.0
8695,39,0.0
8695,18,0.0
8695,2,0.0
18482,44,0.0
18482,4,0.0
18482,84,0.0
18482,54,0.0
18482,136,0.0
18482,67,0.0
18482,39,0.0
18482,18,0.0
18482,2,0.0
18482,104,0.0
16214,44,0.0
16214,31,0.0
16214,84,0.0
16214,54,0.0
16214,136,0.0
16214,67,0.0
16214,39,0.0
16214,18,0.0
16214,2,0.0
16214,104,0.0
8681,44,0.0
8681,4,0.0
8681,84,0.0
8681,54,0.0
8681,136,0.0
8681,67,0.0
8681,39,0.0
8681,18,0.0
8681,2,0.0
8681,104,0.0
7323,44,0.0
7323,31,0.0
7323,84,0.0
7323,54,0.0
7323,136,0.0
7323,67,0.0
7323,39,0.0
7323,2,0.0
7323,104,0.0
7323,134,0.0
8688,44,0.0
8688,31,0.0
8688,84,0.0
8688,54,0.0
8688,136,0.0
8688,67,0.0
8688,39,0.0
8688,104,0.0
8688,134,0.0
8688,32,0.0
8764,31,0.0
8764,84,0.0
8764,54,0.0
8764,67,0.0
8764,39,0.0
8764,104,0.0
8764,134,0.0
8764,32,0.0
8764,64,0.0
8764,33,0.0
8696,44,0.0
8696,84,0.0
8696,54,0.0
8696,136,0.0
8696,67,0.0
8696,39,0.0
8696,2,0.0
8696,104,0.0
8696,134,0.0
8696,32,0.0
8687,44,0.0
8687,31,0.0
8687,4,0.0
8687,54,0.0
8687,136,0.0
8687,67,0.0
8687,39,0.0
8687,18,0.0
8687,2,0.0
8687,104,0.0
16538,44,0.0
16538,31,0.0
16538,84,0.0
16538,54,0.0
16538,136,0.0
16538,67,0.0
16538,39,0.0
16538,18,0.0
16538,2,0.0
16538,104,0.0
8676,44,0.0
8676,31,0.0
8676,4,0.0
8676,84,0.0
8676,54,0.0
8676,136,0.0
8676,67,0.0
8676,39,0.0
8676,18,0.0
8676,2,0.0
11192,44,0.0
11192,4,0.0
11192,84,0.0
11192,136,0.0
11192,67,0.0
11192,39,0.0
11192,18,0.0
11192,2,0.0
11192,104,0.0
11192,134,0.0
16562,44,0.0
16562,4,0.0
16562,84,0.0
16562,54,0.0
16562,136,0.0
16562,67,0.0
16562,39,0.0
16562,18,0.0
16562,2,0.0
16562,104,0.0
15352,44,0.0
15352,31,0.0
15352,4,0.0
15352,84,0.0
15352,54,0.0
15352,136,0.0
15352,67,0.0
15352,39,0.0
15352,18,0.0
15352,104,0.0
8470,44,0.0
8470,31,0.0
8470,4,0.0
8470,84,0.0
8470,54,0.0
8470,136,0.0
8470,67,0.0
8470,39,0.0
8470,18,0.0
8470,2,0.0
8700,44,0.0
8700,31,0.0
8700,4,0.0
8700,84,0.0
8700,54,0.0
8700,136,0.0
8700,67,0.0
8700,39,0.0
8700,18,0.0
8700,2,0.0
8693,44,0.0
8693,31,0.0
8693,4,0.0
8693,84,0.0
8693,54,0.0
8693,136,0.0
8693,67,0.0
8693,39,0.0
8693,18,0.0
8693,104,0.0
16662,44,0.0
16662,31,0.0
16662,84,0.0
16662,54,0.0
16662,136,0.0
16662,67,0.0
16662,39,0.0
16662,18,0.0
16662,2,0.0
16662,104,0.0
8706,44,0.0
8706,31,0.0
8706,4,0.0
8706,84,0.0
8706,54,0.0
8706,136,0.0
8706,67,0.0
8706,39,0.0
8706,2,0.0
8706,104,0.0
8699,44,0.0
8699,31,0.0
8699,4,0.0
8699,84,0.0
8699,54,0.0
8699,136,0.0
8699,67,0.0
8699,39,0.0
8699,18,0.0
8699,2,0.0
8675,44,0.0
8675,4,0.0
8675,84,0.0
8675,54,0.0
8675,136,0.0
8675,67,0.0
8675,39,0.0
8675,18,0.0
8675,2,0.0
8675,104,0.0
11312,44,0.0
11312,31,0.0
11312,4,0.0
11312,84,0.0
11312,54,0.0
11312,136,0.0
11312,67,0.0
11312,39,0.0
11312,18,0.0
11312,2,0.0
8707,44,0.0
8707,31,0.0
8707,4,0.0
8707,84,0.0
8707,54,0.0
8707,136,0.0
8707,67,0.0
8707,39,0.0
8707,18,0.0
8707,2,0.0
16547,44,0.0
16547,4,0.0
16547,84,0.0
16547,54,0.0
16547,136,0.0
16547,67,0.0
16547,39,0.0
16547,18,0.0
16547,2,0.0
16547,104,0.0
5492,44,0.0
5492,31,0.0
5492,4,0.0
5492,84,0.0
5492,54,0.0
5492,136,0.0
5492,67,0.0
5492,39,0.0
5492,18,0.0
5492,2,0.0
12205,31,0.0
12205,84,0.0
12205,54,0.0
12205,136,0.0
12205,67,0.0
12205,39,0.0
12205,18,0.0
12205,2,0.0
12205,134,0.0
12205,32,0.0
5937,44,0.0
5937,4,0.0
5937,84,0.0
5937,54,0.0
5937,136,0.0
5937,67,0.0
5937,39,0.0
5937,18,0.0
5937,2,0.0
5937,104,0.0
10130,44,0.0
10130,31,0.0
10130,4,0.0
10130,84,0.0
10130,54,0.0
10130,136,0.0
10130,67,0.0
10130,39,0.0
10130,18,0.0
10130,2,0.0
14543,84,0.0
14543,54,0.0
14543,136,0.0
14543,67,0.0
14543,39,0.0
14543,18,0.0
14543,104,0.0
14543,134,0.0
14543,32,0.0
14543,64,0.0
16213,44,0.0
16213,31,0.0
16213,4,0.0
16213,84,0.0
16213,54,0.0
16213,136,0.0
16213,67,0.0
16213,39,0.0
16213,18,0.0
16213,2,0.0
8697,44,0.0
8697,31,0.0
8697,54,0.0
8697,136,0.0
8697,67,0.0
8697,39,0.0
8697,18,0.0
8697,104,0.0
8697,134,0.0
8697,32,0.0
12231,44,0.0
12231,54,0.0
12231,39,0.0
12231,134,0.0
12231,32,0.0
12231,64,0.0
12231,33,0.0
12231,74,0.0
12231,23,0.0
12231,34,0.0
8919,44,0.0
8919,31,0.0
8919,4,0.0
8919,84,0.0
8919,54,0.0
8919,136,0.0
8919,67,0.0
8919,39,0.0
8919,18,0.0
8919,2,0.0
8671,44,0.0
8671,31,0.0
8671,4,0.0
8671,84,0.0
8671,54,0.0
8671,136,0.0
8671,67,0.0
8671,39,0.0
8671,18,0.0
8671,2,0.0
8669,44,0.0
8669,31,0.0
8669,4,0.0
8669,54,0.0
8669,136,0.0
8669,67,0.0
8669,39,0.0
8669,18,0.0
8669,2,0.0
8669,104,0.0
15528,44,0.0
15528,4,0.0
15528,84,0.0
15528,54,0.0
15528,136,0.0
15528,67,0.0
15528,39,0.0
15528,18,0.0
15528,2,0.0
15528,104,0.0
8691,44,0.0
8691,31,0.0
8691,4,0.0
8691,84,0.0
8691,54,0.0
8691,136,0.0
8691,67,0.0
8691,39,0.0
8691,18,0.0
8691,2,0.0
19628,44,0.0
19628,31,0.0
19628,84,0.0
19628,54,0.0
19628,136,0.0
19628,67,0.0
19628,39,0.0
19628,18,0.0
19628,2,0.0
19628,104,0.0
11406,44,0.0
11406,4,0.0
11406,84,0.0
11406,54,0.0
11406,136,0.0
11406,67,0.0
11406,39,0.0
11406,18,0.0
11406,2,0.0
11406,104,0.0
8680,44,0.0
8680,31,0.0
8680,4,0.0
8680,54,0.0
8680,136,0.0
8680,67,0.0
8680,39,0.0
8680,18,0.0
8680,2,0.0
8680,104,0.0
8617,44,0.0
8617,31,0.0
8617,4,0.0
8617,54,0.0
8617,136,0.0
8617,67,0.0
8617,39,0.0
8617,18,0.0
8617,2,0.0
8617,104,0.0
10125,44,0.0
10125,31,0.0
10125,4,0.0
10125,84,0.0
10125,54,0.0
10125,136,0.0
10125,67,0.0
10125,39,0.0
10125,18,0.0
10125,2,0.0
8275,44,0.0
8275,31,0.0
8275,4,0.0
8275,84,0.0
8275,54,0.0
8275,136,0.0
8275,67,0.0
8275,39,0.0
8275,18,0.0
8275,2,0.0
8667,44,0.0
8667,31,0.0
8667,4,0.0
8667,84,0.0
8667,54,0.0
8667,136,0.0
8667,67,0.0
8667,39,0.0
8667,18,0.0
8667,104,0.0
16229,44,0.0
16229,4,0.0
16229,84,0.0
16229,54,0.0
16229,136,0.0
16229,67,0.0
16229,39,0.0
16229,18,0.0
16229,2,0.0
16229,104,0.0
9776,44,0.0
9776,31,0.0
9776,4,0.0
9776,84,0.0
9776,54,0.0
9776,136,0.0
9776,67,0.0
9776,39,0.0
9776,18,0.0
9776,2,0.0
8708,44,0.0
8708,31,0.0
8708,4,0.0
8708,84,0.0
8708,54,0.0
8708,136,0.0
8708,67,0.0
8708,39,0.0
8708,18,0.0
8708,2,0.0
15216,44,0.0
15216,4,0.0
15216,84,0.0
15216,54,0.0
15216,136,0.0
15216,67,0.0
15216,39,0.0
15216,18,0.0
15216,2,0.0
15216,104,0.0
16132,44,0.0
16132,31,0.0
16132,84,0.0
16132,54,0.0
16132,136,0.0
16132,67,0.0
16132,39,0.0
16132,18,0.0
16132,2,0.0
16132,104,0.0
8701,44,0.0
8701,31,0.0
8701,4,0.0
8701,84,0.0
8701,54,0.0
8701,136,0.0
8701,67,0.0
8701,39,0.0
8701,18,0.0
8701,2,0.0
6309,44,0.0
6309,31,0.0
6309,4,0.0
6309,84,0.0
6309,54,0.0
6309,136,0.0
6309,67,0.0
6309,39,0.0
6309,18,0.0
6309,2,0.0
12176,44,0.0
12176,31,0.0
12176,4,0.0
12176,84,0.0
12176,54,0.0
12176,136,0.0
12176,67,0.0
12176,39,0.0
12176,18,0.0
12176,2,0.0
8692,44,0.0
8692,31,0.0
8692,4,0.0
8692,84,0.0
8692,54,0.0
8692,136,0.0
8692,67,0.0
8692,39,0.0
8692,18,0.0
8692,2,0.0
8682,44,0.0
8682,31,0.0
8682,4,0.0
8682,84,0.0
8682,54,0.0
8682,136,0.0
8682,67,0.0
8682,39,0.0
8682,18,0.0
8682,2,0.0
8694,44,0.0
8694,31,0.0
8694,4,0.0
8694,84,0.0
8694,54,0.0
8694,136,0.0
8694,67,0.0
8694,39,0.0
8694,18,0.0
8694,2,0.0
19158,44,0.0
19158,31,0.0
19158,4,0.0
19158,84,0.0
19158,54,0.0
19158,136,0.0
19158,67,0.0
19158,39,0.0
19158,18,0.0
19158,2,0.0
16663,44,0.0
16663,4,0.0
16663,84,0.0
16663,54,0.0
16663,136,0.0
16663,67,0.0
16663,39,0.0
16663,18,0.0
16663,2,0.0
16663,104,0.0
8685,44,0.0
8685,4,0.0
8685,84,0.0
8685,54,0.0
8685,136,0.0
8685,39,0.0
8685,2,0.0
8685,104,0.0
8685,134,0.0
8685,32,0.0
8689,44,0.0
8689,4,0.0
8689,84,0.0
8689,54,0.0
8689,136,0.0
8689,67,0.0
8689,39,0.0
8689,18,0.0
8689,2,0.0
8689,104,0.0
18194,44,0.0
18194,31,0.0
18194,84,0.0
18194,54,0.0
18194,136,0.0
18194,67,0.0
18194,39,0.0
18194,18,0.0
18194,2,0.0
18194,104,0.0
18177,44,0.0
18177,31,0.0
18177,4,0.0
18177,84,0.0
18177,54,0.0
18177,136,0.0
18177,67,0.0
18177,39,0.0
18177,18,0.0
18177,2,0.0
16678,44,0.0
16678,4,0.0
16678,84,0.0
16678,54,0.0
16678,136,0.0
16678,67,0.0
16678,39,0.0
16678,18,0.0
16678,2,0.0
16678,104,0.0
15334,44,0.0
15334,31,0.0
15334,4,0.0
15334,54,0.0
15334,136,0.0
15334,67,0.0
15334,39,0.0
15334,18,0.0
15334,2,0.0
15334,134,0.0
198,44,0.0
198,4,0.0
198,84,0.0
198,54,0.0
198,136,0.0
198,67,0.0
198,39,0.0
198,18,0.0
198,2,0.0
198,104,0.0
15398,44,0.0
15398,31,0.0
15398,4,0.0
15398,54,0.0
15398,136,0.0
15398,67,0.0
15398,39,0.0
15398,18,0.0
15398,2,0.0
15398,134,0.0
3224,44,0.0
3224,4,0.0
3224,84,0.0
3224,54,0.0
3224,136,0.0
3224,67,0.0
3224,39,0.0
3224,18,0.0
3224,2,0.0
3224,104,0.0
8418,4,0.0
8418,39,0.0
8418,134,0.0
8418,33,0.0
8418,23,0.0
8418,34,0.0
8418,69,0.0
8418,5,0.0
8418,70,0.0
8418,135,0.0
692,44,0.0
692,4,0.0
692,84,0.0
692,54,0.0
692,136,0.0
692,67,0.0
692,39,0.0
692,18,0.0
692,2,0.0
692,104,0.0
1120,44,0.0
1120,4,0.0
1120,84,0.0
1120,54,0.0
1120,136,0.0
1120,67,0.0
1120,39,0.0
1120,18,0.0
1120,2,0.0
1120,104,0.0
8509,44,0.0
8509,4,0.0
8509,84,0.0
8509,54,0.0
8509,136,0.0
8509,67,0.0
8509,39,0.0
8509,18,0.0
8509,2,0.0
8509,104,0.0
18353,44,0.0
18353,4,0.0
18353,84,0.0
18353,54,0.0
18353,136,0.0
18353,67,0.0
18353,39,0.0
18353,18,0.0
18353,2,0.0
18353,104,0.0
6346,44,0.0
6346,4,0.0
6346,84,0.0
6346,54,0.0
6346,136,0.0
6346,67,0.0
6346,39,0.0
6346,2,0.0
6346,104,0.0
6346,134,0.0
2679,44,0.0
2679,4,0.0
2679,84,0.0
2679,54,0.0
2679,136,0.0
2679,67,0.0
2679,39,0.0
2679,2,0.0
2679,104,0.0
2679,134,0.0
2573,44,0.0
2573,4,0.0
2573,84,0.0
2573,54,0.0
2573,136,0.0
2573,67,0.0
2573,39,0.0
2573,18,0.0
2573,2,0.0
2573,134,0.0
12056,44,0.0
12056,4,0.0
12056,84,0.0
12056,54,0.0
12056,136,0.0
12056,67,0.0
12056,39,0.0
12056,18,0.0
12056,2,0.0
12056,104,0.0
3072,44,0.0
3072,31,0.0
3072,4,0.0
3072,84,0.0
3072,54,0.0
3072,136,0.0
3072,67,0.0
3072,39,0.0
3072,18,0.0
3072,2,0.0
8395,44,0.0
8395,4,0.0
8395,84,0.0
8395,54,0.0
8395,136,0.0
8395,2,0.0
8395,104,0.0
8395,134,0.0
8395,32,0.0
8395,33,0.0
3888,44,0.0
3888,31,0.0
3888,4,0.0
3888,84,0.0
3888,54,0.0
3888,136,0.0
3888,67,0.0
3888,39,0.0
3888,2,0.0
3888,104,0.0
13585,44,0.0
13585,4,0.0
13585,84,0.0
13585,54,0.0
13585,136,0.0
13585,67,0.0
13585,39,0.0
13585,18,0.0
13585,2,0.0
13585,104,0.0
13582,44,0.0
13582,4,0.0
13582,84,0.0
13582,54,0.0
13582,136,0.0
13582,67,0.0
13582,39,0.0
13582,18,0.0
13582,2,0.0
13582,104,0.0
510,44,0.0
510,31,0.0
510,4,0.0
510,84,0.0
510,54,0.0
510,136,0.0
510,67,0.0
510,39,0.0
510,18,0.0
510,104,0.0
202,44,0.0
202,31,0.0
202,4,0.0
202,84,0.0
202,54,0.0
202,136,0.0
202,67,0.0
202,39,0.0
202,18,0.0
202,104,0.0
13584,44,0.0
13584,84,0.0
13584,54,0.0
13584,136,0.0
13584,67,0.0
13584,39,0.0
13584,18,0.0
13584,2,0.0
13584,104,0.0
13584,134,0.0
8435,44,0.0
8435,31,0.0
8435,4,0.0
8435,84,0.0
8435,54,0.0
8435,136,0.0
8435,39,0.0
8435,18,0.0
8435,2,0.0
8435,104,0.0
4105,44,0.0
4105,31,0.0
4105,4,0.0
4105,54,0.0
4105,136,0.0
4105,67,0.0
4105,39,0.0
4105,18,0.0
4105,104,0.0
4105,134,0.0
745,44,0.0
745,4,0.0
745,84,0.0
745,54,0.0
745,136,0.0
745,67,0.0
745,39,0.0
745,18,0.0
745,2,0.0
745,104,0.0
18354,44,0.0
18354,31,0.0
18354,4,0.0
18354,84,0.0
18354,54,0.0
18354,136,0.0
18354,67,0.0
18354,39,0.0
18354,18,0.0
18354,2,0.0
997,44,0.0
997,31,0.0
997,4,0.0
997,84,0.0
997,54,0.0
997,136,0.0
997,67,0.0
997,39,0.0
997,18,0.0
997,2,0.0
12057,44,0.0
12057,4,0.0
12057,84,0.0
12057,54,0.0
12057,136,0.0
12057,67,0.0
12057,39,0.0
12057,18,0.0
12057,2,0.0
12057,104,0.0
17489,44,0.0
17489,4,0.0
17489,54,0.0
17489,136,0.0
17489,67,0.0
17489,39,0.0
17489,18,0.0
17489,2,0.0
17489,104,0.0
17489,134,0.0
8422,44,0.0
8422,4,0.0
8422,84,0.0
8422,54,0.0
8422,136,0.0
8422,39,0.0
8422,18,0.0
8422,2,0.0
8422,104,0.0
8422,134,0.0
19108,44,0.0
19108,31,0.0
19108,84,0.0
19108,54,0.0
19108,136,0.0
19108,67,0.0
19108,39,0.0
19108,18,0.0
19108,2,0.0
19108,104,0.0
18357,44,0.0
18357,84,0.0
18357,54,0.0
18357,136,0.0
18357,67,0.0
18357,39,0.0
18357,18,0.0
18357,2,0.0
18357,104,0.0
18357,134,0.0
1324,44,0.0
1324,84,0.0
1324,54,0.0
1324,136,0.0
1324,67,0.0
1324,39,0.0
1324,104,0.0
1324,134,0.0
1324,32,0.0
1324,64,0.0
19103,44,0.0
19103,31,0.0
19103,84,0.0
19103,54,0.0
19103,136,0.0
19103,67,0.0
19103,39,0.0
19103,18,0.0
19103,104,0.0
19103,134,0.0
17771,44,0.0
17771,31,0.0
17771,4,0.0
17771,84,0.0
17771,136,0.0
17771,67,0.0
17771,39,0.0
17771,18,0.0
17771,2,0.0
17771,104,0.0
15416,44,0.0
15416,31,0.0
15416,4,0.0
15416,84,0.0
15416,54,0.0
15416,136,0.0
15416,67,0.0
15416,39,0.0
15416,18,0.0
15416,104,0.0
18352,44,0.0
18352,31,0.0
18352,4,0.0
18352,54,0.0
18352,136,0.0
18352,67,0.0
18352,39,0.0
18352,18,0.0
18352,2,0.0
18352,104,0.0
3886,44,0.0
3886,31,0.0
3886,4,0.0
3886,84,0.0
3886,54,0.0
3886,136,0.0
3886,67,0.0
3886,39,0.0
3886,18,0.0
3886,104,0.0
11469,44,0.0
11469,31,0.0
11469,4,0.0
11469,84,0.0
11469,54,0.0
11469,136,0.0
11469,67,0.0
11469,39,0.0
11469,18,0.0
11469,104,0.0
2702,44,0.0
2702,4,0.0
2702,84,0.0
2702,54,0.0
2702,136,0.0
2702,67,0.0
2702,39,0.0
2702,18,0.0
2702,2,0.0
2702,104,0.0
7390,44,0.0
7390,31,0.0
7390,4,0.0
7390,84,0.0
7390,54,0.0
7390,136,0.0
7390,67,0.0
7390,39,0.0
7390,18,0.0
7390,2,0.0
7939,44,0.0
7939,31,0.0
7939,4,0.0
7939,84,0.0
7939,54,0.0
7939,136,0.0
7939,67,0.0
7939,39,0.0
7939,18,0.0
7939,2,0.0
11466,44,0.0
11466,31,0.0
11466,4,0.0
11466,84,0.0
11466,54,0.0
11466,136,0.0
11466,67,0.0
11466,39,0.0
11466,2,0.0
11466,104,0.0
15399,44,0.0
15399,31,0.0
15399,4,0.0
15399,84,0.0
15399,54,0.0
15399,136,0.0
15399,67,0.0
15399,39,0.0
15399,2,0.0
15399,104,0.0
15342,44,0.0
15342,31,0.0
15342,54,0.0
15342,136,0.0
15342,67,0.0
15342,39,0.0
15342,2,0.0
15342,104,0.0
15342,134,0.0
15342,32,0.0
8430,44,0.0
8430,4,0.0
8430,84,0.0
8430,54,0.0
8430,136,0.0
8430,67,0.0
8430,39,0.0
8430,18,0.0
8430,2,0.0
8430,104,0.0
517,44,0.0
517,31,0.0
517,4,0.0
517,84,0.0
517,54,0.0
517,136,0.0
517,67,0.0
517,39,0.0
517,18,0.0
517,104,0.0
8420,4,0.0
8420,84,0.0
8420,54,0.0
8420,136,0.0
8420,67,0.0
8420,39,0.0
8420,18,0.0
8420,2,0.0
8420,104,0.0
8420,134,0.0
17788,44,0.0
17788,31,0.0
17788,4,0.0
17788,84,0.0
17788,54,0.0
17788,136,0.0
17788,67,0.0
17788,39,0.0
17788,18,0.0
17788,2,0.0
15362,44,0.0
15362,31,0.0
15362,84,0.0
15362,54,0.0
15362,136,0.0
15362,67,0.0
15362,39,0.0
15362,18,0.0
15362,104,0.0
15362,134,0.0
17792,44,0.0
17792,4,0.0
17792,84,0.0
17792,54,0.0
17792,136,0.0
17792,67,0.0
17792,39,0.0
17792,18,0.0
17792,2,0.0
17792,104,0.0
2693,44,0.0
2693,31,0.0
2693,4,0.0
2693,54,0.0
2693,136,0.0
2693,67,0.0
2693,39,0.0
2693,18,0.0
2693,2,0.0
2693,104,0.0
2691,44,0.0
2691,31,0.0
2691,4,0.0
2691,84,0.0
2691,54,0.0
2691,136,0.0
2691,67,0.0
2691,39,0.0
2691,18,0.0
2691,2,0.0
404,44,0.0
404,31,0.0
404,4,0.0
404,84,0.0
404,54,0.0
404,136,0.0
404,67,0.0
404,39,0.0
404,18,0.0
404,2,0.0
203,44,0.0
203,31,0.0
203,4,0.0
203,84,0.0
203,54,0.0
203,136,0.0
203,67,0.0
203,39,0.0
203,18,0.0
203,2,0.0
19106,44,0.0
19106,4,0.0
19106,84,0.0
19106,54,0.0
19106,136,0.0
19106,67,0.0
19106,39,0.0
19106,2,0.0
19106,104,0.0
19106,134,0.0
79,44,0.0
79,4,0.0
79,54,0.0
79,136,0.0
79,67,0.0
79,39,0.0
79,2,0.0
79,104,0.0
79,134,0.0
79,32,0.0
87,44,0.0
87,31,0.0
87,4,0.0
87,84,0.0
87,54,0.0
87,136,0.0
87,67,0.0
87,39,0.0
87,2,0.0
87,104,0.0
17543,44,0.0
17543,31,0.0
17543,4,0.0
17543,84,0.0
17543,54,0.0
17543,136,0.0
17543,67,0.0
17543,39,0.0
17543,18,0.0
17543,2,0.0
17777,44,0.0
17777,54,0.0
17777,136,0.0
17777,39,0.0
17777,104,0.0
17777,134,0.0
17777,32,0.0
17777,64,0.0
17777,33,0.0
17777,74,0.0
18954,44,0.0
18954,4,0.0
18954,54,0.0
18954,136,0.0
18954,67,0.0
18954,39,0.0
18954,18,0.0
18954,104,0.0
18954,134,0.0
18954,32,0.0
10298,44,0.0
10298,31,0.0
10298,4,0.0
10298,84,0.0
10298,54,0.0
10298,136,0.0
10298,67,0.0
10298,39,0.0
10298,18,0.0
10298,2,0.0
3089,44,0.0
3089,4,0.0
3089,84,0.0
3089,54,0.0
3089,136,0.0
3089,67,0.0
3089,39,0.0
3089,18,0.0
3089,104,0.0
3089,134,0.0
18318,44,0.0
18318,4,0.0
18318,84,0.0
18318,54,0.0
18318,136,0.0
18318,67,0.0
18318,39,0.0
18318,18,0.0
18318,2,0.0
18318,104,0.0
18752,44,0.0
18752,31,0.0
18752,4,0.0
18752,84,0.0
18752,54,0.0
18752,136,0.0
18752,39,0.0
18752,18,0.0
18752,2,0.0
18752,104,0.0
3891,44,0.0
3891,4,0.0
3891,84,0.0
3891,54,0.0
3891,136,0.0
3891,67,0.0
3891,39,0.0
3891,18,0.0
3891,2,0.0
3891,104,0.0
17783,44,0.0
17783,31,0.0
17783,84,0.0
17783,54,0.0
17783,136,0.0
17783,67,0.0
17783,39,0.0
17783,18,0.0
17783,2,0.0
17783,104,0.0
17798,44,0.0
17798,31,0.0
17798,84,0.0
17798,54,0.0
17798,136,0.0
17798,39,0.0
17798,18,0.0
17798,2,0.0
17798,104,0.0
17798,134,0.0
2998,44,0.0
2998,31,0.0
2998,4,0.0
2998,84,0.0
2998,54,0.0
2998,136,0.0
2998,67,0.0
2998,39,0.0
2998,18,0.0
2998,2,0.0
17790,44,0.0
17790,31,0.0
17790,84,0.0
17790,54,0.0
17790,136,0.0
17790,67,0.0
17790,39,0.0
17790,18,0.0
17790,104,0.0
17790,134,0.0
174,44,0.0
174,4,0.0
174,84,0.0
174,54,0.0
174,136,0.0
174,67,0.0
174,39,0.0
174,18,0.0
174,2,0.0
174,104,0.0
1147,44,0.0
1147,31,0.0
1147,4,0.0
1147,84,0.0
1147,54,0.0
1147,136,0.0
1147,67,0.0
1147,39,0.0
1147,18,0.0
1147,2,0.0
15543,44,0.0
15543,4,0.0
15543,84,0.0
15543,54,0.0
15543,136,0.0
15543,67,0.0
15543,39,0.0
15543,18,0.0
15543,2,0.0
15543,134,0.0
403,44,0.0
403,31,0.0
403,4,0.0
403,84,0.0
403,54,0.0
403,136,0.0
403,67,0.0
403,39,0.0
403,18,0.0
403,2,0.0
15517,44,0.0
15517,31,0.0
15517,4,0.0
15517,84,0.0
15517,54,0.0
15517,136,0.0
15517,67,0.0
15517,39,0.0
15517,18,0.0
15517,2,0.0
14901,44,0.0
14901,4,0.0
14901,84,0.0
14901,54,0.0
14901,136,0.0
14901,67,0.0
14901,39,0.0
14901,18,0.0
14901,2,0.0
14901,104,0.0
2987,44,0.0
2987,4,0.0
2987,84,0.0
2987,54,0.0
2987,136,0.0
2987,67,0.0
2987,39,0.0
2987,18,0.0
2987,104,0.0
2987,134,0.0
5504,44,0.0
5504,4,0.0
5504,54,0.0
5504,136,0.0
5504,67,0.0
5504,39,0.0
5504,18,0.0
5504,2,0.0
5504,104,0.0
5504,134,0.0
2994,44,0.0
2994,31,0.0
2994,4,0.0
2994,54,0.0
2994,136,0.0
2994,67,0.0
2994,39,0.0
2994,18,0.0
2994,2,0.0
2994,134,0.0
17802,44,0.0
17802,4,0.0
17802,84,0.0
17802,54,0.0
17802,136,0.0
17802,67,0.0
17802,39,0.0
17802,18,0.0
17802,2,0.0
17802,104,0.0
8419,44,0.0
8419,4,0.0
8419,84,0.0
8419,54,0.0
8419,136,0.0
8419,67,0.0
8419,39,0.0
8419,18,0.0
8419,2,0.0
8419,104,0.0
13583,44,0.0
13583,31,0.0
13583,4,0.0
13583,84,0.0
13583,54,0.0
13583,136,0.0
13583,67,0.0
13583,39,0.0
13583,18,0.0
13583,2,0.0
2986,44,0.0
2986,4,0.0
2986,84,0.0
2986,54,0.0
2986,136,0.0
2986,67,0.0
2986,39,0.0
2986,18,0.0
2986,2,0.0
2986,104,0.0
2993,44,0.0
2993,31,0.0
2993,4,0.0
2993,84,0.0
2993,54,0.0
2993,136,0.0
2993,67,0.0
2993,39,0.0
2993,18,0.0
2993,134,0.0
2423,44,0.0
2423,31,0.0
2423,4,0.0
2423,84,0.0
2423,54,0.0
2423,136,0.0
2423,67,0.0
2423,39,0.0
2423,18,0.0
2423,2,0.0
15338,44,0.0
15338,31,0.0
15338,4,0.0
15338,84,0.0
15338,54,0.0
15338,136,0.0
15338,67,0.0
15338,39,0.0
15338,18,0.0
15338,2,0.0
9636,31,0.0
9636,4,0.0
9636,84,0.0
9636,54,0.0
9636,136,0.0
9636,67,0.0
9636,39,0.0
9636,18,0.0
9636,2,0.0
9636,104,0.0
511,44,0.0
511,4,0.0
511,84,0.0
511,54,0.0
511,136,0.0
511,67,0.0
511,39,0.0
511,104,0.0
511,134,0.0
511,32,0.0
18675,44,0.0
18675,31,0.0
18675,4,0.0
18675,84,0.0
18675,54,0.0
18675,136,0.0
18675,67,0.0
18675,39,0.0
18675,18,0.0
18675,2,0.0
17818,44,0.0
17818,4,0.0
17818,84,0.0
17818,54,0.0
17818,136,0.0
17818,67,0.0
17818,39,0.0
17818,104,0.0
17818,134,0.0
17818,32,0.0
512,44,0.0
512,31,0.0
512,4,0.0
512,84,0.0
512,54,0.0
512,136,0.0
512,67,0.0
512,39,0.0
512,18,0.0
512,2,0.0
12055,44,0.0
12055,4,0.0
12055,84,0.0
12055,54,0.0
12055,136,0.0
12055,67,0.0
12055,39,0.0
12055,18,0.0
12055,2,0.0
12055,104,0.0
7376,44,0.0
7376,4,0.0
7376,84,0.0
7376,54,0.0
7376,136,0.0
7376,67,0.0
7376,39,0.0
7376,18,0.0
7376,2,0.0
7376,104,0.0
19346,44,0.0
19346,31,0.0
19346,4,0.0
19346,84,0.0
19346,54,0.0
19346,136,0.0
19346,67,0.0
19346,39,0.0
19346,18,0.0
19346,134,0.0
17793,31,0.0
17793,4,0.0
17793,84,0.0
17793,54,0.0
17793,136,0.0
17793,67,0.0
17793,39,0.0
17793,18,0.0
17793,2,0.0
17793,104,0.0
19308,44,0.0
19308,31,0.0
19308,4,0.0
19308,84,0.0
19308,54,0.0
19308,136,0.0
19308,67,0.0
19308,39,0.0
19308,18,0.0
19308,2,0.0
1326,44,0.0
1326,4,0.0
1326,84,0.0
1326,54,0.0
1326,136,0.0
1326,67,0.0
1326,39,0.0
1326,2,0.0
1326,104,0.0
1326,32,0.0
8540,44,0.0
8540,31,0.0
8540,4,0.0
8540,54,0.0
8540,136,0.0
8540,67,0.0
8540,39,0.0
8540,18,0.0
8540,2,0.0
8540,104,0.0
157,44,0.0
157,4,0.0
157,84,0.0
157,54,0.0
157,136,0.0
157,67,0.0
157,39,0.0
157,18,0.0
157,2,0.0
157,104,0.0
2688,44,0.0
2688,31,0.0
2688,84,0.0
2688,54,0.0
2688,136,0.0
2688,67,0.0
2688,39,0.0
2688,18,0.0
2688,2,0.0
2688,104,0.0
1123,44,0.0
1123,31,0.0
1123,4,0.0
1123,84,0.0
1123,54,0.0
1123,136,0.0
1123,67,0.0
1123,39,0.0
1123,18,0.0
1123,2,0.0
1136,44,0.0
1136,4,0.0
1136,54,0.0
1136,136,0.0
1136,67,0.0
1136,39,0.0
1136,18,0.0
1136,2,0.0
1136,104,0.0
1136,134,0.0
15542,44,0.0
15542,4,0.0
15542,84,0.0
15542,54,0.0
15542,136,0.0
15542,67,0.0
15542,39,0.0
15542,18,0.0
15542,2,0.0
15542,104,0.0
352,44,0.0
352,31,0.0
352,4,0.0
352,54,0.0
352,136,0.0
352,67,0.0
352,39,0.0
352,104,0.0
352,134,0.0
352,32,0.0
11611,44,0.0
11611,4,0.0
11611,84,0.0
11611,54,0.0
11611,136,0.0
11611,39,0.0
11611,18,0.0
11611,2,0.0
11611,104,0.0
11611,134,0.0
8539,44,0.0
8539,31,0.0
8539,4,0.0
8539,84,0.0
8539,54,0.0
8539,136,0.0
8539,67,0.0
8539,39,0.0
8539,18,0.0
8539,2,0.0
13511,44,0.0
13511,4,0.0
13511,84,0.0
13511,54,0.0
13511,136,0.0
13511,67,0.0
13511,39,0.0
13511,18,0.0
13511,2,0.0
13511,104,0.0
2689,44,0.0
2689,4,0.0
2689,84,0.0
2689,54,0.0
2689,136,0.0
2689,67,0.0
2689,39,0.0
2689,18,0.0
2689,2,0.0
2689,104,0.0
16633,44,0.0
16633,31,0.0
16633,4,0.0
16633,84,0.0
16633,54,0.0
16633,136,0.0
16633,67,0.0
16633,39,0.0
16633,18,0.0
16633,2,0.0
19347,44,0.0
19347,31,0.0
19347,4,0.0
19347,84,0.0
19347,54,0.0
19347,136,0.0
19347,67,0.0
19347,39,0.0
19347,18,0.0
19347,2,0.0
19312,44,0.0
19312,31,0.0
19312,4,0.0
19312,84,0.0
19312,54,0.0
19312,136,0.0
19312,67,0.0
19312,39,0.0
19312,18,0.0
19312,2,0.0
18112,44,0.0
18112,31,0.0
18112,4,0.0
18112,84,0.0
18112,54,0.0
18112,136,0.0
18112,67,0.0
18112,39,0.0
18112,18,0.0
18112,2,0.0
18105,44,0.0
18105,31,0.0
18105,4,0.0
18105,84,0.0
18105,54,0.0
18105,136,0.0
18105,67,0.0
18105,39,0.0
18105,18,0.0
18105,104,0.0
4073,44,0.0
4073,31,0.0
4073,4,0.0
4073,84,0.0
4073,54,0.0
4073,136,0.0
4073,67,0.0
4073,39,0.0
4073,18,0.0
4073,2,0.0
17778,44,0.0
17778,31,0.0
17778,4,0.0
17778,84,0.0
17778,136,0.0
17778,67,0.0
17778,39,0.0
17778,18,0.0
17778,2,0.0
17778,104,0.0
17803,44,0.0
17803,4,0.0
17803,84,0.0
17803,54,0.0
17803,136,0.0
17803,67,0.0
17803,39,0.0
17803,18,0.0
17803,2,0.0
17803,104,0.0
18669,44,0.0
18669,31,0.0
18669,4,0.0
18669,84,0.0
18669,136,0.0
18669,67,0.0
18669,39,0.0
18669,18,0.0
18669,2,0.0
18669,104,0.0
358,44,0.0
358,31,0.0
358,4,0.0
358,84,0.0
358,54,0.0
358,136,0.0
358,67,0.0
358,39,0.0
358,18,0.0
358,104,0.0
516,44,0.0
516,84,0.0
516,54,0.0
516,136,0.0
516,39,0.0
516,18,0.0
516,134,0.0
516,64,0.0
516,33,0.0
516,74,0.0
4638,44,0.0
4638,31,0.0
4638,4,0.0
4638,84,0.0
4638,54,0.0
4638,136,0.0
4638,67,0.0
4638,39,0.0
4638,18,0.0
4638,2,0.0
19107,44,0.0
19107,4,0.0
19107,84,0.0
19107,54,0.0
19107,136,0.0
19107,67,0.0
19107,39,0.0
19107,2,0.0
19107,104,0.0
19107,134,0.0
14253,44,0.0
14253,31,0.0
14253,4,0.0
14253,84,0.0
14253,54,0.0
14253,136,0.0
14253,67,0.0
14253,39,0.0
14253,18,0.0
14253,104,0.0
14905,44,0.0
14905,31,0.0
14905,4,0.0
14905,84,0.0
14905,54,0.0
14905,136,0.0
14905,67,0.0
14905,39,0.0
14905,18,0.0
14905,2,0.0
10289,44,0.0
10289,31,0.0
10289,84,0.0
10289,54,0.0
10289,136,0.0
10289,67,0.0
10289,39,0.0
10289,18,0.0
10289,2,0.0
10289,104,0.0
12841,44,0.0
12841,31,0.0
12841,4,0.0
12841,84,0.0
12841,54,0.0
12841,136,0.0
12841,67,0.0
12841,39,0.0
12841,18,0.0
12841,2,0.0
3281,44,0.0
3281,31,0.0
3281,4,0.0
3281,84,0.0
3281,54,0.0
3281,136,0.0
3281,67,0.0
3281,39,0.0
3281,18,0.0
3281,2,0.0
17097,44,0.0
17097,4,0.0
17097,84,0.0
17097,54,0.0
17097,136,0.0
17097,67,0.0
17097,39,0.0
17097,18,0.0
17097,2,0.0
17097,104,0.0
4162,44,0.0
4162,31,0.0
4162,4,0.0
4162,84,0.0
4162,54,0.0
4162,136,0.0
4162,67,0.0
4162,39,0.0
4162,18,0.0
4162,2,0.0
1129,44,0.0
1129,31,0.0
1129,4,0.0
1129,84,0.0
1129,54,0.0
1129,136,0.0
1129,67,0.0
1129,39,0.0
1129,18,0.0
1129,2,0.0
8118,44,0.0
8118,31,0.0
8118,4,0.0
8118,84,0.0
8118,54,0.0
8118,136,0.0
8118,67,0.0
8118,39,0.0
8118,18,0.0
8118,104,0.0
3869,44,0.0
3869,4,0.0
3869,84,0.0
3869,54,0.0
3869,136,0.0
3869,67,0.0
3869,39,0.0
3869,18,0.0
3869,2,0.0
3869,104,0.0
15232,44,0.0
15232,31,0.0
15232,4,0.0
15232,84,0.0
15232,54,0.0
15232,136,0.0
15232,67,0.0
15232,39,0.0
15232,2,0.0
15232,104,0.0
9635,44,0.0
9635,31,0.0
9635,4,0.0
9635,84,0.0
9635,54,0.0
9635,136,0.0
9635,67,0.0
9635,39,0.0
9635,18,0.0
9635,2,0.0
356,44,0.0
356,4,0.0
356,84,0.0
356,54,0.0
356,136,0.0
356,67,0.0
356,39,0.0
356,18,0.0
356,2,0.0
356,104,0.0
19104,44,0.0
19104,31,0.0
19104,4,0.0
19104,84,0.0
19104,54,0.0
19104,136,0.0
19104,67,0.0
19104,39,0.0
19104,18,0.0
19104,104,0.0
17810,44,0.0
17810,4,0.0
17810,84,0.0
17810,54,0.0
17810,136,0.0
17810,67,0.0
17810,39,0.0
17810,104,0.0
17810,134,0.0
17810,32,0.0
17807,44,0.0
17807,31,0.0
17807,4,0.0
17807,54,0.0
17807,136,0.0
17807,67,0.0
17807,39,0.0
17807,18,0.0
17807,104,0.0
17807,134,0.0
8290,44,0.0
8290,31,0.0
8290,4,0.0
8290,84,0.0
8290,54,0.0
8290,136,0.0
8290,67,0.0
8290,39,0.0
8290,18,0.0
8290,2,0.0
18670,44,0.0
18670,31,0.0
18670,4,0.0
18670,84,0.0
18670,136,0.0
18670,67,0.0
18670,39,0.0
18670,18,0.0
18670,2,0.0
18670,134,0.0
12485,44,0.0
12485,31,0.0
12485,4,0.0
12485,54,0.0
12485,136,0.0
12485,67,0.0
12485,39,0.0
12485,18,0.0
12485,2,0.0
12485,104,0.0
18674,44,0.0
18674,31,0.0
18674,4,0.0
18674,84,0.0
18674,54,0.0
18674,136,0.0
18674,67,0.0
18674,39,0.0
18674,134,0.0
18674,32,0.0
17808,44,0.0
17808,31,0.0
17808,4,0.0
17808,84,0.0
17808,54,0.0
17808,136,0.0
17808,67,0.0
17808,39,0.0
17808,18,0.0
17808,104,0.0
9640,44,0.0
9640,31,0.0
9640,4,0.0
9640,84,0.0
9640,54,0.0
9640,136,0.0
9640,39,0.0
9640,18,0.0
9640,2,0.0
9640,104,0.0
42,44,0.0
42,4,0.0
42,84,0.0
42,54,0.0
42,136,0.0
42,67,0.0
42,39,0.0
42,18,0.0
42,2,0.0
42,104,0.0
17018,44,0.0
17018,4,0.0
17018,84,0.0
17018,54,0.0
17018,136,0.0
17018,67,0.0
17018,39,0.0
17018,18,0.0
17018,104,0.0
17018,134,0.0
17009,44,0.0
17009,31,0.0
17009,4,0.0
17009,84,0.0
17009,54,0.0
17009,136,0.0
17009,67,0.0
17009,39,0.0
17009,18,0.0
17009,2,0.0
17015,44,0.0
17015,4,0.0
17015,84,0.0
17015,54,0.0
17015,136,0.0
17015,67,0.0
17015,39,0.0
17015,18,0.0
17015,2,0.0
17015,104,0.0
17012,44,0.0
17012,31,0.0
17012,4,0.0
17012,54,0.0
17012,136,0.0
17012,67,0.0
17012,39,0.0
17012,18,0.0
17012,2,0.0
17012,104,0.0
17801,44,0.0
17801,31,0.0
17801,4,0.0
17801,84,0.0
17801,54,0.0
17801,136,0.0
17801,67,0.0
17801,39,0.0
17801,18,0.0
17801,2,0.0
11208,44,0.0
11208,31,0.0
11208,4,0.0
11208,84,0.0
11208,54,0.0
11208,136,0.0
11208,67,0.0
11208,39,0.0
11208,2,0.0
11208,104,0.0
17791,44,0.0
17791,31,0.0
17791,84,0.0
17791,54,0.0
17791,136,0.0
17791,67,0.0
17791,39,0.0
17791,18,0.0
17791,2,0.0
17791,104,0.0
15034,44,0.0
15034,31,0.0
15034,4,0.0
15034,54,0.0
15034,136,0.0
15034,67,0.0
15034,39,0.0
15034,18,0.0
15034,104,0.0
15034,134,0.0
1046,44,0.0
1046,31,0.0
1046,4,0.0
1046,54,0.0
1046,39,0.0
1046,18,0.0
1046,2,0.0
1046,134,0.0
1046,32,0.0
1046,64,0.0
3885,44,0.0
3885,4,0.0
3885,84,0.0
3885,54,0.0
3885,136,0.0
3885,67,0.0
3885,39,0.0
3885,18,0.0
3885,2,0.0
3885,104,0.0
17005,44,0.0
17005,4,0.0
17005,84,0.0
17005,54,0.0
17005,136,0.0
17005,67,0.0
17005,39,0.0
17005,18,0.0
17005,2,0.0
17005,104,0.0
17013,44,0.0
17013,31,0.0
17013,4,0.0
17013,84,0.0
17013,54,0.0
17013,136,0.0
17013,67,0.0
17013,39,0.0
17013,18,0.0
17013,2,0.0
16285,44,0.0
16285,31,0.0
16285,4,0.0
16285,84,0.0
16285,54,0.0
16285,136,0.0
16285,67,0.0
16285,39,0.0
16285,18,0.0
16285,2,0.0
15061,44,0.0
15061,31,0.0
15061,4,0.0
15061,84,0.0
15061,54,0.0
15061,136,0.0
15061,67,0.0
15061,39,0.0
15061,18,0.0
15061,2,0.0
1439,44,0.0
1439,4,0.0
1439,84,0.0
1439,54,0.0
1439,136,0.0
1439,67,0.0
1439,39,0.0
1439,18,0.0
1439,2,0.0
1439,104,0.0
8323,44,0.0
8323,4,0.0
8323,84,0.0
8323,54,0.0
8323,136,0.0
8323,67,0.0
8323,39,0.0
8323,18,0.0
8323,2,0.0
8323,104,0.0
17782,44,0.0
17782,84,0.0
17782,54,0.0
17782,136,0.0
17782,67,0.0
17782,39,0.0
17782,18,0.0
17782,2,0.0
17782,104,0.0
17782,134,0.0
11847,44,0.0
11847,4,0.0
11847,84,0.0
11847,54,0.0
11847,136,0.0
11847,2,0.0
11847,104,0.0
11847,134,0.0
11847,32,0.0
11847,64,0.0
17784,44,0.0
17784,31,0.0
17784,4,0.0
17784,84,0.0
17784,54,0.0
17784,136,0.0
17784,67,0.0
17784,39,0.0
17784,18,0.0
17784,2,0.0
15663,44,0.0
15663,31,0.0
15663,4,0.0
15663,54,0.0
15663,136,0.0
15663,67,0.0
15663,39,0.0
15663,18,0.0
15663,2,0.0
15663,104,0.0
2995,44,0.0
2995,31,0.0
2995,4,0.0
2995,84,0.0
2995,54,0.0
2995,136,0.0
2995,67,0.0
2995,39,0.0
2995,18,0.0
2995,2,0.0
41,44,0.0
41,4,0.0
41,84,0.0
41,54,0.0
41,136,0.0
41,67,0.0
41,39,0.0
41,18,0.0
41,2,0.0
41,104,0.0
2651,44,0.0
2651,4,0.0
2651,84,0.0
2651,54,0.0
2651,136,0.0
2651,67,0.0
2651,39,0.0
2651,2,0.0
2651,104,0.0
2651,134,0.0
8623,44,0.0
8623,31,0.0
8623,4,0.0
8623,84,0.0
8623,54,0.0
8623,136,0.0
8623,39,0.0
8623,18,0.0
8623,2,0.0
8623,104,0.0
17022,44,0.0
17022,31,0.0
17022,4,0.0
17022,84,0.0
17022,54,0.0
17022,136,0.0
17022,67,0.0
17022,39,0.0
17022,18,0.0
17022,2,0.0
6347,44,0.0
6347,4,0.0
6347,84,0.0
6347,54,0.0
6347,136,0.0
6347,67,0.0
6347,39,0.0
6347,18,0.0
6347,2,0.0
6347,104,0.0
11209,44,0.0
11209,31,0.0
11209,4,0.0
11209,84,0.0
11209,54,0.0
11209,136,0.0
11209,67,0.0
11209,39,0.0
11209,18,0.0
11209,2,0.0
17772,44,0.0
17772,31,0.0
17772,4,0.0
17772,84,0.0
17772,54,0.0
17772,136,0.0
17772,67,0.0
17772,39,0.0
17772,18,0.0
17772,2,0.0
18111,44,0.0
18111,4,0.0
18111,84,0.0
18111,54,0.0
18111,136,0.0
18111,67,0.0
18111,39,0.0
18111,18,0.0
18111,2,0.0
18111,104,0.0
18678,44,0.0
18678,31,0.0
18678,4,0.0
18678,84,0.0
18678,54,0.0
18678,136,0.0
18678,67,0.0
18678,39,0.0
18678,18,0.0
18678,2,0.0
15993,44,0.0
15993,31,0.0
15993,4,0.0
15993,84,0.0
15993,54,0.0
15993,136,0.0
15993,67,0.0
15993,39,0.0
15993,18,0.0
15993,2,0.0
11609,44,0.0
11609,4,0.0
11609,84,0.0
11609,54,0.0
11609,136,0.0
11609,67,0.0
11609,39,0.0
11609,18,0.0
11609,2,0.0
11609,104,0.0
2456,44,0.0
2456,31,0.0
2456,4,0.0
2456,84,0.0
2456,54,0.0
2456,136,0.0
2456,67,0.0
2456,39,0.0
2456,18,0.0
2456,2,0.0
9634,44,0.0
9634,31,0.0
9634,4,0.0
9634,84,0.0
9634,54,0.0
9634,136,0.0
9634,67,0.0
9634,39,0.0
9634,18,0.0
9634,2,0.0
11608,44,0.0
11608,4,0.0
11608,54,0.0
11608,136,0.0
11608,67,0.0
11608,39,0.0
11608,18,0.0
11608,2,0.0
11608,104,0.0
11608,134,0.0
3011,44,0.0
3011,4,0.0
3011,84,0.0
3011,54,0.0
3011,136,0.0
3011,67,0.0
3011,39,0.0
3011,18,0.0
3011,2,0.0
3011,104,0.0
8429,44,0.0
8429,4,0.0
8429,84,0.0
8429,54,0.0
8429,136,0.0
8429,67,0.0
8429,39,0.0
8429,18,0.0
8429,2,0.0
8429,104,0.0
15992,44,0.0
15992,31,0.0
15992,4,0.0
15992,84,0.0
15992,54,0.0
15992,136,0.0
15992,67,0.0
15992,39,0.0
15992,18,0.0
15992,2,0.0
17820,44,0.0
17820,4,0.0
17820,84,0.0
17820,54,0.0
17820,136,0.0
17820,67,0.0
17820,39,0.0
17820,18,0.0
17820,2,0.0
17820,104,0.0
17779,44,0.0
17779,54,0.0
17779,136,0.0
17779,39,0.0
17779,18,0.0
17779,2,0.0
17779,104,0.0
17779,134,0.0
17779,64,0.0
17779,33,0.0
2686,44,0.0
2686,4,0.0
2686,84,0.0
2686,54,0.0
2686,136,0.0
2686,67,0.0
2686,39,0.0
2686,18,0.0
2686,2,0.0
2686,104,0.0
10251,44,0.0
10251,31,0.0
10251,4,0.0
10251,84,0.0
10251,54,0.0
10251,136,0.0
10251,39,0.0
10251,18,0.0
10251,2,0.0
10251,104,0.0
741,44,0.0
741,31,0.0
741,4,0.0
741,84,0.0
741,54,0.0
741,136,0.0
741,67,0.0
741,39,0.0
741,18,0.0
741,2,0.0
1435,44,0.0
1435,4,0.0
1435,84,0.0
1435,54,0.0
1435,136,0.0
1435,67,0.0
1435,39,0.0
1435,18,0.0
1435,2,0.0
1435,104,0.0
11613,44,0.0
11613,84,0.0
11613,54,0.0
11613,136,0.0
11613,39,0.0
11613,18,0.0
11613,104,0.0
11613,134,0.0
11613,32,0.0
11613,64,0.0
1437,44,0.0
1437,31,0.0
1437,4,0.0
1437,84,0.0
1437,54,0.0
1437,136,0.0
1437,67,0.0
1437,39,0.0
1437,2,0.0
1437,104,0.0
15231,44,0.0
15231,31,0.0
15231,4,0.0
15231,84,0.0
15231,54,0.0
15231,136,0.0
15231,67,0.0
15231,39,0.0
15231,18,0.0
15231,2,0.0
1125,44,0.0
1125,31,0.0
1125,4,0.0
1125,84,0.0
1125,54,0.0
1125,136,0.0
1125,67,0.0
1125,39,0.0
1125,2,0.0
1125,104,0.0
17014,44,0.0
17014,31,0.0
17014,4,0.0
17014,54,0.0
17014,136,0.0
17014,67,0.0
17014,39,0.0
17014,18,0.0
17014,2,0.0
17014,104,0.0
7925,44,0.0
7925,31,0.0
7925,4,0.0
7925,84,0.0
7925,54,0.0
7925,136,0.0
7925,67,0.0
7925,39,0.0
7925,18,0.0
7925,2,0.0
17998,44,0.0
17998,4,0.0
17998,84,0.0
17998,54,0.0
17998,136,0.0
17998,67,0.0
17998,39,0.0
17998,18,0.0
17998,2,0.0
17998,104,0.0
2681,44,0.0
2681,31,0.0
2681,4,0.0
2681,84,0.0
2681,54,0.0
2681,136,0.0
2681,67,0.0
2681,39,0.0
2681,18,0.0
2681,2,0.0
1124,44,0.0
1124,4,0.0
1124,84,0.0
1124,54,0.0
1124,136,0.0
1124,67,0.0
1124,39,0.0
1124,18,0.0
1124,2,0.0
1124,104,0.0
8421,44,0.0
8421,4,0.0
8421,84,0.0
8421,54,0.0
8421,136,0.0
8421,39,0.0
8421,104,0.0
8421,134,0.0
8421,32,0.0
8421,64,0.0
1327,44,0.0
1327,31,0.0
1327,4,0.0
1327,84,0.0
1327,54,0.0
1327,136,0.0
1327,67,0.0
1327,39,0.0
1327,18,0.0
1327,2,0.0
2694,44,0.0
2694,4,0.0
2694,84,0.0
2694,54,0.0
2694,136,0.0
2694,67,0.0
2694,39,0.0
2694,18,0.0
2694,2,0.0
2694,104,0.0
13983,44,0.0
13983,31,0.0
13983,4,0.0
13983,54,0.0
13983,136,0.0
13983,67,0.0
13983,39,0.0
13983,18,0.0
13983,104,0.0
13983,134,0.0
1322,44,0.0
1322,4,0.0
1322,84,0.0
1322,54,0.0
1322,136,0.0
1322,67,0.0
1322,39,0.0
1322,18,0.0
1322,2,0.0
1322,104,0.0
13986,44,0.0
13986,4,0.0
13986,84,0.0
13986,54,0.0
13986,136,0.0
13986,67,0.0
13986,39,0.0
13986,18,0.0
13986,2,0.0
13986,104,0.0
744,44,0.0
744,31,0.0
744,4,0.0
744,84,0.0
744,54,0.0
744,136,0.0
744,39,0.0
744,18,0.0
744,2,0.0
744,104,0.0
11207,44,0.0
11207,31,0.0
11207,4,0.0
11207,84,0.0
11207,54,0.0
11207,136,0.0
11207,67,0.0
11207,39,0.0
11207,18,0.0
11207,2,0.0
13985,44,0.0
13985,31,0.0
13985,4,0.0
13985,54,0.0
13985,136,0.0
13985,67,0.0
13985,39,0.0
13985,18,0.0
13985,2,0.0
13985,104,0.0
14343,44,0.0
14343,31,0.0
14343,4,0.0
14343,84,0.0
14343,54,0.0
14343,136,0.0
14343,67,0.0
14343,39,0.0
14343,18,0.0
14343,2,0.0
18680,44,0.0
18680,31,0.0
18680,4,0.0
18680,84,0.0
18680,54,0.0
18680,136,0.0
18680,67,0.0
18680,39,0.0
18680,104,0.0
18680,134,0.0
18681,44,0.0
18681,31,0.0
18681,4,0.0
18681,84,0.0
18681,54,0.0
18681,136,0.0
18681,67,0.0
18681,39,0.0
18681,104,0.0
18681,134,0.0
1476,44,0.0
1476,31,0.0
1476,4,0.0
1476,54,0.0
1476,136,0.0
1476,67,0.0
1476,39,0.0
1476,18,0.0
1476,2,0.0
1476,104,0.0
17775,44,0.0
17775,4,0.0
17775,84,0.0
17775,54,0.0
17775,136,0.0
17775,39,0.0
17775,18,0.0
17775,104,0.0
17775,134,0.0
17775,32,0.0
17822,44,0.0
17822,31,0.0
17822,4,0.0
17822,84,0.0
17822,54,0.0
17822,136,0.0
17822,67,0.0
17822,39,0.0
17822,18,0.0
17822,2,0.0
15995,44,0.0
15995,31,0.0
15995,4,0.0
15995,84,0.0
15995,54,0.0
15995,136,0.0
15995,67,0.0
15995,39,0.0
15995,18,0.0
15995,2,0.0
13981,44,0.0
13981,4,0.0
13981,84,0.0
13981,54,0.0
13981,136,0.0
13981,67,0.0
13981,39,0.0
13981,18,0.0
13981,2,0.0
13981,104,0.0
3134,44,0.0
3134,31,0.0
3134,4,0.0
3134,84,0.0
3134,54,0.0
3134,136,0.0
3134,67,0.0
3134,39,0.0
3134,18,0.0
3134,104,0.0
13984,44,0.0
13984,31,0.0
13984,4,0.0
13984,84,0.0
13984,54,0.0
13984,136,0.0
13984,67,0.0
13984,39,0.0
13984,18,0.0
13984,2,0.0
78,44,0.0
78,4,0.0
78,84,0.0
78,54,0.0
78,136,0.0
78,67,0.0
78,39,0.0
78,18,0.0
78,2,0.0
78,104,0.0
13980,44,0.0
13980,31,0.0
13980,4,0.0
13980,84,0.0
13980,54,0.0
13980,136,0.0
13980,39,0.0
13980,18,0.0
13980,104,0.0
13980,134,0.0
8625,44,0.0
8625,4,0.0
8625,84,0.0
8625,54,0.0
8625,136,0.0
8625,67,0.0
8625,39,0.0
8625,18,0.0
8625,2,0.0
8625,104,0.0
3828,44,0.0
3828,31,0.0
3828,4,0.0
3828,84,0.0
3828,54,0.0
3828,136,0.0
3828,67,0.0
3828,39,0.0
3828,18,0.0
3828,2,0.0
7649,44,0.0
7649,4,0.0
7649,84,0.0
7649,54,0.0
7649,136,0.0
7649,39,0.0
7649,18,0.0
7649,2,0.0
7649,104,0.0
7649,134,0.0
17010,44,0.0
17010,4,0.0
17010,84,0.0
17010,54,0.0
17010,136,0.0
17010,67,0.0
17010,39,0.0
17010,18,0.0
17010,2,0.0
17010,104,0.0
11470,44,0.0
11470,31,0.0
11470,4,0.0
11470,84,0.0
11470,54,0.0
11470,136,0.0
11470,67,0.0
11470,39,0.0
11470,18,0.0
11470,2,0.0
3829,44,0.0
3829,31,0.0
3829,4,0.0
3829,84,0.0
3829,54,0.0
3829,136,0.0
3829,67,0.0
3829,39,0.0
3829,18,0.0
3829,2,0.0
10250,44,0.0
10250,4,0.0
10250,84,0.0
10250,54,0.0
10250,136,0.0
10250,67,0.0
10250,39,0.0
10250,18,0.0
10250,2,0.0
10250,104,0.0
11610,44,0.0
11610,4,0.0
11610,84,0.0
11610,54,0.0
11610,136,0.0
11610,67,0.0
11610,39,0.0
11610,18,0.0
11610,2,0.0
11610,104,0.0
17780,44,0.0
17780,4,0.0
17780,84,0.0
17780,54,0.0
17780,136,0.0
17780,67,0.0
17780,39,0.0
17780,2,0.0
17780,134,0.0
17780,32,0.0
17672,44,0.0
17672,4,0.0
17672,84,0.0
17672,54,0.0
17672,136,0.0
17672,67,0.0
17672,39,0.0
17672,18,0.0
17672,2,0.0
17672,104,0.0
515,44,0.0
515,31,0.0
515,4,0.0
515,54,0.0
515,136,0.0
515,67,0.0
515,39,0.0
515,18,0.0
515,2,0.0
515,104,0.0
513,44,0.0
513,31,0.0
513,4,0.0
513,84,0.0
513,54,0.0
513,136,0.0
513,67,0.0
513,39,0.0
513,18,0.0
513,2,0.0
1328,44,0.0
1328,4,0.0
1328,84,0.0
1328,54,0.0
1328,136,0.0
1328,67,0.0
1328,39,0.0
1328,18,0.0
1328,2,0.0
1328,104,0.0
1325,44,0.0
1325,31,0.0
1325,4,0.0
1325,84,0.0
1325,54,0.0
1325,136,0.0
1325,39,0.0
1325,18,0.0
1325,2,0.0
1325,104,0.0
17786,44,0.0
17786,4,0.0
17786,54,0.0
17786,136,0.0
17786,67,0.0
17786,39,0.0
17786,18,0.0
17786,2,0.0
17786,104,0.0
17786,134,0.0
17008,44,0.0
17008,4,0.0
17008,84,0.0
17008,54,0.0
17008,136,0.0
17008,67,0.0
17008,39,0.0
17008,18,0.0
17008,2,0.0
17008,104,0.0
17017,44,0.0
17017,4,0.0
17017,84,0.0
17017,54,0.0
17017,136,0.0
17017,67,0.0
17017,39,0.0
17017,18,0.0
17017,2,0.0
17017,104,0.0
65,44,0.0
65,4,0.0
65,84,0.0
65,54,0.0
65,136,0.0
65,67,0.0
65,39,0.0
65,18,0.0
65,2,0.0
65,104,0.0
9487,44,0.0
9487,31,0.0
9487,4,0.0
9487,84,0.0
9487,54,0.0
9487,136,0.0
9487,67,0.0
9487,39,0.0
9487,18,0.0
9487,2,0.0
9637,44,0.0
9637,31,0.0
9637,4,0.0
9637,84,0.0
9637,54,0.0
9637,136,0.0
9637,67,0.0
9637,39,0.0
9637,18,0.0
9637,2,0.0
17019,44,0.0
17019,54,0.0
17019,67,0.0
17019,39,0.0
17019,2,0.0
17019,134,0.0
17019,32,0.0
17019,64,0.0
17019,33,0.0
17019,74,0.0
8537,44,0.0
8537,4,0.0
8537,54,0.0
8537,136,0.0
8537,67,0.0
8537,39,0.0
8537,18,0.0
8537,2,0.0
8537,104,0.0
8537,134,0.0
8622,44,0.0
8622,4,0.0
8622,84,0.0
8622,54,0.0
8622,136,0.0
8622,67,0.0
8622,39,0.0
8622,18,0.0
8622,2,0.0
8622,104,0.0
13987,44,0.0
13987,31,0.0
13987,4,0.0
13987,84,0.0
13987,54,0.0
13987,136,0.0
13987,67,0.0
13987,39,0.0
13987,18,0.0
13987,2,0.0
3883,44,0.0
3883,54,0.0
3883,136,0.0
3883,67,0.0
3883,39,0.0
3883,18,0.0
3883,2,0.0
3883,104,0.0
3883,134,0.0
3883,32,0.0
4520,44,0.0
4520,31,0.0
4520,4,0.0
4520,84,0.0
4520,54,0.0
4520,136,0.0
4520,67,0.0
4520,39,0.0
4520,18,0.0
4520,2,0.0
15498,44,0.0
15498,31,0.0
15498,4,0.0
15498,84,0.0
15498,54,0.0
15498,136,0.0
15498,67,0.0
15498,39,0.0
15498,18,0.0
15498,104,0.0
18200,44,0.0
18200,31,0.0
18200,84,0.0
18200,54,0.0
18200,136,0.0
18200,67,0.0
18200,39,0.0
18200,18,0.0
18200,2,0.0
18200,104,0.0
17799,44,0.0
17799,31,0.0
17799,4,0.0
17799,84,0.0
17799,54,0.0
17799,136,0.0
17799,67,0.0
17799,39,0.0
17799,18,0.0
17799,2,0.0
15335,44,0.0
15335,54,0.0
15335,136,0.0
15335,67,0.0
15335,39,0.0
15335,18,0.0
15335,104,0.0
15335,134,0.0
15335,32,0.0
15335,64,0.0
18109,44,0.0
18109,31,0.0
18109,4,0.0
18109,84,0.0
18109,54,0.0
18109,136,0.0
18109,67,0.0
18109,39,0.0
18109,18,0.0
18109,104,0.0
17789,44,0.0
17789,4,0.0
17789,84,0.0
17789,54,0.0
17789,136,0.0
17789,67,0.0
17789,39,0.0
17789,18,0.0
17789,2,0.0
17789,104,0.0
743,44,0.0
743,31,0.0
743,4,0.0
743,84,0.0
743,54,0.0
743,136,0.0
743,67,0.0
743,39,0.0
743,18,0.0
743,2,0.0
1121,44,0.0
1121,31,0.0
1121,4,0.0
1121,84,0.0
1121,54,0.0
1121,136,0.0
1121,67,0.0
1121,39,0.0
1121,18,0.0
1121,2,0.0
7924,44,0.0
7924,4,0.0
7924,84,0.0
7924,54,0.0
7924,136,0.0
7924,67,0.0
7924,39,0.0
7924,18,0.0
7924,2,0.0
7924,104,0.0
18676,44,0.0
18676,4,0.0
18676,84,0.0
18676,54,0.0
18676,136,0.0
18676,67,0.0
18676,39,0.0
18676,104,0.0
18676,134,0.0
18676,32,0.0
6296,44,0.0
6296,31,0.0
6296,4,0.0
6296,84,0.0
6296,54,0.0
6296,136,0.0
6296,67,0.0
6296,39,0.0
6296,18,0.0
6296,104,0.0
17795,44,0.0
17795,4,0.0
17795,84,0.0
17795,54,0.0
17795,136,0.0
17795,67,0.0
17795,39,0.0
17795,18,0.0
17795,2,0.0
17795,104,0.0
10651,44,0.0
10651,31,0.0
10651,4,0.0
10651,84,0.0
10651,54,0.0
10651,136,0.0
10651,67,0.0
10651,39,0.0
10651,18,0.0
10651,2,0.0
7123,44,0.0
7123,31,0.0
7123,4,0.0
7123,84,0.0
7123,54,0.0
7123,136,0.0
7123,67,0.0
7123,39,0.0
7123,18,0.0
7123,2,0.0
16169,44,0.0
16169,31,0.0
16169,4,0.0
16169,84,0.0
16169,54,0.0
16169,136,0.0
16169,67,0.0
16169,39,0.0
16169,18,0.0
16169,104,0.0
10286,44,0.0
10286,31,0.0
10286,4,0.0
10286,84,0.0
10286,54,0.0
10286,136,0.0
10286,67,0.0
10286,39,0.0
10286,18,0.0
10286,104,0.0
17011,44,0.0
17011,4,0.0
17011,84,0.0
17011,54,0.0
17011,136,0.0
17011,67,0.0
17011,39,0.0
17011,18,0.0
17011,2,0.0
17011,104,0.0
2687,44,0.0
2687,31,0.0
2687,84,0.0
2687,54,0.0
2687,136,0.0
2687,67,0.0
2687,39,0.0
2687,18,0.0
2687,2,0.0
2687,104,0.0
17797,44,0.0
17797,31,0.0
17797,84,0.0
17797,54,0.0
17797,136,0.0
17797,39,0.0
17797,18,0.0
17797,2,0.0
17797,104,0.0
17797,134,0.0
3884,44,0.0
3884,31,0.0
3884,4,0.0
3884,84,0.0
3884,54,0.0
3884,136,0.0
3884,67,0.0
3884,39,0.0
3884,2,0.0
3884,104,0.0
18955,44,0.0
18955,31,0.0
18955,4,0.0
18955,84,0.0
18955,54,0.0
18955,136,0.0
18955,67,0.0
18955,39,0.0
18955,18,0.0
18955,2,0.0
514,44,0.0
514,31,0.0
514,4,0.0
514,84,0.0
514,54,0.0
514,136,0.0
514,67,0.0
514,39,0.0
514,2,0.0
514,104,0.0
17796,44,0.0
17796,31,0.0
17796,84,0.0
17796,54,0.0
17796,136,0.0
17796,67,0.0
17796,39,0.0
17796,18,0.0
17796,2,0.0
17796,104,0.0
13982,44,0.0
13982,31,0.0
13982,4,0.0
13982,84,0.0
13982,54,0.0
13982,136,0.0
13982,67,0.0
13982,39,0.0
13982,18,0.0
13982,2,0.0
201,44,0.0
201,31,0.0
201,4,0.0
201,84,0.0
201,54,0.0
201,136,0.0
201,39,0.0
201,18,0.0
201,2,0.0
201,104,0.0
12059,44,0.0
12059,4,0.0
12059,84,0.0
12059,54,0.0
12059,136,0.0
12059,67,0.0
12059,39,0.0
12059,18,0.0
12059,2,0.0
12059,104,0.0
18679,44,0.0
18679,31,0.0
18679,4,0.0
18679,84,0.0
18679,54,0.0
18679,136,0.0
18679,67,0.0
18679,39,0.0
18679,18,0.0
18679,2,0.0
5660,44,0.0
5660,31,0.0
5660,4,0.0
5660,84,0.0
5660,54,0.0
5660,136,0.0
5660,67,0.0
5660,39,0.0
5660,18,0.0
5660,2,0.0
15230,44,0.0
15230,31,0.0
15230,4,0.0
15230,84,0.0
15230,54,0.0
15230,136,0.0
15230,67,0.0
15230,39,0.0
15230,18,0.0
15230,2,0.0
3904,44,0.0
3904,31,0.0
3904,4,0.0
3904,84,0.0
3904,54,0.0
3904,136,0.0
3904,67,0.0
3904,39,0.0
3904,18,0.0
3904,2,0.0
15033,44,0.0
15033,31,0.0
15033,4,0.0
15033,54,0.0
15033,136,0.0
15033,67,0.0
15033,39,0.0
15033,18,0.0
15033,2,0.0
15033,104,0.0
17007,44,0.0
17007,31,0.0
17007,4,0.0
17007,84,0.0
17007,54,0.0
17007,136,0.0
17007,67,0.0
17007,39,0.0
17007,18,0.0
17007,2,0.0
17021,44,0.0
17021,4,0.0
17021,84,0.0
17021,54,0.0
17021,136,0.0
17021,67,0.0
17021,39,0.0
17021,18,0.0
17021,2,0.0
17021,104,0.0
1436,44,0.0
1436,31,0.0
1436,4,0.0
1436,84,0.0
1436,54,0.0
1436,136,0.0
1436,67,0.0
1436,39,0.0
1436,2,0.0
1436,104,0.0
18107,44,0.0
18107,31,0.0
18107,4,0.0
18107,84,0.0
18107,54,0.0
18107,136,0.0
18107,67,0.0
18107,39,0.0
18107,18,0.0
18107,2,0.0
18110,44,0.0
18110,31,0.0
18110,4,0.0
18110,84,0.0
18110,54,0.0
18110,136,0.0
18110,67,0.0
18110,39,0.0
18110,18,0.0
18110,2,0.0
2988,44,0.0
2988,31,0.0
2988,4,0.0
2988,84,0.0
2988,54,0.0
2988,136,0.0
2988,67,0.0
2988,39,0.0
2988,2,0.0
2988,104,0.0
8494,44,0.0
8494,4,0.0
8494,84,0.0
8494,54,0.0
8494,136,0.0
8494,67,0.0
8494,39,0.0
8494,18,0.0
8494,2,0.0
8494,104,0.0
17781,44,0.0
17781,31,0.0
17781,4,0.0
17781,84,0.0
17781,54,0.0
17781,136,0.0
17781,67,0.0
17781,39,0.0
17781,18,0.0
17781,2,0.0
17794,44,0.0
17794,31,0.0
17794,4,0.0
17794,84,0.0
17794,54,0.0
17794,136,0.0
17794,67,0.0
17794,39,0.0
17794,18,0.0
17794,2,0.0
17785,44,0.0
17785,31,0.0
17785,4,0.0
17785,84,0.0
17785,54,0.0
17785,136,0.0
17785,67,0.0
17785,39,0.0
17785,18,0.0
17785,104,0.0
13989,44,0.0
13989,31,0.0
13989,4,0.0
13989,84,0.0
13989,54,0.0
13989,136,0.0
13989,67,0.0
13989,39,0.0
13989,18,0.0
13989,2,0.0
1438,44,0.0
1438,4,0.0
1438,84,0.0
1438,54,0.0
1438,136,0.0
1438,67,0.0
1438,39,0.0
1438,18,0.0
1438,2,0.0
1438,104,0.0
2358,44,0.0
2358,31,0.0
2358,4,0.0
2358,84,0.0
2358,54,0.0
2358,136,0.0
2358,67,0.0
2358,39,0.0
2358,18,0.0
2358,2,0.0
17809,44,0.0
17809,31,0.0
17809,4,0.0
17809,84,0.0
17809,54,0.0
17809,136,0.0
17809,67,0.0
17809,39,0.0
17809,18,0.0
17809,2,0.0
18671,44,0.0
18671,31,0.0
18671,4,0.0
18671,84,0.0
18671,54,0.0
18671,136,0.0
18671,67,0.0
18671,39,0.0
18671,18,0.0
18671,104,0.0
2842,44,0.0
2842,31,0.0
2842,4,0.0
2842,84,0.0
2842,54,0.0
2842,136,0.0
2842,67,0.0
2842,39,0.0
2842,18,0.0
2842,2,0.0
15415,44,0.0
15415,31,0.0
15415,4,0.0
15415,84,0.0
15415,54,0.0
15415,136,0.0
15415,67,0.0
15415,39,0.0
15415,18,0.0
15415,2,0.0
17770,44,0.0
17770,4,0.0
17770,84,0.0
17770,54,0.0
17770,136,0.0
17770,67,0.0
17770,39,0.0
17770,18,0.0
17770,2,0.0
17770,104,0.0
17194,44,0.0
17194,31,0.0
17194,84,0.0
17194,54,0.0
17194,136,0.0
17194,67,0.0
17194,39,0.0
17194,18,0.0
17194,2,0.0
17194,104,0.0
4938,44,0.0
4938,31,0.0
4938,4,0.0
4938,54,0.0
4938,136,0.0
4938,67,0.0
4938,39,0.0
4938,18,0.0
4938,2,0.0
4938,104,0.0
17828,44,0.0
17828,31,0.0
17828,4,0.0
17828,54,0.0
17828,136,0.0
17828,67,0.0
17828,39,0.0
17828,18,0.0
17828,2,0.0
17828,104,0.0
16286,44,0.0
16286,31,0.0
16286,4,0.0
16286,54,0.0
16286,136,0.0
16286,67,0.0
16286,39,0.0
16286,18,0.0
16286,2,0.0
16286,104,0.0
17016,44,0.0
17016,31,0.0
17016,4,0.0
17016,84,0.0
17016,54,0.0
17016,136,0.0
17016,67,0.0
17016,39,0.0
17016,18,0.0
17016,2,0.0
11614,44,0.0
11614,31,0.0
11614,4,0.0
11614,84,0.0
11614,54,0.0
11614,136,0.0
11614,67,0.0
11614,39,0.0
11614,2,0.0
11614,104,0.0
18677,44,0.0
18677,31,0.0
18677,4,0.0
18677,84,0.0
18677,54,0.0
18677,136,0.0
18677,67,0.0
18677,39,0.0
18677,18,0.0
18677,2,0.0
17490,44,0.0
17490,4,0.0
17490,84,0.0
17490,54,0.0
17490,136,0.0
17490,67,0.0
17490,39,0.0
17490,18,0.0
17490,2,0.0
17490,104,0.0
64,44,0.0
64,4,0.0
64,84,0.0
64,54,0.0
64,136,0.0
64,67,0.0
64,39,0.0
64,18,0.0
64,2,0.0
64,104,0.0
8278,44,0.0
8278,4,0.0
8278,84,0.0
8278,54,0.0
8278,136,0.0
8278,67,0.0
8278,39,0.0
8278,18,0.0
8278,2,0.0
8278,104,0.0
11481,44,0.0
11481,4,0.0
11481,84,0.0
11481,54,0.0
11481,136,0.0
11481,67,0.0
11481,39,0.0
11481,18,0.0
11481,2,0.0
11481,104,0.0
17776,44,0.0
17776,4,0.0
17776,84,0.0
17776,54,0.0
17776,136,0.0
17776,67,0.0
17776,39,0.0
17776,18,0.0
17776,2,0.0
17776,104,0.0
1323,44,0.0
1323,4,0.0
1323,84,0.0
1323,54,0.0
1323,136,0.0
1323,67,0.0
1323,39,0.0
1323,18,0.0
1323,2,0.0
1323,104,0.0
2989,44,0.0
2989,31,0.0
2989,4,0.0
2989,84,0.0
2989,54,0.0
2989,136,0.0
2989,67,0.0
2989,39,0.0
2989,18,0.0
2989,104,0.0
