17,8530,0.0
17,12777,0.0
17,2386,0.0
17,8046,0.0
17,755,0.0
17,2739,0.0
17,16118,0.0
17,19483,0.0
17,16678,0.0
17,19036,0.0
22,4342,0.6666666666666665
22,18285,0.6666666666666665
22,1709,0.6666666666666665
22,8405,0.16666666666666663
22,19754,0.16666666666666663
22,16209,0.0
22,19483,0.0
22,2739,0.0
22,16678,0.0
22,19036,0.0
5,8530,0.0
5,8046,0.0
5,755,0.0
5,2739,0.0
5,19483,0.0
5,16678,0.0
5,19036,0.0
5,18460,0.0
5,16209,0.0
5,19001,0.0
2,8530,0.0
2,12777,0.0
2,2386,0.0
2,8046,0.0
2,755,0.0
2,16118,0.0
2,19483,0.0
2,16678,0.0
2,19036,0.0
2,18460,0.0
41,8530,0.0
41,12777,0.0
41,2386,0.0
41,8046,0.0
41,755,0.0
41,2739,0.0
41,16118,0.0
41,19483,0.0
41,19036,0.0
41,18460,0.0
50,7359,0.16666666666666663
50,15102,0.16666666666666663
50,3029,0.16666666666666663
50,12235,0.16666666666666663
50,16408,0.16666666666666663
50,11630,0.16666666666666663
50,755,0.0
50,2386,0.0
50,2739,0.0
50,16118,0.0
38,8530,0.0
38,12777,0.0
38,2386,0.0
38,8046,0.0
38,755,0.0
38,2739,0.0
38,16118,0.0
38,19483,0.0
38,16678,0.0
38,19036,0.0
10,8530,0.0
10,12777,0.0
10,2386,0.0
10,8046,0.0
10,755,0.0
10,2739,0.0
10,16118,0.0
10,19483,0.0
10,16678,0.0
10,19036,0.0
27,17311,0.4999999999999999
27,11151,0.4306212470271782
27,15102,0.16666666666666663
27,19001,0.16666666666666663
27,19483,0.0
27,19036,0.0
27,2386,0.0
27,755,0.0
27,2739,0.0
27,16118,0.0
35,6323,0.5157281023152122
35,17311,0.4999999999999999
35,4342,0.33333333333333326
35,12235,0.33333333333333326
35,11630,0.33333333333333326
35,16408,0.33333333333333326
35,3029,0.33333333333333326
35,18285,0.33333333333333326
35,7359,0.33333333333333326
35,1709,0.33333333333333326
15,8530,0.0
15,12777,0.0
15,2386,0.0
15,8046,0.0
15,755,0.0
15,2739,0.0
15,16118,0.0
15,19483,0.0
15,16678,0.0
15,19036,0.0
16,8530,0.0
16,12777,0.0
16,2386,0.0
16,8046,0.0
16,755,0.0
16,2739,0.0
16,16118,0.0
16,19483,0.0
16,16678,0.0
16,19036,0.0
30,8530,0.0
30,12777,0.0
30,2386,0.0
30,8046,0.0
30,755,0.0
30,2739,0.0
30,16118,0.0
30,19483,0.0
30,16678,0.0
30,19036,0.0
42,8530,0.0
42,12777,0.0
42,2386,0.0
42,8046,0.0
42,755,0.0
42,2739,0.0
42,16118,0.0
42,19483,0.0
42,16678,0.0
42,19036,0.0
44,8530,0.0
44,12777,0.0
44,2386,0.0
44,8046,0.0
44,755,0.0
44,2739,0.0
44,16118,0.0
44,19483,0.0
44,16678,0.0
44,19036,0.0
34,11151,0.366518682924614
34,16408,0.33333333333333326
34,3029,0.33333333333333326
34,7359,0.33333333333333326
34,11630,0.33333333333333326
34,12235,0.33333333333333326
34,17311,0.33333333333333326
34,7753,0.2768433111405497
34,2739,0.0
34,16118,0.0
33,8530,0.0
33,12777,0.0
33,2386,0.0
33,8046,0.0
33,755,0.0
33,2739,0.0
33,16118,0.0
33,19483,0.0
33,16678,0.0
33,19036,0.0
48,19111,0.16666666666666663
48,16141,0.16666666666666663
48,18285,0.16666666666666663
48,7753,0.16666666666666663
48,12931,0.16666666666666663
48,1709,0.16666666666666663
48,755,0.0
48,2386,0.0
48,2739,0.0
48,16118,0.0
4,8530,0.0
4,12777,0.0
4,2386,0.0
4,8046,0.0
4,755,0.0
4,2739,0.0
4,16118,0.0
4,19483,0.0
4,16678,0.0
4,19036,0.0
46,8764,0.16666666666666663
46,6323,0.16666666666666663
46,15067,0.16666666666666663
46,19470,0.16666666666666663
46,19483,0.0
46,16678,0.0
46,2386,0.0
46,755,0.0
46,2739,0.0
46,16118,0.0
45,8530,0.0
45,12777,0.0
45,2386,0.0
45,8046,0.0
45,755,0.0
45,2739,0.0
45,16118,0.0
45,19483,0.0
45,16678,0.0
45,19036,0.0
29,8530,0.0
29,12777,0.0
29,2386,0.0
29,8046,0.0
29,755,0.0
29,2739,0.0
29,16118,0.0
29,19483,0.0
29,16678,0.0
29,19036,0.0
37,8530,0.0
37,12777,0.0
37,2386,0.0
37,8046,0.0
37,755,0.0
37,2739,0.0
37,16118,0.0
37,19483,0.0
37,16678,0.0
37,19036,0.0
18,8530,0.0
18,12777,0.0
18,2386,0.0
18,8046,0.0
18,755,0.0
18,2739,0.0
18,16118,0.0
18,19483,0.0
18,16678,0.0
18,19036,0.0
36,8530,0.0
36,12777,0.0
36,2386,0.0
36,8046,0.0
36,755,0.0
36,2739,0.0
36,16118,0.0
36,19483,0.0
36,16678,0.0
36,19036,0.0
11,7753,0.16666666666666663
11,8405,0.16666666666666663
11,12777,0.0
11,8046,0.0
11,2386,0.0
11,19483,0.0
11,755,0.0
11,2739,0.0
11,16118,0.0
11,16678,0.0
31,8530,0.0
31,12777,0.0
31,2386,0.0
31,8046,0.0
31,755,0.0
31,2739,0.0
31,16118,0.0
31,19483,0.0
31,16678,0.0
31,19036,0.0
9,8530,0.0
9,12777,0.0
9,2386,0.0
9,8046,0.0
9,755,0.0
9,2739,0.0
9,16118,0.0
9,19483,0.0
9,16678,0.0
9,19036,0.0
1,8530,0.0
1,12777,0.0
1,2386,0.0
1,8046,0.0
1,755,0.0
1,2739,0.0
1,16118,0.0
1,19483,0.0
1,16678,0.0
1,19036,0.0
49,8530,0.0
49,12777,0.0
49,2386,0.0
49,8046,0.0
49,755,0.0
49,2739,0.0
49,16118,0.0
49,19483,0.0
49,16678,0.0
49,19036,0.0
