22,16678,0.18181818181818182
22,19628,0.18181818181818182
22,18194,0.18181818181818182
22,8703,0.18181818181818182
22,692,0.18181818181818182
22,8764,0.18181818181818182
22,8707,0.18181818181818182
22,3281,0.18181818181818182
22,679,0.09090909090909091
22,14412,0.09090909090909091
22,3955,0.09090909090909091
22,9929,0.09090909090909091
22,10542,0.09090909090909091
22,15067,0.09090909090909091
22,7874,0.09090909090909091
27,15067,0.2727272727272727
27,8587,0.2727272727272727
27,9928,0.2727272727272727
27,14412,0.2727272727272727
27,12414,0.18181818181818182
27,8001,0.18181818181818182
27,19001,0.18181818181818182
27,9070,0.18181818181818182
27,19003,0.18181818181818182
27,8773,0.18181818181818182
27,7943,0.18181818181818182
27,8347,0.18181818181818182
27,4304,0.18181818181818182
27,19000,0.18181818181818182
27,19030,0.18181818181818182
50,6323,0.5454545454545455
50,10542,0.36363636363636365
50,679,0.36363636363636365
50,8464,0.36363636363636365
50,9929,0.36363636363636365
50,3955,0.36363636363636365
50,7874,0.36363636363636365
50,16678,0.18181818181818182
50,10523,0.18181818181818182
50,18194,0.18181818181818182
50,19034,0.18181818181818182
50,19628,0.18181818181818182
50,8707,0.18181818181818182
50,4144,0.18181818181818182
50,692,0.18181818181818182
15,8587,0.33116732986045794
15,14412,0.33116732986045794
15,18257,0.18181818181818182
15,18423,0.18181818181818182
15,19001,0.18181818181818182
15,12414,0.18181818181818182
15,7726,0.18181818181818182
15,19003,0.18181818181818182
15,8773,0.18181818181818182
15,8001,0.18181818181818182
15,7943,0.18181818181818182
15,8347,0.18181818181818182
15,4304,0.18181818181818182
15,19000,0.18181818181818182
15,19030,0.18181818181818182
5,9657,0.0
5,9070,0.0
5,19001,0.0
5,18423,0.0
5,5878,0.0
5,19003,0.0
5,8773,0.0
5,12414,0.0
5,8001,0.0
5,7943,0.0
5,8347,0.0
5,4304,0.0
5,19000,0.0
5,19030,0.0
5,7726,0.0
4,15499,0.09090909090909091
4,18257,0.09090909090909091
4,19001,0.09090909090909091
4,18423,0.09090909090909091
4,7726,0.09090909090909091
4,19003,0.09090909090909091
4,8773,0.09090909090909091
4,12414,0.09090909090909091
4,8001,0.09090909090909091
4,7943,0.09090909090909091
4,8347,0.09090909090909091
4,4304,0.09090909090909091
4,19000,0.09090909090909091
4,19030,0.09090909090909091
4,1359,0.09090909090909091
48,1359,0.09090909090909091
48,15499,0.09090909090909091
48,18423,0.09090909090909091
48,18257,0.09090909090909091
48,19003,0.09090909090909091
48,8773,0.09090909090909091
48,12414,0.09090909090909091
48,8001,0.09090909090909091
48,7943,0.09090909090909091
48,8347,0.09090909090909091
48,4304,0.09090909090909091
48,19000,0.09090909090909091
48,19030,0.09090909090909091
48,7726,0.09090909090909091
48,11894,0.09090909090909091
49,9657,0.0
49,9070,0.0
49,19001,0.0
49,18423,0.0
49,5878,0.0
49,19003,0.0
49,8773,0.0
49,12414,0.0
49,8001,0.0
49,7943,0.0
49,8347,0.0
49,4304,0.0
49,19000,0.0
49,19030,0.0
49,7726,0.0
34,8764,0.4545454545454546
34,8703,0.4545454545454546
34,18257,0.36363636363636365
34,18423,0.36363636363636365
34,19001,0.36363636363636365
34,12414,0.36363636363636365
34,7726,0.36363636363636365
34,19003,0.36363636363636365
34,8773,0.36363636363636365
34,8001,0.36363636363636365
34,7943,0.36363636363636365
34,8347,0.36363636363636365
34,4304,0.36363636363636365
34,19000,0.36363636363636365
34,19030,0.36363636363636365
35,9657,0.0
35,9070,0.0
35,19001,0.0
35,18423,0.0
35,5878,0.0
35,19003,0.0
35,8773,0.0
35,12414,0.0
35,8001,0.0
35,7943,0.0
35,8347,0.0
35,4304,0.0
35,19000,0.0
35,19030,0.0
35,7726,0.0
46,15067,0.22671363833294833
46,8587,0.1661757475835969
46,14412,0.1661757475835969
46,18423,0.09090909090909091
46,12414,0.09090909090909091
46,19001,0.09090909090909091
46,8001,0.09090909090909091
46,7726,0.09090909090909091
46,19003,0.09090909090909091
46,8773,0.09090909090909091
46,7943,0.09090909090909091
46,8347,0.09090909090909091
46,4304,0.09090909090909091
46,19000,0.09090909090909091
46,19030,0.09090909090909091
41,9657,0.0
41,9070,0.0
41,19001,0.0
41,18423,0.0
41,5878,0.0
41,19003,0.0
41,8773,0.0
41,12414,0.0
41,8001,0.0
41,7943,0.0
41,8347,0.0
41,4304,0.0
41,19000,0.0
41,19030,0.0
41,7726,0.0
