88,22,0.0
88,27,0.0
88,50,0.0
88,15,0.0
88,5,0.0
88,4,0.0
88,48,0.0
88,49,0.0
88,34,0.0
88,35,0.0
79,22,0.0
79,27,0.0
79,50,0.0
79,15,0.0
79,5,0.0
79,4,0.0
79,48,0.0
79,49,0.0
79,34,0.0
79,35,0.0
93,22,0.0
93,27,0.0
93,50,0.0
93,15,0.0
93,5,0.0
93,4,0.0
93,48,0.0
93,49,0.0
93,34,0.0
93,35,0.0
90,22,0.0
90,27,0.0
90,50,0.0
90,15,0.0
90,5,0.0
90,4,0.0
90,48,0.0
90,49,0.0
90,34,0.0
90,35,0.0
81,22,0.0
81,27,0.0
81,50,0.0
81,15,0.0
81,5,0.0
81,4,0.0
81,48,0.0
81,49,0.0
81,34,0.0
81,35,0.0
82,27,0.0
82,50,0.0
82,15,0.0
82,5,0.0
82,4,0.0
82,48,0.0
82,49,0.0
82,34,0.0
82,35,0.0
82,46,0.0
91,22,0.0
91,27,0.0
91,50,0.0
91,15,0.0
91,5,0.0
91,4,0.0
91,48,0.0
91,49,0.0
91,34,0.0
91,35,0.0
83,22,0.0
83,27,0.0
83,50,0.0
83,15,0.0
83,5,0.0
83,4,0.0
83,48,0.0
83,49,0.0
83,34,0.0
83,35,0.0
84,22,0.0
84,27,0.0
84,50,0.0
84,15,0.0
84,5,0.0
84,4,0.0
84,48,0.0
84,49,0.0
84,34,0.0
84,35,0.0
85,22,0.0
85,27,0.0
85,50,0.0
85,15,0.0
85,5,0.0
85,4,0.0
85,48,0.0
85,49,0.0
85,34,0.0
85,35,0.0
87,22,0.0
87,27,0.0
87,50,0.0
87,15,0.0
87,5,0.0
87,4,0.0
87,48,0.0
87,49,0.0
87,34,0.0
87,35,0.0
78,22,0.0
78,27,0.0
78,50,0.0
78,15,0.0
78,5,0.0
78,4,0.0
78,48,0.0
78,49,0.0
78,34,0.0
78,35,0.0
80,22,0.0
80,27,0.0
80,50,0.0
80,15,0.0
80,5,0.0
80,4,0.0
80,48,0.0
80,49,0.0
80,34,0.0
80,35,0.0
92,22,0.0
92,27,0.0
92,50,0.0
92,15,0.0
92,5,0.0
92,4,0.0
92,48,0.0
92,49,0.0
92,34,0.0
92,35,0.0
89,22,0.0
89,27,0.0
89,50,0.0
89,15,0.0
89,5,0.0
89,4,0.0
89,48,0.0
89,49,0.0
89,34,0.0
89,35,0.0
86,22,0.0
86,27,0.0
86,50,0.0
86,15,0.0
86,5,0.0
86,4,0.0
86,48,0.0
86,49,0.0
86,34,0.0
86,35,0.0
197,22,0.0
197,27,0.0
197,50,0.0
197,15,0.0
197,5,0.0
197,4,0.0
197,48,0.0
197,49,0.0
197,34,0.0
197,35,0.0
198,22,0.0
198,27,0.0
198,50,0.0
198,15,0.0
198,5,0.0
198,4,0.0
198,48,0.0
198,49,0.0
198,34,0.0
198,35,0.0
187,22,0.0
187,27,0.0
187,50,0.0
187,15,0.0
187,5,0.0
187,4,0.0
187,48,0.0
187,49,0.0
187,34,0.0
187,35,0.0
195,22,0.0
195,27,0.0
195,50,0.0
195,15,0.0
195,5,0.0
195,4,0.0
195,48,0.0
195,49,0.0
195,34,0.0
195,35,0.0
113,22,0.0
113,27,0.0
113,50,0.0
113,15,0.0
113,5,0.0
113,4,0.0
113,48,0.0
113,49,0.0
113,34,0.0
113,35,0.0
203,22,0.0
203,27,0.0
203,15,0.0
203,5,0.0
203,4,0.0
203,48,0.0
203,49,0.0
203,34,0.0
203,35,0.0
203,46,0.0
152,22,0.0
152,27,0.0
152,50,0.0
152,15,0.0
152,5,0.0
152,4,0.0
152,48,0.0
152,49,0.0
152,34,0.0
152,35,0.0
164,22,0.0
164,27,0.0
164,50,0.0
164,15,0.0
164,5,0.0
164,4,0.0
164,48,0.0
164,49,0.0
164,34,0.0
164,35,0.0
139,22,0.0
139,27,0.0
139,50,0.0
139,15,0.0
139,5,0.0
139,4,0.0
139,48,0.0
139,49,0.0
139,34,0.0
139,35,0.0
125,22,0.0
125,27,0.0
125,50,0.0
125,15,0.0
125,5,0.0
125,4,0.0
125,48,0.0
125,49,0.0
125,34,0.0
125,35,0.0
201,22,0.0
201,27,0.0
201,50,0.0
201,15,0.0
201,5,0.0
201,4,0.0
201,48,0.0
201,49,0.0
201,34,0.0
201,35,0.0
147,22,0.0
147,27,0.0
147,50,0.0
147,15,0.0
147,5,0.0
147,4,0.0
147,48,0.0
147,49,0.0
147,34,0.0
147,35,0.0
206,22,0.0
206,27,0.0
206,50,0.0
206,15,0.0
206,5,0.0
206,4,0.0
206,48,0.0
206,49,0.0
206,34,0.0
206,35,0.0
101,22,0.0
101,27,0.0
101,50,0.0
101,15,0.0
101,5,0.0
101,4,0.0
101,48,0.0
101,49,0.0
101,34,0.0
101,35,0.0
190,22,0.0
190,27,0.0
190,50,0.0
190,15,0.0
190,5,0.0
190,4,0.0
190,48,0.0
190,49,0.0
190,34,0.0
190,35,0.0
221,22,0.0
221,27,0.0
221,15,0.0
221,5,0.0
221,4,0.0
221,48,0.0
221,49,0.0
221,34,0.0
221,35,0.0
221,46,0.0
148,22,0.0
148,27,0.0
148,50,0.0
148,15,0.0
148,5,0.0
148,4,0.0
148,48,0.0
148,49,0.0
148,34,0.0
148,35,0.0
122,22,0.0
122,27,0.0
122,50,0.0
122,15,0.0
122,5,0.0
122,4,0.0
122,48,0.0
122,49,0.0
122,34,0.0
122,35,0.0
118,22,0.0
118,27,0.0
118,50,0.0
118,15,0.0
118,5,0.0
118,4,0.0
118,48,0.0
118,49,0.0
118,34,0.0
118,35,0.0
123,22,0.0
123,27,0.0
123,50,0.0
123,15,0.0
123,5,0.0
123,4,0.0
123,48,0.0
123,49,0.0
123,34,0.0
123,35,0.0
183,22,0.0
183,27,0.0
183,50,0.0
183,15,0.0
183,5,0.0
183,4,0.0
183,48,0.0
183,49,0.0
183,34,0.0
183,35,0.0
171,22,0.0
171,27,0.0
171,50,0.0
171,15,0.0
171,5,0.0
171,4,0.0
171,48,0.0
171,49,0.0
171,34,0.0
171,35,0.0
97,22,0.0
97,27,0.0
97,50,0.0
97,15,0.0
97,5,0.0
97,4,0.0
97,48,0.0
97,49,0.0
97,34,0.0
97,35,0.0
158,22,0.0
158,27,0.0
158,50,0.0
158,15,0.0
158,5,0.0
158,4,0.0
158,48,0.0
158,49,0.0
158,34,0.0
158,35,0.0
102,22,0.0
102,27,0.0
102,50,0.0
102,15,0.0
102,5,0.0
102,4,0.0
102,48,0.0
102,49,0.0
102,34,0.0
102,35,0.0
107,22,0.0
107,27,0.0
107,50,0.0
107,15,0.0
107,5,0.0
107,4,0.0
107,48,0.0
107,49,0.0
107,34,0.0
107,35,0.0
121,22,0.0
121,27,0.0
121,15,0.0
121,5,0.0
121,4,0.0
121,48,0.0
121,49,0.0
121,34,0.0
121,35,0.0
121,46,0.0
133,22,0.0
133,27,0.0
133,50,0.0
133,15,0.0
133,5,0.0
133,4,0.0
133,48,0.0
133,49,0.0
133,34,0.0
133,35,0.0
132,22,0.0
132,27,0.0
132,50,0.0
132,15,0.0
132,5,0.0
132,4,0.0
132,48,0.0
132,49,0.0
132,34,0.0
132,35,0.0
204,22,0.0
204,27,0.0
204,50,0.0
204,15,0.0
204,5,0.0
204,4,0.0
204,48,0.0
204,49,0.0
204,34,0.0
204,35,0.0
135,22,0.0
135,27,0.0
135,50,0.0
135,15,0.0
135,5,0.0
135,4,0.0
135,48,0.0
135,49,0.0
135,34,0.0
135,35,0.0
167,22,0.0
167,27,0.0
167,50,0.0
167,15,0.0
167,5,0.0
167,4,0.0
167,48,0.0
167,49,0.0
167,34,0.0
167,35,0.0
100,22,0.0
100,27,0.0
100,50,0.0
100,15,0.0
100,5,0.0
100,4,0.0
100,48,0.0
100,49,0.0
100,34,0.0
100,35,0.0
224,22,0.0
224,27,0.0
224,50,0.0
224,15,0.0
224,5,0.0
224,4,0.0
224,48,0.0
224,49,0.0
224,34,0.0
224,35,0.0
238,22,0.0
238,27,0.0
238,50,0.0
238,15,0.0
238,5,0.0
238,4,0.0
238,48,0.0
238,49,0.0
238,34,0.0
238,35,0.0
199,22,0.0
199,27,0.0
199,50,0.0
199,15,0.0
199,5,0.0
199,4,0.0
199,48,0.0
199,49,0.0
199,34,0.0
199,35,0.0
196,22,0.0
196,27,0.0
196,50,0.0
196,15,0.0
196,5,0.0
196,4,0.0
196,48,0.0
196,49,0.0
196,34,0.0
196,35,0.0
124,22,0.0
124,27,0.0
124,50,0.0
124,15,0.0
124,5,0.0
124,4,0.0
124,48,0.0
124,49,0.0
124,34,0.0
124,35,0.0
108,22,0.0
108,27,0.0
108,50,0.0
108,15,0.0
108,5,0.0
108,4,0.0
108,48,0.0
108,49,0.0
108,34,0.0
108,35,0.0
120,22,0.0
120,27,0.0
120,50,0.0
120,15,0.0
120,5,0.0
120,4,0.0
120,48,0.0
120,49,0.0
120,34,0.0
120,35,0.0
215,22,0.0
215,27,0.0
215,50,0.0
215,15,0.0
215,5,0.0
215,4,0.0
215,48,0.0
215,49,0.0
215,34,0.0
215,35,0.0
134,22,0.0
134,27,0.0
134,50,0.0
134,15,0.0
134,5,0.0
134,4,0.0
134,48,0.0
134,49,0.0
134,34,0.0
134,35,0.0
216,22,0.0
216,27,0.0
216,50,0.0
216,15,0.0
216,5,0.0
216,4,0.0
216,48,0.0
216,49,0.0
216,34,0.0
216,35,0.0
96,22,0.0
96,27,0.0
96,50,0.0
96,15,0.0
96,5,0.0
96,4,0.0
96,48,0.0
96,49,0.0
96,34,0.0
96,35,0.0
200,22,0.0
200,27,0.0
200,50,0.0
200,15,0.0
200,5,0.0
200,4,0.0
200,48,0.0
200,49,0.0
200,34,0.0
200,35,0.0
236,22,0.0
236,27,0.0
236,50,0.0
236,15,0.0
236,5,0.0
236,4,0.0
236,48,0.0
236,49,0.0
236,34,0.0
236,35,0.0
126,22,0.0
126,27,0.0
126,50,0.0
126,15,0.0
126,5,0.0
126,4,0.0
126,48,0.0
126,49,0.0
126,34,0.0
126,35,0.0
140,22,0.0
140,27,0.0
140,50,0.0
140,15,0.0
140,5,0.0
140,4,0.0
140,48,0.0
140,49,0.0
140,34,0.0
140,35,0.0
149,22,0.0
149,27,0.0
149,50,0.0
149,15,0.0
149,5,0.0
149,4,0.0
149,48,0.0
149,49,0.0
149,34,0.0
149,35,0.0
178,22,0.0
178,27,0.0
178,50,0.0
178,15,0.0
178,5,0.0
178,4,0.0
178,48,0.0
178,49,0.0
178,34,0.0
178,35,0.0
155,22,0.0
155,27,0.0
155,50,0.0
155,15,0.0
155,5,0.0
155,4,0.0
155,48,0.0
155,49,0.0
155,34,0.0
155,35,0.0
153,22,0.0
153,27,0.0
153,50,0.0
153,15,0.0
153,5,0.0
153,4,0.0
153,48,0.0
153,49,0.0
153,34,0.0
153,35,0.0
157,22,0.0
157,27,0.0
157,50,0.0
157,15,0.0
157,5,0.0
157,4,0.0
157,48,0.0
157,49,0.0
157,34,0.0
157,35,0.0
110,22,0.0
110,27,0.0
110,50,0.0
110,15,0.0
110,5,0.0
110,4,0.0
110,48,0.0
110,49,0.0
110,34,0.0
110,35,0.0
105,22,0.0
105,27,0.0
105,50,0.0
105,15,0.0
105,5,0.0
105,4,0.0
105,48,0.0
105,49,0.0
105,34,0.0
105,35,0.0
131,22,0.0
131,27,0.0
131,50,0.0
131,15,0.0
131,5,0.0
131,4,0.0
131,48,0.0
131,49,0.0
131,34,0.0
131,35,0.0
181,22,0.0
181,27,0.0
181,50,0.0
181,15,0.0
181,5,0.0
181,4,0.0
181,48,0.0
181,49,0.0
181,34,0.0
181,35,0.0
106,22,0.0
106,27,0.0
106,50,0.0
106,15,0.0
106,5,0.0
106,4,0.0
106,48,0.0
106,49,0.0
106,34,0.0
106,35,0.0
179,22,0.0
179,27,0.0
179,50,0.0
179,15,0.0
179,5,0.0
179,4,0.0
179,48,0.0
179,49,0.0
179,34,0.0
179,35,0.0
174,22,0.0
174,27,0.0
174,50,0.0
174,15,0.0
174,5,0.0
174,4,0.0
174,48,0.0
174,49,0.0
174,34,0.0
174,35,0.0
185,22,0.0
185,27,0.0
185,50,0.0
185,15,0.0
185,5,0.0
185,4,0.0
185,48,0.0
185,49,0.0
185,34,0.0
185,35,0.0
186,22,0.0
186,27,0.0
186,50,0.0
186,15,0.0
186,5,0.0
186,4,0.0
186,48,0.0
186,49,0.0
186,34,0.0
186,35,0.0
104,22,0.0
104,27,0.0
104,15,0.0
104,5,0.0
104,4,0.0
104,48,0.0
104,49,0.0
104,34,0.0
104,35,0.0
104,46,0.0
219,22,0.0
219,27,0.0
219,50,0.0
219,15,0.0
219,5,0.0
219,4,0.0
219,48,0.0
219,49,0.0
219,34,0.0
219,35,0.0
209,22,0.0
209,27,0.0
209,50,0.0
209,15,0.0
209,5,0.0
209,4,0.0
209,48,0.0
209,49,0.0
209,34,0.0
209,35,0.0
182,22,0.0
182,27,0.0
182,50,0.0
182,15,0.0
182,5,0.0
182,4,0.0
182,48,0.0
182,49,0.0
182,34,0.0
182,35,0.0
184,22,0.0
184,27,0.0
184,50,0.0
184,15,0.0
184,5,0.0
184,4,0.0
184,48,0.0
184,49,0.0
184,34,0.0
184,35,0.0
95,22,0.0
95,27,0.0
95,50,0.0
95,15,0.0
95,5,0.0
95,4,0.0
95,48,0.0
95,49,0.0
95,34,0.0
95,35,0.0
192,22,0.0
192,27,0.0
192,50,0.0
192,15,0.0
192,5,0.0
192,4,0.0
192,48,0.0
192,49,0.0
192,34,0.0
192,35,0.0
156,22,0.0
156,27,0.0
156,50,0.0
156,15,0.0
156,5,0.0
156,4,0.0
156,48,0.0
156,49,0.0
156,34,0.0
156,35,0.0
239,22,0.0
239,27,0.0
239,50,0.0
239,15,0.0
239,5,0.0
239,4,0.0
239,48,0.0
239,49,0.0
239,34,0.0
239,35,0.0
129,22,0.0
129,27,0.0
129,50,0.0
129,15,0.0
129,5,0.0
129,4,0.0
129,48,0.0
129,49,0.0
129,34,0.0
129,35,0.0
161,22,0.0
161,27,0.0
161,50,0.0
161,15,0.0
161,5,0.0
161,4,0.0
161,48,0.0
161,49,0.0
161,34,0.0
161,35,0.0
180,22,0.0
180,27,0.0
180,50,0.0
180,15,0.0
180,5,0.0
180,4,0.0
180,48,0.0
180,49,0.0
180,34,0.0
180,35,0.0
218,22,0.0
218,27,0.0
218,50,0.0
218,15,0.0
218,5,0.0
218,4,0.0
218,48,0.0
218,49,0.0
218,34,0.0
218,35,0.0
211,22,0.0
211,27,0.0
211,50,0.0
211,15,0.0
211,5,0.0
211,4,0.0
211,48,0.0
211,49,0.0
211,34,0.0
211,35,0.0
146,22,0.0
146,27,0.0
146,15,0.0
146,5,0.0
146,4,0.0
146,48,0.0
146,49,0.0
146,34,0.0
146,35,0.0
146,46,0.0
193,22,0.0
193,27,0.0
193,50,0.0
193,15,0.0
193,5,0.0
193,4,0.0
193,48,0.0
193,49,0.0
193,34,0.0
193,35,0.0
160,22,0.0
160,27,0.0
160,15,0.0
160,5,0.0
160,4,0.0
160,48,0.0
160,49,0.0
160,34,0.0
160,35,0.0
160,46,0.0
222,22,0.0
222,27,0.0
222,50,0.0
222,15,0.0
222,5,0.0
222,4,0.0
222,48,0.0
222,49,0.0
222,34,0.0
222,35,0.0
234,22,0.0
234,27,0.0
234,15,0.0
234,5,0.0
234,4,0.0
234,48,0.0
234,49,0.0
234,34,0.0
234,35,0.0
234,46,0.0
233,22,0.0
233,27,0.0
233,15,0.0
233,5,0.0
233,4,0.0
233,48,0.0
233,49,0.0
233,34,0.0
233,35,0.0
233,46,0.0
103,22,0.0
103,27,0.0
103,50,0.0
103,15,0.0
103,5,0.0
103,4,0.0
103,48,0.0
103,49,0.0
103,34,0.0
103,35,0.0
189,22,0.0
189,27,0.0
189,50,0.0
189,15,0.0
189,5,0.0
189,4,0.0
189,48,0.0
189,49,0.0
189,34,0.0
189,35,0.0
166,22,0.0
166,27,0.0
166,50,0.0
166,15,0.0
166,5,0.0
166,4,0.0
166,48,0.0
166,49,0.0
166,34,0.0
166,35,0.0
143,22,0.0
143,27,0.0
143,50,0.0
143,15,0.0
143,5,0.0
143,4,0.0
143,48,0.0
143,49,0.0
143,34,0.0
143,35,0.0
159,22,0.0
159,27,0.0
159,50,0.0
159,15,0.0
159,5,0.0
159,4,0.0
159,48,0.0
159,49,0.0
159,34,0.0
159,35,0.0
173,22,0.0
173,27,0.0
173,50,0.0
173,15,0.0
173,5,0.0
173,4,0.0
173,48,0.0
173,49,0.0
173,34,0.0
173,35,0.0
142,22,0.0
142,27,0.0
142,50,0.0
142,15,0.0
142,5,0.0
142,4,0.0
142,48,0.0
142,49,0.0
142,34,0.0
142,35,0.0
232,22,0.0
232,27,0.0
232,50,0.0
232,15,0.0
232,5,0.0
232,4,0.0
232,48,0.0
232,49,0.0
232,34,0.0
232,35,0.0
119,22,0.0
119,27,0.0
119,50,0.0
119,15,0.0
119,5,0.0
119,4,0.0
119,48,0.0
119,49,0.0
119,34,0.0
119,35,0.0
141,22,0.0
141,27,0.0
141,50,0.0
141,15,0.0
141,5,0.0
141,4,0.0
141,48,0.0
141,49,0.0
141,34,0.0
141,35,0.0
154,22,0.0
154,27,0.0
154,50,0.0
154,15,0.0
154,5,0.0
154,4,0.0
154,48,0.0
154,49,0.0
154,34,0.0
154,35,0.0
151,22,0.0
151,27,0.0
151,50,0.0
151,15,0.0
151,5,0.0
151,4,0.0
151,48,0.0
151,49,0.0
151,34,0.0
151,35,0.0
116,22,0.0
116,27,0.0
116,50,0.0
116,15,0.0
116,5,0.0
116,4,0.0
116,48,0.0
116,49,0.0
116,34,0.0
116,35,0.0
220,22,0.0
220,27,0.0
220,50,0.0
220,15,0.0
220,5,0.0
220,4,0.0
220,48,0.0
220,49,0.0
220,34,0.0
220,35,0.0
150,22,0.0
150,27,0.0
150,15,0.0
150,5,0.0
150,4,0.0
150,48,0.0
150,49,0.0
150,34,0.0
150,35,0.0
150,46,0.0
137,22,0.0
137,27,0.0
137,50,0.0
137,15,0.0
137,5,0.0
137,4,0.0
137,48,0.0
137,49,0.0
137,34,0.0
137,35,0.0
138,22,0.0
138,27,0.0
138,50,0.0
138,15,0.0
138,5,0.0
138,4,0.0
138,48,0.0
138,49,0.0
138,34,0.0
138,35,0.0
225,22,0.0
225,27,0.0
225,50,0.0
225,15,0.0
225,5,0.0
225,4,0.0
225,48,0.0
225,49,0.0
225,34,0.0
225,35,0.0
144,22,0.0
144,27,0.0
144,15,0.0
144,5,0.0
144,4,0.0
144,48,0.0
144,49,0.0
144,34,0.0
144,35,0.0
144,46,0.0
145,22,0.0
145,27,0.0
145,50,0.0
145,15,0.0
145,5,0.0
145,4,0.0
145,48,0.0
145,49,0.0
145,34,0.0
145,35,0.0
226,22,0.0
226,27,0.0
226,50,0.0
226,15,0.0
226,5,0.0
226,4,0.0
226,48,0.0
226,49,0.0
226,34,0.0
226,35,0.0
230,22,0.0
230,27,0.0
230,50,0.0
230,15,0.0
230,5,0.0
230,4,0.0
230,48,0.0
230,49,0.0
230,34,0.0
230,35,0.0
99,22,0.0
99,27,0.0
99,15,0.0
99,5,0.0
99,4,0.0
99,48,0.0
99,49,0.0
99,34,0.0
99,35,0.0
99,46,0.0
172,22,0.0
172,27,0.0
172,50,0.0
172,15,0.0
172,5,0.0
172,4,0.0
172,48,0.0
172,49,0.0
172,34,0.0
172,35,0.0
212,22,0.0
212,27,0.0
212,50,0.0
212,15,0.0
212,5,0.0
212,4,0.0
212,48,0.0
212,49,0.0
212,34,0.0
212,35,0.0
169,22,0.0
169,27,0.0
169,50,0.0
169,15,0.0
169,5,0.0
169,4,0.0
169,48,0.0
169,49,0.0
169,34,0.0
169,35,0.0
188,22,0.0
188,27,0.0
188,50,0.0
188,15,0.0
188,5,0.0
188,4,0.0
188,48,0.0
188,49,0.0
188,34,0.0
188,35,0.0
128,22,0.0
128,27,0.0
128,50,0.0
128,15,0.0
128,5,0.0
128,4,0.0
128,48,0.0
128,49,0.0
128,34,0.0
128,35,0.0
170,22,0.0
170,27,0.0
170,50,0.0
170,15,0.0
170,5,0.0
170,4,0.0
170,48,0.0
170,49,0.0
170,34,0.0
170,35,0.0
162,22,0.0
162,27,0.0
162,50,0.0
162,15,0.0
162,5,0.0
162,4,0.0
162,48,0.0
162,49,0.0
162,34,0.0
162,35,0.0
217,22,0.0
217,27,0.0
217,50,0.0
217,15,0.0
217,5,0.0
217,4,0.0
217,48,0.0
217,49,0.0
217,34,0.0
217,35,0.0
112,22,0.0
112,27,0.0
112,15,0.0
112,5,0.0
112,4,0.0
112,48,0.0
112,49,0.0
112,34,0.0
112,35,0.0
112,46,0.0
175,22,0.0
175,27,0.0
175,50,0.0
175,15,0.0
175,5,0.0
175,4,0.0
175,48,0.0
175,49,0.0
175,34,0.0
175,35,0.0
177,22,0.0
177,27,0.0
177,50,0.0
177,15,0.0
177,5,0.0
177,4,0.0
177,48,0.0
177,49,0.0
177,34,0.0
177,35,0.0
194,22,0.0
194,27,0.0
194,50,0.0
194,15,0.0
194,5,0.0
194,4,0.0
194,48,0.0
194,49,0.0
194,34,0.0
194,35,0.0
210,22,0.0
210,27,0.0
210,50,0.0
210,15,0.0
210,5,0.0
210,4,0.0
210,48,0.0
210,49,0.0
210,34,0.0
210,35,0.0
229,22,0.0
229,27,0.0
229,50,0.0
229,15,0.0
229,5,0.0
229,4,0.0
229,48,0.0
229,49,0.0
229,34,0.0
229,35,0.0
114,22,0.0
114,27,0.0
114,50,0.0
114,15,0.0
114,5,0.0
114,4,0.0
114,48,0.0
114,49,0.0
114,34,0.0
114,35,0.0
237,22,0.0
237,27,0.0
237,50,0.0
237,15,0.0
237,5,0.0
237,4,0.0
237,48,0.0
237,49,0.0
237,34,0.0
237,35,0.0
136,22,0.0
136,27,0.0
136,50,0.0
136,15,0.0
136,5,0.0
136,4,0.0
136,48,0.0
136,49,0.0
136,34,0.0
136,35,0.0
208,22,0.0
208,27,0.0
208,50,0.0
208,15,0.0
208,5,0.0
208,4,0.0
208,48,0.0
208,49,0.0
208,34,0.0
208,35,0.0
207,22,0.0
207,27,0.0
207,50,0.0
207,15,0.0
207,5,0.0
207,4,0.0
207,48,0.0
207,49,0.0
207,34,0.0
207,35,0.0
191,22,0.0
191,27,0.0
191,50,0.0
191,15,0.0
191,5,0.0
191,4,0.0
191,48,0.0
191,49,0.0
191,34,0.0
191,35,0.0
168,22,0.0
168,27,0.0
168,50,0.0
168,15,0.0
168,5,0.0
168,4,0.0
168,48,0.0
168,49,0.0
168,34,0.0
168,35,0.0
227,22,0.0
227,27,0.0
227,50,0.0
227,15,0.0
227,5,0.0
227,4,0.0
227,48,0.0
227,49,0.0
227,34,0.0
227,35,0.0
231,22,0.0
231,27,0.0
231,50,0.0
231,15,0.0
231,5,0.0
231,4,0.0
231,48,0.0
231,49,0.0
231,34,0.0
231,35,0.0
117,22,0.0
117,27,0.0
117,50,0.0
117,15,0.0
117,5,0.0
117,4,0.0
117,48,0.0
117,49,0.0
117,34,0.0
117,35,0.0
163,22,0.0
163,27,0.0
163,50,0.0
163,15,0.0
163,5,0.0
163,4,0.0
163,48,0.0
163,49,0.0
163,34,0.0
163,35,0.0
176,22,0.0
176,27,0.0
176,50,0.0
176,15,0.0
176,5,0.0
176,4,0.0
176,48,0.0
176,49,0.0
176,34,0.0
176,35,0.0
165,22,0.0
165,27,0.0
165,50,0.0
165,15,0.0
165,5,0.0
165,4,0.0
165,48,0.0
165,49,0.0
165,34,0.0
165,35,0.0
127,22,0.0
127,27,0.0
127,50,0.0
127,15,0.0
127,5,0.0
127,4,0.0
127,48,0.0
127,49,0.0
127,34,0.0
127,35,0.0
94,22,0.0
94,27,0.0
94,15,0.0
94,5,0.0
94,4,0.0
94,48,0.0
94,49,0.0
94,34,0.0
94,35,0.0
94,46,0.0
223,22,0.0
223,27,0.0
223,50,0.0
223,15,0.0
223,5,0.0
223,4,0.0
223,48,0.0
223,49,0.0
223,34,0.0
223,35,0.0
235,22,0.0
235,27,0.0
235,50,0.0
235,15,0.0
235,5,0.0
235,4,0.0
235,48,0.0
235,49,0.0
235,34,0.0
235,35,0.0
202,22,0.0
202,27,0.0
202,50,0.0
202,15,0.0
202,5,0.0
202,4,0.0
202,48,0.0
202,49,0.0
202,34,0.0
202,35,0.0
205,22,0.0
205,27,0.0
205,50,0.0
205,15,0.0
205,5,0.0
205,4,0.0
205,48,0.0
205,49,0.0
205,34,0.0
205,35,0.0
109,22,0.0
109,27,0.0
109,15,0.0
109,5,0.0
109,4,0.0
109,48,0.0
109,49,0.0
109,34,0.0
109,35,0.0
109,46,0.0
130,22,0.0
130,27,0.0
130,50,0.0
130,15,0.0
130,5,0.0
130,4,0.0
130,48,0.0
130,49,0.0
130,34,0.0
130,35,0.0
111,22,0.0
111,27,0.0
111,50,0.0
111,15,0.0
111,5,0.0
111,4,0.0
111,48,0.0
111,49,0.0
111,34,0.0
111,35,0.0
228,22,0.0
228,27,0.0
228,50,0.0
228,15,0.0
228,5,0.0
228,4,0.0
228,48,0.0
228,49,0.0
228,34,0.0
228,35,0.0
115,22,0.0
115,27,0.0
115,50,0.0
115,15,0.0
115,5,0.0
115,4,0.0
115,48,0.0
115,49,0.0
115,34,0.0
115,35,0.0
213,22,0.0
213,27,0.0
213,50,0.0
213,15,0.0
213,5,0.0
213,4,0.0
213,48,0.0
213,49,0.0
213,34,0.0
213,35,0.0
214,22,0.0
214,27,0.0
214,50,0.0
214,15,0.0
214,5,0.0
214,4,0.0
214,48,0.0
214,49,0.0
214,34,0.0
214,35,0.0
98,22,0.0
98,27,0.0
98,50,0.0
98,15,0.0
98,5,0.0
98,4,0.0
98,48,0.0
98,49,0.0
98,34,0.0
98,35,0.0
244,22,0.0
244,27,0.0
244,50,0.0
244,15,0.0
244,5,0.0
244,4,0.0
244,48,0.0
244,49,0.0
244,34,0.0
244,35,0.0
241,22,0.0
241,27,0.0
241,50,0.0
241,15,0.0
241,5,0.0
241,4,0.0
241,48,0.0
241,49,0.0
241,34,0.0
241,35,0.0
243,22,0.0
243,27,0.0
243,50,0.0
243,15,0.0
243,5,0.0
243,4,0.0
243,48,0.0
243,49,0.0
243,34,0.0
243,35,0.0
245,22,0.0
245,50,0.0
245,15,0.0
245,5,0.0
245,4,0.0
245,48,0.0
245,49,0.0
245,34,0.0
245,35,0.0
245,46,0.0
265,22,0.0
265,27,0.0
265,50,0.0
265,15,0.0
265,5,0.0
265,4,0.0
265,48,0.0
265,49,0.0
265,34,0.0
265,35,0.0
246,22,0.0
246,27,0.0
246,50,0.0
246,15,0.0
246,5,0.0
246,4,0.0
246,48,0.0
246,49,0.0
246,34,0.0
246,35,0.0
247,22,0.0
247,27,0.0
247,50,0.0
247,15,0.0
247,5,0.0
247,4,0.0
247,48,0.0
247,49,0.0
247,34,0.0
247,35,0.0
240,22,0.0
240,27,0.0
240,50,0.0
240,15,0.0
240,5,0.0
240,4,0.0
240,48,0.0
240,49,0.0
240,34,0.0
240,35,0.0
264,22,0.0
264,27,0.0
264,50,0.0
264,15,0.0
264,5,0.0
264,4,0.0
264,48,0.0
264,49,0.0
264,34,0.0
264,35,0.0
248,22,0.0
248,27,0.0
248,50,0.0
248,15,0.0
248,5,0.0
248,4,0.0
248,48,0.0
248,49,0.0
248,34,0.0
248,35,0.0
252,22,0.0
252,27,0.0
252,50,0.0
252,15,0.0
252,5,0.0
252,4,0.0
252,48,0.0
252,49,0.0
252,34,0.0
252,35,0.0
254,22,0.0
254,27,0.0
254,50,0.0
254,15,0.0
254,5,0.0
254,4,0.0
254,48,0.0
254,49,0.0
254,34,0.0
254,35,0.0
250,22,0.0
250,27,0.0
250,50,0.0
250,15,0.0
250,5,0.0
250,4,0.0
250,48,0.0
250,49,0.0
250,34,0.0
250,35,0.0
257,22,0.0
257,27,0.0
257,50,0.0
257,15,0.0
257,5,0.0
257,4,0.0
257,48,0.0
257,49,0.0
257,34,0.0
257,35,0.0
255,22,0.0
255,27,0.0
255,50,0.0
255,15,0.0
255,5,0.0
255,4,0.0
255,48,0.0
255,49,0.0
255,34,0.0
255,35,0.0
253,22,0.0
253,27,0.0
253,50,0.0
253,15,0.0
253,5,0.0
253,4,0.0
253,48,0.0
253,49,0.0
253,34,0.0
253,35,0.0
251,22,0.0
251,27,0.0
251,50,0.0
251,15,0.0
251,5,0.0
251,4,0.0
251,48,0.0
251,49,0.0
251,34,0.0
251,35,0.0
242,22,0.0
242,27,0.0
242,50,0.0
242,15,0.0
242,5,0.0
242,4,0.0
242,48,0.0
242,49,0.0
242,34,0.0
242,35,0.0
249,22,0.0
249,27,0.0
249,50,0.0
249,15,0.0
249,5,0.0
249,4,0.0
249,48,0.0
249,49,0.0
249,34,0.0
249,35,0.0
258,22,0.0
258,27,0.0
258,50,0.0
258,15,0.0
258,5,0.0
258,4,0.0
258,48,0.0
258,49,0.0
258,34,0.0
258,35,0.0
256,22,0.0
256,27,0.0
256,50,0.0
256,15,0.0
256,5,0.0
256,4,0.0
256,48,0.0
256,49,0.0
256,34,0.0
256,35,0.0
259,22,0.0
259,27,0.0
259,50,0.0
259,15,0.0
259,5,0.0
259,4,0.0
259,48,0.0
259,49,0.0
259,34,0.0
259,35,0.0
260,22,0.0
260,27,0.0
260,50,0.0
260,15,0.0
260,5,0.0
260,4,0.0
260,48,0.0
260,49,0.0
260,34,0.0
260,35,0.0
261,22,0.0
261,27,0.0
261,50,0.0
261,15,0.0
261,5,0.0
261,4,0.0
261,48,0.0
261,49,0.0
261,34,0.0
261,35,0.0
262,22,0.0
262,27,0.0
262,50,0.0
262,15,0.0
262,5,0.0
262,4,0.0
262,48,0.0
262,49,0.0
262,34,0.0
262,35,0.0
263,22,0.0
263,27,0.0
263,50,0.0
263,15,0.0
263,5,0.0
263,4,0.0
263,48,0.0
263,49,0.0
263,34,0.0
263,35,0.0
77,22,0.0
77,27,0.0
77,50,0.0
77,5,0.0
77,4,0.0
77,48,0.0
77,49,0.0
77,34,0.0
77,35,0.0
77,46,0.0
76,22,0.0
76,27,0.0
76,50,0.0
76,15,0.0
76,5,0.0
76,4,0.0
76,48,0.0
76,49,0.0
76,34,0.0
76,35,0.0
70,22,0.0
70,27,0.0
70,50,0.0
70,15,0.0
70,5,0.0
70,4,0.0
70,48,0.0
70,49,0.0
70,34,0.0
70,35,0.0
69,22,0.0
69,27,0.0
69,50,0.0
69,15,0.0
69,5,0.0
69,4,0.0
69,48,0.0
69,49,0.0
69,34,0.0
69,35,0.0
71,22,0.0
71,27,0.0
71,50,0.0
71,15,0.0
71,5,0.0
71,4,0.0
71,48,0.0
71,49,0.0
71,34,0.0
71,35,0.0
72,22,0.0
72,27,0.0
72,50,0.0
72,15,0.0
72,5,0.0
72,4,0.0
72,48,0.0
72,49,0.0
72,34,0.0
72,35,0.0
73,22,0.0
73,27,0.0
73,50,0.0
73,15,0.0
73,5,0.0
73,4,0.0
73,48,0.0
73,49,0.0
73,34,0.0
73,35,0.0
75,22,0.0
75,27,0.0
75,50,0.0
75,15,0.0
75,5,0.0
75,4,0.0
75,48,0.0
75,49,0.0
75,34,0.0
75,35,0.0
74,22,0.0
74,27,0.0
74,50,0.0
74,15,0.0
74,5,0.0
74,4,0.0
74,48,0.0
74,49,0.0
74,34,0.0
74,35,0.0
12,22,0.0
12,27,0.0
12,50,0.0
12,15,0.0
12,5,0.0
12,4,0.0
12,48,0.0
12,49,0.0
12,35,0.0
12,46,0.0
1,22,0.0
1,27,0.0
1,50,0.0
1,15,0.0
1,5,0.0
1,4,0.0
1,48,0.0
1,49,0.0
1,34,0.0
1,35,0.0
15,22,0.0
15,27,0.0
15,50,0.0
15,15,0.0
15,5,0.0
15,4,0.0
15,48,0.0
15,49,0.0
15,35,0.0
15,46,0.0
16,22,0.0
16,27,0.0
16,50,0.0
16,15,0.0
16,5,0.0
16,4,0.0
16,48,0.0
16,49,0.0
16,34,0.0
16,35,0.0
27,22,0.0
27,27,0.0
27,50,0.0
27,15,0.0
27,5,0.0
27,4,0.0
27,48,0.0
27,49,0.0
27,34,0.0
27,35,0.0
18,22,0.0
18,50,0.0
18,15,0.0
18,5,0.0
18,4,0.0
18,48,0.0
18,49,0.0
18,34,0.0
18,35,0.0
18,46,0.0
38,22,0.0
38,27,0.0
38,50,0.0
38,15,0.0
38,5,0.0
38,4,0.0
38,48,0.0
38,49,0.0
38,34,0.0
38,35,0.0
19,22,0.0
19,27,0.0
19,50,0.0
19,15,0.0
19,5,0.0
19,4,0.0
19,48,0.0
19,49,0.0
19,34,0.0
19,35,0.0
32,22,0.0
32,27,0.0
32,50,0.0
32,15,0.0
32,5,0.0
32,4,0.0
32,48,0.0
32,49,0.0
32,34,0.0
32,35,0.0
9,22,0.0
9,27,0.0
9,50,0.0
9,15,0.0
9,5,0.0
9,4,0.0
9,48,0.0
9,49,0.0
9,34,0.0
9,35,0.0
28,22,0.0
28,27,0.0
28,50,0.0
28,15,0.0
28,5,0.0
28,4,0.0
28,48,0.0
28,49,0.0
28,34,0.0
28,35,0.0
5,22,0.0
5,27,0.0
5,50,0.0
5,15,0.0
5,5,0.0
5,4,0.0
5,48,0.0
5,49,0.0
5,34,0.0
5,35,0.0
49,22,0.0
49,27,0.0
49,50,0.0
49,15,0.0
49,5,0.0
49,4,0.0
49,48,0.0
49,49,0.0
49,34,0.0
49,35,0.0
17,22,0.0
17,27,0.0
17,50,0.0
17,15,0.0
17,5,0.0
17,4,0.0
17,48,0.0
17,49,0.0
17,35,0.0
17,46,0.0
20,22,0.0
20,27,0.0
20,50,0.0
20,15,0.0
20,5,0.0
20,4,0.0
20,48,0.0
20,49,0.0
20,34,0.0
20,35,0.0
33,22,0.0
33,27,0.0
33,50,0.0
33,15,0.0
33,5,0.0
33,4,0.0
33,48,0.0
33,49,0.0
33,34,0.0
33,35,0.0
21,22,0.0
21,27,0.0
21,50,0.0
21,15,0.0
21,5,0.0
21,4,0.0
21,48,0.0
21,49,0.0
21,34,0.0
21,35,0.0
31,22,0.0
31,27,0.0
31,50,0.0
31,15,0.0
31,5,0.0
31,4,0.0
31,48,0.0
31,49,0.0
31,34,0.0
31,35,0.0
34,22,0.0
34,27,0.0
34,50,0.0
34,15,0.0
34,5,0.0
34,4,0.0
34,48,0.0
34,49,0.0
34,34,0.0
34,35,0.0
8,22,0.0
8,27,0.0
8,50,0.0
8,15,0.0
8,5,0.0
8,4,0.0
8,48,0.0
8,49,0.0
8,34,0.0
8,35,0.0
2,22,0.0
2,27,0.0
2,50,0.0
2,15,0.0
2,5,0.0
2,4,0.0
2,48,0.0
2,49,0.0
2,34,0.0
2,35,0.0
13,22,0.0
13,50,0.0
13,15,0.0
13,5,0.0
13,4,0.0
13,48,0.0
13,49,0.0
13,34,0.0
13,35,0.0
13,46,0.0
3,22,0.0
3,27,0.0
3,50,0.0
3,15,0.0
3,5,0.0
3,4,0.0
3,48,0.0
3,49,0.0
3,34,0.0
3,35,0.0
4,22,0.0
4,27,0.0
4,50,0.0
4,15,0.0
4,5,0.0
4,4,0.0
4,48,0.0
4,49,0.0
4,34,0.0
4,35,0.0
14,22,0.0
14,27,0.0
14,50,0.0
14,15,0.0
14,5,0.0
14,4,0.0
14,48,0.0
14,49,0.0
14,34,0.0
14,35,0.0
39,22,0.0
39,27,0.0
39,50,0.0
39,15,0.0
39,5,0.0
39,4,0.0
39,48,0.0
39,49,0.0
39,34,0.0
39,35,0.0
11,22,0.0
11,27,0.0
11,50,0.0
11,15,0.0
11,5,0.0
11,4,0.0
11,48,0.0
11,49,0.0
11,34,0.0
11,35,0.0
29,22,0.0
29,27,0.0
29,50,0.0
29,15,0.0
29,5,0.0
29,4,0.0
29,48,0.0
29,49,0.0
29,34,0.0
29,35,0.0
37,22,0.0
37,27,0.0
37,50,0.0
37,15,0.0
37,5,0.0
37,4,0.0
37,48,0.0
37,49,0.0
37,34,0.0
37,35,0.0
22,22,0.0
22,27,0.0
22,50,0.0
22,15,0.0
22,5,0.0
22,4,0.0
22,48,0.0
22,49,0.0
22,34,0.0
22,35,0.0
10,22,0.0
10,27,0.0
10,50,0.0
10,15,0.0
10,5,0.0
10,4,0.0
10,48,0.0
10,49,0.0
10,34,0.0
10,35,0.0
23,22,0.0
23,50,0.0
23,15,0.0
23,5,0.0
23,4,0.0
23,48,0.0
23,49,0.0
23,34,0.0
23,35,0.0
23,46,0.0
41,22,0.0
41,27,0.0
41,50,0.0
41,15,0.0
41,5,0.0
41,4,0.0
41,48,0.0
41,49,0.0
41,34,0.0
41,35,0.0
43,22,0.0
43,27,0.0
43,50,0.0
43,15,0.0
43,5,0.0
43,4,0.0
43,48,0.0
43,49,0.0
43,34,0.0
43,35,0.0
25,22,0.0
25,27,0.0
25,50,0.0
25,15,0.0
25,5,0.0
25,4,0.0
25,48,0.0
25,49,0.0
25,35,0.0
25,46,0.0
24,22,0.0
24,27,0.0
24,15,0.0
24,5,0.0
24,4,0.0
24,48,0.0
24,49,0.0
24,34,0.0
24,35,0.0
24,46,0.0
42,22,0.0
42,50,0.0
42,15,0.0
42,5,0.0
42,4,0.0
42,48,0.0
42,49,0.0
42,34,0.0
42,35,0.0
42,46,0.0
40,22,0.0
40,27,0.0
40,50,0.0
40,15,0.0
40,5,0.0
40,4,0.0
40,48,0.0
40,49,0.0
40,34,0.0
40,35,0.0
44,22,0.0
44,27,0.0
44,50,0.0
44,15,0.0
44,5,0.0
44,4,0.0
44,48,0.0
44,49,0.0
44,34,0.0
44,35,0.0
7,22,0.0
7,27,0.0
7,50,0.0
7,15,0.0
7,5,0.0
7,4,0.0
7,48,0.0
7,49,0.0
7,34,0.0
7,35,0.0
45,22,0.0
45,27,0.0
45,50,0.0
45,15,0.0
45,5,0.0
45,4,0.0
45,48,0.0
45,49,0.0
45,34,0.0
45,35,0.0
6,22,0.0
6,27,0.0
6,50,0.0
6,5,0.0
6,4,0.0
6,48,0.0
6,49,0.0
6,34,0.0
6,35,0.0
6,46,0.0
30,22,0.0
30,27,0.0
30,50,0.0
30,15,0.0
30,5,0.0
30,4,0.0
30,48,0.0
30,49,0.0
30,34,0.0
30,35,0.0
46,22,0.0
46,27,0.0
46,50,0.0
46,15,0.0
46,5,0.0
46,4,0.0
46,48,0.0
46,49,0.0
46,34,0.0
46,35,0.0
35,22,0.0
35,27,0.0
35,50,0.0
35,15,0.0
35,5,0.0
35,4,0.0
35,48,0.0
35,49,0.0
35,34,0.0
35,35,0.0
26,22,0.0
26,27,0.0
26,50,0.0
26,15,0.0
26,5,0.0
26,4,0.0
26,48,0.0
26,49,0.0
26,34,0.0
26,35,0.0
47,22,0.0
47,27,0.0
47,50,0.0
47,15,0.0
47,5,0.0
47,4,0.0
47,48,0.0
47,49,0.0
47,34,0.0
47,35,0.0
36,22,0.0
36,27,0.0
36,50,0.0
36,15,0.0
36,5,0.0
36,4,0.0
36,48,0.0
36,49,0.0
36,34,0.0
36,35,0.0
48,22,0.0
48,27,0.0
48,50,0.0
48,15,0.0
48,5,0.0
48,4,0.0
48,48,0.0
48,49,0.0
48,34,0.0
48,35,0.0
280,22,0.0
280,27,0.0
280,50,0.0
280,15,0.0
280,5,0.0
280,4,0.0
280,48,0.0
280,49,0.0
280,34,0.0
280,35,0.0
277,22,0.0
277,27,0.0
277,50,0.0
277,15,0.0
277,5,0.0
277,4,0.0
277,48,0.0
277,49,0.0
277,34,0.0
277,35,0.0
276,22,0.0
276,27,0.0
276,50,0.0
276,15,0.0
276,5,0.0
276,4,0.0
276,48,0.0
276,49,0.0
276,34,0.0
276,35,0.0
278,22,0.0
278,27,0.0
278,50,0.0
278,15,0.0
278,5,0.0
278,4,0.0
278,48,0.0
278,49,0.0
278,34,0.0
278,35,0.0
267,22,0.0
267,27,0.0
267,50,0.0
267,15,0.0
267,5,0.0
267,4,0.0
267,48,0.0
267,49,0.0
267,34,0.0
267,35,0.0
275,22,0.0
275,27,0.0
275,50,0.0
275,15,0.0
275,5,0.0
275,4,0.0
275,48,0.0
275,49,0.0
275,34,0.0
275,35,0.0
283,22,0.0
283,27,0.0
283,50,0.0
283,15,0.0
283,5,0.0
283,4,0.0
283,48,0.0
283,49,0.0
283,34,0.0
283,35,0.0
279,22,0.0
279,27,0.0
279,50,0.0
279,15,0.0
279,5,0.0
279,4,0.0
279,48,0.0
279,49,0.0
279,34,0.0
279,35,0.0
271,22,0.0
271,27,0.0
271,50,0.0
271,15,0.0
271,5,0.0
271,4,0.0
271,48,0.0
271,49,0.0
271,34,0.0
271,35,0.0
274,22,0.0
274,27,0.0
274,50,0.0
274,15,0.0
274,5,0.0
274,4,0.0
274,48,0.0
274,49,0.0
274,34,0.0
274,35,0.0
273,22,0.0
273,27,0.0
273,50,0.0
273,15,0.0
273,5,0.0
273,4,0.0
273,48,0.0
273,49,0.0
273,34,0.0
273,35,0.0
282,22,0.0
282,27,0.0
282,50,0.0
282,15,0.0
282,5,0.0
282,4,0.0
282,48,0.0
282,49,0.0
282,34,0.0
282,35,0.0
270,22,0.0
270,27,0.0
270,50,0.0
270,15,0.0
270,5,0.0
270,4,0.0
270,48,0.0
270,49,0.0
270,34,0.0
270,35,0.0
266,22,0.0
266,27,0.0
266,50,0.0
266,15,0.0
266,5,0.0
266,4,0.0
266,48,0.0
266,49,0.0
266,34,0.0
266,35,0.0
272,22,0.0
272,27,0.0
272,50,0.0
272,15,0.0
272,5,0.0
272,4,0.0
272,48,0.0
272,49,0.0
272,34,0.0
272,35,0.0
281,22,0.0
281,27,0.0
281,50,0.0
281,15,0.0
281,5,0.0
281,4,0.0
281,48,0.0
281,49,0.0
281,34,0.0
281,35,0.0
269,22,0.0
269,50,0.0
269,15,0.0
269,5,0.0
269,4,0.0
269,48,0.0
269,49,0.0
269,34,0.0
269,35,0.0
269,46,0.0
268,22,0.0
268,27,0.0
268,50,0.0
268,15,0.0
268,5,0.0
268,4,0.0
268,48,0.0
268,49,0.0
268,34,0.0
268,35,0.0
52,22,0.0
52,27,0.0
52,50,0.0
52,15,0.0
52,5,0.0
52,4,0.0
52,48,0.0
52,49,0.0
52,34,0.0
52,35,0.0
61,22,0.0
61,27,0.0
61,50,0.0
61,15,0.0
61,5,0.0
61,4,0.0
61,48,0.0
61,49,0.0
61,34,0.0
61,35,0.0
59,22,0.0
59,27,0.0
59,50,0.0
59,5,0.0
59,4,0.0
59,48,0.0
59,49,0.0
59,34,0.0
59,35,0.0
59,46,0.0
53,22,0.0
53,27,0.0
53,50,0.0
53,5,0.0
53,4,0.0
53,48,0.0
53,49,0.0
53,34,0.0
53,35,0.0
53,46,0.0
56,22,0.0
56,27,0.0
56,50,0.0
56,15,0.0
56,5,0.0
56,4,0.0
56,48,0.0
56,49,0.0
56,34,0.0
56,35,0.0
50,22,0.0
50,27,0.0
50,50,0.0
50,15,0.0
50,5,0.0
50,4,0.0
50,48,0.0
50,49,0.0
50,34,0.0
50,35,0.0
57,22,0.0
57,27,0.0
57,50,0.0
57,15,0.0
57,5,0.0
57,4,0.0
57,48,0.0
57,49,0.0
57,34,0.0
57,35,0.0
58,22,0.0
58,27,0.0
58,50,0.0
58,15,0.0
58,5,0.0
58,4,0.0
58,48,0.0
58,49,0.0
58,34,0.0
58,35,0.0
67,22,0.0
67,27,0.0
67,50,0.0
67,15,0.0
67,5,0.0
67,4,0.0
67,48,0.0
67,49,0.0
67,34,0.0
67,35,0.0
68,22,0.0
68,27,0.0
68,50,0.0
68,15,0.0
68,5,0.0
68,4,0.0
68,48,0.0
68,49,0.0
68,34,0.0
68,35,0.0
51,22,0.0
51,27,0.0
51,50,0.0
51,15,0.0
51,5,0.0
51,4,0.0
51,48,0.0
51,49,0.0
51,34,0.0
51,35,0.0
55,22,0.0
55,27,0.0
55,50,0.0
55,15,0.0
55,5,0.0
55,4,0.0
55,48,0.0
55,49,0.0
55,34,0.0
55,35,0.0
65,22,0.0
65,27,0.0
65,50,0.0
65,15,0.0
65,5,0.0
65,4,0.0
65,48,0.0
65,49,0.0
65,34,0.0
65,35,0.0
60,22,0.0
60,27,0.0
60,15,0.0
60,5,0.0
60,4,0.0
60,48,0.0
60,49,0.0
60,34,0.0
60,35,0.0
60,46,0.0
63,22,0.0
63,27,0.0
63,50,0.0
63,15,0.0
63,5,0.0
63,4,0.0
63,48,0.0
63,49,0.0
63,34,0.0
63,35,0.0
62,22,0.0
62,27,0.0
62,50,0.0
62,15,0.0
62,5,0.0
62,4,0.0
62,48,0.0
62,49,0.0
62,34,0.0
62,35,0.0
66,22,0.0
66,27,0.0
66,50,0.0
66,15,0.0
66,5,0.0
66,4,0.0
66,48,0.0
66,49,0.0
66,34,0.0
66,35,0.0
54,22,0.0
54,27,0.0
54,50,0.0
54,15,0.0
54,5,0.0
54,4,0.0
54,48,0.0
54,49,0.0
54,34,0.0
54,35,0.0
64,22,0.0
64,27,0.0
64,50,0.0
64,15,0.0
64,5,0.0
64,4,0.0
64,48,0.0
64,49,0.0
64,34,0.0
64,35,0.0
