22,8703,0.16666666666666666
22,8764,0.16666666666666666
22,18194,0.16666666666666666
22,16678,0.16666666666666666
22,692,0.16666666666666666
22,8707,0.16666666666666666
22,19628,0.16666666666666666
22,3281,0.16666666666666666
22,12414,0.0
22,8001,0.0
27,9657,0.16666666666666666
27,9070,0.16666666666666666
27,19001,0.0
27,18423,0.0
27,19003,0.0
27,12414,0.0
27,5878,0.0
27,8773,0.0
27,8001,0.0
27,7943,0.0
50,7874,0.17958267458705968
50,3955,0.17958267458705968
50,8464,0.17958267458705968
50,10542,0.17958267458705968
50,9929,0.17958267458705968
50,6323,0.17958267458705968
50,679,0.17958267458705968
50,10523,0.16666666666666663
50,19034,0.16666666666666663
50,13582,0.16666666666666663
15,4304,0.16666666666666663
15,8347,0.16666666666666663
15,19001,0.16666666666666663
15,18423,0.16666666666666663
15,7943,0.16666666666666663
15,19003,0.16666666666666663
15,8773,0.16666666666666663
15,12414,0.16666666666666663
15,8001,0.16666666666666663
15,19000,0.16666666666666663
5,9657,0.0
5,9070,0.0
5,19001,0.0
5,18423,0.0
5,5878,0.0
5,19003,0.0
5,8773,0.0
5,12414,0.0
5,8001,0.0
5,7943,0.0
4,9657,0.0
4,9070,0.0
4,19001,0.0
4,18423,0.0
4,5878,0.0
4,19003,0.0
4,8773,0.0
4,12414,0.0
4,8001,0.0
4,7943,0.0
48,9657,0.0
48,9070,0.0
48,18423,0.0
48,5878,0.0
48,19003,0.0
48,8773,0.0
48,12414,0.0
48,8001,0.0
48,7943,0.0
48,8347,0.0
49,9657,0.0
49,9070,0.0
49,19001,0.0
49,18423,0.0
49,5878,0.0
49,19003,0.0
49,8773,0.0
49,12414,0.0
49,8001,0.0
49,7943,0.0
34,4304,0.17958267458705968
34,8347,0.17958267458705968
34,19001,0.17958267458705968
34,18423,0.17958267458705968
34,7943,0.17958267458705968
34,19003,0.17958267458705968
34,8773,0.17958267458705968
34,12414,0.17958267458705968
34,8001,0.17958267458705968
34,19000,0.17958267458705968
35,9657,0.0
35,9070,0.0
35,19001,0.0
35,18423,0.0
35,5878,0.0
35,19003,0.0
35,8773,0.0
35,12414,0.0
35,8001,0.0
35,7943,0.0
46,9657,0.0
46,9070,0.0
46,19001,0.0
46,18423,0.0
46,5878,0.0
46,19003,0.0
46,8773,0.0
46,12414,0.0
46,8001,0.0
46,7943,0.0
41,9657,0.0
41,9070,0.0
41,19001,0.0
41,18423,0.0
41,5878,0.0
41,19003,0.0
41,8773,0.0
41,12414,0.0
41,8001,0.0
41,7943,0.0
