119,15067,7.893909743548579
119,19004,6.707611481288184
119,19003,5.713780300873198
119,2418,5.395850925039408
119,5878,4.953512387761062
119,11894,4.877443409818754
119,7974,4.750357777014573
119,8697,4.708063844993379
119,17779,4.236253584649108
119,15335,3.982875557350847
20,9928,8.084303073796827
20,8342,4.9702030588655255
20,4144,4.4833217021687775
20,17798,4.318813457395304
20,7925,4.013245205620196
20,19048,3.7214607028161115
20,8543,3.692908528587194
20,12411,3.6286043094732077
20,12205,3.4308432023589814
20,17820,3.1002148304100468
399,4,6.093130795497721
399,2418,5.489338456599373
399,8587,5.348999967444564
399,9657,5.067869198678166
399,12231,4.54111028738713
399,8697,4.51714132197472
399,17779,4.3774342595529925
399,17798,4.058243448200523
399,8909,4.0165066898296375
399,15335,3.9268653770364117
476,6323,0.6363636363636365
476,9928,0.6363636363636365
476,2952,0.6363636363636365
476,16209,0.6363636363636365
476,8461,0.5454545454545455
476,19004,0.5454545454545455
476,8587,0.5454545454545455
476,19001,0.5454545454545455
476,964,0.5454545454545455
476,4,0.5454545454545455
264,9657,5.299108943753972
264,516,5.280024835839594
264,5878,5.006454626271795
264,19043,4.892940310703574
264,17779,4.823301420472625
264,12231,4.513667369293414
264,17018,3.9304926692185704
264,12411,3.6955493048991745
264,19030,3.6001043117237206
264,15334,3.404623920638385
200,15067,7.13675697005619
200,19001,6.954766752210502
200,9928,6.817494976084983
200,16209,6.167843414691622
200,8461,5.8147800196539485
200,19003,5.172590479202277
200,2418,5.087228105996682
200,1112,4.4506255335995055
200,516,4.440256567948391
200,18715,4.399891609440013
189,6323,6.891780433276627
189,17777,6.112081503398945
189,8461,5.4938648896897
189,8764,4.901191454280969
189,19003,4.667692871267092
189,9657,4.525842748064612
189,2418,4.123947227866292
189,8342,4.047377050399106
189,7974,3.8110931539343404
189,19044,3.717731918113327
362,17777,5.507935093198431
362,8418,5.441794240866052
362,964,4.630779108170017
362,4,4.4711412793790695
362,8764,4.397706322110654
362,1112,3.9610037373569673
362,2418,3.9196639250328404
362,18715,3.6399411290654426
362,5878,3.455579043659827
362,19043,3.429802455201814
17,6323,0.6363636363636365
17,9928,0.6363636363636365
17,2952,0.6363636363636365
17,16209,0.6363636363636365
17,8461,0.5454545454545455
17,19004,0.5454545454545455
17,8587,0.5454545454545455
17,19001,0.5454545454545455
17,964,0.5454545454545455
17,4,0.5454545454545455
16,2952,5.750823873078871
16,17777,4.796541961954819
16,8461,4.371004065472627
16,964,4.051275788612636
16,4,3.8881390471189095
16,19003,3.7465752597336657
16,8587,3.554716129805604
16,9657,3.457399386589484
16,1112,3.331305124729049
16,8342,3.261226570473327
310,7943,5.956953549272709
310,8764,5.325884304033654
310,18715,4.27454322775202
310,8342,4.253226084162044
310,7974,4.232032926821749
310,19043,4.20667561913991
310,11894,4.192884561137927
310,4144,3.7718000899650748
310,5872,3.7283836200572256
310,19044,3.723387830987253
59,2952,2.744608360220143
59,19001,2.554570910552343
59,15067,2.4648254803083045
59,6323,2.419019099746828
59,8418,2.262521462751043
59,19004,2.2235068759558954
59,17777,2.210775153139567
59,8461,2.154511094869174
59,964,2.102227034699648
59,7943,2.0646182604223102
94,8418,6.998864167303182
94,19004,6.266368273601132
94,1112,4.921558899673593
94,11894,4.541473631763516
94,7974,4.4913385087664714
94,12231,4.377811699305295
94,11847,4.34892356043475
94,17779,4.148466592436462
94,4144,4.113119553422696
94,14412,3.9354500198227376
287,7943,5.803495003653942
287,8587,4.580476824183711
287,516,4.445123640816275
287,11894,4.145050536072025
287,8697,4.141738044565156
287,18715,4.12974912900703
287,5878,4.0813808647306535
287,11847,4.004551782977513
287,19043,3.9874146992236557
287,12231,3.9796379902839827
134,2952,2.7630282970054356
134,6323,2.691872471162434
134,19001,2.5371434549720053
134,15067,2.4420430016699983
134,16209,2.353888117904625
134,8418,2.232435770597626
134,17777,2.196038952014795
134,8461,2.1066023974461654
134,7943,2.0868588089055082
134,964,1.9916461750670762
79,9928,6.798920413311617
79,16209,6.2516747591898865
79,8461,5.979261529233332
79,19004,5.8807759716044075
79,964,5.741258260086897
79,8764,5.522408197266722
79,8587,4.85876673384778
79,1112,4.551108148185229
79,516,4.45590908819155
79,9657,4.439335091809414
78,2952,4.271846077975937
78,6323,4.162848214336686
78,15067,3.767755661387056
78,19001,3.6217031059646225
78,9928,3.3996356039491435
78,8461,3.225798036261771
78,964,3.1256834988584834
78,7943,3.0902049141944037
78,4,3.033549086572977
78,19004,3.0298824542258807
22,19001,5.386285772740122
22,8418,5.0420140414545
22,16209,4.809518868861153
22,19004,4.466364644529615
22,7943,4.395107250558388
22,964,4.320781071712912
22,4,4.288321787818276
22,19003,4.1366571148536035
22,8587,3.678417108470454
22,9657,3.5126380051232107
255,8418,5.862430406882998
255,16209,5.452724382942698
255,7943,5.062680366391268
255,964,4.869580925703127
255,4,4.852953209533454
255,8764,4.6630685612410385
255,19003,4.49543876432921
255,8587,4.168274545854254
255,9657,4.103318335542758
255,516,3.981999988767165
284,2952,1.600675659209888
284,6323,1.5144629585404243
284,19001,1.503353892907601
284,15067,1.4298639965113344
284,16209,1.427596317150025
284,17777,1.354208967266954
284,9928,1.2668023469437366
284,4,1.2534778312727617
284,964,1.2521908107250397
284,19004,1.2480458146931528
352,6323,4.655496277913458
352,17777,4.65419225812122
352,19001,4.205980627948965
352,19004,3.7152916920024333
352,16209,3.5993437262076724
352,7943,3.5436774991999886
352,8461,3.466451858770708
352,4,3.4136584622177497
352,2418,3.338791677160125
352,964,3.262057015716669
416,2952,1.5982519782202347
416,19001,1.5073428873111439
416,17777,1.4426943771863916
416,15067,1.4379979869467643
416,9928,1.3406762206444773
416,8461,1.3406762206444773
416,7943,1.2504515953241024
416,16209,1.2497671297353865
416,8418,1.1864056401583563
416,8764,1.1851186196106342
190,15067,1.2988578952629155
190,6323,1.2899186010993442
190,19001,1.2721649623514582
190,9928,1.201587768156472
190,17777,1.1990095101902534
190,8418,1.1812558714423673
190,8461,1.1081004192811625
190,7943,1.0903467805332765
190,964,1.0903467805332765
190,16209,1.0903467805332765
415,2952,0.8181818181818183
415,9928,0.8181818181818183
415,15067,0.8181818181818183
415,6323,0.8181818181818183
415,19001,0.8181818181818183
415,16209,0.7272727272727274
415,8418,0.7272727272727274
415,964,0.6363636363636365
415,12231,0.6363636363636365
415,8461,0.6363636363636365
89,2952,3.352491106815693
89,6323,3.121721876046462
89,15067,2.8545266169406247
89,8418,2.7956203381238667
89,19001,2.627015196276569
89,8461,2.4362633490317473
89,9928,2.3618698994338687
89,19003,2.3068669068886454
89,7943,2.2569056595096573
89,8764,2.1957098217368456
824,2952,1.4077328065543362
824,17777,1.4077328065543362
824,19001,1.2435610620283857
824,8418,1.2259146247361545
824,15067,1.1684612713793305
824,8461,1.1526519711192948
824,16209,1.1526519711192948
824,7943,1.1350055338270637
824,8764,1.1350055338270637
824,9928,1.0832255641512205
125,15067,1.090909090909091
125,6323,1.090909090909091
125,9928,1.0000000000000002
125,19001,1.0000000000000002
125,17777,1.0000000000000002
125,8418,0.9090909090909093
125,8461,0.9090909090909093
125,16209,0.8181818181818183
125,964,0.8181818181818183
125,19004,0.8181818181818183
19,15067,1.090909090909091
19,6323,1.090909090909091
19,9928,1.0000000000000002
19,19001,1.0000000000000002
19,17777,1.0000000000000002
19,8418,0.9090909090909093
19,8461,0.9090909090909093
19,16209,0.8181818181818183
19,964,0.8181818181818183
19,19004,0.8181818181818183
77,2952,0.6363636363636365
77,17777,0.6363636363636365
77,8418,0.5454545454545455
77,6323,0.5454545454545455
77,15067,0.5454545454545455
77,9928,0.4545454545454546
77,2418,0.4545454545454546
77,19004,0.4545454545454546
77,8461,0.4545454545454546
77,19001,0.36363636363636365
400,17777,0.2727272727272727
400,12411,0.18181818181818182
400,8342,0.18181818181818182
400,19159,0.18181818181818182
400,5872,0.18181818181818182
400,12414,0.18181818181818182
400,9070,0.18181818181818182
400,19048,0.18181818181818182
400,7943,0.18181818181818182
400,19001,0.18181818181818182
