17,15102,6.0
17,9928,5.0
17,12931,5.0
17,15067,4.0
17,12262,4.0
17,397,4.0
17,2972,3.0
17,11151,3.0
17,7691,3.0
17,4342,3.0
22,9928,5.0
22,15067,4.0
22,19754,3.0
22,11452,3.0
22,11188,3.0
22,4342,3.0
22,19004,3.0
22,8418,2.0
22,7651,2.0
22,16678,2.0
5,15102,6.0
5,9928,5.0
5,12931,5.0
5,15067,4.0
5,12262,4.0
5,397,4.0
5,2972,3.0
5,11151,3.0
5,7691,3.0
5,4342,3.0
2,15102,6.0
2,9928,5.0
2,12931,5.0
2,15067,4.0
2,12262,4.0
2,397,4.0
2,2972,3.0
2,11151,3.0
2,7691,3.0
2,4342,3.0
41,12931,5.0
41,9928,5.0
41,15067,4.0
41,12262,4.0
41,397,4.0
41,7753,3.0
41,2972,3.0
41,15660,3.0
41,4342,3.0
41,7691,3.0
50,15102,6.0
50,11188,3.0
50,11151,3.0
50,11452,3.0
50,7753,3.0
50,9493,3.0
50,7691,3.0
50,2044,3.0
50,2972,3.0
50,4437,3.0
38,15102,6.0
38,9928,5.0
38,12931,5.0
38,15067,4.0
38,12262,4.0
38,397,4.0
38,2972,3.0
38,11151,3.0
38,7691,3.0
38,4342,3.0
10,12931,5.0
10,9928,5.0
10,15067,4.0
10,397,4.0
10,2972,3.0
10,2044,3.0
10,15660,3.0
10,4342,3.0
10,11151,3.0
10,7691,3.0
27,4437,3.0
27,2972,3.0
27,15660,3.0
27,19004,3.0
27,12777,2.0
27,8039,2.0
27,16642,2.0
27,12187,2.0
27,8418,2.0
27,14326,2.0
35,15102,6.0
35,9928,5.0
35,15067,4.0
35,12262,4.0
35,397,4.0
35,7753,3.0
35,2044,3.0
35,15660,3.0
35,4342,3.0
35,7691,3.0
15,15102,6.0
15,12931,5.0
15,12262,4.0
15,397,4.0
15,4342,3.0
15,2044,3.0
15,7691,3.0
15,7753,3.0
15,2972,3.0
15,11151,3.0
16,15102,6.0
16,9928,5.0
16,12931,5.0
16,12262,4.0
16,15067,4.0
16,397,4.0
16,7753,3.0
16,2972,3.0
16,4342,3.0
16,11151,3.0
30,15102,6.0
30,9928,5.0
30,12931,5.0
30,15067,4.0
30,12262,4.0
30,397,4.0
30,2972,3.0
30,11151,3.0
30,7691,3.0
30,4342,3.0
42,15102,6.0
42,9928,5.0
42,12931,5.0
42,12262,4.0
42,15067,4.0
42,397,4.0
42,7753,3.0
42,4342,3.0
42,7691,3.0
42,11151,3.0
44,15102,6.0
44,9928,5.0
44,12931,5.0
44,15067,4.0
44,12262,4.0
44,397,4.0
44,2972,3.0
44,11151,3.0
44,7691,3.0
44,4342,3.0
34,12262,4.0
34,11151,3.0
34,2972,3.0
34,9493,3.0
34,7753,3.0
34,4342,3.0
34,7691,3.0
34,15660,3.0
34,2044,3.0
34,11452,3.0
33,15102,6.0
33,9928,5.0
33,12931,5.0
33,12262,4.0
33,15067,4.0
33,397,4.0
33,7753,3.0
33,4342,3.0
33,7691,3.0
33,11151,3.0
48,15102,6.0
48,9928,5.0
48,12931,5.0
48,12262,4.0
48,15067,4.0
48,397,4.0
48,7753,3.0
48,2972,3.0
48,7691,3.0
48,11151,3.0
4,15102,6.0
4,9928,5.0
4,12931,5.0
4,15067,4.0
4,12262,4.0
4,397,4.0
4,2972,3.0
4,11151,3.0
4,7691,3.0
4,4342,3.0
46,12931,5.0
46,15067,4.0
46,12262,4.0
46,397,4.0
46,2044,3.0
46,7753,3.0
46,15660,3.0
46,2972,3.0
46,7691,3.0
46,11151,3.0
45,15102,6.0
45,9928,5.0
45,12931,5.0
45,15067,4.0
45,12262,4.0
45,397,4.0
45,2972,3.0
45,11151,3.0
45,7691,3.0
45,4342,3.0
29,15102,6.0
29,9928,5.0
29,12931,5.0
29,15067,4.0
29,12262,4.0
29,397,4.0
29,2972,3.0
29,11151,3.0
29,7691,3.0
29,4342,3.0
37,15102,6.0
37,9928,5.0
37,12931,5.0
37,15067,4.0
37,12262,4.0
37,397,4.0
37,2972,3.0
37,11151,3.0
37,7691,3.0
37,4342,3.0
18,15102,6.0
18,9928,5.0
18,12931,5.0
18,15067,4.0
18,12262,4.0
18,397,4.0
18,2972,3.0
18,11151,3.0
18,7691,3.0
18,4342,3.0
36,15102,6.0
36,9928,5.0
36,12931,5.0
36,15067,4.0
36,12262,4.0
36,397,4.0
36,2972,3.0
36,11151,3.0
36,7691,3.0
36,4342,3.0
11,15102,6.0
11,9928,5.0
11,12931,5.0
11,15067,4.0
11,12262,4.0
11,397,4.0
11,2972,3.0
11,11151,3.0
11,7691,3.0
11,4342,3.0
31,15102,6.0
31,9928,5.0
31,12931,5.0
31,15067,4.0
31,12262,4.0
31,397,4.0
31,2972,3.0
31,11151,3.0
31,7691,3.0
31,4342,3.0
9,15102,6.0
9,9928,5.0
9,12931,5.0
9,15067,4.0
9,12262,4.0
9,397,4.0
9,2972,3.0
9,11151,3.0
9,7691,3.0
9,4342,3.0
1,15102,6.0
1,9928,5.0
1,12931,5.0
1,15067,4.0
1,12262,4.0
1,397,4.0
1,2972,3.0
1,11151,3.0
1,7691,3.0
1,4342,3.0
49,15102,6.0
49,9928,5.0
49,12931,5.0
49,15067,4.0
49,12262,4.0
49,397,4.0
49,2972,3.0
49,11151,3.0
49,7691,3.0
49,4342,3.0
