17,7753,5.0
17,11188,4.0
17,6323,4.0
17,1265,4.0
17,7691,4.0
17,15102,4.0
17,397,4.0
17,9928,3.0
17,5777,3.0
17,6669,3.0
22,11188,4.0
22,9818,3.0
22,14412,3.0
22,4342,3.0
22,8587,3.0
22,15067,3.0
22,9928,3.0
22,19001,3.0
22,19754,3.0
22,4,2.0
5,7753,5.0
5,1265,4.0
5,11188,4.0
5,7691,4.0
5,15102,4.0
5,6323,4.0
5,397,4.0
5,19001,3.0
5,4342,3.0
5,2044,3.0
2,7753,5.0
2,11188,4.0
2,6323,4.0
2,1265,4.0
2,7691,4.0
2,15102,4.0
2,397,4.0
2,2044,3.0
2,5777,3.0
2,4342,3.0
41,7753,5.0
41,11188,4.0
41,6323,4.0
41,1265,4.0
41,397,4.0
41,19001,3.0
41,6669,3.0
41,8587,3.0
41,9928,3.0
41,5777,3.0
50,15102,4.0
50,1265,4.0
50,7691,4.0
50,2044,3.0
50,6669,3.0
50,15067,3.0
50,4437,3.0
50,19754,3.0
50,2386,2.0
50,12235,2.0
38,7753,5.0
38,11188,4.0
38,6323,4.0
38,1265,4.0
38,7691,4.0
38,15102,4.0
38,397,4.0
38,2044,3.0
38,5777,3.0
38,4342,3.0
10,6323,4.0
10,7691,4.0
10,1265,4.0
10,11188,4.0
10,397,4.0
10,2044,3.0
10,6669,3.0
10,5777,3.0
10,19001,3.0
10,9928,3.0
27,15102,4.0
27,4437,3.0
27,9928,3.0
27,6669,3.0
27,8966,3.0
27,8039,2.0
27,16209,2.0
27,2386,2.0
27,9646,2.0
27,2972,2.0
35,1265,4.0
35,15102,4.0
35,7691,4.0
35,6323,4.0
35,397,4.0
35,6669,3.0
35,19001,3.0
35,2044,3.0
35,9928,3.0
35,5777,3.0
15,7753,5.0
15,6323,4.0
15,1265,4.0
15,7691,4.0
15,15102,4.0
15,397,4.0
15,19001,3.0
15,2044,3.0
15,5777,3.0
15,4342,3.0
16,7753,5.0
16,11188,4.0
16,6323,4.0
16,1265,4.0
16,7691,4.0
16,15102,4.0
16,397,4.0
16,2044,3.0
16,5777,3.0
16,4342,3.0
30,7753,5.0
30,11188,4.0
30,6323,4.0
30,1265,4.0
30,7691,4.0
30,15102,4.0
30,397,4.0
30,2044,3.0
30,5777,3.0
30,4342,3.0
42,7753,5.0
42,11188,4.0
42,6323,4.0
42,1265,4.0
42,7691,4.0
42,15102,4.0
42,397,4.0
42,2044,3.0
42,5777,3.0
42,4342,3.0
44,7753,5.0
44,1265,4.0
44,11188,4.0
44,15102,4.0
44,6323,4.0
44,397,4.0
44,19001,3.0
44,2044,3.0
44,4342,3.0
44,5777,3.0
34,7753,5.0
34,7691,4.0
34,15102,4.0
34,11188,4.0
34,19369,3.0
34,4342,3.0
34,5777,3.0
34,6669,3.0
34,2044,3.0
34,19001,3.0
33,7753,5.0
33,11188,4.0
33,6323,4.0
33,1265,4.0
33,7691,4.0
33,15102,4.0
33,397,4.0
33,2044,3.0
33,5777,3.0
33,4342,3.0
48,7753,5.0
48,6323,4.0
48,15102,4.0
48,7691,4.0
48,11188,4.0
48,397,4.0
48,5777,3.0
48,2044,3.0
48,6669,3.0
48,9928,3.0
4,7753,5.0
4,11188,4.0
4,6323,4.0
4,1265,4.0
4,7691,4.0
4,15102,4.0
4,397,4.0
4,2044,3.0
4,5777,3.0
4,4342,3.0
46,7753,5.0
46,11188,4.0
46,7691,4.0
46,6323,4.0
46,1265,4.0
46,397,4.0
46,6669,3.0
46,19001,3.0
46,5777,3.0
46,2044,3.0
45,7753,5.0
45,11188,4.0
45,6323,4.0
45,1265,4.0
45,7691,4.0
45,15102,4.0
45,397,4.0
45,2044,3.0
45,5777,3.0
45,4342,3.0
29,7753,5.0
29,11188,4.0
29,6323,4.0
29,1265,4.0
29,7691,4.0
29,15102,4.0
29,397,4.0
29,2044,3.0
29,5777,3.0
29,4342,3.0
37,7753,5.0
37,11188,4.0
37,6323,4.0
37,1265,4.0
37,7691,4.0
37,15102,4.0
37,397,4.0
37,2044,3.0
37,5777,3.0
37,4342,3.0
18,7753,5.0
18,11188,4.0
18,6323,4.0
18,1265,4.0
18,7691,4.0
18,15102,4.0
18,397,4.0
18,2044,3.0
18,5777,3.0
18,4342,3.0
36,7753,5.0
36,11188,4.0
36,6323,4.0
36,1265,4.0
36,7691,4.0
36,15102,4.0
36,397,4.0
36,2044,3.0
36,5777,3.0
36,4342,3.0
11,7753,5.0
11,1265,4.0
11,11188,4.0
11,15102,4.0
11,7691,4.0
11,6323,4.0
11,397,4.0
11,19001,3.0
11,9928,3.0
11,5777,3.0
31,7753,5.0
31,11188,4.0
31,6323,4.0
31,1265,4.0
31,7691,4.0
31,15102,4.0
31,397,4.0
31,2044,3.0
31,5777,3.0
31,4342,3.0
9,7753,5.0
9,11188,4.0
9,6323,4.0
9,1265,4.0
9,7691,4.0
9,15102,4.0
9,397,4.0
9,2044,3.0
9,5777,3.0
9,4342,3.0
1,7753,5.0
1,11188,4.0
1,6323,4.0
1,1265,4.0
1,7691,4.0
1,15102,4.0
1,397,4.0
1,2044,3.0
1,5777,3.0
1,4342,3.0
49,7753,5.0
49,11188,4.0
49,6323,4.0
49,1265,4.0
49,7691,4.0
49,15102,4.0
49,397,4.0
49,2044,3.0
49,5777,3.0
49,4342,3.0
