17,5681,2.0
17,2972,2.0
17,8606,2.0
17,9418,2.0
17,12777,1.0
17,6669,1.0
17,12187,1.0
17,12185,1.0
17,2386,1.0
17,7691,1.0
22,8606,2.0
22,5681,2.0
22,9418,2.0
22,12185,1.0
22,12777,1.0
22,12931,1.0
22,6669,1.0
22,17052,1.0
22,2386,1.0
22,12187,1.0
5,5681,2.0
5,2972,2.0
5,8606,2.0
5,9418,2.0
5,6669,1.0
5,7753,1.0
5,14084,1.0
5,17052,1.0
5,12187,1.0
5,12931,1.0
2,5681,2.0
2,2972,2.0
2,8606,2.0
2,9418,2.0
2,12777,1.0
2,6669,1.0
2,12187,1.0
2,12185,1.0
2,2386,1.0
2,7691,1.0
41,5681,2.0
41,2972,2.0
41,8606,2.0
41,9418,2.0
41,12777,1.0
41,6669,1.0
41,12931,1.0
41,12185,1.0
41,2386,1.0
41,7691,1.0
50,2972,2.0
50,8606,2.0
50,9418,2.0
50,7753,1.0
50,12777,1.0
50,12931,1.0
50,6669,1.0
50,12185,1.0
50,2386,1.0
50,12187,1.0
38,5681,2.0
38,2972,2.0
38,8606,2.0
38,9418,2.0
38,12777,1.0
38,6669,1.0
38,12187,1.0
38,12185,1.0
38,2386,1.0
38,7691,1.0
10,5681,2.0
10,2972,2.0
10,8606,2.0
10,9418,2.0
10,12777,1.0
10,6669,1.0
10,12187,1.0
10,12185,1.0
10,2386,1.0
10,7691,1.0
27,5681,2.0
27,2972,2.0
27,8606,2.0
27,9418,2.0
27,12777,1.0
27,6669,1.0
27,12931,1.0
27,17052,1.0
27,2386,1.0
27,12187,1.0
35,2972,2.0
35,5681,2.0
35,17052,1.0
35,7753,1.0
35,12187,1.0
35,12777,1.0
35,12185,1.0
35,2386,1.0
35,7691,1.0
35,6669,1.0
15,5681,2.0
15,2972,2.0
15,8606,2.0
15,9418,2.0
15,12777,1.0
15,6669,1.0
15,12187,1.0
15,12185,1.0
15,2386,1.0
15,7691,1.0
16,5681,2.0
16,2972,2.0
16,8606,2.0
16,9418,2.0
16,12777,1.0
16,6669,1.0
16,12931,1.0
16,12185,1.0
16,2386,1.0
16,12187,1.0
30,5681,2.0
30,2972,2.0
30,8606,2.0
30,9418,2.0
30,12777,1.0
30,6669,1.0
30,12187,1.0
30,12185,1.0
30,2386,1.0
30,7691,1.0
42,5681,2.0
42,2972,2.0
42,8606,2.0
42,9418,2.0
42,12777,1.0
42,6669,1.0
42,12187,1.0
42,12185,1.0
42,2386,1.0
42,7691,1.0
44,5681,2.0
44,2972,2.0
44,8606,2.0
44,9418,2.0
44,12777,1.0
44,6669,1.0
44,12187,1.0
44,12185,1.0
44,2386,1.0
44,7691,1.0
34,5681,2.0
34,2972,2.0
34,8606,2.0
34,9418,2.0
34,12777,1.0
34,6669,1.0
34,12187,1.0
34,12185,1.0
34,2386,1.0
34,7691,1.0
33,8606,2.0
33,5681,2.0
33,9418,2.0
33,7753,1.0
33,12777,1.0
33,12187,1.0
33,6669,1.0
33,12185,1.0
33,2386,1.0
33,7691,1.0
48,2972,2.0
48,8606,2.0
48,9418,2.0
48,7753,1.0
48,12777,1.0
48,12187,1.0
48,6669,1.0
48,12185,1.0
48,2386,1.0
48,7691,1.0
4,2972,2.0
4,5681,2.0
4,17052,1.0
4,7753,1.0
4,12187,1.0
4,12777,1.0
4,12185,1.0
4,2386,1.0
4,7691,1.0
4,6669,1.0
46,5681,2.0
46,2972,2.0
46,8606,2.0
46,9418,2.0
46,12777,1.0
46,6669,1.0
46,12187,1.0
46,12185,1.0
46,2386,1.0
46,7691,1.0
45,5681,2.0
45,2972,2.0
45,8606,2.0
45,9418,2.0
45,12777,1.0
45,6669,1.0
45,12187,1.0
45,12185,1.0
45,2386,1.0
45,7691,1.0
29,5681,2.0
29,2972,2.0
29,8606,2.0
29,9418,2.0
29,12777,1.0
29,6669,1.0
29,12187,1.0
29,12185,1.0
29,2386,1.0
29,7691,1.0
37,5681,2.0
37,2972,2.0
37,8606,2.0
37,9418,2.0
37,12777,1.0
37,6669,1.0
37,12187,1.0
37,12185,1.0
37,2386,1.0
37,7691,1.0
18,5681,2.0
18,2972,2.0
18,8606,2.0
18,9418,2.0
18,12777,1.0
18,6669,1.0
18,12187,1.0
18,12185,1.0
18,2386,1.0
18,7691,1.0
36,5681,2.0
36,2972,2.0
36,8606,2.0
36,9418,2.0
36,12777,1.0
36,6669,1.0
36,12187,1.0
36,12185,1.0
36,2386,1.0
36,7691,1.0
11,5681,2.0
11,2972,2.0
11,8606,2.0
11,9418,2.0
11,12777,1.0
11,7753,1.0
11,12931,1.0
11,17052,1.0
11,2386,1.0
11,12187,1.0
31,5681,2.0
31,2972,2.0
31,8606,2.0
31,9418,2.0
31,12777,1.0
31,6669,1.0
31,12187,1.0
31,12185,1.0
31,2386,1.0
31,7691,1.0
9,5681,2.0
9,2972,2.0
9,8606,2.0
9,9418,2.0
9,12777,1.0
9,6669,1.0
9,12187,1.0
9,12185,1.0
9,2386,1.0
9,7691,1.0
1,5681,2.0
1,2972,2.0
1,8606,2.0
1,9418,2.0
1,12777,1.0
1,6669,1.0
1,12187,1.0
1,12185,1.0
1,2386,1.0
1,7691,1.0
49,5681,2.0
49,2972,2.0
49,8606,2.0
49,9418,2.0
49,12777,1.0
49,6669,1.0
49,12187,1.0
49,12185,1.0
49,2386,1.0
49,7691,1.0
