17,15102,5.0
17,7753,5.0
17,9928,5.0
17,11151,4.0
17,7691,4.0
17,12931,4.0
17,397,4.0
17,16209,3.0
17,6669,3.0
17,2972,3.0
22,9928,5.0
22,15102,5.0
22,15067,3.0
22,19754,3.0
22,16209,3.0
22,9818,3.0
22,11188,3.0
22,14412,3.0
22,19004,3.0
22,5777,2.0
5,9928,5.0
5,7753,5.0
5,15102,5.0
5,7691,4.0
5,397,4.0
5,12931,4.0
5,11151,4.0
5,2972,3.0
5,15660,3.0
5,4183,3.0
2,15102,5.0
2,7753,5.0
2,9928,5.0
2,11151,4.0
2,7691,4.0
2,12931,4.0
2,397,4.0
2,16209,3.0
2,6669,3.0
2,2972,3.0
41,7753,5.0
41,9928,5.0
41,12931,4.0
41,11151,4.0
41,397,4.0
41,9493,3.0
41,6669,3.0
41,6323,3.0
41,2972,3.0
41,15660,3.0
50,15102,5.0
50,7691,4.0
50,12931,4.0
50,4437,3.0
50,4183,3.0
50,9493,3.0
50,6669,3.0
50,2972,3.0
50,1265,3.0
50,19754,3.0
38,15102,5.0
38,7753,5.0
38,9928,5.0
38,11151,4.0
38,7691,4.0
38,12931,4.0
38,397,4.0
38,16209,3.0
38,6669,3.0
38,2972,3.0
10,9928,5.0
10,12931,4.0
10,11151,4.0
10,7691,4.0
10,397,4.0
10,6323,3.0
10,16209,3.0
10,4183,3.0
10,6669,3.0
10,2972,3.0
27,7691,4.0
27,4437,3.0
27,15660,3.0
27,11188,3.0
27,2972,3.0
27,8966,3.0
27,6669,3.0
27,19004,3.0
27,4,2.0
27,6311,2.0
35,15102,5.0
35,9928,5.0
35,7691,4.0
35,397,4.0
35,1265,3.0
35,16209,3.0
35,15660,3.0
35,6669,3.0
35,2972,3.0
35,4183,3.0
15,7753,5.0
15,15102,5.0
15,11151,4.0
15,7691,4.0
15,12931,4.0
15,397,4.0
15,15660,3.0
15,6669,3.0
15,4183,3.0
15,2972,3.0
16,15102,5.0
16,7753,5.0
16,9928,5.0
16,12931,4.0
16,11151,4.0
16,397,4.0
16,15660,3.0
16,6669,3.0
16,4183,3.0
16,2972,3.0
30,15102,5.0
30,7753,5.0
30,9928,5.0
30,11151,4.0
30,7691,4.0
30,12931,4.0
30,397,4.0
30,16209,3.0
30,6669,3.0
30,2972,3.0
42,15102,5.0
42,7753,5.0
42,9928,5.0
42,11151,4.0
42,7691,4.0
42,12931,4.0
42,397,4.0
42,15660,3.0
42,6669,3.0
42,4183,3.0
44,15102,5.0
44,7753,5.0
44,9928,5.0
44,12931,4.0
44,11151,4.0
44,397,4.0
44,15660,3.0
44,6669,3.0
44,4183,3.0
44,2972,3.0
34,7753,5.0
34,7691,4.0
34,11151,4.0
34,6323,3.0
34,16209,3.0
34,15660,3.0
34,6669,3.0
34,2972,3.0
34,4183,3.0
34,9493,3.0
33,15102,5.0
33,7753,5.0
33,9928,5.0
33,11151,4.0
33,7691,4.0
33,12931,4.0
33,397,4.0
33,15660,3.0
33,6669,3.0
33,4183,3.0
48,15102,5.0
48,7753,5.0
48,9928,5.0
48,11151,4.0
48,12931,4.0
48,7691,4.0
48,397,4.0
48,16209,3.0
48,6669,3.0
48,2972,3.0
4,15102,5.0
4,7753,5.0
4,9928,5.0
4,11151,4.0
4,7691,4.0
4,12931,4.0
4,397,4.0
4,16209,3.0
4,6669,3.0
4,2972,3.0
46,7753,5.0
46,7691,4.0
46,12931,4.0
46,11151,4.0
46,397,4.0
46,6323,3.0
46,16209,3.0
46,4183,3.0
46,6669,3.0
46,2972,3.0
45,15102,5.0
45,7753,5.0
45,9928,5.0
45,11151,4.0
45,7691,4.0
45,12931,4.0
45,397,4.0
45,16209,3.0
45,6669,3.0
45,2972,3.0
29,15102,5.0
29,7753,5.0
29,9928,5.0
29,11151,4.0
29,7691,4.0
29,12931,4.0
29,397,4.0
29,16209,3.0
29,6669,3.0
29,2972,3.0
37,15102,5.0
37,7753,5.0
37,9928,5.0
37,11151,4.0
37,7691,4.0
37,12931,4.0
37,397,4.0
37,16209,3.0
37,6669,3.0
37,2972,3.0
18,15102,5.0
18,7753,5.0
18,9928,5.0
18,11151,4.0
18,7691,4.0
18,12931,4.0
18,397,4.0
18,16209,3.0
18,6669,3.0
18,2972,3.0
36,15102,5.0
36,7753,5.0
36,9928,5.0
36,11151,4.0
36,7691,4.0
36,12931,4.0
36,397,4.0
36,16209,3.0
36,6669,3.0
36,2972,3.0
11,9928,5.0
11,7753,5.0
11,15102,5.0
11,7691,4.0
11,397,4.0
11,12931,4.0
11,11151,4.0
11,2972,3.0
11,15660,3.0
11,4183,3.0
31,15102,5.0
31,7753,5.0
31,9928,5.0
31,11151,4.0
31,7691,4.0
31,12931,4.0
31,397,4.0
31,16209,3.0
31,6669,3.0
31,2972,3.0
9,15102,5.0
9,7753,5.0
9,9928,5.0
9,11151,4.0
9,7691,4.0
9,12931,4.0
9,397,4.0
9,16209,3.0
9,6669,3.0
9,2972,3.0
1,15102,5.0
1,7753,5.0
1,9928,5.0
1,11151,4.0
1,7691,4.0
1,12931,4.0
1,397,4.0
1,16209,3.0
1,6669,3.0
1,2972,3.0
49,15102,5.0
49,7753,5.0
49,9928,5.0
49,11151,4.0
49,7691,4.0
49,12931,4.0
49,397,4.0
49,16209,3.0
49,6669,3.0
49,2972,3.0
