17,7691,5.0
17,15102,4.0
17,11151,4.0
17,1265,4.0
17,9928,4.0
17,7753,4.0
17,12931,4.0
17,12262,4.0
17,2972,3.0
17,5777,3.0
22,9928,4.0
22,7753,4.0
22,12931,4.0
22,9818,3.0
22,11188,3.0
22,16209,2.0
22,7531,2.0
22,6311,2.0
22,16678,2.0
22,19001,2.0
5,7691,5.0
5,15102,4.0
5,11151,4.0
5,1265,4.0
5,12931,4.0
5,9928,4.0
5,7753,4.0
5,12262,4.0
5,2972,3.0
5,5777,3.0
2,7691,5.0
2,15102,4.0
2,11151,4.0
2,1265,4.0
2,9928,4.0
2,7753,4.0
2,12931,4.0
2,12262,4.0
2,2972,3.0
2,5777,3.0
41,11151,4.0
41,1265,4.0
41,12931,4.0
41,7753,4.0
41,9928,4.0
41,12262,4.0
41,5777,3.0
41,9818,3.0
41,6323,3.0
41,15660,3.0
50,7691,5.0
50,1265,4.0
50,9928,4.0
50,15102,4.0
50,2972,3.0
50,4015,3.0
50,2044,2.0
50,14084,2.0
50,2386,2.0
50,6792,2.0
38,7691,5.0
38,15102,4.0
38,11151,4.0
38,1265,4.0
38,9928,4.0
38,7753,4.0
38,12931,4.0
38,12262,4.0
38,2972,3.0
38,5777,3.0
10,7691,5.0
10,11151,4.0
10,15102,4.0
10,12931,4.0
10,9928,4.0
10,1265,4.0
10,6323,3.0
10,2972,3.0
10,15660,3.0
10,5777,3.0
27,2972,3.0
27,15660,3.0
27,6323,3.0
27,6792,2.0
27,6669,2.0
27,6311,2.0
27,12777,2.0
27,8039,2.0
27,2386,2.0
27,19001,2.0
35,7691,5.0
35,1265,4.0
35,15102,4.0
35,9928,4.0
35,12262,4.0
35,9818,3.0
35,5777,3.0
35,6323,3.0
35,2972,3.0
35,15660,3.0
15,7691,5.0
15,11151,4.0
15,1265,4.0
15,15102,4.0
15,7753,4.0
15,12931,4.0
15,12262,4.0
15,2972,3.0
15,5777,3.0
15,15660,3.0
16,11151,4.0
16,1265,4.0
16,15102,4.0
16,7753,4.0
16,12931,4.0
16,9928,4.0
16,12262,4.0
16,2972,3.0
16,5777,3.0
16,15660,3.0
30,7691,5.0
30,15102,4.0
30,11151,4.0
30,1265,4.0
30,9928,4.0
30,7753,4.0
30,12931,4.0
30,12262,4.0
30,2972,3.0
30,5777,3.0
42,7691,5.0
42,11151,4.0
42,9928,4.0
42,1265,4.0
42,15102,4.0
42,7753,4.0
42,12931,4.0
42,12262,4.0
42,5777,3.0
42,15660,3.0
44,11151,4.0
44,1265,4.0
44,15102,4.0
44,7753,4.0
44,12931,4.0
44,9928,4.0
44,12262,4.0
44,2972,3.0
44,5777,3.0
44,15660,3.0
34,7691,5.0
34,12262,4.0
34,7753,4.0
34,11151,4.0
34,11188,3.0
34,15660,3.0
34,9818,3.0
34,2972,3.0
34,5777,3.0
34,4015,3.0
33,7691,5.0
33,11151,4.0
33,9928,4.0
33,1265,4.0
33,15102,4.0
33,7753,4.0
33,12931,4.0
33,12262,4.0
33,5777,3.0
33,15660,3.0
48,7691,5.0
48,15102,4.0
48,11151,4.0
48,9928,4.0
48,7753,4.0
48,12931,4.0
48,12262,4.0
48,9818,3.0
48,2972,3.0
48,5777,3.0
4,7691,5.0
4,15102,4.0
4,11151,4.0
4,1265,4.0
4,9928,4.0
4,7753,4.0
4,12931,4.0
4,12262,4.0
4,2972,3.0
4,5777,3.0
46,7691,5.0
46,11151,4.0
46,1265,4.0
46,15102,4.0
46,7753,4.0
46,12931,4.0
46,12262,4.0
46,2972,3.0
46,5777,3.0
46,15660,3.0
45,7691,5.0
45,15102,4.0
45,11151,4.0
45,1265,4.0
45,9928,4.0
45,7753,4.0
45,12931,4.0
45,12262,4.0
45,2972,3.0
45,5777,3.0
29,7691,5.0
29,15102,4.0
29,11151,4.0
29,1265,4.0
29,9928,4.0
29,7753,4.0
29,12931,4.0
29,12262,4.0
29,2972,3.0
29,5777,3.0
37,7691,5.0
37,15102,4.0
37,11151,4.0
37,1265,4.0
37,9928,4.0
37,7753,4.0
37,12931,4.0
37,12262,4.0
37,2972,3.0
37,5777,3.0
18,7691,5.0
18,15102,4.0
18,11151,4.0
18,1265,4.0
18,9928,4.0
18,7753,4.0
18,12931,4.0
18,12262,4.0
18,2972,3.0
18,5777,3.0
36,7691,5.0
36,15102,4.0
36,11151,4.0
36,1265,4.0
36,9928,4.0
36,7753,4.0
36,12931,4.0
36,12262,4.0
36,2972,3.0
36,5777,3.0
11,7691,5.0
11,15102,4.0
11,11151,4.0
11,1265,4.0
11,9928,4.0
11,7753,4.0
11,12931,4.0
11,12262,4.0
11,2972,3.0
11,5777,3.0
31,7691,5.0
31,15102,4.0
31,11151,4.0
31,1265,4.0
31,9928,4.0
31,7753,4.0
31,12931,4.0
31,12262,4.0
31,2972,3.0
31,5777,3.0
9,7691,5.0
9,15102,4.0
9,11151,4.0
9,1265,4.0
9,9928,4.0
9,7753,4.0
9,12931,4.0
9,12262,4.0
9,2972,3.0
9,5777,3.0
1,7691,5.0
1,15102,4.0
1,11151,4.0
1,1265,4.0
1,9928,4.0
1,7753,4.0
1,12931,4.0
1,12262,4.0
1,2972,3.0
1,5777,3.0
49,7691,5.0
49,15102,4.0
49,11151,4.0
49,1265,4.0
49,9928,4.0
49,7753,4.0
49,12931,4.0
49,12262,4.0
49,2972,3.0
49,5777,3.0
