17,15102,5.0
17,12931,5.0
17,12262,4.0
17,7691,4.0
17,6323,4.0
17,15067,4.0
17,9928,3.0
17,11151,3.0
17,19001,3.0
17,7753,3.0
22,15067,4.0
22,7691,4.0
22,11188,3.0
22,1265,3.0
22,19001,3.0
22,9928,3.0
22,8587,3.0
22,11452,3.0
22,16209,3.0
22,14412,3.0
5,12931,5.0
5,15102,5.0
5,12262,4.0
5,7691,4.0
5,6323,4.0
5,15067,4.0
5,19001,3.0
5,16209,3.0
5,5777,3.0
5,9928,3.0
2,15102,5.0
2,12931,5.0
2,12262,4.0
2,7691,4.0
2,6323,4.0
2,15067,4.0
2,9928,3.0
2,11151,3.0
2,19001,3.0
2,7753,3.0
41,15102,5.0
41,12931,5.0
41,6323,4.0
41,12262,4.0
41,15067,4.0
41,7753,3.0
41,19001,3.0
41,5777,3.0
41,6669,3.0
41,9928,3.0
50,15102,5.0
50,7691,4.0
50,4183,3.0
50,6669,3.0
50,1265,3.0
50,9493,3.0
50,11452,3.0
50,4015,3.0
50,2386,2.0
50,12187,2.0
38,15102,5.0
38,12931,5.0
38,12262,4.0
38,7691,4.0
38,6323,4.0
38,15067,4.0
38,9928,3.0
38,11151,3.0
38,19001,3.0
38,7753,3.0
10,12931,5.0
10,6323,4.0
10,7691,4.0
10,15067,4.0
10,16209,3.0
10,6669,3.0
10,11151,3.0
10,9928,3.0
10,19001,3.0
10,7753,3.0
27,7753,3.0
27,6669,3.0
27,11151,3.0
27,4342,2.0
27,12187,2.0
27,6311,2.0
27,12777,2.0
27,9646,2.0
27,2386,2.0
27,6792,2.0
35,15102,5.0
35,7691,4.0
35,6323,4.0
35,12262,4.0
35,15067,4.0
35,9928,3.0
35,16209,3.0
35,19001,3.0
35,6669,3.0
35,5777,3.0
15,15102,5.0
15,12931,5.0
15,7691,4.0
15,6323,4.0
15,12262,4.0
15,6669,3.0
15,11151,3.0
15,5777,3.0
15,19001,3.0
15,7753,3.0
16,12931,5.0
16,15102,5.0
16,6323,4.0
16,12262,4.0
16,15067,4.0
16,6669,3.0
16,9928,3.0
16,5777,3.0
16,19001,3.0
16,7753,3.0
30,15102,5.0
30,12931,5.0
30,12262,4.0
30,7691,4.0
30,6323,4.0
30,15067,4.0
30,9928,3.0
30,11151,3.0
30,19001,3.0
30,7753,3.0
42,15102,5.0
42,12931,5.0
42,12262,4.0
42,7691,4.0
42,6323,4.0
42,15067,4.0
42,9928,3.0
42,11151,3.0
42,19001,3.0
42,7753,3.0
44,12931,5.0
44,15102,5.0
44,6323,4.0
44,12262,4.0
44,15067,4.0
44,6669,3.0
44,9928,3.0
44,5777,3.0
44,19001,3.0
44,7753,3.0
34,7691,4.0
34,12262,4.0
34,9493,3.0
34,11151,3.0
34,5777,3.0
34,16209,3.0
34,9928,3.0
34,19001,3.0
34,7753,3.0
34,6669,3.0
33,15102,5.0
33,12931,5.0
33,12262,4.0
33,7691,4.0
33,6323,4.0
33,15067,4.0
33,9928,3.0
33,11151,3.0
33,19001,3.0
33,7753,3.0
48,12931,5.0
48,15102,5.0
48,6323,4.0
48,12262,4.0
48,7691,4.0
48,15067,4.0
48,7753,3.0
48,9928,3.0
48,5777,3.0
48,6669,3.0
4,15102,5.0
4,12931,5.0
4,12262,4.0
4,7691,4.0
4,6323,4.0
4,15067,4.0
4,9928,3.0
4,11151,3.0
4,19001,3.0
4,7753,3.0
46,12931,5.0
46,6323,4.0
46,12262,4.0
46,7691,4.0
46,15067,4.0
46,6669,3.0
46,9928,3.0
46,11151,3.0
46,19001,3.0
46,7753,3.0
45,15102,5.0
45,12931,5.0
45,12262,4.0
45,7691,4.0
45,6323,4.0
45,15067,4.0
45,9928,3.0
45,11151,3.0
45,19001,3.0
45,7753,3.0
29,15102,5.0
29,12931,5.0
29,12262,4.0
29,7691,4.0
29,6323,4.0
29,15067,4.0
29,9928,3.0
29,11151,3.0
29,19001,3.0
29,7753,3.0
37,15102,5.0
37,12931,5.0
37,12262,4.0
37,7691,4.0
37,6323,4.0
37,15067,4.0
37,9928,3.0
37,11151,3.0
37,19001,3.0
37,7753,3.0
18,15102,5.0
18,12931,5.0
18,12262,4.0
18,7691,4.0
18,6323,4.0
18,15067,4.0
18,9928,3.0
18,11151,3.0
18,19001,3.0
18,7753,3.0
36,15102,5.0
36,12931,5.0
36,12262,4.0
36,7691,4.0
36,6323,4.0
36,15067,4.0
36,9928,3.0
36,11151,3.0
36,19001,3.0
36,7753,3.0
11,12931,5.0
11,15102,5.0
11,6323,4.0
11,12262,4.0
11,7691,4.0
11,15067,4.0
11,7753,3.0
11,9928,3.0
11,5777,3.0
11,19001,3.0
31,15102,5.0
31,12931,5.0
31,12262,4.0
31,7691,4.0
31,6323,4.0
31,15067,4.0
31,9928,3.0
31,11151,3.0
31,19001,3.0
31,7753,3.0
9,15102,5.0
9,12931,5.0
9,12262,4.0
9,7691,4.0
9,6323,4.0
9,15067,4.0
9,9928,3.0
9,11151,3.0
9,19001,3.0
9,7753,3.0
1,15102,5.0
1,12931,5.0
1,12262,4.0
1,7691,4.0
1,6323,4.0
1,15067,4.0
1,9928,3.0
1,11151,3.0
1,19001,3.0
1,7753,3.0
49,15102,5.0
49,12931,5.0
49,12262,4.0
49,7691,4.0
49,6323,4.0
49,15067,4.0
49,9928,3.0
49,11151,3.0
49,19001,3.0
49,7753,3.0
