17,12777,0.0
17,2386,0.0
17,8046,0.0
17,755,0.0
17,2739,0.0
17,16118,0.0
17,19483,0.0
17,16678,0.0
17,19036,0.0
17,18460,0.0
22,397,1.1474358974358976
22,14412,1.1474358974358976
22,6323,1.1474358974358976
22,9818,0.9166666666666667
22,7531,0.9166666666666667
22,11188,0.9166666666666667
22,14621,0.9166666666666667
22,10202,0.9166666666666667
22,8587,0.9166666666666667
22,12725,0.9166666666666667
5,4068,0.37662337662337664
5,10257,0.37662337662337664
5,16141,0.37662337662337664
5,5777,0.37662337662337664
5,4548,0.37662337662337664
5,8319,0.37662337662337664
5,1237,0.37662337662337664
5,12931,0.37662337662337664
5,7753,0.37662337662337664
5,19111,0.37662337662337664
2,9080,0.09090909090909091
2,16398,0.09090909090909091
2,8110,0.09090909090909091
2,7753,0.09090909090909091
2,8039,0.09090909090909091
2,12931,0.09090909090909091
2,12321,0.09090909090909091
2,18460,0.09090909090909091
2,8347,0.09090909090909091
2,4310,0.09090909090909091
41,7359,0.46153846153846156
41,15102,0.46153846153846156
41,12262,0.46153846153846156
41,11439,0.46153846153846156
41,8046,0.23076923076923078
41,16678,0.23076923076923078
41,6792,0.23076923076923078
41,12185,0.23076923076923078
41,2386,0.23076923076923078
41,12931,0.23076923076923078
50,15102,1.4583333333333335
50,12262,1.1742424242424243
50,1265,1.125
50,4183,1.0833333333333335
50,7359,1.0833333333333335
50,11439,1.0833333333333335
50,11151,0.75
50,672,0.75
50,10063,0.6742424242424243
50,2386,0.6742424242424243
38,8530,0.0
38,12777,0.0
38,2386,0.0
38,8046,0.0
38,755,0.0
38,2739,0.0
38,16118,0.0
38,19483,0.0
38,16678,0.0
38,19036,0.0
10,7753,0.2727272727272727
10,4548,0.18181818181818182
10,5777,0.18181818181818182
10,15102,0.18181818181818182
10,8418,0.18181818181818182
10,11151,0.18181818181818182
10,4183,0.18181818181818182
10,12931,0.18181818181818182
10,7531,0.18181818181818182
10,10257,0.18181818181818182
27,12931,1.119047619047619
27,7753,0.9999999999999999
27,4068,0.8333333333333333
27,16141,0.8333333333333333
27,5777,0.8333333333333333
27,8319,0.8333333333333333
27,1237,0.8333333333333333
27,10257,0.8333333333333333
27,4548,0.8333333333333333
27,19111,0.8333333333333333
35,17423,0.5
35,12744,0.5
35,2974,0.5
35,10213,0.5
35,1356,0.5
35,441,0.5
35,10506,0.5
35,7651,0.5
35,2093,0.5
35,4248,0.5
15,7753,0.3484848484848485
15,12931,0.3484848484848485
15,16187,0.25757575757575757
15,8319,0.25757575757575757
15,10257,0.25757575757575757
15,9928,0.25757575757575757
15,6323,0.25757575757575757
15,5777,0.25757575757575757
15,4548,0.25757575757575757
15,1237,0.25757575757575757
16,16209,0.18181818181818182
16,4183,0.18181818181818182
16,10679,0.09090909090909091
16,12187,0.09090909090909091
16,17531,0.09090909090909091
16,5624,0.09090909090909091
16,12185,0.09090909090909091
16,2044,0.09090909090909091
16,14084,0.09090909090909091
16,16678,0.09090909090909091
30,8530,0.0
30,12777,0.0
30,2386,0.0
30,8046,0.0
30,755,0.0
30,2739,0.0
30,16118,0.0
30,19483,0.0
30,16678,0.0
30,19036,0.0
42,15355,0.09090909090909091
42,12931,0.09090909090909091
42,6792,0.09090909090909091
42,12187,0.09090909090909091
42,9320,0.09090909090909091
42,2386,0.09090909090909091
42,2044,0.09090909090909091
42,8046,0.09090909090909091
42,7753,0.09090909090909091
42,8724,0.09090909090909091
44,16209,0.18181818181818182
44,4183,0.18181818181818182
44,14879,0.09090909090909091
44,12187,0.09090909090909091
44,7531,0.09090909090909091
44,5624,0.09090909090909091
44,12185,0.09090909090909091
44,2044,0.09090909090909091
44,14084,0.09090909090909091
44,16678,0.09090909090909091
34,14621,0.6607142857142857
34,9818,0.6607142857142857
34,11188,0.6607142857142857
34,10202,0.6607142857142857
34,7531,0.6607142857142857
34,8587,0.6607142857142857
34,12725,0.6607142857142857
34,8319,0.6057692307692308
34,7753,0.6057692307692308
34,10257,0.6057692307692308
33,15355,0.09090909090909091
33,12931,0.09090909090909091
33,6792,0.09090909090909091
33,12187,0.09090909090909091
33,9320,0.09090909090909091
33,2386,0.09090909090909091
33,2044,0.09090909090909091
33,8046,0.09090909090909091
33,7753,0.09090909090909091
33,8724,0.09090909090909091
48,12931,0.3484848484848485
48,1237,0.25757575757575757
48,8319,0.25757575757575757
48,6323,0.25757575757575757
48,9928,0.25757575757575757
48,5777,0.25757575757575757
48,4548,0.25757575757575757
48,10257,0.25757575757575757
48,7753,0.25757575757575757
48,16141,0.25757575757575757
4,7677,0.5
4,11151,0.5
4,11878,0.5
4,13878,0.5
4,13159,0.5
4,17995,0.5
4,8402,0.5
4,7753,0.5
4,9646,0.5
4,15481,0.5
46,12262,0.25757575757575757
46,1265,0.25757575757575757
46,7359,0.25757575757575757
46,12931,0.25757575757575757
46,4183,0.25757575757575757
46,11439,0.25757575757575757
46,6323,0.18181818181818182
46,397,0.18181818181818182
46,14412,0.18181818181818182
46,12187,0.16666666666666666
45,8530,0.0
45,12777,0.0
45,2386,0.0
45,8046,0.0
45,755,0.0
45,2739,0.0
45,16118,0.0
45,19483,0.0
45,16678,0.0
45,19036,0.0
29,8530,0.0
29,12777,0.0
29,2386,0.0
29,8046,0.0
29,755,0.0
29,2739,0.0
29,16118,0.0
29,19483,0.0
29,16678,0.0
29,19036,0.0
37,8530,0.0
37,12777,0.0
37,2386,0.0
37,8046,0.0
37,755,0.0
37,2739,0.0
37,16118,0.0
37,19483,0.0
37,16678,0.0
37,19036,0.0
18,11188,0.18181818181818182
18,397,0.18181818181818182
18,8587,0.18181818181818182
18,10202,0.18181818181818182
18,14621,0.18181818181818182
18,14412,0.18181818181818182
18,7531,0.18181818181818182
18,6323,0.18181818181818182
18,12725,0.18181818181818182
18,12185,0.09090909090909091
36,8530,0.0
36,12777,0.0
36,2386,0.0
36,8046,0.0
36,755,0.0
36,2739,0.0
36,16118,0.0
36,19483,0.0
36,16678,0.0
36,19036,0.0
11,3433,0.18181818181818182
11,13159,0.09090909090909091
11,12185,0.09090909090909091
11,7531,0.09090909090909091
11,7753,0.09090909090909091
11,9646,0.09090909090909091
11,7691,0.09090909090909091
11,14084,0.09090909090909091
11,16209,0.09090909090909091
11,16678,0.09090909090909091
31,10241,0.09090909090909091
31,8620,0.09090909090909091
31,10063,0.09090909090909091
31,6792,0.09090909090909091
31,8619,0.09090909090909091
31,2386,0.09090909090909091
31,3996,0.09090909090909091
31,12777,0.09090909090909091
31,12064,0.09090909090909091
31,8966,0.09090909090909091
9,8530,0.0
9,12777,0.0
9,2386,0.0
9,8046,0.0
9,755,0.0
9,2739,0.0
9,16118,0.0
9,19483,0.0
9,16678,0.0
9,19036,0.0
1,8530,0.0
1,12777,0.0
1,2386,0.0
1,8046,0.0
1,755,0.0
1,2739,0.0
1,16118,0.0
1,19483,0.0
1,16678,0.0
1,19036,0.0
49,8530,0.0
49,12777,0.0
49,2386,0.0
49,8046,0.0
49,755,0.0
49,2739,0.0
49,16118,0.0
49,19483,0.0
49,16678,0.0
49,19036,0.0
