17,8530,0.0
17,12777,0.0
17,2386,0.0
17,8046,0.0
17,755,0.0
17,2739,0.0
17,16118,0.0
17,19483,0.0
17,16678,0.0
17,19036,0.0
22,15067,0.15835042150831624
22,5681,0.09090909090909091
22,7827,0.09090909090909091
22,12211,0.09090909090909091
22,12321,0.09090909090909091
22,4588,0.09090909090909091
22,4548,0.09090909090909091
22,6014,0.09090909090909091
22,4342,0.09090909090909091
22,11400,0.09090909090909091
5,8530,0.0
5,8046,0.0
5,755,0.0
5,2739,0.0
5,16118,0.0
5,19483,0.0
5,16678,0.0
5,19036,0.0
5,18460,0.0
5,16209,0.0
2,8530,0.0
2,12777,0.0
2,2386,0.0
2,8046,0.0
2,755,0.0
2,2739,0.0
2,16118,0.0
2,19483,0.0
2,16678,0.0
2,19036,0.0
41,8530,0.0
41,12777,0.0
41,2386,0.0
41,8046,0.0
41,755,0.0
41,2739,0.0
41,16118,0.0
41,19483,0.0
41,16678,0.0
41,19036,0.0
50,6323,0.15335541651331125
50,5777,0.09090909090909091
50,15462,0.09090909090909091
50,15102,0.09090909090909091
50,12931,0.09090909090909091
50,9069,0.09090909090909091
50,15355,0.09090909090909091
50,12538,0.09090909090909091
50,14201,0.09090909090909091
50,4187,0.09090909090909091
38,8530,0.0
38,12777,0.0
38,2386,0.0
38,8046,0.0
38,755,0.0
38,2739,0.0
38,16118,0.0
38,19483,0.0
38,16678,0.0
38,19036,0.0
10,8530,0.0
10,12777,0.0
10,2386,0.0
10,8046,0.0
10,755,0.0
10,2739,0.0
10,16118,0.0
10,19483,0.0
10,16678,0.0
10,19036,0.0
27,12931,0.09090909090909091
27,7234,0.0896637608966376
27,16868,0.0896637608966376
27,7511,0.0896637608966376
27,19030,0.0896637608966376
27,18257,0.0896637608966376
27,8306,0.0896637608966376
27,19534,0.0896637608966376
27,12414,0.0896637608966376
27,3,0.0896637608966376
35,7441,0.2727272727272727
35,994,0.2727272727272727
35,6684,0.2727272727272727
35,2974,0.2727272727272727
35,2867,0.2727272727272727
35,1825,0.2727272727272727
35,1389,0.2727272727272727
35,7651,0.2727272727272727
35,1430,0.2727272727272727
35,11801,0.2727272727272727
15,8530,0.0
15,12777,0.0
15,2386,0.0
15,8046,0.0
15,755,0.0
15,2739,0.0
15,16118,0.0
15,19483,0.0
15,16678,0.0
15,19036,0.0
16,8530,0.0
16,12777,0.0
16,2386,0.0
16,8046,0.0
16,755,0.0
16,2739,0.0
16,16118,0.0
16,19483,0.0
16,16678,0.0
16,19036,0.0
30,8530,0.0
30,12777,0.0
30,2386,0.0
30,8046,0.0
30,755,0.0
30,2739,0.0
30,16118,0.0
30,19483,0.0
30,16678,0.0
30,19036,0.0
42,11794,0.09090909090909091
42,10868,0.09090909090909091
42,19348,0.09090909090909091
42,4137,0.08991008991008992
42,8319,0.08991008991008992
42,1704,0.08991008991008992
42,322,0.08991008991008992
42,9069,0.08055235903337168
42,15102,0.08055235903337168
42,5777,0.08055235903337168
44,8530,0.0
44,12777,0.0
44,2386,0.0
44,8046,0.0
44,755,0.0
44,2739,0.0
44,16118,0.0
44,19483,0.0
44,16678,0.0
44,19036,0.0
34,7753,0.16816516816516816
34,2494,0.09090909090909091
34,11392,0.09090909090909091
34,18170,0.09090909090909091
34,7419,0.09090909090909091
34,9588,0.09090909090909091
34,10313,0.09090909090909091
34,14084,0.09090909090909091
34,14201,0.09090909090909091
34,8050,0.09090909090909091
33,11794,0.09090909090909091
33,10868,0.09090909090909091
33,19348,0.09090909090909091
33,4137,0.08991008991008992
33,8319,0.08991008991008992
33,1704,0.08991008991008992
33,322,0.08991008991008992
33,9069,0.08055235903337168
33,15102,0.08055235903337168
33,5777,0.08055235903337168
48,11400,0.09090909090909091
48,4588,0.09090909090909091
48,7827,0.09090909090909091
48,4342,0.09090909090909091
48,6014,0.09090909090909091
48,12211,0.09090909090909091
48,4548,0.09090909090909091
48,7753,0.09090909090909091
48,12321,0.09090909090909091
48,8465,0.09090909090909091
4,12989,0.26556639159789946
4,15143,0.26556639159789946
4,250,0.26556639159789946
4,4997,0.26556639159789946
4,15766,0.26556639159789946
4,6122,0.26556639159789946
4,13070,0.26556639159789946
4,19818,0.26556639159789946
4,13030,0.26556639159789946
4,4901,0.26556639159789946
46,16141,0.09090909090909091
46,11630,0.09090909090909091
46,4329,0.08658008658008658
46,15067,0.08658008658008658
46,6034,0.08658008658008658
46,2494,0.08658008658008658
46,10479,0.08658008658008658
46,9588,0.08658008658008658
46,11392,0.08658008658008658
46,14201,0.08658008658008658
45,8530,0.0
45,12777,0.0
45,2386,0.0
45,8046,0.0
45,755,0.0
45,2739,0.0
45,16118,0.0
45,19483,0.0
45,16678,0.0
45,19036,0.0
29,8530,0.0
29,12777,0.0
29,2386,0.0
29,8046,0.0
29,755,0.0
29,2739,0.0
29,16118,0.0
29,19483,0.0
29,16678,0.0
29,19036,0.0
37,8530,0.0
37,12777,0.0
37,2386,0.0
37,8046,0.0
37,755,0.0
37,2739,0.0
37,16118,0.0
37,19483,0.0
37,16678,0.0
37,19036,0.0
18,8530,0.0
18,12777,0.0
18,2386,0.0
18,8046,0.0
18,755,0.0
18,2739,0.0
18,16118,0.0
18,19483,0.0
18,16678,0.0
18,19036,0.0
36,8530,0.0
36,12777,0.0
36,2386,0.0
36,8046,0.0
36,755,0.0
36,2739,0.0
36,16118,0.0
36,19483,0.0
36,16678,0.0
36,19036,0.0
11,8530,0.0
11,12777,0.0
11,2386,0.0
11,8046,0.0
11,755,0.0
11,2739,0.0
11,16118,0.0
11,19483,0.0
11,16678,0.0
11,19036,0.0
31,8530,0.0
31,12777,0.0
31,2386,0.0
31,8046,0.0
31,755,0.0
31,2739,0.0
31,16118,0.0
31,19483,0.0
31,16678,0.0
31,19036,0.0
9,8530,0.0
9,12777,0.0
9,2386,0.0
9,8046,0.0
9,755,0.0
9,2739,0.0
9,16118,0.0
9,19483,0.0
9,16678,0.0
9,19036,0.0
1,8530,0.0
1,12777,0.0
1,2386,0.0
1,8046,0.0
1,755,0.0
1,2739,0.0
1,16118,0.0
1,19483,0.0
1,16678,0.0
1,19036,0.0
49,8530,0.0
49,12777,0.0
49,2386,0.0
49,8046,0.0
49,755,0.0
49,2739,0.0
49,16118,0.0
49,19483,0.0
49,16678,0.0
49,19036,0.0
