448,189,1.666955145483401
448,200,0.8889425173931937
448,255,0.6915617150668136
448,22,0.05889340395781344
448,79,0.0
448,78,0.0
448,284,0.0
448,352,0.0
448,190,0.0
448,416,0.0
444,119,0.0
444,20,0.0
444,399,0.0
444,476,0.0
444,264,0.0
444,200,0.0
444,189,0.0
444,362,0.0
444,17,0.0
444,16,0.0
450,119,1.4547850615984916
450,20,0.7108688138128983
450,189,0.1476858906603347
450,200,0.07659793316295993
450,287,0.005135855223666508
450,16,0.0
450,310,0.0
450,362,0.0
450,59,0.0
450,17,0.0
445,119,0.03208579581198314
445,399,0.0
445,264,0.0
445,476,0.0
445,17,0.0
445,200,0.0
445,189,0.0
445,362,0.0
445,16,0.0
445,310,0.0
446,264,0.48169670987357444
446,119,0.0
446,20,0.0
446,399,0.0
446,476,0.0
446,310,0.0
446,189,0.0
446,362,0.0
446,17,0.0
446,16,0.0
447,399,0.967638194820691
447,200,0.8668230313051446
447,189,0.5119187638435257
447,94,0.3808029117068721
447,287,0.3030613458738833
447,20,0.25848099125955
447,476,0.0
447,134,0.0
447,17,0.0
447,59,0.0
449,264,0.43604181944171194
449,399,0.33019187960297686
449,119,0.17604533948490744
449,189,0.12158030020327656
449,20,0.0
449,476,0.0
449,200,0.0
449,17,0.0
449,310,0.0
449,16,0.0
522,119,4.063375825932762
522,362,2.1606648198554117
522,78,2.1606648198554117
522,94,1.6123496288466956
522,255,0.049332460105741605
522,476,0.0
522,17,0.0
522,134,0.0
522,22,0.0
522,59,0.0
524,119,0.6941656363080879
524,310,0.35254278354841434
524,287,0.2525511215615694
524,94,0.0
524,476,0.0
524,399,0.0
524,59,0.0
524,189,0.0
524,362,0.0
524,17,0.0
516,20,3.4035074287995104
516,94,1.8926248129405052
516,310,0.5668612672659048
516,476,0.0
516,17,0.0
516,362,0.0
516,134,0.0
516,16,0.0
516,59,0.0
516,78,0.0
619,476,0.0
619,362,0.0
619,17,0.0
619,59,0.0
619,134,0.0
619,78,0.0
619,22,0.0
619,284,0.0
619,352,0.0
619,416,0.0
494,119,2.1876071271405593
494,264,1.8436062083789826
494,20,1.6316665149147194
494,94,0.9739325503211829
494,287,0.1579178743775656
494,255,0.03836969119335458
494,362,0.0
494,59,0.0
494,17,0.0
494,16,0.0
655,399,2.6061603892058134
655,200,0.3719283106141912
655,310,0.2519383410070688
655,287,0.09684202778903729
655,255,0.021925537824774046
655,79,0.0
655,17,0.0
655,59,0.0
655,134,0.0
655,16,0.0
466,119,0.6111720914832688
466,94,0.2160214814539797
466,20,0.20454064834190822
466,264,0.18967723561459413
466,200,0.0
466,17,0.0
466,189,0.0
466,16,0.0
466,310,0.0
466,362,0.0
523,119,0.03208579581198314
523,399,0.0
523,264,0.0
523,476,0.0
523,17,0.0
523,200,0.0
523,189,0.0
523,362,0.0
523,16,0.0
523,310,0.0
620,20,3.1254569233327363
620,94,2.8987937811644544
620,200,1.4881390117283897
620,255,1.0426400427882572
620,476,0.0
620,17,0.0
620,59,0.0
620,134,0.0
620,16,0.0
620,22,0.0
570,94,0.21760166383249835
570,399,0.1755739632084213
570,264,0.15888002298805318
570,20,0.1477034235768857
570,189,0.011408388273212784
570,200,0.0
570,17,0.0
570,362,0.0
570,16,0.0
570,310,0.0
544,264,2.6893472237772356
544,310,0.5668612672659048
544,287,0.22281116503802542
544,476,0.0
544,17,0.0
544,362,0.0
544,134,0.0
544,16,0.0
544,59,0.0
544,78,0.0
618,94,0.7992125320082035
618,399,0.71915109372294
618,200,0.33899900168922004
618,189,0.025668873614728763
618,476,0.0
618,362,0.0
618,17,0.0
618,310,0.0
618,16,0.0
618,59,0.0
640,399,2.5900816086829987
640,264,1.8988132610480273
640,200,0.7137348777271731
640,310,0.5668612672659048
640,287,0.20964050948729845
640,255,0.049332460105741605
640,362,0.0
640,59,0.0
640,17,0.0
640,16,0.0
487,94,0.3808029117068721
487,399,0.3072544356147373
487,264,0.27804004022909307
487,20,0.25848099125955
487,189,0.019964679478122374
487,200,0.0
487,17,0.0
487,362,0.0
487,16,0.0
487,310,0.0
610,94,0.4896037436231213
610,399,0.3950414172189479
610,264,0.35748005172311964
610,20,0.33233270304799284
610,189,0.025668873614728763
610,200,0.0
610,17,0.0
610,362,0.0
610,16,0.0
610,310,0.0
492,94,1.9084478797291407
492,200,0.6152518208033675
492,310,0.5668612672659048
492,287,0.20303726705687009
492,255,0.049332460105741605
492,134,0.0
492,17,0.0
492,362,0.0
492,16,0.0
492,59,0.0
569,20,2.383437502603053
569,94,1.692426398275161
569,310,0.5668612672659048
569,287,0.20303726705687009
569,255,0.049332460105741605
569,134,0.0
569,17,0.0
569,362,0.0
569,16,0.0
569,59,0.0
518,119,0.0
518,20,0.0
518,399,0.0
518,476,0.0
518,264,0.0
518,200,0.0
518,189,0.0
518,362,0.0
518,17,0.0
518,16,0.0
481,94,0.5440041595812459
481,399,0.4389349080210533
481,264,0.39720005747013293
481,20,0.36925855894221427
481,189,0.02852097068303196
481,200,0.0
481,17,0.0
481,362,0.0
481,16,0.0
481,310,0.0
624,119,1.6762387605207176
624,20,1.4680339962411928
624,399,1.1478305186481843
624,264,1.0897435325453393
624,94,0.8011153651579991
624,200,0.47852919395817467
624,310,0.4408920967623704
624,287,0.1579178743775656
624,255,0.03836969119335458
624,362,0.0
514,94,0.4896037436231213
514,399,0.3950414172189479
514,264,0.35748005172311964
514,20,0.33233270304799284
514,189,0.025668873614728763
514,200,0.0
514,17,0.0
514,362,0.0
514,16,0.0
514,310,0.0
592,94,0.4896037436231213
592,399,0.3950414172189479
592,264,0.35748005172311964
592,20,0.33233270304799284
592,189,0.025668873614728763
592,200,0.0
592,17,0.0
592,362,0.0
592,16,0.0
592,310,0.0
454,119,0.0
454,20,0.0
454,399,0.0
454,476,0.0
454,264,0.0
454,200,0.0
454,189,0.0
454,362,0.0
454,17,0.0
454,16,0.0
486,94,0.3264024957487475
486,399,0.26336094481263195
486,264,0.23832003448207978
486,20,0.22155513536532856
486,189,0.017112582409819176
486,200,0.0
486,17,0.0
486,362,0.0
486,16,0.0
486,310,0.0
560,119,1.2852858635016988
560,399,0.8509385684655586
560,20,0.7561856890385401
560,264,0.259394399007654
560,189,0.18988185942043032
560,200,0.09848305692380563
560,287,0.006603242430428368
560,362,0.0
560,17,0.0
560,16,0.0
489,94,0.3808029117068721
489,200,0.32929317968397404
489,399,0.3072544356147373
489,264,0.27804004022909307
489,189,0.2687581634369727
489,476,0.0
489,16,0.0
489,362,0.0
489,59,0.0
489,17,0.0
477,119,2.1964172867134724
477,399,1.4757820954048082
477,264,1.4010988275582936
477,94,1.0300054694888559
477,200,0.6152518208033675
477,310,0.5668612672659048
477,287,0.20303726705687009
477,255,0.049332460105741605
477,362,0.0
477,17,0.0
612,119,0.0
612,20,0.0
612,399,0.0
612,476,0.0
612,264,0.0
612,200,0.0
612,189,0.0
612,362,0.0
612,17,0.0
612,16,0.0
451,119,3.0703362136580563
451,264,1.9230070561106647
451,189,0.521971698749041
451,476,0.0
451,362,0.0
451,17,0.0
451,59,0.0
451,78,0.0
451,16,0.0
451,134,0.0
639,20,0.8031672525330081
639,94,0.4896037436231213
639,399,0.3950414172189479
639,264,0.35748005172311964
639,189,0.1380927931672291
639,287,0.021951092584544946
639,17,0.0
639,16,0.0
639,362,0.0
639,310,0.0
654,399,1.1142995132781905
654,20,0.9777408244038687
654,189,0.20699444183024948
654,287,0.006603242430428368
654,476,0.0
654,362,0.0
654,17,0.0
654,310,0.0
654,16,0.0
654,59,0.0
607,119,2.1617030269399278
607,20,0.9607263373804483
607,189,0.18988185942043032
607,287,0.006603242430428368
607,476,0.0
607,362,0.0
607,17,0.0
607,310,0.0
607,16,0.0
607,59,0.0
471,119,1.2852858635016988
471,399,0.8509385684655586
471,20,0.7561856890385401
471,264,0.259394399007654
471,189,0.18988185942043032
471,200,0.09848305692380563
471,287,0.006603242430428368
471,362,0.0
471,17,0.0
471,16,0.0
657,20,1.3748752997652045
657,264,0.8824225805912054
657,189,0.2155507330351591
657,200,0.09848305692380563
657,287,0.006603242430428368
657,16,0.0
657,310,0.0
657,362,0.0
657,59,0.0
657,17,0.0
632,119,0.0
632,20,0.0
632,399,0.0
632,476,0.0
632,264,0.0
632,200,0.0
632,189,0.0
632,362,0.0
632,17,0.0
632,16,0.0
578,119,2.637720763653855
578,264,1.9364874537062733
578,200,0.7137348777271731
578,310,0.5668612672659048
578,19,0.2265861367423333
578,287,0.20964050948729845
578,255,0.049332460105741605
578,22,0.00484539003853299
578,17,0.0
578,16,0.0
660,399,1.2459799856845066
660,20,1.088518392086533
660,189,0.2155507330351591
660,200,0.09848305692380563
660,287,0.006603242430428368
660,16,0.0
660,310,0.0
660,362,0.0
660,59,0.0
660,17,0.0
519,94,0.4896037436231213
519,399,0.3950414172189479
519,264,0.35748005172311964
519,20,0.33233270304799284
519,189,0.025668873614728763
519,200,0.0
519,17,0.0
519,362,0.0
519,16,0.0
519,310,0.0
588,119,0.11591713468097234
588,399,0.0
588,200,0.0
588,476,0.0
588,16,0.0
588,189,0.0
588,362,0.0
588,17,0.0
588,310,0.0
588,59,0.0
605,94,0.4896037436231213
605,399,0.3950414172189479
605,264,0.35748005172311964
605,189,0.025668873614728763
605,200,0.0
605,16,0.0
605,362,0.0
605,310,0.0
605,59,0.0
605,17,0.0
540,119,0.04125316604397832
540,399,0.0
540,264,0.0
540,476,0.0
540,17,0.0
540,200,0.0
540,189,0.0
540,362,0.0
540,16,0.0
540,310,0.0
653,119,0.1768300479699736
653,20,0.0
653,476,0.0
653,399,0.0
653,17,0.0
653,200,0.0
653,189,0.0
653,362,0.0
653,16,0.0
653,310,0.0
535,119,0.0
535,20,0.0
535,399,0.0
535,476,0.0
535,264,0.0
535,200,0.0
535,189,0.0
535,362,0.0
535,17,0.0
535,16,0.0
484,399,1.2459799856845066
484,264,0.6168744507307736
484,189,0.2155507330351591
484,200,0.09848305692380563
484,287,0.006603242430428368
484,16,0.0
484,310,0.0
484,362,0.0
484,59,0.0
484,17,0.0
566,119,2.3853956281715827
566,264,1.2029343104558914
566,20,1.1243588560539748
566,189,0.18988185942043032
566,287,0.006603242430428368
566,16,0.0
566,310,0.0
566,362,0.0
566,59,0.0
566,17,0.0
591,94,0.4896037436231213
591,399,0.3950414172189479
591,264,0.35748005172311964
591,20,0.33233270304799284
591,189,0.025668873614728763
591,200,0.0
591,17,0.0
591,362,0.0
591,16,0.0
591,310,0.0
611,287,1.0298060267911855
611,255,0.662205055121677
611,94,0.6097650907308051
611,310,0.3132185753064647
611,189,0.2030393760065023
611,264,0.16669605398927462
611,119,0.028038366791532994
611,16,0.0
611,399,0.0
611,200,0.0
525,20,1.4566915591019678
525,189,0.2155507330351591
525,287,0.006603242430428368
525,476,0.0
525,362,0.0
525,16,0.0
525,59,0.0
525,17,0.0
525,310,0.0
525,134,0.0
635,119,0.022918425579987956
635,399,0.0
635,264,0.0
635,476,0.0
635,17,0.0
635,200,0.0
635,189,0.0
635,362,0.0
635,16,0.0
635,310,0.0
609,119,0.0
609,20,0.0
609,399,0.0
609,476,0.0
609,264,0.0
609,200,0.0
609,189,0.0
609,362,0.0
609,17,0.0
609,16,0.0
483,94,0.8784424102402848
483,20,0.7005058700634277
483,264,0.6988990758293891
483,189,0.025668873614728763
483,200,0.0
483,16,0.0
483,362,0.0
483,310,0.0
483,59,0.0
483,17,0.0
458,200,0.5762630644469545
458,189,0.435388596927988
458,119,0.0
458,20,0.0
458,399,0.0
458,476,0.0
458,264,0.0
458,362,0.0
458,17,0.0
458,16,0.0
496,200,0.16464658984198702
496,189,0.12439674197942514
496,119,0.0
496,20,0.0
496,399,0.0
496,476,0.0
496,264,0.0
496,362,0.0
496,17,0.0
496,16,0.0
642,119,0.14080512422663702
642,189,0.022484783910500072
642,287,0.004390218516908989
642,200,0.0
642,16,0.0
642,476,0.0
642,310,0.0
642,59,0.0
642,362,0.0
642,17,0.0
526,94,0.4896037436231213
526,399,0.3950414172189479
526,264,0.35748005172311964
526,20,0.33233270304799284
526,189,0.025668873614728763
526,200,0.0
526,17,0.0
526,362,0.0
526,16,0.0
526,310,0.0
459,119,1.2852858635016988
459,399,0.8509385684655586
459,20,0.7561856890385401
459,264,0.259394399007654
459,189,0.18988185942043032
459,200,0.09848305692380563
459,287,0.006603242430428368
459,362,0.0
459,17,0.0
459,16,0.0
616,94,0.5440041595812459
616,399,0.4389349080210533
616,264,0.39720005747013293
616,20,0.36925855894221427
616,189,0.02852097068303196
616,200,0.0
616,17,0.0
616,362,0.0
616,16,0.0
616,310,0.0
641,264,1.204241774683936
641,119,0.0
641,20,0.0
641,399,0.0
641,476,0.0
641,310,0.0
641,189,0.0
641,362,0.0
641,17,0.0
641,16,0.0
478,119,2.155164120669494
478,264,2.0032197149002617
478,20,1.8874722808815338
478,399,1.4757820954048082
478,94,1.0300054694888559
478,310,0.5668612672659048
478,287,0.20303726705687009
478,255,0.049332460105741605
478,362,0.0
478,17,0.0
493,119,1.2852858635016988
493,399,0.8509385684655586
493,20,0.7561856890385401
493,264,0.259394399007654
493,189,0.18988185942043032
493,200,0.09848305692380563
493,287,0.006603242430428368
493,362,0.0
493,17,0.0
493,16,0.0
553,119,1.1001097646698839
553,94,0.38883866661716343
553,20,0.3681731670154348
553,264,0.34141902410626945
553,200,0.0
553,17,0.0
553,189,0.0
553,16,0.0
553,310,0.0
553,362,0.0
601,119,1.4280954038907765
601,399,0.9454872982950652
601,20,0.8402063211539335
601,264,0.28821599889739336
601,189,0.21097984380047813
601,200,0.10942561880422848
601,287,0.007336936033809298
601,362,0.0
601,17,0.0
601,16,0.0
583,119,0.02750211069598555
583,399,0.0
583,264,0.0
583,476,0.0
583,17,0.0
583,200,0.0
583,189,0.0
583,362,0.0
583,16,0.0
583,310,0.0
617,264,2.486448095764114
617,94,1.1403437045919103
617,310,0.4230513402580972
617,189,0.025668873614728763
617,476,0.0
617,362,0.0
617,59,0.0
617,134,0.0
617,17,0.0
617,79,0.0
576,119,0.0
576,20,0.0
576,399,0.0
576,476,0.0
576,264,0.0
576,200,0.0
576,189,0.0
576,362,0.0
576,17,0.0
576,16,0.0
464,119,0.6111720914832688
464,94,0.2160214814539797
464,20,0.20454064834190822
464,264,0.18967723561459413
464,200,0.0
464,17,0.0
464,189,0.0
464,16,0.0
464,310,0.0
464,362,0.0
474,20,1.3339671700968228
474,264,0.8444871334682866
474,189,0.2155507330351591
474,200,0.09848305692380563
474,287,0.006603242430428368
474,16,0.0
474,310,0.0
474,362,0.0
474,59,0.0
474,17,0.0
662,119,0.022430693433226394
662,20,0.0
662,476,0.0
662,399,0.0
662,362,0.0
662,264,0.0
662,200,0.0
662,189,0.0
662,17,0.0
662,16,0.0
627,119,1.2852858635016988
627,399,0.8509385684655586
627,20,0.7561856890385401
627,264,0.259394399007654
627,189,0.18988185942043032
627,200,0.09848305692380563
627,287,0.006603242430428368
627,362,0.0
627,17,0.0
627,16,0.0
561,119,1.1001097646698839
561,94,0.38883866661716343
561,20,0.3681731670154348
561,264,0.34141902410626945
561,200,0.0
561,17,0.0
561,189,0.0
561,16,0.0
561,310,0.0
561,362,0.0
557,119,0.8568572423344658
557,399,0.5672923789770391
557,20,0.5041237926923601
557,264,0.172929599338436
557,189,0.12658790628028688
557,200,0.06565537128253708
557,287,0.004402161620285578
557,362,0.0
557,17,0.0
557,16,0.0
634,94,0.4896037436231213
634,399,0.3950414172189479
634,264,0.35748005172311964
634,20,0.33233270304799284
634,189,0.025668873614728763
634,200,0.0
634,17,0.0
634,362,0.0
634,16,0.0
634,310,0.0
606,94,0.4896037436231213
606,399,0.3950414172189479
606,264,0.35748005172311964
606,20,0.33233270304799284
606,189,0.025668873614728763
606,200,0.0
606,17,0.0
606,362,0.0
606,16,0.0
606,310,0.0
638,119,0.0
638,20,0.0
638,399,0.0
638,476,0.0
638,264,0.0
638,200,0.0
638,189,0.0
638,362,0.0
638,17,0.0
638,16,0.0
565,119,1.2852858635016988
565,399,0.8509385684655586
565,20,0.7561856890385401
565,264,0.259394399007654
565,189,0.18988185942043032
565,200,0.09848305692380563
565,287,0.006603242430428368
565,362,0.0
565,17,0.0
565,16,0.0
633,119,0.0
633,20,0.0
633,399,0.0
633,476,0.0
633,264,0.0
633,200,0.0
633,189,0.0
633,362,0.0
633,17,0.0
633,16,0.0
556,264,0.7737398761105085
556,20,0.6931467435129812
556,119,0.3786434607567641
556,200,0.2966241264780675
556,399,0.2835959669409931
556,94,0.2709076898369469
556,362,0.0
556,17,0.0
556,189,0.0
556,16,0.0
452,264,0.48169670987357444
452,119,0.0
452,20,0.0
452,399,0.0
452,476,0.0
452,310,0.0
452,189,0.0
452,362,0.0
452,17,0.0
452,16,0.0
650,119,1.0253433799167733
650,189,0.2295614186692023
650,94,0.2160214814539797
650,287,0.013170655550726967
650,476,0.0
650,17,0.0
650,310,0.0
650,16,0.0
650,59,0.0
650,134,0.0
550,20,2.3373508789564093
550,94,1.7507985312729164
550,200,0.546890507380771
550,310,0.5038766820141376
550,287,0.18047757071721784
550,255,0.04385107564954809
550,362,0.0
550,59,0.0
550,16,0.0
550,17,0.0
651,399,1.7456658111440033
651,200,0.5331743709157536
651,189,0.23664871741520688
651,476,0.0
651,362,0.0
651,17,0.0
651,310,0.0
651,134,0.0
651,16,0.0
651,59,0.0
521,119,1.1973134003719412
521,20,1.0485957116008522
521,399,0.8198789418915602
521,264,0.7783882375323853
521,94,0.5722252608271422
521,200,0.3418065671129819
521,310,0.314922926258836
521,287,0.11279848169826115
521,255,0.02740692228096756
521,362,0.0
482,119,0.02750211069598555
482,399,0.0
482,264,0.0
482,476,0.0
482,17,0.0
482,200,0.0
482,189,0.0
482,362,0.0
482,16,0.0
482,310,0.0
479,119,0.6111720914832688
479,94,0.2160214814539797
479,20,0.20454064834190822
479,264,0.18967723561459413
479,200,0.0
479,17,0.0
479,189,0.0
479,16,0.0
479,310,0.0
479,362,0.0
546,119,0.6111720914832688
546,94,0.2160214814539797
546,20,0.20454064834190822
546,264,0.18967723561459413
546,200,0.0
546,17,0.0
546,189,0.0
546,16,0.0
546,310,0.0
546,362,0.0
539,119,0.9578507202975529
539,20,0.8388765692806817
539,399,0.6559031535132481
539,264,0.6227105900259082
539,94,0.45778020866171376
539,200,0.2734452536903855
539,310,0.2519383410070688
539,287,0.09023878535860892
539,255,0.021925537824774046
539,362,0.0
548,119,2.1964172867134724
548,399,1.4757820954048082
548,264,1.4010988275582936
548,94,1.0300054694888559
548,200,0.6152518208033675
548,310,0.5668612672659048
548,287,0.20303726705687009
548,255,0.049332460105741605
548,362,0.0
548,17,0.0
603,264,0.9582934748370431
603,189,0.2155507330351591
603,200,0.09848305692380563
603,287,0.006603242430428368
603,476,0.0
603,362,0.0
603,17,0.0
603,310,0.0
603,16,0.0
603,59,0.0
554,119,1.1001097646698839
554,94,0.38883866661716343
554,20,0.3681731670154348
554,264,0.34141902410626945
554,200,0.0
554,17,0.0
554,189,0.0
554,16,0.0
554,310,0.0
554,362,0.0
513,94,0.5440041595812459
513,399,0.4389349080210533
513,264,0.39720005747013293
513,20,0.36925855894221427
513,189,0.02852097068303196
513,200,0.0
513,17,0.0
513,362,0.0
513,16,0.0
513,310,0.0
552,399,1.2459799856845066
552,20,1.088518392086533
552,264,0.6168744507307736
552,189,0.2155507330351591
552,200,0.09848305692380563
552,287,0.006603242430428368
552,17,0.0
552,16,0.0
552,362,0.0
552,310,0.0
500,94,0.5440041595812459
500,399,0.4389349080210533
500,264,0.39720005747013293
500,20,0.36925855894221427
500,189,0.02852097068303196
500,200,0.0
500,17,0.0
500,362,0.0
500,16,0.0
500,310,0.0
648,119,0.0
648,20,0.0
648,399,0.0
648,476,0.0
648,264,0.0
648,200,0.0
648,189,0.0
648,362,0.0
648,17,0.0
648,16,0.0
520,119,0.0
520,20,0.0
520,399,0.0
520,476,0.0
520,264,0.0
520,200,0.0
520,189,0.0
520,362,0.0
520,17,0.0
520,16,0.0
555,119,1.2852858635016988
555,399,0.8509385684655586
555,20,0.7561856890385401
555,264,0.259394399007654
555,189,0.18988185942043032
555,200,0.09848305692380563
555,287,0.006603242430428368
555,362,0.0
555,17,0.0
555,16,0.0
460,119,0.0
460,20,0.0
460,399,0.0
460,476,0.0
460,264,0.0
460,200,0.0
460,189,0.0
460,362,0.0
460,17,0.0
460,16,0.0
506,119,0.9578507202975529
506,20,0.8388765692806817
506,399,0.6559031535132481
506,264,0.6227105900259082
506,94,0.45778020866171376
506,200,0.2734452536903855
506,310,0.2519383410070688
506,287,0.09023878535860892
506,255,0.021925537824774046
506,362,0.0
649,119,0.009167370231995183
649,399,0.0
649,264,0.0
649,476,0.0
649,17,0.0
649,200,0.0
649,189,0.0
649,362,0.0
649,16,0.0
649,310,0.0
602,119,0.2652450719549604
602,20,0.0
602,476,0.0
602,399,0.0
602,17,0.0
602,200,0.0
602,189,0.0
602,362,0.0
602,16,0.0
602,310,0.0
533,119,1.2852858635016988
533,399,0.8509385684655586
533,20,0.7561856890385401
533,264,0.259394399007654
533,189,0.18988185942043032
533,200,0.09848305692380563
533,287,0.006603242430428368
533,362,0.0
533,17,0.0
533,16,0.0
491,94,1.2778232492509776
491,20,0.901047697934011
491,255,0.5763014292223447
491,399,0.5411494442146383
491,310,0.5174058601531429
491,189,0.48741788342040265
491,264,0.40279258273360213
491,16,0.34290761102197814
491,287,0.30559405503298526
491,119,0.1750990638463868
621,119,4.440515647677921
621,16,0.6858152220439563
621,476,0.0
621,59,0.0
621,17,0.0
621,284,0.0
621,416,0.0
621,79,0.0
621,78,0.0
621,352,0.0
498,119,0.0
498,20,0.0
498,399,0.0
498,476,0.0
498,264,0.0
498,200,0.0
498,189,0.0
498,362,0.0
498,17,0.0
498,16,0.0
590,119,2.6100320912672093
590,189,0.18988185942043032
590,200,0.09848305692380563
590,287,0.006603242430428368
590,476,0.0
590,362,0.0
590,17,0.0
590,310,0.0
590,16,0.0
590,59,0.0
574,399,1.2459799856845066
574,20,1.088518392086533
574,264,0.6168744507307736
574,189,0.2155507330351591
574,200,0.09848305692380563
574,287,0.006603242430428368
574,17,0.0
574,16,0.0
574,362,0.0
574,310,0.0
575,94,0.4896037436231213
575,399,0.3950414172189479
575,264,0.35748005172311964
575,20,0.33233270304799284
575,189,0.025668873614728763
575,200,0.0
575,17,0.0
575,362,0.0
575,16,0.0
575,310,0.0
453,200,0.5762630644469545
453,189,0.435388596927988
453,119,0.0
453,20,0.0
453,399,0.0
453,476,0.0
453,264,0.0
453,362,0.0
453,17,0.0
453,16,0.0
564,119,0.1768300479699736
564,20,0.0
564,476,0.0
564,399,0.0
564,17,0.0
564,200,0.0
564,189,0.0
564,362,0.0
564,16,0.0
564,310,0.0
562,119,1.2852858635016988
562,399,0.8509385684655586
562,20,0.7561856890385401
562,264,0.259394399007654
562,189,0.18988185942043032
562,200,0.09848305692380563
562,287,0.006603242430428368
562,362,0.0
562,17,0.0
562,16,0.0
643,119,1.3036206039656892
643,399,0.8509385684655586
643,264,0.259394399007654
643,189,0.18988185942043032
643,200,0.09848305692380563
643,287,0.006603242430428368
643,17,0.0
643,16,0.0
643,362,0.0
643,310,0.0
501,119,0.022918425579987956
501,399,0.0
501,264,0.0
501,476,0.0
501,17,0.0
501,200,0.0
501,189,0.0
501,362,0.0
501,16,0.0
501,310,0.0
571,264,0.6139461294325126
571,79,0.03008674713826418
571,200,0.005852678362648298
571,20,0.005491755864970195
571,476,0.0
571,362,0.0
571,399,0.0
571,17,0.0
571,16,0.0
571,189,0.0
508,119,0.0
508,20,0.0
508,399,0.0
508,476,0.0
508,264,0.0
508,200,0.0
508,189,0.0
508,362,0.0
508,17,0.0
508,16,0.0
656,119,1.2852858635016988
656,399,0.8509385684655586
656,20,0.7561856890385401
656,264,0.259394399007654
656,189,0.18988185942043032
656,200,0.09848305692380563
656,287,0.006603242430428368
656,362,0.0
656,17,0.0
656,16,0.0
499,119,0.03208579581198314
499,399,0.0
499,264,0.0
499,476,0.0
499,17,0.0
499,200,0.0
499,189,0.0
499,362,0.0
499,16,0.0
499,310,0.0
637,119,0.04125316604397832
637,399,0.0
637,264,0.0
637,476,0.0
637,17,0.0
637,200,0.0
637,189,0.0
637,362,0.0
637,16,0.0
637,310,0.0
586,94,0.27200207979062296
586,399,0.21946745401052664
586,264,0.19860002873506646
586,20,0.18462927947110713
586,189,0.01426048534151598
586,200,0.0
586,17,0.0
586,362,0.0
586,16,0.0
586,310,0.0
527,119,0.0
527,20,0.0
527,399,0.0
527,476,0.0
527,264,0.0
527,200,0.0
527,189,0.0
527,362,0.0
527,17,0.0
527,16,0.0
626,119,0.009167370231995183
626,399,0.0
626,264,0.0
626,476,0.0
626,17,0.0
626,200,0.0
626,189,0.0
626,362,0.0
626,16,0.0
626,310,0.0
551,119,0.0
551,20,0.0
551,399,0.0
551,476,0.0
551,264,0.0
551,200,0.0
551,189,0.0
551,362,0.0
551,17,0.0
551,16,0.0
502,119,0.0
502,20,0.0
502,399,0.0
502,476,0.0
502,264,0.0
502,200,0.0
502,189,0.0
502,362,0.0
502,17,0.0
502,16,0.0
582,119,0.0
582,20,0.0
582,399,0.0
582,476,0.0
582,264,0.0
582,200,0.0
582,189,0.0
582,362,0.0
582,17,0.0
582,16,0.0
511,119,0.022918425579987956
511,399,0.0
511,264,0.0
511,476,0.0
511,17,0.0
511,200,0.0
511,189,0.0
511,362,0.0
511,16,0.0
511,310,0.0
573,119,0.20630172263163588
573,20,0.0
573,476,0.0
573,399,0.0
573,17,0.0
573,200,0.0
573,189,0.0
573,362,0.0
573,16,0.0
573,310,0.0
462,119,0.0
462,20,0.0
462,399,0.0
462,476,0.0
462,264,0.0
462,200,0.0
462,189,0.0
462,362,0.0
462,17,0.0
462,16,0.0
604,119,1.3265390295456772
604,399,0.8509385684655586
604,264,0.259394399007654
604,189,0.18988185942043032
604,200,0.09848305692380563
604,287,0.006603242430428368
604,17,0.0
604,16,0.0
604,362,0.0
604,310,0.0
473,119,1.2852858635016988
473,399,0.8509385684655586
473,20,0.7561856890385401
473,264,0.259394399007654
473,189,0.18988185942043032
473,200,0.09848305692380563
473,287,0.006603242430428368
473,362,0.0
473,17,0.0
473,16,0.0
488,119,0.018334740463990366
488,399,0.0
488,264,0.0
488,476,0.0
488,17,0.0
488,200,0.0
488,189,0.0
488,362,0.0
488,16,0.0
488,310,0.0
558,119,0.2226668991299495
558,399,0.0
558,200,0.0
558,476,0.0
558,16,0.0
558,189,0.0
558,362,0.0
558,17,0.0
558,310,0.0
558,59,0.0
613,119,0.0
613,20,0.0
613,399,0.0
613,476,0.0
613,264,0.0
613,200,0.0
613,189,0.0
613,362,0.0
613,17,0.0
613,16,0.0
547,94,0.8784424102402848
547,20,0.7005058700634277
547,264,0.6988990758293891
547,189,0.025668873614728763
547,200,0.0
547,16,0.0
547,362,0.0
547,310,0.0
547,59,0.0
547,17,0.0
505,119,0.0
505,20,0.0
505,399,0.0
505,476,0.0
505,264,0.0
505,200,0.0
505,189,0.0
505,362,0.0
505,17,0.0
505,16,0.0
595,119,0.0
595,20,0.0
595,399,0.0
595,476,0.0
595,264,0.0
595,200,0.0
595,189,0.0
595,362,0.0
595,17,0.0
595,16,0.0
658,94,0.4896037436231213
658,399,0.3950414172189479
658,264,0.35748005172311964
658,20,0.33233270304799284
658,189,0.025668873614728763
658,200,0.0
658,17,0.0
658,362,0.0
658,16,0.0
658,310,0.0
646,200,0.16464658984198702
646,189,0.12439674197942514
646,119,0.0
646,20,0.0
646,399,0.0
646,476,0.0
646,264,0.0
646,362,0.0
646,17,0.0
646,16,0.0
497,119,2.155164120669494
497,20,1.8874722808815338
497,399,1.4757820954048082
497,264,1.4010988275582936
497,94,1.0300054694888559
497,200,0.6152518208033675
497,310,0.5668612672659048
497,287,0.20303726705687009
497,255,0.049332460105741605
497,362,0.0
596,119,0.0
596,20,0.0
596,399,0.0
596,476,0.0
596,264,0.0
596,200,0.0
596,189,0.0
596,362,0.0
596,17,0.0
596,16,0.0
628,119,0.03208579581198314
628,399,0.0
628,264,0.0
628,476,0.0
628,17,0.0
628,200,0.0
628,189,0.0
628,362,0.0
628,16,0.0
628,310,0.0
630,119,0.1768300479699736
630,20,0.0
630,476,0.0
630,399,0.0
630,17,0.0
630,200,0.0
630,189,0.0
630,362,0.0
630,16,0.0
630,310,0.0
455,119,0.022918425579987956
455,399,0.0
455,264,0.0
455,476,0.0
455,17,0.0
455,200,0.0
455,189,0.0
455,362,0.0
455,16,0.0
455,310,0.0
622,264,0.5813890925889492
622,399,0.4402558394706358
622,119,0.26681291512519306
622,189,0.16210706693770208
622,476,0.0
622,200,0.0
622,17,0.0
622,16,0.0
622,59,0.0
622,310,0.0
580,119,1.2852858635016988
580,399,0.8509385684655586
580,20,0.7561856890385401
580,264,0.259394399007654
580,189,0.18988185942043032
580,200,0.09848305692380563
580,287,0.006603242430428368
580,362,0.0
580,17,0.0
580,16,0.0
530,399,1.2459799856845066
530,20,1.088518392086533
530,264,0.6168744507307736
530,189,0.2155507330351591
530,200,0.09848305692380563
530,287,0.006603242430428368
530,17,0.0
530,16,0.0
530,362,0.0
530,310,0.0
532,94,0.4896037436231213
532,399,0.3950414172189479
532,264,0.35748005172311964
532,189,0.025668873614728763
532,200,0.0
532,16,0.0
532,362,0.0
532,310,0.0
532,59,0.0
532,17,0.0
503,264,0.48169670987357444
503,119,0.0
503,20,0.0
503,399,0.0
503,476,0.0
503,310,0.0
503,189,0.0
503,362,0.0
503,17,0.0
503,16,0.0
652,94,0.3808029117068721
652,399,0.3072544356147373
652,264,0.27804004022909307
652,20,0.25848099125955
652,189,0.019964679478122374
652,200,0.0
652,17,0.0
652,362,0.0
652,16,0.0
652,310,0.0
456,119,0.0
456,20,0.0
456,399,0.0
456,476,0.0
456,264,0.0
456,200,0.0
456,189,0.0
456,362,0.0
456,17,0.0
456,16,0.0
457,119,0.022918425579987956
457,399,0.0
457,264,0.0
457,476,0.0
457,17,0.0
457,200,0.0
457,189,0.0
457,362,0.0
457,16,0.0
457,310,0.0
468,119,0.0
468,20,0.0
468,399,0.0
468,476,0.0
468,264,0.0
468,200,0.0
468,189,0.0
468,362,0.0
468,17,0.0
468,16,0.0
647,119,1.1001097646698839
647,94,0.38883866661716343
647,20,0.3681731670154348
647,264,0.34141902410626945
647,200,0.0
647,17,0.0
647,189,0.0
647,16,0.0
647,310,0.0
647,362,0.0
490,119,0.0
490,20,0.0
490,399,0.0
490,476,0.0
490,264,0.0
490,200,0.0
490,189,0.0
490,362,0.0
490,17,0.0
490,16,0.0
559,119,1.2852858635016988
559,399,0.8509385684655586
559,20,0.7561856890385401
559,264,0.259394399007654
559,189,0.18988185942043032
559,200,0.09848305692380563
559,287,0.006603242430428368
559,362,0.0
559,17,0.0
559,16,0.0
536,119,1.4280954038907765
536,399,0.9454872982950652
536,20,0.8402063211539335
536,264,0.28821599889739336
536,189,0.21097984380047813
536,200,0.10942561880422848
536,287,0.007336936033809298
536,362,0.0
536,17,0.0
536,16,0.0
470,119,0.8568572423344658
470,399,0.5672923789770391
470,20,0.5041237926923601
470,264,0.172929599338436
470,189,0.12658790628028688
470,200,0.06565537128253708
470,287,0.004402161620285578
470,362,0.0
470,17,0.0
470,16,0.0
615,119,1.1424763231126212
615,399,0.7563898386360521
615,20,0.6721650569231468
615,264,0.23057279911791467
615,189,0.1687838750403825
615,200,0.08754049504338278
615,287,0.005869548827047438
615,362,0.0
615,17,0.0
615,16,0.0
531,119,0.022918425579987956
531,399,0.0
531,264,0.0
531,476,0.0
531,17,0.0
531,200,0.0
531,189,0.0
531,362,0.0
531,16,0.0
531,310,0.0
563,119,0.04125316604397832
563,399,0.0
563,264,0.0
563,476,0.0
563,17,0.0
563,200,0.0
563,189,0.0
563,362,0.0
563,16,0.0
563,310,0.0
480,119,0.02750211069598555
480,399,0.0
480,264,0.0
480,476,0.0
480,17,0.0
480,200,0.0
480,189,0.0
480,362,0.0
480,16,0.0
480,310,0.0
636,119,0.7334065097799226
636,94,0.2592257777447756
636,20,0.24544877801028986
636,264,0.22761268273751295
636,200,0.0
636,17,0.0
636,189,0.0
636,16,0.0
636,310,0.0
636,362,0.0
467,119,0.0
467,20,0.0
467,399,0.0
467,476,0.0
467,264,0.0
467,200,0.0
467,189,0.0
467,362,0.0
467,17,0.0
467,16,0.0
567,200,0.32929317968397404
567,189,0.2487934839588503
567,119,0.0
567,20,0.0
567,399,0.0
567,476,0.0
567,264,0.0
567,362,0.0
567,17,0.0
567,16,0.0
537,200,0.41161647460496753
537,189,0.31099185494856285
537,119,0.0
537,20,0.0
537,399,0.0
537,476,0.0
537,264,0.0
537,362,0.0
537,17,0.0
537,16,0.0
543,119,0.1768300479699736
543,20,0.0
543,476,0.0
543,399,0.0
543,17,0.0
543,200,0.0
543,189,0.0
543,362,0.0
543,16,0.0
543,310,0.0
666,399,1.9427242357169814
666,20,1.6768288159121119
666,189,1.1012067208862915
666,200,0.727826585947184
666,476,0.0
666,134,0.0
666,17,0.0
666,78,0.0
666,284,0.0
666,16,0.0
670,119,0.5712381615563106
670,399,0.37819491931802607
670,20,0.3360825284615734
670,264,0.11528639955895734
670,189,0.08439193752019125
670,200,0.04377024752169139
670,287,0.002934774413523719
670,362,0.0
670,17,0.0
670,16,0.0
674,119,0.5301908392305934
674,94,0.17281718516318376
674,264,0.1517417884916753
674,59,0.0
674,200,0.0
674,362,0.0
674,16,0.0
674,189,0.0
674,17,0.0
674,310,0.0
663,399,2.046092955351461
663,119,1.8532229153723516
663,20,1.4140375430614094
663,200,0.8150570563131369
663,79,0.2153302131886851
663,287,0.10414910606440511
663,16,0.0
663,59,0.0
663,362,0.0
663,17,0.0
673,94,0.7168213447444297
673,20,0.5328910776157408
673,189,0.02852097068303196
673,476,0.0
673,362,0.0
673,16,0.0
673,59,0.0
673,17,0.0
673,310,0.0
673,287,0.0
669,119,0.6111720914832688
669,94,0.2160214814539797
669,20,0.20454064834190822
669,264,0.18967723561459413
669,200,0.0
669,17,0.0
669,189,0.0
669,16,0.0
669,310,0.0
669,362,0.0
672,94,0.4896037436231213
672,200,0.41161647460496753
672,399,0.3950414172189479
672,189,0.3366607285632916
672,20,0.33233270304799284
672,476,0.0
672,16,0.0
672,362,0.0
672,59,0.0
672,17,0.0
667,94,0.4896037436231213
667,399,0.3950414172189479
667,264,0.35748005172311964
667,20,0.33233270304799284
667,189,0.025668873614728763
667,200,0.0
667,17,0.0
667,362,0.0
667,16,0.0
667,310,0.0
675,119,0.022918425579987956
675,399,0.0
675,264,0.0
675,476,0.0
675,17,0.0
675,200,0.0
675,189,0.0
675,362,0.0
675,16,0.0
675,310,0.0
668,119,0.05046906022475939
668,20,0.0
668,476,0.0
668,399,0.0
668,362,0.0
668,264,0.0
668,200,0.0
668,189,0.0
668,17,0.0
668,16,0.0
439,119,0.022918425579987956
439,399,0.0
439,264,0.0
439,476,0.0
439,17,0.0
439,200,0.0
439,189,0.0
439,362,0.0
439,16,0.0
439,310,0.0
426,94,0.3808029117068721
426,399,0.3072544356147373
426,264,0.27804004022909307
426,20,0.25848099125955
426,189,0.019964679478122374
426,200,0.0
426,17,0.0
426,362,0.0
426,16,0.0
426,310,0.0
424,119,0.0
424,20,0.0
424,399,0.0
424,476,0.0
424,264,0.0
424,200,0.0
424,189,0.0
424,362,0.0
424,17,0.0
424,16,0.0
435,94,0.3808029117068721
435,399,0.3072544356147373
435,264,0.27804004022909307
435,20,0.25848099125955
435,189,0.019964679478122374
435,200,0.0
435,17,0.0
435,362,0.0
435,16,0.0
435,310,0.0
433,119,0.0
433,20,0.0
433,399,0.0
433,476,0.0
433,264,0.0
433,200,0.0
433,189,0.0
433,362,0.0
433,17,0.0
433,16,0.0
432,119,0.028038366791532994
432,20,0.0
432,476,0.0
432,399,0.0
432,362,0.0
432,264,0.0
432,200,0.0
432,189,0.0
432,17,0.0
432,16,0.0
443,119,0.0
443,20,0.0
443,399,0.0
443,476,0.0
443,264,0.0
443,200,0.0
443,189,0.0
443,362,0.0
443,17,0.0
443,16,0.0
440,119,0.0
440,20,0.0
440,399,0.0
440,476,0.0
440,264,0.0
440,200,0.0
440,189,0.0
440,362,0.0
440,17,0.0
440,16,0.0
415,119,1.694573500984708
415,399,1.1478305186481843
415,264,1.0897435325453393
415,94,0.8011153651579991
415,200,0.47852919395817467
415,310,0.4408920967623704
415,287,0.1579178743775656
415,255,0.03836969119335458
415,362,0.0
415,17,0.0
429,264,0.7737398761105085
429,20,0.6931467435129812
429,119,0.3786434607567641
429,200,0.2966241264780675
429,399,0.2835959669409931
429,94,0.2709076898369469
429,362,0.0
429,17,0.0
429,189,0.0
429,16,0.0
420,255,0.03836969119335458
420,476,0.0
420,17,0.0
420,16,0.0
420,59,0.0
420,134,0.0
420,78,0.0
420,284,0.0
420,416,0.0
420,415,0.0
411,119,3.7854780464447333
411,200,1.39717496883209
411,255,0.03288830673716107
411,78,0.0
411,362,0.0
411,16,0.0
411,134,0.0
411,17,0.0
411,59,0.0
411,79,0.0
430,119,2.155164120669494
430,20,1.8874722808815338
430,399,1.4757820954048082
430,264,1.4010988275582936
430,94,1.0300054694888559
430,200,0.6152518208033675
430,310,0.5668612672659048
430,287,0.20303726705687009
430,255,0.049332460105741605
430,362,0.0
422,94,0.8128458746148315
422,189,0.5348195717246844
422,476,0.0
422,200,0.0
422,16,0.0
422,362,0.0
422,17,0.0
422,310,0.0
422,287,0.0
422,134,0.0
436,119,0.0
436,20,0.0
436,399,0.0
436,476,0.0
436,264,0.0
436,200,0.0
436,189,0.0
436,362,0.0
436,17,0.0
436,16,0.0
417,119,0.20630172263163588
417,20,0.0
417,476,0.0
417,399,0.0
417,17,0.0
417,200,0.0
417,189,0.0
417,362,0.0
417,16,0.0
417,310,0.0
438,94,0.4896037436231213
438,399,0.3950414172189479
438,264,0.35748005172311964
438,20,0.33233270304799284
438,189,0.025668873614728763
438,200,0.0
438,17,0.0
438,362,0.0
438,16,0.0
438,310,0.0
442,119,0.022918425579987956
442,399,0.0
442,264,0.0
442,476,0.0
442,17,0.0
442,200,0.0
442,189,0.0
442,362,0.0
442,16,0.0
442,310,0.0
431,119,0.04125316604397832
431,399,0.0
431,264,0.0
431,476,0.0
431,17,0.0
431,200,0.0
431,189,0.0
431,362,0.0
431,16,0.0
431,310,0.0
419,119,0.9578507202975529
419,20,0.8388765692806817
419,399,0.6559031535132481
419,264,0.6227105900259082
419,94,0.45778020866171376
419,200,0.2734452536903855
419,310,0.2519383410070688
419,287,0.09023878535860892
419,255,0.021925537824774046
419,362,0.0
441,119,0.20865427428693467
441,399,0.15596272505871203
441,189,0.11407746562679152
441,476,0.0
441,200,0.0
441,17,0.0
441,310,0.0
441,287,0.0
441,16,0.0
441,94,0.0
414,119,1.6762387605207176
414,20,1.4680339962411928
414,399,1.2855268142213436
414,264,1.0897435325453393
414,94,0.8011153651579991
414,200,0.47852919395817467
414,310,0.4408920967623704
414,287,0.1579178743775656
414,255,0.03836969119335458
414,362,0.0
410,119,0.022918425579987956
410,399,0.0
410,264,0.0
410,476,0.0
410,17,0.0
410,200,0.0
410,189,0.0
410,362,0.0
410,16,0.0
410,310,0.0
423,200,0.41161647460496753
423,189,0.31099185494856285
423,119,0.0
423,20,0.0
423,399,0.0
423,476,0.0
423,264,0.0
423,362,0.0
423,17,0.0
423,16,0.0
418,264,0.12042417746839361
418,119,0.0
418,20,0.0
418,399,0.0
418,476,0.0
418,310,0.0
418,189,0.0
418,362,0.0
418,17,0.0
418,16,0.0
412,119,0.1768300479699736
412,20,0.0
412,476,0.0
412,399,0.0
412,17,0.0
412,200,0.0
412,189,0.0
412,362,0.0
412,16,0.0
412,310,0.0
428,119,0.1768300479699736
428,20,0.0
428,476,0.0
428,399,0.0
428,17,0.0
428,200,0.0
428,189,0.0
428,362,0.0
428,16,0.0
428,310,0.0
437,119,0.0
437,20,0.0
437,399,0.0
437,476,0.0
437,264,0.0
437,200,0.0
437,189,0.0
437,362,0.0
437,17,0.0
437,16,0.0
434,94,0.3264024957487475
434,399,0.26336094481263195
434,264,0.23832003448207978
434,20,0.22155513536532856
434,189,0.017112582409819176
434,200,0.0
434,17,0.0
434,362,0.0
434,16,0.0
434,310,0.0
413,119,0.14735837330831134
413,20,0.0
413,476,0.0
413,399,0.0
413,17,0.0
413,200,0.0
413,189,0.0
413,362,0.0
413,16,0.0
413,310,0.0
44,310,1.414321912494556
44,255,0.7299314062601682
44,476,0.0
44,17,0.0
44,284,0.0
44,78,0.0
44,89,0.0
44,416,0.0
44,190,0.0
44,415,0.0
57,399,2.721762081089315
57,287,1.7543495496740766
57,255,1.0426400427882572
57,310,1.0366891302256018
57,79,0.0
57,17,0.0
57,362,0.0
57,134,0.0
57,16,0.0
57,59,0.0
38,20,2.0458154772994757
38,94,1.549944886525896
38,287,0.1579178743775656
38,255,0.03836969119335458
38,78,0.0
38,16,0.0
38,17,0.0
38,134,0.0
38,59,0.0
38,79,0.0
45,264,1.865079430260537
45,20,1.2486906248495233
45,94,0.7678138971882248
45,399,0.7123915312447274
45,189,0.019964679478122374
45,16,0.0
45,310,0.0
45,362,0.0
45,59,0.0
45,17,0.0
28,399,1.37889614748882
28,264,1.291545936761982
28,94,1.176274056615692
28,200,0.4101678805355783
28,310,0.3779075115106032
28,287,0.1353581780379134
28,255,0.03288830673716107
28,59,0.0
28,17,0.0
28,16,0.0
61,310,0.8488954941046363
61,476,0.0
61,17,0.0
61,22,0.0
61,134,0.0
61,78,0.0
61,284,0.0
61,416,0.0
61,190,0.0
61,415,0.0
36,119,1.527490535929346
36,399,1.5003179015231245
36,189,0.7747833195249135
36,264,0.7427454982879766
36,255,0.6915617150668136
36,310,0.6208870321837715
36,16,0.4114891332263738
36,287,0.3733161084700107
36,362,0.2073404402894285
36,200,0.09848305692380563
54,119,0.02750211069598555
54,399,0.0
54,264,0.0
54,476,0.0
54,17,0.0
54,200,0.0
54,189,0.0
54,362,0.0
54,16,0.0
54,310,0.0
47,119,0.0
47,20,0.0
47,399,0.0
47,476,0.0
47,264,0.0
47,200,0.0
47,189,0.0
47,362,0.0
47,17,0.0
47,16,0.0
29,119,0.0
29,20,0.0
29,399,0.0
29,476,0.0
29,264,0.0
29,200,0.0
29,189,0.0
29,362,0.0
29,17,0.0
29,16,0.0
26,119,0.24446883659330754
26,94,0.08640859258159188
26,20,0.08181625933676329
26,264,0.07587089424583765
26,200,0.0
26,17,0.0
26,189,0.0
26,16,0.0
26,310,0.0
26,362,0.0
33,399,1.5732463017128122
33,94,1.2823222550992877
33,310,0.4408920967623704
33,255,0.03836969119335458
33,79,0.0
33,17,0.0
33,362,0.0
33,134,0.0
33,16,0.0
33,59,0.0
46,119,0.11788669864664907
46,20,0.0
46,476,0.0
46,399,0.0
46,16,0.0
46,189,0.0
46,362,0.0
46,17,0.0
46,310,0.0
46,59,0.0
21,119,1.6116365644506263
21,399,1.0297534954609253
21,94,0.6866703129925706
21,200,0.4101678805355783
21,310,0.3779075115106032
21,287,0.15730927062245834
21,476,0.0
21,362,0.0
21,17,0.0
21,16,0.0
48,119,0.8556409280765764
48,94,0.3024300740355716
48,20,0.2863569076786715
48,264,0.26554812986043175
48,200,0.0
48,17,0.0
48,189,0.0
48,16,0.0
48,310,0.0
48,362,0.0
7,94,0.3264024957487475
7,399,0.26336094481263195
7,264,0.23832003448207978
7,20,0.22155513536532856
7,189,0.017112582409819176
7,200,0.0
7,17,0.0
7,362,0.0
7,16,0.0
7,310,0.0
53,264,0.24084835493678722
53,119,0.0
53,20,0.0
53,399,0.0
53,476,0.0
53,310,0.0
53,189,0.0
53,362,0.0
53,17,0.0
53,16,0.0
8,119,0.0
8,20,0.0
8,399,0.0
8,476,0.0
8,264,0.0
8,200,0.0
8,189,0.0
8,362,0.0
8,17,0.0
8,16,0.0
25,119,0.018334740463990366
25,399,0.0
25,264,0.0
25,476,0.0
25,17,0.0
25,200,0.0
25,189,0.0
25,362,0.0
25,16,0.0
25,310,0.0
35,16,0.6172336998395607
35,476,0.0
35,17,0.0
35,78,0.0
35,59,0.0
35,79,0.0
35,284,0.0
35,352,0.0
35,416,0.0
35,190,0.0
19,94,0.3264024957487475
19,399,0.26336094481263195
19,264,0.23832003448207978
19,20,0.22155513536532856
19,189,0.017112582409819176
19,200,0.0
19,17,0.0
19,362,0.0
19,16,0.0
19,310,0.0
69,119,0.14735837330831134
69,20,0.0
69,476,0.0
69,399,0.0
69,16,0.0
69,189,0.0
69,362,0.0
69,17,0.0
69,310,0.0
69,59,0.0
20,119,1.1001097646698839
20,94,0.38883866661716343
20,20,0.3681731670154348
20,264,0.34141902410626945
20,200,0.0
20,17,0.0
20,189,0.0
20,16,0.0
20,310,0.0
20,362,0.0
23,119,0.8556409280765764
23,94,0.3024300740355716
23,20,0.2863569076786715
23,264,0.26554812986043175
23,200,0.0
23,17,0.0
23,189,0.0
23,16,0.0
23,310,0.0
23,362,0.0
56,119,1.1001097646698839
56,94,0.38883866661716343
56,20,0.3681731670154348
56,264,0.34141902410626945
56,200,0.0
56,17,0.0
56,189,0.0
56,16,0.0
56,310,0.0
56,362,0.0
14,119,0.0
14,20,0.0
14,399,0.0
14,476,0.0
14,264,0.0
14,200,0.0
14,189,0.0
14,362,0.0
14,17,0.0
14,16,0.0
37,119,0.20630172263163588
37,20,0.0
37,476,0.0
37,399,0.0
37,17,0.0
37,200,0.0
37,189,0.0
37,362,0.0
37,16,0.0
37,310,0.0
34,119,0.03925371350814619
34,20,0.0
34,476,0.0
34,399,0.0
34,362,0.0
34,264,0.0
34,200,0.0
34,189,0.0
34,17,0.0
34,16,0.0
58,119,0.03208579581198314
58,399,0.0
58,264,0.0
58,476,0.0
58,17,0.0
58,200,0.0
58,189,0.0
58,362,0.0
58,16,0.0
58,310,0.0
4,119,0.14735837330831134
4,20,0.0
4,476,0.0
4,399,0.0
4,17,0.0
4,200,0.0
4,189,0.0
4,362,0.0
4,16,0.0
4,310,0.0
24,119,0.11788669864664907
24,20,0.0
24,476,0.0
24,399,0.0
24,17,0.0
24,200,0.0
24,189,0.0
24,362,0.0
24,16,0.0
24,310,0.0
70,200,0.16464658984198702
70,189,0.12439674197942514
70,119,0.0
70,20,0.0
70,399,0.0
70,476,0.0
70,264,0.0
70,362,0.0
70,17,0.0
70,16,0.0
40,94,0.3264024957487475
40,399,0.26336094481263195
40,264,0.23832003448207978
40,20,0.22155513536532856
40,189,0.017112582409819176
40,200,0.0
40,17,0.0
40,362,0.0
40,16,0.0
40,310,0.0
6,119,0.1768300479699736
6,20,0.0
6,476,0.0
6,399,0.0
6,17,0.0
6,200,0.0
6,189,0.0
6,362,0.0
6,16,0.0
6,310,0.0
39,119,0.7334065097799226
39,94,0.2592257777447756
39,20,0.24544877801028986
39,264,0.22761268273751295
39,200,0.0
39,17,0.0
39,189,0.0
39,16,0.0
39,310,0.0
39,362,0.0
41,119,1.4367760804463294
41,20,1.2583148539210225
41,399,0.9838547302698721
41,264,0.9340658850388623
41,94,0.6866703129925706
41,200,0.4101678805355783
41,310,0.3779075115106032
41,287,0.1353581780379134
41,255,0.03288830673716107
41,362,0.0
66,189,0.32227045845105307
66,287,0.028554335014973314
66,476,0.0
66,17,0.0
66,362,0.0
66,134,0.0
66,16,0.0
66,310,0.0
66,59,0.0
66,79,0.0
17,264,0.602120887341968
17,119,0.0
17,20,0.0
17,399,0.0
17,476,0.0
17,310,0.0
17,189,0.0
17,362,0.0
17,17,0.0
17,16,0.0
43,264,0.6632056080947216
43,20,0.5941257801539839
43,119,0.3245515377915121
43,200,0.254249251266915
43,399,0.24308225737799405
43,94,0.2322065912888116
43,362,0.0
43,17,0.0
43,189,0.0
43,16,0.0
11,94,0.3264024957487475
11,399,0.26336094481263195
11,264,0.23832003448207978
11,20,0.22155513536532856
11,189,0.017112582409819176
11,200,0.0
11,17,0.0
11,362,0.0
11,16,0.0
11,310,0.0
10,94,1.5724294466915831
10,287,0.20303726705687009
10,255,0.049332460105741605
10,362,0.0
10,16,0.0
10,17,0.0
10,79,0.0
10,22,0.0
10,134,0.0
10,78,0.0
12,94,1.533387899101173
12,20,1.0812572375208132
12,255,0.6915617150668136
12,399,0.6493793330575659
12,310,0.6208870321837715
12,189,0.5849014601044832
12,264,0.4833510992803226
12,16,0.4114891332263738
12,287,0.3667128660395823
12,119,0.21011887661566417
16,264,0.24084835493678722
16,119,0.0
16,20,0.0
16,399,0.0
16,476,0.0
16,310,0.0
16,189,0.0
16,362,0.0
16,17,0.0
16,16,0.0
64,200,0.4479415430176422
64,119,0.39944888969146525
64,310,0.35254278354841434
64,287,0.2525511215615694
64,264,0.2220755122470933
64,476,0.0
64,362,0.0
64,399,0.0
64,17,0.0
64,189,0.0
30,119,0.0
30,20,0.0
30,399,0.0
30,476,0.0
30,264,0.0
30,200,0.0
30,189,0.0
30,362,0.0
30,17,0.0
30,16,0.0
32,119,0.029471674661662266
32,20,0.0
32,476,0.0
32,399,0.0
32,17,0.0
32,200,0.0
32,189,0.0
32,362,0.0
32,16,0.0
32,310,0.0
68,119,0.0
68,20,0.0
68,399,0.0
68,476,0.0
68,264,0.0
68,200,0.0
68,189,0.0
68,362,0.0
68,17,0.0
68,16,0.0
9,94,1.7889525489513685
9,20,1.2614667771076153
9,264,1.0456063257006174
9,189,0.931178520747414
9,255,0.8068220009112826
9,399,0.7576092219004936
9,16,0.48007065543076943
9,287,0.42783167704617936
9,119,0.24513868938494154
9,362,0.24189718033766658
27,119,0.0
27,20,0.0
27,399,0.0
27,476,0.0
27,264,0.0
27,200,0.0
27,189,0.0
27,362,0.0
27,17,0.0
27,16,0.0
50,119,0.0
50,20,0.0
50,399,0.0
50,476,0.0
50,264,0.0
50,200,0.0
50,189,0.0
50,362,0.0
50,17,0.0
50,16,0.0
31,119,0.0
31,20,0.0
31,399,0.0
31,476,0.0
31,264,0.0
31,200,0.0
31,189,0.0
31,362,0.0
31,17,0.0
31,16,0.0
2,119,1.1973134003719412
2,20,1.0485957116008522
2,399,0.8198789418915602
2,264,0.7783882375323853
2,94,0.5722252608271422
2,200,0.3418065671129819
2,310,0.314922926258836
2,287,0.11279848169826115
2,255,0.02740692228096756
2,362,0.0
42,119,0.0
42,20,0.0
42,399,0.0
42,476,0.0
42,264,0.0
42,200,0.0
42,189,0.0
42,362,0.0
42,17,0.0
42,16,0.0
49,119,0.0
49,20,0.0
49,399,0.0
49,476,0.0
49,264,0.0
49,200,0.0
49,189,0.0
49,362,0.0
49,17,0.0
49,16,0.0
51,134,3.849287168925949
51,287,2.9904395225479306
51,94,1.5219534954885316
51,255,1.2672923480551879
51,20,0.9266497542732307
51,22,0.8064192668809428
51,310,0.7123141241702928
51,362,0.6829653500440727
51,399,0.6587884728787867
51,264,0.3508605656785129
15,94,0.21760166383249835
15,399,0.1755739632084213
15,264,0.15888002298805318
15,20,0.1477034235768857
15,189,0.011408388273212784
15,200,0.0
15,17,0.0
15,362,0.0
15,16,0.0
15,310,0.0
688,399,1.4457069750288378
688,79,0.2789605453759652
688,119,0.19645992386004374
688,16,0.0
688,476,0.0
688,200,0.0
688,362,0.0
688,264,0.0
688,189,0.0
688,17,0.0
678,94,0.5440041595812459
678,399,0.4389349080210533
678,264,0.39720005747013293
678,20,0.36925855894221427
678,189,0.02852097068303196
678,200,0.0
678,17,0.0
678,362,0.0
678,16,0.0
678,310,0.0
739,119,0.9578507202975529
739,20,0.8388765692806817
739,399,0.6559031535132481
739,264,0.6227105900259082
739,94,0.45778020866171376
739,200,0.2734452536903855
739,310,0.2519383410070688
739,287,0.09023878535860892
739,255,0.021925537824774046
739,362,0.0
679,119,0.20630172263163588
679,20,0.04708345494850153
679,189,0.011242391955250036
679,287,0.0021951092584544946
679,310,0.0
679,476,0.0
679,362,0.0
679,17,0.0
679,200,0.0
679,16,0.0
687,200,0.4479415430176422
687,119,0.39944888969146525
687,310,0.35254278354841434
687,287,0.2525511215615694
687,264,0.2220755122470933
687,476,0.0
687,362,0.0
687,399,0.0
687,17,0.0
687,189,0.0
729,119,1.0277051495150764
729,399,0.6618411088065457
729,20,0.5881444248077534
729,264,0.20175119922817533
729,189,0.1476858906603347
729,200,0.07659793316295993
729,287,0.005135855223666508
729,362,0.0
729,17,0.0
729,16,0.0
685,119,0.0
685,20,0.0
685,399,0.0
685,476,0.0
685,264,0.0
685,200,0.0
685,189,0.0
685,362,0.0
685,17,0.0
685,16,0.0
726,119,0.7585304647915802
726,94,0.2160214814539797
726,20,0.20454064834190822
726,59,0.0
726,200,0.0
726,362,0.0
726,16,0.0
726,189,0.0
726,17,0.0
726,310,0.0
750,119,5.305508378053307
750,287,0.9699814749367691
750,255,0.4962838813097198
750,476,0.0
750,134,0.0
750,17,0.0
750,284,0.0
750,352,0.0
750,79,0.0
750,22,0.0
691,119,1.256306132025931
691,399,0.5672923789770391
691,200,0.5135969143001793
691,20,0.5041237926923601
691,264,0.3950051115855293
691,310,0.35254278354841434
691,287,0.25695328318185495
691,189,0.12658790628028688
691,362,0.0
691,17,0.0
712,94,0.3808029117068721
712,399,0.3072544356147373
712,264,0.27804004022909307
712,20,0.25848099125955
712,189,0.019964679478122374
712,200,0.0
712,17,0.0
712,362,0.0
712,16,0.0
712,310,0.0
701,200,0.4479415430176422
701,119,0.39944888969146525
701,310,0.35254278354841434
701,287,0.2525511215615694
701,264,0.2220755122470933
701,476,0.0
701,362,0.0
701,399,0.0
701,17,0.0
701,189,0.0
690,119,0.14735837330831134
690,20,0.0
690,476,0.0
690,399,0.0
690,17,0.0
690,200,0.0
690,189,0.0
690,362,0.0
690,16,0.0
690,310,0.0
677,119,0.0
677,20,0.0
677,399,0.0
677,476,0.0
677,264,0.0
677,200,0.0
677,189,0.0
677,362,0.0
677,17,0.0
677,16,0.0
727,255,0.049332460105741605
727,476,0.0
727,362,0.0
727,17,0.0
727,59,0.0
727,134,0.0
727,79,0.0
727,78,0.0
727,22,0.0
727,284,0.0
699,119,0.29471674661662267
699,20,0.0
699,476,0.0
699,399,0.0
699,17,0.0
699,200,0.0
699,189,0.0
699,362,0.0
699,16,0.0
699,310,0.0
707,264,0.7797812971396426
707,119,0.3195591117531722
707,310,0.28203422683873147
707,287,0.20204089724925553
707,476,0.0
707,17,0.0
707,399,0.0
707,59,0.0
707,189,0.0
707,362,0.0
737,119,0.0
737,20,0.0
737,399,0.0
737,476,0.0
737,264,0.0
737,200,0.0
737,189,0.0
737,362,0.0
737,17,0.0
737,16,0.0
724,94,0.5440041595812459
724,399,0.4389349080210533
724,264,0.39720005747013293
724,20,0.36925855894221427
724,189,0.02852097068303196
724,200,0.0
724,17,0.0
724,362,0.0
724,16,0.0
724,310,0.0
705,119,1.4347136941570415
705,399,0.9319157650440302
705,189,0.12658790628028688
705,476,0.0
705,362,0.0
705,17,0.0
705,310,0.0
705,134,0.0
705,16,0.0
705,59,0.0
680,119,0.14735837330831134
680,20,0.0
680,476,0.0
680,399,0.0
680,17,0.0
680,200,0.0
680,189,0.0
680,362,0.0
680,16,0.0
680,310,0.0
722,119,0.0
722,20,0.0
722,399,0.0
722,476,0.0
722,264,0.0
722,200,0.0
722,189,0.0
722,362,0.0
722,17,0.0
722,16,0.0
741,94,0.4896037436231213
741,399,0.3950414172189479
741,20,0.33233270304799284
741,189,0.025668873614728763
741,200,0.0
741,16,0.0
741,362,0.0
741,310,0.0
741,59,0.0
741,17,0.0
719,119,0.0
719,20,0.0
719,399,0.0
719,476,0.0
719,264,0.0
719,200,0.0
719,189,0.0
719,362,0.0
719,17,0.0
719,16,0.0
752,94,0.3808029117068721
752,399,0.3072544356147373
752,264,0.27804004022909307
752,20,0.25848099125955
752,189,0.019964679478122374
752,200,0.0
752,17,0.0
752,362,0.0
752,16,0.0
752,310,0.0
714,119,1.4621159114716724
714,399,0.8509385684655586
714,20,0.7616774449035103
714,189,0.5008737143689932
714,287,0.006603242430428368
714,476,0.0
714,16,0.0
714,362,0.0
714,59,0.0
714,17,0.0
742,94,2.8537019455218156
742,189,1.1910799214146977
742,200,0.9564113399086731
742,287,0.9124213062793887
742,362,0.3110106604341427
742,22,0.08834010593672015
742,17,0.0
742,79,0.0
742,59,0.0
742,78,0.0
730,119,0.0
730,20,0.0
730,399,0.0
730,476,0.0
730,264,0.0
730,200,0.0
730,189,0.0
730,362,0.0
730,17,0.0
730,16,0.0
713,119,0.9899270871048991
713,399,0.6603837592059537
713,200,0.4479415430176422
713,310,0.35254278354841434
713,287,0.2525511215615694
713,189,0.24316060040655313
713,476,0.0
713,59,0.0
713,17,0.0
713,94,0.0
720,264,0.8801609275710611
720,94,0.3808029117068721
720,399,0.3072544356147373
720,189,0.019964679478122374
720,476,0.0
720,362,0.0
720,17,0.0
720,310,0.0
720,16,0.0
720,59,0.0
693,119,0.03208579581198314
693,399,0.0
693,264,0.0
693,476,0.0
693,17,0.0
693,200,0.0
693,189,0.0
693,362,0.0
693,16,0.0
693,310,0.0
695,20,0.6931467435129812
695,119,0.5820785676481414
695,200,0.2966241264780675
695,399,0.2835959669409931
695,94,0.2709076898369469
695,17,0.0
695,16,0.0
695,189,0.0
695,310,0.0
695,362,0.0
694,119,0.03208579581198314
694,399,0.0
694,264,0.0
694,476,0.0
694,17,0.0
694,200,0.0
694,189,0.0
694,362,0.0
694,16,0.0
694,310,0.0
748,119,0.0
748,20,0.0
748,399,0.0
748,476,0.0
748,264,0.0
748,200,0.0
748,189,0.0
748,362,0.0
748,17,0.0
748,16,0.0
721,264,0.6632056080947216
721,20,0.5941257801539839
721,119,0.3245515377915121
721,200,0.254249251266915
721,399,0.24308225737799405
721,94,0.2322065912888116
721,362,0.0
721,17,0.0
721,189,0.0
721,16,0.0
766,119,0.20630172263163588
766,20,0.0
766,476,0.0
766,399,0.0
766,17,0.0
766,200,0.0
766,189,0.0
766,362,0.0
766,16,0.0
766,310,0.0
689,119,0.29471674661662267
689,20,0.0
689,476,0.0
689,399,0.0
689,17,0.0
689,200,0.0
689,189,0.0
689,362,0.0
689,16,0.0
689,310,0.0
684,264,0.9948084121420824
684,20,0.8911886702309759
684,119,0.4868273066872681
684,200,0.38137387690037255
684,399,0.3646233860669911
684,94,0.3483098869332174
684,362,0.0
684,17,0.0
684,189,0.0
684,16,0.0
692,264,0.24084835493678722
692,119,0.0
692,20,0.0
692,399,0.0
692,476,0.0
692,310,0.0
692,189,0.0
692,362,0.0
692,17,0.0
692,16,0.0
676,119,0.11788669864664907
676,20,0.0
676,476,0.0
676,399,0.0
676,17,0.0
676,200,0.0
676,189,0.0
676,362,0.0
676,16,0.0
676,310,0.0
754,264,0.5813890925889492
754,399,0.4402558394706358
754,119,0.23472711931320991
754,189,0.16210706693770208
754,20,0.0
754,476,0.0
754,200,0.0
754,17,0.0
754,310,0.0
754,16,0.0
716,119,0.0
716,20,0.0
716,399,0.0
716,476,0.0
716,264,0.0
716,200,0.0
716,189,0.0
716,362,0.0
716,17,0.0
716,16,0.0
732,119,0.0
732,20,0.0
732,399,0.0
732,476,0.0
732,264,0.0
732,200,0.0
732,189,0.0
732,362,0.0
732,17,0.0
732,16,0.0
743,189,0.435388596927988
743,119,0.11788669864664907
743,20,0.0
743,476,0.0
743,399,0.0
743,16,0.0
743,94,0.0
743,362,0.0
743,17,0.0
743,59,0.0
718,119,0.14735837330831134
718,20,0.0
718,476,0.0
718,399,0.0
718,17,0.0
718,200,0.0
718,189,0.0
718,362,0.0
718,16,0.0
718,310,0.0
725,94,0.4896037436231213
725,399,0.3950414172189479
725,264,0.35748005172311964
725,20,0.33233270304799284
725,189,0.025668873614728763
725,200,0.0
725,17,0.0
725,362,0.0
725,16,0.0
725,310,0.0
749,189,0.441304193354196
749,399,0.27539259114631853
749,119,0.0
749,20,0.0
749,200,0.0
749,476,0.0
749,264,0.0
749,362,0.0
749,17,0.0
749,16,0.0
683,119,0.0
683,20,0.0
683,399,0.0
683,476,0.0
683,264,0.0
683,200,0.0
683,189,0.0
683,362,0.0
683,17,0.0
683,16,0.0
755,119,0.29471674661662267
755,20,0.0
755,476,0.0
755,399,0.0
755,17,0.0
755,200,0.0
755,189,0.0
755,362,0.0
755,16,0.0
755,310,0.0
682,119,0.29471674661662267
682,20,0.0
682,476,0.0
682,399,0.0
682,17,0.0
682,200,0.0
682,189,0.0
682,362,0.0
682,16,0.0
682,310,0.0
740,119,0.29471674661662267
740,20,0.0
740,476,0.0
740,399,0.0
740,17,0.0
740,200,0.0
740,189,0.0
740,362,0.0
740,16,0.0
740,310,0.0
733,119,0.0
733,20,0.0
733,399,0.0
733,476,0.0
733,264,0.0
733,200,0.0
733,189,0.0
733,362,0.0
733,17,0.0
733,16,0.0
709,119,0.0
709,20,0.0
709,399,0.0
709,476,0.0
709,264,0.0
709,200,0.0
709,189,0.0
709,362,0.0
709,17,0.0
709,16,0.0
702,119,1.6762387605207176
702,20,1.4680339962411928
702,399,1.1478305186481843
702,264,1.0897435325453393
702,94,0.8011153651579991
702,200,0.47852919395817467
702,310,0.4408920967623704
702,287,0.1579178743775656
702,255,0.03836969119335458
702,362,0.0
708,119,0.0
708,20,0.0
708,399,0.0
708,476,0.0
708,264,0.0
708,200,0.0
708,189,0.0
708,362,0.0
708,17,0.0
708,16,0.0
711,119,0.0
711,20,0.0
711,399,0.0
711,476,0.0
711,264,0.0
711,200,0.0
711,189,0.0
711,362,0.0
711,17,0.0
711,16,0.0
765,119,0.0
765,20,0.0
765,399,0.0
765,476,0.0
765,264,0.0
765,200,0.0
765,189,0.0
765,362,0.0
765,17,0.0
765,16,0.0
723,119,0.0
723,20,0.0
723,399,0.0
723,476,0.0
723,264,0.0
723,200,0.0
723,189,0.0
723,362,0.0
723,17,0.0
723,16,0.0
731,264,0.2906945462944746
731,399,0.2201279197353179
731,119,0.11736355965660496
731,189,0.08105353346885104
731,20,0.0
731,476,0.0
731,200,0.0
731,17,0.0
731,310,0.0
731,16,0.0
703,399,1.2100430928194572
703,189,0.37900138595134564
703,94,0.27200207979062296
703,20,0.18462927947110713
703,476,0.0
703,17,0.0
703,16,0.0
703,59,0.0
703,287,0.0
703,310,0.0
763,119,0.018334740463990366
763,399,0.0
763,264,0.0
763,476,0.0
763,17,0.0
763,200,0.0
763,189,0.0
763,362,0.0
763,16,0.0
763,310,0.0
762,264,0.7737398761105085
762,20,0.6931467435129812
762,119,0.3786434607567641
762,200,0.2966241264780675
762,399,0.2835959669409931
762,94,0.2709076898369469
762,362,0.0
762,17,0.0
762,189,0.0
762,16,0.0
761,119,0.0
761,20,0.0
761,399,0.0
761,476,0.0
761,264,0.0
761,200,0.0
761,189,0.0
761,362,0.0
761,17,0.0
761,16,0.0
199,189,3.461128155150898
199,94,1.6268321828838612
199,200,1.2784538587315117
199,255,0.7725725643086232
199,476,0.0
199,17,0.0
199,134,0.0
199,22,0.0
199,59,0.0
199,352,0.0
206,94,0.3808029117068721
206,399,0.3072544356147373
206,264,0.27804004022909307
206,20,0.25848099125955
206,189,0.019964679478122374
206,200,0.0
206,17,0.0
206,362,0.0
206,16,0.0
206,310,0.0
103,119,0.6111720914832688
103,200,0.5762630644469545
103,189,0.435388596927988
103,94,0.2160214814539797
103,20,0.20454064834190822
103,264,0.18967723561459413
103,17,0.0
103,16,0.0
103,362,0.0
103,59,0.0
286,119,0.20630172263163588
286,20,0.0
286,476,0.0
286,399,0.0
286,16,0.0
286,189,0.0
286,362,0.0
286,17,0.0
286,310,0.0
286,59,0.0
145,119,0.8556409280765764
145,94,0.3024300740355716
145,20,0.2863569076786715
145,264,0.26554812986043175
145,200,0.0
145,17,0.0
145,189,0.0
145,16,0.0
145,310,0.0
145,362,0.0
345,264,1.1053426801578694
345,20,0.9902096335899733
345,119,0.5409192296525202
345,200,0.4237487521115251
345,399,0.4051370956299901
345,94,0.3870109854813527
345,362,0.0
345,17,0.0
345,189,0.0
345,16,0.0
282,20,0.3295841846395107
282,189,0.07869674368675025
282,287,0.015365764809181462
282,16,0.0
282,476,0.0
282,399,0.0
282,362,0.0
282,264,0.0
282,200,0.0
282,17,0.0
143,119,0.04583685115997591
143,399,0.0
143,264,0.0
143,476,0.0
143,17,0.0
143,200,0.0
143,189,0.0
143,362,0.0
143,16,0.0
143,310,0.0
160,119,0.022918425579987956
160,399,0.0
160,264,0.0
160,476,0.0
160,17,0.0
160,200,0.0
160,189,0.0
160,362,0.0
160,16,0.0
160,310,0.0
381,119,0.03208579581198314
381,399,0.0
381,264,0.0
381,476,0.0
381,17,0.0
381,200,0.0
381,189,0.0
381,362,0.0
381,16,0.0
381,310,0.0
335,264,2.245671931571943
335,189,0.6123680480890255
335,476,0.0
335,362,0.0
335,16,0.0
335,134,0.0
335,17,0.0
335,59,0.0
335,78,0.0
335,284,0.0
398,119,0.6111720914832688
398,94,0.2160214814539797
398,20,0.20454064834190822
398,264,0.18967723561459413
398,200,0.0
398,17,0.0
398,189,0.0
398,16,0.0
398,310,0.0
398,362,0.0
375,20,0.9902096335899733
375,119,0.8061643016074805
375,200,0.4237487521115251
375,399,0.4051370956299901
375,94,0.3870109854813527
375,17,0.0
375,16,0.0
375,189,0.0
375,310,0.0
375,362,0.0
91,119,0.22463646309562624
91,399,0.0
91,200,0.0
91,476,0.0
91,16,0.0
91,189,0.0
91,362,0.0
91,17,0.0
91,310,0.0
91,59,0.0
172,119,0.0
172,20,0.0
172,399,0.0
172,476,0.0
172,264,0.0
172,200,0.0
172,189,0.0
172,362,0.0
172,17,0.0
172,16,0.0
144,119,0.9735276267232255
144,94,0.3024300740355716
144,20,0.2863569076786715
144,59,0.0
144,200,0.0
144,362,0.0
144,16,0.0
144,189,0.0
144,17,0.0
144,310,0.0
405,119,0.29471674661662267
405,20,0.0
405,476,0.0
405,399,0.0
405,17,0.0
405,200,0.0
405,189,0.0
405,362,0.0
405,16,0.0
405,310,0.0
133,119,0.14735837330831134
133,20,0.0
133,476,0.0
133,399,0.0
133,17,0.0
133,200,0.0
133,189,0.0
133,362,0.0
133,16,0.0
133,310,0.0
329,94,0.8464342336168176
329,264,0.6627481873305647
329,79,0.1673763272255791
329,189,0.02852097068303196
329,362,0.0
329,310,0.0
329,200,0.0
329,59,0.0
329,17,0.0
329,16,0.0
185,119,0.20891584378195674
185,399,0.0
185,200,0.0
185,476,0.0
185,16,0.0
185,189,0.0
185,362,0.0
185,17,0.0
185,310,0.0
185,59,0.0
283,399,2.2518463913334212
283,20,1.2094648800961476
283,264,0.6854160563675262
283,189,0.2395008144835101
283,79,0.1673763272255791
283,200,0.10942561880422848
283,287,0.007336936033809298
283,16,0.0
283,310,0.0
283,362,0.0
355,20,0.5464734768155294
355,94,0.3808029117068721
355,399,0.3072544356147373
355,189,0.08741903120962259
355,79,0.03008674713826418
355,287,0.013170655550726967
355,310,0.0
355,59,0.0
355,17,0.0
355,16,0.0
157,119,0.0
157,20,0.0
157,399,0.0
157,476,0.0
157,264,0.0
157,200,0.0
157,189,0.0
157,362,0.0
157,17,0.0
157,16,0.0
347,119,0.5712381615563106
347,264,0.4765589319641381
347,399,0.37819491931802607
347,20,0.3360825284615734
347,189,0.08439193752019125
347,287,0.002934774413523719
347,17,0.0
347,16,0.0
347,362,0.0
347,310,0.0
115,119,0.0
115,20,0.0
115,399,0.0
115,476,0.0
115,264,0.0
115,200,0.0
115,189,0.0
115,362,0.0
115,17,0.0
115,16,0.0
385,119,0.4889376731866151
385,94,0.17281718516318376
385,20,0.16363251867352657
385,264,0.1517417884916753
385,200,0.0
385,17,0.0
385,189,0.0
385,16,0.0
385,310,0.0
385,362,0.0
291,119,0.03208579581198314
291,399,0.0
291,264,0.0
291,476,0.0
291,17,0.0
291,200,0.0
291,189,0.0
291,362,0.0
291,16,0.0
291,310,0.0
89,94,0.5440041595812459
89,399,0.4389349080210533
89,264,0.39720005747013293
89,20,0.36925855894221427
89,189,0.02852097068303196
89,200,0.0
89,17,0.0
89,362,0.0
89,16,0.0
89,310,0.0
288,264,0.7737398761105085
288,119,0.4107292565687472
288,200,0.2966241264780675
288,399,0.2835959669409931
288,94,0.2709076898369469
288,189,0.07869674368675025
288,17,0.0
288,16,0.0
288,362,0.0
288,310,0.0
148,264,1.3493657270759742
148,119,0.8556409280765764
148,94,0.3024300740355716
148,20,0.2863569076786715
148,189,0.0
148,16,0.0
148,362,0.0
148,310,0.0
148,59,0.0
148,17,0.0
182,119,0.6111720914832688
182,94,0.2160214814539797
182,20,0.20454064834190822
182,264,0.18967723561459413
182,200,0.0
182,17,0.0
182,189,0.0
182,16,0.0
182,310,0.0
182,362,0.0
237,264,1.204241774683936
237,189,0.31099185494856285
237,119,0.0
237,20,0.0
237,399,0.0
237,476,0.0
237,59,0.0
237,362,0.0
237,17,0.0
237,16,0.0
153,94,0.5440041595812459
153,399,0.4389349080210533
153,264,0.39720005747013293
153,20,0.36925855894221427
153,189,0.02852097068303196
153,200,0.0
153,17,0.0
153,362,0.0
153,16,0.0
153,310,0.0
359,119,0.883143038772562
359,94,0.3024300740355716
359,264,0.26554812986043175
359,59,0.0
359,200,0.0
359,362,0.0
359,16,0.0
359,189,0.0
359,17,0.0
359,310,0.0
255,119,0.0
255,20,0.0
255,399,0.0
255,476,0.0
255,264,0.0
255,200,0.0
255,189,0.0
255,362,0.0
255,17,0.0
255,16,0.0
147,119,0.8556409280765764
147,94,0.3024300740355716
147,20,0.2863569076786715
147,264,0.26554812986043175
147,200,0.0
147,17,0.0
147,189,0.0
147,16,0.0
147,310,0.0
147,362,0.0
198,119,1.4408601518775803
198,264,1.0532542928394595
198,200,0.8389925362804617
198,20,0.6996454651368949
198,310,0.4935598969677801
198,94,0.40952697419465606
198,17,0.0
198,59,0.0
198,189,0.0
198,362,0.0
131,119,0.0
131,20,0.0
131,399,0.0
131,476,0.0
131,264,0.0
131,200,0.0
131,189,0.0
131,362,0.0
131,17,0.0
131,16,0.0
280,119,0.8556409280765764
280,94,0.3024300740355716
280,20,0.2863569076786715
280,264,0.26554812986043175
280,200,0.0
280,17,0.0
280,189,0.0
280,16,0.0
280,310,0.0
280,362,0.0
219,119,0.03208579581198314
219,399,0.0
219,264,0.0
219,476,0.0
219,17,0.0
219,200,0.0
219,189,0.0
219,362,0.0
219,16,0.0
219,310,0.0
92,20,0.6931467435129812
92,119,0.5554735087267377
92,399,0.2835959669409931
92,94,0.2709076898369469
92,189,0.0
92,16,0.0
92,362,0.0
92,310,0.0
92,59,0.0
92,17,0.0
391,94,0.4896037436231213
391,399,0.3950414172189479
391,264,0.35748005172311964
391,20,0.33233270304799284
391,189,0.025668873614728763
391,200,0.0
391,17,0.0
391,362,0.0
391,16,0.0
391,310,0.0
366,119,0.9735276267232255
366,94,0.3024300740355716
366,20,0.2863569076786715
366,59,0.0
366,200,0.0
366,362,0.0
366,16,0.0
366,189,0.0
366,17,0.0
366,310,0.0
119,264,1.0442579594051158
119,20,0.3960838534359893
119,119,0.21636769186100804
119,399,0.16205483825199604
119,94,0.15480439419254108
119,17,0.0
119,16,0.0
119,189,0.0
119,310,0.0
119,362,0.0
93,119,0.8556409280765764
93,94,0.3024300740355716
93,20,0.2863569076786715
93,264,0.26554812986043175
93,200,0.0
93,17,0.0
93,189,0.0
93,16,0.0
93,310,0.0
93,362,0.0
247,119,0.0
247,20,0.0
247,399,0.0
247,476,0.0
247,264,0.0
247,200,0.0
247,189,0.0
247,362,0.0
247,17,0.0
247,16,0.0
221,20,0.4708345494850153
221,189,0.11242391955250036
221,287,0.021951092584544946
221,16,0.0
221,476,0.0
221,399,0.0
221,362,0.0
221,264,0.0
221,200,0.0
221,17,0.0
408,264,1.204241774683936
408,189,0.435388596927988
408,119,0.0
408,20,0.0
408,399,0.0
408,476,0.0
408,59,0.0
408,362,0.0
408,17,0.0
408,16,0.0
350,119,0.0
350,20,0.0
350,399,0.0
350,476,0.0
350,264,0.0
350,200,0.0
350,189,0.0
350,362,0.0
350,17,0.0
350,16,0.0
406,119,0.0
406,20,0.0
406,399,0.0
406,476,0.0
406,264,0.0
406,200,0.0
406,189,0.0
406,362,0.0
406,17,0.0
406,16,0.0
121,94,0.8464342336168176
121,189,0.02852097068303196
121,476,0.0
121,200,0.0
121,16,0.0
121,362,0.0
121,17,0.0
121,310,0.0
121,59,0.0
121,287,0.0
212,264,0.6139461294325126
212,200,0.33514585804662234
212,189,0.2937630517798504
212,20,0.19382557565897632
212,287,0.008780437033817978
212,476,0.0
212,362,0.0
212,399,0.0
212,17,0.0
212,16,0.0
80,119,0.03208579581198314
80,399,0.0
80,264,0.0
80,476,0.0
80,17,0.0
80,200,0.0
80,189,0.0
80,362,0.0
80,16,0.0
80,310,0.0
140,119,0.2652450719549604
140,20,0.0
140,476,0.0
140,399,0.0
140,17,0.0
140,200,0.0
140,189,0.0
140,362,0.0
140,16,0.0
140,310,0.0
230,119,0.0
230,20,0.0
230,399,0.0
230,476,0.0
230,264,0.0
230,200,0.0
230,189,0.0
230,362,0.0
230,17,0.0
230,16,0.0
110,119,0.05046906022475939
110,20,0.0
110,476,0.0
110,399,0.0
110,362,0.0
110,264,0.0
110,200,0.0
110,189,0.0
110,17,0.0
110,16,0.0
114,189,0.11242391955250036
114,119,0.02750211069598555
114,287,0.021951092584544946
114,310,0.0
114,264,0.0
114,476,0.0
114,17,0.0
114,200,0.0
114,362,0.0
114,16,0.0
111,119,0.6111720914832688
111,94,0.2160214814539797
111,20,0.20454064834190822
111,264,0.18967723561459413
111,200,0.0
111,17,0.0
111,189,0.0
111,16,0.0
111,310,0.0
111,362,0.0
86,200,0.5762630644469545
86,189,0.435388596927988
86,119,0.03208579581198314
86,399,0.0
86,264,0.0
86,476,0.0
86,17,0.0
86,59,0.0
86,362,0.0
86,16,0.0
203,94,0.21760166383249835
203,399,0.1755739632084213
203,189,0.011408388273212784
203,476,0.0
203,362,0.0
203,16,0.0
203,59,0.0
203,17,0.0
203,310,0.0
203,287,0.0
152,264,1.1146073443710582
152,399,0.8171298273390794
152,20,0.7053410874037876
152,189,0.11291290820322321
152,287,0.002934774413523719
152,16,0.0
152,310,0.0
152,362,0.0
152,59,0.0
152,17,0.0
211,119,0.0
211,20,0.0
211,399,0.0
211,476,0.0
211,264,0.0
211,200,0.0
211,189,0.0
211,362,0.0
211,17,0.0
211,16,0.0
253,119,0.0
253,20,0.0
253,399,0.0
253,476,0.0
253,264,0.0
253,200,0.0
253,189,0.0
253,362,0.0
253,17,0.0
253,16,0.0
141,119,0.8556409280765764
141,94,0.3024300740355716
141,20,0.2863569076786715
141,264,0.26554812986043175
141,200,0.0
141,17,0.0
141,189,0.0
141,16,0.0
141,310,0.0
141,362,0.0
300,119,0.0
300,20,0.0
300,399,0.0
300,476,0.0
300,264,0.0
300,200,0.0
300,189,0.0
300,362,0.0
300,17,0.0
300,16,0.0
409,264,0.3612725324051808
409,119,0.03925371350814619
409,20,0.0
409,476,0.0
409,399,0.0
409,17,0.0
409,310,0.0
409,189,0.0
409,362,0.0
409,16,0.0
407,264,0.6139461294325126
407,79,0.03008674713826418
407,200,0.005852678362648298
407,20,0.005491755864970195
407,476,0.0
407,362,0.0
407,399,0.0
407,17,0.0
407,16,0.0
407,189,0.0
372,264,0.7225450648103616
372,119,0.0
372,20,0.0
372,399,0.0
372,476,0.0
372,310,0.0
372,189,0.0
372,362,0.0
372,17,0.0
372,16,0.0
174,119,0.05046906022475939
174,20,0.0
174,476,0.0
174,399,0.0
174,362,0.0
174,264,0.0
174,200,0.0
174,189,0.0
174,17,0.0
174,16,0.0
336,119,0.0
336,20,0.0
336,399,0.0
336,476,0.0
336,264,0.0
336,200,0.0
336,189,0.0
336,362,0.0
336,17,0.0
336,16,0.0
387,94,0.4896037436231213
387,399,0.3950414172189479
387,189,0.025668873614728763
387,476,0.0
387,362,0.0
387,200,0.0
387,310,0.0
387,17,0.0
387,16,0.0
387,59,0.0
175,200,0.24696988476298054
175,189,0.18659511296913772
175,119,0.0
175,20,0.0
175,399,0.0
175,476,0.0
175,264,0.0
175,362,0.0
175,17,0.0
175,16,0.0
88,119,0.0
88,20,0.0
88,399,0.0
88,476,0.0
88,264,0.0
88,200,0.0
88,189,0.0
88,362,0.0
88,17,0.0
88,16,0.0
107,189,0.220652096677098
107,399,0.13769629557315927
107,119,0.0
107,20,0.0
107,200,0.0
107,476,0.0
107,264,0.0
107,362,0.0
107,17,0.0
107,16,0.0
281,119,0.10019651536730285
281,399,0.0
281,200,0.0
281,476,0.0
281,16,0.0
281,189,0.0
281,362,0.0
281,17,0.0
281,310,0.0
281,59,0.0
97,264,3.503476113710432
97,287,0.4141374639560396
97,255,0.03836969119335458
97,476,0.0
97,59,0.0
97,17,0.0
97,22,0.0
97,284,0.0
97,134,0.0
97,78,0.0
179,119,0.25869182287328607
179,399,0.0
179,189,0.0
179,476,0.0
179,310,0.0
179,362,0.0
179,17,0.0
179,16,0.0
179,59,0.0
179,94,0.0
404,119,1.0029993013848877
404,94,0.3024300740355716
404,20,0.2863569076786715
404,59,0.0
404,200,0.0
404,362,0.0
404,16,0.0
404,189,0.0
404,17,0.0
404,310,0.0
267,119,0.2652450719549604
267,20,0.0
267,476,0.0
267,399,0.0
267,17,0.0
267,200,0.0
267,189,0.0
267,362,0.0
267,16,0.0
267,310,0.0
270,119,0.0
270,20,0.0
270,399,0.0
270,476,0.0
270,264,0.0
270,200,0.0
270,189,0.0
270,362,0.0
270,17,0.0
270,16,0.0
229,20,0.4237510945365138
229,189,0.10118152759725033
229,287,0.01975598332609045
229,16,0.0
229,476,0.0
229,399,0.0
229,362,0.0
229,264,0.0
229,200,0.0
229,17,0.0
252,119,0.8877267238885596
252,94,0.3024300740355716
252,264,0.26554812986043175
252,59,0.0
252,200,0.0
252,362,0.0
252,16,0.0
252,189,0.0
252,17,0.0
252,310,0.0
163,264,0.602120887341968
163,119,0.0
163,20,0.0
163,399,0.0
163,476,0.0
163,310,0.0
163,189,0.0
163,362,0.0
163,17,0.0
163,16,0.0
321,119,0.0
321,20,0.0
321,399,0.0
321,476,0.0
321,264,0.0
321,200,0.0
321,189,0.0
321,362,0.0
321,17,0.0
321,16,0.0
210,119,0.0
210,20,0.0
210,399,0.0
210,476,0.0
210,264,0.0
210,200,0.0
210,189,0.0
210,362,0.0
210,17,0.0
210,16,0.0
176,119,0.0
176,20,0.0
176,399,0.0
176,476,0.0
176,264,0.0
176,200,0.0
176,189,0.0
176,362,0.0
176,17,0.0
176,16,0.0
194,119,0.29471674661662267
194,20,0.0
194,476,0.0
194,399,0.0
194,17,0.0
194,200,0.0
194,189,0.0
194,362,0.0
194,16,0.0
194,310,0.0
171,119,0.20630172263163588
171,20,0.0
171,476,0.0
171,399,0.0
171,17,0.0
171,200,0.0
171,189,0.0
171,362,0.0
171,16,0.0
171,310,0.0
166,119,0.8948946415847226
166,94,0.3024300740355716
166,20,0.2863569076786715
166,264,0.26554812986043175
166,200,0.0
166,17,0.0
166,189,0.0
166,16,0.0
166,310,0.0
166,362,0.0
277,264,0.6139461294325126
277,79,0.03008674713826418
277,200,0.005852678362648298
277,20,0.005491755864970195
277,476,0.0
277,362,0.0
277,399,0.0
277,17,0.0
277,16,0.0
277,189,0.0
218,119,0.0
218,20,0.0
218,399,0.0
218,476,0.0
218,264,0.0
218,200,0.0
218,189,0.0
218,362,0.0
218,17,0.0
218,16,0.0
402,399,1.301136277525954
402,264,0.48169670987357444
402,119,0.17681393147403937
402,20,0.0
402,476,0.0
402,189,0.0
402,17,0.0
402,310,0.0
402,362,0.0
402,16,0.0
360,94,0.5968243931608518
360,264,0.46771727584368716
360,79,0.1673763272255791
360,189,0.019964679478122374
360,362,0.0
360,310,0.0
360,200,0.0
360,59,0.0
360,17,0.0
360,16,0.0
365,264,1.565160307002035
365,189,0.6419483893752481
365,287,0.5051022431231388
365,94,0.3808029117068721
365,399,0.3072544356147373
365,20,0.25848099125955
365,476,0.0
365,59,0.0
365,362,0.0
365,17,0.0
362,119,1.1424763231126212
362,399,0.7563898386360521
362,20,0.6721650569231468
362,200,0.4991569696483503
362,189,0.47977572998894535
362,264,0.23057279911791467
362,287,0.005869548827047438
362,362,0.0
362,17,0.0
362,16,0.0
363,200,0.32929317968397404
363,189,0.2937630517798504
363,20,0.18833381979400612
363,287,0.008780437033817978
363,16,0.0
363,476,0.0
363,399,0.0
363,362,0.0
363,264,0.0
363,17,0.0
196,94,0.5440041595812459
196,399,0.4389349080210533
196,264,0.39720005747013293
196,20,0.36925855894221427
196,189,0.02852097068303196
196,200,0.0
196,17,0.0
196,362,0.0
196,16,0.0
196,310,0.0
388,119,0.0
388,20,0.0
388,399,0.0
388,476,0.0
388,264,0.0
388,200,0.0
388,189,0.0
388,362,0.0
388,17,0.0
388,16,0.0
390,94,0.27200207979062296
390,399,0.21946745401052664
390,20,0.18462927947110713
390,189,0.01426048534151598
390,476,0.0
390,362,0.0
390,17,0.0
390,310,0.0
390,16,0.0
390,59,0.0
223,94,0.3808029117068721
223,399,0.3072544356147373
223,264,0.27804004022909307
223,20,0.25848099125955
223,189,0.019964679478122374
223,200,0.0
223,17,0.0
223,362,0.0
223,16,0.0
223,310,0.0
301,20,0.4708345494850153
301,189,0.11242391955250036
301,287,0.021951092584544946
301,16,0.0
301,476,0.0
301,399,0.0
301,362,0.0
301,264,0.0
301,200,0.0
301,17,0.0
73,119,0.8556409280765764
73,94,0.3024300740355716
73,20,0.2863569076786715
73,264,0.26554812986043175
73,200,0.0
73,17,0.0
73,189,0.0
73,16,0.0
73,310,0.0
73,362,0.0
315,287,1.5666601327713232
315,94,0.9146476360962077
315,189,0.6657764675211042
315,200,0.32929317968397404
315,264,0.25004408098391195
315,119,0.03208579581198314
315,16,0.0
315,59,0.0
315,476,0.0
315,362,0.0
306,119,1.5211197838693853
306,20,1.365311800436128
306,264,1.2821394318772144
306,255,1.1036750918694618
306,399,1.0399858055770452
306,310,0.5220309588441078
306,189,0.5071828350512197
306,200,0.3841646215214503
306,17,0.0
306,16,0.0
312,119,2.5195702523350394
312,20,2.2065238897152084
312,264,1.5765091616273854
312,189,0.6407047389837679
312,310,0.5220309588441078
312,200,0.3951071834018731
312,476,0.0
312,17,0.0
312,362,0.0
312,16,0.0
309,119,1.0914143253698745
309,94,0.3024300740355716
309,20,0.2863569076786715
309,59,0.0
309,200,0.0
309,362,0.0
309,16,0.0
309,189,0.0
309,17,0.0
309,310,0.0
279,119,0.5177467622597993
279,399,0.24308225737799405
279,94,0.2322065912888116
279,476,0.0
279,189,0.0
279,17,0.0
279,310,0.0
279,362,0.0
279,16,0.0
279,59,0.0
358,399,0.8674241850173028
358,119,0.11787595431602625
358,20,0.0
358,476,0.0
358,200,0.0
358,362,0.0
358,264,0.0
358,189,0.0
358,17,0.0
358,16,0.0
233,119,0.14735837330831134
233,20,0.0
233,476,0.0
233,399,0.0
233,17,0.0
233,200,0.0
233,189,0.0
233,362,0.0
233,16,0.0
233,310,0.0
348,119,0.029471674661662266
348,20,0.0
348,476,0.0
348,399,0.0
348,17,0.0
348,200,0.0
348,189,0.0
348,362,0.0
348,16,0.0
348,310,0.0
227,20,0.4708345494850153
227,189,0.11242391955250036
227,287,0.021951092584544946
227,16,0.0
227,476,0.0
227,399,0.0
227,362,0.0
227,264,0.0
227,200,0.0
227,17,0.0
273,119,2.0042938649463364
273,264,1.2612512083943899
273,399,0.8509385684655586
273,20,0.7561856890385401
273,310,0.6345770103871458
273,287,0.4611952612412533
273,189,0.18988185942043032
273,17,0.0
273,59,0.0
273,362,0.0
162,119,0.022918425579987956
162,399,0.0
162,264,0.0
162,476,0.0
162,17,0.0
162,200,0.0
162,189,0.0
162,362,0.0
162,16,0.0
162,310,0.0
106,94,0.4812068899412886
106,399,0.425415783064628
106,189,0.2659060663686695
106,476,0.0
106,362,0.0
106,16,0.0
106,134,0.0
106,17,0.0
106,59,0.0
106,79,0.0
169,119,0.8556409280765764
169,94,0.3024300740355716
169,20,0.2863569076786715
169,264,0.26554812986043175
169,200,0.0
169,17,0.0
169,189,0.0
169,16,0.0
169,310,0.0
169,362,0.0
302,94,0.4896037436231213
302,399,0.3950414172189479
302,264,0.35748005172311964
302,20,0.33233270304799284
302,189,0.025668873614728763
302,200,0.0
302,17,0.0
302,362,0.0
302,16,0.0
302,310,0.0
310,119,0.0
310,20,0.0
310,399,0.0
310,476,0.0
310,264,0.0
310,200,0.0
310,189,0.0
310,362,0.0
310,17,0.0
310,16,0.0
298,119,0.0
298,20,0.0
298,399,0.0
298,476,0.0
298,264,0.0
298,200,0.0
298,189,0.0
298,362,0.0
298,17,0.0
298,16,0.0
274,399,0.7228534875144189
274,119,0.36347503388498226
274,79,0.1394802726879826
274,310,0.0
274,476,0.0
274,189,0.0
274,17,0.0
274,200,0.0
274,362,0.0
274,16,0.0
340,94,0.27200207979062296
340,399,0.21946745401052664
340,20,0.18462927947110713
340,189,0.01426048534151598
340,200,0.0
340,16,0.0
340,362,0.0
340,310,0.0
340,59,0.0
340,17,0.0
246,94,1.3542205612897495
246,264,1.024893066066962
246,255,0.7725725643086232
246,200,0.5811159754495776
246,189,0.5621316122976648
246,362,0.0
246,59,0.0
246,17,0.0
246,134,0.0
246,16,0.0
342,119,0.022918425579987956
342,399,0.0
342,264,0.0
342,476,0.0
342,17,0.0
342,200,0.0
342,189,0.0
342,362,0.0
342,16,0.0
342,310,0.0
292,119,1.0631589649661017
292,399,0.5672923789770391
292,20,0.5041237926923601
292,189,0.12658790628028688
292,200,0.06565537128253708
292,287,0.004402161620285578
292,17,0.0
292,16,0.0
292,362,0.0
292,310,0.0
135,119,0.0
135,20,0.0
135,399,0.0
135,476,0.0
135,264,0.0
135,200,0.0
135,189,0.0
135,362,0.0
135,17,0.0
135,16,0.0
214,94,0.6832329857424437
214,264,0.5435881700895249
214,189,0.019964679478122374
214,476,0.0
214,362,0.0
214,200,0.0
214,310,0.0
214,17,0.0
214,16,0.0
214,59,0.0
192,94,1.108153128836884
192,399,1.0699927328322978
192,20,0.6834386365889927
192,119,0.5062222677889354
192,310,0.46982786295969703
192,189,0.3495286318307536
192,200,0.21187437605576254
192,79,0.1673763272255791
192,16,0.0
192,362,0.0
278,264,0.48169670987357444
278,119,0.022918425579987956
278,399,0.0
278,189,0.0
278,476,0.0
278,16,0.0
278,59,0.0
278,362,0.0
278,17,0.0
278,310,0.0
319,119,0.14735837330831134
319,20,0.0
319,476,0.0
319,399,0.0
319,17,0.0
319,200,0.0
319,189,0.0
319,362,0.0
319,16,0.0
319,310,0.0
186,264,2.0567189180016014
186,119,1.645056847631458
186,20,0.9795036511916527
186,94,0.5733377638725186
186,200,0.2966241264780675
186,189,0.28368736714097864
186,16,0.0
186,310,0.0
186,17,0.0
186,59,0.0
234,119,0.03925371350814619
234,20,0.0
234,476,0.0
234,399,0.0
234,362,0.0
234,264,0.0
234,200,0.0
234,189,0.0
234,17,0.0
234,16,0.0
330,119,0.03925371350814619
330,20,0.0
330,476,0.0
330,399,0.0
330,362,0.0
330,264,0.0
330,200,0.0
330,189,0.0
330,17,0.0
330,16,0.0
378,119,0.0
378,20,0.0
378,399,0.0
378,476,0.0
378,264,0.0
378,200,0.0
378,189,0.0
378,362,0.0
378,17,0.0
378,16,0.0
394,94,0.4896037436231213
394,399,0.3950414172189479
394,264,0.35748005172311964
394,20,0.33233270304799284
394,189,0.025668873614728763
394,200,0.0
394,17,0.0
394,362,0.0
394,16,0.0
394,310,0.0
295,264,0.920919194148769
295,79,0.04513012070739627
295,200,0.008779017543972447
295,20,0.008237633797455292
295,476,0.0
295,362,0.0
295,399,0.0
295,17,0.0
295,16,0.0
295,189,0.0
241,119,0.0
241,20,0.0
241,399,0.0
241,476,0.0
241,264,0.0
241,200,0.0
241,189,0.0
241,362,0.0
241,17,0.0
241,16,0.0
132,119,0.9735168823926027
132,94,0.3024300740355716
132,20,0.2863569076786715
132,264,0.26554812986043175
132,79,0.1673763272255791
132,17,0.0
132,16,0.0
132,189,0.0
132,310,0.0
132,362,0.0
222,200,0.6271181602246991
222,119,0.5592284455680514
222,310,0.4935598969677801
222,287,0.35357157018619717
222,264,0.3109057171459306
222,476,0.0
222,362,0.0
222,399,0.0
222,17,0.0
222,189,0.0
224,200,0.6271181602246991
224,119,0.5592284455680514
224,310,0.4935598969677801
224,287,0.35357157018619717
224,264,0.3109057171459306
224,476,0.0
224,362,0.0
224,399,0.0
224,17,0.0
224,189,0.0
303,119,0.0
303,20,0.0
303,399,0.0
303,476,0.0
303,264,0.0
303,200,0.0
303,189,0.0
303,362,0.0
303,17,0.0
303,16,0.0
217,94,0.4896037436231213
217,399,0.3950414172189479
217,264,0.35748005172311964
217,20,0.33233270304799284
217,189,0.025668873614728763
217,200,0.0
217,17,0.0
217,362,0.0
217,16,0.0
217,310,0.0
293,264,0.5526713400789347
293,20,0.49510481679498664
293,119,0.2704596148262601
293,200,0.21187437605576254
293,399,0.20256854781499506
293,94,0.19350549274067635
293,362,0.0
293,17,0.0
293,189,0.0
293,16,0.0
240,119,0.6386742021792543
240,94,0.2160214814539797
240,264,0.18967723561459413
240,59,0.0
240,200,0.0
240,362,0.0
240,16,0.0
240,189,0.0
240,17,0.0
240,310,0.0
158,119,0.8556409280765764
158,94,0.3024300740355716
158,20,0.2863569076786715
158,264,0.26554812986043175
158,200,0.0
158,17,0.0
158,189,0.0
158,16,0.0
158,310,0.0
158,362,0.0
204,119,0.14735837330831134
204,20,0.0
204,476,0.0
204,399,0.0
204,17,0.0
204,200,0.0
204,189,0.0
204,362,0.0
204,16,0.0
204,310,0.0
294,119,1.5420566463580943
294,399,0.8509385684655586
294,20,0.7561856890385401
294,189,0.18988185942043032
294,200,0.09848305692380563
294,287,0.006603242430428368
294,17,0.0
294,16,0.0
294,362,0.0
294,310,0.0
367,119,0.8512824640959489
367,94,0.2592257777447756
367,20,0.24544877801028986
367,264,0.22761268273751295
367,200,0.0
367,17,0.0
367,189,0.0
367,16,0.0
367,310,0.0
367,362,0.0
77,119,1.1208860000315368
77,94,0.3024300740355716
77,20,0.2918486635436417
77,79,0.03008674713826418
77,200,0.005852678362648298
77,16,0.0
77,310,0.0
77,362,0.0
77,59,0.0
77,17,0.0
337,94,1.19137595890651
337,189,0.5732612841175813
337,399,0.5435771305145187
337,79,0.03008674713826418
337,476,0.0
337,362,0.0
337,16,0.0
337,134,0.0
337,17,0.0
337,59,0.0
138,264,0.8720836388834239
138,399,0.6603837592059537
138,119,0.3520906789698149
138,189,0.24316060040655313
138,20,0.0
138,476,0.0
138,200,0.0
138,17,0.0
138,310,0.0
138,16,0.0
226,94,0.27200207979062296
226,399,0.21946745401052664
226,264,0.19860002873506646
226,20,0.18462927947110713
226,189,0.01426048534151598
226,200,0.0
226,17,0.0
226,362,0.0
226,16,0.0
226,310,0.0
399,119,1.3082042890816867
399,264,0.861515286349622
399,399,0.8509385684655586
399,189,0.18988185942043032
399,287,0.006603242430428368
399,16,0.0
399,310,0.0
399,362,0.0
399,59,0.0
399,17,0.0
243,94,0.27200207979062296
243,399,0.21946745401052664
243,264,0.19860002873506646
243,20,0.18462927947110713
243,189,0.01426048534151598
243,200,0.0
243,17,0.0
243,362,0.0
243,16,0.0
243,310,0.0
124,119,0.06675582420413173
124,399,0.0
124,264,0.0
124,476,0.0
124,17,0.0
124,200,0.0
124,189,0.0
124,362,0.0
124,16,0.0
124,310,0.0
126,119,0.22463646309562624
126,399,0.0
126,200,0.0
126,476,0.0
126,16,0.0
126,189,0.0
126,362,0.0
126,17,0.0
126,310,0.0
126,59,0.0
276,119,0.0
276,20,0.0
276,399,0.0
276,476,0.0
276,264,0.0
276,200,0.0
276,189,0.0
276,362,0.0
276,17,0.0
276,16,0.0
112,264,1.017430912030661
112,399,0.7704477190736126
112,119,0.41077245879811736
112,189,0.28368736714097864
112,20,0.0
112,476,0.0
112,200,0.0
112,17,0.0
112,310,0.0
112,16,0.0
311,287,1.5447090401867782
311,255,0.9933075826825155
311,94,0.9146476360962077
311,310,0.46982786295969703
311,189,0.30455906400975347
311,264,0.25004408098391195
311,17,0.0
311,16,0.0
311,399,0.0
311,200,0.0
244,94,0.49921968091193125
244,189,0.017112582409819176
244,476,0.0
244,200,0.0
244,16,0.0
244,362,0.0
244,17,0.0
244,310,0.0
244,59,0.0
244,287,0.0
72,119,0.8556409280765764
72,94,0.3024300740355716
72,20,0.2863569076786715
72,264,0.26554812986043175
72,200,0.0
72,17,0.0
72,189,0.0
72,16,0.0
72,310,0.0
72,362,0.0
202,94,0.6832329857424437
202,20,0.5448378989382214
202,189,0.019964679478122374
202,476,0.0
202,362,0.0
202,200,0.0
202,310,0.0
202,17,0.0
202,16,0.0
202,59,0.0
122,119,0.8556409280765764
122,94,0.3024300740355716
122,20,0.2863569076786715
122,264,0.26554812986043175
122,200,0.0
122,17,0.0
122,189,0.0
122,16,0.0
122,310,0.0
122,362,0.0
81,119,0.0
81,20,0.0
81,399,0.0
81,476,0.0
81,264,0.0
81,200,0.0
81,189,0.0
81,362,0.0
81,17,0.0
81,16,0.0
261,287,1.716343377985309
261,255,1.1036750918694618
261,94,1.0162751512180086
261,310,0.5220309588441078
261,189,0.3383989600108372
261,119,0.29471674661662267
261,59,0.0
261,399,0.0
261,362,0.0
261,17,0.0
264,20,0.3295841846395107
264,189,0.07869674368675025
264,287,0.015365764809181462
264,16,0.0
264,476,0.0
264,399,0.0
264,362,0.0
264,264,0.0
264,200,0.0
264,17,0.0
102,119,0.0
102,20,0.0
102,399,0.0
102,476,0.0
102,264,0.0
102,200,0.0
102,189,0.0
102,362,0.0
102,17,0.0
102,16,0.0
232,119,0.0
232,20,0.0
232,399,0.0
232,476,0.0
232,264,0.0
232,200,0.0
232,189,0.0
232,362,0.0
232,17,0.0
232,16,0.0
263,119,0.14080512422663702
263,399,0.0
263,200,0.0
263,476,0.0
263,16,0.0
263,189,0.0
263,362,0.0
263,17,0.0
263,310,0.0
263,59,0.0
268,119,0.0
268,20,0.0
268,399,0.0
268,476,0.0
268,264,0.0
268,200,0.0
268,189,0.0
268,362,0.0
268,17,0.0
268,16,0.0
396,264,0.8909941294952495
396,20,0.0036611705766467968
396,119,0.0
396,476,0.0
396,399,0.0
396,17,0.0
396,310,0.0
396,189,0.0
396,362,0.0
396,16,0.0
397,119,0.1702767988882993
397,399,0.0
397,189,0.0
397,476,0.0
397,310,0.0
397,362,0.0
397,17,0.0
397,16,0.0
397,59,0.0
397,94,0.0
129,119,0.2652450719549604
129,20,0.0
129,476,0.0
129,399,0.0
129,17,0.0
129,200,0.0
129,189,0.0
129,362,0.0
129,16,0.0
129,310,0.0
333,264,0.8683497835357272
333,94,0.6860322517279397
333,200,0.16949950084461002
333,189,0.01426048534151598
333,476,0.0
333,362,0.0
333,17,0.0
333,310,0.0
333,16,0.0
333,59,0.0
369,264,0.6139461294325126
369,200,0.005852678362648298
369,20,0.005491755864970195
369,119,0.0
369,476,0.0
369,399,0.0
369,362,0.0
369,16,0.0
369,189,0.0
369,17,0.0
259,119,0.8877267238885596
259,94,0.3024300740355716
259,264,0.26554812986043175
259,59,0.0
259,200,0.0
259,362,0.0
259,16,0.0
259,189,0.0
259,17,0.0
259,310,0.0
161,119,0.13622143911063944
161,189,0.044969567821000145
161,287,0.008780437033817978
161,362,0.0
161,310,0.0
161,476,0.0
161,59,0.0
161,94,0.0
161,17,0.0
161,16,0.0
403,94,0.5744321538261945
403,189,0.41952815268577115
403,476,0.0
403,200,0.0
403,310,0.0
403,17,0.0
403,16,0.0
403,59,0.0
403,287,0.0
403,134,0.0
258,264,0.8007209160770344
258,20,0.3729630992651133
258,94,0.27200207979062296
258,399,0.21946745401052664
258,189,0.05923005316251612
258,287,0.008780437033817978
258,310,0.0
258,59,0.0
258,362,0.0
258,17,0.0
215,119,0.02750211069598555
215,399,0.0
215,264,0.0
215,476,0.0
215,17,0.0
215,200,0.0
215,189,0.0
215,362,0.0
215,16,0.0
215,310,0.0
164,399,1.0119948825201865
164,119,0.13752194670203063
164,20,0.0
164,476,0.0
164,200,0.0
164,362,0.0
164,264,0.0
164,189,0.0
164,17,0.0
164,16,0.0
357,119,0.2652450719549604
357,20,0.0
357,476,0.0
357,399,0.0
357,17,0.0
357,200,0.0
357,189,0.0
357,362,0.0
357,16,0.0
357,310,0.0
190,94,0.48802356124460267
190,264,0.3882772643496606
190,189,0.01426048534151598
190,476,0.0
190,362,0.0
190,200,0.0
190,310,0.0
190,17,0.0
190,16,0.0
190,59,0.0
307,119,0.03208579581198314
307,399,0.0
307,264,0.0
307,476,0.0
307,17,0.0
307,200,0.0
307,189,0.0
307,362,0.0
307,16,0.0
307,310,0.0
238,399,1.0119948825201865
238,79,0.19527238176317563
238,119,0.13752194670203063
238,16,0.0
238,476,0.0
238,200,0.0
238,362,0.0
238,264,0.0
238,189,0.0
238,17,0.0
165,94,0.4352033276649967
165,399,0.3511479264168426
165,264,0.31776004597610635
165,20,0.2954068471537714
165,189,0.02281677654642557
165,200,0.0
165,17,0.0
165,362,0.0
165,16,0.0
165,310,0.0
225,94,0.4896037436231213
225,399,0.3950414172189479
225,264,0.35748005172311964
225,20,0.33233270304799284
225,189,0.025668873614728763
225,200,0.0
225,17,0.0
225,362,0.0
225,16,0.0
225,310,0.0
242,119,0.03208579581198314
242,399,0.0
242,264,0.0
242,476,0.0
242,17,0.0
242,200,0.0
242,189,0.0
242,362,0.0
242,16,0.0
242,310,0.0
338,20,1.2260378211287222
338,94,0.9877290345813766
338,189,0.02852097068303196
338,476,0.0
338,362,0.0
338,16,0.0
338,59,0.0
338,17,0.0
338,310,0.0
338,134,0.0
326,119,0.022918425579987956
326,399,0.0
326,264,0.0
326,476,0.0
326,17,0.0
326,200,0.0
326,189,0.0
326,362,0.0
326,16,0.0
326,310,0.0
96,119,0.04125316604397832
96,399,0.0
96,264,0.0
96,476,0.0
96,17,0.0
96,200,0.0
96,189,0.0
96,362,0.0
96,16,0.0
96,310,0.0
94,264,0.5813890925889492
94,399,0.4402558394706358
94,119,0.23472711931320991
94,189,0.16210706693770208
94,20,0.0
94,476,0.0
94,200,0.0
94,17,0.0
94,310,0.0
94,16,0.0
123,119,0.022918425579987956
123,399,0.0
123,264,0.0
123,476,0.0
123,17,0.0
123,200,0.0
123,189,0.0
123,362,0.0
123,16,0.0
123,310,0.0
392,264,1.095642839306087
392,189,0.355961422769563
392,79,0.03008674713826418
392,119,0.02750211069598555
392,287,0.008780437033817978
392,59,0.0
392,94,0.0
392,476,0.0
392,362,0.0
392,17,0.0
343,119,0.11788669864664907
343,79,0.03008674713826418
343,20,0.005491755864970195
343,59,0.0
343,476,0.0
343,362,0.0
343,16,0.0
343,189,0.0
343,17,0.0
343,310,0.0
120,94,0.3808029117068721
120,399,0.3072544356147373
120,264,0.27804004022909307
120,20,0.25848099125955
120,189,0.019964679478122374
120,200,0.0
120,17,0.0
120,362,0.0
120,16,0.0
120,310,0.0
344,119,0.7976159640116705
344,200,0.6271181602246991
344,310,0.4935598969677801
344,287,0.35357157018619717
344,189,0.0
344,59,0.0
344,476,0.0
344,94,0.0
344,362,0.0
344,17,0.0
213,200,0.32929317968397404
213,189,0.2487934839588503
213,119,0.0
213,20,0.0
213,399,0.0
213,476,0.0
213,264,0.0
213,362,0.0
213,17,0.0
213,16,0.0
305,119,0.022918425579987956
305,399,0.0
305,264,0.0
305,476,0.0
305,17,0.0
305,200,0.0
305,189,0.0
305,362,0.0
305,16,0.0
305,310,0.0
314,119,0.03208579581198314
314,399,0.0
314,264,0.0
314,476,0.0
314,17,0.0
314,200,0.0
314,189,0.0
314,362,0.0
314,16,0.0
314,310,0.0
75,119,0.0
75,20,0.0
75,399,0.0
75,476,0.0
75,264,0.0
75,200,0.0
75,189,0.0
75,362,0.0
75,17,0.0
75,16,0.0
262,119,0.04125316604397832
262,399,0.0
262,264,0.0
262,476,0.0
262,17,0.0
262,200,0.0
262,189,0.0
262,362,0.0
262,16,0.0
262,310,0.0
216,94,0.10880083191624917
216,399,0.08778698160421065
216,264,0.07944001149402659
216,20,0.07385171178844285
216,189,0.005704194136606392
216,200,0.0
216,17,0.0
216,362,0.0
216,16,0.0
216,310,0.0
220,264,0.6139461294325126
220,79,0.03008674713826418
220,200,0.005852678362648298
220,20,0.005491755864970195
220,476,0.0
220,362,0.0
220,399,0.0
220,17,0.0
220,16,0.0
220,189,0.0
377,119,0.0
377,20,0.0
377,399,0.0
377,476,0.0
377,264,0.0
377,200,0.0
377,189,0.0
377,362,0.0
377,17,0.0
377,16,0.0
316,189,0.20699444183024948
316,200,0.09848305692380563
316,287,0.006603242430428368
316,476,0.0
316,362,0.0
316,16,0.0
316,59,0.0
316,17,0.0
316,310,0.0
316,134,0.0
209,119,2.1409267915782753
209,20,1.0425425967172117
209,264,0.5249425288680858
209,189,0.18988185942043032
209,200,0.09848305692380563
209,287,0.006603242430428368
209,17,0.0
209,16,0.0
209,362,0.0
209,310,0.0
265,119,0.0
265,20,0.0
265,399,0.0
265,476,0.0
265,264,0.0
265,200,0.0
265,189,0.0
265,362,0.0
265,17,0.0
265,16,0.0
167,119,0.2541081377572885
167,79,0.03008674713826418
167,200,0.005852678362648298
167,189,0.0
167,16,0.0
167,476,0.0
167,310,0.0
167,59,0.0
167,362,0.0
167,17,0.0
178,94,0.3264024957487475
178,399,0.26336094481263195
178,264,0.23832003448207978
178,20,0.22155513536532856
178,189,0.017112582409819176
178,200,0.0
178,17,0.0
178,362,0.0
178,16,0.0
178,310,0.0
289,119,0.02750211069598555
289,399,0.0
289,264,0.0
289,476,0.0
289,17,0.0
289,200,0.0
289,189,0.0
289,362,0.0
289,16,0.0
289,310,0.0
287,119,0.0
287,20,0.0
287,399,0.0
287,476,0.0
287,264,0.0
287,200,0.0
287,189,0.0
287,362,0.0
287,17,0.0
287,16,0.0
380,119,0.0
380,20,0.0
380,399,0.0
380,476,0.0
380,264,0.0
380,200,0.0
380,189,0.0
380,362,0.0
380,17,0.0
380,16,0.0
356,119,0.14735837330831134
356,20,0.0
356,476,0.0
356,399,0.0
356,17,0.0
356,200,0.0
356,189,0.0
356,362,0.0
356,16,0.0
356,310,0.0
354,119,0.022918425579987956
354,399,0.0
354,264,0.0
354,476,0.0
354,17,0.0
354,200,0.0
354,189,0.0
354,362,0.0
354,16,0.0
354,310,0.0
376,264,0.7737398761105085
376,20,0.6931467435129812
376,119,0.41789717426491024
376,200,0.2966241264780675
376,399,0.2835959669409931
376,94,0.2709076898369469
376,362,0.0
376,17,0.0
376,189,0.0
376,16,0.0
346,119,0.0
346,20,0.0
346,399,0.0
346,476,0.0
346,264,0.0
346,200,0.0
346,189,0.0
346,362,0.0
346,17,0.0
346,16,0.0
101,94,0.27200207979062296
101,399,0.21946745401052664
101,264,0.19860002873506646
101,20,0.18462927947110713
101,189,0.01426048534151598
101,200,0.0
101,17,0.0
101,362,0.0
101,16,0.0
101,310,0.0
109,287,1.5447090401867782
109,255,0.9933075826825155
109,94,0.9146476360962077
109,310,0.46982786295969703
109,189,0.30455906400975347
109,264,0.25004408098391195
109,17,0.0
109,16,0.0
109,399,0.0
109,200,0.0
191,119,0.14735837330831134
191,20,0.0
191,476,0.0
191,399,0.0
191,17,0.0
191,200,0.0
191,189,0.0
191,362,0.0
191,16,0.0
191,310,0.0
184,20,0.23541727474250765
184,189,0.05621195977625018
184,119,0.028038366791532994
184,287,0.010975546292272473
184,16,0.0
184,476,0.0
184,200,0.0
184,362,0.0
184,264,0.0
184,17,0.0
352,119,0.0
352,20,0.0
352,399,0.0
352,476,0.0
352,264,0.0
352,200,0.0
352,189,0.0
352,362,0.0
352,17,0.0
352,16,0.0
231,264,0.602120887341968
231,119,0.0
231,20,0.0
231,399,0.0
231,476,0.0
231,310,0.0
231,189,0.0
231,362,0.0
231,17,0.0
231,16,0.0
187,264,0.6139461294325126
187,79,0.03008674713826418
187,200,0.005852678362648298
187,20,0.005491755864970195
187,476,0.0
187,362,0.0
187,399,0.0
187,17,0.0
187,16,0.0
187,189,0.0
297,200,0.41161647460496753
297,189,0.31099185494856285
297,119,0.0
297,20,0.0
297,399,0.0
297,476,0.0
297,264,0.0
297,362,0.0
297,17,0.0
297,16,0.0
228,119,0.14080512422663702
228,399,0.0
228,200,0.0
228,476,0.0
228,16,0.0
228,189,0.0
228,362,0.0
228,17,0.0
228,310,0.0
228,59,0.0
308,119,0.7334065097799226
308,94,0.2592257777447756
308,20,0.24544877801028986
308,264,0.22761268273751295
308,200,0.0
308,17,0.0
308,189,0.0
308,16,0.0
308,310,0.0
308,362,0.0
139,119,0.1768300479699736
139,20,0.0
139,476,0.0
139,399,0.0
139,17,0.0
139,200,0.0
139,189,0.0
139,362,0.0
139,16,0.0
139,310,0.0
373,119,0.0
373,20,0.0
373,399,0.0
373,476,0.0
373,264,0.0
373,200,0.0
373,189,0.0
373,362,0.0
373,17,0.0
373,16,0.0
168,119,0.0
168,20,0.0
168,399,0.0
168,476,0.0
168,264,0.0
168,200,0.0
168,189,0.0
168,362,0.0
168,17,0.0
168,16,0.0
400,119,0.03925371350814619
400,20,0.0
400,476,0.0
400,399,0.0
400,362,0.0
400,264,0.0
400,200,0.0
400,189,0.0
400,17,0.0
400,16,0.0
320,20,0.4708345494850153
320,189,0.11242391955250036
320,287,0.021951092584544946
320,16,0.0
320,476,0.0
320,399,0.0
320,362,0.0
320,264,0.0
320,200,0.0
320,17,0.0
95,119,0.022918425579987956
95,399,0.0
95,264,0.0
95,476,0.0
95,17,0.0
95,200,0.0
95,189,0.0
95,362,0.0
95,16,0.0
95,310,0.0
353,119,0.1768300479699736
353,20,0.0
353,476,0.0
353,399,0.0
353,17,0.0
353,200,0.0
353,189,0.0
353,362,0.0
353,16,0.0
353,310,0.0
260,119,0.0
260,20,0.0
260,399,0.0
260,476,0.0
260,264,0.0
260,200,0.0
260,189,0.0
260,362,0.0
260,17,0.0
260,16,0.0
83,119,0.0
83,20,0.0
83,399,0.0
83,476,0.0
83,264,0.0
83,200,0.0
83,189,0.0
83,362,0.0
83,17,0.0
83,16,0.0
250,94,0.21760166383249835
250,399,0.1755739632084213
250,264,0.15888002298805318
250,189,0.011408388273212784
250,200,0.0
250,16,0.0
250,362,0.0
250,310,0.0
250,59,0.0
250,17,0.0
395,119,0.0
395,20,0.0
395,399,0.0
395,476,0.0
395,264,0.0
395,200,0.0
395,189,0.0
395,362,0.0
395,17,0.0
395,16,0.0
183,264,0.6139461294325126
183,79,0.03008674713826418
183,200,0.005852678362648298
183,20,0.005491755864970195
183,476,0.0
183,362,0.0
183,399,0.0
183,17,0.0
183,16,0.0
183,189,0.0
275,264,0.8185948392433502
275,79,0.040115662851018905
275,200,0.007803571150197731
275,20,0.0073223411532935935
275,476,0.0
275,362,0.0
275,399,0.0
275,17,0.0
275,16,0.0
275,189,0.0
173,119,0.11788669864664907
173,20,0.0
173,476,0.0
173,399,0.0
173,17,0.0
173,200,0.0
173,189,0.0
173,362,0.0
173,16,0.0
173,310,0.0
272,287,1.716343377985309
272,255,1.1036750918694618
272,94,1.0162751512180086
272,310,0.5220309588441078
272,189,0.3383989600108372
272,264,0.27782675664879103
272,17,0.0
272,16,0.0
272,399,0.0
272,200,0.0
304,119,0.03208579581198314
304,399,0.0
304,264,0.0
304,476,0.0
304,17,0.0
304,200,0.0
304,189,0.0
304,362,0.0
304,16,0.0
304,310,0.0
318,119,0.03208579581198314
318,399,0.0
318,264,0.0
318,476,0.0
318,17,0.0
318,200,0.0
318,189,0.0
318,362,0.0
318,16,0.0
318,310,0.0
125,119,0.0
125,20,0.0
125,399,0.0
125,476,0.0
125,264,0.0
125,200,0.0
125,189,0.0
125,362,0.0
125,17,0.0
125,16,0.0
374,119,0.0
374,20,0.0
374,399,0.0
374,476,0.0
374,264,0.0
374,200,0.0
374,189,0.0
374,362,0.0
374,17,0.0
374,16,0.0
317,20,0.2825007296910092
317,189,0.06745435173150022
317,287,0.013170655550726967
317,16,0.0
317,476,0.0
317,399,0.0
317,362,0.0
317,264,0.0
317,200,0.0
317,17,0.0
177,20,0.4708345494850153
177,189,0.11242391955250036
177,287,0.021951092584544946
177,16,0.0
177,476,0.0
177,399,0.0
177,362,0.0
177,264,0.0
177,200,0.0
177,17,0.0
149,119,0.14735837330831134
149,20,0.0
149,476,0.0
149,399,0.0
149,17,0.0
149,200,0.0
149,189,0.0
149,362,0.0
149,16,0.0
149,310,0.0
327,20,0.4237510945365138
327,189,0.10118152759725033
327,287,0.01975598332609045
327,16,0.0
327,476,0.0
327,399,0.0
327,362,0.0
327,264,0.0
327,200,0.0
327,17,0.0
207,119,0.23838751844361902
207,399,0.0
207,200,0.0
207,476,0.0
207,16,0.0
207,189,0.0
207,362,0.0
207,17,0.0
207,310,0.0
207,59,0.0
361,119,0.29471674661662267
361,20,0.0
361,476,0.0
361,399,0.0
361,17,0.0
361,200,0.0
361,189,0.0
361,362,0.0
361,16,0.0
361,310,0.0
339,119,0.0
339,20,0.0
339,399,0.0
339,476,0.0
339,264,0.0
339,200,0.0
339,189,0.0
339,362,0.0
339,17,0.0
339,16,0.0
351,264,0.44213707206314773
351,20,0.3960838534359893
351,119,0.21636769186100804
351,200,0.16949950084461002
351,399,0.16205483825199604
351,94,0.15480439419254108
351,362,0.0
351,17,0.0
351,189,0.0
351,16,0.0
266,119,0.0
266,20,0.0
266,399,0.0
266,476,0.0
266,264,0.0
266,200,0.0
266,189,0.0
266,362,0.0
266,17,0.0
266,16,0.0
386,119,0.018334740463990366
386,399,0.0
386,264,0.0
386,476,0.0
386,17,0.0
386,200,0.0
386,189,0.0
386,362,0.0
386,16,0.0
386,310,0.0
285,264,0.6139461294325126
285,119,0.018334740463990366
285,200,0.005852678362648298
285,399,0.0
285,17,0.0
285,476,0.0
285,16,0.0
285,310,0.0
285,189,0.0
285,362,0.0
127,119,0.8556409280765764
127,94,0.3024300740355716
127,20,0.2863569076786715
127,264,0.26554812986043175
127,200,0.0
127,17,0.0
127,189,0.0
127,16,0.0
127,310,0.0
127,362,0.0
341,119,0.04076543389721676
341,399,0.0
341,264,0.0
341,476,0.0
341,17,0.0
341,200,0.0
341,189,0.0
341,362,0.0
341,16,0.0
341,310,0.0
130,119,0.0
130,20,0.0
130,399,0.0
130,476,0.0
130,264,0.0
130,200,0.0
130,189,0.0
130,362,0.0
130,17,0.0
130,16,0.0
364,119,0.02750211069598555
364,399,0.0
364,264,0.0
364,476,0.0
364,17,0.0
364,200,0.0
364,189,0.0
364,362,0.0
364,16,0.0
364,310,0.0
331,119,0.20630172263163588
331,20,0.0
331,476,0.0
331,399,0.0
331,17,0.0
331,200,0.0
331,189,0.0
331,362,0.0
331,16,0.0
331,310,0.0
332,20,0.4708345494850153
332,189,0.11242391955250036
332,287,0.021951092584544946
332,16,0.0
332,476,0.0
332,399,0.0
332,362,0.0
332,264,0.0
332,200,0.0
332,17,0.0
389,264,0.602120887341968
389,119,0.0
389,20,0.0
389,399,0.0
389,476,0.0
389,310,0.0
389,189,0.0
389,362,0.0
389,17,0.0
389,16,0.0
146,94,0.3808029117068721
146,399,0.3072544356147373
146,264,0.27804004022909307
146,20,0.25848099125955
146,189,0.019964679478122374
146,200,0.0
146,17,0.0
146,362,0.0
146,16,0.0
146,310,0.0
328,119,0.022918425579987956
328,399,0.0
328,264,0.0
328,476,0.0
328,17,0.0
328,200,0.0
328,189,0.0
328,362,0.0
328,16,0.0
328,310,0.0
322,119,0.02750211069598555
322,399,0.0
322,264,0.0
322,476,0.0
322,17,0.0
322,200,0.0
322,189,0.0
322,362,0.0
322,16,0.0
322,310,0.0
181,119,0.04583685115997591
181,399,0.0
181,264,0.0
181,476,0.0
181,17,0.0
181,200,0.0
181,189,0.0
181,362,0.0
181,16,0.0
181,310,0.0
299,264,0.6632056080947216
299,20,0.5941257801539839
299,119,0.3245515377915121
299,200,0.254249251266915
299,399,0.24308225737799405
299,94,0.2322065912888116
299,362,0.0
299,17,0.0
299,189,0.0
299,16,0.0
313,119,0.0
313,20,0.0
313,399,0.0
313,476,0.0
313,264,0.0
313,200,0.0
313,189,0.0
313,362,0.0
313,17,0.0
313,16,0.0
245,119,0.14735837330831134
245,20,0.0
245,476,0.0
245,399,0.0
245,17,0.0
245,200,0.0
245,189,0.0
245,362,0.0
245,16,0.0
245,310,0.0
393,119,0.022430693433226394
393,20,0.0
393,476,0.0
393,399,0.0
393,362,0.0
393,264,0.0
393,200,0.0
393,189,0.0
393,17,0.0
393,16,0.0
324,119,0.14735837330831134
324,20,0.0
324,476,0.0
324,399,0.0
324,17,0.0
324,200,0.0
324,189,0.0
324,362,0.0
324,16,0.0
324,310,0.0
74,119,0.6111720914832688
74,94,0.2160214814539797
74,20,0.20454064834190822
74,264,0.18967723561459413
74,200,0.0
74,17,0.0
74,189,0.0
74,16,0.0
74,310,0.0
74,362,0.0
195,119,0.0
195,20,0.0
195,399,0.0
195,476,0.0
195,264,0.0
195,200,0.0
195,189,0.0
195,362,0.0
195,17,0.0
195,16,0.0
239,119,0.02750211069598555
239,399,0.0
239,264,0.0
239,476,0.0
239,17,0.0
239,200,0.0
239,189,0.0
239,362,0.0
239,16,0.0
239,310,0.0
334,119,0.6111720914832688
334,94,0.2160214814539797
334,20,0.20454064834190822
334,264,0.18967723561459413
334,200,0.0
334,17,0.0
334,189,0.0
334,16,0.0
334,310,0.0
334,362,0.0
118,119,1.4039353335767244
118,264,1.282979041891093
118,94,0.3024300740355716
118,20,0.2863569076786715
118,189,0.28368736714097864
118,79,0.19527238176317563
118,16,0.0
118,310,0.0
118,17,0.0
118,59,0.0
150,119,0.0
150,20,0.0
150,399,0.0
150,476,0.0
150,264,0.0
150,200,0.0
150,189,0.0
150,362,0.0
150,17,0.0
150,16,0.0
