448,16,0.6849747312395287
448,287,0.44522077002878113
448,255,0.3056924085399773
448,79,0.0
448,78,0.0
448,284,0.0
448,352,0.0
448,22,0.0
448,416,0.0
448,190,0.0
444,189,0.29444497951460336
444,20,0.19015747887939616
444,399,0.18179298756040557
444,94,0.1712011963495934
444,264,0.01194547163247115
444,200,0.0
444,17,0.0
444,362,0.0
444,16,0.0
444,310,0.0
450,119,0.37221559215159306
450,94,0.21792029681158442
450,20,0.16970468030431723
450,59,0.0
450,200,0.0
450,362,0.0
450,16,0.0
450,189,0.0
450,17,0.0
450,310,0.0
445,119,0.0
445,399,0.0
445,476,0.0
445,264,0.0
445,200,0.0
445,189,0.0
445,362,0.0
445,17,0.0
445,16,0.0
445,310,0.0
446,94,0.13448322557054132
446,119,0.05075053607925877
446,310,0.0
446,476,0.0
446,399,0.0
446,17,0.0
446,264,0.0
446,189,0.0
446,362,0.0
446,16,0.0
447,189,1.0196020532117598
447,20,0.9587640505771752
447,287,0.7728294979922992
447,94,0.5901624893605677
447,200,0.39383200384622014
447,255,0.197376308688528
447,17,0.0
447,134,0.0
447,59,0.0
447,79,0.0
449,264,0.695659464516062
449,399,0.6424421128598149
449,16,0.29920754847202297
449,310,0.264561822250502
449,189,0.25216166953060193
449,119,0.2058220467950016
449,200,0.002116531604523538
449,20,0.0
449,476,0.0
449,17,0.0
522,20,2.6628119302786866
522,19,1.424752703458316
522,255,0.5003055470163654
522,415,0.0
522,59,0.0
522,17,0.0
522,352,0.0
522,134,0.0
522,22,0.0
522,190,0.0
524,310,0.6372358330105837
524,362,0.464877547953296
524,20,0.4128254500822524
524,287,0.3472107349743952
524,119,0.1466005000598731
524,59,0.0
524,476,0.0
524,189,0.0
524,17,0.0
524,200,0.0
516,310,0.07061060831751825
516,476,0.0
516,362,0.0
516,17,0.0
516,16,0.0
516,22,0.0
516,59,0.0
516,287,0.0
516,134,0.0
516,78,0.0
619,399,3.6776325403163934
619,94,2.0915823519443357
619,476,0.0
619,59,0.0
619,17,0.0
619,22,0.0
619,352,0.0
619,134,0.0
619,78,0.0
619,284,0.0
494,119,4.099476446156882
494,264,1.38863978102219
494,200,0.1227117164951242
494,476,0.0
494,362,0.0
494,17,0.0
494,310,0.0
494,287,0.0
494,16,0.0
494,59,0.0
655,119,4.228664319693523
655,20,1.7093230159087665
655,16,0.5984150969440459
655,310,0.529123644501004
655,200,0.3723682126944197
655,476,0.0
655,17,0.0
655,59,0.0
655,134,0.0
655,287,0.0
466,119,0.6203593202526552
466,264,0.5086155648701203
466,94,0.36320049468597404
466,20,0.2296883646000321
466,200,0.0
466,17,0.0
466,189,0.0
466,16,0.0
466,310,0.0
466,362,0.0
523,399,0.9992260726147131
523,119,0.8803643505337566
523,20,0.8660159262469308
523,264,0.44900623388616195
523,200,0.4090390549837474
523,189,0.3570447323662079
523,476,0.0
523,362,0.0
523,17,0.0
523,16,0.0
620,200,1.4271101834289481
620,255,0.6517701661802842
620,16,0.3989433979626973
620,476,0.0
620,59,0.0
620,17,0.0
620,284,0.0
620,352,0.0
620,134,0.0
620,22,0.0
570,189,0.29444497951460336
570,20,0.19015747887939616
570,399,0.18179298756040557
570,94,0.1712011963495934
570,264,0.01194547163247115
570,200,0.0
570,17,0.0
570,362,0.0
570,16,0.0
570,310,0.0
544,399,2.175495640532776
544,200,0.823697689445587
544,310,0.042366364990510955
544,476,0.0
544,362,0.0
544,16,0.0
544,59,0.0
544,17,0.0
544,287,0.0
544,134,0.0
618,119,1.377428809821208
618,189,0.3213402591295871
618,310,0.1980669576481293
618,476,0.0
618,362,0.0
618,16,0.0
618,59,0.0
618,17,0.0
618,134,0.0
618,79,0.0
640,399,1.1719929466938501
640,189,0.7630077284014921
640,264,0.4220238179462525
640,476,0.0
640,362,0.0
640,17,0.0
640,310,0.0
640,287,0.0
640,16,0.0
640,59,0.0
487,119,0.0
487,20,0.0
487,399,0.0
487,476,0.0
487,264,0.0
487,200,0.0
487,189,0.0
487,362,0.0
487,17,0.0
487,16,0.0
610,189,0.6625012039078575
610,20,0.4278543274786414
610,399,0.40903422201091255
610,94,0.38520269178658517
610,264,0.026877311173060085
610,200,0.0
610,17,0.0
610,362,0.0
610,16,0.0
610,310,0.0
492,200,0.3681351494853726
492,476,0.0
492,17,0.0
492,362,0.0
492,287,0.0
492,16,0.0
492,310,0.0
492,59,0.0
492,134,0.0
492,79,0.0
569,119,4.789389908080935
569,94,1.948057428510785
569,20,1.2527900040237165
569,476,0.0
569,200,0.0
569,17,0.0
569,310,0.0
569,362,0.0
569,16,0.0
569,59,0.0
518,189,0.29444497951460336
518,20,0.19015747887939616
518,399,0.18179298756040557
518,94,0.1712011963495934
518,264,0.01194547163247115
518,200,0.0
518,17,0.0
518,362,0.0
518,16,0.0
518,310,0.0
481,119,0.0
481,20,0.0
481,399,0.0
481,476,0.0
481,264,0.0
481,200,0.0
481,189,0.0
481,362,0.0
481,17,0.0
481,16,0.0
624,119,0.0
624,20,0.0
624,399,0.0
624,476,0.0
624,264,0.0
624,200,0.0
624,189,0.0
624,362,0.0
624,17,0.0
624,16,0.0
514,189,0.6625012039078575
514,20,0.4278543274786414
514,399,0.40903422201091255
514,94,0.38520269178658517
514,264,0.026877311173060085
514,200,0.0
514,17,0.0
514,362,0.0
514,16,0.0
514,310,0.0
592,189,0.6625012039078575
592,20,0.4278543274786414
592,399,0.40903422201091255
592,94,0.38520269178658517
592,264,0.026877311173060085
592,200,0.0
592,17,0.0
592,362,0.0
592,16,0.0
592,310,0.0
454,399,1.3083376873641543
454,20,1.207268661100879
454,189,0.9838414630374446
454,264,0.43098292167060587
454,200,0.3681351494853726
454,476,0.0
454,17,0.0
454,362,0.0
454,16,0.0
454,310,0.0
486,119,0.0
486,20,0.0
486,399,0.0
486,476,0.0
486,264,0.0
486,200,0.0
486,189,0.0
486,362,0.0
486,17,0.0
486,16,0.0
560,399,0.8993034653532418
560,119,0.792327915480381
560,20,0.7794143336222377
560,264,0.4041056104975458
560,200,0.3681351494853726
560,189,0.3213402591295871
560,476,0.0
560,362,0.0
560,17,0.0
560,16,0.0
489,200,0.6933073006106493
489,189,0.5152787141505559
489,287,0.3561766160230249
489,399,0.31813772823070974
489,94,0.29960209361178847
489,264,0.1022999955208627
489,79,0.03182451555297143
489,59,0.0
489,362,0.0
489,17,0.0
477,94,2.0426997245485907
477,399,1.276192175179534
477,264,0.9958996887116979
477,476,0.0
477,200,0.0
477,17,0.0
477,310,0.0
477,362,0.0
477,16,0.0
477,59,0.0
612,399,0.8993034653532418
612,119,0.792327915480381
612,20,0.7794143336222377
612,264,0.4041056104975458
612,200,0.3681351494853726
612,189,0.3213402591295871
612,476,0.0
612,362,0.0
612,17,0.0
612,16,0.0
451,200,1.0245068083660533
451,255,0.24672038586066003
451,22,0.0
451,17,0.0
451,362,0.0
451,79,0.0
451,16,0.0
451,59,0.0
451,134,0.0
451,78,0.0
639,399,0.8993034653532418
639,119,0.792327915480381
639,20,0.7794143336222377
639,264,0.4041056104975458
639,200,0.3681351494853726
639,189,0.3213402591295871
639,476,0.0
639,362,0.0
639,17,0.0
639,16,0.0
654,119,1.6735185978539127
654,264,1.1161674013157143
654,20,1.1009780440622827
654,189,0.3213402591295871
654,476,0.0
654,16,0.0
654,362,0.0
654,310,0.0
654,59,0.0
654,17,0.0
607,119,1.501500673871739
607,20,1.1047776828551636
607,189,0.3213402591295871
607,476,0.0
607,362,0.0
607,17,0.0
607,310,0.0
607,287,0.0
607,16,0.0
607,59,0.0
471,189,0.6625012039078575
471,20,0.4278543274786414
471,399,0.40903422201091255
471,94,0.38520269178658517
471,264,0.026877311173060085
471,200,0.0
471,17,0.0
471,362,0.0
471,16,0.0
471,310,0.0
657,264,1.1430447124887744
657,189,0.9838414630374446
657,476,0.0
657,362,0.0
657,16,0.0
657,59,0.0
657,17,0.0
657,310,0.0
657,287,0.0
657,134,0.0
632,189,0.5152787141505559
632,20,0.33277558803894325
632,399,0.31813772823070974
632,94,0.29960209361178847
632,264,0.020904575356824513
632,200,0.0
632,17,0.0
632,362,0.0
632,16,0.0
632,310,0.0
578,20,2.2494334662277238
578,399,2.2209438874228775
578,19,1.5716945209650994
578,264,1.4029916671173615
578,200,0.3681351494853726
578,16,0.0
578,310,0.0
578,362,0.0
578,59,0.0
578,17,0.0
660,399,1.3083376873641543
660,20,1.2497908764932764
660,189,0.9838414630374446
660,200,0.3681351494853726
660,476,0.0
660,16,0.0
660,362,0.0
660,310,0.0
660,59,0.0
660,17,0.0
519,119,0.0
519,20,0.0
519,399,0.0
519,476,0.0
519,264,0.0
519,200,0.0
519,189,0.0
519,362,0.0
519,17,0.0
519,16,0.0
588,119,0.0
588,399,0.0
588,476,0.0
588,200,0.0
588,189,0.0
588,362,0.0
588,17,0.0
588,16,0.0
588,310,0.0
588,59,0.0
605,189,0.6625012039078575
605,20,0.4278543274786414
605,399,0.40903422201091255
605,94,0.38520269178658517
605,264,0.026877311173060085
605,200,0.0
605,17,0.0
605,362,0.0
605,16,0.0
605,310,0.0
540,119,0.0
540,20,0.0
540,399,0.0
540,476,0.0
540,264,0.0
540,200,0.0
540,189,0.0
540,362,0.0
540,17,0.0
540,16,0.0
653,119,0.0
653,20,0.0
653,399,0.0
653,476,0.0
653,264,0.0
653,200,0.0
653,189,0.0
653,362,0.0
653,17,0.0
653,16,0.0
535,189,0.6625012039078575
535,20,0.4278543274786414
535,399,0.40903422201091255
535,94,0.38520269178658517
535,264,0.026877311173060085
535,200,0.0
535,17,0.0
535,362,0.0
535,16,0.0
535,310,0.0
484,189,0.6625012039078575
484,399,0.40903422201091255
484,94,0.38520269178658517
484,264,0.026877311173060085
484,200,0.0
484,16,0.0
484,362,0.0
484,310,0.0
484,59,0.0
484,17,0.0
566,94,1.2070676141845151
566,264,0.9423853279392767
566,20,0.8412933837586992
566,189,0.6625012039078575
566,476,0.0
566,362,0.0
566,17,0.0
566,310,0.0
566,16,0.0
566,59,0.0
591,94,0.821043285409754
591,20,0.7034803649986799
591,189,0.6625012039078575
591,264,0.6372159890172046
591,200,0.0
591,16,0.0
591,362,0.0
591,310,0.0
591,59,0.0
591,17,0.0
611,287,1.2247448953192008
611,399,1.0285960291680027
611,310,0.6476989507651106
611,264,0.5479800633493093
611,94,0.4193260712464709
611,20,0.22437427837511617
611,255,0.20424108398357343
611,200,0.16392384540221216
611,16,0.0
611,189,0.0
525,94,1.2070676141845151
525,20,0.936968368391593
525,189,0.6625012039078575
525,476,0.0
525,362,0.0
525,16,0.0
525,59,0.0
525,17,0.0
525,310,0.0
525,287,0.0
635,94,0.33930522831277005
635,189,0.29444497951460336
635,399,0.18179298756040557
635,264,0.01194547163247115
635,476,0.0
635,362,0.0
635,17,0.0
635,310,0.0
635,16,0.0
635,59,0.0
609,287,1.4288690445390677
609,399,1.200028700696003
609,310,0.7556487758926291
609,264,0.6393100739075275
609,94,0.4892137497875494
609,20,0.2617699914376355
609,255,0.23828126464750235
609,200,0.19124448630258087
609,16,0.0
609,189,0.0
483,94,2.6964606149833443
483,264,1.9114077054779144
483,20,1.8359188191656948
483,476,0.0
483,200,0.0
483,17,0.0
483,310,0.0
483,362,0.0
483,16,0.0
483,59,0.0
458,119,0.0
458,20,0.0
458,399,0.0
458,476,0.0
458,264,0.0
458,200,0.0
458,189,0.0
458,362,0.0
458,17,0.0
458,16,0.0
496,119,0.0
496,20,0.0
496,399,0.0
496,476,0.0
496,264,0.0
496,200,0.0
496,189,0.0
496,362,0.0
496,17,0.0
496,16,0.0
642,94,0.9200368442110808
642,200,0.1518541799867381
642,399,0.02055523754490041
642,79,0.015912257776485715
642,310,0.014122121663503651
642,16,0.0
642,59,0.0
642,476,0.0
642,362,0.0
642,17,0.0
526,189,0.6625012039078575
526,20,0.4278543274786414
526,399,0.40903422201091255
526,94,0.38520269178658517
526,264,0.026877311173060085
526,200,0.0
526,17,0.0
526,362,0.0
526,16,0.0
526,310,0.0
459,399,0.8993034653532418
459,119,0.792327915480381
459,20,0.7794143336222377
459,264,0.4041056104975458
459,200,0.3681351494853726
459,189,0.3213402591295871
459,476,0.0
459,362,0.0
459,17,0.0
459,16,0.0
616,189,0.7361124487865084
616,20,0.4753936971984904
616,399,0.45448246890101396
616,94,0.4280029908739835
616,264,0.029863679081177874
616,200,0.0
616,17,0.0
616,362,0.0
616,16,0.0
616,310,0.0
641,119,0.0
641,20,0.0
641,399,0.0
641,476,0.0
641,264,0.0
641,200,0.0
641,189,0.0
641,362,0.0
641,17,0.0
641,16,0.0
478,94,2.2108037565117673
478,20,1.422479762885637
478,399,1.276192175179534
478,264,0.9958996887116979
478,476,0.0
478,362,0.0
478,17,0.0
478,310,0.0
478,16,0.0
478,59,0.0
493,399,0.8993034653532418
493,119,0.792327915480381
493,20,0.7794143336222377
493,264,0.4041056104975458
493,200,0.3681351494853726
493,189,0.3213402591295871
493,476,0.0
493,362,0.0
493,17,0.0
493,16,0.0
553,119,1.1166467764547792
553,264,0.9155080167662165
553,94,0.6537608904347533
553,20,0.41343905628005784
553,200,0.0
553,17,0.0
553,189,0.0
553,16,0.0
553,310,0.0
553,362,0.0
601,399,0.9992260726147131
601,119,0.8803643505337566
601,20,0.8660159262469308
601,264,0.44900623388616195
601,200,0.4090390549837474
601,189,0.3570447323662079
601,476,0.0
601,362,0.0
601,17,0.0
601,16,0.0
583,119,0.0
583,399,0.0
583,476,0.0
583,264,0.0
583,200,0.0
583,189,0.0
583,362,0.0
583,17,0.0
583,16,0.0
583,310,0.0
617,264,1.4849082326299705
617,94,1.0617874163101255
617,310,0.9875083269668459
617,189,0.6625012039078575
617,362,0.5578530575439552
617,476,0.0
617,17,0.0
617,59,0.0
617,134,0.0
617,79,0.0
576,119,1.1166467764547792
576,264,0.9155080167662165
576,94,0.6537608904347533
576,20,0.41343905628005784
576,200,0.0
576,17,0.0
576,189,0.0
576,16,0.0
576,310,0.0
576,362,0.0
464,119,0.6203593202526552
464,264,0.5086155648701203
464,94,0.36320049468597404
464,20,0.2296883646000321
464,200,0.0
464,17,0.0
464,189,0.0
464,16,0.0
464,310,0.0
464,362,0.0
474,20,1.4828946986209175
474,264,1.0413215995147502
474,189,0.9838414630374446
474,200,0.3681351494853726
474,476,0.0
474,16,0.0
474,362,0.0
474,310,0.0
474,59,0.0
474,17,0.0
662,119,0.0
662,20,0.0
662,399,0.0
662,476,0.0
662,264,0.0
662,200,0.0
662,189,0.0
662,362,0.0
662,17,0.0
662,16,0.0
627,399,0.8993034653532418
627,119,0.792327915480381
627,20,0.7794143336222377
627,264,0.4041056104975458
627,200,0.3681351494853726
627,189,0.3213402591295871
627,476,0.0
627,362,0.0
627,17,0.0
627,16,0.0
561,119,0.0
561,20,0.0
561,399,0.0
561,476,0.0
561,264,0.0
561,200,0.0
561,189,0.0
561,362,0.0
561,17,0.0
561,16,0.0
557,119,0.0
557,20,0.0
557,399,0.0
557,476,0.0
557,264,0.0
557,200,0.0
557,189,0.0
557,362,0.0
557,17,0.0
557,16,0.0
634,189,0.6625012039078575
634,20,0.4278543274786414
634,399,0.40903422201091255
634,94,0.38520269178658517
634,264,0.026877311173060085
634,200,0.0
634,17,0.0
634,362,0.0
634,16,0.0
634,310,0.0
606,119,0.0
606,20,0.0
606,399,0.0
606,476,0.0
606,264,0.0
606,200,0.0
606,189,0.0
606,362,0.0
606,17,0.0
606,16,0.0
638,189,0.6625012039078575
638,20,0.4278543274786414
638,399,0.40903422201091255
638,94,0.38520269178658517
638,264,0.026877311173060085
638,200,0.0
638,17,0.0
638,362,0.0
638,16,0.0
638,310,0.0
565,119,0.0
565,20,0.0
565,399,0.0
565,476,0.0
565,264,0.0
565,200,0.0
565,189,0.0
565,362,0.0
565,17,0.0
565,16,0.0
633,119,0.0
633,399,0.0
633,476,0.0
633,264,0.0
633,200,0.0
633,189,0.0
633,362,0.0
633,17,0.0
633,16,0.0
633,310,0.0
556,20,1.0683061214781435
556,399,0.9933052622441608
556,264,0.5801982127190215
556,310,0.17330858794211312
556,200,0.1284690775858397
556,476,0.0
556,362,0.0
556,189,0.0
556,17,0.0
556,16,0.0
452,94,0.13448322557054132
452,119,0.05075053607925877
452,310,0.0
452,476,0.0
452,399,0.0
452,17,0.0
452,264,0.0
452,189,0.0
452,362,0.0
452,16,0.0
650,399,2.7030386163047537
650,16,0.3989433979626973
650,310,0.3527490963340027
650,476,0.0
650,134,0.0
650,17,0.0
650,79,0.0
650,78,0.0
650,59,0.0
650,287,0.0
550,119,3.816091068336721
550,94,1.4733306957884496
550,20,0.9691559289243461
550,399,0.7708070694832192
550,200,0.0
550,16,0.0
550,362,0.0
550,310,0.0
550,59,0.0
550,17,0.0
651,119,1.748867398887474
651,264,1.1610680247043303
651,200,0.4090390549837474
651,189,0.3570447323662079
651,476,0.0
651,16,0.0
651,362,0.0
651,310,0.0
651,59,0.0
651,17,0.0
521,119,2.3850569177104504
521,94,0.920831684867781
521,20,0.5525696863372197
521,264,0.5383457652992432
521,399,0.481754418427012
521,17,0.0
521,16,0.0
521,200,0.0
521,310,0.0
521,362,0.0
482,119,0.0
482,20,0.0
482,399,0.0
482,476,0.0
482,264,0.0
482,200,0.0
482,189,0.0
482,362,0.0
482,17,0.0
482,16,0.0
479,119,0.6203593202526552
479,264,0.5086155648701203
479,94,0.36320049468597404
479,20,0.2296883646000321
479,200,0.0
479,17,0.0
479,189,0.0
479,16,0.0
479,310,0.0
479,362,0.0
546,119,0.0
546,20,0.0
546,399,0.0
546,476,0.0
546,264,0.0
546,200,0.0
546,189,0.0
546,362,0.0
546,17,0.0
546,16,0.0
539,119,1.9080455341683604
539,94,0.7366653478942248
539,20,0.4420557490697758
539,264,0.4306766122393946
539,399,0.3854035347416096
539,17,0.0
539,16,0.0
539,200,0.0
539,310,0.0
539,362,0.0
548,119,0.0
548,399,0.0
548,476,0.0
548,264,0.0
548,200,0.0
548,189,0.0
548,362,0.0
548,17,0.0
548,16,0.0
548,310,0.0
603,119,1.959725228014419
603,264,1.3196136272637622
603,189,0.3213402591295871
603,476,0.0
603,362,0.0
603,17,0.0
603,310,0.0
603,287,0.0
603,16,0.0
603,59,0.0
554,119,0.0
554,20,0.0
554,399,0.0
554,476,0.0
554,264,0.0
554,200,0.0
554,189,0.0
554,362,0.0
554,17,0.0
554,16,0.0
513,189,0.7361124487865084
513,20,0.4753936971984904
513,399,0.45448246890101396
513,94,0.4280029908739835
513,264,0.029863679081177874
513,200,0.0
513,17,0.0
513,362,0.0
513,16,0.0
513,310,0.0
552,20,2.201894096507875
552,399,2.175495640532776
552,264,1.4000052992092438
552,200,0.3681351494853726
552,476,0.0
552,16,0.0
552,362,0.0
552,310,0.0
552,59,0.0
552,17,0.0
500,119,0.0
500,20,0.0
500,399,0.0
500,476,0.0
500,264,0.0
500,200,0.0
500,189,0.0
500,362,0.0
500,17,0.0
500,16,0.0
648,119,0.0
648,20,0.0
648,399,0.0
648,476,0.0
648,264,0.0
648,200,0.0
648,189,0.0
648,362,0.0
648,17,0.0
648,16,0.0
520,119,1.9080455341683604
520,94,0.7366653478942248
520,20,0.4420557490697758
520,264,0.4306766122393946
520,399,0.3854035347416096
520,17,0.0
520,16,0.0
520,200,0.0
520,310,0.0
520,362,0.0
555,119,0.0
555,20,0.0
555,399,0.0
555,476,0.0
555,264,0.0
555,200,0.0
555,189,0.0
555,362,0.0
555,17,0.0
555,16,0.0
460,119,0.8685030483537172
460,264,0.7120617908181684
460,94,0.5084806925603637
460,20,0.32156371044004495
460,200,0.0
460,17,0.0
460,189,0.0
460,16,0.0
460,310,0.0
460,362,0.0
506,119,0.0
506,20,0.0
506,399,0.0
506,476,0.0
506,264,0.0
506,200,0.0
506,189,0.0
506,362,0.0
506,17,0.0
506,16,0.0
649,119,0.0
649,399,0.0
649,476,0.0
649,264,0.0
649,200,0.0
649,189,0.0
649,362,0.0
649,17,0.0
649,16,0.0
649,310,0.0
602,20,0.09567498463289384
602,119,0.0
602,476,0.0
602,399,0.0
602,17,0.0
602,200,0.0
602,189,0.0
602,362,0.0
602,16,0.0
602,310,0.0
533,399,0.8993034653532418
533,119,0.792327915480381
533,20,0.7794143336222377
533,264,0.4041056104975458
533,200,0.3681351494853726
533,189,0.3213402591295871
533,476,0.0
533,362,0.0
533,17,0.0
533,16,0.0
491,20,0.917388872236199
491,119,0.8968743663324688
491,362,0.49606494477686286
491,16,0.2383594443973595
491,200,0.2198129281790531
491,310,0.17581381586624828
491,189,0.17202912726443675
491,255,0.04914335223276439
491,17,0.0
491,264,0.0
621,399,2.7111703906300444
621,264,2.3315916849860527
621,94,1.5023681919199
621,79,0.047736773329457145
621,476,0.0
621,17,0.0
621,78,0.0
621,59,0.0
621,284,0.0
621,352,0.0
498,119,0.0
498,20,0.0
498,399,0.0
498,476,0.0
498,264,0.0
498,200,0.0
498,189,0.0
498,362,0.0
498,17,0.0
498,16,0.0
590,119,1.90897469193516
590,20,1.2672672668389908
590,200,0.3681351494853726
590,189,0.3213402591295871
590,476,0.0
590,16,0.0
590,362,0.0
590,310,0.0
590,59,0.0
590,17,0.0
574,399,0.8993034653532418
574,20,0.8750893182551315
574,119,0.792327915480381
574,200,0.3681351494853726
574,189,0.3213402591295871
574,476,0.0
574,17,0.0
574,362,0.0
574,16,0.0
574,310,0.0
575,119,0.0
575,20,0.0
575,399,0.0
575,476,0.0
575,264,0.0
575,200,0.0
575,189,0.0
575,362,0.0
575,17,0.0
575,16,0.0
453,200,0.6817981461150528
453,287,0.6233090780402936
453,255,0.345408540204924
453,119,0.02224669532545184
453,476,0.0
453,362,0.0
453,399,0.0
453,17,0.0
453,264,0.0
453,189,0.0
564,20,0.0637833230885959
564,119,0.0
564,476,0.0
564,399,0.0
564,17,0.0
564,200,0.0
564,189,0.0
564,362,0.0
564,16,0.0
564,310,0.0
562,119,0.0
562,20,0.0
562,399,0.0
562,476,0.0
562,264,0.0
562,200,0.0
562,189,0.0
562,362,0.0
562,17,0.0
562,16,0.0
643,399,0.8993034653532418
643,119,0.792327915480381
643,264,0.4041056104975458
643,200,0.3681351494853726
643,189,0.3213402591295871
643,476,0.0
643,17,0.0
643,362,0.0
643,16,0.0
643,310,0.0
501,119,0.9389284155402541
501,399,0.8993034653532418
501,310,0.6372358330105837
501,362,0.464877547953296
501,264,0.4041056104975458
501,200,0.3681351494853726
501,287,0.3472107349743952
501,189,0.3213402591295871
501,17,0.0
501,59,0.0
571,79,0.650708450637412
571,287,0.23293657566150094
571,255,0.188487877805099
571,20,0.03185326993626525
571,362,0.0
571,17,0.0
571,399,0.0
571,264,0.0
571,200,0.0
571,189,0.0
508,119,0.0
508,20,0.0
508,399,0.0
508,476,0.0
508,264,0.0
508,200,0.0
508,189,0.0
508,362,0.0
508,17,0.0
508,16,0.0
656,119,0.0
656,20,0.0
656,399,0.0
656,476,0.0
656,264,0.0
656,200,0.0
656,189,0.0
656,362,0.0
656,17,0.0
656,16,0.0
499,119,0.0
499,399,0.0
499,476,0.0
499,264,0.0
499,200,0.0
499,189,0.0
499,362,0.0
499,17,0.0
499,16,0.0
499,310,0.0
637,119,0.0
637,399,0.0
637,476,0.0
637,264,0.0
637,200,0.0
637,189,0.0
637,362,0.0
637,17,0.0
637,16,0.0
637,310,0.0
586,94,1.0190337341216873
586,189,0.3680562243932542
586,399,0.24522706730229485
586,476,0.0
586,362,0.0
586,200,0.0
586,310,0.0
586,17,0.0
586,16,0.0
586,59,0.0
527,119,4.293102451878811
527,94,1.6574970327620058
527,20,0.9946254354069956
527,264,0.9690223775386377
527,399,0.8671579531686215
527,17,0.0
527,16,0.0
527,200,0.0
527,310,0.0
527,362,0.0
626,119,0.0
626,399,0.0
626,476,0.0
626,264,0.0
626,200,0.0
626,189,0.0
626,362,0.0
626,17,0.0
626,16,0.0
626,310,0.0
551,94,0.13448322557054132
551,119,0.05075053607925877
551,310,0.0
551,476,0.0
551,399,0.0
551,17,0.0
551,264,0.0
551,189,0.0
551,362,0.0
551,16,0.0
502,94,0.13448322557054132
502,119,0.05075053607925877
502,310,0.0
502,476,0.0
502,399,0.0
502,17,0.0
502,264,0.0
502,189,0.0
502,362,0.0
502,16,0.0
582,119,0.0
582,20,0.0
582,399,0.0
582,476,0.0
582,264,0.0
582,200,0.0
582,189,0.0
582,362,0.0
582,17,0.0
582,16,0.0
511,119,0.0
511,20,0.0
511,399,0.0
511,476,0.0
511,264,0.0
511,200,0.0
511,189,0.0
511,362,0.0
511,17,0.0
511,16,0.0
573,20,0.07441387693669521
573,119,0.0
573,476,0.0
573,399,0.0
573,17,0.0
573,200,0.0
573,189,0.0
573,362,0.0
573,16,0.0
573,310,0.0
462,119,0.0
462,20,0.0
462,399,0.0
462,476,0.0
462,264,0.0
462,200,0.0
462,189,0.0
462,362,0.0
462,17,0.0
462,16,0.0
604,399,0.8993034653532418
604,119,0.792327915480381
604,264,0.4041056104975458
604,200,0.3681351494853726
604,189,0.3213402591295871
604,476,0.0
604,17,0.0
604,362,0.0
604,16,0.0
604,310,0.0
473,399,0.8993034653532418
473,119,0.792327915480381
473,20,0.7794143336222377
473,264,0.4041056104975458
473,200,0.3681351494853726
473,189,0.3213402591295871
473,476,0.0
473,362,0.0
473,17,0.0
473,16,0.0
488,119,0.0
488,20,0.0
488,399,0.0
488,476,0.0
488,264,0.0
488,200,0.0
488,189,0.0
488,362,0.0
488,17,0.0
488,16,0.0
558,399,0.5995356435688279
558,119,0.528218610320254
558,200,0.2454234329902484
558,189,0.2142268394197247
558,476,0.0
558,16,0.0
558,362,0.0
558,310,0.0
558,59,0.0
558,17,0.0
613,119,0.0
613,20,0.0
613,399,0.0
613,476,0.0
613,264,0.0
613,200,0.0
613,189,0.0
613,362,0.0
613,17,0.0
613,16,0.0
547,94,1.0389635822213386
547,264,0.9423853279392767
547,20,0.8412933837586992
547,189,0.6625012039078575
547,200,0.0
547,16,0.0
547,362,0.0
547,310,0.0
547,59,0.0
547,17,0.0
505,94,0.16810403196317664
505,119,0.06343817009907346
505,310,0.0
505,476,0.0
505,399,0.0
505,17,0.0
505,264,0.0
505,189,0.0
505,362,0.0
505,16,0.0
595,119,0.0
595,20,0.0
595,399,0.0
595,476,0.0
595,264,0.0
595,200,0.0
595,189,0.0
595,362,0.0
595,17,0.0
595,16,0.0
658,119,0.0
658,20,0.0
658,399,0.0
658,476,0.0
658,264,0.0
658,200,0.0
658,189,0.0
658,362,0.0
658,17,0.0
658,16,0.0
646,200,0.19479947031858652
646,287,0.17808830801151246
646,255,0.098688154344264
646,119,0.006356198664414811
646,476,0.0
646,362,0.0
646,399,0.0
646,17,0.0
646,264,0.0
646,189,0.0
497,399,0.8993034653532418
497,119,0.792327915480381
497,20,0.7794143336222377
497,264,0.4041056104975458
497,200,0.3681351494853726
497,189,0.3213402591295871
497,476,0.0
497,362,0.0
497,17,0.0
497,16,0.0
596,119,0.0
596,20,0.0
596,399,0.0
596,476,0.0
596,264,0.0
596,200,0.0
596,189,0.0
596,362,0.0
596,17,0.0
596,16,0.0
628,119,0.0
628,399,0.0
628,476,0.0
628,200,0.0
628,189,0.0
628,362,0.0
628,17,0.0
628,16,0.0
628,310,0.0
628,59,0.0
630,20,0.0637833230885959
630,119,0.0
630,476,0.0
630,399,0.0
630,17,0.0
630,200,0.0
630,189,0.0
630,362,0.0
630,16,0.0
630,310,0.0
455,119,0.0
455,20,0.0
455,399,0.0
455,476,0.0
455,264,0.0
455,200,0.0
455,189,0.0
455,362,0.0
455,17,0.0
455,16,0.0
622,119,0.6203593202526552
622,94,0.36320049468597404
622,476,0.0
622,189,0.0
622,200,0.0
622,310,0.0
622,362,0.0
622,17,0.0
622,16,0.0
622,59,0.0
580,399,0.8993034653532418
580,119,0.792327915480381
580,20,0.7794143336222377
580,264,0.4041056104975458
580,200,0.3681351494853726
580,189,0.3213402591295871
580,476,0.0
580,362,0.0
580,17,0.0
580,16,0.0
530,399,1.3083376873641543
530,20,1.207268661100879
530,189,0.9838414630374446
530,264,0.43098292167060587
530,200,0.3681351494853726
530,476,0.0
530,17,0.0
530,362,0.0
530,16,0.0
530,310,0.0
532,189,0.6625012039078575
532,399,0.40903422201091255
532,94,0.38520269178658517
532,264,0.026877311173060085
532,200,0.0
532,16,0.0
532,362,0.0
532,310,0.0
532,59,0.0
532,17,0.0
503,119,0.0
503,20,0.0
503,399,0.0
503,476,0.0
503,264,0.0
503,200,0.0
503,189,0.0
503,362,0.0
503,17,0.0
503,16,0.0
652,189,0.5152787141505559
652,20,0.33277558803894325
652,399,0.31813772823070974
652,94,0.29960209361178847
652,264,0.020904575356824513
652,200,0.0
652,17,0.0
652,362,0.0
652,16,0.0
652,310,0.0
456,94,0.16810403196317664
456,119,0.06343817009907346
456,310,0.0
456,476,0.0
456,399,0.0
456,17,0.0
456,264,0.0
456,189,0.0
456,362,0.0
456,16,0.0
457,119,0.0
457,399,0.0
457,476,0.0
457,264,0.0
457,200,0.0
457,189,0.0
457,362,0.0
457,17,0.0
457,16,0.0
457,310,0.0
468,119,0.0
468,20,0.0
468,399,0.0
468,476,0.0
468,264,0.0
468,200,0.0
468,189,0.0
468,362,0.0
468,17,0.0
468,16,0.0
647,119,1.1166467764547792
647,264,0.9155080167662165
647,94,0.6537608904347533
647,20,0.41343905628005784
647,200,0.0
647,17,0.0
647,189,0.0
647,16,0.0
647,310,0.0
647,362,0.0
490,94,0.13448322557054132
490,119,0.05075053607925877
490,310,0.0
490,476,0.0
490,399,0.0
490,17,0.0
490,264,0.0
490,189,0.0
490,362,0.0
490,16,0.0
559,399,0.8993034653532418
559,119,0.792327915480381
559,20,0.7794143336222377
559,264,0.4041056104975458
559,200,0.3681351494853726
559,189,0.3213402591295871
559,476,0.0
559,362,0.0
559,17,0.0
559,16,0.0
536,399,0.9992260726147131
536,119,0.8803643505337566
536,20,0.8660159262469308
536,264,0.44900623388616195
536,200,0.4090390549837474
536,189,0.3570447323662079
536,476,0.0
536,362,0.0
536,17,0.0
536,16,0.0
470,399,0.5995356435688279
470,119,0.528218610320254
470,20,0.5196095557481585
470,264,0.2694037403316972
470,200,0.2454234329902484
470,189,0.2142268394197247
470,476,0.0
470,362,0.0
470,17,0.0
470,16,0.0
615,399,0.7993808580917705
615,119,0.7042914804270053
615,20,0.6928127409975446
615,264,0.35920498710892956
615,200,0.3272312439869979
615,189,0.2856357858929663
615,476,0.0
615,362,0.0
615,17,0.0
615,16,0.0
531,119,0.0
531,20,0.0
531,399,0.0
531,476,0.0
531,264,0.0
531,200,0.0
531,189,0.0
531,362,0.0
531,17,0.0
531,16,0.0
563,119,0.0
563,399,0.0
563,476,0.0
563,264,0.0
563,200,0.0
563,189,0.0
563,362,0.0
563,17,0.0
563,16,0.0
563,310,0.0
480,119,0.0
480,399,0.0
480,476,0.0
480,264,0.0
480,200,0.0
480,189,0.0
480,362,0.0
480,17,0.0
480,16,0.0
480,310,0.0
636,119,0.7444311843031861
636,264,0.6103386778441444
636,94,0.43584059362316885
636,20,0.27562603752003856
636,200,0.0
636,17,0.0
636,189,0.0
636,16,0.0
636,310,0.0
636,362,0.0
467,119,0.0
467,20,0.0
467,399,0.0
467,476,0.0
467,264,0.0
467,200,0.0
467,189,0.0
467,362,0.0
467,17,0.0
467,16,0.0
567,200,0.38959894063717304
567,287,0.3561766160230249
567,255,0.197376308688528
567,119,0.012712397328829622
567,476,0.0
567,362,0.0
567,399,0.0
567,17,0.0
567,264,0.0
567,189,0.0
537,119,0.0
537,20,0.0
537,399,0.0
537,476,0.0
537,264,0.0
537,200,0.0
537,189,0.0
537,362,0.0
537,17,0.0
537,16,0.0
543,20,0.0637833230885959
543,119,0.0
543,476,0.0
543,399,0.0
543,17,0.0
543,200,0.0
543,189,0.0
543,362,0.0
543,16,0.0
543,310,0.0
666,94,3.1302360546162786
666,78,2.6748971192595494
666,264,2.070285732151288
666,362,0.3719020383626368
666,476,0.0
666,17,0.0
666,134,0.0
666,22,0.0
666,416,0.0
666,284,0.0
670,399,0.39969042904588525
670,119,0.35214574021350264
670,20,0.3464063704987723
670,264,0.17960249355446478
670,200,0.16361562199349894
670,189,0.14281789294648314
670,476,0.0
670,362,0.0
670,17,0.0
670,16,0.0
674,119,0.9364696314690024
674,264,0.6313955688391772
674,200,0.2045195274918737
674,189,0.17852236618310394
674,476,0.0
674,16,0.0
674,362,0.0
674,310,0.0
674,59,0.0
674,17,0.0
663,119,2.3300104064543663
663,399,1.4021741013054763
663,264,1.3005700119484207
663,476,0.0
663,362,0.0
663,17,0.0
663,59,0.0
663,78,0.0
663,16,0.0
663,134,0.0
673,189,0.7361124487865084
673,20,0.4753936971984904
673,399,0.45448246890101396
673,94,0.4280029908739835
673,264,0.029863679081177874
673,200,0.0
673,17,0.0
673,362,0.0
673,16,0.0
673,310,0.0
669,119,0.0
669,20,0.0
669,399,0.0
669,476,0.0
669,264,0.0
669,200,0.0
669,189,0.0
669,362,0.0
669,17,0.0
669,16,0.0
672,94,1.6743670506014785
672,399,1.0834904078087293
672,264,0.7805613825920007
672,200,0.4869986757964663
672,287,0.44522077002878113
672,255,0.24672038586066003
672,362,0.0
672,59,0.0
672,17,0.0
672,16,0.0
667,189,0.6625012039078575
667,20,0.4278543274786414
667,399,0.40903422201091255
667,94,0.38520269178658517
667,264,0.026877311173060085
667,200,0.0
667,17,0.0
667,362,0.0
667,16,0.0
667,310,0.0
675,119,0.0
675,399,0.0
675,476,0.0
675,264,0.0
675,200,0.0
675,189,0.0
675,362,0.0
675,17,0.0
675,16,0.0
675,310,0.0
668,94,1.0350414497374658
668,264,0.21006312196793492
668,20,0.07087064695311121
668,399,0.02312464223801296
668,476,0.0
668,362,0.0
668,200,0.0
668,17,0.0
668,16,0.0
668,189,0.0
439,119,0.0
439,20,0.0
439,399,0.0
439,476,0.0
439,264,0.0
439,200,0.0
439,189,0.0
439,362,0.0
439,17,0.0
439,16,0.0
426,189,0.5152787141505559
426,20,0.33277558803894325
426,399,0.31813772823070974
426,94,0.29960209361178847
426,264,0.020904575356824513
426,200,0.0
426,17,0.0
426,362,0.0
426,16,0.0
426,310,0.0
424,119,0.0
424,20,0.0
424,399,0.0
424,476,0.0
424,264,0.0
424,200,0.0
424,189,0.0
424,362,0.0
424,17,0.0
424,16,0.0
435,399,1.2174411935839515
435,20,1.112189921661181
435,189,0.836618973280143
435,264,0.4250101858543703
435,200,0.3681351494853726
435,476,0.0
435,17,0.0
435,362,0.0
435,16,0.0
435,310,0.0
433,119,0.0
433,20,0.0
433,399,0.0
433,476,0.0
433,264,0.0
433,200,0.0
433,189,0.0
433,362,0.0
433,17,0.0
433,16,0.0
432,94,0.5750230276319255
432,264,0.11670173442663051
432,20,0.03937258164061734
432,399,0.012847023465562756
432,476,0.0
432,362,0.0
432,200,0.0
432,17,0.0
432,16,0.0
432,189,0.0
443,119,0.0
443,20,0.0
443,399,0.0
443,476,0.0
443,264,0.0
443,200,0.0
443,189,0.0
443,362,0.0
443,17,0.0
443,16,0.0
440,94,0.20172483835581198
440,119,0.07612580411888815
440,310,0.0
440,476,0.0
440,399,0.0
440,17,0.0
440,264,0.0
440,189,0.0
440,362,0.0
440,16,0.0
415,94,1.5459661533392834
415,399,0.9471456671384252
415,264,0.7716022788676473
415,476,0.0
415,200,0.0
415,17,0.0
415,310,0.0
415,362,0.0
415,16,0.0
415,59,0.0
429,20,1.0683061214781435
429,399,0.9933052622441608
429,264,0.5801982127190215
429,310,0.17330858794211312
429,200,0.1284690775858397
429,476,0.0
429,362,0.0
429,189,0.0
429,17,0.0
429,16,0.0
420,399,3.504656795029011
420,189,2.9351287393391328
420,264,2.5168506353419344
420,284,2.064343163497639
420,16,0.7701739690839049
420,310,0.7306764757701244
420,78,0.7248430327800912
420,79,0.0710263506969411
420,59,0.0
420,134,0.0
411,20,2.439015971861459
411,264,2.0188547482776036
411,255,0.44409669454918804
411,78,0.0
411,362,0.0
411,16,0.0
411,134,0.0
411,17,0.0
411,59,0.0
411,79,0.0
430,119,0.0
430,20,0.0
430,399,0.0
430,476,0.0
430,264,0.0
430,200,0.0
430,189,0.0
430,362,0.0
430,17,0.0
430,16,0.0
422,94,1.8310353216684323
422,189,0.5152787141505559
422,476,0.0
422,200,0.0
422,16,0.0
422,362,0.0
422,17,0.0
422,310,0.0
422,287,0.0
422,134,0.0
436,119,0.0
436,20,0.0
436,399,0.0
436,476,0.0
436,264,0.0
436,200,0.0
436,189,0.0
436,362,0.0
436,17,0.0
436,16,0.0
417,79,0.650708450637412
417,287,0.23293657566150094
417,255,0.188487877805099
417,20,0.10626714687296046
417,17,0.0
417,16,0.0
417,399,0.0
417,200,0.0
417,189,0.0
417,362,0.0
438,399,1.3083376873641543
438,20,1.207268661100879
438,189,0.9838414630374446
438,264,0.43098292167060587
438,200,0.3681351494853726
438,476,0.0
438,17,0.0
438,362,0.0
438,16,0.0
438,310,0.0
442,119,0.0
442,20,0.0
442,399,0.0
442,476,0.0
442,264,0.0
442,200,0.0
442,189,0.0
442,362,0.0
442,17,0.0
442,16,0.0
431,119,0.0
431,399,0.0
431,476,0.0
431,264,0.0
431,200,0.0
431,189,0.0
431,362,0.0
431,17,0.0
431,16,0.0
431,310,0.0
419,119,1.9080455341683604
419,94,0.7366653478942248
419,20,0.4420557490697758
419,264,0.4306766122393946
419,399,0.3854035347416096
419,17,0.0
419,16,0.0
419,200,0.0
419,310,0.0
419,362,0.0
441,399,0.12443361355322603
441,119,0.0
441,200,0.0
441,476,0.0
441,16,0.0
441,189,0.0
441,362,0.0
441,17,0.0
441,310,0.0
441,94,0.0
414,119,3.3390796847946307
414,94,1.2891643588148933
414,399,1.047757026457495
414,20,0.7735975608721076
414,264,0.7536840714189406
414,17,0.0
414,16,0.0
414,200,0.0
414,310,0.0
414,362,0.0
410,119,0.0
410,20,0.0
410,399,0.0
410,476,0.0
410,264,0.0
410,200,0.0
410,189,0.0
410,362,0.0
410,17,0.0
410,16,0.0
423,200,0.4869986757964663
423,287,0.44522077002878113
423,255,0.24672038586066003
423,119,0.015890496661037028
423,476,0.0
423,362,0.0
423,399,0.0
423,17,0.0
423,264,0.0
423,189,0.0
418,119,0.0
418,20,0.0
418,399,0.0
418,476,0.0
418,264,0.0
418,200,0.0
418,189,0.0
418,362,0.0
418,17,0.0
418,16,0.0
412,20,0.0637833230885959
412,119,0.0
412,476,0.0
412,399,0.0
412,17,0.0
412,200,0.0
412,189,0.0
412,362,0.0
412,16,0.0
412,310,0.0
428,20,0.0637833230885959
428,119,0.0
428,476,0.0
428,399,0.0
428,17,0.0
428,200,0.0
428,189,0.0
428,362,0.0
428,16,0.0
428,310,0.0
437,119,0.0
437,20,0.0
437,399,0.0
437,476,0.0
437,264,0.0
437,200,0.0
437,189,0.0
437,362,0.0
437,17,0.0
437,16,0.0
434,189,0.44166746927190503
434,20,0.28523621831909424
434,399,0.27268948134060833
434,94,0.2568017945243901
434,264,0.017918207448706723
434,200,0.0
434,17,0.0
434,362,0.0
434,16,0.0
434,310,0.0
413,20,0.053152769240496577
413,119,0.0
413,476,0.0
413,399,0.0
413,17,0.0
413,200,0.0
413,189,0.0
413,362,0.0
413,16,0.0
413,310,0.0
44,264,2.4176530468829966
44,189,1.5874863351061101
44,287,0.9363239266589211
44,476,0.0
44,17,0.0
44,78,0.0
44,416,0.0
44,415,0.0
44,284,0.0
44,190,0.0
57,287,1.8371173429788015
57,310,0.9715484261476659
57,352,0.7407407407180291
57,59,0.37037037035901454
57,255,0.30636162597536015
57,16,0.0
57,134,0.0
57,17,0.0
57,79,0.0
57,22,0.0
38,16,0.5984150969440459
38,310,0.529123644501004
38,200,0.2905604016976702
38,476,0.0
38,134,0.0
38,17,0.0
38,79,0.0
38,78,0.0
38,59,0.0
38,287,0.0
45,20,2.8287130806059886
45,94,1.444948940437424
45,189,0.5152787141505559
45,310,0.31113324454592806
45,476,0.0
45,362,0.0
45,16,0.0
45,59,0.0
45,17,0.0
45,134,0.0
28,94,1.4902007136279223
28,399,0.987139524123327
28,264,0.672892229532152
28,476,0.0
28,200,0.0
28,17,0.0
28,310,0.0
28,362,0.0
28,16,0.0
28,59,0.0
61,200,0.8356948901293395
61,189,0.6558943086916298
61,362,0.3719020383626368
61,476,0.0
61,17,0.0
61,59,0.0
61,78,0.0
61,352,0.0
61,134,0.0
61,284,0.0
36,119,0.0
36,399,0.0
36,476,0.0
36,264,0.0
36,200,0.0
36,189,0.0
36,362,0.0
36,17,0.0
36,16,0.0
36,310,0.0
54,119,0.0
54,399,0.0
54,476,0.0
54,264,0.0
54,200,0.0
54,189,0.0
54,362,0.0
54,17,0.0
54,16,0.0
54,310,0.0
47,189,0.5152787141505559
47,20,0.33277558803894325
47,399,0.31813772823070974
47,94,0.29960209361178847
47,264,0.020904575356824513
47,200,0.0
47,17,0.0
47,362,0.0
47,16,0.0
47,310,0.0
29,20,1.2843444211306787
29,119,1.2556241128654564
29,362,0.694490922687608
29,16,0.3337032221563033
29,200,0.3077380994506743
29,310,0.2461393422127476
29,189,0.2408407781702115
29,255,0.06880069312587016
29,17,0.0
29,264,0.0
26,119,0.0
26,20,0.0
26,399,0.0
26,476,0.0
26,264,0.0
26,200,0.0
26,189,0.0
26,362,0.0
26,17,0.0
26,16,0.0
33,94,2.2669686565593072
33,310,0.09903347882406464
33,476,0.0
33,362,0.0
33,17,0.0
33,16,0.0
33,78,0.0
33,59,0.0
33,134,0.0
33,79,0.0
46,399,0.5995356435688279
46,119,0.5916567804193275
46,20,0.5621317711405558
46,189,0.2142268394197247
46,476,0.0
46,16,0.0
46,362,0.0
46,310,0.0
46,59,0.0
46,17,0.0
21,200,0.7592708999336906
21,94,0.7224821879973554
21,189,0.3680562243932542
21,79,0.07956128888242858
21,310,0.07061060831751825
21,134,0.0
21,362,0.0
21,16,0.0
21,287,0.0
21,17,0.0
48,119,0.8685030483537172
48,264,0.7120617908181684
48,94,0.5084806925603637
48,20,0.32156371044004495
48,200,0.0
48,17,0.0
48,189,0.0
48,16,0.0
48,310,0.0
48,362,0.0
7,119,0.0
7,20,0.0
7,399,0.0
7,476,0.0
7,264,0.0
7,200,0.0
7,189,0.0
7,362,0.0
7,17,0.0
7,16,0.0
53,119,0.0
53,20,0.0
53,399,0.0
53,476,0.0
53,264,0.0
53,200,0.0
53,189,0.0
53,362,0.0
53,17,0.0
53,16,0.0
8,119,0.0
8,399,0.0
8,476,0.0
8,264,0.0
8,200,0.0
8,189,0.0
8,362,0.0
8,17,0.0
8,16,0.0
8,310,0.0
25,399,0.39969042904588525
25,119,0.35214574021350264
25,264,0.17960249355446478
25,200,0.16361562199349894
25,189,0.14281789294648314
25,476,0.0
25,17,0.0
25,362,0.0
25,16,0.0
25,310,0.0
35,200,0.6417922142473852
35,16,0.5287828494059215
35,310,0.4046521426427476
35,255,0.08845803401897591
35,476,0.0
35,78,0.0
35,17,0.0
35,284,0.0
35,59,0.0
35,287,0.0
19,119,0.0
19,20,0.0
19,399,0.0
19,476,0.0
19,264,0.0
19,200,0.0
19,189,0.0
19,362,0.0
19,17,0.0
19,16,0.0
69,94,0.16810403196317664
69,119,0.06343817009907346
69,20,0.053152769240496577
69,59,0.0
69,476,0.0
69,362,0.0
69,16,0.0
69,189,0.0
69,17,0.0
69,310,0.0
20,94,1.9142988272863959
20,20,1.2798616537260898
20,399,1.13984743450923
20,264,0.9869405849873445
20,200,0.0
20,16,0.0
20,362,0.0
20,310,0.0
20,59,0.0
20,17,0.0
23,119,0.8685030483537172
23,264,0.7120617908181684
23,94,0.5084806925603637
23,20,0.32156371044004495
23,200,0.0
23,17,0.0
23,189,0.0
23,16,0.0
23,310,0.0
23,362,0.0
56,119,0.0
56,20,0.0
56,399,0.0
56,476,0.0
56,264,0.0
56,200,0.0
56,189,0.0
56,362,0.0
56,17,0.0
56,16,0.0
14,119,0.0
14,399,0.0
14,476,0.0
14,264,0.0
14,200,0.0
14,189,0.0
14,362,0.0
14,17,0.0
14,16,0.0
14,310,0.0
37,20,0.07441387693669521
37,119,0.0
37,476,0.0
37,399,0.0
37,17,0.0
37,200,0.0
37,189,0.0
37,362,0.0
37,16,0.0
37,310,0.0
34,94,0.8050322386846956
34,264,0.16338242819728271
34,20,0.05512161429686427
34,399,0.01798583285178786
34,476,0.0
34,362,0.0
34,200,0.0
34,17,0.0
34,16,0.0
34,189,0.0
58,119,0.0
58,399,0.0
58,476,0.0
58,264,0.0
58,200,0.0
58,189,0.0
58,362,0.0
58,17,0.0
58,16,0.0
58,310,0.0
4,119,0.7444311843031861
4,264,0.6103386778441444
4,94,0.43584059362316885
4,20,0.27562603752003856
4,200,0.0
4,17,0.0
4,189,0.0
4,16,0.0
4,310,0.0
4,362,0.0
24,119,0.0
24,20,0.0
24,399,0.0
24,476,0.0
24,264,0.0
24,200,0.0
24,189,0.0
24,362,0.0
24,17,0.0
24,16,0.0
70,200,0.19479947031858652
70,287,0.17808830801151246
70,255,0.098688154344264
70,119,0.006356198664414811
70,476,0.0
70,362,0.0
70,399,0.0
70,17,0.0
70,264,0.0
70,189,0.0
40,119,0.0
40,20,0.0
40,399,0.0
40,476,0.0
40,264,0.0
40,200,0.0
40,189,0.0
40,362,0.0
40,17,0.0
40,16,0.0
6,20,0.0637833230885959
6,119,0.0
6,476,0.0
6,399,0.0
6,17,0.0
6,200,0.0
6,189,0.0
6,362,0.0
6,16,0.0
6,310,0.0
39,119,0.7444311843031861
39,264,0.6103386778441444
39,94,0.43584059362316885
39,20,0.27562603752003856
39,200,0.0
39,17,0.0
39,189,0.0
39,16,0.0
39,310,0.0
39,362,0.0
41,119,2.8620683012525405
41,94,1.104998021841337
41,20,0.6630836236046637
41,264,0.6460149183590919
41,399,0.5781053021124144
41,17,0.0
41,16,0.0
41,200,0.0
41,310,0.0
41,362,0.0
66,94,1.8632645431650814
66,264,1.2773004960221082
66,79,0.07956128888242858
66,310,0.07061060831751825
66,134,0.0
66,17,0.0
66,362,0.0
66,287,0.0
66,16,0.0
66,59,0.0
17,20,0.59100394820616
17,287,0.44522077002878113
17,264,0.18313969536908595
17,94,0.16810403196317664
17,119,0.0793286667601105
17,17,0.0
17,16,0.0
17,189,0.0
17,59,0.0
17,362,0.0
43,119,0.0
43,20,0.0
43,399,0.0
43,476,0.0
43,264,0.0
43,200,0.0
43,189,0.0
43,362,0.0
43,17,0.0
43,16,0.0
11,189,0.44166746927190503
11,20,0.28523621831909424
11,399,0.27268948134060833
11,94,0.2568017945243901
11,264,0.017918207448706723
11,200,0.0
11,17,0.0
11,362,0.0
11,16,0.0
11,310,0.0
10,399,2.364552785663903
10,94,1.9142988272863959
10,264,1.4842533387465058
10,310,0.14855021823609696
10,200,0.11011635221643401
10,476,0.0
10,362,0.0
10,17,0.0
10,134,0.0
10,16,0.0
12,20,1.100866646683439
12,119,1.0762492395989627
12,362,0.5952779337322355
12,16,0.2860313332768314
12,200,0.2637755138148637
12,310,0.21097657903949796
12,189,0.20643495271732412
12,255,0.058972022679317275
12,17,0.0
12,264,0.0
16,119,0.0
16,20,0.0
16,399,0.0
16,476,0.0
16,264,0.0
16,200,0.0
16,189,0.0
16,362,0.0
16,17,0.0
16,16,0.0
64,310,0.6372358330105837
64,362,0.464877547953296
64,287,0.3472107349743952
64,20,0.30651991160125924
64,119,0.1466005000598731
64,476,0.0
64,17,0.0
64,200,0.0
64,264,0.0
64,189,0.0
30,119,0.0
30,399,0.0
30,476,0.0
30,264,0.0
30,200,0.0
30,189,0.0
30,362,0.0
30,17,0.0
30,16,0.0
30,310,0.0
32,20,0.010630553848099316
32,119,0.0
32,476,0.0
32,399,0.0
32,17,0.0
32,200,0.0
32,189,0.0
32,362,0.0
32,16,0.0
32,310,0.0
68,119,0.0
68,20,0.0
68,399,0.0
68,476,0.0
68,264,0.0
68,200,0.0
68,189,0.0
68,362,0.0
68,17,0.0
68,16,0.0
9,119,1.3190870462735447
9,20,1.2843444211306787
9,362,0.694490922687608
9,287,0.3561766160230249
9,16,0.3337032221563033
9,255,0.2661770018143982
9,189,0.2408407781702115
9,94,0.13448322557054132
9,17,0.0
9,264,0.0
27,119,0.0
27,399,0.0
27,476,0.0
27,264,0.0
27,200,0.0
27,189,0.0
27,362,0.0
27,17,0.0
27,16,0.0
27,310,0.0
50,22,0.24361948955074195
50,264,0.09362236691279001
50,399,0.03149129766953017
50,20,0.0
50,476,0.0
50,200,0.0
50,362,0.0
50,16,0.0
50,189,0.0
50,17,0.0
31,119,0.0
31,399,0.0
31,476,0.0
31,264,0.0
31,200,0.0
31,189,0.0
31,362,0.0
31,17,0.0
31,16,0.0
31,310,0.0
2,119,0.0
2,20,0.0
2,399,0.0
2,476,0.0
2,264,0.0
2,200,0.0
2,189,0.0
2,362,0.0
2,17,0.0
2,16,0.0
42,20,0.07441387693669521
42,119,0.0
42,476,0.0
42,399,0.0
42,17,0.0
42,200,0.0
42,189,0.0
42,362,0.0
42,16,0.0
42,310,0.0
49,94,2.5113560080418624
49,119,1.216648602470143
49,19,0.8731636227583885
49,189,0.8528522217592334
49,476,0.0
49,362,0.0
49,399,0.0
49,17,0.0
49,264,0.0
49,200,0.0
51,134,3.849287168925949
51,287,2.954896703116478
51,255,1.681208274633466
51,20,1.06868784981188
51,16,0.9174393884536909
51,22,0.855397148650211
51,310,0.5526129488868416
51,189,0.36903033728551093
51,362,0.128377144213578
51,200,0.0818839257983162
15,189,0.29444497951460336
15,20,0.19015747887939616
15,399,0.18179298756040557
15,94,0.1712011963495934
15,264,0.01194547163247115
15,200,0.0
15,17,0.0
15,362,0.0
15,16,0.0
15,310,0.0
688,79,0.7557999712412872
688,22,0.34802784221534566
688,264,0.13374623844684286
688,399,0.044987568099328815
688,476,0.0
688,362,0.0
688,200,0.0
688,17,0.0
688,16,0.0
688,189,0.0
678,189,0.7361124487865084
678,20,0.4753936971984904
678,399,0.45448246890101396
678,94,0.4280029908739835
678,264,0.029863679081177874
678,200,0.0
678,17,0.0
678,362,0.0
678,16,0.0
678,310,0.0
739,119,1.9080455341683604
739,94,0.7366653478942248
739,20,0.4420557490697758
739,264,0.4306766122393946
739,399,0.3854035347416096
739,17,0.0
739,16,0.0
739,200,0.0
739,310,0.0
739,362,0.0
679,20,0.1400809822929352
679,200,0.07592708999336906
679,79,0.007956128888242858
679,310,0.0070610608317518255
679,476,0.0
679,17,0.0
679,399,0.0
679,16,0.0
679,189,0.0
679,362,0.0
687,119,0.0
687,20,0.0
687,399,0.0
687,476,0.0
687,264,0.0
687,200,0.0
687,189,0.0
687,362,0.0
687,17,0.0
687,16,0.0
729,399,1.1213394963067744
729,189,0.912432516564203
729,476,0.0
729,362,0.0
729,16,0.0
729,59,0.0
729,17,0.0
729,310,0.0
729,287,0.0
729,134,0.0
685,94,0.13448322557054132
685,119,0.05075053607925877
685,310,0.0
685,476,0.0
685,399,0.0
685,17,0.0
685,264,0.0
685,189,0.0
685,362,0.0
685,16,0.0
726,20,0.053152769240496577
726,119,0.0
726,476,0.0
726,399,0.0
726,17,0.0
726,200,0.0
726,189,0.0
726,362,0.0
726,16,0.0
726,310,0.0
750,189,1.59748052021392
750,255,0.4815692628606396
750,476,0.0
750,134,0.0
750,17,0.0
750,284,0.0
750,79,0.0
750,22,0.0
750,352,0.0
750,416,0.0
691,20,0.8261294673494177
691,399,0.723969257122054
691,119,0.6748191103801271
691,310,0.6372358330105837
691,362,0.464877547953296
691,287,0.3472107349743952
691,264,0.2694037403316972
691,200,0.2454234329902484
691,189,0.2142268394197247
691,17,0.0
712,189,0.5152787141505559
712,20,0.33277558803894325
712,399,0.31813772823070974
712,94,0.29960209361178847
712,264,0.020904575356824513
712,200,0.0
712,17,0.0
712,362,0.0
712,16,0.0
712,310,0.0
701,119,0.0
701,20,0.0
701,399,0.0
701,476,0.0
701,264,0.0
701,200,0.0
701,189,0.0
701,362,0.0
701,17,0.0
701,16,0.0
690,20,0.053152769240496577
690,119,0.0
690,476,0.0
690,399,0.0
690,17,0.0
690,200,0.0
690,189,0.0
690,362,0.0
690,16,0.0
690,310,0.0
677,200,0.38959894063717304
677,287,0.3561766160230249
677,255,0.197376308688528
677,119,0.012712397328829622
677,476,0.0
677,362,0.0
677,399,0.0
677,17,0.0
677,264,0.0
677,189,0.0
727,264,1.9516388869342032
727,119,1.6639916705926492
727,362,0.464877547953296
727,189,0.3213402591295871
727,255,0.24672038586066003
727,134,0.0
727,79,0.0
727,17,0.0
727,78,0.0
727,59,0.0
699,20,0.10630553848099315
699,119,0.0
699,476,0.0
699,399,0.0
699,17,0.0
699,200,0.0
699,189,0.0
699,362,0.0
699,16,0.0
699,310,0.0
707,310,0.509788666408467
707,362,0.3719020383626368
707,287,0.27776858797951615
707,119,0.18071857014697196
707,94,0.16810403196317664
707,264,0.0
707,59,0.0
707,476,0.0
707,189,0.0
707,17,0.0
737,20,1.2843444211306787
737,119,1.2556241128654564
737,362,0.694490922687608
737,16,0.3337032221563033
737,200,0.3077380994506743
737,310,0.2461393422127476
737,189,0.2408407781702115
737,255,0.06880069312587016
737,17,0.0
737,264,0.0
724,119,0.0
724,399,0.0
724,476,0.0
724,264,0.0
724,200,0.0
724,189,0.0
724,362,0.0
724,17,0.0
724,16,0.0
724,310,0.0
705,94,0.16810403196317664
705,119,0.06343817009907346
705,399,0.0
705,189,0.0
705,476,0.0
705,310,0.0
705,362,0.0
705,17,0.0
705,16,0.0
705,59,0.0
680,20,0.053152769240496577
680,119,0.0
680,476,0.0
680,399,0.0
680,17,0.0
680,200,0.0
680,189,0.0
680,362,0.0
680,16,0.0
680,310,0.0
722,119,0.0
722,399,0.0
722,476,0.0
722,264,0.0
722,200,0.0
722,189,0.0
722,362,0.0
722,17,0.0
722,16,0.0
722,310,0.0
741,20,2.7499871228296393
741,200,0.3681351494853726
741,476,0.0
741,362,0.0
741,16,0.0
741,59,0.0
741,17,0.0
741,310,0.0
741,287,0.0
741,134,0.0
719,189,0.7361124487865084
719,20,0.4753936971984904
719,399,0.45448246890101396
719,94,0.4280029908739835
719,264,0.029863679081177874
719,200,0.0
719,17,0.0
719,362,0.0
719,16,0.0
719,310,0.0
752,119,0.0
752,20,0.0
752,399,0.0
752,476,0.0
752,264,0.0
752,200,0.0
752,189,0.0
752,362,0.0
752,17,0.0
752,16,0.0
714,399,0.9172892982050297
714,119,0.8557660855794544
714,189,0.3213402591295871
714,287,0.23293657566150094
714,310,0.03530530415875913
714,476,0.0
714,362,0.0
714,17,0.0
714,59,0.0
714,16,0.0
742,264,2.563074476860498
742,94,1.394069450040063
742,287,0.8422716449871781
742,79,0.03182451555297143
742,476,0.0
742,59,0.0
742,17,0.0
742,78,0.0
742,284,0.0
742,22,0.0
730,119,0.0
730,20,0.0
730,399,0.0
730,476,0.0
730,264,0.0
730,200,0.0
730,189,0.0
730,362,0.0
730,17,0.0
730,16,0.0
713,399,1.2848842257196298
713,310,1.1663594775115877
713,119,0.5582445936498763
713,189,0.5043233390612039
713,20,0.38093378853795445
713,287,0.3472107349743952
713,200,0.004233063209047076
713,59,0.0
713,94,0.0
713,17,0.0
720,189,0.7561194923207675
720,362,0.694490922687608
720,94,0.4677061255749651
720,16,0.3337032221563033
720,399,0.31813772823070974
720,310,0.2461393422127476
720,255,0.06880069312587016
720,264,0.020904575356824513
720,59,0.0
720,17,0.0
693,119,0.0
693,399,0.0
693,476,0.0
693,264,0.0
693,200,0.0
693,189,0.0
693,362,0.0
693,17,0.0
693,16,0.0
693,310,0.0
695,20,1.5968525879171305
695,399,1.4477877311451748
695,189,0.7361124487865084
695,94,0.4280029908739835
695,310,0.17330858794211312
695,200,0.1284690775858397
695,16,0.0
695,59,0.0
695,362,0.0
695,17,0.0
694,119,0.0
694,20,0.0
694,399,0.0
694,476,0.0
694,264,0.0
694,200,0.0
694,189,0.0
694,362,0.0
694,17,0.0
694,16,0.0
748,119,0.4962874562021241
748,264,0.40689245189609624
748,94,0.29056039574877923
748,20,0.1837506916800257
748,200,0.0
748,17,0.0
748,189,0.0
748,16,0.0
748,310,0.0
748,362,0.0
721,20,0.9156909612669801
721,399,0.851404510494995
721,264,0.4973127537591613
721,310,0.14855021823609696
721,200,0.11011635221643401
721,476,0.0
721,362,0.0
721,189,0.0
721,17,0.0
721,16,0.0
766,399,0.7466016813193562
766,20,0.07441387693669521
766,119,0.0
766,476,0.0
766,189,0.0
766,17,0.0
766,200,0.0
766,362,0.0
766,16,0.0
766,310,0.0
689,20,0.10630553848099315
689,119,0.0
689,476,0.0
689,399,0.0
689,17,0.0
689,200,0.0
689,189,0.0
689,362,0.0
689,16,0.0
689,310,0.0
684,20,1.3735364419004703
684,399,1.2771067657424924
684,264,0.7459691306387419
684,310,0.22282532735414545
684,200,0.16517452832465102
684,476,0.0
684,362,0.0
684,189,0.0
684,17,0.0
684,16,0.0
692,94,0.06724161278527066
692,119,0.025375268039629386
692,310,0.0
692,476,0.0
692,399,0.0
692,17,0.0
692,264,0.0
692,189,0.0
692,362,0.0
692,16,0.0
676,20,0.04252221539239726
676,119,0.0
676,476,0.0
676,399,0.0
676,17,0.0
676,200,0.0
676,189,0.0
676,362,0.0
676,16,0.0
676,310,0.0
754,264,0.9275459526880826
754,399,0.8565894838130865
754,16,0.3989433979626973
754,310,0.3527490963340027
754,189,0.33621555937413594
754,119,0.2744293957266688
754,200,0.0028220421393647175
754,20,0.0
754,476,0.0
754,17,0.0
716,119,0.0
716,20,0.0
716,399,0.0
716,476,0.0
716,264,0.0
716,200,0.0
716,189,0.0
716,362,0.0
716,17,0.0
716,16,0.0
732,94,0.13448322557054132
732,119,0.05075053607925877
732,310,0.0
732,476,0.0
732,399,0.0
732,17,0.0
732,264,0.0
732,189,0.0
732,362,0.0
732,16,0.0
743,94,0.13448322557054132
743,119,0.05075053607925877
743,20,0.04252221539239726
743,59,0.0
743,476,0.0
743,362,0.0
743,16,0.0
743,189,0.0
743,17,0.0
743,310,0.0
718,20,0.053152769240496577
718,119,0.0
718,476,0.0
718,399,0.0
718,17,0.0
718,200,0.0
718,189,0.0
718,362,0.0
718,16,0.0
718,310,0.0
725,189,0.6625012039078575
725,20,0.4278543274786414
725,399,0.40903422201091255
725,94,0.38520269178658517
725,264,0.026877311173060085
725,200,0.0
725,17,0.0
725,362,0.0
725,16,0.0
725,310,0.0
749,119,0.0
749,20,0.0
749,399,0.0
749,476,0.0
749,264,0.0
749,200,0.0
749,189,0.0
749,362,0.0
749,17,0.0
749,16,0.0
683,20,0.7630758010558168
683,399,0.7095037587458292
683,264,0.41442729479930107
683,310,0.12379184853008081
683,200,0.09176362684702835
683,476,0.0
683,362,0.0
683,189,0.0
683,17,0.0
683,16,0.0
755,20,0.10630553848099315
755,119,0.0
755,476,0.0
755,399,0.0
755,17,0.0
755,200,0.0
755,189,0.0
755,362,0.0
755,16,0.0
755,310,0.0
682,20,0.10630553848099315
682,119,0.0
682,476,0.0
682,399,0.0
682,17,0.0
682,200,0.0
682,189,0.0
682,362,0.0
682,16,0.0
682,310,0.0
740,119,2.3850569177104504
740,94,0.920831684867781
740,20,0.6588752248182128
740,399,0.481754418427012
740,200,0.0
740,16,0.0
740,362,0.0
740,310,0.0
740,59,0.0
740,17,0.0
733,119,0.0
733,20,0.0
733,399,0.0
733,476,0.0
733,264,0.0
733,200,0.0
733,189,0.0
733,362,0.0
733,17,0.0
733,16,0.0
709,119,0.0
709,20,0.0
709,399,0.0
709,476,0.0
709,264,0.0
709,200,0.0
709,189,0.0
709,362,0.0
709,17,0.0
709,16,0.0
702,119,3.3390796847946307
702,94,1.2891643588148933
702,20,0.7735975608721076
702,264,0.7536840714189406
702,399,0.6744561857978169
702,17,0.0
702,16,0.0
702,200,0.0
702,310,0.0
702,362,0.0
708,119,0.0
708,399,0.0
708,476,0.0
708,264,0.0
708,200,0.0
708,189,0.0
708,362,0.0
708,17,0.0
708,16,0.0
708,310,0.0
711,119,0.0
711,399,0.0
711,476,0.0
711,264,0.0
711,200,0.0
711,189,0.0
711,362,0.0
711,17,0.0
711,16,0.0
711,310,0.0
765,119,0.0
765,20,0.0
765,399,0.0
765,476,0.0
765,264,0.0
765,200,0.0
765,189,0.0
765,362,0.0
765,17,0.0
765,16,0.0
723,119,0.0
723,20,0.0
723,399,0.0
723,476,0.0
723,264,0.0
723,200,0.0
723,189,0.0
723,362,0.0
723,17,0.0
723,16,0.0
731,119,0.0
731,20,0.0
731,399,0.0
731,476,0.0
731,264,0.0
731,200,0.0
731,189,0.0
731,362,0.0
731,17,0.0
731,16,0.0
703,399,2.1545675730299516
703,189,1.1245412329850601
703,16,0.897622645416069
703,310,0.7936854667515061
703,94,0.4493471401854391
703,20,0.3014801716878411
703,476,0.0
703,17,0.0
703,59,0.0
703,287,0.0
763,119,0.0
763,399,0.0
763,476,0.0
763,264,0.0
763,200,0.0
763,189,0.0
763,362,0.0
763,17,0.0
763,16,0.0
763,310,0.0
762,20,1.0683061214781435
762,399,0.9933052622441608
762,264,0.5801982127190215
762,310,0.17330858794211312
762,94,0.10086241917790599
762,119,0.03806290205944408
762,17,0.0
762,16,0.0
762,189,0.0
762,362,0.0
761,200,0.1518541799867381
761,20,0.13133421071248
761,264,0.0406977100820191
761,79,0.015912257776485715
761,310,0.014122121663503651
761,362,0.0
761,17,0.0
761,399,0.0
761,16,0.0
761,189,0.0
199,94,2.1684451094244674
199,255,0.7721776826575254
199,476,0.0
199,17,0.0
199,59,0.0
199,284,0.0
199,134,0.0
199,22,0.0
199,416,0.0
199,190,0.0
206,189,0.5152787141505559
206,20,0.33277558803894325
206,399,0.31813772823070974
206,94,0.29960209361178847
206,264,0.020904575356824513
206,200,0.0
206,17,0.0
206,362,0.0
206,16,0.0
206,310,0.0
103,200,0.6817981461150528
103,119,0.642606015578107
103,287,0.6233090780402936
103,264,0.5086155648701203
103,94,0.36320049468597404
103,255,0.345408540204924
103,20,0.2296883646000321
103,59,0.0
103,189,0.0
103,362,0.0
286,94,0.13448322557054132
286,20,0.07441387693669521
286,119,0.05075053607925877
286,59,0.0
286,476,0.0
286,362,0.0
286,16,0.0
286,189,0.0
286,17,0.0
286,310,0.0
145,119,0.0
145,20,0.0
145,399,0.0
145,476,0.0
145,264,0.0
145,200,0.0
145,189,0.0
145,362,0.0
145,17,0.0
145,16,0.0
345,20,1.5261516021116337
345,399,1.4190075174916583
345,264,0.8288545895986021
345,310,0.24758369706016162
345,200,0.1835272536940567
345,476,0.0
345,362,0.0
345,189,0.0
345,17,0.0
345,16,0.0
282,200,0.5314896299535834
282,20,0.45966973749368
282,264,0.14244198528706684
282,79,0.0556929022177
282,310,0.049427425822262776
282,362,0.0
282,17,0.0
282,399,0.0
282,16,0.0
282,189,0.0
143,119,0.0
143,399,0.0
143,476,0.0
143,264,0.0
143,200,0.0
143,189,0.0
143,362,0.0
143,17,0.0
143,16,0.0
143,310,0.0
160,119,0.0
160,20,0.0
160,399,0.0
160,476,0.0
160,264,0.0
160,200,0.0
160,189,0.0
160,362,0.0
160,17,0.0
160,16,0.0
381,119,0.0
381,399,0.0
381,476,0.0
381,264,0.0
381,200,0.0
381,189,0.0
381,362,0.0
381,17,0.0
381,16,0.0
381,310,0.0
335,20,2.551880430970799
335,119,1.4665407907464743
335,189,0.2142268394197247
335,476,0.0
335,362,0.0
335,17,0.0
335,59,0.0
335,284,0.0
335,16,0.0
335,134,0.0
398,119,0.6203593202526552
398,264,0.5086155648701203
398,94,0.36320049468597404
398,20,0.2296883646000321
398,200,0.0
398,17,0.0
398,189,0.0
398,16,0.0
398,310,0.0
398,362,0.0
375,20,1.6218265867445276
375,399,1.4190075174916583
375,310,0.24758369706016162
375,200,0.1835272536940567
375,119,0.0
375,476,0.0
375,189,0.0
375,17,0.0
375,362,0.0
375,16,0.0
91,119,0.8685030483537172
91,20,0.6586460088017001
91,94,0.5084806925603637
91,200,0.3037083599734762
91,310,0.028244243327007302
91,189,0.0
91,16,0.0
91,362,0.0
91,59,0.0
91,17,0.0
172,310,0.8921301662148172
172,362,0.6508285671346143
172,287,0.48609502896415324
172,20,0.4291278762417629
172,119,0.20524070008382234
172,476,0.0
172,17,0.0
172,200,0.0
172,264,0.0
172,189,0.0
144,119,0.8685030483537172
144,94,0.5084806925603637
144,20,0.3640859258324422
144,59,0.0
144,200,0.0
144,362,0.0
144,16,0.0
144,189,0.0
144,17,0.0
144,310,0.0
405,119,0.0
405,20,0.0
405,399,0.0
405,476,0.0
405,264,0.0
405,200,0.0
405,189,0.0
405,362,0.0
405,17,0.0
405,16,0.0
133,20,0.053152769240496577
133,119,0.0
133,476,0.0
133,399,0.0
133,17,0.0
133,200,0.0
133,189,0.0
133,362,0.0
133,16,0.0
133,310,0.0
329,94,0.9364836834343472
329,264,0.8221732129674519
329,20,0.7969574076385353
329,189,0.7361124487865084
329,79,0.4534799827447723
329,22,0.20881670532920737
329,310,0.0
329,59,0.0
329,362,0.0
329,17,0.0
185,20,0.0637833230885959
185,119,0.0
185,476,0.0
185,399,0.0
185,17,0.0
185,200,0.0
185,189,0.0
185,362,0.0
185,16,0.0
185,310,0.0
283,399,1.0416350416329856
283,20,0.9132630242156716
283,119,0.8803643505337566
283,264,0.6692960582662242
283,79,0.4534799827447723
283,200,0.4090390549837474
283,189,0.3570447323662079
283,362,0.0
283,17,0.0
283,16,0.0
355,20,0.843675920897443
355,189,0.5152787141505559
355,94,0.4677061255749651
355,399,0.34513026909030703
355,287,0.23293657566150094
355,22,0.20881670532920737
355,310,0.042366364990510955
355,59,0.0
355,17,0.0
355,16,0.0
157,119,0.0
157,20,0.0
157,399,0.0
157,476,0.0
157,264,0.0
157,200,0.0
157,189,0.0
157,362,0.0
157,17,0.0
157,16,0.0
347,399,0.39969042904588525
347,119,0.3902086422729467
347,264,0.17960249355446478
347,189,0.14281789294648314
347,476,0.0
347,16,0.0
347,362,0.0
347,310,0.0
347,59,0.0
347,17,0.0
115,200,0.7592708999336906
115,20,0.6566710535624
115,264,0.2034885504100955
115,79,0.07956128888242858
115,310,0.07061060831751825
115,362,0.0
115,17,0.0
115,399,0.0
115,16,0.0
115,189,0.0
385,119,0.4962874562021241
385,264,0.40689245189609624
385,94,0.29056039574877923
385,20,0.1837506916800257
385,200,0.0
385,17,0.0
385,189,0.0
385,16,0.0
385,310,0.0
385,362,0.0
291,189,0.6625012039078575
291,20,0.4278543274786414
291,399,0.40903422201091255
291,94,0.38520269178658517
291,264,0.026877311173060085
291,200,0.0
291,17,0.0
291,362,0.0
291,16,0.0
291,310,0.0
89,189,0.7361124487865084
89,20,0.4753936971984904
89,399,0.45448246890101396
89,94,0.4280029908739835
89,264,0.029863679081177874
89,200,0.0
89,17,0.0
89,362,0.0
89,16,0.0
89,310,0.0
288,119,0.0
288,399,0.0
288,476,0.0
288,264,0.0
288,200,0.0
288,189,0.0
288,362,0.0
288,17,0.0
288,16,0.0
288,310,0.0
148,119,0.8685030483537172
148,264,0.7120617908181684
148,94,0.5084806925603637
148,20,0.32156371044004495
148,200,0.0
148,17,0.0
148,189,0.0
148,16,0.0
148,310,0.0
148,362,0.0
182,264,1.3374701544687224
182,119,0.6203593202526552
182,94,0.36320049468597404
182,310,0.24758369706016162
182,255,0.188487877805099
182,200,0.1835272536940567
182,16,0.0
182,59,0.0
182,362,0.0
182,17,0.0
237,287,0.44522077002878113
237,94,0.3362080639263533
237,255,0.24672038586066003
237,119,0.14276683685918395
237,17,0.0
237,16,0.0
237,399,0.0
237,264,0.0
237,189,0.0
237,362,0.0
153,119,0.0
153,399,0.0
153,476,0.0
153,264,0.0
153,200,0.0
153,189,0.0
153,362,0.0
153,17,0.0
153,16,0.0
153,310,0.0
359,119,0.8685030483537172
359,264,0.7120617908181684
359,94,0.5084806925603637
359,20,0.32156371044004495
359,200,0.0
359,17,0.0
359,189,0.0
359,16,0.0
359,310,0.0
359,362,0.0
255,20,0.0637833230885959
255,119,0.0
255,476,0.0
255,399,0.0
255,17,0.0
255,200,0.0
255,189,0.0
255,362,0.0
255,16,0.0
255,310,0.0
147,119,0.8685030483537172
147,264,0.7120617908181684
147,94,0.5084806925603637
147,20,0.32156371044004495
147,200,0.0
147,17,0.0
147,189,0.0
147,16,0.0
147,310,0.0
147,362,0.0
198,310,0.8921301662148172
198,94,0.6628025882977625
198,362,0.6508285671346143
198,264,0.5295201402269448
198,189,0.5152787141505559
198,287,0.48609502896415324
198,476,0.0
198,59,0.0
198,200,0.0
198,17,0.0
131,119,0.0
131,20,0.0
131,399,0.0
131,476,0.0
131,264,0.0
131,200,0.0
131,189,0.0
131,362,0.0
131,17,0.0
131,16,0.0
280,119,0.8685030483537172
280,264,0.7120617908181684
280,94,0.5084806925603637
280,20,0.32156371044004495
280,200,0.0
280,17,0.0
280,189,0.0
280,16,0.0
280,310,0.0
280,362,0.0
219,119,0.0
219,399,0.0
219,476,0.0
219,264,0.0
219,200,0.0
219,189,0.0
219,362,0.0
219,17,0.0
219,16,0.0
219,310,0.0
92,119,0.8685030483537172
92,94,0.5084806925603637
92,310,0.17330858794211312
92,200,0.1284690775858397
92,476,0.0
92,189,0.0
92,17,0.0
92,59,0.0
92,362,0.0
92,16,0.0
391,119,0.0
391,20,0.0
391,399,0.0
391,476,0.0
391,264,0.0
391,200,0.0
391,189,0.0
391,362,0.0
391,17,0.0
391,16,0.0
366,20,0.8055980164482142
366,399,0.7095037587458292
366,310,0.12379184853008081
366,200,0.09176362684702835
366,119,0.0
366,476,0.0
366,189,0.0
366,17,0.0
366,362,0.0
366,16,0.0
119,119,0.0
119,20,0.0
119,399,0.0
119,476,0.0
119,264,0.0
119,200,0.0
119,189,0.0
119,362,0.0
119,17,0.0
119,16,0.0
93,119,0.0
93,20,0.0
93,399,0.0
93,476,0.0
93,264,0.0
93,200,0.0
93,189,0.0
93,362,0.0
93,17,0.0
93,16,0.0
247,119,0.0
247,399,0.0
247,476,0.0
247,264,0.0
247,200,0.0
247,189,0.0
247,362,0.0
247,17,0.0
247,16,0.0
247,310,0.0
221,119,0.0
221,20,0.0
221,399,0.0
221,476,0.0
221,264,0.0
221,200,0.0
221,189,0.0
221,362,0.0
221,17,0.0
221,16,0.0
408,200,0.6817981461150528
408,189,0.6625012039078575
408,287,0.6233090780402936
408,20,0.4278543274786414
408,399,0.40903422201091255
408,94,0.38520269178658517
408,255,0.345408540204924
408,264,0.026877311173060085
408,59,0.0
408,362,0.0
350,119,0.0
350,399,0.0
350,476,0.0
350,264,0.0
350,200,0.0
350,189,0.0
350,362,0.0
350,17,0.0
350,16,0.0
350,310,0.0
406,79,0.650708450637412
406,287,0.23293657566150094
406,255,0.188487877805099
406,20,0.03185326993626525
406,362,0.0
406,17,0.0
406,399,0.0
406,264,0.0
406,200,0.0
406,189,0.0
121,94,0.9364836834343472
121,189,0.7361124487865084
121,476,0.0
121,200,0.0
121,16,0.0
121,362,0.0
121,17,0.0
121,310,0.0
121,59,0.0
121,287,0.0
212,200,0.6933073006106493
212,79,0.6825329661903834
212,287,0.5891131916845258
212,20,0.29452169136122525
212,264,0.0813954201640382
212,119,0.012712397328829622
212,362,0.0
212,17,0.0
212,189,0.0
212,16,0.0
80,119,0.0
80,399,0.0
80,476,0.0
80,264,0.0
80,200,0.0
80,189,0.0
80,362,0.0
80,17,0.0
80,16,0.0
80,310,0.0
140,20,0.09567498463289384
140,119,0.0
140,476,0.0
140,399,0.0
140,17,0.0
140,200,0.0
140,189,0.0
140,362,0.0
140,16,0.0
140,310,0.0
230,20,1.3735364419004703
230,399,1.2771067657424924
230,264,0.7459691306387419
230,310,0.22282532735414545
230,200,0.16517452832465102
230,476,0.0
230,362,0.0
230,189,0.0
230,17,0.0
230,16,0.0
110,94,1.0350414497374658
110,264,0.21006312196793492
110,20,0.07087064695311121
110,399,0.02312464223801296
110,476,0.0
110,362,0.0
110,200,0.0
110,17,0.0
110,16,0.0
110,189,0.0
114,200,0.7592708999336906
114,264,0.2034885504100955
114,79,0.07956128888242858
114,310,0.07061060831751825
114,399,0.0
114,17,0.0
114,476,0.0
114,16,0.0
114,189,0.0
114,362,0.0
111,20,0.8863594181624321
111,200,0.7592708999336906
111,264,0.7121041152802158
111,119,0.6203593202526552
111,94,0.36320049468597404
111,79,0.07956128888242858
111,310,0.07061060831751825
111,16,0.0
111,189,0.0
111,362,0.0
86,287,1.317730547989084
86,20,1.21925097157537
86,200,0.968125484603676
86,119,0.9317027408188276
86,362,0.929755095906592
86,399,0.6994582508302992
86,255,0.345408540204924
86,264,0.31430436372031334
86,189,0.2499313126563455
86,59,0.0
203,94,0.8141651144804984
203,189,0.29444497951460336
203,476,0.0
203,17,0.0
203,362,0.0
203,287,0.0
203,16,0.0
203,310,0.0
203,59,0.0
203,134,0.0
152,189,0.7361124487865084
152,20,0.4753936971984904
152,399,0.45448246890101396
152,94,0.4280029908739835
152,264,0.029863679081177874
152,200,0.0
152,17,0.0
152,362,0.0
152,16,0.0
152,310,0.0
211,119,0.0
211,20,0.0
211,399,0.0
211,476,0.0
211,264,0.0
211,200,0.0
211,189,0.0
211,362,0.0
211,17,0.0
211,16,0.0
253,119,0.8685030483537172
253,264,0.7120617908181684
253,94,0.5084806925603637
253,20,0.32156371044004495
253,200,0.0
253,17,0.0
253,189,0.0
253,16,0.0
253,310,0.0
253,362,0.0
141,119,0.0
141,20,0.0
141,399,0.0
141,476,0.0
141,264,0.0
141,200,0.0
141,189,0.0
141,362,0.0
141,17,0.0
141,16,0.0
300,119,0.0
300,20,0.0
300,399,0.0
300,476,0.0
300,264,0.0
300,200,0.0
300,189,0.0
300,362,0.0
300,17,0.0
300,16,0.0
409,94,0.9058946578626016
409,264,0.16338242819728271
409,20,0.05512161429686427
409,119,0.03806290205944408
409,399,0.01798583285178786
409,17,0.0
409,16,0.0
409,189,0.0
409,310,0.0
409,362,0.0
407,119,0.0
407,20,0.0
407,399,0.0
407,476,0.0
407,264,0.0
407,200,0.0
407,189,0.0
407,362,0.0
407,17,0.0
407,16,0.0
372,119,0.0
372,20,0.0
372,399,0.0
372,476,0.0
372,264,0.0
372,200,0.0
372,189,0.0
372,362,0.0
372,17,0.0
372,16,0.0
174,94,1.0350414497374658
174,264,0.21006312196793492
174,20,0.07087064695311121
174,399,0.02312464223801296
174,476,0.0
174,362,0.0
174,200,0.0
174,17,0.0
174,16,0.0
174,189,0.0
336,189,0.5152787141505559
336,20,0.33277558803894325
336,399,0.31813772823070974
336,94,0.29960209361178847
336,264,0.020904575356824513
336,200,0.0
336,17,0.0
336,362,0.0
336,16,0.0
336,310,0.0
387,189,0.6625012039078575
387,399,0.40903422201091255
387,94,0.38520269178658517
387,476,0.0
387,362,0.0
387,200,0.0
387,310,0.0
387,17,0.0
387,16,0.0
387,59,0.0
175,200,0.2921992054778798
175,287,0.2671324620172687
175,255,0.148032231516396
175,119,0.009534297996622216
175,476,0.0
175,362,0.0
175,399,0.0
175,17,0.0
175,264,0.0
175,189,0.0
88,94,0.16810403196317664
88,119,0.06343817009907346
88,310,0.0
88,476,0.0
88,399,0.0
88,17,0.0
88,264,0.0
88,189,0.0
88,362,0.0
88,16,0.0
107,399,0.3733008406596781
107,119,0.0
107,20,0.0
107,200,0.0
107,476,0.0
107,264,0.0
107,189,0.0
107,362,0.0
107,17,0.0
107,16,0.0
281,20,0.02126110769619863
281,119,0.0
281,476,0.0
281,399,0.0
281,17,0.0
281,200,0.0
281,189,0.0
281,362,0.0
281,16,0.0
281,310,0.0
97,20,3.0287854105677328
97,255,0.345408540204924
97,476,0.0
97,59,0.0
97,17,0.0
97,284,0.0
97,134,0.0
97,78,0.0
97,22,0.0
97,352,0.0
179,399,0.8993034653532418
179,119,0.8811413536190837
179,189,0.3213402591295871
179,79,0.07956128888242858
179,310,0.07061060831751825
179,362,0.0
179,59,0.0
179,17,0.0
179,287,0.0
179,16,0.0
404,119,0.0
404,20,0.0
404,399,0.0
404,476,0.0
404,264,0.0
404,200,0.0
404,189,0.0
404,362,0.0
404,17,0.0
404,16,0.0
267,20,0.09567498463289384
267,119,0.0
267,476,0.0
267,399,0.0
267,17,0.0
267,200,0.0
267,189,0.0
267,362,0.0
267,16,0.0
267,310,0.0
270,119,0.0
270,20,0.0
270,399,0.0
270,476,0.0
270,264,0.0
270,200,0.0
270,189,0.0
270,362,0.0
270,17,0.0
270,16,0.0
229,20,0.6973094866871531
229,200,0.6833438099403215
229,79,0.07160515999418572
229,310,0.06354954748576642
229,476,0.0
229,17,0.0
229,399,0.0
229,16,0.0
229,189,0.0
229,362,0.0
252,119,0.8685030483537172
252,264,0.7120617908181684
252,94,0.5084806925603637
252,59,0.0
252,200,0.0
252,362,0.0
252,16,0.0
252,189,0.0
252,17,0.0
252,310,0.0
163,94,0.16810403196317664
163,119,0.06343817009907346
163,310,0.0
163,476,0.0
163,399,0.0
163,17,0.0
163,264,0.0
163,189,0.0
163,362,0.0
163,16,0.0
321,119,0.0
321,399,0.0
321,476,0.0
321,264,0.0
321,200,0.0
321,189,0.0
321,362,0.0
321,17,0.0
321,16,0.0
321,310,0.0
210,200,0.4869986757964663
210,287,0.44522077002878113
210,255,0.24672038586066003
210,119,0.015890496661037028
210,476,0.0
210,362,0.0
210,399,0.0
210,17,0.0
210,264,0.0
210,189,0.0
176,94,0.8050322386846956
176,264,0.16338242819728271
176,20,0.05512161429686427
176,399,0.01798583285178786
176,476,0.0
176,362,0.0
176,200,0.0
176,17,0.0
176,16,0.0
176,189,0.0
194,119,0.0
194,20,0.0
194,399,0.0
194,476,0.0
194,264,0.0
194,200,0.0
194,189,0.0
194,362,0.0
194,17,0.0
194,16,0.0
171,20,0.07441387693669521
171,119,0.0
171,476,0.0
171,399,0.0
171,17,0.0
171,200,0.0
171,189,0.0
171,362,0.0
171,16,0.0
171,310,0.0
166,94,1.3135129312450593
166,264,0.8754442190154512
166,119,0.8685030483537172
166,20,0.3766853247369092
166,200,0.0
166,17,0.0
166,189,0.0
166,16,0.0
166,310,0.0
166,362,0.0
277,20,1.2440264880481802
277,399,0.851404510494995
277,264,0.599057028964209
277,200,0.4897518021832793
277,310,0.18385552239485609
277,79,0.03978064444121429
277,362,0.0
277,17,0.0
277,189,0.0
277,16,0.0
218,119,0.0
218,20,0.0
218,399,0.0
218,476,0.0
218,264,0.0
218,200,0.0
218,189,0.0
218,362,0.0
218,17,0.0
218,16,0.0
402,94,0.13448322557054132
402,119,0.05075053607925877
402,310,0.0
402,476,0.0
402,399,0.0
402,17,0.0
402,264,0.0
402,189,0.0
402,362,0.0
402,16,0.0
360,94,0.6628025882977625
360,20,0.5624639526389754
360,264,0.5295201402269448
360,189,0.5152787141505559
360,200,0.0
360,16,0.0
360,362,0.0
360,310,0.0
360,59,0.0
360,17,0.0
365,20,0.9894466416013432
365,287,0.8904415400575623
365,94,0.5349477383602358
365,189,0.5152787141505559
365,399,0.31813772823070974
365,264,0.22439312576692003
365,16,0.0
365,59,0.0
365,362,0.0
365,17,0.0
362,200,0.8142299197834642
362,399,0.7993808580917705
362,119,0.7201819770880423
362,20,0.6928127409975446
362,287,0.44522077002878113
362,264,0.35920498710892956
362,189,0.2856357858929663
362,255,0.24672038586066003
362,17,0.0
362,16,0.0
363,200,0.3037083599734762
363,20,0.26266842142496
363,264,0.0813954201640382
363,79,0.03182451555297143
363,310,0.028244243327007302
363,362,0.0
363,17,0.0
363,399,0.0
363,16,0.0
363,189,0.0
196,189,0.7361124487865084
196,20,0.4753936971984904
196,399,0.45448246890101396
196,94,0.4280029908739835
196,264,0.029863679081177874
196,200,0.0
196,17,0.0
196,362,0.0
196,16,0.0
196,310,0.0
388,189,0.6625012039078575
388,20,0.4278543274786414
388,399,0.40903422201091255
388,94,0.38520269178658517
388,264,0.026877311173060085
388,200,0.0
388,17,0.0
388,362,0.0
388,16,0.0
388,310,0.0
390,94,0.3821055274001684
390,189,0.3680562243932542
390,399,0.22724123445050698
390,476,0.0
390,362,0.0
390,16,0.0
390,59,0.0
390,17,0.0
390,310,0.0
390,287,0.0
223,189,0.5152787141505559
223,20,0.33277558803894325
223,399,0.31813772823070974
223,94,0.29960209361178847
223,264,0.020904575356824513
223,200,0.0
223,17,0.0
223,362,0.0
223,16,0.0
223,310,0.0
301,200,0.7592708999336906
301,20,0.6566710535624
301,264,0.2034885504100955
301,79,0.07956128888242858
301,310,0.07061060831751825
301,362,0.0
301,17,0.0
301,399,0.0
301,16,0.0
301,189,0.0
73,119,0.8685030483537172
73,264,0.7120617908181684
73,94,0.5084806925603637
73,20,0.32156371044004495
73,200,0.0
73,17,0.0
73,189,0.0
73,16,0.0
73,310,0.0
73,362,0.0
315,287,2.1932939590018266
315,264,2.0967254233611574
315,119,1.712383266307699
315,189,0.2856357858929663
315,79,0.07956128888242858
315,362,0.0
315,59,0.0
315,17,0.0
315,134,0.0
315,16,0.0
306,287,2.0412414921986684
306,399,1.7143267152800046
306,310,1.0794982512751843
306,264,0.9133001055821821
306,94,0.6988767854107848
306,20,0.37395713062519365
306,255,0.3404018066392891
306,200,0.273206409003687
306,16,0.0
306,189,0.0
312,264,2.205560109119372
312,20,1.7638269625433822
312,310,1.2528068392172975
312,94,1.2073574779711485
312,119,0.8685030483537172
312,200,0.4016754865895267
312,255,0.3404018066392891
312,16,0.0
312,189,0.0
312,362,0.0
309,20,1.9327597433364732
309,119,0.8685030483537172
309,94,0.5084806925603637
309,310,0.24758369706016162
309,200,0.1835272536940567
309,189,0.0
309,16,0.0
309,362,0.0
309,59,0.0
309,17,0.0
279,20,1.2758797579844454
279,399,0.851404510494995
279,264,0.599057028964209
279,310,0.18385552239485609
279,94,0.13448322557054132
279,119,0.05075053607925877
279,17,0.0
279,16,0.0
279,189,0.0
279,362,0.0
358,22,0.20881670532920737
358,264,0.08024774306810573
358,399,0.02699254085959729
358,20,0.0
358,476,0.0
358,200,0.0
358,362,0.0
358,16,0.0
358,189,0.0
358,17,0.0
233,119,0.0
233,20,0.0
233,399,0.0
233,476,0.0
233,264,0.0
233,200,0.0
233,189,0.0
233,362,0.0
233,17,0.0
233,16,0.0
348,20,0.010630553848099316
348,119,0.0
348,476,0.0
348,399,0.0
348,17,0.0
348,200,0.0
348,189,0.0
348,362,0.0
348,16,0.0
348,310,0.0
227,200,0.7592708999336906
227,20,0.6566710535624
227,264,0.2034885504100955
227,79,0.07956128888242858
227,310,0.07061060831751825
227,362,0.0
227,17,0.0
227,399,0.0
227,16,0.0
227,189,0.0
273,310,1.1470244994190506
273,362,0.8367795863159329
273,287,0.6249793229539113
273,20,0.5517358408822666
273,119,0.32731907020684503
273,94,0.16810403196317664
273,476,0.0
273,17,0.0
273,189,0.0
273,264,0.0
162,200,0.7592708999336906
162,264,0.2034885504100955
162,79,0.07956128888242858
162,310,0.07061060831751825
162,399,0.0
162,17,0.0
162,476,0.0
162,16,0.0
162,189,0.0
162,362,0.0
106,399,0.8402924883372717
106,189,0.44166746927190503
106,94,0.42490582648756675
106,255,0.197376308688528
106,79,0.0
106,362,0.0
106,16,0.0
106,134,0.0
106,17,0.0
106,59,0.0
169,119,0.8685030483537172
169,264,0.7120617908181684
169,94,0.5084806925603637
169,20,0.32156371044004495
169,200,0.0
169,17,0.0
169,189,0.0
169,16,0.0
169,310,0.0
169,362,0.0
302,189,0.6625012039078575
302,20,0.4278543274786414
302,399,0.40903422201091255
302,94,0.38520269178658517
302,264,0.026877311173060085
302,200,0.0
302,17,0.0
302,362,0.0
302,16,0.0
302,310,0.0
310,119,0.0
310,20,0.0
310,399,0.0
310,476,0.0
310,264,0.0
310,200,0.0
310,189,0.0
310,362,0.0
310,17,0.0
310,16,0.0
298,119,0.0
298,20,0.0
298,399,0.0
298,476,0.0
298,264,0.0
298,200,0.0
298,189,0.0
298,362,0.0
298,17,0.0
298,16,0.0
274,79,0.3778999856206436
274,22,0.17401392110767283
274,20,0.09567498463289384
274,399,0.022493784049664407
274,476,0.0
274,17,0.0
274,189,0.0
274,16,0.0
274,200,0.0
274,362,0.0
340,189,0.3680562243932542
340,20,0.3014801716878411
340,399,0.22724123445050698
340,94,0.21400149543699176
340,200,0.0
340,16,0.0
340,362,0.0
340,310,0.0
340,59,0.0
340,17,0.0
246,94,1.3124326665790638
246,310,0.8546822547166938
246,119,0.6203593202526552
246,200,0.26465538778020353
246,255,0.23828126464750235
246,189,0.0
246,59,0.0
246,17,0.0
246,362,0.0
246,16,0.0
342,119,0.0
342,20,0.0
342,399,0.0
342,476,0.0
342,264,0.0
342,200,0.0
342,189,0.0
342,362,0.0
342,17,0.0
342,16,0.0
292,399,0.5995356435688279
292,119,0.528218610320254
292,20,0.5196095557481585
292,264,0.2694037403316972
292,200,0.2454234329902484
292,189,0.2142268394197247
292,476,0.0
292,362,0.0
292,17,0.0
292,16,0.0
135,119,0.0
135,399,0.0
135,476,0.0
135,200,0.0
135,189,0.0
135,362,0.0
135,17,0.0
135,16,0.0
135,310,0.0
135,59,0.0
214,119,0.8685030483537172
214,264,0.7120617908181684
214,94,0.5084806925603637
214,59,0.0
214,200,0.0
214,362,0.0
214,16,0.0
214,189,0.0
214,17,0.0
214,310,0.0
192,264,1.7246852618833992
192,310,1.1235845180047541
192,94,0.9195495026184856
192,200,0.6413577549238229
192,119,0.4962874562021241
192,189,0.0
192,16,0.0
192,362,0.0
192,59,0.0
192,17,0.0
278,399,1.2771067657424924
278,264,0.7459691306387419
278,310,0.22282532735414545
278,255,0.188487877805099
278,94,0.13448322557054132
278,119,0.05075053607925877
278,16,0.0
278,59,0.0
278,362,0.0
278,17,0.0
319,119,0.0
319,20,0.0
319,399,0.0
319,476,0.0
319,264,0.0
319,200,0.0
319,189,0.0
319,362,0.0
319,17,0.0
319,16,0.0
186,119,1.3487544908753875
186,16,0.6981509464347202
186,310,0.6173109185845047
186,189,0.5883772289047379
186,94,0.5084806925603637
186,20,0.38534703352864086
186,200,0.004938573743888256
186,476,0.0
186,59,0.0
186,17,0.0
234,119,0.0
234,20,0.0
234,399,0.0
234,476,0.0
234,264,0.0
234,200,0.0
234,189,0.0
234,362,0.0
234,17,0.0
234,16,0.0
330,94,0.8050322386846956
330,264,0.16338242819728271
330,20,0.05512161429686427
330,399,0.01798583285178786
330,476,0.0
330,362,0.0
330,200,0.0
330,17,0.0
330,16,0.0
330,189,0.0
378,119,0.8685030483537172
378,264,0.7120617908181684
378,94,0.5084806925603637
378,20,0.32156371044004495
378,200,0.0
378,17,0.0
378,189,0.0
378,16,0.0
378,310,0.0
378,362,0.0
394,189,0.6625012039078575
394,20,0.4278543274786414
394,399,0.40903422201091255
394,94,0.38520269178658517
394,264,0.026877311173060085
394,200,0.0
394,17,0.0
394,362,0.0
394,16,0.0
394,310,0.0
295,79,0.9760626759561181
295,287,0.3494048634922514
295,255,0.2827318167076485
295,20,0.047779904904397874
295,362,0.0
295,17,0.0
295,399,0.0
295,264,0.0
295,200,0.0
295,189,0.0
241,119,0.8685030483537172
241,264,0.7120617908181684
241,94,0.5084806925603637
241,20,0.32156371044004495
241,200,0.0
241,17,0.0
241,189,0.0
241,16,0.0
241,310,0.0
241,362,0.0
132,119,0.8685030483537172
132,264,0.7120617908181684
132,94,0.5084806925603637
132,20,0.32156371044004495
132,200,0.0
132,17,0.0
132,189,0.0
132,16,0.0
132,310,0.0
132,362,0.0
222,119,0.0
222,20,0.0
222,399,0.0
222,476,0.0
222,264,0.0
222,200,0.0
222,189,0.0
222,362,0.0
222,17,0.0
222,16,0.0
224,310,0.8921301662148172
224,362,0.6508285671346143
224,287,0.48609502896415324
224,20,0.4291278762417629
224,119,0.20524070008382234
224,476,0.0
224,17,0.0
224,200,0.0
224,264,0.0
224,189,0.0
303,20,0.10630553848099315
303,119,0.0
303,476,0.0
303,399,0.0
303,17,0.0
303,200,0.0
303,189,0.0
303,362,0.0
303,16,0.0
303,310,0.0
217,119,0.0
217,20,0.0
217,399,0.0
217,476,0.0
217,264,0.0
217,200,0.0
217,189,0.0
217,362,0.0
217,17,0.0
217,16,0.0
293,119,0.0
293,20,0.0
293,399,0.0
293,476,0.0
293,264,0.0
293,200,0.0
293,189,0.0
293,362,0.0
293,17,0.0
293,16,0.0
240,119,0.6362498169136922
240,200,0.4869986757964663
240,287,0.44522077002878113
240,94,0.36320049468597404
240,255,0.24672038586066003
240,189,0.0
240,59,0.0
240,17,0.0
240,362,0.0
240,16,0.0
158,119,0.8685030483537172
158,264,0.7120617908181684
158,94,0.5084806925603637
158,20,0.32156371044004495
158,200,0.0
158,17,0.0
158,189,0.0
158,16,0.0
158,310,0.0
158,362,0.0
204,119,0.0
204,399,0.0
204,476,0.0
204,200,0.0
204,189,0.0
204,362,0.0
204,17,0.0
204,16,0.0
204,310,0.0
204,59,0.0
294,399,0.9224281075912547
294,20,0.8502849805753488
294,119,0.792327915480381
294,264,0.6141687324654808
294,200,0.3681351494853726
294,189,0.3213402591295871
294,476,0.0
294,362,0.0
294,17,0.0
294,16,0.0
367,94,0.8958590157287092
367,119,0.7444311843031861
367,20,0.40279908746542625
367,59,0.0
367,200,0.0
367,362,0.0
367,16,0.0
367,189,0.0
367,17,0.0
367,310,0.0
77,287,0.23293657566150094
77,255,0.188487877805099
77,20,0.1275282545691591
77,476,0.0
77,17,0.0
77,399,0.0
77,16,0.0
77,200,0.0
77,189,0.0
77,362,0.0
337,399,2.3910432776118364
337,94,0.7678107922540041
337,255,0.45096146984423346
337,189,0.3680562243932542
337,79,0.0
337,362,0.0
337,16,0.0
337,134,0.0
337,17,0.0
337,59,0.0
138,119,0.0
138,20,0.0
138,399,0.0
138,476,0.0
138,264,0.0
138,200,0.0
138,189,0.0
138,362,0.0
138,17,0.0
138,16,0.0
226,189,0.3680562243932542
226,20,0.2376968485992452
226,399,0.22724123445050698
226,94,0.21400149543699176
226,264,0.014931839540588937
226,200,0.0
226,17,0.0
226,362,0.0
226,16,0.0
226,310,0.0
399,94,0.16810403196317664
399,119,0.06343817009907346
399,59,0.0
399,264,0.0
399,476,0.0
399,16,0.0
399,189,0.0
399,362,0.0
399,17,0.0
399,310,0.0
243,94,0.3821055274001684
243,189,0.3680562243932542
243,20,0.2376968485992452
243,399,0.22724123445050698
243,264,0.014931839540588937
243,16,0.0
243,310,0.0
243,362,0.0
243,59,0.0
243,17,0.0
124,119,0.0
124,399,0.0
124,476,0.0
124,264,0.0
124,200,0.0
124,189,0.0
124,362,0.0
124,17,0.0
124,16,0.0
124,310,0.0
126,119,0.0
126,399,0.0
126,476,0.0
126,200,0.0
126,189,0.0
126,362,0.0
126,17,0.0
126,16,0.0
126,310,0.0
126,59,0.0
276,119,0.0
276,20,0.0
276,399,0.0
276,476,0.0
276,264,0.0
276,200,0.0
276,189,0.0
276,362,0.0
276,17,0.0
276,16,0.0
112,264,1.6232054172041446
112,399,1.4990315966729013
112,16,0.6981509464347202
112,310,0.6173109185845047
112,189,0.5883772289047379
112,119,0.4802514425216704
112,200,0.004938573743888256
112,20,0.0
112,476,0.0
112,17,0.0
311,287,1.8371173429788015
311,399,1.5428940437520042
311,310,0.9715484261476659
311,264,0.8219700950239639
311,94,0.6289891068697063
311,20,0.33656141756267427
311,255,0.30636162597536015
311,200,0.24588576810331828
311,16,0.0
311,189,0.0
244,94,0.5473621902731693
244,20,0.5434007869358152
244,189,0.44166746927190503
244,476,0.0
244,362,0.0
244,200,0.0
244,310,0.0
244,17,0.0
244,16,0.0
244,59,0.0
72,119,0.0
72,20,0.0
72,399,0.0
72,476,0.0
72,264,0.0
72,200,0.0
72,189,0.0
72,362,0.0
72,17,0.0
72,16,0.0
202,119,0.8812154456825468
202,94,0.5084806925603637
202,200,0.48136256748420136
202,255,0.197376308688528
202,134,0.0
202,189,0.0
202,17,0.0
202,59,0.0
202,362,0.0
202,16,0.0
122,119,0.8685030483537172
122,264,0.7120617908181684
122,94,0.5084806925603637
122,20,0.32156371044004495
122,200,0.0
122,17,0.0
122,189,0.0
122,16,0.0
122,310,0.0
122,362,0.0
81,264,1.1594324408601033
81,399,1.0707368547663583
81,16,0.4986792474533716
81,310,0.4409363704175034
81,189,0.42026944921766995
81,119,0.343036744658336
81,200,0.003527552674205897
81,20,0.0
81,476,0.0
81,17,0.0
261,287,2.0412414921986684
261,399,1.7143267152800046
261,310,1.0794982512751843
261,94,0.6988767854107848
261,20,0.4802626691061868
261,255,0.3404018066392891
261,200,0.273206409003687
261,16,0.0
261,189,0.0
261,362,0.0
264,200,0.5314896299535834
264,20,0.45966973749368
264,264,0.14244198528706684
264,310,0.049427425822262776
264,476,0.0
264,362,0.0
264,399,0.0
264,17,0.0
264,16,0.0
264,189,0.0
102,189,0.44166746927190503
102,20,0.28523621831909424
102,399,0.27268948134060833
102,94,0.2568017945243901
102,264,0.017918207448706723
102,200,0.0
102,17,0.0
102,362,0.0
102,16,0.0
102,310,0.0
232,119,0.0
232,20,0.0
232,399,0.0
232,476,0.0
232,264,0.0
232,200,0.0
232,189,0.0
232,362,0.0
232,17,0.0
232,16,0.0
263,119,0.0
263,399,0.0
263,476,0.0
263,264,0.0
263,200,0.0
263,189,0.0
263,362,0.0
263,17,0.0
263,16,0.0
263,310,0.0
268,119,0.0
268,20,0.0
268,399,0.0
268,476,0.0
268,264,0.0
268,200,0.0
268,189,0.0
268,362,0.0
268,17,0.0
268,16,0.0
396,287,0.15529105044100064
396,94,0.13448322557054132
396,255,0.12565858520339934
396,119,0.05075053607925877
396,16,0.0
396,310,0.0
396,476,0.0
396,189,0.0
396,362,0.0
396,17,0.0
397,287,0.23293657566150094
397,255,0.188487877805099
397,94,0.13448322557054132
397,20,0.08500603917676183
397,119,0.05075053607925877
397,16,0.0
397,310,0.0
397,362,0.0
397,189,0.0
397,17,0.0
129,20,0.09567498463289384
129,119,0.0
129,476,0.0
129,399,0.0
129,17,0.0
129,200,0.0
129,189,0.0
129,362,0.0
129,16,0.0
129,310,0.0
333,119,0.7444311843031861
333,94,0.43584059362316885
333,310,0.09903347882406464
333,200,0.07341090147762268
333,476,0.0
333,189,0.0
333,17,0.0
333,59,0.0
333,362,0.0
333,16,0.0
369,287,0.23293657566150094
369,255,0.188487877805099
369,20,0.03185326993626525
369,476,0.0
369,362,0.0
369,399,0.0
369,17,0.0
369,264,0.0
369,200,0.0
369,189,0.0
259,264,1.2922600035371898
259,119,0.8685030483537172
259,94,0.5084806925603637
259,310,0.17330858794211312
259,200,0.1284690775858397
259,189,0.0
259,16,0.0
259,362,0.0
259,59,0.0
259,17,0.0
161,94,0.16810403196317664
161,119,0.06343817009907346
161,399,0.0
161,189,0.0
161,476,0.0
161,310,0.0
161,362,0.0
161,17,0.0
161,16,0.0
161,59,0.0
403,119,1.554576537670389
403,16,0.9973584949067432
403,310,0.8818727408350068
403,189,0.8405388984353399
403,94,0.5084806925603637
403,200,0.007055105348411794
403,476,0.0
403,17,0.0
403,59,0.0
403,287,0.0
258,94,0.7431270595951021
258,20,0.30204100306557735
258,264,0.1980971545906687
258,119,0.06343817009907346
258,310,0.028244243327007302
258,399,0.012847023465562756
258,17,0.0
258,16,0.0
258,189,0.0
258,362,0.0
215,119,0.0
215,399,0.0
215,476,0.0
215,264,0.0
215,200,0.0
215,189,0.0
215,362,0.0
215,17,0.0
215,16,0.0
215,310,0.0
164,22,0.24361948955074195
164,264,0.09362236691279001
164,399,0.03149129766953017
164,20,0.0
164,476,0.0
164,200,0.0
164,362,0.0
164,16,0.0
164,189,0.0
164,17,0.0
357,119,0.0
357,20,0.0
357,399,0.0
357,476,0.0
357,264,0.0
357,200,0.0
357,189,0.0
357,362,0.0
357,17,0.0
357,16,0.0
190,119,0.0
190,399,0.0
190,476,0.0
190,264,0.0
190,200,0.0
190,189,0.0
190,362,0.0
190,17,0.0
190,16,0.0
190,310,0.0
307,119,0.0
307,20,0.0
307,399,0.0
307,476,0.0
307,264,0.0
307,200,0.0
307,189,0.0
307,362,0.0
307,17,0.0
307,16,0.0
238,79,0.5290599798689011
238,22,0.24361948955074195
238,264,0.09362236691279001
238,399,0.03149129766953017
238,476,0.0
238,362,0.0
238,200,0.0
238,17,0.0
238,16,0.0
238,189,0.0
165,119,0.0
165,20,0.0
165,399,0.0
165,476,0.0
165,264,0.0
165,200,0.0
165,189,0.0
165,362,0.0
165,17,0.0
165,16,0.0
225,189,0.6625012039078575
225,20,0.4278543274786414
225,399,0.40903422201091255
225,94,0.38520269178658517
225,264,0.026877311173060085
225,200,0.0
225,17,0.0
225,362,0.0
225,16,0.0
225,310,0.0
242,119,0.0
242,399,0.0
242,476,0.0
242,264,0.0
242,200,0.0
242,189,0.0
242,362,0.0
242,17,0.0
242,16,0.0
242,310,0.0
338,189,0.7361124487865084
338,94,0.7185633866227628
338,310,0.17330858794211312
338,200,0.1284690775858397
338,476,0.0
338,362,0.0
338,16,0.0
338,59,0.0
338,17,0.0
338,134,0.0
326,119,0.0
326,399,0.0
326,476,0.0
326,264,0.0
326,200,0.0
326,189,0.0
326,362,0.0
326,17,0.0
326,16,0.0
326,310,0.0
96,119,0.0
96,399,0.0
96,476,0.0
96,264,0.0
96,200,0.0
96,189,0.0
96,362,0.0
96,17,0.0
96,16,0.0
96,310,0.0
94,119,0.0
94,20,0.0
94,399,0.0
94,476,0.0
94,264,0.0
94,200,0.0
94,189,0.0
94,362,0.0
94,17,0.0
94,16,0.0
123,119,0.0
123,399,0.0
123,476,0.0
123,264,0.0
123,200,0.0
123,189,0.0
123,362,0.0
123,17,0.0
123,16,0.0
123,310,0.0
392,79,0.650708450637412
392,399,0.5676030069966633
392,200,0.5604095772740889
392,255,0.43520826366575904
392,119,0.015890496661037028
392,16,0.0
392,59,0.0
392,362,0.0
392,94,0.0
392,17,0.0
343,79,0.650708450637412
343,287,0.23293657566150094
343,255,0.188487877805099
343,94,0.13448322557054132
343,20,0.0743754853286625
343,119,0.05075053607925877
343,310,0.0
343,189,0.0
343,362,0.0
343,17,0.0
120,189,0.5152787141505559
120,20,0.33277558803894325
120,399,0.31813772823070974
120,94,0.29960209361178847
120,264,0.020904575356824513
120,200,0.0
120,17,0.0
120,362,0.0
120,16,0.0
120,310,0.0
344,310,0.8921301662148172
344,94,0.8050322386846956
344,362,0.6508285671346143
344,287,0.48609502896415324
344,119,0.20524070008382234
344,399,0.01798583285178786
344,200,0.0
344,59,0.0
344,17,0.0
344,189,0.0
213,94,0.4600184221055404
213,200,0.38959894063717304
213,287,0.3561766160230249
213,255,0.197376308688528
213,264,0.09336138754130441
213,119,0.012712397328829622
213,399,0.010277618772450205
213,59,0.0
213,189,0.0
213,362,0.0
305,119,0.0
305,20,0.0
305,399,0.0
305,476,0.0
305,264,0.0
305,200,0.0
305,189,0.0
305,362,0.0
305,17,0.0
305,16,0.0
314,119,0.0
314,399,0.0
314,476,0.0
314,264,0.0
314,200,0.0
314,189,0.0
314,362,0.0
314,17,0.0
314,16,0.0
314,310,0.0
75,20,0.9156909612669801
75,399,0.851404510494995
75,264,0.4973127537591613
75,310,0.14855021823609696
75,200,0.11011635221643401
75,476,0.0
75,362,0.0
75,189,0.0
75,17,0.0
75,16,0.0
262,119,0.0
262,399,0.0
262,476,0.0
262,264,0.0
262,200,0.0
262,189,0.0
262,362,0.0
262,17,0.0
262,16,0.0
262,310,0.0
216,189,0.14722248975730168
216,20,0.09507873943969808
216,399,0.09089649378020279
216,94,0.0856005981747967
216,264,0.005972735816235575
216,200,0.0
216,17,0.0
216,362,0.0
216,16,0.0
216,310,0.0
220,79,0.650708450637412
220,287,0.23293657566150094
220,255,0.188487877805099
220,20,0.03185326993626525
220,362,0.0
220,17,0.0
220,399,0.0
220,264,0.0
220,200,0.0
220,189,0.0
377,399,0.851404510494995
377,264,0.4973127537591613
377,310,0.14855021823609696
377,200,0.11011635221643401
377,119,0.0
377,17,0.0
377,476,0.0
377,16,0.0
377,189,0.0
377,362,0.0
316,94,0.7652824870847538
316,189,0.44166746927190503
316,476,0.0
316,200,0.0
316,16,0.0
316,362,0.0
316,17,0.0
316,310,0.0
316,59,0.0
316,287,0.0
209,119,1.6608309638340981
209,264,1.1161674013157143
209,20,1.1009780440622827
209,200,0.3681351494853726
209,189,0.3213402591295871
209,476,0.0
209,17,0.0
209,362,0.0
209,16,0.0
209,310,0.0
265,119,0.0
265,20,0.0
265,399,0.0
265,476,0.0
265,264,0.0
265,200,0.0
265,189,0.0
265,362,0.0
265,17,0.0
265,16,0.0
167,287,0.23293657566150094
167,255,0.188487877805099
167,399,0.0
167,264,0.0
167,476,0.0
167,17,0.0
167,200,0.0
167,189,0.0
167,362,0.0
167,16,0.0
178,189,0.44166746927190503
178,20,0.28523621831909424
178,399,0.27268948134060833
178,94,0.2568017945243901
178,264,0.017918207448706723
178,200,0.0
178,17,0.0
178,362,0.0
178,16,0.0
178,310,0.0
289,119,0.0
289,20,0.0
289,399,0.0
289,476,0.0
289,264,0.0
289,200,0.0
289,189,0.0
289,362,0.0
289,17,0.0
289,16,0.0
287,20,0.053152769240496577
287,119,0.0
287,476,0.0
287,399,0.0
287,17,0.0
287,200,0.0
287,189,0.0
287,362,0.0
287,16,0.0
287,310,0.0
380,119,0.0
380,399,0.0
380,476,0.0
380,200,0.0
380,189,0.0
380,362,0.0
380,17,0.0
380,16,0.0
380,310,0.0
380,59,0.0
356,119,0.0
356,20,0.0
356,399,0.0
356,476,0.0
356,264,0.0
356,200,0.0
356,189,0.0
356,362,0.0
356,17,0.0
356,16,0.0
354,119,0.0
354,399,0.0
354,476,0.0
354,200,0.0
354,189,0.0
354,362,0.0
354,17,0.0
354,16,0.0
354,310,0.0
354,59,0.0
376,20,1.1234277357750078
376,399,1.0112910950959486
376,94,0.8050322386846956
376,264,0.7435806409163042
376,310,0.17330858794211312
376,200,0.1284690775858397
376,362,0.0
376,17,0.0
376,189,0.0
376,16,0.0
346,119,0.6203593202526552
346,264,0.5086155648701203
346,94,0.36320049468597404
346,20,0.2296883646000321
346,200,0.0
346,17,0.0
346,189,0.0
346,16,0.0
346,310,0.0
346,362,0.0
101,189,0.3680562243932542
101,20,0.2376968485992452
101,399,0.22724123445050698
101,94,0.21400149543699176
101,264,0.014931839540588937
101,200,0.0
101,17,0.0
101,362,0.0
101,16,0.0
101,310,0.0
109,119,0.0
109,20,0.0
109,399,0.0
109,476,0.0
109,264,0.0
109,200,0.0
109,189,0.0
109,362,0.0
109,17,0.0
109,16,0.0
191,20,0.053152769240496577
191,119,0.0
191,476,0.0
191,399,0.0
191,17,0.0
191,200,0.0
191,189,0.0
191,362,0.0
191,16,0.0
191,310,0.0
184,94,0.5750230276319255
184,200,0.3796354499668453
184,20,0.36770810842181734
184,264,0.21844600963167826
184,79,0.03978064444121429
184,310,0.03530530415875913
184,399,0.012847023465562756
184,17,0.0
184,16,0.0
184,189,0.0
352,119,0.0
352,399,0.0
352,476,0.0
352,264,0.0
352,200,0.0
352,189,0.0
352,362,0.0
352,17,0.0
352,16,0.0
352,310,0.0
231,94,0.16810403196317664
231,119,0.06343817009907346
231,310,0.0
231,476,0.0
231,399,0.0
231,17,0.0
231,264,0.0
231,189,0.0
231,362,0.0
231,16,0.0
187,79,0.650708450637412
187,287,0.23293657566150094
187,255,0.188487877805099
187,20,0.03185326993626525
187,362,0.0
187,17,0.0
187,399,0.0
187,264,0.0
187,200,0.0
187,189,0.0
297,200,0.4869986757964663
297,287,0.44522077002878113
297,255,0.24672038586066003
297,20,0.053152769240496577
297,119,0.015890496661037028
297,17,0.0
297,16,0.0
297,189,0.0
297,59,0.0
297,362,0.0
228,119,0.0
228,399,0.0
228,476,0.0
228,200,0.0
228,189,0.0
228,362,0.0
228,17,0.0
228,16,0.0
228,310,0.0
228,59,0.0
308,119,0.0
308,20,0.0
308,399,0.0
308,476,0.0
308,264,0.0
308,200,0.0
308,189,0.0
308,362,0.0
308,17,0.0
308,16,0.0
139,20,0.0637833230885959
139,119,0.0
139,476,0.0
139,399,0.0
139,17,0.0
139,200,0.0
139,189,0.0
139,362,0.0
139,16,0.0
139,310,0.0
373,200,0.45556253996021434
373,20,0.39400263213744
373,264,0.1220931302460573
373,79,0.047736773329457145
373,310,0.042366364990510955
373,362,0.0
373,17,0.0
373,399,0.0
373,16,0.0
373,189,0.0
168,20,0.0637833230885959
168,119,0.0
168,476,0.0
168,399,0.0
168,17,0.0
168,200,0.0
168,189,0.0
168,362,0.0
168,16,0.0
168,310,0.0
400,94,0.8050322386846956
400,264,0.16338242819728271
400,20,0.05512161429686427
400,399,0.01798583285178786
400,476,0.0
400,362,0.0
400,200,0.0
400,17,0.0
400,16,0.0
400,189,0.0
320,119,0.0
320,20,0.0
320,399,0.0
320,476,0.0
320,264,0.0
320,200,0.0
320,189,0.0
320,362,0.0
320,17,0.0
320,16,0.0
95,119,0.0
95,399,0.0
95,476,0.0
95,264,0.0
95,200,0.0
95,189,0.0
95,362,0.0
95,17,0.0
95,16,0.0
95,310,0.0
353,20,0.0637833230885959
353,119,0.0
353,476,0.0
353,399,0.0
353,17,0.0
353,200,0.0
353,189,0.0
353,362,0.0
353,16,0.0
353,310,0.0
260,119,0.0
260,20,0.0
260,399,0.0
260,476,0.0
260,264,0.0
260,200,0.0
260,189,0.0
260,362,0.0
260,17,0.0
260,16,0.0
83,189,0.3680562243932542
83,20,0.2376968485992452
83,399,0.22724123445050698
83,94,0.21400149543699176
83,264,0.014931839540588937
83,200,0.0
83,17,0.0
83,362,0.0
83,16,0.0
83,310,0.0
250,119,0.0
250,399,0.0
250,476,0.0
250,264,0.0
250,200,0.0
250,189,0.0
250,362,0.0
250,17,0.0
250,16,0.0
250,310,0.0
395,119,0.0
395,399,0.0
395,476,0.0
395,264,0.0
395,200,0.0
395,189,0.0
395,362,0.0
395,17,0.0
395,16,0.0
395,310,0.0
183,79,0.650708450637412
183,287,0.23293657566150094
183,255,0.188487877805099
183,20,0.03185326993626525
183,362,0.0
183,17,0.0
183,399,0.0
183,264,0.0
183,200,0.0
183,189,0.0
275,79,0.8676112675165494
275,287,0.3105821008820013
275,255,0.2513171704067987
275,20,0.042471026581687
275,362,0.0
275,17,0.0
275,399,0.0
275,264,0.0
275,200,0.0
275,189,0.0
173,119,0.0
173,399,0.0
173,476,0.0
173,200,0.0
173,189,0.0
173,362,0.0
173,17,0.0
173,16,0.0
173,310,0.0
173,59,0.0
272,119,0.0
272,20,0.0
272,399,0.0
272,476,0.0
272,264,0.0
272,200,0.0
272,189,0.0
272,362,0.0
272,17,0.0
272,16,0.0
304,119,0.0
304,399,0.0
304,476,0.0
304,264,0.0
304,200,0.0
304,189,0.0
304,362,0.0
304,17,0.0
304,16,0.0
304,310,0.0
318,119,0.0
318,399,0.0
318,476,0.0
318,264,0.0
318,200,0.0
318,189,0.0
318,362,0.0
318,17,0.0
318,16,0.0
318,310,0.0
125,119,0.0
125,399,0.0
125,476,0.0
125,200,0.0
125,189,0.0
125,362,0.0
125,17,0.0
125,16,0.0
125,310,0.0
125,59,0.0
374,119,0.0
374,20,0.0
374,399,0.0
374,476,0.0
374,264,0.0
374,200,0.0
374,189,0.0
374,362,0.0
374,17,0.0
374,16,0.0
317,119,0.0
317,20,0.0
317,399,0.0
317,476,0.0
317,264,0.0
317,200,0.0
317,189,0.0
317,362,0.0
317,17,0.0
317,16,0.0
177,200,0.7592708999336906
177,20,0.6566710535624
177,264,0.2034885504100955
177,79,0.07956128888242858
177,310,0.07061060831751825
177,362,0.0
177,17,0.0
177,399,0.0
177,16,0.0
177,189,0.0
149,20,0.053152769240496577
149,119,0.0
149,476,0.0
149,399,0.0
149,17,0.0
149,200,0.0
149,189,0.0
149,362,0.0
149,16,0.0
149,310,0.0
327,200,0.6833438099403215
327,20,0.59100394820616
327,264,0.18313969536908595
327,79,0.07160515999418572
327,310,0.06354954748576642
327,362,0.0
327,17,0.0
327,399,0.0
327,16,0.0
327,189,0.0
207,119,0.0
207,399,0.0
207,476,0.0
207,200,0.0
207,189,0.0
207,362,0.0
207,17,0.0
207,16,0.0
207,310,0.0
207,59,0.0
361,119,0.0
361,20,0.0
361,399,0.0
361,476,0.0
361,264,0.0
361,200,0.0
361,189,0.0
361,362,0.0
361,17,0.0
361,16,0.0
339,119,0.0
339,399,0.0
339,476,0.0
339,264,0.0
339,200,0.0
339,189,0.0
339,362,0.0
339,17,0.0
339,16,0.0
339,310,0.0
351,20,0.6104606408446535
351,399,0.5676030069966633
351,264,0.33154183583944086
351,310,0.09903347882406464
351,200,0.07341090147762268
351,476,0.0
351,362,0.0
351,189,0.0
351,17,0.0
351,16,0.0
266,119,0.0
266,20,0.0
266,399,0.0
266,476,0.0
266,264,0.0
266,200,0.0
266,189,0.0
266,362,0.0
266,17,0.0
266,16,0.0
386,119,0.0
386,399,0.0
386,476,0.0
386,264,0.0
386,200,0.0
386,189,0.0
386,362,0.0
386,17,0.0
386,16,0.0
386,310,0.0
285,79,0.4534799827447723
285,22,0.20881670532920737
285,264,0.08024774306810573
285,399,0.02699254085959729
285,17,0.0
285,16,0.0
285,476,0.0
285,310,0.0
285,189,0.0
285,362,0.0
127,119,0.8685030483537172
127,264,0.7120617908181684
127,94,0.5084806925603637
127,20,0.32156371044004495
127,200,0.0
127,17,0.0
127,189,0.0
127,16,0.0
127,310,0.0
127,362,0.0
341,94,0.4600184221055404
341,264,0.09336138754130441
341,399,0.010277618772450205
341,200,0.0
341,17,0.0
341,476,0.0
341,16,0.0
341,310,0.0
341,189,0.0
341,362,0.0
130,79,0.650708450637412
130,287,0.23293657566150094
130,255,0.188487877805099
130,20,0.03185326993626525
130,362,0.0
130,17,0.0
130,399,0.0
130,264,0.0
130,200,0.0
130,189,0.0
364,119,0.0
364,20,0.0
364,399,0.0
364,476,0.0
364,264,0.0
364,200,0.0
364,189,0.0
364,362,0.0
364,17,0.0
364,16,0.0
331,20,0.07441387693669521
331,119,0.0
331,476,0.0
331,399,0.0
331,17,0.0
331,200,0.0
331,189,0.0
331,362,0.0
331,16,0.0
331,310,0.0
332,200,0.7592708999336906
332,20,0.6566710535624
332,264,0.2034885504100955
332,79,0.07956128888242858
332,310,0.07061060831751825
332,362,0.0
332,17,0.0
332,399,0.0
332,16,0.0
332,189,0.0
389,94,0.16810403196317664
389,119,0.06343817009907346
389,310,0.0
389,476,0.0
389,399,0.0
389,17,0.0
389,264,0.0
389,189,0.0
389,362,0.0
389,16,0.0
146,189,0.5152787141505559
146,20,0.33277558803894325
146,399,0.31813772823070974
146,94,0.29960209361178847
146,264,0.020904575356824513
146,200,0.0
146,17,0.0
146,362,0.0
146,16,0.0
146,310,0.0
328,119,0.0
328,399,0.0
328,476,0.0
328,264,0.0
328,200,0.0
328,189,0.0
328,362,0.0
328,17,0.0
328,16,0.0
328,310,0.0
322,119,0.0
322,399,0.0
322,476,0.0
322,264,0.0
322,200,0.0
322,189,0.0
322,362,0.0
322,17,0.0
322,16,0.0
322,310,0.0
181,119,0.0
181,399,0.0
181,476,0.0
181,264,0.0
181,200,0.0
181,189,0.0
181,362,0.0
181,17,0.0
181,16,0.0
181,310,0.0
299,20,0.9156909612669801
299,399,0.851404510494995
299,264,0.4973127537591613
299,310,0.14855021823609696
299,200,0.11011635221643401
299,476,0.0
299,362,0.0
299,189,0.0
299,17,0.0
299,16,0.0
313,119,0.0
313,20,0.0
313,399,0.0
313,476,0.0
313,264,0.0
313,200,0.0
313,189,0.0
313,362,0.0
313,17,0.0
313,16,0.0
245,20,0.053152769240496577
245,119,0.0
245,476,0.0
245,399,0.0
245,17,0.0
245,200,0.0
245,189,0.0
245,362,0.0
245,16,0.0
245,310,0.0
393,94,0.4600184221055404
393,264,0.09336138754130441
393,20,0.03149806531249387
393,399,0.010277618772450205
393,476,0.0
393,362,0.0
393,200,0.0
393,17,0.0
393,16,0.0
393,189,0.0
324,119,0.0
324,399,0.0
324,476,0.0
324,200,0.0
324,189,0.0
324,362,0.0
324,17,0.0
324,16,0.0
324,310,0.0
324,59,0.0
74,119,0.6203593202526552
74,264,0.5086155648701203
74,94,0.36320049468597404
74,20,0.2296883646000321
74,200,0.0
74,17,0.0
74,189,0.0
74,16,0.0
74,310,0.0
74,362,0.0
195,119,0.0
195,399,0.0
195,476,0.0
195,264,0.0
195,200,0.0
195,189,0.0
195,362,0.0
195,17,0.0
195,16,0.0
195,310,0.0
239,119,0.0
239,399,0.0
239,476,0.0
239,264,0.0
239,200,0.0
239,189,0.0
239,362,0.0
239,17,0.0
239,16,0.0
239,310,0.0
334,119,0.6203593202526552
334,264,0.5086155648701203
334,94,0.36320049468597404
334,20,0.2296883646000321
334,200,0.0
334,17,0.0
334,189,0.0
334,16,0.0
334,310,0.0
334,362,0.0
118,264,2.428889574935103
118,119,1.3487544908753875
118,16,0.6981509464347202
118,310,0.6173109185845047
118,189,0.5883772289047379
118,79,0.5290599798689011
118,94,0.5084806925603637
118,20,0.32156371044004495
118,22,0.24361948955074195
118,200,0.004938573743888256
150,200,0.4869986757964663
150,287,0.44522077002878113
150,255,0.24672038586066003
150,119,0.015890496661037028
150,476,0.0
150,362,0.0
150,399,0.0
150,17,0.0
150,264,0.0
150,189,0.0
