448,94,1.747448045600227
448,255,0.1694904792423726
448,310,0.0
448,78,0.0
448,79,0.0
448,352,0.0
448,22,0.0
448,284,0.0
448,416,0.0
448,190,0.0
444,94,0.37900664311365595
444,399,0.3580146214160668
444,20,0.25464626150278863
444,264,0.07135218766791768
444,189,0.046952205079530095
444,200,0.0
444,17,0.0
444,362,0.0
444,16,0.0
444,310,0.0
450,119,1.368160791076982
450,20,0.442370619438175
450,189,0.3990136979404041
450,399,0.22771494684138022
450,200,0.1115671553133512
450,255,0.05921996386194367
450,17,0.0
450,16,0.0
450,362,0.0
450,310,0.0
445,119,0.057210292520520914
445,399,0.0
445,264,0.0
445,476,0.0
445,17,0.0
445,200,0.0
445,189,0.0
445,362,0.0
445,16,0.0
445,310,0.0
446,264,0.02238768836203998
446,119,0.0
446,20,0.0
446,399,0.0
446,476,0.0
446,310,0.0
446,189,0.0
446,362,0.0
446,17,0.0
446,16,0.0
447,20,0.6876901165063088
447,94,0.6632616254488979
447,189,0.12244413390908851
447,287,0.008646118061593622
447,362,0.0
447,310,0.0
447,200,0.0
447,59,0.0
447,17,0.0
447,16,0.0
449,189,0.6335367899366322
449,264,0.38068560061242107
449,399,0.2776430197551064
449,287,0.08677263415071486
449,20,0.0
449,476,0.0
449,200,0.0
449,17,0.0
449,310,0.0
449,16,0.0
522,22,2.1699496264189393
522,255,1.887290178769995
522,59,1.0429201764754827
522,200,0.9309071723637958
522,476,0.0
522,134,0.0
522,17,0.0
522,284,0.0
522,190,0.0
522,352,0.0
524,94,0.3245729978336308
524,20,0.2915957694261054
524,255,0.1062316337717213
524,264,0.027984610452549977
524,17,0.0
524,310,0.0
524,399,0.0
524,59,0.0
524,189,0.0
524,362,0.0
516,264,0.9317897656498471
516,189,0.593535054997814
516,200,0.47416594641196463
516,476,0.0
516,362,0.0
516,17,0.0
516,310,0.0
516,134,0.0
516,16,0.0
516,59,0.0
619,20,3.215629582392231
619,264,3.0972266167985962
619,476,0.0
619,17,0.0
619,134,0.0
619,22,0.0
619,59,0.0
619,78,0.0
619,284,0.0
619,352,0.0
494,119,0.6353920183362959
494,189,0.17100587054588748
494,264,0.12074330687117087
494,287,0.10089984663144863
494,399,0.07634800932403729
494,255,0.02537998451226157
494,16,0.0
494,59,0.0
494,362,0.0
494,17,0.0
655,200,0.30633845882363886
655,287,0.19299903394001536
655,255,0.07613995353678471
655,78,0.0
655,16,0.0
655,17,0.0
655,134,0.0
655,310,0.0
655,59,0.0
655,79,0.0
466,119,0.9330493458668536
466,264,0.4526459966680999
466,20,0.1262178974787563
466,189,0.050347218774888555
466,287,0.010807647576992027
466,200,0.0
466,17,0.0
466,362,0.0
466,16,0.0
466,310,0.0
523,119,2.0117257083447813
523,189,0.5700195684862917
523,264,0.3091956547287363
523,399,0.25449336441345766
523,200,0.15938165044764457
523,255,0.08459994837420523
523,17,0.0
523,16,0.0
523,362,0.0
523,310,0.0
620,119,1.816274166762355
620,399,1.7224090721255207
620,255,0.705395982561651
620,200,0.5977569974620851
620,189,0.5130176116376625
620,16,0.0
620,310,0.0
620,362,0.0
620,59,0.0
620,17,0.0
570,94,0.37900664311365595
570,399,0.3580146214160668
570,20,0.25464626150278863
570,264,0.07135218766791768
570,189,0.046952205079530095
570,200,0.0
570,17,0.0
570,362,0.0
570,16,0.0
570,310,0.0
544,119,3.463932354163635
544,94,2.1494057110189746
544,20,0.4942574719660425
544,287,0.010807647576992027
544,476,0.0
544,362,0.0
544,16,0.0
544,59,0.0
544,17,0.0
544,310,0.0
618,20,1.306034845634899
618,189,0.658937848086516
618,255,0.07613995353678471
618,287,0.008646118061593622
618,134,0.0
618,362,0.0
618,16,0.0
618,59,0.0
618,17,0.0
618,310,0.0
640,119,4.289946882538616
640,399,2.234843526772831
640,264,0.9259820195414439
640,20,0.7381313092415474
640,255,0.07613995353678471
640,16,0.0
640,310,0.0
640,362,0.0
640,59,0.0
640,17,0.0
487,94,0.6632616254488979
487,399,0.6265255874781169
487,20,0.4456309576298801
487,264,0.12486632841885593
487,189,0.08216635888917767
487,200,0.0
487,17,0.0
487,362,0.0
487,16,0.0
487,310,0.0
610,94,0.8527649470057259
610,399,0.8055328981861504
610,20,0.5729540883812744
610,264,0.1605424222528148
610,189,0.10564246142894271
610,200,0.0
610,17,0.0
610,362,0.0
610,16,0.0
610,310,0.0
492,399,1.1832857014141416
492,189,0.6186600730666052
492,200,0.1434434854028801
492,255,0.07613995353678471
492,362,0.0
492,310,0.0
492,17,0.0
492,59,0.0
492,287,0.0
492,16,0.0
569,94,0.8527649470057259
569,20,0.8150132472577031
569,189,0.14592023644885355
569,287,0.008646118061593622
569,476,0.0
569,362,0.0
569,16,0.0
569,59,0.0
569,17,0.0
569,310,0.0
518,94,0.37900664311365595
518,399,0.3580146214160668
518,20,0.25464626150278863
518,264,0.07135218766791768
518,189,0.046952205079530095
518,200,0.0
518,17,0.0
518,362,0.0
518,16,0.0
518,310,0.0
481,94,0.9475166077841399
481,399,0.8950365535401671
481,20,0.6366156537569716
481,264,0.1783804691697942
481,189,0.11738051269882524
481,200,0.0
481,17,0.0
481,362,0.0
481,16,0.0
481,310,0.0
624,119,1.968464562008608
624,399,1.5600662768450038
624,94,1.4429240382977429
624,264,0.4602396628514855
624,200,0.28506620348632783
624,20,0.19219644178338458
624,17,0.0
624,16,0.0
624,362,0.0
624,310,0.0
514,119,0.0
514,20,0.0
514,399,0.0
514,476,0.0
514,264,0.0
514,200,0.0
514,189,0.0
514,362,0.0
514,17,0.0
514,16,0.0
592,94,0.8527649470057259
592,399,0.8055328981861504
592,20,0.5729540883812744
592,264,0.1605424222528148
592,189,0.10564246142894271
592,200,0.0
592,17,0.0
592,362,0.0
592,16,0.0
592,310,0.0
454,20,1.0639756867584702
454,399,1.0345769261582622
454,189,0.6186600730666052
454,264,0.43881851150867746
454,200,0.1434434854028801
454,255,0.07613995353678471
454,17,0.0
454,16,0.0
454,362,0.0
454,310,0.0
486,94,0.5685099646704839
486,399,0.5370219321241002
486,20,0.3819693922541829
486,264,0.10702828150187652
486,189,0.07042830761929514
486,200,0.0
486,17,0.0
486,362,0.0
486,16,0.0
486,310,0.0
560,119,0.0
560,20,0.0
560,399,0.0
560,476,0.0
560,264,0.0
560,200,0.0
560,189,0.0
560,362,0.0
560,17,0.0
560,16,0.0
489,94,0.8594067333015774
489,20,0.7201653383410415
489,399,0.6265255874781169
489,200,0.16399851154433226
489,264,0.12486632841885593
489,189,0.08216635888917767
489,287,0.06726656442096575
489,16,0.0
489,59,0.0
489,362,0.0
477,94,0.8527649470057259
477,399,0.8055328981861504
477,20,0.5729540883812744
477,264,0.1605424222528148
477,189,0.10564246142894271
477,200,0.0
477,17,0.0
477,362,0.0
477,16,0.0
477,310,0.0
612,119,1.759063874241834
612,189,0.5130176116376625
612,20,0.4910215983771957
612,264,0.27827608925586267
612,399,0.22904402797211187
612,200,0.1434434854028801
612,255,0.07613995353678471
612,362,0.0
612,17,0.0
612,16,0.0
451,255,0.08459994837420523
451,476,0.0
451,362,0.0
451,17,0.0
451,16,0.0
451,59,0.0
451,134,0.0
451,78,0.0
451,22,0.0
451,284,0.0
639,20,1.0639756867584702
639,399,1.0345769261582622
639,189,0.6186600730666052
639,200,0.49010411145672905
639,264,0.43881851150867746
639,476,0.0
639,17,0.0
639,362,0.0
639,16,0.0
639,310,0.0
654,20,1.1907808879950612
654,189,0.6539320255418015
654,255,0.07613995353678471
654,287,0.015130706607788839
654,134,0.0
654,362,0.0
654,16,0.0
654,59,0.0
654,17,0.0
654,310,0.0
607,119,2.6921132201086877
607,20,0.7986342912903539
607,189,0.563364830412551
607,255,0.07613995353678471
607,287,0.010807647576992027
607,362,0.0
607,310,0.0
607,17,0.0
607,59,0.0
607,16,0.0
471,20,1.0639756867584702
471,399,1.0345769261582622
471,189,0.6186600730666052
471,264,0.43881851150867746
471,200,0.1434434854028801
471,255,0.07613995353678471
471,17,0.0
471,16,0.0
471,362,0.0
471,310,0.0
657,399,1.0345769261582622
657,189,0.6186600730666052
657,264,0.4612061998707174
657,255,0.07613995353678471
657,362,0.0
657,310,0.0
657,17,0.0
657,59,0.0
657,287,0.0
657,16,0.0
632,94,0.6632616254488979
632,399,0.6265255874781169
632,20,0.4456309576298801
632,264,0.12486632841885593
632,189,0.08216635888917767
632,200,0.0
632,17,0.0
632,362,0.0
632,16,0.0
632,310,0.0
578,264,1.9536852611423379
578,200,0.5099571755995873
578,255,0.07613995353678471
578,287,0.021615295153984054
578,134,0.0
578,362,0.0
578,16,0.0
578,59,0.0
578,17,0.0
578,310,0.0
660,20,1.0639756867584702
660,399,1.0345769261582622
660,189,0.6186600730666052
660,264,0.43881851150867746
660,200,0.1434434854028801
660,255,0.07613995353678471
660,17,0.0
660,16,0.0
660,362,0.0
660,310,0.0
519,94,0.8527649470057259
519,399,0.8055328981861504
519,20,0.5729540883812744
519,264,0.1605424222528148
519,189,0.10564246142894271
519,200,0.0
519,17,0.0
519,362,0.0
519,16,0.0
519,310,0.0
588,20,0.06046493181146728
588,399,0.04956959175195984
588,119,0.0
588,476,0.0
588,189,0.0
588,17,0.0
588,200,0.0
588,362,0.0
588,16,0.0
588,310,0.0
605,94,0.8527649470057259
605,399,0.8055328981861504
605,264,0.1605424222528148
605,189,0.10564246142894271
605,200,0.0
605,16,0.0
605,362,0.0
605,310,0.0
605,59,0.0
605,17,0.0
540,119,0.07355609038352688
540,399,0.0
540,264,0.0
540,476,0.0
540,17,0.0
540,200,0.0
540,189,0.0
540,362,0.0
540,16,0.0
540,310,0.0
653,20,0.12092986362293456
653,399,0.09913918350391968
653,119,0.0
653,476,0.0
653,189,0.0
653,17,0.0
653,200,0.0
653,362,0.0
653,16,0.0
653,310,0.0
535,94,0.8527649470057259
535,399,0.8055328981861504
535,20,0.5729540883812744
535,264,0.1605424222528148
535,189,0.10564246142894271
535,200,0.0
535,17,0.0
535,362,0.0
535,16,0.0
535,310,0.0
484,20,1.0639756867584702
484,399,1.0345769261582622
484,189,0.6186600730666052
484,264,0.43881851150867746
484,200,0.1434434854028801
484,255,0.07613995353678471
484,17,0.0
484,16,0.0
484,362,0.0
484,310,0.0
566,20,1.2911679022202316
566,264,1.2535813055112572
566,189,0.7092850668614046
566,200,0.1434434854028801
566,255,0.07613995353678471
566,287,0.01945376563858565
566,310,0.0
566,59,0.0
566,362,0.0
566,17,0.0
591,94,0.8527649470057259
591,20,0.724415565355782
591,264,0.7037176182545347
591,189,0.16605912395880898
591,287,0.012969177092390434
591,16,0.0
591,310,0.0
591,362,0.0
591,59,0.0
591,17,0.0
611,119,0.5603782607936749
611,264,0.47469555956834936
611,20,0.07401421189207213
611,399,0.0
611,476,0.0
611,200,0.0
611,362,0.0
611,16,0.0
611,189,0.0
611,17,0.0
525,119,1.759063874241834
525,189,0.5130176116376625
525,20,0.4910215983771957
525,264,0.27827608925586267
525,399,0.22904402797211187
525,200,0.1434434854028801
525,255,0.07613995353678471
525,362,0.0
525,17,0.0
525,16,0.0
635,94,0.37900664311365595
635,399,0.3580146214160668
635,264,0.09933679812046765
635,189,0.046952205079530095
635,476,0.0
635,362,0.0
635,17,0.0
635,310,0.0
635,16,0.0
635,59,0.0
609,94,1.537624218005092
609,287,1.226893029208881
609,264,0.7000389822007824
609,255,0.4894213559082294
609,200,0.35335495382382615
609,20,0.2659790256143763
609,399,0.1852572636463251
609,17,0.0
609,16,0.0
609,189,0.0
483,94,2.707952996245681
483,264,1.567041925635876
483,20,1.0472560147073873
483,200,0.3665136901967072
483,287,0.01945376563858565
483,362,0.0
483,310,0.0
483,17,0.0
483,59,0.0
483,16,0.0
458,20,0.4804351662445324
458,287,0.11771648773669006
458,200,0.044334956964887234
458,16,0.0
458,476,0.0
458,399,0.0
458,362,0.0
458,264,0.0
458,189,0.0
458,17,0.0
496,20,0.1372671903555807
496,287,0.033633282210482875
496,200,0.012667130561396352
496,16,0.0
496,476,0.0
496,399,0.0
496,362,0.0
496,264,0.0
496,189,0.0
496,17,0.0
642,119,0.9374697119273948
642,399,0.06609278900261312
642,476,0.0
642,200,0.0
642,362,0.0
642,16,0.0
642,189,0.0
642,17,0.0
642,310,0.0
642,59,0.0
526,94,0.8527649470057259
526,399,0.8055328981861504
526,20,0.5729540883812744
526,264,0.1605424222528148
526,189,0.10564246142894271
526,200,0.0
526,17,0.0
526,362,0.0
526,16,0.0
526,310,0.0
459,119,1.759063874241834
459,189,0.5130176116376625
459,20,0.4910215983771957
459,264,0.27827608925586267
459,399,0.22904402797211187
459,200,0.1434434854028801
459,255,0.07613995353678471
459,362,0.0
459,17,0.0
459,16,0.0
616,94,0.9475166077841399
616,399,0.8950365535401671
616,20,0.6366156537569716
616,264,0.1783804691697942
616,189,0.11738051269882524
616,200,0.0
616,17,0.0
616,362,0.0
616,16,0.0
616,310,0.0
641,264,0.05596922090509995
641,119,0.0
641,20,0.0
641,399,0.0
641,476,0.0
641,310,0.0
641,189,0.0
641,362,0.0
641,17,0.0
641,16,0.0
478,399,2.8113323969868693
478,94,2.707952996245681
478,20,0.820063799245626
478,264,0.7522791316332961
478,200,0.3665136901967072
478,16,0.0
478,310,0.0
478,362,0.0
478,59,0.0
478,17,0.0
493,119,0.0
493,20,0.0
493,399,0.0
493,476,0.0
493,264,0.0
493,200,0.0
493,189,0.0
493,362,0.0
493,17,0.0
493,16,0.0
553,119,0.0
553,20,0.0
553,399,0.0
553,476,0.0
553,264,0.0
553,200,0.0
553,189,0.0
553,362,0.0
553,17,0.0
553,16,0.0
601,119,0.0
601,20,0.0
601,399,0.0
601,476,0.0
601,264,0.0
601,200,0.0
601,189,0.0
601,362,0.0
601,17,0.0
601,16,0.0
583,119,0.04903739358901792
583,399,0.0
583,264,0.0
583,476,0.0
583,17,0.0
583,200,0.0
583,189,0.0
583,362,0.0
583,16,0.0
583,310,0.0
617,264,1.3097229890854403
617,94,1.2422525444060828
617,189,0.17612856771378668
617,255,0.12747796052606555
617,79,0.0
617,362,0.0
617,310,0.0
617,134,0.0
617,17,0.0
617,59,0.0
576,119,1.6794888225603364
576,264,0.8147627940025799
576,20,0.22719221546176135
576,189,0.09062499379479941
576,287,0.01945376563858565
576,200,0.0
576,17,0.0
576,362,0.0
576,16,0.0
576,310,0.0
464,119,0.0
464,20,0.0
464,399,0.0
464,476,0.0
464,264,0.0
464,200,0.0
464,189,0.0
464,362,0.0
464,17,0.0
464,16,0.0
474,94,0.8527649470057259
474,20,0.724415565355782
474,264,0.7037176182545347
474,189,0.16605912395880898
474,287,0.012969177092390434
474,16,0.0
474,310,0.0
474,362,0.0
474,59,0.0
474,17,0.0
662,119,0.4483026086349399
662,264,0.3797564476546795
662,20,0.059211369513657706
662,399,0.0
662,476,0.0
662,200,0.0
662,362,0.0
662,16,0.0
662,189,0.0
662,17,0.0
627,119,1.759063874241834
627,189,0.5130176116376625
627,20,0.4910215983771957
627,264,0.27827608925586267
627,399,0.22904402797211187
627,200,0.1434434854028801
627,255,0.07613995353678471
627,362,0.0
627,17,0.0
627,16,0.0
561,119,1.6794888225603364
561,264,0.8147627940025799
561,20,0.22719221546176135
561,189,0.09062499379479941
561,287,0.01945376563858565
561,200,0.0
561,17,0.0
561,362,0.0
561,16,0.0
561,310,0.0
557,119,1.172709249494556
557,189,0.34201174109177496
557,20,0.3273477322514638
557,264,0.18551739283724178
557,399,0.15269601864807458
557,200,0.09562899026858673
557,255,0.05075996902452314
557,362,0.0
557,17,0.0
557,16,0.0
634,94,0.8527649470057259
634,399,0.8055328981861504
634,20,0.5729540883812744
634,264,0.1605424222528148
634,189,0.10564246142894271
634,200,0.0
634,17,0.0
634,362,0.0
634,16,0.0
634,310,0.0
606,94,0.8527649470057259
606,399,0.8055328981861504
606,20,0.5729540883812744
606,264,0.1605424222528148
606,189,0.10564246142894271
606,200,0.0
606,17,0.0
606,362,0.0
606,16,0.0
606,310,0.0
638,94,0.8527649470057259
638,399,0.8055328981861504
638,20,0.5729540883812744
638,264,0.1605424222528148
638,189,0.10564246142894271
638,200,0.0
638,17,0.0
638,362,0.0
638,16,0.0
638,310,0.0
565,119,1.759063874241834
565,189,0.5130176116376625
565,20,0.4910215983771957
565,264,0.27827608925586267
565,399,0.22904402797211187
565,200,0.1434434854028801
565,255,0.07613995353678471
565,362,0.0
565,17,0.0
565,16,0.0
633,119,0.07355609038352688
633,399,0.0
633,264,0.0
633,476,0.0
633,17,0.0
633,200,0.0
633,189,0.0
633,362,0.0
633,16,0.0
633,310,0.0
556,399,1.1395147529964178
556,20,1.123069738425733
556,264,0.37916010303479447
556,119,0.0
556,476,0.0
556,200,0.0
556,362,0.0
556,16,0.0
556,189,0.0
556,17,0.0
452,264,0.02238768836203998
452,119,0.0
452,20,0.0
452,399,0.0
452,476,0.0
452,310,0.0
452,189,0.0
452,362,0.0
452,17,0.0
452,16,0.0
650,200,0.6365060645215173
650,287,0.010807647576992027
650,476,0.0
650,17,0.0
650,362,0.0
650,134,0.0
650,16,0.0
650,310,0.0
650,59,0.0
650,79,0.0
550,94,2.5018209907745748
550,264,1.410764203037758
550,20,0.9945558006711526
550,200,0.3257899468415175
550,287,0.017292236123187244
550,362,0.0
550,310,0.0
550,17,0.0
550,59,0.0
550,16,0.0
651,94,0.8527649470057259
651,189,0.17612856771378668
651,476,0.0
651,200,0.0
651,16,0.0
651,362,0.0
651,17,0.0
651,310,0.0
651,59,0.0
651,134,0.0
521,119,0.0
521,20,0.0
521,399,0.0
521,476,0.0
521,264,0.0
521,200,0.0
521,189,0.0
521,362,0.0
521,17,0.0
521,16,0.0
482,119,0.04903739358901792
482,399,0.0
482,264,0.0
482,476,0.0
482,17,0.0
482,200,0.0
482,189,0.0
482,362,0.0
482,16,0.0
482,310,0.0
479,119,0.9330493458668536
479,264,0.4526459966680999
479,20,0.1262178974787563
479,189,0.050347218774888555
479,287,0.010807647576992027
479,200,0.0
479,17,0.0
479,362,0.0
479,16,0.0
479,310,0.0
546,119,0.9330493458668536
546,264,0.4526459966680999
546,20,0.1262178974787563
546,189,0.050347218774888555
546,287,0.010807647576992027
546,200,0.0
546,17,0.0
546,362,0.0
546,16,0.0
546,310,0.0
539,119,1.1248368925763474
539,399,0.8914664439114307
539,94,0.8245280218844245
539,264,0.2629940930579917
539,200,0.16289497342075876
539,20,0.10982653816193405
539,17,0.0
539,16,0.0
539,362,0.0
539,310,0.0
548,119,2.6044390986803085
548,399,2.005799498800719
548,94,1.8551880492399553
548,264,0.5917367093804813
548,200,0.3665136901967072
548,16,0.0
548,310,0.0
548,362,0.0
548,59,0.0
548,17,0.0
603,264,0.9976929046174347
603,94,0.8527649470057259
603,189,0.19626745522374212
603,287,0.01945376563858565
603,476,0.0
603,362,0.0
603,16,0.0
603,59,0.0
603,17,0.0
603,310,0.0
554,119,1.6794888225603364
554,264,0.8147627940025799
554,20,0.22719221546176135
554,189,0.09062499379479941
554,287,0.01945376563858565
554,200,0.0
554,17,0.0
554,362,0.0
554,16,0.0
554,310,0.0
513,119,0.0
513,20,0.0
513,399,0.0
513,476,0.0
513,264,0.0
513,200,0.0
513,189,0.0
513,362,0.0
513,17,0.0
513,16,0.0
552,399,3.040376424958981
552,20,1.3110853976228216
552,264,1.0305552208891586
552,200,0.5099571755995873
552,255,0.07613995353678471
552,16,0.0
552,310,0.0
552,362,0.0
552,59,0.0
552,17,0.0
500,94,0.9475166077841399
500,399,0.8950365535401671
500,20,0.6366156537569716
500,264,0.1783804691697942
500,189,0.11738051269882524
500,200,0.0
500,17,0.0
500,362,0.0
500,16,0.0
500,310,0.0
648,119,0.0
648,20,0.0
648,399,0.0
648,476,0.0
648,264,0.0
648,200,0.0
648,189,0.0
648,362,0.0
648,17,0.0
648,16,0.0
520,119,1.1248368925763474
520,399,0.8914664439114307
520,94,0.8245280218844245
520,264,0.2629940930579917
520,200,0.16289497342075876
520,20,0.10982653816193405
520,17,0.0
520,16,0.0
520,362,0.0
520,310,0.0
555,119,1.759063874241834
555,189,0.5130176116376625
555,20,0.4910215983771957
555,264,0.27827608925586267
555,399,0.22904402797211187
555,200,0.1434434854028801
555,255,0.07613995353678471
555,362,0.0
555,17,0.0
555,16,0.0
460,119,1.306269084213595
460,264,0.6337043953353398
460,20,0.17670505647025883
460,189,0.07048610628484397
460,287,0.015130706607788839
460,200,0.0
460,17,0.0
460,362,0.0
460,16,0.0
460,310,0.0
506,119,1.1248368925763474
506,399,0.8914664439114307
506,94,0.8245280218844245
506,264,0.2629940930579917
506,200,0.16289497342075876
506,20,0.10982653816193405
506,17,0.0
506,16,0.0
506,362,0.0
506,310,0.0
649,119,0.0
649,20,0.0
649,399,0.0
649,476,0.0
649,264,0.0
649,200,0.0
649,189,0.0
649,362,0.0
649,17,0.0
649,16,0.0
602,20,0.18139479543440185
602,399,0.1487087752558795
602,119,0.0
602,476,0.0
602,189,0.0
602,17,0.0
602,200,0.0
602,362,0.0
602,16,0.0
602,310,0.0
533,119,0.0
533,20,0.0
533,399,0.0
533,476,0.0
533,264,0.0
533,200,0.0
533,189,0.0
533,362,0.0
533,17,0.0
533,16,0.0
491,20,0.9553449199043127
491,200,0.20745951087329356
491,189,0.15080335248629603
491,362,0.11831488457759315
491,119,0.07373934153668259
491,255,0.07042097685416297
491,16,0.008521031452646382
491,476,0.0
491,17,0.0
491,264,0.0
621,20,3.251994847268029
621,476,0.0
621,17,0.0
621,362,0.0
621,78,0.0
621,59,0.0
621,134,0.0
621,79,0.0
621,22,0.0
621,284,0.0
498,119,0.0
498,20,0.0
498,399,0.0
498,476,0.0
498,264,0.0
498,200,0.0
498,189,0.0
498,362,0.0
498,17,0.0
498,16,0.0
590,119,3.4712442925281826
590,189,0.6036426054324618
590,200,0.1434434854028801
590,255,0.07613995353678471
590,287,0.01945376563858565
590,362,0.0
590,310,0.0
590,17,0.0
590,59,0.0
590,16,0.0
574,20,1.245370482192872
574,399,1.1832857014141416
574,189,0.6186600730666052
574,200,0.1434434854028801
574,255,0.07613995353678471
574,16,0.0
574,310,0.0
574,362,0.0
574,59,0.0
574,17,0.0
575,94,0.8527649470057259
575,399,0.8055328981861504
575,20,0.5729540883812744
575,264,0.1605424222528148
575,189,0.10564246142894271
575,200,0.0
575,17,0.0
575,362,0.0
575,16,0.0
575,310,0.0
453,119,0.0
453,20,0.0
453,399,0.0
453,476,0.0
453,264,0.0
453,200,0.0
453,189,0.0
453,362,0.0
453,17,0.0
453,16,0.0
564,20,0.12092986362293456
564,399,0.09913918350391968
564,119,0.0
564,476,0.0
564,189,0.0
564,17,0.0
564,200,0.0
564,362,0.0
564,16,0.0
564,310,0.0
562,119,1.759063874241834
562,189,0.5130176116376625
562,20,0.4910215983771957
562,264,0.27827608925586267
562,399,0.22904402797211187
562,200,0.1434434854028801
562,255,0.07613995353678471
562,362,0.0
562,17,0.0
562,16,0.0
643,119,0.03269159572601195
643,399,0.0
643,264,0.0
643,476,0.0
643,17,0.0
643,200,0.0
643,189,0.0
643,362,0.0
643,16,0.0
643,310,0.0
501,119,1.799928368899349
501,189,0.5130176116376625
501,200,0.28338006098214474
501,264,0.27827608925586267
501,399,0.22904402797211187
501,255,0.182371587308506
501,17,0.0
501,310,0.0
501,362,0.0
501,59,0.0
571,119,0.0
571,20,0.0
571,399,0.0
571,476,0.0
571,264,0.0
571,200,0.0
571,189,0.0
571,362,0.0
571,17,0.0
571,16,0.0
508,119,0.0
508,20,0.0
508,399,0.0
508,476,0.0
508,264,0.0
508,200,0.0
508,189,0.0
508,362,0.0
508,17,0.0
508,16,0.0
656,119,1.759063874241834
656,189,0.5130176116376625
656,20,0.4910215983771957
656,264,0.27827608925586267
656,399,0.22904402797211187
656,200,0.1434434854028801
656,255,0.07613995353678471
656,362,0.0
656,17,0.0
656,16,0.0
499,119,0.057210292520520914
499,399,0.0
499,264,0.0
499,476,0.0
499,17,0.0
499,200,0.0
499,189,0.0
499,362,0.0
499,16,0.0
499,310,0.0
637,119,0.0
637,20,0.0
637,399,0.0
637,476,0.0
637,264,0.0
637,200,0.0
637,189,0.0
637,362,0.0
637,17,0.0
637,16,0.0
586,399,0.596227052025963
586,94,0.47375830389206997
586,189,0.05869025634941262
586,476,0.0
586,362,0.0
586,200,0.0
586,310,0.0
586,17,0.0
586,16,0.0
586,59,0.0
527,119,2.5308830082967817
527,399,2.005799498800719
527,94,1.8551880492399553
527,264,0.5917367093804813
527,200,0.3665136901967072
527,20,0.24710971086435163
527,17,0.0
527,16,0.0
527,362,0.0
527,310,0.0
626,119,0.016345797863005974
626,399,0.0
626,264,0.0
626,476,0.0
626,17,0.0
626,200,0.0
626,189,0.0
626,362,0.0
626,16,0.0
626,310,0.0
551,264,0.02238768836203998
551,119,0.0
551,20,0.0
551,399,0.0
551,476,0.0
551,310,0.0
551,189,0.0
551,362,0.0
551,17,0.0
551,16,0.0
502,264,0.02238768836203998
502,119,0.0
502,20,0.0
502,399,0.0
502,476,0.0
502,310,0.0
502,189,0.0
502,362,0.0
502,17,0.0
502,16,0.0
582,119,0.0
582,20,0.0
582,399,0.0
582,476,0.0
582,264,0.0
582,200,0.0
582,189,0.0
582,362,0.0
582,17,0.0
582,16,0.0
511,119,0.04086449465751493
511,399,0.0
511,264,0.0
511,476,0.0
511,17,0.0
511,200,0.0
511,189,0.0
511,362,0.0
511,16,0.0
511,310,0.0
573,20,0.14108484089342366
573,399,0.11566238075457295
573,119,0.0
573,476,0.0
573,189,0.0
573,17,0.0
573,200,0.0
573,362,0.0
573,16,0.0
573,310,0.0
462,119,0.0
462,20,0.0
462,399,0.0
462,476,0.0
462,264,0.0
462,200,0.0
462,189,0.0
462,362,0.0
462,17,0.0
462,16,0.0
604,119,0.0
604,20,0.0
604,399,0.0
604,476,0.0
604,264,0.0
604,200,0.0
604,189,0.0
604,362,0.0
604,17,0.0
604,16,0.0
473,119,1.759063874241834
473,189,0.5130176116376625
473,20,0.4910215983771957
473,264,0.27827608925586267
473,399,0.22904402797211187
473,200,0.1434434854028801
473,255,0.07613995353678471
473,362,0.0
473,17,0.0
473,16,0.0
488,119,0.03269159572601195
488,399,0.0
488,264,0.0
488,476,0.0
488,17,0.0
488,200,0.0
488,189,0.0
488,362,0.0
488,16,0.0
488,310,0.0
558,119,1.2544382388095858
558,189,0.34201174109177496
558,264,0.18551739283724178
558,399,0.15269601864807458
558,200,0.09562899026858673
558,255,0.05075996902452314
558,17,0.0
558,16,0.0
558,362,0.0
558,310,0.0
613,119,0.0
613,20,0.0
613,399,0.0
613,476,0.0
613,264,0.0
613,200,0.0
613,189,0.0
613,362,0.0
613,17,0.0
613,16,0.0
547,264,0.9753052162553947
547,94,0.8527649470057259
547,20,0.8001463038430358
547,189,0.19626745522374212
547,287,0.01945376563858565
547,16,0.0
547,310,0.0
547,362,0.0
547,59,0.0
547,17,0.0
505,264,0.027984610452549977
505,119,0.0
505,20,0.0
505,399,0.0
505,476,0.0
505,310,0.0
505,189,0.0
505,362,0.0
505,17,0.0
505,16,0.0
595,119,0.0
595,20,0.0
595,399,0.0
595,476,0.0
595,264,0.0
595,200,0.0
595,189,0.0
595,362,0.0
595,17,0.0
595,16,0.0
658,94,0.8527649470057259
658,399,0.8055328981861504
658,20,0.5729540883812744
658,264,0.1605424222528148
658,189,0.10564246142894271
658,200,0.0
658,17,0.0
658,362,0.0
658,16,0.0
658,310,0.0
646,119,0.0
646,20,0.0
646,399,0.0
646,476,0.0
646,264,0.0
646,200,0.0
646,189,0.0
646,362,0.0
646,17,0.0
646,16,0.0
497,119,4.289946882538616
497,399,2.234843526772831
497,264,0.870012798636344
497,20,0.7381313092415474
497,200,0.5099571755995873
497,255,0.07613995353678471
497,17,0.0
497,16,0.0
497,362,0.0
497,310,0.0
596,119,0.0
596,20,0.0
596,399,0.0
596,476,0.0
596,264,0.0
596,200,0.0
596,189,0.0
596,362,0.0
596,17,0.0
596,16,0.0
628,399,0.09913918350391968
628,119,0.057210292520520914
628,476,0.0
628,200,0.0
628,362,0.0
628,16,0.0
628,189,0.0
628,17,0.0
628,310,0.0
628,59,0.0
630,20,0.12092986362293456
630,399,0.09913918350391968
630,119,0.0
630,476,0.0
630,189,0.0
630,17,0.0
630,200,0.0
630,362,0.0
630,16,0.0
630,310,0.0
455,119,0.04086449465751493
455,399,0.0
455,264,0.0
455,476,0.0
455,17,0.0
455,200,0.0
455,189,0.0
455,362,0.0
455,16,0.0
455,310,0.0
622,119,0.9330493458668536
622,189,0.8950629386903981
622,20,0.24714776110169087
622,287,0.1265044931112785
622,200,0.0
622,310,0.0
622,17,0.0
622,59,0.0
622,94,0.0
622,16,0.0
580,119,1.759063874241834
580,189,0.5130176116376625
580,20,0.4910215983771957
580,264,0.27827608925586267
580,399,0.22904402797211187
580,200,0.1434434854028801
580,255,0.07613995353678471
580,362,0.0
580,17,0.0
580,16,0.0
530,20,1.0639756867584702
530,399,1.0345769261582622
530,189,0.6186600730666052
530,264,0.43881851150867746
530,200,0.1434434854028801
530,255,0.07613995353678471
530,17,0.0
530,16,0.0
530,362,0.0
530,310,0.0
532,94,0.8527649470057259
532,399,0.8055328981861504
532,264,0.1605424222528148
532,189,0.10564246142894271
532,200,0.0
532,16,0.0
532,362,0.0
532,310,0.0
532,59,0.0
532,17,0.0
503,264,0.02238768836203998
503,119,0.0
503,20,0.0
503,399,0.0
503,476,0.0
503,310,0.0
503,189,0.0
503,362,0.0
503,17,0.0
503,16,0.0
652,94,0.6632616254488979
652,399,0.6265255874781169
652,20,0.4456309576298801
652,264,0.12486632841885593
652,189,0.08216635888917767
652,200,0.0
652,17,0.0
652,362,0.0
652,16,0.0
652,310,0.0
456,264,0.027984610452549977
456,119,0.0
456,20,0.0
456,399,0.0
456,476,0.0
456,310,0.0
456,189,0.0
456,362,0.0
456,17,0.0
456,16,0.0
457,119,0.0
457,20,0.0
457,399,0.0
457,476,0.0
457,264,0.0
457,200,0.0
457,189,0.0
457,362,0.0
457,17,0.0
457,16,0.0
468,119,0.0
468,20,0.0
468,399,0.0
468,476,0.0
468,264,0.0
468,200,0.0
468,189,0.0
468,362,0.0
468,17,0.0
468,16,0.0
647,119,1.6794888225603364
647,264,0.8147627940025799
647,20,0.22719221546176135
647,189,0.09062499379479941
647,287,0.01945376563858565
647,200,0.0
647,17,0.0
647,362,0.0
647,16,0.0
647,310,0.0
490,264,0.02238768836203998
490,119,0.0
490,20,0.0
490,399,0.0
490,476,0.0
490,310,0.0
490,189,0.0
490,362,0.0
490,17,0.0
490,16,0.0
559,119,1.759063874241834
559,189,0.5130176116376625
559,20,0.4910215983771957
559,264,0.27827608925586267
559,399,0.22904402797211187
559,200,0.1434434854028801
559,255,0.07613995353678471
559,362,0.0
559,17,0.0
559,16,0.0
536,119,1.9545154158242601
536,189,0.5700195684862917
536,20,0.5455795537524397
536,264,0.3091956547287363
536,399,0.25449336441345766
536,200,0.15938165044764457
536,255,0.08459994837420523
536,362,0.0
536,17,0.0
536,16,0.0
470,119,0.0
470,20,0.0
470,399,0.0
470,476,0.0
470,264,0.0
470,200,0.0
470,189,0.0
470,362,0.0
470,17,0.0
470,16,0.0
615,119,1.563612332659408
615,189,0.4560156547890333
615,20,0.43646364300195173
615,264,0.24735652378298903
615,399,0.20359469153076612
615,200,0.12750532035811565
615,255,0.06767995869936419
615,362,0.0
615,17,0.0
615,16,0.0
531,119,0.04086449465751493
531,399,0.0
531,264,0.0
531,476,0.0
531,17,0.0
531,200,0.0
531,189,0.0
531,362,0.0
531,16,0.0
531,310,0.0
563,119,0.07355609038352688
563,399,0.0
563,264,0.0
563,476,0.0
563,17,0.0
563,200,0.0
563,189,0.0
563,362,0.0
563,16,0.0
563,310,0.0
480,119,0.04903739358901792
480,399,0.0
480,264,0.0
480,476,0.0
480,17,0.0
480,200,0.0
480,189,0.0
480,362,0.0
480,16,0.0
480,310,0.0
636,119,1.1196592150402243
636,264,0.5431751960017199
636,20,0.15146147697450757
636,189,0.06041666252986627
636,287,0.012969177092390434
636,200,0.0
636,17,0.0
636,362,0.0
636,16,0.0
636,310,0.0
467,119,0.0
467,20,0.0
467,399,0.0
467,476,0.0
467,264,0.0
467,200,0.0
467,189,0.0
467,362,0.0
467,17,0.0
467,16,0.0
567,20,0.2745343807111614
567,287,0.06726656442096575
567,200,0.025334261122792703
567,16,0.0
567,476,0.0
567,399,0.0
567,362,0.0
567,264,0.0
567,189,0.0
567,17,0.0
537,20,0.3431679758889517
537,287,0.08408320552620718
537,200,0.031667826403490876
537,16,0.0
537,476,0.0
537,399,0.0
537,362,0.0
537,264,0.0
537,189,0.0
537,17,0.0
543,20,0.12092986362293456
543,399,0.09913918350391968
543,119,0.0
543,476,0.0
543,189,0.0
543,17,0.0
543,200,0.0
543,362,0.0
543,16,0.0
543,310,0.0
666,78,1.444043321273745
666,476,0.0
666,17,0.0
666,134,0.0
666,415,0.0
666,284,0.0
666,352,0.0
666,190,0.0
666,89,0.0
666,824,0.0
670,119,0.781806166329704
670,189,0.22800782739451664
670,20,0.21823182150097586
670,264,0.12367826189149451
670,399,0.10179734576538306
670,200,0.06375266017905783
670,255,0.033839979349682095
670,362,0.0
670,17,0.0
670,16,0.0
674,119,1.050813798295657
674,189,0.2850097842431458
674,264,0.15459782736436814
674,399,0.12724668220672883
674,200,0.07969082522382229
674,255,0.042299974187102615
674,17,0.0
674,16,0.0
674,362,0.0
674,310,0.0
663,119,2.7238642197432084
663,399,1.7270310633566046
663,255,0.033839979349682095
663,78,0.0
663,362,0.0
663,16,0.0
663,59,0.0
663,17,0.0
663,310,0.0
663,134,0.0
673,94,0.9475166077841399
673,20,0.8786748126334003
673,189,0.15765828771873608
673,287,0.008646118061593622
673,476,0.0
673,362,0.0
673,16,0.0
673,59,0.0
673,17,0.0
673,310,0.0
669,119,0.9330493458668536
669,264,0.4526459966680999
669,20,0.1262178974787563
669,189,0.050347218774888555
669,287,0.010807647576992027
669,200,0.0
669,17,0.0
669,362,0.0
669,16,0.0
669,310,0.0
672,399,2.4482151612844207
672,94,2.2956889853034688
672,200,0.28506620348632783
672,476,0.0
672,362,0.0
672,16,0.0
672,59,0.0
672,17,0.0
672,310,0.0
672,287,0.0
667,94,0.8527649470057259
667,399,0.8055328981861504
667,20,0.5729540883812744
667,264,0.1605424222528148
667,189,0.10564246142894271
667,200,0.0
667,17,0.0
667,362,0.0
667,16,0.0
667,310,0.0
675,119,0.0
675,20,0.0
675,399,0.0
675,476,0.0
675,264,0.0
675,200,0.0
675,189,0.0
675,362,0.0
675,17,0.0
675,16,0.0
668,119,1.008680869428615
668,264,0.8544520072230288
668,20,0.13322558140572985
668,399,0.0
668,476,0.0
668,200,0.0
668,362,0.0
668,16,0.0
668,189,0.0
668,17,0.0
439,119,0.04086449465751493
439,399,0.0
439,264,0.0
439,476,0.0
439,17,0.0
439,200,0.0
439,189,0.0
439,362,0.0
439,16,0.0
439,310,0.0
426,119,0.0
426,20,0.0
426,399,0.0
426,476,0.0
426,264,0.0
426,200,0.0
426,189,0.0
426,362,0.0
426,17,0.0
426,16,0.0
424,119,0.0
424,20,0.0
424,399,0.0
424,476,0.0
424,264,0.0
424,200,0.0
424,189,0.0
424,362,0.0
424,17,0.0
424,16,0.0
435,20,0.9366525560070758
435,399,0.8555696154502288
435,189,0.5951839705268401
435,264,0.4031424176747186
435,200,0.1434434854028801
435,255,0.07613995353678471
435,17,0.0
435,16,0.0
435,362,0.0
435,310,0.0
433,119,0.0
433,20,0.0
433,399,0.0
433,476,0.0
433,264,0.0
433,200,0.0
433,189,0.0
433,362,0.0
433,17,0.0
433,16,0.0
432,119,0.0
432,20,0.0
432,399,0.0
432,476,0.0
432,264,0.0
432,200,0.0
432,189,0.0
432,362,0.0
432,17,0.0
432,16,0.0
443,119,0.0
443,20,0.0
443,399,0.0
443,476,0.0
443,264,0.0
443,200,0.0
443,189,0.0
443,362,0.0
443,17,0.0
443,16,0.0
440,264,0.03358153254305997
440,119,0.0
440,20,0.0
440,399,0.0
440,476,0.0
440,310,0.0
440,189,0.0
440,362,0.0
440,17,0.0
440,16,0.0
415,399,2.097088208969104
415,94,2.011434002968227
415,264,0.567267944353362
415,200,0.28506620348632783
415,476,0.0
415,362,0.0
415,17,0.0
415,310,0.0
415,16,0.0
415,59,0.0
429,399,1.1395147529964178
429,20,1.123069738425733
429,264,0.37916010303479447
429,119,0.0
429,476,0.0
429,200,0.0
429,362,0.0
429,16,0.0
429,189,0.0
429,17,0.0
420,94,3.690861528897586
420,362,2.41476133168554
420,287,1.8474601569574696
420,16,1.5724027276091892
420,78,1.0108303248916215
420,59,0.7300441235328379
420,476,0.0
420,134,0.0
420,17,0.0
420,284,0.0
411,94,1.7105503367187067
411,476,0.0
411,362,0.0
411,17,0.0
411,16,0.0
411,59,0.0
411,134,0.0
411,79,0.0
411,78,0.0
411,22,0.0
430,119,2.5308830082967817
430,399,2.005799498800719
430,94,1.8551880492399553
430,264,0.5917367093804813
430,200,0.3665136901967072
430,20,0.24710971086435163
430,17,0.0
430,16,0.0
430,362,0.0
430,310,0.0
422,264,0.789440111814545
422,94,0.6632616254488979
422,399,0.6265255874781169
422,189,0.08216635888917767
422,476,0.0
422,200,0.0
422,362,0.0
422,16,0.0
422,17,0.0
422,310,0.0
436,119,0.0
436,20,0.0
436,399,0.0
436,476,0.0
436,264,0.0
436,200,0.0
436,189,0.0
436,362,0.0
436,17,0.0
436,16,0.0
417,20,0.14108484089342366
417,399,0.11566238075457295
417,79,0.08318410080256534
417,287,0.072577659799926
417,476,0.0
417,17,0.0
417,189,0.0
417,16,0.0
417,200,0.0
417,362,0.0
438,20,1.0639756867584702
438,399,1.0345769261582622
438,189,0.6186600730666052
438,264,0.43881851150867746
438,200,0.1434434854028801
438,255,0.07613995353678471
438,17,0.0
438,16,0.0
438,362,0.0
438,310,0.0
442,119,0.04086449465751493
442,399,0.0
442,264,0.0
442,476,0.0
442,17,0.0
442,200,0.0
442,189,0.0
442,362,0.0
442,16,0.0
442,310,0.0
431,119,0.0
431,20,0.0
431,399,0.0
431,476,0.0
431,264,0.0
431,200,0.0
431,189,0.0
431,362,0.0
431,17,0.0
431,16,0.0
419,119,1.1248368925763474
419,399,0.8914664439114307
419,94,0.8245280218844245
419,264,0.2629940930579917
419,200,0.16289497342075876
419,20,0.10982653816193405
419,17,0.0
419,16,0.0
419,362,0.0
419,310,0.0
441,189,0.21117892997887738
441,399,0.15864046225431527
441,119,0.057210292520520914
441,287,0.02892421138357162
441,476,0.0
441,200,0.0
441,17,0.0
441,310,0.0
441,16,0.0
441,94,0.0
414,119,0.0
414,20,0.0
414,399,0.0
414,476,0.0
414,264,0.0
414,200,0.0
414,189,0.0
414,362,0.0
414,17,0.0
414,16,0.0
410,119,0.04086449465751493
410,399,0.0
410,264,0.0
410,476,0.0
410,17,0.0
410,200,0.0
410,189,0.0
410,362,0.0
410,16,0.0
410,310,0.0
423,20,0.3431679758889517
423,287,0.08408320552620718
423,200,0.031667826403490876
423,16,0.0
423,476,0.0
423,399,0.0
423,362,0.0
423,264,0.0
423,189,0.0
423,17,0.0
418,264,0.005596922090509995
418,119,0.0
418,20,0.0
418,399,0.0
418,476,0.0
418,310,0.0
418,189,0.0
418,362,0.0
418,17,0.0
418,16,0.0
412,20,0.12092986362293456
412,399,0.09913918350391968
412,119,0.0
412,476,0.0
412,189,0.0
412,17,0.0
412,200,0.0
412,362,0.0
412,16,0.0
412,310,0.0
428,20,0.12092986362293456
428,399,0.09913918350391968
428,119,0.0
428,476,0.0
428,189,0.0
428,17,0.0
428,200,0.0
428,362,0.0
428,16,0.0
428,310,0.0
437,119,0.0
437,20,0.0
437,399,0.0
437,476,0.0
437,264,0.0
437,200,0.0
437,189,0.0
437,362,0.0
437,17,0.0
437,16,0.0
434,119,0.0
434,20,0.0
434,399,0.0
434,476,0.0
434,264,0.0
434,200,0.0
434,189,0.0
434,362,0.0
434,17,0.0
434,16,0.0
413,20,0.10077488635244547
413,399,0.0826159862532664
413,119,0.0
413,476,0.0
413,189,0.0
413,17,0.0
413,200,0.0
413,362,0.0
413,16,0.0
413,310,0.0
44,94,2.4918340931561485
44,200,0.4490647150306601
44,476,0.0
44,16,0.0
44,17,0.0
44,284,0.0
44,416,0.0
44,134,0.0
44,78,0.0
44,352,0.0
57,264,1.8677057032537787
57,255,0.07613995353678471
57,287,0.01945376563858565
57,79,0.0
57,17,0.0
57,362,0.0
57,134,0.0
57,16,0.0
57,310,0.0
57,59,0.0
38,119,4.488976163851826
38,287,0.2705976509200273
38,255,0.05921996386194367
38,22,0.0
38,16,0.0
38,17,0.0
38,79,0.0
38,59,0.0
38,134,0.0
38,78,0.0
45,94,1.1045881181174266
45,20,0.7920365101193944
45,189,0.14258302141904394
45,287,0.012969177092390434
45,476,0.0
45,362,0.0
45,16,0.0
45,59,0.0
45,17,0.0
45,310,0.0
28,119,1.6872553388645213
28,399,1.3371996658671461
28,94,1.2367920328266369
28,264,0.39449113958698756
28,200,0.24434246013113814
28,20,0.16473980724290108
28,17,0.0
28,16,0.0
28,362,0.0
28,310,0.0
61,399,4.07133410861848
61,476,0.0
61,16,0.0
61,17,0.0
61,416,0.0
61,134,0.0
61,78,0.0
61,284,0.0
61,190,0.0
61,415,0.0
36,119,1.904761376606374
36,189,0.6939816346212178
36,200,0.3923948984508324
36,264,0.27827608925586267
36,399,0.22904402797211187
36,255,0.16064512576178028
36,362,0.14197786149311176
36,16,0.010225237743175658
36,17,0.0
36,310,0.0
54,119,0.0
54,20,0.0
54,399,0.0
54,476,0.0
54,264,0.0
54,200,0.0
54,189,0.0
54,362,0.0
54,17,0.0
54,16,0.0
47,94,0.6632616254488979
47,399,0.6265255874781169
47,20,0.4456309576298801
47,264,0.12486632841885593
47,189,0.08216635888917767
47,200,0.0
47,17,0.0
47,362,0.0
47,16,0.0
47,310,0.0
29,20,1.3374828878660376
29,200,0.290443315222611
29,189,0.21112469348081445
29,362,0.1656408384086304
29,119,0.10323507815135562
29,255,0.09858936759582816
29,16,0.011929444033704936
29,476,0.0
29,17,0.0
29,264,0.0
26,119,0.37321973834674144
26,264,0.18105839866723997
26,20,0.05048715899150252
26,189,0.020138887509955423
26,287,0.004323059030796811
26,200,0.0
26,17,0.0
26,362,0.0
26,16,0.0
26,310,0.0
33,119,1.7366991150808573
33,189,0.09062499379479941
33,476,0.0
33,362,0.0
33,16,0.0
33,59,0.0
33,17,0.0
33,310,0.0
33,94,0.0
33,134,0.0
46,119,1.172709249494556
46,20,0.4079676413334202
46,189,0.34201174109177496
46,399,0.2187888076506877
46,255,0.05075996902452314
46,16,0.0
46,310,0.0
46,362,0.0
46,59,0.0
46,17,0.0
21,94,1.7105503367187067
21,200,0.24434246013113814
21,287,0.015130706607788839
21,476,0.0
21,17,0.0
21,362,0.0
21,134,0.0
21,16,0.0
21,310,0.0
21,78,0.0
48,119,1.306269084213595
48,264,0.6337043953353398
48,20,0.17670505647025883
48,189,0.07048610628484397
48,287,0.015130706607788839
48,200,0.0
48,17,0.0
48,362,0.0
48,16,0.0
48,310,0.0
7,94,0.5685099646704839
7,399,0.5370219321241002
7,20,0.3819693922541829
7,264,0.10702828150187652
7,189,0.07042830761929514
7,200,0.0
7,17,0.0
7,362,0.0
7,16,0.0
7,310,0.0
53,264,0.01119384418101999
53,119,0.0
53,20,0.0
53,399,0.0
53,476,0.0
53,310,0.0
53,189,0.0
53,362,0.0
53,17,0.0
53,16,0.0
8,119,0.03269159572601195
8,399,0.0
8,264,0.0
8,476,0.0
8,17,0.0
8,200,0.0
8,189,0.0
8,362,0.0
8,16,0.0
8,310,0.0
25,119,0.814497762055716
25,189,0.22800782739451664
25,264,0.12367826189149451
25,399,0.10179734576538306
25,200,0.06375266017905783
25,255,0.033839979349682095
25,17,0.0
25,16,0.0
25,362,0.0
25,310,0.0
35,264,1.5529232915144129
35,16,0.015337856614763487
35,476,0.0
35,59,0.0
35,17,0.0
35,284,0.0
35,416,0.0
35,78,0.0
35,22,0.0
35,352,0.0
19,94,0.5685099646704839
19,399,0.5370219321241002
19,20,0.3819693922541829
19,264,0.10702828150187652
19,189,0.07042830761929514
19,200,0.0
19,17,0.0
19,362,0.0
19,16,0.0
19,310,0.0
69,20,0.10077488635244547
69,399,0.0826159862532664
69,119,0.0
69,476,0.0
69,189,0.0
69,17,0.0
69,200,0.0
69,362,0.0
69,16,0.0
69,310,0.0
20,94,2.423698013910439
20,264,1.5135277848849378
20,20,0.8562713185802959
20,200,0.3665136901967072
20,287,0.01945376563858565
20,362,0.0
20,310,0.0
20,17,0.0
20,59,0.0
20,16,0.0
23,119,1.306269084213595
23,264,0.6337043953353398
23,20,0.17670505647025883
23,189,0.07048610628484397
23,287,0.015130706607788839
23,200,0.0
23,17,0.0
23,362,0.0
23,16,0.0
23,310,0.0
56,119,1.6794888225603364
56,264,0.8147627940025799
56,20,0.22719221546176135
56,189,0.09062499379479941
56,287,0.01945376563858565
56,200,0.0
56,17,0.0
56,362,0.0
56,16,0.0
56,310,0.0
14,119,0.04086449465751493
14,399,0.0
14,264,0.0
14,476,0.0
14,17,0.0
14,200,0.0
14,189,0.0
14,362,0.0
14,16,0.0
14,310,0.0
37,20,0.14108484089342366
37,399,0.11566238075457295
37,119,0.0
37,476,0.0
37,189,0.0
37,17,0.0
37,200,0.0
37,362,0.0
37,16,0.0
37,310,0.0
34,119,0.7845295651111449
34,264,0.6645737833956891
34,20,0.10361989664890099
34,399,0.0
34,476,0.0
34,200,0.0
34,362,0.0
34,16,0.0
34,189,0.0
34,17,0.0
58,119,0.057210292520520914
58,399,0.0
58,264,0.0
58,476,0.0
58,17,0.0
58,200,0.0
58,189,0.0
58,362,0.0
58,16,0.0
58,310,0.0
4,119,1.1196592150402243
4,20,0.25223636332695304
4,189,0.06041666252986627
4,287,0.012969177092390434
4,200,0.0
4,16,0.0
4,362,0.0
4,310,0.0
4,59,0.0
4,17,0.0
24,20,0.08061990908195638
24,399,0.06609278900261312
24,119,0.0
24,476,0.0
24,189,0.0
24,17,0.0
24,200,0.0
24,362,0.0
24,16,0.0
24,310,0.0
70,119,0.0
70,20,0.0
70,399,0.0
70,476,0.0
70,264,0.0
70,200,0.0
70,189,0.0
70,362,0.0
70,17,0.0
70,16,0.0
40,94,0.5685099646704839
40,399,0.5370219321241002
40,20,0.3819693922541829
40,264,0.10702828150187652
40,189,0.07042830761929514
40,200,0.0
40,17,0.0
40,362,0.0
40,16,0.0
40,310,0.0
6,20,0.12092986362293456
6,399,0.09913918350391968
6,119,0.0
6,476,0.0
6,189,0.0
6,17,0.0
6,200,0.0
6,362,0.0
6,16,0.0
6,310,0.0
39,119,1.1196592150402243
39,264,0.5431751960017199
39,20,0.15146147697450757
39,189,0.06041666252986627
39,287,0.012969177092390434
39,200,0.0
39,17,0.0
39,362,0.0
39,16,0.0
39,310,0.0
41,119,1.6872553388645213
41,399,1.3371996658671461
41,94,1.2367920328266369
41,264,0.39449113958698756
41,200,0.24434246013113814
41,20,0.16473980724290108
41,17,0.0
41,16,0.0
41,362,0.0
41,310,0.0
66,20,1.2829865903149384
66,200,0.38778594553401824
66,255,0.07613995353678471
66,287,0.008646118061593622
66,134,0.0
66,362,0.0
66,16,0.0
66,59,0.0
66,17,0.0
66,310,0.0
17,94,0.44132649266852886
17,200,0.3436623898519549
17,20,0.3431679758889517
17,287,0.08408320552620718
17,476,0.0
17,362,0.0
17,399,0.0
17,17,0.0
17,264,0.0
17,189,0.0
43,399,0.9767269311397868
43,20,0.9626312043649141
43,264,0.32499437402982384
43,119,0.0
43,476,0.0
43,200,0.0
43,362,0.0
43,16,0.0
43,189,0.0
43,17,0.0
11,119,0.0
11,20,0.0
11,399,0.0
11,476,0.0
11,264,0.0
11,200,0.0
11,189,0.0
11,362,0.0
11,17,0.0
11,16,0.0
10,94,0.5685099646704839
10,189,0.1207755263941837
10,476,0.0
10,17,0.0
10,362,0.0
10,79,0.0
10,16,0.0
10,134,0.0
10,78,0.0
10,22,0.0
12,20,1.146413903885175
12,200,0.2489514130479523
12,189,0.18096402298355524
12,362,0.14197786149311176
12,119,0.0884872098440191
12,255,0.08450517222499557
12,16,0.010225237743175658
12,476,0.0
12,17,0.0
12,264,0.0
16,264,0.01119384418101999
16,119,0.0
16,20,0.0
16,399,0.0
16,476,0.0
16,310,0.0
16,189,0.0
16,362,0.0
16,17,0.0
16,16,0.0
64,94,0.3245729978336308
64,20,0.2915957694261054
64,200,0.13993657557926464
64,255,0.1062316337717213
64,476,0.0
64,362,0.0
64,399,0.0
64,17,0.0
64,264,0.0
64,189,0.0
30,119,0.03269159572601195
30,399,0.0
30,264,0.0
30,476,0.0
30,17,0.0
30,200,0.0
30,189,0.0
30,362,0.0
30,16,0.0
30,310,0.0
32,119,0.0
32,20,0.0
32,399,0.0
32,476,0.0
32,264,0.0
32,200,0.0
32,189,0.0
32,362,0.0
32,17,0.0
32,16,0.0
68,119,0.0
68,20,0.0
68,399,0.0
68,476,0.0
68,264,0.0
68,200,0.0
68,189,0.0
68,362,0.0
68,17,0.0
68,16,0.0
9,20,0.2745343807111614
9,287,0.06726656442096575
9,200,0.025334261122792703
9,16,0.0
9,476,0.0
9,399,0.0
9,362,0.0
9,264,0.0
9,189,0.0
9,17,0.0
27,119,0.04086449465751493
27,399,0.0
27,264,0.0
27,476,0.0
27,17,0.0
27,200,0.0
27,189,0.0
27,362,0.0
27,16,0.0
27,310,0.0
50,264,0.5525954874702571
50,20,0.28700123364401403
50,119,0.0
50,476,0.0
50,399,0.0
50,362,0.0
50,16,0.0
50,200,0.0
50,189,0.0
50,17,0.0
31,119,0.04903739358901792
31,399,0.0
31,264,0.0
31,476,0.0
31,17,0.0
31,200,0.0
31,189,0.0
31,362,0.0
31,16,0.0
31,310,0.0
2,119,1.4060461157204343
2,399,1.1143330548892885
2,94,1.0306600273555306
2,264,0.32874261632248963
2,200,0.20361871677594845
2,20,0.13728317270241758
2,17,0.0
2,16,0.0
2,362,0.0
2,310,0.0
42,20,0.14108484089342366
42,399,0.11566238075457295
42,119,0.0
42,476,0.0
42,189,0.0
42,17,0.0
42,200,0.0
42,362,0.0
42,16,0.0
42,310,0.0
49,19,0.5989599628671867
49,16,0.0
49,20,0.0
49,399,0.0
49,476,0.0
49,264,0.0
49,200,0.0
49,189,0.0
49,362,0.0
49,17,0.0
51,287,3.3007995753115793
51,94,2.440998565038691
51,255,1.7623604095379939
51,264,1.4760275486164012
51,310,1.3543788186961674
51,16,1.3543788186961674
51,399,0.8258185776996906
51,189,0.5408111993002898
51,200,0.5131260429019785
51,17,0.0
15,94,0.37900664311365595
15,399,0.3580146214160668
15,20,0.25464626150278863
15,264,0.07135218766791768
15,189,0.046952205079530095
15,200,0.0
15,17,0.0
15,362,0.0
15,16,0.0
15,310,0.0
688,119,0.0
688,20,0.0
688,399,0.0
688,476,0.0
688,264,0.0
688,200,0.0
688,189,0.0
688,362,0.0
688,17,0.0
688,16,0.0
678,119,0.0
678,20,0.0
678,399,0.0
678,476,0.0
678,264,0.0
678,200,0.0
678,189,0.0
678,362,0.0
678,17,0.0
678,16,0.0
739,119,0.0
739,20,0.0
739,399,0.0
739,476,0.0
739,264,0.0
739,200,0.0
739,189,0.0
739,362,0.0
739,17,0.0
739,16,0.0
679,20,0.14108484089342366
679,399,0.11566238075457295
679,94,0.049036276963169874
679,200,0.03466606260538489
679,476,0.0
679,17,0.0
679,189,0.0
679,16,0.0
679,310,0.0
679,362,0.0
687,94,0.3245729978336308
687,20,0.2915957694261054
687,200,0.13993657557926464
687,255,0.1062316337717213
687,476,0.0
687,362,0.0
687,399,0.0
687,17,0.0
687,264,0.0
687,189,0.0
729,399,0.8881488844394168
729,94,0.8527649470057259
729,189,0.10564246142894271
729,476,0.0
729,362,0.0
729,16,0.0
729,59,0.0
729,17,0.0
729,310,0.0
729,287,0.0
685,264,0.02238768836203998
685,119,0.0
685,20,0.0
685,399,0.0
685,476,0.0
685,310,0.0
685,189,0.0
685,362,0.0
685,17,0.0
685,16,0.0
726,119,0.9330493458668536
726,264,0.4526459966680999
726,20,0.1262178974787563
726,189,0.050347218774888555
726,287,0.010807647576992027
726,200,0.0
726,17,0.0
726,362,0.0
726,16,0.0
726,310,0.0
750,20,3.4077700121388936
750,255,0.38551562136182344
750,476,0.0
750,134,0.0
750,17,0.0
750,284,0.0
750,79,0.0
750,22,0.0
750,352,0.0
750,416,0.0
691,94,0.3245729978336308
691,20,0.2915957694261054
691,200,0.13993657557926464
691,255,0.1062316337717213
691,476,0.0
691,362,0.0
691,399,0.0
691,17,0.0
691,264,0.0
691,189,0.0
712,94,0.6632616254488979
712,399,0.6265255874781169
712,20,0.4456309576298801
712,264,0.12486632841885593
712,189,0.08216635888917767
712,200,0.0
712,17,0.0
712,362,0.0
712,16,0.0
712,310,0.0
701,94,0.3245729978336308
701,20,0.2915957694261054
701,200,0.13993657557926464
701,255,0.1062316337717213
701,476,0.0
701,362,0.0
701,399,0.0
701,17,0.0
701,264,0.0
701,189,0.0
690,119,0.0
690,20,0.0
690,399,0.0
690,476,0.0
690,264,0.0
690,200,0.0
690,189,0.0
690,362,0.0
690,17,0.0
690,16,0.0
677,20,0.2745343807111614
677,287,0.06726656442096575
677,200,0.025334261122792703
677,16,0.0
677,476,0.0
677,399,0.0
677,362,0.0
677,264,0.0
677,189,0.0
677,17,0.0
727,94,2.707952996245681
727,20,1.260902073564514
727,287,0.010807647576992027
727,476,0.0
727,17,0.0
727,362,0.0
727,16,0.0
727,310,0.0
727,59,0.0
727,134,0.0
699,20,0.20154977270489094
699,399,0.1652319725065328
699,119,0.0
699,476,0.0
699,189,0.0
699,17,0.0
699,200,0.0
699,362,0.0
699,16,0.0
699,310,0.0
707,94,0.2596583982669046
707,200,0.11194926046341172
707,255,0.08498530701737704
707,119,0.07355609038352688
707,17,0.0
707,310,0.0
707,476,0.0
707,59,0.0
707,189,0.0
707,362,0.0
737,20,1.3374828878660376
737,200,0.290443315222611
737,189,0.21112469348081445
737,362,0.1656408384086304
737,119,0.10323507815135562
737,255,0.09858936759582816
737,16,0.011929444033704936
737,476,0.0
737,17,0.0
737,264,0.0
724,94,0.9475166077841399
724,399,0.8950365535401671
724,264,0.1783804691697942
724,189,0.11738051269882524
724,200,0.0
724,16,0.0
724,362,0.0
724,310,0.0
724,59,0.0
724,17,0.0
705,20,1.7712945387988348
705,399,1.6177864153577548
705,119,1.172709249494556
705,264,0.6730089538819775
705,189,0.34201174109177496
705,200,0.09562899026858673
705,255,0.05075996902452314
705,362,0.0
705,17,0.0
705,16,0.0
680,20,0.10077488635244547
680,399,0.0826159862532664
680,119,0.0
680,476,0.0
680,189,0.0
680,17,0.0
680,200,0.0
680,362,0.0
680,16,0.0
680,310,0.0
722,119,0.016345797863005974
722,399,0.0
722,264,0.0
722,476,0.0
722,17,0.0
722,200,0.0
722,189,0.0
722,362,0.0
722,16,0.0
722,310,0.0
741,20,1.7924330581132477
741,200,0.5099571755995873
741,255,0.07613995353678471
741,287,0.01945376563858565
741,134,0.0
741,362,0.0
741,16,0.0
741,59,0.0
741,17,0.0
741,310,0.0
719,94,0.9475166077841399
719,399,0.8950365535401671
719,20,0.6366156537569716
719,264,0.1783804691697942
719,189,0.11738051269882524
719,200,0.0
719,17,0.0
719,362,0.0
719,16,0.0
719,310,0.0
752,94,0.6632616254488979
752,399,0.6265255874781169
752,20,0.4456309576298801
752,264,0.12486632841885593
752,189,0.08216635888917767
752,200,0.0
752,17,0.0
752,362,0.0
752,16,0.0
752,310,0.0
714,119,2.6171495297365057
714,264,0.9708344831041017
714,189,0.5130176116376625
714,399,0.22904402797211187
714,287,0.08408320552620718
714,476,0.0
714,16,0.0
714,362,0.0
714,59,0.0
714,17,0.0
742,399,1.605392945675959
742,94,1.475075326704187
742,119,1.290259303068388
742,287,0.20246947968500134
742,476,0.0
742,17,0.0
742,59,0.0
742,79,0.0
742,310,0.0
742,78,0.0
730,119,0.0
730,20,0.0
730,399,0.0
730,476,0.0
730,264,0.0
730,200,0.0
730,189,0.0
730,362,0.0
730,17,0.0
730,16,0.0
713,94,0.3245729978336308
713,200,0.13993657557926464
713,255,0.1062316337717213
713,119,0.057210292520520914
713,17,0.0
713,310,0.0
713,476,0.0
713,59,0.0
713,189,0.0
713,362,0.0
720,94,0.6632616254488979
720,399,0.6265255874781169
720,189,0.2932910523699921
720,362,0.1656408384086304
720,264,0.1528509388714059
720,255,0.09858936759582816
720,16,0.011929444033704936
720,310,0.0
720,59,0.0
720,17,0.0
693,119,0.057210292520520914
693,399,0.0
693,264,0.0
693,476,0.0
693,17,0.0
693,200,0.0
693,189,0.0
693,362,0.0
693,16,0.0
693,310,0.0
695,399,2.034551306536585
695,20,1.907713815966849
695,264,1.5069316913412873
695,94,0.9475166077841399
695,189,0.11738051269882524
695,200,0.0
695,17,0.0
695,362,0.0
695,16,0.0
695,310,0.0
694,119,0.057210292520520914
694,399,0.0
694,264,0.0
694,476,0.0
694,17,0.0
694,200,0.0
694,189,0.0
694,362,0.0
694,16,0.0
694,310,0.0
748,119,0.7464394766934829
748,264,0.36211679733447993
748,20,0.10097431798300505
748,189,0.040277775019910846
748,287,0.008646118061593622
748,200,0.0
748,17,0.0
748,362,0.0
748,16,0.0
748,310,0.0
721,399,0.9767269311397868
721,20,0.9626312043649141
721,264,0.32499437402982384
721,119,0.0
721,476,0.0
721,200,0.0
721,362,0.0
721,16,0.0
721,189,0.0
721,17,0.0
766,20,0.14108484089342366
766,399,0.11566238075457295
766,119,0.0
766,476,0.0
766,189,0.0
766,17,0.0
766,200,0.0
766,362,0.0
766,16,0.0
766,310,0.0
689,119,0.0
689,20,0.0
689,399,0.0
689,476,0.0
689,264,0.0
689,200,0.0
689,189,0.0
689,362,0.0
689,17,0.0
689,16,0.0
684,399,1.4650903967096802
684,20,1.443946806547371
684,264,0.48749156104473573
684,119,0.0
684,476,0.0
684,200,0.0
684,362,0.0
684,16,0.0
684,189,0.0
684,17,0.0
692,264,0.01119384418101999
692,119,0.0
692,20,0.0
692,399,0.0
692,476,0.0
692,310,0.0
692,189,0.0
692,362,0.0
692,17,0.0
692,16,0.0
676,20,0.08061990908195638
676,399,0.06609278900261312
676,119,0.0
676,476,0.0
676,189,0.0
676,17,0.0
676,200,0.0
676,362,0.0
676,16,0.0
676,310,0.0
754,189,0.8447157199155095
754,264,0.5075808008165614
754,399,0.37019069300680857
754,287,0.11569684553428648
754,20,0.0
754,476,0.0
754,200,0.0
754,17,0.0
754,310,0.0
754,16,0.0
716,119,0.0
716,20,0.0
716,399,0.0
716,476,0.0
716,264,0.0
716,200,0.0
716,189,0.0
716,362,0.0
716,17,0.0
716,16,0.0
732,264,0.02238768836203998
732,119,0.0
732,20,0.0
732,399,0.0
732,476,0.0
732,310,0.0
732,189,0.0
732,362,0.0
732,17,0.0
732,16,0.0
743,20,0.4804351662445324
743,287,0.11771648773669006
743,264,0.02238768836203998
743,476,0.0
743,17,0.0
743,399,0.0
743,16,0.0
743,59,0.0
743,189,0.0
743,362,0.0
718,119,0.0
718,20,0.0
718,399,0.0
718,476,0.0
718,264,0.0
718,200,0.0
718,189,0.0
718,362,0.0
718,17,0.0
718,16,0.0
725,119,0.0
725,20,0.0
725,399,0.0
725,476,0.0
725,264,0.0
725,200,0.0
725,189,0.0
725,362,0.0
725,17,0.0
725,16,0.0
749,119,0.0
749,20,0.0
749,399,0.0
749,476,0.0
749,264,0.0
749,200,0.0
749,189,0.0
749,362,0.0
749,17,0.0
749,16,0.0
683,399,0.8139391092831556
683,20,0.802192670304095
683,264,0.2708286450248532
683,119,0.0
683,476,0.0
683,200,0.0
683,362,0.0
683,16,0.0
683,189,0.0
683,17,0.0
755,119,0.0
755,20,0.0
755,399,0.0
755,476,0.0
755,264,0.0
755,200,0.0
755,189,0.0
755,362,0.0
755,17,0.0
755,16,0.0
682,20,0.20154977270489094
682,399,0.1652319725065328
682,119,0.0
682,476,0.0
682,189,0.0
682,17,0.0
682,200,0.0
682,362,0.0
682,16,0.0
682,310,0.0
740,119,1.4060461157204343
740,399,1.2795650273958212
740,94,1.0306600273555306
740,20,0.3388329454073085
740,200,0.20361871677594845
740,16,0.0
740,310,0.0
740,362,0.0
740,59,0.0
740,17,0.0
733,119,0.0
733,20,0.0
733,399,0.0
733,476,0.0
733,264,0.0
733,200,0.0
733,189,0.0
733,362,0.0
733,17,0.0
733,16,0.0
709,119,0.0
709,20,0.0
709,399,0.0
709,476,0.0
709,264,0.0
709,200,0.0
709,189,0.0
709,362,0.0
709,17,0.0
709,16,0.0
702,119,1.968464562008608
702,399,1.5600662768450038
702,94,1.4429240382977429
702,264,0.4602396628514855
702,200,0.28506620348632783
702,20,0.19219644178338458
702,17,0.0
702,16,0.0
702,362,0.0
702,310,0.0
708,119,0.04086449465751493
708,399,0.0
708,264,0.0
708,476,0.0
708,17,0.0
708,200,0.0
708,189,0.0
708,362,0.0
708,16,0.0
708,310,0.0
711,119,0.04903739358901792
711,399,0.0
711,264,0.0
711,476,0.0
711,17,0.0
711,200,0.0
711,189,0.0
711,362,0.0
711,16,0.0
711,310,0.0
765,119,0.0
765,20,0.0
765,399,0.0
765,476,0.0
765,264,0.0
765,200,0.0
765,189,0.0
765,362,0.0
765,17,0.0
765,16,0.0
723,119,0.0
723,20,0.0
723,399,0.0
723,476,0.0
723,264,0.0
723,200,0.0
723,189,0.0
723,362,0.0
723,17,0.0
723,16,0.0
731,189,0.42235785995775477
731,264,0.2537904004082807
731,399,0.18509534650340428
731,287,0.05784842276714324
731,20,0.0
731,476,0.0
731,200,0.0
731,17,0.0
731,310,0.0
731,16,0.0
703,189,1.9593006261593091
703,399,1.3795865195393224
703,94,0.47375830389206997
703,20,0.43923769050142036
703,287,0.2603179024521446
703,476,0.0
703,17,0.0
703,16,0.0
703,59,0.0
703,310,0.0
763,119,0.0
763,20,0.0
763,399,0.0
763,476,0.0
763,264,0.0
763,200,0.0
763,189,0.0
763,362,0.0
763,17,0.0
763,16,0.0
762,399,1.1395147529964178
762,20,1.123069738425733
762,264,0.39595086930632445
762,119,0.0
762,476,0.0
762,189,0.0
762,17,0.0
762,310,0.0
762,362,0.0
762,16,0.0
761,94,0.09807255392633975
761,200,0.06933212521076978
761,16,0.0
761,20,0.0
761,399,0.0
761,476,0.0
761,264,0.0
761,189,0.0
761,362,0.0
761,17,0.0
199,94,2.6867252377231474
199,264,1.8736871650497966
199,399,1.724557420319671
199,287,1.5019401686938083
199,119,1.1820471850968683
199,255,0.5956529896799507
199,79,0.08318410080256534
199,134,0.0
199,310,0.0
199,59,0.0
206,94,0.6632616254488979
206,399,0.6265255874781169
206,20,0.4456309576298801
206,264,0.12486632841885593
206,189,0.08216635888917767
206,200,0.0
206,17,0.0
206,362,0.0
206,16,0.0
206,310,0.0
103,119,0.9330493458668536
103,264,0.4526459966680999
103,20,0.1262178974787563
103,189,0.050347218774888555
103,287,0.010807647576992027
103,200,0.0
103,17,0.0
103,362,0.0
103,16,0.0
103,310,0.0
286,20,0.14108484089342366
286,399,0.11566238075457295
286,119,0.0
286,476,0.0
286,362,0.0
286,16,0.0
286,189,0.0
286,17,0.0
286,310,0.0
286,59,0.0
145,119,1.306269084213595
145,264,0.6337043953353398
145,20,0.17670505647025883
145,189,0.07048610628484397
145,287,0.015130706607788839
145,200,0.0
145,17,0.0
145,362,0.0
145,16,0.0
145,310,0.0
345,119,0.0
345,20,0.0
345,399,0.0
345,476,0.0
345,264,0.0
345,200,0.0
345,189,0.0
345,362,0.0
345,17,0.0
345,16,0.0
282,94,0.3432539387421891
282,200,0.24266243823769423
282,16,0.0
282,20,0.0
282,399,0.0
282,476,0.0
282,264,0.0
282,189,0.0
282,362,0.0
282,17,0.0
143,119,0.08172898931502987
143,399,0.0
143,264,0.0
143,476,0.0
143,17,0.0
143,200,0.0
143,189,0.0
143,362,0.0
143,16,0.0
143,310,0.0
160,119,0.04086449465751493
160,399,0.0
160,264,0.0
160,476,0.0
160,17,0.0
160,200,0.0
160,189,0.0
160,362,0.0
160,16,0.0
160,310,0.0
381,119,0.057210292520520914
381,399,0.0
381,264,0.0
381,476,0.0
381,17,0.0
381,200,0.0
381,189,0.0
381,362,0.0
381,16,0.0
381,310,0.0
335,94,1.696970258546592
335,255,0.4195040193499109
335,200,0.3028756747061367
335,189,0.11743831136437408
335,134,0.0
335,362,0.0
335,16,0.0
335,59,0.0
335,17,0.0
335,310,0.0
398,119,0.0
398,20,0.0
398,399,0.0
398,476,0.0
398,264,0.0
398,200,0.0
398,189,0.0
398,362,0.0
398,17,0.0
398,16,0.0
375,20,0.18139479543440185
375,399,0.1487087752558795
375,119,0.0
375,476,0.0
375,189,0.0
375,17,0.0
375,200,0.0
375,362,0.0
375,16,0.0
375,310,0.0
91,119,1.338960679939607
91,94,0.1961451078526795
91,200,0.13866425042153957
91,189,0.07048610628484397
91,287,0.015130706607788839
91,362,0.0
91,310,0.0
91,17,0.0
91,59,0.0
91,16,0.0
172,94,0.45440219696708306
172,20,0.40823407719654753
172,200,0.19591120581097052
172,255,0.14872428728040982
172,476,0.0
172,362,0.0
172,399,0.0
172,17,0.0
172,264,0.0
172,189,0.0
144,119,1.306269084213595
144,20,0.2573249655522152
144,189,0.07048610628484397
144,287,0.015130706607788839
144,200,0.0
144,16,0.0
144,362,0.0
144,310,0.0
144,59,0.0
144,17,0.0
405,20,0.20154977270489094
405,399,0.1652319725065328
405,119,0.0
405,476,0.0
405,189,0.0
405,17,0.0
405,200,0.0
405,362,0.0
405,16,0.0
405,310,0.0
133,20,0.10077488635244547
133,399,0.0826159862532664
133,119,0.0
133,476,0.0
133,189,0.0
133,17,0.0
133,200,0.0
133,362,0.0
133,16,0.0
133,310,0.0
329,264,1.28573813947964
329,79,1.2409843070340545
329,94,0.9475166077841399
329,189,0.18786661898366921
329,287,0.015130706607788839
329,310,0.0
329,59,0.0
329,200,0.0
329,17,0.0
329,16,0.0
185,399,0.09913918350391968
185,119,0.057210292520520914
185,476,0.0
185,200,0.0
185,362,0.0
185,16,0.0
185,189,0.0
185,17,0.0
185,310,0.0
185,59,0.0
283,20,1.2710122617798978
283,399,1.1495299179536247
283,264,1.0572107953805496
283,189,0.6874000811851169
283,200,0.15938165044764457
283,255,0.08459994837420523
283,17,0.0
283,16,0.0
283,362,0.0
283,310,0.0
355,94,0.9574792872279172
355,20,0.8528718332029477
355,399,0.7587111654833432
355,200,0.20799637563230935
355,189,0.08216635888917767
355,16,0.0
355,310,0.0
355,362,0.0
355,59,0.0
355,17,0.0
157,119,0.0
157,20,0.0
157,399,0.0
157,476,0.0
157,264,0.0
157,200,0.0
157,189,0.0
157,362,0.0
157,17,0.0
157,16,0.0
347,119,0.8308435599187219
347,189,0.22800782739451664
347,264,0.12367826189149451
347,399,0.10179734576538306
347,200,0.06375266017905783
347,255,0.033839979349682095
347,17,0.0
347,16,0.0
347,362,0.0
347,310,0.0
115,94,0.4903627696316987
115,200,0.34666062605384895
115,16,0.0
115,20,0.0
115,399,0.0
115,476,0.0
115,264,0.0
115,189,0.0
115,362,0.0
115,17,0.0
385,119,0.7464394766934829
385,264,0.36211679733447993
385,20,0.10097431798300505
385,189,0.040277775019910846
385,287,0.008646118061593622
385,200,0.0
385,17,0.0
385,362,0.0
385,16,0.0
385,310,0.0
291,94,0.8527649470057259
291,399,0.8055328981861504
291,264,0.1605424222528148
291,189,0.10564246142894271
291,200,0.0
291,16,0.0
291,362,0.0
291,310,0.0
291,59,0.0
291,17,0.0
89,94,0.9475166077841399
89,399,0.8950365535401671
89,20,0.6366156537569716
89,264,0.1783804691697942
89,189,0.11738051269882524
89,200,0.0
89,17,0.0
89,362,0.0
89,16,0.0
89,310,0.0
288,399,1.1395147529964178
288,264,0.37916010303479447
288,94,0.3432539387421891
288,200,0.24266243823769423
288,119,0.057210292520520914
288,17,0.0
288,16,0.0
288,189,0.0
288,310,0.0
288,362,0.0
148,119,1.306269084213595
148,264,0.6840766941499298
148,20,0.17670505647025883
148,189,0.07048610628484397
148,287,0.015130706607788839
148,16,0.0
148,310,0.0
148,362,0.0
148,59,0.0
148,17,0.0
182,264,0.9943032867178063
182,119,0.9657409415928656
182,79,0.08318410080256534
182,189,0.050347218774888555
182,200,0.0
182,16,0.0
182,362,0.0
182,310,0.0
182,59,0.0
182,17,0.0
237,20,0.3431679758889517
237,287,0.08408320552620718
237,264,0.05596922090509995
237,476,0.0
237,17,0.0
237,399,0.0
237,16,0.0
237,59,0.0
237,189,0.0
237,362,0.0
153,94,0.9475166077841399
153,399,0.8950365535401671
153,264,0.1783804691697942
153,189,0.11738051269882524
153,200,0.0
153,16,0.0
153,362,0.0
153,310,0.0
153,59,0.0
153,17,0.0
359,119,1.355306477802613
359,264,0.6337043953353398
359,189,0.07048610628484397
359,287,0.015130706607788839
359,200,0.0
359,16,0.0
359,362,0.0
359,310,0.0
359,59,0.0
359,17,0.0
255,20,0.12092986362293456
255,399,0.09913918350391968
255,119,0.0
255,476,0.0
255,189,0.0
255,17,0.0
255,200,0.0
255,362,0.0
255,16,0.0
255,310,0.0
147,119,1.306269084213595
147,264,0.6337043953353398
147,20,0.17670505647025883
147,189,0.07048610628484397
147,287,0.015130706607788839
147,200,0.0
147,17,0.0
147,362,0.0
147,16,0.0
147,310,0.0
198,264,0.848340970111809
198,94,0.6632616254488979
198,189,0.13251357766406624
198,476,0.0
198,362,0.0
198,200,0.0
198,310,0.0
198,17,0.0
198,16,0.0
198,59,0.0
131,119,0.0
131,20,0.0
131,399,0.0
131,476,0.0
131,264,0.0
131,200,0.0
131,189,0.0
131,362,0.0
131,17,0.0
131,16,0.0
280,119,1.306269084213595
280,264,0.6337043953353398
280,20,0.17670505647025883
280,189,0.07048610628484397
280,287,0.015130706607788839
280,200,0.0
280,17,0.0
280,362,0.0
280,16,0.0
280,310,0.0
219,119,0.0
219,20,0.0
219,399,0.0
219,476,0.0
219,264,0.0
219,200,0.0
219,189,0.0
219,362,0.0
219,17,0.0
219,16,0.0
92,119,1.363479376734116
92,189,0.07048610628484397
92,476,0.0
92,362,0.0
92,16,0.0
92,59,0.0
92,17,0.0
92,310,0.0
92,94,0.0
92,134,0.0
391,94,0.8527649470057259
391,399,0.8055328981861504
391,20,0.5729540883812744
391,264,0.1605424222528148
391,189,0.10564246142894271
391,200,0.0
391,17,0.0
391,362,0.0
391,16,0.0
391,310,0.0
366,119,1.306269084213595
366,20,1.0595176358563103
366,189,0.07048610628484397
366,476,0.0
366,200,0.0
366,362,0.0
366,16,0.0
366,59,0.0
366,17,0.0
366,310,0.0
119,399,0.6511512874265245
119,20,0.641754136243276
119,264,0.24464752647243254
119,119,0.0
119,476,0.0
119,189,0.0
119,17,0.0
119,310,0.0
119,362,0.0
119,16,0.0
93,119,1.306269084213595
93,264,0.6337043953353398
93,20,0.17670505647025883
93,189,0.07048610628484397
93,287,0.015130706607788839
93,200,0.0
93,17,0.0
93,362,0.0
93,16,0.0
93,310,0.0
247,119,0.057210292520520914
247,399,0.0
247,264,0.0
247,476,0.0
247,17,0.0
247,200,0.0
247,189,0.0
247,362,0.0
247,16,0.0
247,310,0.0
221,94,0.4903627696316987
221,200,0.34666062605384895
221,16,0.0
221,20,0.0
221,399,0.0
221,476,0.0
221,264,0.0
221,189,0.0
221,362,0.0
221,17,0.0
408,94,0.8527649470057259
408,399,0.8055328981861504
408,20,0.5729540883812744
408,264,0.21651164315791474
408,189,0.10564246142894271
408,16,0.0
408,310,0.0
408,362,0.0
408,59,0.0
408,17,0.0
350,119,0.057210292520520914
350,399,0.0
350,264,0.0
350,476,0.0
350,17,0.0
350,200,0.0
350,189,0.0
350,362,0.0
350,16,0.0
350,310,0.0
406,287,0.072577659799926
406,16,0.0
406,20,0.0
406,399,0.0
406,476,0.0
406,264,0.0
406,200,0.0
406,189,0.0
406,362,0.0
406,17,0.0
121,399,0.0826159862532664
121,119,0.057210292520520914
121,476,0.0
121,200,0.0
121,362,0.0
121,16,0.0
121,189,0.0
121,17,0.0
121,310,0.0
121,59,0.0
212,20,0.2745343807111614
212,94,0.1961451078526795
212,200,0.16399851154433226
212,287,0.06726656442096575
212,476,0.0
212,362,0.0
212,399,0.0
212,17,0.0
212,264,0.0
212,189,0.0
80,119,0.057210292520520914
80,399,0.0
80,264,0.0
80,476,0.0
80,17,0.0
80,200,0.0
80,189,0.0
80,362,0.0
80,16,0.0
80,310,0.0
140,20,0.18139479543440185
140,399,0.1487087752558795
140,119,0.0
140,476,0.0
140,189,0.0
140,17,0.0
140,200,0.0
140,362,0.0
140,16,0.0
140,310,0.0
230,399,1.4650903967096802
230,20,1.443946806547371
230,264,0.48749156104473573
230,119,0.0
230,476,0.0
230,200,0.0
230,362,0.0
230,16,0.0
230,189,0.0
230,17,0.0
110,119,0.0
110,20,0.0
110,399,0.0
110,476,0.0
110,264,0.0
110,200,0.0
110,189,0.0
110,362,0.0
110,17,0.0
110,16,0.0
114,94,0.4903627696316987
114,200,0.34666062605384895
114,16,0.0
114,20,0.0
114,399,0.0
114,476,0.0
114,264,0.0
114,189,0.0
114,362,0.0
114,17,0.0
111,119,0.9330493458668536
111,94,0.4903627696316987
111,264,0.4526459966680999
111,200,0.34666062605384895
111,20,0.1262178974787563
111,189,0.050347218774888555
111,287,0.010807647576992027
111,16,0.0
111,310,0.0
111,362,0.0
86,119,1.4253710835975029
86,200,0.4357752634367677
86,189,0.3990136979404041
86,255,0.2716832314053863
86,264,0.2164369583101154
86,399,0.17814535508942037
86,287,0.11771648773669006
86,17,0.0
86,59,0.0
86,362,0.0
203,20,0.49181624978451477
203,94,0.37900664311365595
203,189,0.11743831136437408
203,287,0.015130706607788839
203,476,0.0
203,362,0.0
203,16,0.0
203,59,0.0
203,17,0.0
203,310,0.0
152,119,1.4542600792821139
152,264,0.7212975438260637
152,20,0.30704887577146245
152,189,0.22800782739451664
152,399,0.10179734576538306
152,255,0.033839979349682095
152,17,0.0
152,16,0.0
152,362,0.0
152,310,0.0
211,119,0.0
211,20,0.0
211,399,0.0
211,476,0.0
211,264,0.0
211,200,0.0
211,189,0.0
211,362,0.0
211,17,0.0
211,16,0.0
253,119,1.306269084213595
253,264,0.6337043953353398
253,20,0.17670505647025883
253,189,0.07048610628484397
253,287,0.015130706607788839
253,200,0.0
253,17,0.0
253,362,0.0
253,16,0.0
253,310,0.0
141,119,1.306269084213595
141,264,0.6337043953353398
141,20,0.17670505647025883
141,189,0.07048610628484397
141,287,0.015130706607788839
141,200,0.0
141,17,0.0
141,362,0.0
141,16,0.0
141,310,0.0
300,119,0.0
300,20,0.0
300,399,0.0
300,476,0.0
300,264,0.0
300,200,0.0
300,189,0.0
300,362,0.0
300,17,0.0
300,16,0.0
409,119,0.7845295651111449
409,264,0.6645737833956891
409,20,0.10361989664890099
409,399,0.0
409,476,0.0
409,200,0.0
409,362,0.0
409,16,0.0
409,189,0.0
409,17,0.0
407,79,0.08318410080256534
407,287,0.072577659799926
407,20,0.0
407,476,0.0
407,399,0.0
407,362,0.0
407,264,0.0
407,200,0.0
407,189,0.0
407,17,0.0
372,264,0.03358153254305997
372,119,0.0
372,20,0.0
372,399,0.0
372,476,0.0
372,310,0.0
372,189,0.0
372,362,0.0
372,17,0.0
372,16,0.0
174,119,1.008680869428615
174,264,0.8544520072230288
174,20,0.13322558140572985
174,399,0.0
174,476,0.0
174,200,0.0
174,362,0.0
174,16,0.0
174,189,0.0
174,17,0.0
336,94,0.6632616254488979
336,399,0.6265255874781169
336,20,0.4456309576298801
336,264,0.12486632841885593
336,189,0.08216635888917767
336,200,0.0
336,17,0.0
336,362,0.0
336,16,0.0
336,310,0.0
387,119,0.04086449465751493
387,399,0.0
387,264,0.0
387,476,0.0
387,17,0.0
387,200,0.0
387,189,0.0
387,362,0.0
387,16,0.0
387,310,0.0
175,20,0.20590078553337104
175,287,0.050449923315724315
175,200,0.019000695842094528
175,16,0.0
175,476,0.0
175,399,0.0
175,362,0.0
175,264,0.0
175,189,0.0
175,17,0.0
88,264,0.027984610452549977
88,119,0.0
88,20,0.0
88,399,0.0
88,476,0.0
88,310,0.0
88,189,0.0
88,362,0.0
88,17,0.0
88,16,0.0
107,119,0.0
107,20,0.0
107,399,0.0
107,476,0.0
107,264,0.0
107,200,0.0
107,189,0.0
107,362,0.0
107,17,0.0
107,16,0.0
281,119,0.07355609038352688
281,399,0.0
281,264,0.0
281,476,0.0
281,17,0.0
281,200,0.0
281,189,0.0
281,362,0.0
281,16,0.0
281,310,0.0
97,189,0.40578531063732953
97,200,0.26396235776797417
97,255,0.14853160795882392
97,476,0.0
97,362,0.0
97,59,0.0
97,78,0.0
97,17,0.0
97,134,0.0
97,22,0.0
179,119,1.759063874241834
179,189,0.5130176116376625
179,20,0.4910215983771957
179,264,0.3174545438894326
179,399,0.22904402797211187
179,476,0.0
179,17,0.0
179,362,0.0
179,16,0.0
179,310,0.0
404,119,1.306269084213595
404,20,0.2774799428227043
404,189,0.07048610628484397
404,287,0.015130706607788839
404,200,0.0
404,16,0.0
404,362,0.0
404,310,0.0
404,59,0.0
404,17,0.0
267,20,0.18139479543440185
267,399,0.1487087752558795
267,119,0.0
267,476,0.0
267,189,0.0
267,17,0.0
267,200,0.0
267,362,0.0
267,16,0.0
267,310,0.0
270,119,0.0
270,20,0.0
270,399,0.0
270,476,0.0
270,264,0.0
270,200,0.0
270,189,0.0
270,362,0.0
270,17,0.0
270,16,0.0
229,94,0.44132649266852886
229,200,0.31199456344846405
229,20,0.20154977270489094
229,399,0.1652319725065328
229,476,0.0
229,17,0.0
229,189,0.0
229,16,0.0
229,310,0.0
229,362,0.0
252,119,1.363479376734116
252,264,0.6337043953353398
252,189,0.07048610628484397
252,287,0.015130706607788839
252,200,0.0
252,16,0.0
252,362,0.0
252,310,0.0
252,59,0.0
252,17,0.0
163,264,0.027984610452549977
163,119,0.0
163,20,0.0
163,399,0.0
163,476,0.0
163,310,0.0
163,189,0.0
163,362,0.0
163,17,0.0
163,16,0.0
321,119,0.04086449465751493
321,399,0.0
321,264,0.0
321,476,0.0
321,17,0.0
321,200,0.0
321,189,0.0
321,362,0.0
321,16,0.0
321,310,0.0
210,20,0.3431679758889517
210,287,0.08408320552620718
210,200,0.031667826403490876
210,16,0.0
210,476,0.0
210,399,0.0
210,362,0.0
210,264,0.0
210,189,0.0
210,17,0.0
176,119,0.7845295651111449
176,264,0.6645737833956891
176,20,0.10361989664890099
176,399,0.0
176,476,0.0
176,200,0.0
176,362,0.0
176,16,0.0
176,189,0.0
176,17,0.0
194,20,0.20154977270489094
194,399,0.1652319725065328
194,119,0.0
194,476,0.0
194,189,0.0
194,17,0.0
194,200,0.0
194,362,0.0
194,16,0.0
194,310,0.0
171,20,0.14108484089342366
171,399,0.11566238075457295
171,119,0.0
171,476,0.0
171,189,0.0
171,17,0.0
171,200,0.0
171,362,0.0
171,16,0.0
171,310,0.0
166,119,1.306269084213595
166,264,0.6337043953353398
166,20,0.17670505647025883
166,189,0.07048610628484397
166,287,0.015130706607788839
166,200,0.0
166,17,0.0
166,362,0.0
166,16,0.0
166,310,0.0
277,399,0.9767269311397868
277,20,0.9626312043649141
277,264,0.32499437402982384
277,94,0.24518138481584936
277,200,0.17333031302692448
277,79,0.08318410080256534
277,362,0.0
277,17,0.0
277,189,0.0
277,16,0.0
218,119,0.0
218,20,0.0
218,399,0.0
218,476,0.0
218,264,0.0
218,200,0.0
218,189,0.0
218,362,0.0
218,17,0.0
218,16,0.0
402,264,0.7328676008237992
402,20,0.3690015861137323
402,119,0.0
402,476,0.0
402,399,0.0
402,17,0.0
402,310,0.0
402,189,0.0
402,362,0.0
402,16,0.0
360,79,1.2409843070340545
360,264,1.051165600061462
360,94,0.6632616254488979
360,189,0.13251357766406624
360,287,0.010807647576992027
360,310,0.0
360,59,0.0
360,200,0.0
360,17,0.0
360,16,0.0
365,94,1.1395087652989604
365,20,0.5831915388522108
365,264,0.03917845463356997
365,476,0.0
365,17,0.0
365,399,0.0
365,310,0.0
365,59,0.0
365,189,0.0
365,362,0.0
362,119,1.563612332659408
362,20,0.7796316188909034
362,189,0.4560156547890333
362,264,0.24735652378298903
362,399,0.20359469153076612
362,200,0.15917314676160654
362,287,0.08408320552620718
362,255,0.06767995869936419
362,17,0.0
362,16,0.0
363,20,0.2745343807111614
363,94,0.1961451078526795
363,200,0.16399851154433226
363,287,0.06726656442096575
363,476,0.0
363,362,0.0
363,399,0.0
363,17,0.0
363,264,0.0
363,189,0.0
196,94,0.9475166077841399
196,399,0.8950365535401671
196,20,0.6366156537569716
196,264,0.1783804691697942
196,189,0.11738051269882524
196,200,0.0
196,17,0.0
196,362,0.0
196,16,0.0
196,310,0.0
388,94,0.8527649470057259
388,399,0.8055328981861504
388,20,0.5729540883812744
388,264,0.1605424222528148
388,189,0.10564246142894271
388,200,0.0
388,17,0.0
388,362,0.0
388,16,0.0
388,310,0.0
390,399,0.4970878685220434
390,94,0.47375830389206997
390,189,0.05869025634941262
390,476,0.0
390,362,0.0
390,16,0.0
390,59,0.0
390,17,0.0
390,310,0.0
390,287,0.0
223,94,0.6632616254488979
223,399,0.6265255874781169
223,20,0.4456309576298801
223,264,0.12486632841885593
223,189,0.08216635888917767
223,200,0.0
223,17,0.0
223,362,0.0
223,16,0.0
223,310,0.0
301,119,0.0
301,20,0.0
301,399,0.0
301,476,0.0
301,264,0.0
301,200,0.0
301,189,0.0
301,362,0.0
301,17,0.0
301,16,0.0
73,119,1.306269084213595
73,264,0.6337043953353398
73,20,0.17670505647025883
73,189,0.07048610628484397
73,287,0.015130706607788839
73,200,0.0
73,17,0.0
73,362,0.0
73,16,0.0
73,310,0.0
315,119,2.9270917093935243
315,264,1.8370802599958633
315,287,1.5925646013049217
315,189,0.5265017610738773
315,476,0.0
315,362,0.0
315,17,0.0
315,310,0.0
315,16,0.0
315,59,0.0
306,20,1.939503418019651
306,264,1.626572315676044
306,399,1.6077626783076484
306,119,1.563612332659408
306,255,0.766853324282549
306,200,0.6322981115350101
306,189,0.4560156547890333
306,362,0.0
306,17,0.0
306,16,0.0
312,119,3.0653329584554294
312,264,2.2911962764842575
312,20,2.1707664298651537
312,200,0.9948969026336235
312,189,0.5835037179225064
312,476,0.0
312,17,0.0
312,362,0.0
312,16,0.0
312,310,0.0
309,20,1.9423302152423616
309,119,1.306269084213595
309,189,0.07048610628484397
309,476,0.0
309,200,0.0
309,362,0.0
309,16,0.0
309,59,0.0
309,17,0.0
309,310,0.0
279,399,1.0593429173930533
279,94,0.24518138481584936
279,119,0.08172898931502987
279,476,0.0
279,189,0.0
279,17,0.0
279,310,0.0
279,362,0.0
279,16,0.0
279,59,0.0
358,119,0.0
358,20,0.0
358,399,0.0
358,476,0.0
358,264,0.0
358,200,0.0
358,189,0.0
358,362,0.0
358,17,0.0
358,16,0.0
233,20,0.10077488635244547
233,399,0.0826159862532664
233,119,0.0
233,476,0.0
233,189,0.0
233,17,0.0
233,200,0.0
233,362,0.0
233,16,0.0
233,310,0.0
348,20,0.020154977270489094
348,399,0.01652319725065328
348,119,0.0
348,476,0.0
348,189,0.0
348,17,0.0
348,200,0.0
348,362,0.0
348,16,0.0
348,310,0.0
227,94,0.4903627696316987
227,200,0.34666062605384895
227,16,0.0
227,20,0.0
227,399,0.0
227,476,0.0
227,264,0.0
227,189,0.0
227,362,0.0
227,17,0.0
273,119,1.759063874241834
273,20,1.0158939833441853
273,189,0.5130176116376625
273,264,0.30626069970841263
273,255,0.26735689432588305
273,399,0.22904402797211187
273,17,0.0
273,310,0.0
273,362,0.0
273,59,0.0
162,94,0.4903627696316987
162,200,0.34666062605384895
162,16,0.0
162,20,0.0
162,399,0.0
162,476,0.0
162,264,0.0
162,189,0.0
162,362,0.0
162,17,0.0
106,94,0.5685099646704839
106,399,0.5370219321241002
106,264,0.1350128919544265
106,189,0.07042830761929514
106,476,0.0
106,362,0.0
106,17,0.0
106,310,0.0
106,16,0.0
106,59,0.0
169,119,1.306269084213595
169,264,0.6337043953353398
169,20,0.17670505647025883
169,189,0.07048610628484397
169,287,0.015130706607788839
169,200,0.0
169,17,0.0
169,362,0.0
169,16,0.0
169,310,0.0
302,94,0.8527649470057259
302,399,0.8055328981861504
302,20,0.5729540883812744
302,264,0.1605424222528148
302,189,0.10564246142894271
302,200,0.0
302,17,0.0
302,362,0.0
302,16,0.0
302,310,0.0
310,119,0.0
310,20,0.0
310,399,0.0
310,476,0.0
310,264,0.0
310,200,0.0
310,189,0.0
310,362,0.0
310,17,0.0
310,16,0.0
298,119,0.0
298,20,0.0
298,399,0.0
298,476,0.0
298,264,0.0
298,200,0.0
298,189,0.0
298,362,0.0
298,17,0.0
298,16,0.0
274,20,0.18139479543440185
274,399,0.1487087752558795
274,119,0.0
274,476,0.0
274,189,0.0
274,17,0.0
274,200,0.0
274,362,0.0
274,16,0.0
274,310,0.0
340,399,0.5466574602740032
340,94,0.47375830389206997
340,20,0.43923769050142036
340,189,0.05869025634941262
340,200,0.0
340,16,0.0
340,362,0.0
340,310,0.0
340,59,0.0
340,17,0.0
246,94,2.011382521897162
246,255,0.4894213559082294
246,200,0.385022780227317
246,189,0.10903747512430118
246,79,0.0
246,362,0.0
246,16,0.0
246,134,0.0
246,17,0.0
246,59,0.0
342,119,0.04086449465751493
342,399,0.0
342,264,0.0
342,476,0.0
342,17,0.0
342,200,0.0
342,189,0.0
342,362,0.0
342,16,0.0
342,310,0.0
292,20,0.14108484089342366
292,399,0.11566238075457295
292,119,0.0
292,476,0.0
292,189,0.0
292,17,0.0
292,200,0.0
292,362,0.0
292,16,0.0
292,310,0.0
135,399,0.0826159862532664
135,119,0.04086449465751493
135,476,0.0
135,200,0.0
135,362,0.0
135,16,0.0
135,189,0.0
135,17,0.0
135,310,0.0
135,59,0.0
214,264,0.7585707237541958
214,94,0.6632616254488979
214,20,0.622336014100139
214,189,0.15265246517402165
214,287,0.015130706607788839
214,16,0.0
214,310,0.0
214,362,0.0
214,59,0.0
214,17,0.0
192,119,0.7954768702825008
192,94,0.1961451078526795
192,200,0.13866425042153957
192,287,0.08122377786151963
192,189,0.040277775019910846
192,362,0.0
192,310,0.0
192,17,0.0
192,59,0.0
192,16,0.0
278,399,1.4650903967096802
278,264,0.5098792494067758
278,119,0.04086449465751493
278,476,0.0
278,189,0.0
278,362,0.0
278,16,0.0
278,59,0.0
278,17,0.0
278,310,0.0
319,20,0.10077488635244547
319,399,0.0826159862532664
319,119,0.0
319,476,0.0
319,189,0.0
319,17,0.0
319,200,0.0
319,362,0.0
319,16,0.0
319,310,0.0
186,189,1.5487386161369856
186,20,1.4207046585189265
186,119,1.306269084213595
186,476,0.0
186,200,0.0
186,17,0.0
186,310,0.0
186,94,0.0
186,16,0.0
186,59,0.0
234,119,0.7845295651111449
234,264,0.6645737833956891
234,20,0.10361989664890099
234,399,0.0
234,476,0.0
234,200,0.0
234,362,0.0
234,16,0.0
234,189,0.0
234,17,0.0
330,119,0.7845295651111449
330,264,0.6645737833956891
330,20,0.10361989664890099
330,399,0.0
330,476,0.0
330,200,0.0
330,362,0.0
330,16,0.0
330,189,0.0
330,17,0.0
378,119,1.306269084213595
378,264,0.6337043953353398
378,20,0.17670505647025883
378,189,0.07048610628484397
378,287,0.015130706607788839
378,200,0.0
378,17,0.0
378,362,0.0
378,16,0.0
378,310,0.0
394,119,0.0
394,20,0.0
394,399,0.0
394,476,0.0
394,264,0.0
394,200,0.0
394,189,0.0
394,362,0.0
394,17,0.0
394,16,0.0
295,79,0.12477615120384802
295,287,0.108866489699889
295,20,0.0
295,476,0.0
295,399,0.0
295,362,0.0
295,264,0.0
295,200,0.0
295,189,0.0
295,17,0.0
241,119,1.306269084213595
241,264,0.6337043953353398
241,20,0.17670505647025883
241,189,0.07048610628484397
241,287,0.015130706607788839
241,200,0.0
241,17,0.0
241,362,0.0
241,16,0.0
241,310,0.0
132,79,1.2409843070340545
132,264,0.47365327497450616
132,20,0.24600105740915487
132,476,0.0
132,362,0.0
132,399,0.0
132,17,0.0
132,16,0.0
132,200,0.0
132,189,0.0
222,94,0.45440219696708306
222,20,0.40823407719654753
222,200,0.19591120581097052
222,255,0.14872428728040982
222,476,0.0
222,362,0.0
222,399,0.0
222,17,0.0
222,264,0.0
222,189,0.0
224,94,0.45440219696708306
224,20,0.40823407719654753
224,200,0.19591120581097052
224,255,0.14872428728040982
224,476,0.0
224,362,0.0
224,399,0.0
224,17,0.0
224,264,0.0
224,189,0.0
303,20,0.20154977270489094
303,399,0.1652319725065328
303,119,0.0
303,476,0.0
303,189,0.0
303,17,0.0
303,200,0.0
303,362,0.0
303,16,0.0
303,310,0.0
217,94,0.8527649470057259
217,399,0.8055328981861504
217,20,0.5729540883812744
217,264,0.1605424222528148
217,189,0.10564246142894271
217,200,0.0
217,17,0.0
217,362,0.0
217,16,0.0
217,310,0.0
293,399,0.8139391092831556
293,20,0.802192670304095
293,264,0.2708286450248532
293,119,0.0
293,476,0.0
293,200,0.0
293,362,0.0
293,16,0.0
293,189,0.0
293,17,0.0
240,119,0.9820867394558715
240,287,0.09489085310319921
240,189,0.050347218774888555
240,200,0.031667826403490876
240,476,0.0
240,362,0.0
240,17,0.0
240,59,0.0
240,16,0.0
240,94,0.0
158,119,1.306269084213595
158,264,0.6337043953353398
158,20,0.17670505647025883
158,189,0.07048610628484397
158,287,0.015130706607788839
158,200,0.0
158,17,0.0
158,362,0.0
158,16,0.0
158,310,0.0
204,119,0.04086449465751493
204,399,0.0
204,264,0.0
204,476,0.0
204,17,0.0
204,200,0.0
204,189,0.0
204,362,0.0
204,16,0.0
204,310,0.0
294,119,1.759063874241834
294,20,0.6321064392706194
294,189,0.5130176116376625
294,399,0.34470640872668484
294,200,0.1434434854028801
294,255,0.07613995353678471
294,17,0.0
294,16,0.0
294,362,0.0
294,310,0.0
367,20,0.48660722235721443
367,119,0.4483026086349399
367,399,0.1487087752558795
367,476,0.0
367,200,0.0
367,189,0.0
367,17,0.0
367,310,0.0
367,362,0.0
367,16,0.0
77,119,1.306269084213595
77,20,0.35809985190466065
77,189,0.07048610628484397
77,287,0.015130706607788839
77,200,0.0
77,16,0.0
77,362,0.0
77,310,0.0
77,59,0.0
77,17,0.0
337,94,1.5141087232856154
337,287,1.2082834617908882
337,119,0.7051455086784219
337,200,0.4732077515311671
337,399,0.24140792652154508
337,79,0.08318410080256534
337,16,0.0
337,59,0.0
337,362,0.0
337,17,0.0
138,189,1.2670735798732644
138,264,0.7613712012248421
138,399,0.5552860395102128
138,287,0.17354526830142972
138,20,0.0
138,476,0.0
138,200,0.0
138,17,0.0
138,310,0.0
138,16,0.0
226,119,0.0
226,20,0.0
226,399,0.0
226,476,0.0
226,264,0.0
226,200,0.0
226,189,0.0
226,362,0.0
226,17,0.0
226,16,0.0
399,119,1.799928368899349
399,189,0.5130176116376625
399,264,0.27827608925586267
399,399,0.22904402797211187
399,200,0.1434434854028801
399,255,0.07613995353678471
399,17,0.0
399,16,0.0
399,362,0.0
399,310,0.0
243,94,0.47375830389206997
243,399,0.44751827677008355
243,20,0.3183078268784858
243,264,0.11717484503744707
243,189,0.05869025634941262
243,16,0.0
243,310,0.0
243,362,0.0
243,59,0.0
243,17,0.0
124,119,0.7845295651111449
124,264,0.6645737833956891
124,20,0.10361989664890099
124,399,0.0
124,476,0.0
124,200,0.0
124,362,0.0
124,16,0.0
124,189,0.0
124,17,0.0
126,20,0.14108484089342366
126,399,0.11566238075457295
126,119,0.0
126,476,0.0
126,189,0.0
126,17,0.0
126,200,0.0
126,362,0.0
126,16,0.0
126,310,0.0
276,119,0.0
276,20,0.0
276,399,0.0
276,476,0.0
276,264,0.0
276,200,0.0
276,189,0.0
276,362,0.0
276,17,0.0
276,16,0.0
112,119,0.0
112,20,0.0
112,399,0.0
112,476,0.0
112,264,0.0
112,200,0.0
112,189,0.0
112,362,0.0
112,17,0.0
112,16,0.0
311,94,1.976945423149404
311,287,1.577433894697133
311,264,0.9000501199724344
311,255,0.6292560290248663
311,200,0.45431351205920506
311,20,0.34197303293276954
311,399,0.238187910402418
311,17,0.0
311,16,0.0
311,189,0.0
244,399,0.6526843128786731
244,94,0.5685099646704839
244,189,0.07042830761929514
244,476,0.0
244,362,0.0
244,200,0.0
244,310,0.0
244,17,0.0
244,16,0.0
244,59,0.0
72,119,1.306269084213595
72,264,0.6337043953353398
72,20,0.17670505647025883
72,189,0.07048610628484397
72,287,0.015130706607788839
72,200,0.0
72,17,0.0
72,362,0.0
72,16,0.0
72,310,0.0
202,264,1.029399368779049
202,94,0.6632616254488979
202,189,0.15265246517402165
202,200,0.025334261122792703
202,476,0.0
202,362,0.0
202,17,0.0
202,59,0.0
202,134,0.0
202,16,0.0
122,119,0.0
122,20,0.0
122,399,0.0
122,476,0.0
122,264,0.0
122,200,0.0
122,189,0.0
122,362,0.0
122,17,0.0
122,16,0.0
81,189,1.0558946498943869
81,264,0.6344760010207018
81,399,0.4627383662585107
81,287,0.1446210569178581
81,20,0.0
81,476,0.0
81,200,0.0
81,17,0.0
81,310,0.0
81,16,0.0
261,94,2.19660602572156
261,287,1.7527043274412588
261,255,0.6991733655831849
261,20,0.5815198092968571
261,399,0.4298852062869972
261,16,0.0
261,310,0.0
261,362,0.0
261,189,0.0
261,17,0.0
264,94,0.3432539387421891
264,200,0.24266243823769423
264,16,0.0
264,20,0.0
264,399,0.0
264,476,0.0
264,264,0.0
264,189,0.0
264,362,0.0
264,17,0.0
102,94,0.5685099646704839
102,399,0.5370219321241002
102,20,0.3819693922541829
102,264,0.10702828150187652
102,189,0.07042830761929514
102,200,0.0
102,17,0.0
102,362,0.0
102,16,0.0
102,310,0.0
232,119,0.0
232,20,0.0
232,399,0.0
232,476,0.0
232,264,0.0
232,200,0.0
232,189,0.0
232,362,0.0
232,17,0.0
232,16,0.0
263,399,0.06609278900261312
263,119,0.04086449465751493
263,476,0.0
263,200,0.0
263,362,0.0
263,16,0.0
263,189,0.0
263,17,0.0
263,310,0.0
263,59,0.0
268,119,0.0
268,20,0.0
268,399,0.0
268,476,0.0
268,264,0.0
268,200,0.0
268,189,0.0
268,362,0.0
268,17,0.0
268,16,0.0
396,79,0.05545606720171023
396,287,0.048385106533284004
396,119,0.03269159572601195
396,264,0.02238768836203998
396,16,0.0
396,310,0.0
396,476,0.0
396,59,0.0
396,362,0.0
396,17,0.0
397,119,0.04086449465751493
397,399,0.0
397,264,0.0
397,476,0.0
397,17,0.0
397,200,0.0
397,189,0.0
397,362,0.0
397,16,0.0
397,310,0.0
129,20,0.18139479543440185
129,399,0.1487087752558795
129,119,0.0
129,476,0.0
129,189,0.0
129,17,0.0
129,200,0.0
129,362,0.0
129,16,0.0
129,310,0.0
333,20,0.7963902703441046
333,94,0.47375830389206997
333,189,0.11910691887927889
333,287,0.012969177092390434
333,362,0.0
333,310,0.0
333,200,0.0
333,59,0.0
333,17,0.0
333,16,0.0
369,287,0.072577659799926
369,16,0.0
369,20,0.0
369,399,0.0
369,476,0.0
369,264,0.0
369,200,0.0
369,189,0.0
369,362,0.0
369,17,0.0
259,399,1.1395147529964178
259,264,0.37916010303479447
259,119,0.057210292520520914
259,476,0.0
259,200,0.0
259,189,0.0
259,17,0.0
259,310,0.0
259,362,0.0
259,16,0.0
161,94,0.1961451078526795
161,399,0.06609278900261312
161,119,0.03269159572601195
161,476,0.0
161,189,0.0
161,17,0.0
161,310,0.0
161,362,0.0
161,16,0.0
161,59,0.0
403,189,2.2409656624230303
403,264,1.9918466319616406
403,94,0.47375830389206997
403,287,0.304372820443505
403,476,0.0
403,17,0.0
403,200,0.0
403,59,0.0
403,16,0.0
403,310,0.0
258,94,0.6699034117447494
258,264,0.5918704046057964
258,399,0.44751827677008355
258,20,0.39232203877055793
258,189,0.05869025634941262
258,16,0.0
258,310,0.0
258,362,0.0
258,59,0.0
258,17,0.0
215,119,0.0
215,20,0.0
215,399,0.0
215,476,0.0
215,264,0.0
215,200,0.0
215,189,0.0
215,362,0.0
215,17,0.0
215,16,0.0
164,264,0.5525954874702571
164,20,0.28700123364401403
164,119,0.0
164,476,0.0
164,399,0.0
164,362,0.0
164,16,0.0
164,200,0.0
164,189,0.0
164,17,0.0
357,20,0.18139479543440185
357,399,0.1487087752558795
357,119,0.0
357,476,0.0
357,189,0.0
357,17,0.0
357,200,0.0
357,362,0.0
357,16,0.0
357,310,0.0
190,264,0.541836231252997
190,94,0.47375830389206997
190,20,0.44452572435724214
190,189,0.10903747512430118
190,287,0.010807647576992027
190,16,0.0
190,310,0.0
190,362,0.0
190,59,0.0
190,17,0.0
307,119,0.057210292520520914
307,399,0.0
307,264,0.0
307,476,0.0
307,17,0.0
307,200,0.0
307,189,0.0
307,362,0.0
307,16,0.0
307,310,0.0
238,79,1.4478150248730635
238,264,0.5525954874702571
238,20,0.28700123364401403
238,476,0.0
238,362,0.0
238,399,0.0
238,17,0.0
238,16,0.0
238,200,0.0
238,189,0.0
165,94,0.7580132862273119
165,399,0.7160292428321336
165,20,0.5092925230055773
165,264,0.14270437533583535
165,189,0.09390441015906019
165,200,0.0
165,17,0.0
165,362,0.0
165,16,0.0
165,310,0.0
225,94,0.8527649470057259
225,399,0.8055328981861504
225,20,0.5729540883812744
225,264,0.1605424222528148
225,189,0.10564246142894271
225,200,0.0
225,17,0.0
225,362,0.0
225,16,0.0
225,310,0.0
242,119,0.0
242,20,0.0
242,399,0.0
242,476,0.0
242,264,0.0
242,200,0.0
242,189,0.0
242,362,0.0
242,17,0.0
242,16,0.0
338,94,0.9475166077841399
338,189,0.15765828771873608
338,287,0.008646118061593622
338,476,0.0
338,17,0.0
338,362,0.0
338,16,0.0
338,310,0.0
338,59,0.0
338,134,0.0
326,119,0.0
326,20,0.0
326,399,0.0
326,476,0.0
326,264,0.0
326,200,0.0
326,189,0.0
326,362,0.0
326,17,0.0
326,16,0.0
96,119,0.07355609038352688
96,399,0.0
96,264,0.0
96,476,0.0
96,17,0.0
96,200,0.0
96,189,0.0
96,362,0.0
96,16,0.0
96,310,0.0
94,189,0.8447157199155095
94,264,0.5075808008165614
94,399,0.37019069300680857
94,287,0.11569684553428648
94,20,0.0
94,476,0.0
94,200,0.0
94,17,0.0
94,310,0.0
94,16,0.0
123,119,0.04086449465751493
123,399,0.0
123,264,0.0
123,476,0.0
123,17,0.0
123,200,0.0
123,189,0.0
123,362,0.0
123,16,0.0
123,310,0.0
392,20,1.0655420212141842
392,399,0.7172440764291377
392,94,0.1961451078526795
392,119,0.0
392,476,0.0
392,362,0.0
392,16,0.0
392,189,0.0
392,17,0.0
392,59,0.0
343,79,0.08318410080256534
343,287,0.072577659799926
343,264,0.02238768836203998
343,476,0.0
343,17,0.0
343,399,0.0
343,16,0.0
343,310,0.0
343,189,0.0
343,362,0.0
120,119,0.0
120,20,0.0
120,399,0.0
120,476,0.0
120,264,0.0
120,200,0.0
120,189,0.0
120,362,0.0
120,17,0.0
120,16,0.0
344,119,0.8417398576316658
344,264,0.6645737833956891
344,94,0.45440219696708306
344,200,0.19591120581097052
344,255,0.14872428728040982
344,310,0.0
344,59,0.0
344,476,0.0
344,189,0.0
344,362,0.0
213,119,0.48916710329245483
213,264,0.3797564476546795
213,287,0.06726656442096575
213,200,0.025334261122792703
213,17,0.0
213,16,0.0
213,476,0.0
213,59,0.0
213,189,0.0
213,362,0.0
305,119,0.04086449465751493
305,399,0.0
305,264,0.0
305,476,0.0
305,17,0.0
305,200,0.0
305,189,0.0
305,362,0.0
305,16,0.0
305,310,0.0
314,119,0.0
314,20,0.0
314,399,0.0
314,476,0.0
314,264,0.0
314,200,0.0
314,189,0.0
314,362,0.0
314,17,0.0
314,16,0.0
75,399,0.9767269311397868
75,20,0.9626312043649141
75,264,0.32499437402982384
75,119,0.0
75,476,0.0
75,200,0.0
75,362,0.0
75,16,0.0
75,189,0.0
75,17,0.0
262,119,0.0
262,20,0.0
262,399,0.0
262,476,0.0
262,264,0.0
262,200,0.0
262,189,0.0
262,362,0.0
262,17,0.0
262,16,0.0
216,94,0.18950332155682797
216,399,0.1790073107080334
216,20,0.12732313075139431
216,264,0.03567609383395884
216,189,0.023476102539765047
216,200,0.0
216,17,0.0
216,362,0.0
216,16,0.0
216,310,0.0
220,119,0.0
220,20,0.0
220,399,0.0
220,476,0.0
220,264,0.0
220,200,0.0
220,189,0.0
220,362,0.0
220,17,0.0
220,16,0.0
377,399,0.9767269311397868
377,264,0.32499437402982384
377,119,0.03269159572601195
377,476,0.0
377,200,0.0
377,189,0.0
377,17,0.0
377,310,0.0
377,362,0.0
377,16,0.0
316,189,0.6539320255418015
316,200,0.1434434854028801
316,255,0.07613995353678471
316,287,0.015130706607788839
316,134,0.0
316,362,0.0
316,16,0.0
316,59,0.0
316,17,0.0
316,310,0.0
209,119,3.0653329584554294
209,264,0.9119804845912025
209,20,0.6677266548474545
209,189,0.5835037179225064
209,200,0.1434434854028801
209,255,0.07613995353678471
209,287,0.015130706607788839
209,16,0.0
209,310,0.0
209,362,0.0
265,119,0.0
265,20,0.0
265,399,0.0
265,476,0.0
265,264,0.0
265,200,0.0
265,189,0.0
265,362,0.0
265,17,0.0
265,16,0.0
167,399,0.13218557800522623
167,119,0.03269159572601195
167,476,0.0
167,200,0.0
167,362,0.0
167,16,0.0
167,189,0.0
167,17,0.0
167,310,0.0
167,59,0.0
178,94,0.5685099646704839
178,399,0.5370219321241002
178,20,0.3819693922541829
178,264,0.10702828150187652
178,189,0.07042830761929514
178,200,0.0
178,17,0.0
178,362,0.0
178,16,0.0
178,310,0.0
289,119,0.04903739358901792
289,399,0.0
289,264,0.0
289,476,0.0
289,17,0.0
289,200,0.0
289,189,0.0
289,362,0.0
289,16,0.0
289,310,0.0
287,20,0.10077488635244547
287,399,0.0826159862532664
287,119,0.0
287,476,0.0
287,189,0.0
287,17,0.0
287,200,0.0
287,362,0.0
287,16,0.0
287,310,0.0
380,399,0.09913918350391968
380,119,0.04903739358901792
380,476,0.0
380,200,0.0
380,362,0.0
380,16,0.0
380,189,0.0
380,17,0.0
380,310,0.0
380,59,0.0
356,20,0.10077488635244547
356,399,0.0826159862532664
356,119,0.0
356,476,0.0
356,189,0.0
356,17,0.0
356,200,0.0
356,362,0.0
356,16,0.0
356,310,0.0
354,20,0.10077488635244547
354,399,0.0826159862532664
354,119,0.0
354,476,0.0
354,189,0.0
354,17,0.0
354,200,0.0
354,362,0.0
354,16,0.0
354,310,0.0
376,119,0.7845295651111449
376,264,0.6645737833956891
376,20,0.10361989664890099
376,399,0.0
376,476,0.0
376,200,0.0
376,362,0.0
376,16,0.0
376,189,0.0
376,17,0.0
346,119,0.9330493458668536
346,264,0.4526459966680999
346,20,0.1262178974787563
346,189,0.050347218774888555
346,287,0.010807647576992027
346,200,0.0
346,17,0.0
346,362,0.0
346,16,0.0
346,310,0.0
101,94,0.47375830389206997
101,399,0.44751827677008355
101,20,0.3183078268784858
101,264,0.0891902345848971
101,189,0.05869025634941262
101,200,0.0
101,17,0.0
101,362,0.0
101,16,0.0
101,310,0.0
109,94,1.976945423149404
109,287,1.577433894697133
109,264,0.9000501199724344
109,255,0.6292560290248663
109,200,0.45431351205920506
109,20,0.34197303293276954
109,399,0.238187910402418
109,17,0.0
109,16,0.0
109,189,0.0
191,20,0.10077488635244547
191,399,0.0826159862532664
191,119,0.0
191,476,0.0
191,189,0.0
191,17,0.0
191,200,0.0
191,362,0.0
191,16,0.0
191,310,0.0
184,119,0.5603782607936749
184,264,0.47469555956834936
184,20,0.07401421189207213
184,399,0.0
184,476,0.0
184,200,0.0
184,362,0.0
184,16,0.0
184,189,0.0
184,17,0.0
352,119,0.057210292520520914
352,399,0.0
352,264,0.0
352,476,0.0
352,17,0.0
352,200,0.0
352,189,0.0
352,362,0.0
352,16,0.0
352,310,0.0
231,264,0.027984610452549977
231,119,0.0
231,20,0.0
231,399,0.0
231,476,0.0
231,310,0.0
231,189,0.0
231,362,0.0
231,17,0.0
231,16,0.0
187,79,0.08318410080256534
187,287,0.072577659799926
187,20,0.0
187,476,0.0
187,399,0.0
187,362,0.0
187,264,0.0
187,200,0.0
187,189,0.0
187,17,0.0
297,20,0.4439428622413972
297,287,0.08408320552620718
297,399,0.0826159862532664
297,200,0.031667826403490876
297,476,0.0
297,17,0.0
297,189,0.0
297,16,0.0
297,59,0.0
297,362,0.0
228,119,0.0
228,20,0.0
228,399,0.0
228,476,0.0
228,264,0.0
228,200,0.0
228,189,0.0
228,362,0.0
228,17,0.0
228,16,0.0
308,119,1.1196592150402243
308,264,0.5431751960017199
308,20,0.15146147697450757
308,189,0.06041666252986627
308,287,0.012969177092390434
308,200,0.0
308,17,0.0
308,362,0.0
308,16,0.0
308,310,0.0
139,20,0.12092986362293456
139,399,0.09913918350391968
139,119,0.0
139,476,0.0
139,189,0.0
139,17,0.0
139,200,0.0
139,362,0.0
139,16,0.0
139,310,0.0
373,94,0.29421766177901926
373,200,0.20799637563230935
373,16,0.0
373,20,0.0
373,399,0.0
373,476,0.0
373,264,0.0
373,189,0.0
373,362,0.0
373,17,0.0
168,20,0.12092986362293456
168,399,0.09913918350391968
168,119,0.0
168,476,0.0
168,189,0.0
168,17,0.0
168,200,0.0
168,362,0.0
168,16,0.0
168,310,0.0
400,119,0.7845295651111449
400,264,0.6645737833956891
400,20,0.10361989664890099
400,399,0.0
400,476,0.0
400,200,0.0
400,362,0.0
400,16,0.0
400,189,0.0
400,17,0.0
320,94,0.4903627696316987
320,200,0.34666062605384895
320,16,0.0
320,20,0.0
320,399,0.0
320,476,0.0
320,264,0.0
320,189,0.0
320,362,0.0
320,17,0.0
95,119,0.0
95,20,0.0
95,399,0.0
95,476,0.0
95,264,0.0
95,200,0.0
95,189,0.0
95,362,0.0
95,17,0.0
95,16,0.0
353,20,0.12092986362293456
353,399,0.09913918350391968
353,119,0.0
353,476,0.0
353,189,0.0
353,17,0.0
353,200,0.0
353,362,0.0
353,16,0.0
353,310,0.0
260,119,0.0
260,20,0.0
260,399,0.0
260,476,0.0
260,264,0.0
260,200,0.0
260,189,0.0
260,362,0.0
260,17,0.0
260,16,0.0
83,94,0.47375830389206997
83,399,0.44751827677008355
83,20,0.3183078268784858
83,264,0.0891902345848971
83,189,0.05869025634941262
83,200,0.0
83,17,0.0
83,362,0.0
83,16,0.0
83,310,0.0
250,94,0.37900664311365595
250,399,0.3580146214160668
250,264,0.07135218766791768
250,189,0.046952205079530095
250,200,0.0
250,16,0.0
250,362,0.0
250,310,0.0
250,59,0.0
250,17,0.0
395,119,0.04086449465751493
395,399,0.0
395,264,0.0
395,476,0.0
395,17,0.0
395,200,0.0
395,189,0.0
395,362,0.0
395,16,0.0
395,310,0.0
183,119,0.0
183,20,0.0
183,399,0.0
183,476,0.0
183,264,0.0
183,200,0.0
183,189,0.0
183,362,0.0
183,17,0.0
183,16,0.0
275,79,0.11091213440342046
275,287,0.09677021306656801
275,20,0.0
275,476,0.0
275,399,0.0
275,362,0.0
275,264,0.0
275,200,0.0
275,189,0.0
275,17,0.0
173,399,0.06609278900261312
173,119,0.03269159572601195
173,476,0.0
173,200,0.0
173,362,0.0
173,16,0.0
173,189,0.0
173,17,0.0
173,310,0.0
173,59,0.0
272,94,2.19660602572156
272,287,1.7527043274412588
272,264,1.0000556888582606
272,255,0.6991733655831849
272,200,0.5047927911768945
272,20,0.37997003659196615
272,399,0.26465323378046446
272,17,0.0
272,16,0.0
272,189,0.0
304,119,0.057210292520520914
304,399,0.0
304,264,0.0
304,476,0.0
304,17,0.0
304,200,0.0
304,189,0.0
304,362,0.0
304,16,0.0
304,310,0.0
318,119,0.057210292520520914
318,399,0.0
318,264,0.0
318,476,0.0
318,17,0.0
318,200,0.0
318,189,0.0
318,362,0.0
318,16,0.0
318,310,0.0
125,399,0.0826159862532664
125,119,0.03269159572601195
125,476,0.0
125,200,0.0
125,362,0.0
125,16,0.0
125,189,0.0
125,17,0.0
125,310,0.0
125,59,0.0
374,119,0.0
374,20,0.0
374,399,0.0
374,476,0.0
374,264,0.0
374,200,0.0
374,189,0.0
374,362,0.0
374,17,0.0
374,16,0.0
317,94,0.29421766177901926
317,200,0.20799637563230935
317,16,0.0
317,20,0.0
317,399,0.0
317,476,0.0
317,264,0.0
317,189,0.0
317,362,0.0
317,17,0.0
177,94,0.4903627696316987
177,200,0.34666062605384895
177,16,0.0
177,20,0.0
177,399,0.0
177,476,0.0
177,264,0.0
177,189,0.0
177,362,0.0
177,17,0.0
149,119,0.0
149,20,0.0
149,399,0.0
149,476,0.0
149,264,0.0
149,200,0.0
149,189,0.0
149,362,0.0
149,17,0.0
149,16,0.0
327,94,0.44132649266852886
327,200,0.31199456344846405
327,16,0.0
327,20,0.0
327,399,0.0
327,476,0.0
327,264,0.0
327,189,0.0
327,362,0.0
327,17,0.0
207,399,0.11566238075457295
207,119,0.057210292520520914
207,476,0.0
207,200,0.0
207,362,0.0
207,16,0.0
207,189,0.0
207,17,0.0
207,310,0.0
207,59,0.0
361,20,0.20154977270489094
361,399,0.1652319725065328
361,119,0.0
361,476,0.0
361,189,0.0
361,17,0.0
361,200,0.0
361,362,0.0
361,16,0.0
361,310,0.0
339,119,0.04903739358901792
339,399,0.0
339,264,0.0
339,476,0.0
339,17,0.0
339,200,0.0
339,189,0.0
339,362,0.0
339,16,0.0
339,310,0.0
351,399,0.6511512874265245
351,20,0.641754136243276
351,264,0.21666291601988255
351,119,0.0
351,476,0.0
351,200,0.0
351,362,0.0
351,16,0.0
351,189,0.0
351,17,0.0
266,119,0.0
266,20,0.0
266,399,0.0
266,476,0.0
266,264,0.0
266,200,0.0
266,189,0.0
266,362,0.0
266,17,0.0
266,16,0.0
386,119,0.03269159572601195
386,399,0.0
386,264,0.0
386,476,0.0
386,17,0.0
386,200,0.0
386,189,0.0
386,362,0.0
386,16,0.0
386,310,0.0
285,264,0.47365327497450616
285,287,0.072577659799926
285,119,0.03269159572601195
285,200,0.0
285,17,0.0
285,476,0.0
285,16,0.0
285,310,0.0
285,189,0.0
285,362,0.0
127,119,1.306269084213595
127,264,0.6337043953353398
127,20,0.17670505647025883
127,189,0.07048610628484397
127,287,0.015130706607788839
127,200,0.0
127,17,0.0
127,362,0.0
127,16,0.0
127,310,0.0
341,119,0.03269159572601195
341,399,0.0
341,264,0.0
341,476,0.0
341,17,0.0
341,200,0.0
341,189,0.0
341,362,0.0
341,16,0.0
341,310,0.0
130,287,0.072577659799926
130,16,0.0
130,20,0.0
130,399,0.0
130,476,0.0
130,264,0.0
130,200,0.0
130,189,0.0
130,362,0.0
130,17,0.0
364,119,0.04903739358901792
364,399,0.0
364,264,0.0
364,476,0.0
364,17,0.0
364,200,0.0
364,189,0.0
364,362,0.0
364,16,0.0
364,310,0.0
331,20,0.14108484089342366
331,399,0.11566238075457295
331,119,0.0
331,476,0.0
331,189,0.0
331,17,0.0
331,200,0.0
331,362,0.0
331,16,0.0
331,310,0.0
332,119,0.0
332,20,0.0
332,399,0.0
332,476,0.0
332,264,0.0
332,200,0.0
332,189,0.0
332,362,0.0
332,17,0.0
332,16,0.0
389,264,0.027984610452549977
389,119,0.0
389,20,0.0
389,399,0.0
389,476,0.0
389,310,0.0
389,189,0.0
389,362,0.0
389,17,0.0
389,16,0.0
146,94,0.6632616254488979
146,399,0.6265255874781169
146,20,0.4456309576298801
146,264,0.12486632841885593
146,189,0.08216635888917767
146,200,0.0
146,17,0.0
146,362,0.0
146,16,0.0
146,310,0.0
328,119,0.04086449465751493
328,399,0.0
328,264,0.0
328,476,0.0
328,17,0.0
328,200,0.0
328,189,0.0
328,362,0.0
328,16,0.0
328,310,0.0
322,119,0.0
322,20,0.0
322,399,0.0
322,476,0.0
322,264,0.0
322,200,0.0
322,189,0.0
322,362,0.0
322,17,0.0
322,16,0.0
181,119,0.08172898931502987
181,399,0.0
181,264,0.0
181,476,0.0
181,17,0.0
181,200,0.0
181,189,0.0
181,362,0.0
181,16,0.0
181,310,0.0
299,399,0.9767269311397868
299,20,0.9626312043649141
299,264,0.32499437402982384
299,119,0.0
299,476,0.0
299,200,0.0
299,362,0.0
299,16,0.0
299,189,0.0
299,17,0.0
313,119,0.0
313,20,0.0
313,399,0.0
313,476,0.0
313,264,0.0
313,200,0.0
313,189,0.0
313,362,0.0
313,17,0.0
313,16,0.0
245,20,0.10077488635244547
245,399,0.0826159862532664
245,119,0.0
245,476,0.0
245,189,0.0
245,17,0.0
245,200,0.0
245,362,0.0
245,16,0.0
245,310,0.0
393,119,0.0
393,20,0.0
393,399,0.0
393,476,0.0
393,264,0.0
393,200,0.0
393,189,0.0
393,362,0.0
393,17,0.0
393,16,0.0
324,399,0.0826159862532664
324,119,0.04903739358901792
324,476,0.0
324,200,0.0
324,362,0.0
324,16,0.0
324,189,0.0
324,17,0.0
324,310,0.0
324,59,0.0
74,119,0.9330493458668536
74,264,0.4526459966680999
74,20,0.1262178974787563
74,189,0.050347218774888555
74,287,0.010807647576992027
74,200,0.0
74,17,0.0
74,362,0.0
74,16,0.0
74,310,0.0
195,119,0.04086449465751493
195,399,0.0
195,264,0.0
195,476,0.0
195,17,0.0
195,200,0.0
195,189,0.0
195,362,0.0
195,16,0.0
195,310,0.0
239,119,0.04903739358901792
239,399,0.0
239,264,0.0
239,476,0.0
239,17,0.0
239,200,0.0
239,189,0.0
239,362,0.0
239,16,0.0
239,310,0.0
334,119,0.9330493458668536
334,264,0.4526459966680999
334,20,0.1262178974787563
334,189,0.050347218774888555
334,287,0.010807647576992027
334,200,0.0
334,17,0.0
334,362,0.0
334,16,0.0
334,310,0.0
118,79,1.4478150248730635
118,264,0.5525954874702571
118,20,0.28700123364401403
118,476,0.0
118,362,0.0
118,399,0.0
118,17,0.0
118,16,0.0
118,200,0.0
118,189,0.0
150,20,0.3431679758889517
150,287,0.08408320552620718
150,200,0.031667826403490876
150,16,0.0
150,476,0.0
150,399,0.0
150,362,0.0
150,264,0.0
150,189,0.0
150,17,0.0
