448,119,3.255190013288955
448,20,1.7440729615791561
448,22,0.22592791821931205
448,255,0.2013330100839243
448,476,0.0
448,79,0.0
448,284,0.0
448,78,0.0
448,352,0.0
448,416,0.0
444,94,0.4392654115523547
444,20,0.22770330512309583
444,399,0.17907664620801056
444,189,0.13104215885574433
444,264,0.0627580655070915
444,200,0.0
444,17,0.0
444,362,0.0
444,16,0.0
444,310,0.0
450,119,1.8408416851714067
450,20,0.7137225410171075
450,189,0.5477701192675577
450,264,0.48830018179997714
450,200,0.3229672747951684
450,255,0.1816789930304592
450,17,0.0
450,16,0.0
450,362,0.0
450,310,0.0
445,119,0.0
445,20,0.0
445,399,0.0
445,476,0.0
445,264,0.0
445,200,0.0
445,189,0.0
445,362,0.0
445,17,0.0
445,16,0.0
446,119,0.0
446,20,0.0
446,399,0.0
446,476,0.0
446,264,0.0
446,189,0.0
446,362,0.0
446,17,0.0
446,16,0.0
446,310,0.0
447,94,0.7961321532341724
447,200,0.5777790456361298
447,20,0.5671824874028895
447,119,0.5553903694192414
447,189,0.23169464450796323
447,287,0.18557473236192445
447,255,0.029481025580197624
447,134,0.0
447,17,0.0
447,59,0.0
449,119,0.0
449,20,0.0
449,399,0.0
449,476,0.0
449,264,0.0
449,200,0.0
449,189,0.0
449,362,0.0
449,17,0.0
449,16,0.0
522,352,2.68072186713415
522,399,2.6601733613461294
522,310,2.467923289390285
522,22,2.3616821297313866
522,287,1.9235021295972974
522,189,1.0072858338614747
522,255,0.7476766325695561
522,824,0.6417970316772201
522,125,0.44123545927808866
522,79,0.4027858494785256
524,20,0.554678739044145
524,287,0.22523561354425736
524,119,0.14209025701537747
524,59,0.0
524,476,0.0
524,362,0.0
524,16,0.0
524,189,0.0
524,17,0.0
524,310,0.0
516,399,2.2393279376897746
516,310,0.17512662290662098
516,476,0.0
516,17,0.0
516,362,0.0
516,134,0.0
516,16,0.0
516,59,0.0
516,78,0.0
516,22,0.0
619,189,0.8635118802525228
619,310,0.5990050643333433
619,287,0.16770280482098945
619,476,0.0
619,59,0.0
619,17,0.0
619,78,0.0
619,284,0.0
619,134,0.0
619,22,0.0
494,119,3.271557895788462
494,264,0.999611488593859
494,287,0.29386927773167143
494,255,0.07786242558448252
494,79,0.0
494,362,0.0
494,16,0.0
494,134,0.0
494,17,0.0
494,59,0.0
655,189,1.0318812647690778
655,200,0.4152436390223594
655,255,0.23358727675344754
655,287,0.15766492948098015
655,134,0.0
655,362,0.0
655,16,0.0
655,59,0.0
655,17,0.0
655,310,0.0
466,119,0.0
466,20,0.0
466,399,0.0
466,476,0.0
466,264,0.0
466,200,0.0
466,189,0.0
466,362,0.0
466,17,0.0
466,16,0.0
523,119,2.170519013154837
523,189,0.7825287418107967
523,264,0.568980940951737
523,200,0.4613818211359549
523,255,0.25954141861494173
523,399,0.1954035418781666
523,17,0.0
523,16,0.0
523,362,0.0
523,310,0.0
620,200,1.2645148201459304
620,255,0.23358727675344754
620,16,7.160520289888921E-4
620,476,0.0
620,59,0.0
620,17,0.0
620,78,0.0
620,134,0.0
620,79,0.0
620,22,0.0
570,94,0.4392654115523547
570,20,0.22770330512309583
570,399,0.17907664620801056
570,189,0.13104215885574433
570,264,0.0627580655070915
570,200,0.0
570,17,0.0
570,362,0.0
570,16,0.0
570,310,0.0
544,287,0.5129732966387035
544,310,0.17512662290662098
544,476,0.0
544,362,0.0
544,17,0.0
544,16,0.0
544,78,0.0
544,59,0.0
544,134,0.0
544,79,0.0
618,189,0.9991207250551417
618,255,0.23358727675344754
618,78,0.0
618,17,0.0
618,362,0.0
618,134,0.0
618,16,0.0
618,310,0.0
618,59,0.0
618,79,0.0
640,399,1.6630674063601658
640,264,1.020622406685685
640,287,0.37783192851214903
640,255,0.23358727675344754
640,310,0.17512662290662098
640,134,0.0
640,362,0.0
640,16,0.0
640,59,0.0
640,17,0.0
487,94,0.7687144702166208
487,20,0.3984807839654177
487,399,0.3133841308640185
487,189,0.22932377799755257
487,264,0.10982661463741011
487,200,0.0
487,17,0.0
487,362,0.0
487,16,0.0
487,310,0.0
610,94,0.9883471759927981
610,20,0.5123324365269656
610,399,0.40292245396802373
610,189,0.29484485742542477
610,264,0.14120564739095587
610,200,0.0
610,17,0.0
610,362,0.0
610,16,0.0
610,310,0.0
492,264,1.3377315252172874
492,200,0.9085286993166617
492,287,0.37783192851214903
492,255,0.23358727675344754
492,310,0.17512662290662098
492,134,0.0
492,362,0.0
492,16,0.0
492,59,0.0
492,17,0.0
569,94,2.992676400071981
569,399,1.6215117033258237
569,20,1.575228888630184
569,287,0.5354968579931292
569,310,0.17512662290662098
569,476,0.0
569,362,0.0
569,16,0.0
569,59,0.0
569,17,0.0
518,94,0.4392654115523547
518,20,0.22770330512309583
518,399,0.17907664620801056
518,189,0.13104215885574433
518,264,0.0627580655070915
518,200,0.0
518,17,0.0
518,362,0.0
518,16,0.0
518,310,0.0
481,94,1.0981635288808869
481,20,0.5692582628077396
481,399,0.4476916155200264
481,189,0.3276053971393608
481,264,0.15689516376772875
481,200,0.0
481,17,0.0
481,362,0.0
481,16,0.0
481,310,0.0
624,119,2.1481849282403678
624,94,1.5589227298393644
624,399,0.9477916383894
624,20,0.5247054826006909
624,200,0.3836661580066795
624,264,0.32231302566437703
624,287,0.29386927773167143
624,310,0.13620959559403853
624,16,0.0
624,362,0.0
514,94,0.9883471759927981
514,20,0.5123324365269656
514,399,0.40292245396802373
514,189,0.29484485742542477
514,264,0.14120564739095587
514,200,0.0
514,17,0.0
514,362,0.0
514,16,0.0
514,310,0.0
592,119,0.0
592,20,0.0
592,399,0.0
592,476,0.0
592,264,0.0
592,200,0.0
592,189,0.0
592,362,0.0
592,17,0.0
592,16,0.0
454,20,1.429975703548961
454,189,0.9991207250551417
454,264,0.6532884942475191
454,399,0.5787856416583737
454,200,0.4152436390223594
454,255,0.23358727675344754
454,17,0.0
454,16,0.0
454,362,0.0
454,310,0.0
486,94,0.6588981173285321
486,20,0.3415549576846437
486,399,0.26861496931201584
486,189,0.1965632382836165
486,264,0.09413709826063724
486,200,0.0
486,17,0.0
486,362,0.0
486,16,0.0
486,310,0.0
560,119,1.9271523767657772
560,20,0.9176432670219954
560,189,0.704275867629717
560,264,0.5120828468565632
560,200,0.4152436390223594
560,255,0.23358727675344754
560,399,0.17586318769034995
560,362,0.0
560,17,0.0
560,16,0.0
489,94,1.163867438840095
489,200,0.35545353945368857
489,189,0.319871973503951
489,399,0.3133841308640185
489,264,0.18255053133386948
489,476,0.0
489,16,0.0
489,362,0.0
489,59,0.0
489,17,0.0
477,94,2.992676400071981
477,399,1.6215117033258237
477,264,0.5556081089594406
477,200,0.49328506029430225
477,287,0.37783192851214903
477,310,0.17512662290662098
477,362,0.0
477,59,0.0
477,17,0.0
477,16,0.0
612,119,1.9271523767657772
612,20,0.9176432670219954
612,189,0.704275867629717
612,264,0.5120828468565632
612,200,0.4152436390223594
612,255,0.23358727675344754
612,399,0.17586318769034995
612,362,0.0
612,17,0.0
612,16,0.0
451,399,1.8169152452039903
451,287,0.467926173929852
451,255,0.25954141861494173
451,22,0.0
451,17,0.0
451,362,0.0
451,134,0.0
451,16,0.0
451,59,0.0
451,78,0.0
639,20,1.958097700621578
639,189,0.9991207250551417
639,264,0.8350982859886675
639,200,0.7953258864719114
639,399,0.5787856416583737
639,476,0.0
639,17,0.0
639,362,0.0
639,16,0.0
639,310,0.0
654,20,0.7298300750155452
654,94,0.6588981173285321
654,189,0.1965632382836165
654,287,0.15766492948098015
654,476,0.0
654,362,0.0
654,16,0.0
654,59,0.0
654,17,0.0
654,310,0.0
607,119,0.5699089868855964
607,264,0.1500225385562687
607,20,0.0
607,200,0.0
607,476,0.0
607,17,0.0
607,310,0.0
607,189,0.0
607,362,0.0
607,16,0.0
471,20,1.429975703548961
471,189,0.9991207250551417
471,264,0.6532884942475191
471,399,0.5787856416583737
471,200,0.4152436390223594
471,255,0.23358727675344754
471,17,0.0
471,16,0.0
471,362,0.0
471,310,0.0
657,94,0.9883471759927981
657,264,0.3512372013697321
657,189,0.29484485742542477
657,476,0.0
657,362,0.0
657,16,0.0
657,59,0.0
657,17,0.0
657,310,0.0
657,287,0.0
632,94,0.7687144702166208
632,20,0.3984807839654177
632,399,0.3133841308640185
632,189,0.22932377799755257
632,264,0.10982661463741011
632,200,0.0
632,17,0.0
632,362,0.0
632,16,0.0
632,310,0.0
578,264,1.383425549305314
578,200,0.9085286993166617
578,287,0.37783192851214903
578,255,0.23358727675344754
578,310,0.17512662290662098
578,134,0.0
578,362,0.0
578,16,0.0
578,59,0.0
578,17,0.0
660,20,1.6518471991666188
660,189,0.9991207250551417
660,399,0.5787856416583737
660,200,0.4152436390223594
660,255,0.23358727675344754
660,287,0.09009424541770295
660,310,0.0
660,59,0.0
660,362,0.0
660,17,0.0
519,94,0.9883471759927981
519,20,0.5123324365269656
519,399,0.40292245396802373
519,189,0.29484485742542477
519,264,0.14120564739095587
519,200,0.0
519,17,0.0
519,362,0.0
519,16,0.0
519,310,0.0
588,119,0.06768872955563829
588,287,0.06757068406327721
588,59,0.0
588,200,0.0
588,476,0.0
588,16,0.0
588,189,0.0
588,362,0.0
588,17,0.0
588,310,0.0
605,94,0.9883471759927981
605,399,0.40292245396802373
605,189,0.29484485742542477
605,264,0.14120564739095587
605,200,0.0
605,16,0.0
605,362,0.0
605,310,0.0
605,59,0.0
605,17,0.0
540,119,0.037592478676537554
540,399,0.0
540,264,0.0
540,476,0.0
540,17,0.0
540,200,0.0
540,189,0.0
540,362,0.0
540,16,0.0
540,310,0.0
653,20,0.332807243426487
653,287,0.13514136812655442
653,119,0.0852541542092265
653,310,0.0
653,476,0.0
653,189,0.0
653,17,0.0
653,200,0.0
653,362,0.0
653,16,0.0
535,94,0.9883471759927981
535,20,0.5123324365269656
535,399,0.40292245396802373
535,189,0.29484485742542477
535,264,0.14120564739095587
535,200,0.0
535,17,0.0
535,362,0.0
535,16,0.0
535,310,0.0
484,189,0.9991207250551417
484,264,0.6532884942475191
484,399,0.5787856416583737
484,200,0.4152436390223594
484,255,0.23358727675344754
484,16,0.0
484,310,0.0
484,362,0.0
484,59,0.0
484,17,0.0
566,20,1.429975703548961
566,189,0.9991207250551417
566,264,0.6532884942475191
566,399,0.5787856416583737
566,255,0.23358727675344754
566,16,0.0
566,310,0.0
566,362,0.0
566,59,0.0
566,17,0.0
591,94,0.9883471759927981
591,20,0.5123324365269656
591,264,0.32123269365847834
591,189,0.29484485742542477
591,200,0.0
591,16,0.0
591,362,0.0
591,310,0.0
591,59,0.0
591,17,0.0
611,255,0.5463436224856317
611,264,0.5281145724483094
611,287,0.2555024245449026
611,200,0.24326582513626285
611,310,0.18914483043228603
611,352,0.06068834801092628
611,94,0.014725398346791653
611,16,0.0
611,399,0.0
611,189,0.0
525,20,1.9291865686886915
525,189,0.9991207250551417
525,255,0.23358727675344754
525,287,0.20271205218983163
525,134,0.0
525,362,0.0
525,16,0.0
525,59,0.0
525,17,0.0
525,310,0.0
635,94,0.4392654115523547
635,399,0.17907664620801056
635,189,0.13104215885574433
635,264,0.0627580655070915
635,476,0.0
635,362,0.0
635,17,0.0
635,310,0.0
635,16,0.0
635,59,0.0
609,255,0.6374008928999036
609,287,0.29808616196905297
609,200,0.28381012932564
609,310,0.22066896883766704
609,352,0.07080307267941399
609,264,0.052362199399564824
609,17,0.0
609,16,0.0
609,399,0.0
609,189,0.0
483,94,2.992676400071981
483,399,1.6215117033258237
483,20,1.1869537712992826
483,264,0.5556081089594406
483,200,0.49328506029430225
483,287,0.37783192851214903
483,310,0.17512662290662098
483,59,0.0
483,362,0.0
483,17,0.0
458,200,0.3559861208292686
458,189,0.1584593421361973
458,119,0.0
458,20,0.0
458,399,0.0
458,476,0.0
458,264,0.0
458,362,0.0
458,17,0.0
458,16,0.0
496,200,0.10171032023693388
496,189,0.04527409775319923
496,119,0.0
496,20,0.0
496,399,0.0
496,476,0.0
496,264,0.0
496,362,0.0
496,17,0.0
496,16,0.0
642,94,0.22113712166660376
642,287,0.09009424541770295
642,119,0.07772081318200519
642,200,0.0760164494899104
642,16,0.0
642,310,0.0
642,476,0.0
642,59,0.0
642,362,0.0
642,17,0.0
526,94,0.9883471759927981
526,20,0.5123324365269656
526,399,0.40292245396802373
526,189,0.29484485742542477
526,264,0.14120564739095587
526,200,0.0
526,17,0.0
526,362,0.0
526,16,0.0
526,310,0.0
459,119,1.9271523767657772
459,20,0.9176432670219954
459,189,0.704275867629717
459,264,0.5120828468565632
459,200,0.4152436390223594
459,255,0.23358727675344754
459,399,0.17586318769034995
459,362,0.0
459,17,0.0
459,16,0.0
616,94,1.0981635288808869
616,20,0.5692582628077396
616,399,0.4476916155200264
616,189,0.3276053971393608
616,264,0.15689516376772875
616,200,0.0
616,17,0.0
616,362,0.0
616,16,0.0
616,310,0.0
641,119,0.0
641,20,0.0
641,399,0.0
641,476,0.0
641,264,0.0
641,189,0.0
641,362,0.0
641,17,0.0
641,16,0.0
641,310,0.0
478,94,2.992676400071981
478,399,1.6215117033258237
478,20,1.1869537712992826
478,264,0.5556081089594406
478,287,0.37783192851214903
478,310,0.17512662290662098
478,362,0.0
478,59,0.0
478,17,0.0
478,16,0.0
493,119,1.9271523767657772
493,20,0.9176432670219954
493,189,0.704275867629717
493,264,0.5120828468565632
493,200,0.4152436390223594
493,255,0.23358727675344754
493,399,0.17586318769034995
493,362,0.0
493,17,0.0
493,16,0.0
553,119,1.0258361763940735
553,264,0.2700405694012837
553,20,0.0
553,200,0.0
553,476,0.0
553,17,0.0
553,310,0.0
553,189,0.0
553,362,0.0
553,16,0.0
601,119,2.141280418628641
601,20,1.0196036300244393
601,189,0.7825287418107967
601,264,0.568980940951737
601,200,0.4613818211359549
601,255,0.25954141861494173
601,399,0.1954035418781666
601,362,0.0
601,17,0.0
601,16,0.0
583,119,0.025061652451025037
583,399,0.0
583,264,0.0
583,476,0.0
583,17,0.0
583,200,0.0
583,189,0.0
583,362,0.0
583,16,0.0
583,310,0.0
617,119,0.8271111761660308
617,94,0.7961321532341724
617,310,0.5134329122857229
617,264,0.2100315539787762
617,362,0.10835657240499694
617,255,0.029481025580197624
617,287,0.027909802880944315
617,189,0.0
617,59,0.0
617,17,0.0
576,119,1.0258361763940735
576,264,0.2700405694012837
576,20,0.0
576,200,0.0
576,476,0.0
576,17,0.0
576,310,0.0
576,189,0.0
576,362,0.0
576,16,0.0
464,119,0.5699089868855964
464,264,0.1500225385562687
464,20,0.0
464,200,0.0
464,476,0.0
464,17,0.0
464,310,0.0
464,189,0.0
464,362,0.0
464,16,0.0
474,20,1.429975703548961
474,189,0.9991207250551417
474,264,0.6532884942475191
474,399,0.5787856416583737
474,200,0.4152436390223594
474,255,0.23358727675344754
474,17,0.0
474,16,0.0
474,362,0.0
474,310,0.0
662,264,0.3865861497989459
662,94,0.011780318677433323
662,20,0.0
662,476,0.0
662,399,0.0
662,362,0.0
662,16,0.0
662,200,0.0
662,189,0.0
662,17,0.0
627,119,1.9271523767657772
627,20,0.9176432670219954
627,189,0.704275867629717
627,264,0.5120828468565632
627,200,0.4152436390223594
627,255,0.23358727675344754
627,399,0.17586318769034995
627,362,0.0
627,17,0.0
627,16,0.0
561,119,1.0258361763940735
561,264,0.2700405694012837
561,20,0.0
561,200,0.0
561,476,0.0
561,17,0.0
561,310,0.0
561,189,0.0
561,362,0.0
561,16,0.0
557,119,1.2847682511771847
557,20,0.6117621780146636
557,189,0.46951724508647796
557,264,0.34138856457104216
557,200,0.2768290926815729
557,255,0.15572485116896503
557,399,0.11724212512689997
557,362,0.0
557,17,0.0
557,16,0.0
634,119,0.0
634,20,0.0
634,399,0.0
634,476,0.0
634,264,0.0
634,200,0.0
634,189,0.0
634,362,0.0
634,17,0.0
634,16,0.0
606,94,0.9883471759927981
606,20,0.5123324365269656
606,399,0.40292245396802373
606,189,0.29484485742542477
606,264,0.14120564739095587
606,200,0.0
606,17,0.0
606,362,0.0
606,16,0.0
606,310,0.0
638,94,0.9883471759927981
638,20,0.5123324365269656
638,399,0.40292245396802373
638,189,0.29484485742542477
638,264,0.14120564739095587
638,200,0.0
638,17,0.0
638,362,0.0
638,16,0.0
638,310,0.0
565,119,1.9271523767657772
565,20,0.9176432670219954
565,189,0.704275867629717
565,264,0.5120828468565632
565,200,0.4152436390223594
565,255,0.23358727675344754
565,399,0.17586318769034995
565,362,0.0
565,17,0.0
565,16,0.0
633,119,0.037592478676537554
633,399,0.0
633,264,0.0
633,476,0.0
633,17,0.0
633,200,0.0
633,189,0.0
633,362,0.0
633,16,0.0
633,310,0.0
556,264,1.6651629114767097
556,20,0.5964400686316362
556,399,0.48617827919431766
556,119,0.11197328257847414
556,476,0.0
556,362,0.0
556,200,0.0
556,17,0.0
556,16,0.0
556,189,0.0
452,119,0.0
452,20,0.0
452,399,0.0
452,476,0.0
452,264,0.0
452,200,0.0
452,189,0.0
452,362,0.0
452,17,0.0
452,16,0.0
650,20,2.1007769055509002
650,264,2.0490049914479784
650,287,0.29386927773167143
650,310,0.13620959559403853
650,16,7.160520289888921E-4
650,476,0.0
650,17,0.0
650,59,0.0
650,134,0.0
650,79,0.0
550,94,0.9883471759927981
550,20,0.9560754277622816
550,189,0.29484485742542477
550,287,0.1801884908354059
550,362,0.0
550,310,0.0
550,200,0.0
550,59,0.0
550,17,0.0
550,16,0.0
651,189,1.0773735992362214
651,200,0.4613818211359549
651,255,0.25954141861494173
651,78,0.0
651,362,0.0
651,16,0.0
651,59,0.0
651,17,0.0
651,310,0.0
651,134,0.0
521,119,1.534417805885977
521,94,1.113516235599546
521,399,0.676994027421
521,20,0.37478963042906493
521,200,0.2740472557190568
521,264,0.2302235897602693
521,287,0.2099066269511939
521,310,0.0972925682814561
521,16,0.0
521,362,0.0
482,119,0.025061652451025037
482,399,0.0
482,264,0.0
482,476,0.0
482,17,0.0
482,200,0.0
482,189,0.0
482,362,0.0
482,16,0.0
482,310,0.0
479,119,0.0
479,20,0.0
479,399,0.0
479,476,0.0
479,264,0.0
479,200,0.0
479,189,0.0
479,362,0.0
479,17,0.0
479,16,0.0
546,119,0.5699089868855964
546,264,0.1500225385562687
546,20,0.0
546,200,0.0
546,476,0.0
546,17,0.0
546,310,0.0
546,189,0.0
546,362,0.0
546,16,0.0
539,119,1.2275342447087816
539,94,0.8908129884796369
539,399,0.5415952219368
539,20,0.29983170434325196
539,200,0.21923780457524544
539,264,0.18417887180821543
539,287,0.16792530156095511
539,310,0.07783405462516488
539,16,0.0
539,362,0.0
548,119,2.7619520505947586
548,94,2.004329224079183
548,399,1.2185892493577999
548,20,0.6746213347723169
548,200,0.49328506029430225
548,264,0.4144024615684847
548,287,0.37783192851214903
548,310,0.17512662290662098
548,16,0.0
548,362,0.0
603,20,1.429975703548961
603,189,0.9991207250551417
603,264,0.9233290636488027
603,255,0.23358727675344754
603,362,0.0
603,310,0.0
603,17,0.0
603,59,0.0
603,287,0.0
603,16,0.0
554,119,1.0258361763940735
554,264,0.2700405694012837
554,20,0.0
554,200,0.0
554,476,0.0
554,17,0.0
554,310,0.0
554,189,0.0
554,362,0.0
554,16,0.0
513,94,1.0981635288808869
513,20,0.5692582628077396
513,399,0.4476916155200264
513,189,0.3276053971393608
513,264,0.15689516376772875
513,200,0.0
513,17,0.0
513,362,0.0
513,16,0.0
513,310,0.0
552,119,2.7619520505947586
552,94,2.004329224079183
552,399,1.2185892493577999
552,20,0.6746213347723169
552,200,0.49328506029430225
552,264,0.4144024615684847
552,287,0.37783192851214903
552,310,0.17512662290662098
552,16,0.0
552,362,0.0
500,94,1.0981635288808869
500,20,0.5692582628077396
500,399,0.4476916155200264
500,189,0.3276053971393608
500,264,0.15689516376772875
500,200,0.0
500,17,0.0
500,362,0.0
500,16,0.0
500,310,0.0
648,119,0.0
648,20,0.0
648,399,0.0
648,476,0.0
648,264,0.0
648,200,0.0
648,189,0.0
648,362,0.0
648,17,0.0
648,16,0.0
520,119,1.2275342447087816
520,94,0.8908129884796369
520,399,0.5415952219368
520,20,0.29983170434325196
520,200,0.21923780457524544
520,264,0.18417887180821543
520,287,0.16792530156095511
520,310,0.07783405462516488
520,16,0.0
520,362,0.0
555,119,1.9271523767657772
555,20,0.9176432670219954
555,189,0.704275867629717
555,264,0.5120828468565632
555,200,0.4152436390223594
555,255,0.23358727675344754
555,399,0.17586318769034995
555,362,0.0
555,17,0.0
555,16,0.0
460,119,0.7978725816398349
460,264,0.2100315539787762
460,20,0.0
460,200,0.0
460,476,0.0
460,17,0.0
460,310,0.0
460,189,0.0
460,362,0.0
460,16,0.0
506,119,1.2275342447087816
506,94,0.8908129884796369
506,399,0.5415952219368
506,20,0.29983170434325196
506,200,0.21923780457524544
506,264,0.18417887180821543
506,287,0.16792530156095511
506,310,0.07783405462516488
506,16,0.0
506,362,0.0
649,119,0.008353884150341679
649,399,0.0
649,264,0.0
649,476,0.0
649,17,0.0
649,200,0.0
649,189,0.0
649,362,0.0
649,16,0.0
649,310,0.0
602,119,0.0
602,20,0.0
602,399,0.0
602,476,0.0
602,264,0.0
602,200,0.0
602,189,0.0
602,362,0.0
602,17,0.0
602,16,0.0
533,119,1.9271523767657772
533,20,0.9176432670219954
533,189,0.704275867629717
533,264,0.5120828468565632
533,200,0.4152436390223594
533,255,0.23358727675344754
533,399,0.17586318769034995
533,362,0.0
533,17,0.0
533,16,0.0
491,362,0.49298144036259123
491,200,0.3122526646896306
491,94,0.2880912891407757
491,20,0.2534749303857607
491,310,0.22554431110352996
491,264,0.19779051298441885
491,189,0.1108312673095797
491,17,0.0
491,16,0.0
491,399,0.0
621,310,0.9567834370703272
621,255,0.2581547980702789
621,476,0.0
621,17,0.0
621,78,0.0
621,59,0.0
621,79,0.0
621,284,0.0
621,352,0.0
621,416,0.0
498,119,0.0
498,20,0.0
498,399,0.0
498,476,0.0
498,264,0.0
498,200,0.0
498,189,0.0
498,362,0.0
498,17,0.0
498,16,0.0
590,119,1.142007124605521
590,287,0.15766492948098015
590,94,0.0
590,189,0.0
590,200,0.0
590,310,0.0
590,362,0.0
590,17,0.0
590,16,0.0
590,59,0.0
574,20,1.9291865686886915
574,189,0.9991207250551417
574,399,0.5787856416583737
574,200,0.4152436390223594
574,255,0.23358727675344754
574,287,0.20271205218983163
574,310,0.0
574,59,0.0
574,362,0.0
574,17,0.0
575,94,0.9883471759927981
575,20,0.5123324365269656
575,399,0.40292245396802373
575,189,0.29484485742542477
575,264,0.14120564739095587
575,200,0.0
575,17,0.0
575,362,0.0
575,16,0.0
575,310,0.0
453,200,0.3559861208292686
453,189,0.1584593421361973
453,119,0.0
453,20,0.0
453,399,0.0
453,476,0.0
453,264,0.0
453,362,0.0
453,17,0.0
453,16,0.0
564,119,0.0
564,20,0.0
564,399,0.0
564,476,0.0
564,264,0.0
564,200,0.0
564,189,0.0
564,362,0.0
564,17,0.0
564,16,0.0
562,119,1.9271523767657772
562,20,0.9176432670219954
562,189,0.704275867629717
562,264,0.5120828468565632
562,200,0.4152436390223594
562,255,0.23358727675344754
562,399,0.17586318769034995
562,362,0.0
562,17,0.0
562,16,0.0
643,119,1.9271523767657772
643,20,0.9176432670219954
643,189,0.704275867629717
643,264,0.5120828468565632
643,200,0.4152436390223594
643,255,0.23358727675344754
643,399,0.17586318769034995
643,362,0.0
643,17,0.0
643,16,0.0
501,119,1.9271523767657772
501,20,1.0667327420819854
501,200,0.7272089766575778
501,189,0.704275867629717
501,399,0.5363497685642521
501,264,0.5120828468565632
501,310,0.4278607602381024
501,255,0.2581547980702789
501,362,0.09029714367083079
501,287,0.023258169067453593
571,79,0.5255239351791682
571,287,0.3673697415459112
571,20,0.27868582135595177
571,476,0.0
571,362,0.0
571,399,0.0
571,17,0.0
571,264,0.0
571,200,0.0
571,189,0.0
508,119,0.0
508,20,0.0
508,399,0.0
508,476,0.0
508,264,0.0
508,200,0.0
508,189,0.0
508,362,0.0
508,17,0.0
508,16,0.0
656,119,1.9271523767657772
656,20,0.9176432670219954
656,189,0.704275867629717
656,264,0.5120828468565632
656,200,0.4152436390223594
656,255,0.23358727675344754
656,399,0.17586318769034995
656,362,0.0
656,17,0.0
656,16,0.0
499,119,0.029238594526195878
499,399,0.0
499,264,0.0
499,476,0.0
499,17,0.0
499,200,0.0
499,189,0.0
499,362,0.0
499,16,0.0
499,310,0.0
637,119,0.037592478676537554
637,399,0.0
637,264,0.0
637,476,0.0
637,17,0.0
637,200,0.0
637,189,0.0
637,362,0.0
637,16,0.0
637,310,0.0
586,94,0.5490817644404434
586,399,0.2238458077600132
586,287,0.20271205218983163
586,189,0.1638026985696804
586,362,0.0
586,310,0.0
586,200,0.0
586,59,0.0
586,17,0.0
586,16,0.0
527,119,2.7619520505947586
527,94,2.004329224079183
527,399,1.2185892493577999
527,20,0.6746213347723169
527,200,0.49328506029430225
527,264,0.4144024615684847
527,287,0.37783192851214903
527,310,0.17512662290662098
527,16,0.0
527,362,0.0
626,119,0.008353884150341679
626,399,0.0
626,264,0.0
626,476,0.0
626,17,0.0
626,200,0.0
626,189,0.0
626,362,0.0
626,16,0.0
626,310,0.0
551,119,0.0
551,20,0.0
551,399,0.0
551,476,0.0
551,264,0.0
551,189,0.0
551,362,0.0
551,17,0.0
551,16,0.0
551,310,0.0
502,119,0.0
502,20,0.0
502,399,0.0
502,476,0.0
502,264,0.0
502,189,0.0
502,362,0.0
502,17,0.0
502,16,0.0
502,310,0.0
582,119,0.0
582,20,0.0
582,399,0.0
582,476,0.0
582,264,0.0
582,200,0.0
582,189,0.0
582,362,0.0
582,17,0.0
582,16,0.0
511,119,0.020884710375854196
511,399,0.0
511,264,0.0
511,476,0.0
511,17,0.0
511,200,0.0
511,189,0.0
511,362,0.0
511,16,0.0
511,310,0.0
573,119,0.0
573,20,0.0
573,399,0.0
573,476,0.0
573,264,0.0
573,200,0.0
573,189,0.0
573,362,0.0
573,17,0.0
573,16,0.0
462,119,0.0
462,20,0.0
462,399,0.0
462,476,0.0
462,264,0.0
462,200,0.0
462,189,0.0
462,362,0.0
462,17,0.0
462,16,0.0
604,119,1.9647448554423148
604,189,0.704275867629717
604,264,0.5120828468565632
604,200,0.4152436390223594
604,255,0.23358727675344754
604,399,0.17586318769034995
604,17,0.0
604,16,0.0
604,362,0.0
604,310,0.0
473,119,0.0
473,20,0.0
473,399,0.0
473,476,0.0
473,264,0.0
473,200,0.0
473,189,0.0
473,362,0.0
473,17,0.0
473,16,0.0
488,119,0.016707768300683358
488,399,0.0
488,264,0.0
488,476,0.0
488,17,0.0
488,200,0.0
488,189,0.0
488,362,0.0
488,16,0.0
488,310,0.0
558,119,1.4117918261381197
558,189,0.46951724508647796
558,200,0.2768290926815729
558,255,0.15572485116896503
558,287,0.13514136812655442
558,399,0.11724212512689997
558,310,0.0
558,59,0.0
558,362,0.0
558,17,0.0
613,119,0.0
613,20,0.0
613,399,0.0
613,476,0.0
613,264,0.0
613,200,0.0
613,189,0.0
613,362,0.0
613,17,0.0
613,16,0.0
547,94,0.9883471759927981
547,20,0.5123324365269656
547,264,0.41124621679223955
547,189,0.29484485742542477
547,200,0.0
547,16,0.0
547,362,0.0
547,310,0.0
547,59,0.0
547,17,0.0
505,119,0.0
505,20,0.0
505,399,0.0
505,476,0.0
505,264,0.0
505,189,0.0
505,362,0.0
505,17,0.0
505,16,0.0
505,310,0.0
595,119,0.0
595,20,0.0
595,399,0.0
595,476,0.0
595,264,0.0
595,200,0.0
595,189,0.0
595,362,0.0
595,17,0.0
595,16,0.0
658,94,0.9883471759927981
658,20,0.5123324365269656
658,399,0.40292245396802373
658,189,0.29484485742542477
658,264,0.14120564739095587
658,200,0.0
658,17,0.0
658,362,0.0
658,16,0.0
658,310,0.0
646,200,0.10171032023693388
646,189,0.04527409775319923
646,119,0.0
646,20,0.0
646,399,0.0
646,476,0.0
646,264,0.0
646,362,0.0
646,17,0.0
646,16,0.0
497,119,4.689104427360536
497,20,1.5922646017943123
497,399,1.39445243704815
497,264,0.926485308425048
497,200,0.9085286993166617
497,287,0.37783192851214903
497,255,0.23358727675344754
497,310,0.17512662290662098
497,16,0.0
497,362,0.0
596,119,0.0
596,20,0.0
596,399,0.0
596,476,0.0
596,264,0.0
596,200,0.0
596,189,0.0
596,362,0.0
596,17,0.0
596,16,0.0
628,20,0.332807243426487
628,287,0.13514136812655442
628,119,0.0852541542092265
628,310,0.0
628,476,0.0
628,189,0.0
628,17,0.0
628,200,0.0
628,362,0.0
628,16,0.0
630,119,0.0
630,20,0.0
630,399,0.0
630,476,0.0
630,264,0.0
630,200,0.0
630,189,0.0
630,362,0.0
630,17,0.0
630,16,0.0
455,119,0.020884710375854196
455,399,0.0
455,264,0.0
455,476,0.0
455,17,0.0
455,200,0.0
455,189,0.0
455,362,0.0
455,16,0.0
455,310,0.0
622,119,0.6844017356210188
622,287,0.13514136812655442
622,189,0.09409763266770985
622,16,7.160520289888921E-4
622,476,0.0
622,17,0.0
622,200,0.0
622,59,0.0
622,310,0.0
622,94,0.0
580,119,1.9271523767657772
580,20,0.9176432670219954
580,189,0.704275867629717
580,264,0.5120828468565632
580,200,0.4152436390223594
580,255,0.23358727675344754
580,399,0.17586318769034995
580,362,0.0
580,17,0.0
580,16,0.0
530,119,0.0
530,20,0.0
530,399,0.0
530,476,0.0
530,264,0.0
530,200,0.0
530,189,0.0
530,362,0.0
530,17,0.0
530,16,0.0
532,119,0.0
532,20,0.0
532,399,0.0
532,476,0.0
532,264,0.0
532,200,0.0
532,189,0.0
532,362,0.0
532,17,0.0
532,16,0.0
503,119,0.0
503,20,0.0
503,399,0.0
503,476,0.0
503,264,0.0
503,189,0.0
503,362,0.0
503,17,0.0
503,16,0.0
503,310,0.0
652,119,0.0
652,20,0.0
652,399,0.0
652,476,0.0
652,264,0.0
652,200,0.0
652,189,0.0
652,362,0.0
652,17,0.0
652,16,0.0
456,119,0.0
456,20,0.0
456,399,0.0
456,476,0.0
456,264,0.0
456,189,0.0
456,362,0.0
456,17,0.0
456,16,0.0
456,310,0.0
457,119,0.020884710375854196
457,399,0.0
457,264,0.0
457,476,0.0
457,17,0.0
457,200,0.0
457,189,0.0
457,362,0.0
457,16,0.0
457,310,0.0
468,119,0.0
468,20,0.0
468,399,0.0
468,476,0.0
468,264,0.0
468,200,0.0
468,189,0.0
468,362,0.0
468,17,0.0
468,16,0.0
647,119,1.0258361763940735
647,264,0.2700405694012837
647,20,0.0
647,200,0.0
647,476,0.0
647,17,0.0
647,310,0.0
647,189,0.0
647,362,0.0
647,16,0.0
490,119,0.0
490,20,0.0
490,399,0.0
490,476,0.0
490,264,0.0
490,189,0.0
490,362,0.0
490,17,0.0
490,16,0.0
490,310,0.0
559,119,1.9271523767657772
559,20,0.9176432670219954
559,189,0.704275867629717
559,264,0.5120828468565632
559,200,0.4152436390223594
559,255,0.23358727675344754
559,399,0.17586318769034995
559,362,0.0
559,17,0.0
559,16,0.0
536,119,2.141280418628641
536,20,1.0196036300244393
536,189,0.7825287418107967
536,264,0.568980940951737
536,200,0.4613818211359549
536,255,0.25954141861494173
536,399,0.1954035418781666
536,362,0.0
536,17,0.0
536,16,0.0
470,119,1.2847682511771847
470,20,0.6117621780146636
470,189,0.46951724508647796
470,264,0.34138856457104216
470,200,0.2768290926815729
470,255,0.15572485116896503
470,399,0.11724212512689997
470,362,0.0
470,17,0.0
470,16,0.0
615,119,1.713024334902913
615,20,0.8156829040195515
615,189,0.6260229934486373
615,264,0.4551847527613896
615,200,0.3691054569087639
615,255,0.20763313489195337
615,399,0.1563228335025333
615,362,0.0
615,17,0.0
615,16,0.0
531,119,0.020884710375854196
531,399,0.0
531,264,0.0
531,476,0.0
531,17,0.0
531,200,0.0
531,189,0.0
531,362,0.0
531,16,0.0
531,310,0.0
563,119,0.037592478676537554
563,399,0.0
563,264,0.0
563,476,0.0
563,17,0.0
563,200,0.0
563,189,0.0
563,362,0.0
563,16,0.0
563,310,0.0
480,119,0.0
480,20,0.0
480,399,0.0
480,476,0.0
480,264,0.0
480,200,0.0
480,189,0.0
480,362,0.0
480,17,0.0
480,16,0.0
636,119,0.0
636,20,0.0
636,399,0.0
636,476,0.0
636,264,0.0
636,200,0.0
636,189,0.0
636,362,0.0
636,17,0.0
636,16,0.0
467,119,0.0
467,20,0.0
467,399,0.0
467,476,0.0
467,264,0.0
467,200,0.0
467,189,0.0
467,362,0.0
467,17,0.0
467,16,0.0
567,200,0.20342064047386776
567,189,0.09054819550639846
567,119,0.0
567,20,0.0
567,399,0.0
567,476,0.0
567,264,0.0
567,362,0.0
567,17,0.0
567,16,0.0
537,200,0.2542758005923347
537,189,0.11318524438299808
537,119,0.0
537,20,0.0
537,399,0.0
537,476,0.0
537,264,0.0
537,362,0.0
537,17,0.0
537,16,0.0
543,119,0.0
543,20,0.0
543,399,0.0
543,476,0.0
543,264,0.0
543,200,0.0
543,189,0.0
543,362,0.0
543,17,0.0
543,16,0.0
666,119,5.267865656600906
666,78,2.6748971192595494
666,284,1.444043321273745
666,79,0.5255239351791682
666,125,0.44123545927808866
666,255,0.2532412938069126
666,190,0.0
666,59,0.0
666,17,0.0
666,134,0.0
670,119,0.0
670,20,0.0
670,399,0.0
670,476,0.0
670,264,0.0
670,200,0.0
670,189,0.0
670,362,0.0
670,17,0.0
670,16,0.0
674,119,1.5265673988227977
674,20,0.5098018150122197
674,264,0.40450850132088345
674,189,0.39126437090539834
674,200,0.23069091056797744
674,255,0.12977070930747087
674,17,0.0
674,16,0.0
674,362,0.0
674,310,0.0
663,94,0.4939412107793428
663,399,0.2778161595396101
663,119,0.1517376297103573
663,189,0.1358222932595977
663,476,0.0
663,362,0.0
663,17,0.0
663,59,0.0
663,134,0.0
663,16,0.0
673,94,1.0981635288808869
673,20,0.9575333801386411
673,189,0.3276053971393608
673,287,0.15766492948098015
673,476,0.0
673,362,0.0
673,16,0.0
673,59,0.0
673,17,0.0
673,310,0.0
669,119,0.5699089868855964
669,264,0.1500225385562687
669,20,0.0
669,200,0.0
669,476,0.0
669,17,0.0
669,310,0.0
669,189,0.0
669,362,0.0
669,16,0.0
672,94,2.5472699058321626
672,399,1.3507140923574237
672,200,0.6379419585990143
672,287,0.4064870845038001
672,476,0.0
672,362,0.0
672,16,0.0
672,17,0.0
672,59,0.0
672,134,0.0
667,119,0.0
667,20,0.0
667,399,0.0
667,476,0.0
667,264,0.0
667,200,0.0
667,189,0.0
667,362,0.0
667,17,0.0
667,16,0.0
675,119,0.020884710375854196
675,399,0.0
675,264,0.0
675,476,0.0
675,17,0.0
675,200,0.0
675,189,0.0
675,362,0.0
675,16,0.0
675,310,0.0
668,264,0.8698188370476283
668,94,0.026505717024224974
668,20,0.0
668,476,0.0
668,399,0.0
668,362,0.0
668,16,0.0
668,200,0.0
668,189,0.0
668,17,0.0
439,119,0.020884710375854196
439,399,0.0
439,264,0.0
439,476,0.0
439,17,0.0
439,200,0.0
439,189,0.0
439,362,0.0
439,16,0.0
439,310,0.0
426,94,0.7687144702166208
426,20,0.3984807839654177
426,399,0.3133841308640185
426,189,0.22932377799755257
426,264,0.10982661463741011
426,200,0.0
426,17,0.0
426,362,0.0
426,16,0.0
426,310,0.0
424,119,0.0
424,20,0.0
424,399,0.0
424,476,0.0
424,264,0.0
424,200,0.0
424,189,0.0
424,362,0.0
424,17,0.0
424,16,0.0
435,20,1.316124050987413
435,189,0.9335996456272695
435,264,0.6219094614939733
435,399,0.4892473185543684
435,200,0.4152436390223594
435,255,0.23358727675344754
435,17,0.0
435,16,0.0
435,362,0.0
435,310,0.0
433,119,0.0
433,20,0.0
433,399,0.0
433,476,0.0
433,264,0.0
433,200,0.0
433,189,0.0
433,362,0.0
433,17,0.0
433,16,0.0
432,264,0.4832326872486824
432,94,0.014725398346791653
432,20,0.0
432,476,0.0
432,399,0.0
432,362,0.0
432,16,0.0
432,200,0.0
432,189,0.0
432,17,0.0
443,119,0.0
443,20,0.0
443,399,0.0
443,476,0.0
443,264,0.0
443,200,0.0
443,189,0.0
443,362,0.0
443,17,0.0
443,16,0.0
440,119,0.0
440,20,0.0
440,399,0.0
440,476,0.0
440,264,0.0
440,189,0.0
440,362,0.0
440,17,0.0
440,16,0.0
440,310,0.0
415,94,0.6588981173285321
415,20,0.3415549576846437
415,399,0.26861496931201584
415,189,0.1965632382836165
415,264,0.09413709826063724
415,200,0.0
415,17,0.0
415,362,0.0
415,16,0.0
415,310,0.0
429,264,1.6651629114767097
429,20,0.5964400686316362
429,399,0.48617827919431766
429,119,0.11197328257847414
429,476,0.0
429,362,0.0
429,200,0.0
429,17,0.0
429,16,0.0
429,189,0.0
420,200,1.3530669989517237
420,284,1.0108303248916215
420,16,0.8574816007752865
420,824,0.449257922174054
420,59,0.0
420,190,0.0
420,17,0.0
420,415,0.0
420,134,0.0
420,78,0.0
411,255,0.1816789930304592
411,310,0.11675108193774732
411,362,0.0
411,16,0.0
411,17,0.0
411,79,0.0
411,22,0.0
411,59,0.0
411,134,0.0
411,78,0.0
430,119,2.7619520505947586
430,94,2.004329224079183
430,399,1.2185892493577999
430,20,0.6746213347723169
430,200,0.49328506029430225
430,264,0.4144024615684847
430,287,0.37783192851214903
430,310,0.17512662290662098
430,16,0.0
430,362,0.0
422,94,0.789330027902129
422,189,0.22932377799755257
422,287,0.11261780677212868
422,476,0.0
422,200,0.0
422,16,0.0
422,362,0.0
422,17,0.0
422,310,0.0
422,134,0.0
436,119,0.0
436,20,0.0
436,399,0.0
436,476,0.0
436,264,0.0
436,200,0.0
436,189,0.0
436,362,0.0
436,17,0.0
436,16,0.0
417,79,0.5255239351791682
417,287,0.3673697415459112
417,20,0.27868582135595177
417,476,0.0
417,362,0.0
417,399,0.0
417,17,0.0
417,264,0.0
417,200,0.0
417,189,0.0
438,20,1.429975703548961
438,189,0.9991207250551417
438,264,0.6532884942475191
438,399,0.5787856416583737
438,200,0.4152436390223594
438,255,0.23358727675344754
438,17,0.0
438,16,0.0
438,362,0.0
438,310,0.0
442,119,0.020884710375854196
442,399,0.0
442,264,0.0
442,476,0.0
442,17,0.0
442,200,0.0
442,189,0.0
442,362,0.0
442,16,0.0
442,310,0.0
431,119,0.037592478676537554
431,399,0.0
431,264,0.0
431,476,0.0
431,17,0.0
431,200,0.0
431,189,0.0
431,362,0.0
431,16,0.0
431,310,0.0
419,119,1.2275342447087816
419,94,0.8908129884796369
419,399,0.5415952219368
419,20,0.29983170434325196
419,200,0.21923780457524544
419,264,0.18417887180821543
419,287,0.16792530156095511
419,310,0.07783405462516488
419,16,0.0
419,362,0.0
441,399,0.34833081619313355
441,264,0.23160748480549304
441,22,0.03765465303655201
441,119,0.029238594526195878
441,189,0.02352440816692746
441,16,1.7901300724722303E-4
441,200,0.0
441,310,0.0
441,17,0.0
441,94,0.0
414,119,2.1481849282403678
414,94,1.5589227298393644
414,399,0.9477916383894
414,20,0.5247054826006909
414,200,0.3836661580066795
414,264,0.32231302566437703
414,287,0.29386927773167143
414,310,0.13620959559403853
414,16,0.0
414,362,0.0
410,119,0.020884710375854196
410,399,0.0
410,264,0.0
410,476,0.0
410,17,0.0
410,200,0.0
410,189,0.0
410,362,0.0
410,16,0.0
410,310,0.0
423,200,0.2542758005923347
423,189,0.11318524438299808
423,119,0.0
423,20,0.0
423,399,0.0
423,476,0.0
423,264,0.0
423,362,0.0
423,17,0.0
423,16,0.0
418,119,0.0
418,20,0.0
418,399,0.0
418,476,0.0
418,264,0.0
418,189,0.0
418,362,0.0
418,17,0.0
418,16,0.0
418,310,0.0
412,119,0.0
412,20,0.0
412,399,0.0
412,476,0.0
412,264,0.0
412,200,0.0
412,189,0.0
412,362,0.0
412,17,0.0
412,16,0.0
428,119,0.0
428,20,0.0
428,399,0.0
428,476,0.0
428,264,0.0
428,200,0.0
428,189,0.0
428,362,0.0
428,17,0.0
428,16,0.0
437,119,0.0
437,20,0.0
437,399,0.0
437,476,0.0
437,264,0.0
437,200,0.0
437,189,0.0
437,362,0.0
437,17,0.0
437,16,0.0
434,94,0.6588981173285321
434,20,0.3415549576846437
434,399,0.26861496931201584
434,189,0.1965632382836165
434,264,0.09413709826063724
434,200,0.0
434,17,0.0
434,362,0.0
434,16,0.0
434,310,0.0
413,119,0.0
413,20,0.0
413,399,0.0
413,476,0.0
413,264,0.0
413,200,0.0
413,189,0.0
413,362,0.0
413,17,0.0
413,16,0.0
44,119,4.240929522671504
44,20,3.145574755908803
44,476,0.0
44,17,0.0
44,284,0.0
44,190,0.0
44,78,0.0
44,416,0.0
44,415,0.0
44,89,0.0
57,94,2.4800355295736325
57,416,2.222222222154087
57,20,1.2978895191081115
57,255,0.8195154337284475
57,287,0.8061326880383544
57,310,0.45884386855505
57,352,0.09103252201638942
57,16,0.0
57,362,0.0
57,59,0.0
38,264,1.831537716655336
38,399,1.7715749049758314
38,189,1.0969466700775454
38,255,0.1816789930304592
38,16,0.0010740780434833383
38,17,0.0
38,287,0.0
38,59,0.0
38,134,0.0
38,79,0.0
45,20,2.058655065659597
45,94,1.6578086496194377
45,200,0.3420740227045968
45,189,0.22932377799755257
45,476,0.0
45,362,0.0
45,17,0.0
45,310,0.0
45,16,0.0
45,59,0.0
28,94,2.3245666587122535
28,399,1.2153152868732238
28,264,0.417473955103279
28,200,0.32885670686286816
28,287,0.2518879523414327
28,310,0.11675108193774732
28,362,0.0
28,59,0.0
28,17,0.0
28,16,0.0
61,264,2.8543336607621517
61,287,0.7638082053120231
61,79,0.5255239351791682
61,476,0.0
61,134,0.0
61,17,0.0
61,284,0.0
61,190,0.0
61,78,0.0
61,416,0.0
36,119,1.9563909712919731
36,189,0.8372733884012126
36,200,0.789946836649916
36,264,0.7494314624378658
36,362,0.5915777284351095
36,310,0.270653173324236
36,255,0.23358727675344754
36,399,0.17586318769034995
36,17,0.0
36,16,0.0
54,119,0.025061652451025037
54,399,0.0
54,264,0.0
54,476,0.0
54,17,0.0
54,200,0.0
54,189,0.0
54,362,0.0
54,16,0.0
54,310,0.0
47,94,0.7687144702166208
47,20,0.3984807839654177
47,399,0.3133841308640185
47,189,0.22932377799755257
47,264,0.10982661463741011
47,200,0.0
47,17,0.0
47,362,0.0
47,16,0.0
47,310,0.0
29,362,0.6901740165076278
29,200,0.4371537305654828
29,94,0.40332780479708596
29,20,0.354864902540065
29,310,0.315762035544942
29,264,0.2769067181781864
29,189,0.15516377423341157
29,17,0.0
29,16,0.0
29,399,0.0
26,119,0.22796359475423855
26,264,0.060009015422507486
26,20,0.0
26,200,0.0
26,476,0.0
26,17,0.0
26,310,0.0
26,189,0.0
26,362,0.0
26,16,0.0
33,94,2.2178208471678964
33,20,1.3180190844550985
33,200,0.3836661580066795
33,310,0.13620959559403853
33,476,0.0
33,362,0.0
33,16,0.0
33,59,0.0
33,17,0.0
33,134,0.0
46,119,1.2847682511771847
46,20,0.6117621780146636
46,189,0.46951724508647796
46,264,0.34138856457104216
46,200,0.2768290926815729
46,255,0.15572485116896503
46,399,0.11724212512689997
46,362,0.0
46,17,0.0
46,16,0.0
21,94,2.8731836687185845
21,264,0.7465572353161122
21,200,0.7089389543124202
21,287,0.2518879523414327
21,310,0.11675108193774732
21,476,0.0
21,362,0.0
21,16,0.0
21,59,0.0
21,17,0.0
48,119,0.0
48,20,0.0
48,399,0.0
48,476,0.0
48,264,0.0
48,200,0.0
48,189,0.0
48,362,0.0
48,17,0.0
48,16,0.0
7,94,0.6588981173285321
7,20,0.3415549576846437
7,399,0.26861496931201584
7,189,0.1965632382836165
7,264,0.09413709826063724
7,200,0.0
7,17,0.0
7,362,0.0
7,16,0.0
7,310,0.0
53,119,0.0
53,20,0.0
53,399,0.0
53,476,0.0
53,264,0.0
53,189,0.0
53,362,0.0
53,17,0.0
53,16,0.0
53,310,0.0
8,119,0.016707768300683358
8,399,0.0
8,264,0.0
8,476,0.0
8,17,0.0
8,200,0.0
8,189,0.0
8,362,0.0
8,16,0.0
8,310,0.0
25,119,0.8565121674514565
25,20,0.40784145200977573
25,189,0.31301149672431866
25,264,0.2275923763806948
25,200,0.18455272845438195
25,255,0.10381656744597668
25,399,0.07816141675126664
25,362,0.0
25,17,0.0
25,16,0.0
35,94,1.0154506109020973
35,362,0.8873665926526642
35,189,0.2447703789104427
35,119,0.08118617018198898
35,399,0.06945403988490252
35,476,0.0
35,59,0.0
35,17,0.0
35,78,0.0
35,16,0.0
19,94,0.6588981173285321
19,20,0.3415549576846437
19,399,0.26861496931201584
19,189,0.1965632382836165
19,264,0.09413709826063724
19,200,0.0
19,17,0.0
19,362,0.0
19,16,0.0
19,310,0.0
69,119,0.0
69,20,0.0
69,399,0.0
69,476,0.0
69,264,0.0
69,189,0.0
69,362,0.0
69,17,0.0
69,16,0.0
69,310,0.0
20,94,2.663227341407715
20,20,1.0161762924569606
20,264,0.7785801292304056
20,200,0.49328506029430225
20,287,0.37783192851214903
20,310,0.17512662290662098
20,362,0.0
20,59,0.0
20,17,0.0
20,16,0.0
23,119,0.0
23,20,0.0
23,399,0.0
23,476,0.0
23,264,0.0
23,200,0.0
23,189,0.0
23,362,0.0
23,17,0.0
23,16,0.0
56,119,1.0258361763940735
56,264,0.2700405694012837
56,20,0.0
56,200,0.0
56,476,0.0
56,17,0.0
56,310,0.0
56,189,0.0
56,362,0.0
56,16,0.0
14,119,0.020884710375854196
14,399,0.0
14,264,0.0
14,476,0.0
14,17,0.0
14,200,0.0
14,189,0.0
14,362,0.0
14,16,0.0
14,310,0.0
37,20,0.3882751173309015
37,287,0.15766492948098015
37,119,0.09946317991076424
37,310,0.0
37,476,0.0
37,189,0.0
37,17,0.0
37,200,0.0
37,362,0.0
37,16,0.0
34,119,0.0
34,20,0.0
34,399,0.0
34,476,0.0
34,264,0.0
34,200,0.0
34,189,0.0
34,362,0.0
34,17,0.0
34,16,0.0
58,119,0.029238594526195878
58,399,0.0
58,264,0.0
58,476,0.0
58,17,0.0
58,200,0.0
58,189,0.0
58,362,0.0
58,16,0.0
58,310,0.0
4,119,0.7549359127704044
4,20,0.2773393695220725
4,287,0.11261780677212868
4,59,0.0
4,200,0.0
4,362,0.0
4,16,0.0
4,189,0.0
4,17,0.0
4,310,0.0
24,20,0.22187149561765798
24,287,0.09009424541770295
24,119,0.05683610280615099
24,310,0.0
24,476,0.0
24,189,0.0
24,17,0.0
24,200,0.0
24,362,0.0
24,16,0.0
70,200,0.10171032023693388
70,189,0.04527409775319923
70,119,0.0
70,20,0.0
70,399,0.0
70,476,0.0
70,264,0.0
70,362,0.0
70,17,0.0
70,16,0.0
40,94,0.6588981173285321
40,20,0.3415549576846437
40,399,0.26861496931201584
40,189,0.1965632382836165
40,264,0.09413709826063724
40,200,0.0
40,17,0.0
40,362,0.0
40,16,0.0
40,310,0.0
6,20,0.332807243426487
6,287,0.13514136812655442
6,119,0.0852541542092265
6,310,0.0
6,476,0.0
6,189,0.0
6,17,0.0
6,200,0.0
6,362,0.0
6,16,0.0
39,119,0.6838907842627157
39,264,0.18002704626752247
39,20,0.0
39,200,0.0
39,476,0.0
39,17,0.0
39,310,0.0
39,189,0.0
39,362,0.0
39,16,0.0
41,119,0.0
41,20,0.0
41,399,0.0
41,476,0.0
41,264,0.0
41,200,0.0
41,189,0.0
41,362,0.0
41,17,0.0
41,16,0.0
66,119,3.8545284411612966
66,399,0.9882560205955498
66,287,0.34198219775913563
66,310,0.11675108193774732
66,476,0.0
66,362,0.0
66,16,0.0
66,59,0.0
66,17,0.0
66,134,0.0
17,94,0.889094179402817
17,20,0.47530979736535517
17,264,0.16362881256703357
17,189,0.11318524438299808
17,476,0.0
17,17,0.0
17,399,0.0
17,16,0.0
17,59,0.0
17,362,0.0
43,264,1.4272824955514656
43,20,0.5112343445414025
43,399,0.41672423930941516
43,119,0.09597709935297784
43,476,0.0
43,362,0.0
43,200,0.0
43,17,0.0
43,16,0.0
43,189,0.0
11,94,0.6588981173285321
11,20,0.3415549576846437
11,399,0.26861496931201584
11,189,0.1965632382836165
11,264,0.09413709826063724
11,200,0.0
11,17,0.0
11,362,0.0
11,16,0.0
11,310,0.0
10,119,3.4988832653410213
10,94,2.004329224079183
10,20,1.4631950488357919
10,476,0.0
10,362,0.0
10,16,0.0
10,134,0.0
10,17,0.0
10,59,0.0
10,79,0.0
12,362,0.5915777284351095
12,200,0.37470319762755666
12,94,0.34570954696893086
12,20,0.3041699164629128
12,310,0.270653173324236
12,264,0.2373486155813026
12,189,0.13299752077149563
12,17,0.0
12,16,0.0
12,399,0.0
16,119,0.0
16,20,0.0
16,399,0.0
16,476,0.0
16,264,0.0
16,189,0.0
16,362,0.0
16,17,0.0
16,16,0.0
16,310,0.0
64,119,0.0
64,20,0.0
64,399,0.0
64,476,0.0
64,264,0.0
64,200,0.0
64,189,0.0
64,362,0.0
64,17,0.0
64,16,0.0
30,119,0.016707768300683358
30,399,0.0
30,264,0.0
30,476,0.0
30,17,0.0
30,200,0.0
30,189,0.0
30,362,0.0
30,16,0.0
30,310,0.0
32,20,0.055467873904414496
32,287,0.022523561354425736
32,119,0.014209025701537748
32,310,0.0
32,476,0.0
32,189,0.0
32,17,0.0
32,200,0.0
32,362,0.0
32,16,0.0
68,119,0.0
68,20,0.0
68,399,0.0
68,476,0.0
68,264,0.0
68,200,0.0
68,189,0.0
68,362,0.0
68,17,0.0
68,16,0.0
9,362,0.6901740165076278
9,94,0.40332780479708596
9,20,0.354864902540065
9,264,0.2769067181781864
9,189,0.24571196973981002
9,476,0.0
9,17,0.0
9,399,0.0
9,16,0.0
9,59,0.0
27,119,0.020884710375854196
27,399,0.0
27,264,0.0
27,476,0.0
27,17,0.0
27,200,0.0
27,189,0.0
27,362,0.0
27,16,0.0
27,310,0.0
50,352,0.032977347902317426
50,399,0.014513587377930287
50,16,0.0
50,20,0.0
50,200,0.0
50,476,0.0
50,264,0.0
50,189,0.0
50,362,0.0
50,17,0.0
31,119,0.025061652451025037
31,399,0.0
31,264,0.0
31,476,0.0
31,17,0.0
31,200,0.0
31,189,0.0
31,362,0.0
31,16,0.0
31,310,0.0
2,119,1.534417805885977
2,94,1.113516235599546
2,399,0.676994027421
2,20,0.37478963042906493
2,200,0.2740472557190568
2,264,0.2302235897602693
2,287,0.2099066269511939
2,310,0.0972925682814561
2,16,0.0
2,362,0.0
42,20,0.3882751173309015
42,287,0.15766492948098015
42,119,0.09946317991076424
42,310,0.0
42,476,0.0
42,189,0.0
42,17,0.0
42,200,0.0
42,362,0.0
42,16,0.0
49,399,2.7034229531673755
49,189,2.6230258293556896
49,20,2.144364134524642
49,94,1.7456480801468401
49,119,0.998181077266038
49,264,0.0
49,362,0.0
49,200,0.0
49,17,0.0
49,16,0.0
51,134,3.849287168925949
51,287,3.17623654160055
51,94,2.0621919231252646
51,20,1.725449408535414
51,16,1.354021521858903
51,399,1.0034177440636378
51,22,0.855397148650211
51,362,0.3183631242733866
51,189,0.28103022916821047
51,200,0.07152084093477293
15,94,0.4392654115523547
15,20,0.22770330512309583
15,399,0.17907664620801056
15,189,0.13104215885574433
15,264,0.0627580655070915
15,200,0.0
15,17,0.0
15,362,0.0
15,16,0.0
15,310,0.0
688,79,0.651972908223355
688,352,0.0471104970033106
688,399,0.020733696254186126
688,20,0.0
688,476,0.0
688,200,0.0
688,362,0.0
688,264,0.0
688,189,0.0
688,17,0.0
678,94,1.0981635288808869
678,20,0.5692582628077396
678,399,0.4476916155200264
678,189,0.3276053971393608
678,264,0.15689516376772875
678,200,0.0
678,17,0.0
678,362,0.0
678,16,0.0
678,310,0.0
739,119,1.2275342447087816
739,94,0.8908129884796369
739,399,0.5415952219368
739,20,0.29983170434325196
739,200,0.21923780457524544
739,264,0.18417887180821543
739,287,0.16792530156095511
739,310,0.07783405462516488
739,16,0.0
739,362,0.0
679,20,0.3882751173309015
679,287,0.15766492948098015
679,119,0.09946317991076424
679,310,0.0
679,476,0.0
679,189,0.0
679,17,0.0
679,200,0.0
679,362,0.0
679,16,0.0
687,94,0.663443461028477
687,310,0.4278607602381024
687,399,0.3604865808739022
687,200,0.3119653376352184
687,20,0.14908947505998998
687,362,0.09029714367083079
687,255,0.024567521316831355
687,287,0.023258169067453593
687,264,0.0
687,189,0.0
729,189,0.8426149766929825
729,399,0.5397049332827404
729,255,0.1816789930304592
729,287,0.11261780677212868
729,134,0.0
729,362,0.0
729,16,0.0
729,59,0.0
729,17,0.0
729,310,0.0
685,119,0.0
685,20,0.0
685,399,0.0
685,476,0.0
685,264,0.0
685,189,0.0
685,362,0.0
685,17,0.0
685,16,0.0
685,310,0.0
726,119,0.6409541153932852
726,20,0.2773393695220725
726,287,0.11261780677212868
726,59,0.0
726,200,0.0
726,362,0.0
726,16,0.0
726,189,0.0
726,17,0.0
726,310,0.0
750,399,2.413807451549608
750,200,1.1716535493315772
750,255,0.6237705002720295
750,310,0.32068169018443626
750,352,0.040458898673950854
750,362,0.0
750,59,0.0
750,16,0.0
750,134,0.0
750,17,0.0
691,119,1.2847682511771847
691,20,0.6117621780146636
691,189,0.46951724508647796
691,264,0.3576551476101745
691,200,0.2768290926815729
691,399,0.26026127937118504
691,255,0.15572485116896503
691,22,0.03765465303655201
691,17,0.0
691,16,0.0
712,94,0.7687144702166208
712,20,0.3984807839654177
712,399,0.3133841308640185
712,189,0.22932377799755257
712,264,0.10982661463741011
712,200,0.0
712,17,0.0
712,362,0.0
712,16,0.0
712,310,0.0
701,94,0.663443461028477
701,310,0.4278607602381024
701,399,0.3604865808739022
701,200,0.3119653376352184
701,20,0.14908947505998998
701,362,0.09029714367083079
701,255,0.024567521316831355
701,287,0.023258169067453593
701,264,0.0
701,189,0.0
690,20,0.2773393695220725
690,287,0.11261780677212868
690,119,0.07104512850768874
690,310,0.0
690,476,0.0
690,189,0.0
690,17,0.0
690,200,0.0
690,362,0.0
690,16,0.0
677,200,0.20342064047386776
677,189,0.09054819550639846
677,119,0.0
677,20,0.0
677,399,0.0
677,476,0.0
677,264,0.0
677,362,0.0
677,17,0.0
677,16,0.0
727,255,0.2581547980702789
727,362,0.09029714367083079
727,476,0.0
727,59,0.0
727,17,0.0
727,284,0.0
727,134,0.0
727,79,0.0
727,78,0.0
727,352,0.0
699,119,0.0
699,20,0.0
699,399,0.0
699,476,0.0
699,264,0.0
699,200,0.0
699,189,0.0
699,362,0.0
699,17,0.0
699,16,0.0
707,94,0.5307547688227816
707,310,0.3422886081904819
707,399,0.28838926469912174
707,362,0.07223771493666463
707,119,0.037592478676537554
707,255,0.019654017053465082
707,287,0.018606535253962875
707,59,0.0
707,189,0.0
707,17,0.0
737,362,0.6901740165076278
737,200,0.4371537305654828
737,94,0.40332780479708596
737,20,0.354864902540065
737,310,0.315762035544942
737,264,0.2769067181781864
737,189,0.15516377423341157
737,17,0.0
737,16,0.0
737,399,0.0
724,94,1.0981635288808869
724,399,0.4476916155200264
724,189,0.3276053971393608
724,264,0.15689516376772875
724,200,0.0
724,16,0.0
724,362,0.0
724,310,0.0
724,59,0.0
724,17,0.0
705,119,1.4863905461359228
705,399,0.7423284840910227
705,189,0.46951724508647796
705,255,0.15572485116896503
705,362,0.0
705,310,0.0
705,17,0.0
705,59,0.0
705,134,0.0
705,16,0.0
680,119,0.0
680,20,0.0
680,399,0.0
680,476,0.0
680,264,0.0
680,200,0.0
680,189,0.0
680,362,0.0
680,17,0.0
680,16,0.0
722,119,0.008353884150341679
722,399,0.0
722,264,0.0
722,476,0.0
722,17,0.0
722,200,0.0
722,189,0.0
722,362,0.0
722,16,0.0
722,310,0.0
741,20,2.4374042817477646
741,200,0.9085286993166617
741,287,0.5129732966387035
741,255,0.23358727675344754
741,310,0.17512662290662098
741,134,0.0
741,362,0.0
741,16,0.0
741,59,0.0
741,17,0.0
719,94,1.0981635288808869
719,20,0.5692582628077396
719,399,0.4476916155200264
719,189,0.3276053971393608
719,264,0.15689516376772875
719,200,0.0
719,17,0.0
719,362,0.0
719,16,0.0
719,310,0.0
752,94,0.7687144702166208
752,20,0.3984807839654177
752,399,0.3133841308640185
752,189,0.22932377799755257
752,264,0.10982661463741011
752,200,0.0
752,17,0.0
752,362,0.0
752,16,0.0
752,310,0.0
714,119,2.0499990096515415
714,189,0.817461112012715
714,287,0.5025111096724656
714,399,0.17586318769034995
714,476,0.0
714,362,0.0
714,17,0.0
714,59,0.0
714,134,0.0
714,16,0.0
742,94,2.178091779149654
742,20,1.376438858620697
742,287,0.25801954697865803
742,16,0.0012530910507305613
742,476,0.0
742,59,0.0
742,17,0.0
742,79,0.0
742,22,0.0
742,78,0.0
730,119,0.0
730,20,0.0
730,399,0.0
730,476,0.0
730,264,0.0
730,200,0.0
730,189,0.0
730,362,0.0
730,17,0.0
730,16,0.0
713,399,1.231869971693091
713,287,0.15766492948098015
713,189,0.14114644900156476
713,119,0.12870177443696013
713,16,0.0010740780434833383
713,200,0.0
713,310,0.0
713,17,0.0
713,59,0.0
713,94,0.0
720,94,1.1720422750137067
720,362,0.6901740165076278
720,200,0.4371537305654828
720,264,0.3867333328155965
720,189,0.38448755223096415
720,310,0.315762035544942
720,399,0.3133841308640185
720,16,0.0
720,59,0.0
720,17,0.0
693,119,0.0
693,20,0.0
693,399,0.0
693,476,0.0
693,264,0.0
693,200,0.0
693,189,0.0
693,362,0.0
693,17,0.0
693,16,0.0
695,20,1.4430377009614483
695,94,1.1276143255744702
695,399,0.933869894714344
695,189,0.3276053971393608
695,200,0.0
695,16,0.0
695,362,0.0
695,310,0.0
695,59,0.0
695,17,0.0
694,119,0.029238594526195878
694,399,0.0
694,264,0.0
694,476,0.0
694,17,0.0
694,200,0.0
694,189,0.0
694,362,0.0
694,16,0.0
694,310,0.0
748,119,0.4559271895084771
748,264,0.12001803084501497
748,20,0.0
748,200,0.0
748,476,0.0
748,17,0.0
748,310,0.0
748,189,0.0
748,362,0.0
748,16,0.0
721,264,1.4272824955514656
721,20,0.5112343445414025
721,399,0.41672423930941516
721,119,0.09597709935297784
721,476,0.0
721,362,0.0
721,200,0.0
721,17,0.0
721,16,0.0
721,189,0.0
766,399,0.8581149254657106
766,20,0.3882751173309015
766,22,0.22592791821931205
766,287,0.15766492948098015
766,119,0.09946317991076424
766,17,0.0
766,16,0.0
766,189,0.0
766,310,0.0
766,362,0.0
689,20,0.554678739044145
689,287,0.22523561354425736
689,119,0.14209025701537747
689,310,0.0
689,476,0.0
689,189,0.0
689,17,0.0
689,200,0.0
689,362,0.0
689,16,0.0
684,119,0.0
684,20,0.0
684,399,0.0
684,476,0.0
684,264,0.0
684,200,0.0
684,189,0.0
684,362,0.0
684,17,0.0
684,16,0.0
692,119,0.0
692,20,0.0
692,399,0.0
692,476,0.0
692,264,0.0
692,200,0.0
692,189,0.0
692,362,0.0
692,17,0.0
692,16,0.0
676,119,0.0
676,20,0.0
676,399,0.0
676,476,0.0
676,264,0.0
676,200,0.0
676,189,0.0
676,362,0.0
676,17,0.0
676,16,0.0
754,264,0.8613636070654429
754,399,0.8212466477953939
754,189,0.09409763266770985
754,16,7.160520289888921E-4
754,119,0.0
754,20,0.0
754,200,0.0
754,476,0.0
754,310,0.0
754,17,0.0
716,119,0.0
716,20,0.0
716,399,0.0
716,476,0.0
716,264,0.0
716,200,0.0
716,189,0.0
716,362,0.0
716,17,0.0
716,16,0.0
732,119,0.0
732,20,0.0
732,399,0.0
732,476,0.0
732,264,0.0
732,189,0.0
732,362,0.0
732,17,0.0
732,16,0.0
732,310,0.0
743,200,0.3559861208292686
743,20,0.22187149561765798
743,189,0.1584593421361973
743,287,0.09009424541770295
743,119,0.05683610280615099
743,476,0.0
743,17,0.0
743,362,0.0
743,16,0.0
743,59,0.0
718,20,0.2773393695220725
718,287,0.11261780677212868
718,119,0.07104512850768874
718,310,0.0
718,476,0.0
718,189,0.0
718,17,0.0
718,200,0.0
718,362,0.0
718,16,0.0
725,94,0.9883471759927981
725,20,0.5123324365269656
725,399,0.40292245396802373
725,189,0.29484485742542477
725,264,0.14120564739095587
725,200,0.0
725,17,0.0
725,362,0.0
725,16,0.0
725,310,0.0
749,399,0.8581149254657106
749,22,0.22592791821931205
749,264,0.09759949823479389
749,20,0.0
749,476,0.0
749,200,0.0
749,362,0.0
749,16,0.0
749,189,0.0
749,17,0.0
683,264,1.1894020796262212
683,20,0.42602862045116874
683,399,0.3472701994245126
683,119,0.07998091612748154
683,476,0.0
683,362,0.0
683,200,0.0
683,17,0.0
683,16,0.0
683,189,0.0
755,20,0.554678739044145
755,287,0.22523561354425736
755,119,0.14209025701537747
755,310,0.0
755,476,0.0
755,189,0.0
755,17,0.0
755,200,0.0
755,362,0.0
755,16,0.0
682,20,0.554678739044145
682,287,0.22523561354425736
682,119,0.14209025701537747
682,310,0.0
682,476,0.0
682,189,0.0
682,17,0.0
682,200,0.0
682,362,0.0
682,16,0.0
740,119,1.534417805885977
740,94,1.113516235599546
740,399,0.676994027421
740,20,0.37478963042906493
740,200,0.2740472557190568
740,264,0.2302235897602693
740,287,0.2099066269511939
740,310,0.0972925682814561
740,16,0.0
740,362,0.0
733,119,0.0
733,20,0.0
733,399,0.0
733,476,0.0
733,264,0.0
733,200,0.0
733,189,0.0
733,362,0.0
733,17,0.0
733,16,0.0
709,119,0.0
709,20,0.0
709,399,0.0
709,476,0.0
709,264,0.0
709,200,0.0
709,189,0.0
709,362,0.0
709,17,0.0
709,16,0.0
702,119,0.0
702,20,0.0
702,399,0.0
702,476,0.0
702,264,0.0
702,200,0.0
702,189,0.0
702,362,0.0
702,17,0.0
702,16,0.0
708,119,0.020884710375854196
708,399,0.0
708,264,0.0
708,476,0.0
708,17,0.0
708,200,0.0
708,189,0.0
708,362,0.0
708,16,0.0
708,310,0.0
711,119,0.025061652451025037
711,399,0.0
711,264,0.0
711,476,0.0
711,17,0.0
711,200,0.0
711,189,0.0
711,362,0.0
711,16,0.0
711,310,0.0
765,119,0.0
765,20,0.0
765,399,0.0
765,476,0.0
765,264,0.0
765,200,0.0
765,189,0.0
765,362,0.0
765,17,0.0
765,16,0.0
723,119,0.0
723,20,0.0
723,399,0.0
723,476,0.0
723,264,0.0
723,200,0.0
723,189,0.0
723,362,0.0
723,17,0.0
723,16,0.0
731,264,0.43068180353272145
731,399,0.41062332389769696
731,189,0.04704881633385492
731,16,3.5802601449444607E-4
731,119,0.0
731,20,0.0
731,200,0.0
731,476,0.0
731,310,0.0
731,17,0.0
703,399,1.8478049575396363
703,20,0.332807243426487
703,189,0.21171967350234716
703,287,0.13514136812655442
703,119,0.0852541542092265
703,16,0.0016111170652250073
703,310,0.0
703,59,0.0
703,17,0.0
703,94,0.0
763,119,0.016707768300683358
763,399,0.0
763,264,0.0
763,476,0.0
763,17,0.0
763,200,0.0
763,189,0.0
763,362,0.0
763,16,0.0
763,310,0.0
762,264,1.6651629114767097
762,20,0.5964400686316362
762,399,0.48617827919431766
762,119,0.11197328257847414
762,476,0.0
762,17,0.0
762,189,0.0
762,16,0.0
762,310,0.0
762,362,0.0
761,94,0.1975764843117371
761,20,0.10562439941452337
761,200,0.0760164494899104
761,264,0.03636195834822968
761,476,0.0
761,362,0.0
761,399,0.0
761,17,0.0
761,16,0.0
761,189,0.0
199,416,3.656509695139927
199,94,2.3229709197247344
199,255,0.661968414216735
199,362,0.09029714367083079
199,476,0.0
199,59,0.0
199,17,0.0
199,190,0.0
199,134,0.0
199,22,0.0
206,94,0.7687144702166208
206,20,0.3984807839654177
206,399,0.3133841308640185
206,189,0.22932377799755257
206,264,0.10982661463741011
206,200,0.0
206,17,0.0
206,362,0.0
206,16,0.0
206,310,0.0
103,119,0.5699089868855964
103,200,0.3559861208292686
103,189,0.1584593421361973
103,264,0.1500225385562687
103,20,0.0
103,17,0.0
103,476,0.0
103,16,0.0
103,59,0.0
103,362,0.0
286,119,0.0
286,20,0.0
286,399,0.0
286,476,0.0
286,264,0.0
286,189,0.0
286,362,0.0
286,17,0.0
286,16,0.0
286,310,0.0
145,119,0.7978725816398349
145,264,0.2100315539787762
145,20,0.0
145,200,0.0
145,476,0.0
145,17,0.0
145,310,0.0
145,189,0.0
145,362,0.0
145,16,0.0
345,264,2.3788041592524425
345,20,0.8520572409023375
345,399,0.6945403988490252
345,119,0.15996183225496308
345,476,0.0
345,362,0.0
345,200,0.0
345,17,0.0
345,16,0.0
345,189,0.0
282,94,0.6915176950910799
282,20,0.3696853979508318
282,200,0.2660575732146864
282,264,0.12726685421880388
282,476,0.0
282,362,0.0
282,399,0.0
282,17,0.0
282,16,0.0
282,189,0.0
143,119,0.0
143,20,0.0
143,399,0.0
143,476,0.0
143,264,0.0
143,200,0.0
143,189,0.0
143,362,0.0
143,17,0.0
143,16,0.0
160,119,0.020884710375854196
160,399,0.0
160,264,0.0
160,476,0.0
160,17,0.0
160,200,0.0
160,189,0.0
160,362,0.0
160,16,0.0
160,310,0.0
381,119,0.029238594526195878
381,399,0.0
381,264,0.0
381,476,0.0
381,17,0.0
381,200,0.0
381,189,0.0
381,362,0.0
381,16,0.0
381,310,0.0
335,79,0.7863130984685102
335,189,0.73638169720182
335,399,0.6518824492610976
335,476,0.0
335,362,0.0
335,16,0.0
335,134,0.0
335,17,0.0
335,59,0.0
335,284,0.0
398,119,0.5699089868855964
398,264,0.1500225385562687
398,20,0.0
398,200,0.0
398,476,0.0
398,17,0.0
398,310,0.0
398,189,0.0
398,362,0.0
398,16,0.0
375,20,1.351268106042068
375,399,0.6945403988490252
375,119,0.28784306356880285
375,476,0.0
375,200,0.0
375,189,0.0
375,17,0.0
375,310,0.0
375,362,0.0
375,16,0.0
91,119,0.8145803499405182
91,94,0.3951529686234742
91,264,0.28275547067523554
91,200,0.1520328989798208
91,189,0.0
91,16,0.0
91,362,0.0
91,310,0.0
91,59,0.0
91,17,0.0
172,94,0.9288208454398679
172,310,0.5990050643333433
172,399,0.504681213223463
172,200,0.43675147268930575
172,20,0.20872526508398598
172,362,0.1264160011391631
172,255,0.03439452984356389
172,287,0.03256143669443503
172,264,0.0
172,189,0.0
144,119,0.0
144,20,0.0
144,399,0.0
144,476,0.0
144,264,0.0
144,200,0.0
144,189,0.0
144,362,0.0
144,17,0.0
144,16,0.0
405,20,0.554678739044145
405,287,0.22523561354425736
405,119,0.14209025701537747
405,310,0.0
405,476,0.0
405,189,0.0
405,17,0.0
405,200,0.0
405,362,0.0
405,16,0.0
133,20,0.2773393695220725
133,287,0.11261780677212868
133,119,0.07104512850768874
133,310,0.0
133,476,0.0
133,189,0.0
133,17,0.0
133,200,0.0
133,362,0.0
133,16,0.0
329,79,0.391183744934013
329,119,0.029238594526195878
329,352,0.028266298201986364
329,399,0.012440217752511674
329,264,0.0
329,17,0.0
329,189,0.0
329,16,0.0
329,200,0.0
329,362,0.0
185,119,0.029238594526195878
185,399,0.0
185,264,0.0
185,476,0.0
185,17,0.0
185,200,0.0
185,189,0.0
185,362,0.0
185,16,0.0
185,310,0.0
283,20,1.588861892832179
283,189,1.1101341389501576
283,264,0.7258761047194657
283,399,0.6555353751507047
283,200,0.4613818211359549
283,79,0.391183744934013
283,255,0.25954141861494173
283,352,0.028266298201986364
283,310,0.0
283,362,0.0
355,287,0.3673697415459112
355,20,0.27868582135595177
355,399,0.012440217752511674
355,310,0.0
355,476,0.0
355,189,0.0
355,17,0.0
355,264,0.0
355,362,0.0
355,16,0.0
157,119,0.0
157,20,0.0
157,399,0.0
157,476,0.0
157,264,0.0
157,200,0.0
157,189,0.0
157,362,0.0
157,17,0.0
157,16,0.0
347,119,0.8815738199024815
347,189,0.31301149672431866
347,264,0.2275923763806948
347,255,0.10381656744597668
347,399,0.07816141675126664
347,16,0.0
347,310,0.0
347,362,0.0
347,59,0.0
347,17,0.0
115,94,0.9878824215586856
115,20,0.5281219970726169
115,200,0.380082247449552
115,264,0.18180979174114842
115,476,0.0
115,362,0.0
115,399,0.0
115,17,0.0
115,16,0.0
115,189,0.0
385,119,0.4559271895084771
385,264,0.12001803084501497
385,20,0.0
385,200,0.0
385,476,0.0
385,17,0.0
385,310,0.0
385,189,0.0
385,362,0.0
385,16,0.0
291,94,0.9883471759927981
291,399,0.40292245396802373
291,189,0.29484485742542477
291,264,0.14120564739095587
291,200,0.0
291,16,0.0
291,362,0.0
291,310,0.0
291,59,0.0
291,17,0.0
89,94,1.0981635288808869
89,20,0.5692582628077396
89,399,0.4476916155200264
89,189,0.3276053971393608
89,264,0.15689516376772875
89,200,0.0
89,17,0.0
89,362,0.0
89,16,0.0
89,310,0.0
288,264,1.7924297656955135
288,20,0.966125466582468
288,94,0.6915176950910799
288,399,0.48617827919431766
288,200,0.2660575732146864
288,119,0.11197328257847414
288,362,0.0
288,17,0.0
288,189,0.0
288,16,0.0
148,119,0.7978725816398349
148,264,0.2100315539787762
148,20,0.0
148,189,0.0
148,476,0.0
148,16,0.0
148,59,0.0
148,362,0.0
148,17,0.0
148,310,0.0
182,264,2.3788041592524425
182,399,0.6945403988490252
182,119,0.17666960055564643
182,476,0.0
182,200,0.0
182,189,0.0
182,17,0.0
182,310,0.0
182,362,0.0
182,16,0.0
237,119,0.0
237,20,0.0
237,399,0.0
237,476,0.0
237,264,0.0
237,200,0.0
237,189,0.0
237,362,0.0
237,17,0.0
237,16,0.0
153,94,1.0981635288808869
153,399,0.4476916155200264
153,189,0.3276053971393608
153,264,0.15689516376772875
153,200,0.0
153,16,0.0
153,362,0.0
153,310,0.0
153,59,0.0
153,17,0.0
359,119,0.025061652451025037
359,399,0.0
359,264,0.0
359,476,0.0
359,17,0.0
359,200,0.0
359,189,0.0
359,362,0.0
359,16,0.0
359,310,0.0
255,20,0.332807243426487
255,287,0.13514136812655442
255,119,0.0852541542092265
255,310,0.0
255,476,0.0
255,189,0.0
255,17,0.0
255,200,0.0
255,362,0.0
255,16,0.0
147,119,0.7978725816398349
147,264,0.2100315539787762
147,20,0.0
147,200,0.0
147,476,0.0
147,17,0.0
147,310,0.0
147,189,0.0
147,362,0.0
147,16,0.0
198,94,1.6975353156564887
198,264,1.4492512328199
198,310,0.5990050643333433
198,200,0.43675147268930575
198,189,0.22932377799755257
198,362,0.1264160011391631
198,255,0.03439452984356389
198,59,0.0
198,134,0.0
198,17,0.0
131,119,0.0
131,20,0.0
131,399,0.0
131,476,0.0
131,264,0.0
131,200,0.0
131,189,0.0
131,362,0.0
131,17,0.0
131,16,0.0
280,119,0.7978725816398349
280,264,0.2100315539787762
280,20,0.0
280,200,0.0
280,476,0.0
280,17,0.0
280,310,0.0
280,189,0.0
280,362,0.0
280,16,0.0
219,119,0.029238594526195878
219,399,0.0
219,264,0.0
219,476,0.0
219,17,0.0
219,200,0.0
219,189,0.0
219,362,0.0
219,16,0.0
219,310,0.0
92,264,1.875194465455486
92,119,0.939084458744505
92,476,0.0
92,189,0.0
92,17,0.0
92,310,0.0
92,362,0.0
92,16,0.0
92,59,0.0
92,94,0.0
391,94,0.9883471759927981
391,20,0.5123324365269656
391,399,0.40292245396802373
391,189,0.29484485742542477
391,264,0.14120564739095587
391,200,0.0
391,17,0.0
391,362,0.0
391,16,0.0
391,310,0.0
366,264,1.3994336336049975
366,119,0.8778534977673165
366,20,0.42602862045116874
366,476,0.0
366,200,0.0
366,189,0.0
366,17,0.0
366,310,0.0
366,362,0.0
366,16,0.0
119,264,0.951521663700977
119,20,0.340822896360935
119,399,0.2778161595396101
119,119,0.06398473290198523
119,476,0.0
119,17,0.0
119,189,0.0
119,16,0.0
119,310,0.0
119,362,0.0
93,119,0.7978725816398349
93,264,0.2100315539787762
93,20,0.0
93,200,0.0
93,476,0.0
93,17,0.0
93,310,0.0
93,189,0.0
93,362,0.0
93,16,0.0
247,119,0.029238594526195878
247,399,0.0
247,264,0.0
247,476,0.0
247,17,0.0
247,200,0.0
247,189,0.0
247,362,0.0
247,16,0.0
247,310,0.0
221,94,0.9878824215586856
221,20,0.5281219970726169
221,200,0.380082247449552
221,264,0.18180979174114842
221,476,0.0
221,362,0.0
221,399,0.0
221,17,0.0
221,16,0.0
221,189,0.0
408,94,0.9883471759927981
408,20,0.5123324365269656
408,189,0.45330419956162205
408,399,0.40292245396802373
408,264,0.14120564739095587
408,476,0.0
408,16,0.0
408,362,0.0
408,59,0.0
408,17,0.0
350,119,0.029238594526195878
350,399,0.0
350,264,0.0
350,476,0.0
350,17,0.0
350,200,0.0
350,189,0.0
350,362,0.0
350,16,0.0
350,310,0.0
406,287,0.3673697415459112
406,20,0.27868582135595177
406,16,0.0
406,476,0.0
406,399,0.0
406,362,0.0
406,264,0.0
406,200,0.0
406,189,0.0
406,17,0.0
121,94,1.0981635288808869
121,20,0.5692582628077396
121,264,0.366926717746505
121,189,0.3276053971393608
121,200,0.0
121,16,0.0
121,362,0.0
121,310,0.0
121,59,0.0
121,17,0.0
212,287,0.3673697415459112
212,20,0.27868582135595177
212,16,0.0
212,476,0.0
212,399,0.0
212,362,0.0
212,264,0.0
212,200,0.0
212,189,0.0
212,17,0.0
80,119,0.0
80,20,0.0
80,399,0.0
80,476,0.0
80,264,0.0
80,200,0.0
80,189,0.0
80,362,0.0
80,17,0.0
80,16,0.0
140,119,0.0
140,20,0.0
140,399,0.0
140,476,0.0
140,264,0.0
140,200,0.0
140,189,0.0
140,362,0.0
140,17,0.0
140,16,0.0
230,264,2.1409237433271984
230,20,0.7668515168121037
230,399,0.6250863589641227
230,119,0.14396564902946676
230,476,0.0
230,362,0.0
230,200,0.0
230,17,0.0
230,16,0.0
230,189,0.0
110,264,0.8698188370476283
110,94,0.026505717024224974
110,20,0.0
110,476,0.0
110,399,0.0
110,362,0.0
110,16,0.0
110,200,0.0
110,189,0.0
110,17,0.0
114,94,0.9878824215586856
114,200,0.380082247449552
114,264,0.18180979174114842
114,119,0.025061652451025037
114,17,0.0
114,16,0.0
114,476,0.0
114,310,0.0
114,189,0.0
114,362,0.0
111,94,0.9878824215586856
111,119,0.5699089868855964
111,20,0.5281219970726169
111,200,0.380082247449552
111,264,0.3318323302974171
111,17,0.0
111,16,0.0
111,189,0.0
111,310,0.0
111,362,0.0
86,119,1.5281348875662448
86,200,0.9468979500656052
86,399,0.857755641062521
86,310,0.8557215204762048
86,189,0.5477701192675577
86,264,0.3982866586662159
86,255,0.2308140356641219
86,362,0.18059428734166158
86,287,0.04651633813490719
86,59,0.0
203,94,0.4392654115523547
203,264,0.2727896194858677
203,189,0.13104215885574433
203,476,0.0
203,362,0.0
203,16,0.0
203,59,0.0
203,17,0.0
203,310,0.0
203,287,0.0
152,20,0.9770997148175153
152,264,0.9643667648468424
152,189,0.6406168938636795
152,399,0.5258530322712931
152,255,0.10381656744597668
152,16,0.0
152,310,0.0
152,362,0.0
152,59,0.0
152,17,0.0
211,119,0.0
211,20,0.0
211,399,0.0
211,476,0.0
211,264,0.0
211,200,0.0
211,189,0.0
211,362,0.0
211,17,0.0
211,16,0.0
253,119,0.7978725816398349
253,264,0.2100315539787762
253,20,0.0
253,200,0.0
253,476,0.0
253,17,0.0
253,310,0.0
253,189,0.0
253,362,0.0
253,16,0.0
141,119,0.7978725816398349
141,264,0.2100315539787762
141,20,0.0
141,200,0.0
141,476,0.0
141,17,0.0
141,310,0.0
141,189,0.0
141,362,0.0
141,16,0.0
300,119,0.0
300,20,0.0
300,399,0.0
300,476,0.0
300,264,0.0
300,200,0.0
300,189,0.0
300,362,0.0
300,17,0.0
300,16,0.0
409,264,0.6765257621481553
409,94,0.020615557685508316
409,20,0.0
409,476,0.0
409,399,0.0
409,17,0.0
409,310,0.0
409,189,0.0
409,362,0.0
409,16,0.0
407,79,0.5255239351791682
407,287,0.3673697415459112
407,20,0.27868582135595177
407,476,0.0
407,362,0.0
407,399,0.0
407,17,0.0
407,264,0.0
407,200,0.0
407,189,0.0
372,119,0.0
372,20,0.0
372,399,0.0
372,476,0.0
372,264,0.0
372,189,0.0
372,362,0.0
372,17,0.0
372,16,0.0
372,310,0.0
174,264,0.8698188370476283
174,94,0.026505717024224974
174,20,0.0
174,476,0.0
174,399,0.0
174,362,0.0
174,16,0.0
174,200,0.0
174,189,0.0
174,17,0.0
336,94,0.7687144702166208
336,20,0.3984807839654177
336,399,0.3133841308640185
336,189,0.22932377799755257
336,264,0.10982661463741011
336,200,0.0
336,17,0.0
336,362,0.0
336,16,0.0
336,310,0.0
387,94,0.9883471759927981
387,20,0.7342039321446235
387,399,0.40292245396802373
387,189,0.29484485742542477
387,287,0.09009424541770295
387,16,0.0
387,310,0.0
387,362,0.0
387,59,0.0
387,17,0.0
175,200,0.15256548035540082
175,189,0.06791114662979884
175,119,0.0
175,20,0.0
175,399,0.0
175,476,0.0
175,264,0.0
175,362,0.0
175,17,0.0
175,16,0.0
88,119,0.0
88,20,0.0
88,399,0.0
88,476,0.0
88,264,0.0
88,189,0.0
88,362,0.0
88,17,0.0
88,16,0.0
88,310,0.0
107,399,0.4290574627328553
107,22,0.11296395910965602
107,264,0.04879974911739694
107,20,0.0
107,476,0.0
107,200,0.0
107,362,0.0
107,16,0.0
107,189,0.0
107,17,0.0
281,119,0.06601053007961305
281,287,0.04504712270885147
281,59,0.0
281,200,0.0
281,476,0.0
281,16,0.0
281,189,0.0
281,362,0.0
281,17,0.0
281,310,0.0
97,94,2.881264308196373
97,255,0.024567521316831355
97,476,0.0
97,17,0.0
97,59,0.0
97,22,0.0
97,134,0.0
97,79,0.0
97,78,0.0
97,284,0.0
179,119,2.0617092927539336
179,189,0.704275867629717
179,287,0.1801884908354059
179,399,0.17586318769034995
179,476,0.0
179,362,0.0
179,17,0.0
179,310,0.0
179,16,0.0
179,59,0.0
404,119,0.8689177101475236
404,20,0.2773393695220725
404,287,0.11261780677212868
404,59,0.0
404,200,0.0
404,362,0.0
404,16,0.0
404,189,0.0
404,17,0.0
404,310,0.0
267,119,0.0
267,20,0.0
267,399,0.0
267,476,0.0
267,264,0.0
267,200,0.0
267,189,0.0
267,362,0.0
267,17,0.0
267,16,0.0
270,119,0.0
270,20,0.0
270,399,0.0
270,476,0.0
270,264,0.0
270,200,0.0
270,189,0.0
270,362,0.0
270,17,0.0
270,16,0.0
229,20,1.0299885364095003
229,94,0.889094179402817
229,200,0.3420740227045968
229,287,0.22523561354425736
229,119,0.14209025701537747
229,17,0.0
229,16,0.0
229,189,0.0
229,310,0.0
229,362,0.0
252,119,0.7978725816398349
252,264,0.2100315539787762
252,20,0.0
252,200,0.0
252,476,0.0
252,17,0.0
252,310,0.0
252,189,0.0
252,362,0.0
252,16,0.0
163,119,0.0
163,20,0.0
163,399,0.0
163,476,0.0
163,264,0.0
163,189,0.0
163,362,0.0
163,17,0.0
163,16,0.0
163,310,0.0
321,119,0.020884710375854196
321,399,0.0
321,264,0.0
321,476,0.0
321,17,0.0
321,200,0.0
321,189,0.0
321,362,0.0
321,16,0.0
321,310,0.0
210,200,0.2542758005923347
210,189,0.11318524438299808
210,119,0.0
210,20,0.0
210,399,0.0
210,476,0.0
210,264,0.0
210,362,0.0
210,17,0.0
210,16,0.0
176,264,0.6765257621481553
176,94,0.020615557685508316
176,20,0.0
176,476,0.0
176,399,0.0
176,362,0.0
176,16,0.0
176,200,0.0
176,189,0.0
176,17,0.0
194,20,0.554678739044145
194,287,0.22523561354425736
194,119,0.14209025701537747
194,310,0.0
194,476,0.0
194,189,0.0
194,17,0.0
194,200,0.0
194,362,0.0
194,16,0.0
171,119,0.0
171,20,0.0
171,399,0.0
171,476,0.0
171,264,0.0
171,200,0.0
171,189,0.0
171,362,0.0
171,17,0.0
171,16,0.0
166,264,0.6765257621481553
166,94,0.020615557685508316
166,20,0.0
166,476,0.0
166,399,0.0
166,362,0.0
166,16,0.0
166,200,0.0
166,189,0.0
166,17,0.0
277,264,1.5181873914220398
277,20,1.0539811644336627
277,79,0.5255239351791682
277,94,0.4939412107793428
277,399,0.41672423930941516
277,200,0.190041123724776
277,119,0.09597709935297784
277,17,0.0
277,16,0.0
277,189,0.0
218,119,0.0
218,20,0.0
218,399,0.0
218,476,0.0
218,264,0.0
218,200,0.0
218,189,0.0
218,362,0.0
218,17,0.0
218,16,0.0
402,352,0.042399447302979544
402,399,0.01866032662876751
402,310,0.0
402,20,0.0
402,189,0.0
402,476,0.0
402,264,0.0
402,362,0.0
402,17,0.0
402,16,0.0
360,79,0.391183744934013
360,119,0.029238594526195878
360,352,0.028266298201986364
360,399,0.012440217752511674
360,264,0.0
360,17,0.0
360,189,0.0
360,16,0.0
360,200,0.0
360,362,0.0
365,94,3.0834838138322604
365,20,1.2247817311580147
365,399,1.0343572926118227
365,189,0.45569426676354874
365,264,0.29163640637855853
365,362,0.18059428734166158
365,287,0.04651633813490719
365,476,0.0
365,59,0.0
365,17,0.0
362,200,0.2542758005923347
362,189,0.11318524438299808
362,119,0.0
362,20,0.0
362,399,0.0
362,476,0.0
362,264,0.0
362,362,0.0
362,17,0.0
362,16,0.0
363,94,0.3951529686234742
363,200,0.35545353945368857
363,20,0.21124879882904674
363,189,0.09054819550639846
363,264,0.07272391669645936
363,476,0.0
363,362,0.0
363,399,0.0
363,17,0.0
363,16,0.0
196,119,0.0
196,20,0.0
196,399,0.0
196,476,0.0
196,264,0.0
196,200,0.0
196,189,0.0
196,362,0.0
196,17,0.0
196,16,0.0
388,94,0.9883471759927981
388,20,0.5123324365269656
388,399,0.40292245396802373
388,189,0.29484485742542477
388,264,0.14120564739095587
388,200,0.0
388,17,0.0
388,362,0.0
388,16,0.0
388,310,0.0
390,287,0.06757068406327721
390,119,0.059334845405296606
390,94,0.0
390,189,0.0
390,476,0.0
390,310,0.0
390,362,0.0
390,17,0.0
390,16,0.0
390,59,0.0
223,119,0.0
223,20,0.0
223,399,0.0
223,476,0.0
223,264,0.0
223,200,0.0
223,189,0.0
223,362,0.0
223,17,0.0
223,16,0.0
301,94,0.9878824215586856
301,20,0.5281219970726169
301,200,0.380082247449552
301,264,0.18180979174114842
301,476,0.0
301,362,0.0
301,399,0.0
301,17,0.0
301,16,0.0
301,189,0.0
73,119,0.7978725816398349
73,264,0.2100315539787762
73,20,0.0
73,200,0.0
73,476,0.0
73,17,0.0
73,310,0.0
73,189,0.0
73,362,0.0
73,16,0.0
315,119,2.510896916542748
315,20,1.3438049010921684
315,264,0.9143489262807546
315,189,0.7165711889550358
315,287,0.38325363681735386
315,352,0.09103252201638942
315,16,0.0
315,59,0.0
315,362,0.0
315,17,0.0
306,264,2.1203476642380994
306,119,1.8249976174813871
306,20,1.4121229726511877
306,399,0.642501112696851
306,189,0.6260229934486373
306,200,0.3691054569087639
306,255,0.20763313489195337
306,362,0.0
306,17,0.0
306,16,0.0
312,119,1.9271523767657772
312,20,1.4457652640946121
312,200,0.7953258864719114
312,189,0.704275867629717
312,264,0.6938926385977117
312,399,0.17586318769034995
312,476,0.0
312,362,0.0
312,17,0.0
312,16,0.0
309,20,1.2958002321376534
309,399,0.6945403988490252
309,119,0.27363403786726503
309,476,0.0
309,200,0.0
309,189,0.0
309,17,0.0
309,310,0.0
309,362,0.0
309,16,0.0
279,94,0.4939412107793428
279,287,0.47998754831803986
279,200,0.190041123724776
279,119,0.11281454925939713
279,16,0.0
279,310,0.0
279,476,0.0
279,59,0.0
279,362,0.0
279,17,0.0
358,352,0.028266298201986364
358,399,0.012440217752511674
358,16,0.0
358,20,0.0
358,200,0.0
358,476,0.0
358,264,0.0
358,189,0.0
358,362,0.0
358,17,0.0
233,20,0.2773393695220725
233,287,0.11261780677212868
233,119,0.07104512850768874
233,310,0.0
233,476,0.0
233,189,0.0
233,17,0.0
233,200,0.0
233,362,0.0
233,16,0.0
348,119,0.0
348,20,0.0
348,399,0.0
348,476,0.0
348,264,0.0
348,200,0.0
348,189,0.0
348,362,0.0
348,17,0.0
348,16,0.0
227,94,0.9878824215586856
227,20,0.5281219970726169
227,200,0.380082247449552
227,264,0.18180979174114842
227,476,0.0
227,362,0.0
227,399,0.0
227,17,0.0
227,16,0.0
227,189,0.0
273,119,1.9271523767657772
273,20,1.1860043221299774
273,200,0.9767812467657525
273,399,0.8247390332633738
273,310,0.7701493684285843
273,189,0.704275867629717
273,264,0.5120828468565632
273,255,0.277808815123744
273,362,0.16253485860749542
273,287,0.04186470432141647
162,94,0.9878824215586856
162,200,0.380082247449552
162,264,0.18180979174114842
162,119,0.020884710375854196
162,17,0.0
162,16,0.0
162,476,0.0
162,310,0.0
162,189,0.0
162,362,0.0
106,94,0.6588981173285321
106,399,0.5464311288516259
106,189,0.28711143379001497
106,200,0.20342064047386776
106,476,0.0
106,362,0.0
106,17,0.0
106,59,0.0
106,134,0.0
106,16,0.0
169,119,0.0
169,20,0.0
169,399,0.0
169,476,0.0
169,264,0.0
169,200,0.0
169,189,0.0
169,362,0.0
169,17,0.0
169,16,0.0
302,94,0.9883471759927981
302,20,0.5123324365269656
302,399,0.40292245396802373
302,189,0.29484485742542477
302,264,0.14120564739095587
302,200,0.0
302,17,0.0
302,362,0.0
302,16,0.0
302,310,0.0
310,119,0.0
310,20,0.0
310,399,0.0
310,476,0.0
310,264,0.0
310,200,0.0
310,189,0.0
310,362,0.0
310,17,0.0
310,16,0.0
298,119,0.0
298,20,0.0
298,399,0.0
298,476,0.0
298,264,0.0
298,200,0.0
298,189,0.0
298,362,0.0
298,17,0.0
298,16,0.0
274,79,0.3259864541116775
274,352,0.0235552485016553
274,399,0.010366848127093063
274,20,0.0
274,476,0.0
274,200,0.0
274,362,0.0
274,264,0.0
274,189,0.0
274,17,0.0
340,94,0.5490817644404434
340,20,0.2846291314038698
340,399,0.2238458077600132
340,189,0.1638026985696804
340,264,0.07844758188386437
340,200,0.0
340,17,0.0
340,362,0.0
340,16,0.0
340,310,0.0
246,20,1.0137271450957064
246,255,0.6374008928999036
246,94,0.5608620831178768
246,200,0.5380859299179747
246,399,0.5016619672996233
246,189,0.2769879429526785
246,352,0.07080307267941399
246,59,0.0
246,362,0.0
246,17,0.0
342,119,0.020884710375854196
342,399,0.0
342,264,0.0
342,476,0.0
342,17,0.0
342,200,0.0
342,189,0.0
342,362,0.0
342,16,0.0
342,310,0.0
292,119,1.3842314310879489
292,20,1.0000372953455652
292,189,0.46951724508647796
292,200,0.2768290926815729
292,287,0.15766492948098015
292,255,0.15572485116896503
292,399,0.11724212512689997
292,16,0.0
292,310,0.0
292,362,0.0
135,287,0.11261780677212868
135,119,0.09192983888354293
135,59,0.0
135,200,0.0
135,476,0.0
135,16,0.0
135,189,0.0
135,362,0.0
135,17,0.0
135,310,0.0
214,94,0.7687144702166208
214,399,0.3133841308640185
214,189,0.22932377799755257
214,264,0.10982661463741011
214,200,0.0
214,16,0.0
214,362,0.0
214,310,0.0
214,59,0.0
214,17,0.0
192,119,0.6178058608931347
192,200,0.5169316366842152
192,94,0.3951529686234742
192,310,0.28371724564842904
192,476,0.0
192,189,0.0
192,17,0.0
192,59,0.0
192,362,0.0
192,16,0.0
278,264,2.1409237433271984
278,399,0.6250863589641227
278,119,0.16485035940532095
278,476,0.0
278,200,0.0
278,189,0.0
278,17,0.0
278,310,0.0
278,362,0.0
278,16,0.0
319,20,0.2773393695220725
319,287,0.11261780677212868
319,119,0.07104512850768874
319,310,0.0
319,476,0.0
319,189,0.0
319,17,0.0
319,200,0.0
319,362,0.0
319,16,0.0
186,20,0.9292473120581233
186,399,0.48617827919431766
186,119,0.19722743678770063
186,476,0.0
186,200,0.0
186,189,0.0
186,17,0.0
186,310,0.0
186,362,0.0
186,16,0.0
234,264,0.6765257621481553
234,94,0.020615557685508316
234,20,0.0
234,476,0.0
234,399,0.0
234,362,0.0
234,16,0.0
234,200,0.0
234,189,0.0
234,17,0.0
330,119,0.0
330,20,0.0
330,399,0.0
330,476,0.0
330,264,0.0
330,200,0.0
330,189,0.0
330,362,0.0
330,17,0.0
330,16,0.0
378,119,0.7978725816398349
378,264,0.2100315539787762
378,20,0.0
378,200,0.0
378,476,0.0
378,17,0.0
378,310,0.0
378,189,0.0
378,362,0.0
378,16,0.0
394,94,0.9883471759927981
394,20,0.5123324365269656
394,399,0.40292245396802373
394,189,0.29484485742542477
394,264,0.14120564739095587
394,200,0.0
394,17,0.0
394,362,0.0
394,16,0.0
394,310,0.0
295,79,0.7882859027687522
295,287,0.5510546123188668
295,20,0.41802873203392765
295,476,0.0
295,362,0.0
295,399,0.0
295,17,0.0
295,264,0.0
295,200,0.0
295,189,0.0
241,119,0.7978725816398349
241,264,0.2100315539787762
241,20,0.0
241,200,0.0
241,476,0.0
241,17,0.0
241,310,0.0
241,189,0.0
241,362,0.0
241,16,0.0
132,119,0.7978725816398349
132,79,0.391183744934013
132,264,0.2100315539787762
132,352,0.028266298201986364
132,17,0.0
132,16,0.0
132,476,0.0
132,310,0.0
132,189,0.0
132,362,0.0
222,94,0.9288208454398679
222,310,0.5990050643333433
222,399,0.504681213223463
222,200,0.43675147268930575
222,20,0.20872526508398598
222,362,0.1264160011391631
222,255,0.03439452984356389
222,287,0.03256143669443503
222,264,0.0
222,189,0.0
224,119,0.0
224,20,0.0
224,399,0.0
224,476,0.0
224,264,0.0
224,200,0.0
224,189,0.0
224,362,0.0
224,17,0.0
224,16,0.0
303,20,0.554678739044145
303,287,0.22523561354425736
303,119,0.14209025701537747
303,310,0.0
303,476,0.0
303,189,0.0
303,17,0.0
303,200,0.0
303,362,0.0
303,16,0.0
217,94,0.9883471759927981
217,20,0.5123324365269656
217,399,0.40292245396802373
217,189,0.29484485742542477
217,264,0.14120564739095587
217,200,0.0
217,17,0.0
217,362,0.0
217,16,0.0
217,310,0.0
293,264,1.1894020796262212
293,20,0.42602862045116874
293,399,0.3472701994245126
293,119,0.07998091612748154
293,476,0.0
293,362,0.0
293,200,0.0
293,17,0.0
293,16,0.0
293,189,0.0
240,200,0.2542758005923347
240,287,0.13514136812655442
240,189,0.11318524438299808
240,119,0.11031580666025154
240,16,0.0
240,59,0.0
240,476,0.0
240,94,0.0
240,362,0.0
240,17,0.0
158,119,0.0
158,20,0.0
158,399,0.0
158,476,0.0
158,264,0.0
158,200,0.0
158,189,0.0
158,362,0.0
158,17,0.0
158,16,0.0
204,287,0.11261780677212868
204,119,0.09192983888354293
204,59,0.0
204,200,0.0
204,476,0.0
204,16,0.0
204,189,0.0
204,362,0.0
204,17,0.0
204,310,0.0
294,119,2.0266155566765414
294,20,1.3059183843528968
294,189,0.704275867629717
294,200,0.4152436390223594
294,255,0.23358727675344754
294,399,0.17586318769034995
294,287,0.15766492948098015
294,16,0.0
294,310,0.0
294,362,0.0
367,119,0.8117720155765554
367,20,0.49921086513973045
367,79,0.391183744934013
367,287,0.20271205218983163
367,352,0.028266298201986364
367,94,0.011780318677433323
367,310,0.0
367,189,0.0
367,362,0.0
367,17,0.0
77,119,0.7978725816398349
77,287,0.3673697415459112
77,20,0.27868582135595177
77,264,0.2100315539787762
77,200,0.0
77,17,0.0
77,189,0.0
77,16,0.0
77,310,0.0
77,362,0.0
337,20,1.7335489138328108
337,94,0.9619052110800677
337,399,0.7794781268392333
337,79,0.5255239351791682
337,189,0.1638026985696804
337,362,0.0
337,310,0.0
337,17,0.0
337,59,0.0
337,16,0.0
138,264,1.2920454105981642
138,399,1.231869971693091
138,189,0.14114644900156476
138,16,0.0010740780434833383
138,119,0.0
138,20,0.0
138,200,0.0
138,476,0.0
138,310,0.0
138,17,0.0
226,94,0.5490817644404434
226,20,0.2846291314038698
226,399,0.2238458077600132
226,189,0.1638026985696804
226,264,0.07844758188386437
226,200,0.0
226,17,0.0
226,362,0.0
226,16,0.0
226,310,0.0
399,119,1.9480370871416315
399,189,0.704275867629717
399,264,0.5120828468565632
399,255,0.23358727675344754
399,399,0.17586318769034995
399,16,0.0
399,310,0.0
399,362,0.0
399,59,0.0
399,17,0.0
243,94,0.5490817644404434
243,20,0.2846291314038698
243,399,0.2238458077600132
243,189,0.1638026985696804
243,264,0.07844758188386437
243,16,0.0
243,310,0.0
243,362,0.0
243,59,0.0
243,17,0.0
124,264,0.6765257621481553
124,119,0.025061652451025037
124,94,0.020615557685508316
124,200,0.0
124,17,0.0
124,476,0.0
124,16,0.0
124,310,0.0
124,189,0.0
124,362,0.0
126,287,0.15766492948098015
126,119,0.1161709482114476
126,59,0.0
126,200,0.0
126,476,0.0
126,16,0.0
126,189,0.0
126,362,0.0
126,17,0.0
126,310,0.0
276,119,0.0
276,20,0.0
276,399,0.0
276,476,0.0
276,264,0.0
276,200,0.0
276,189,0.0
276,362,0.0
276,17,0.0
276,16,0.0
112,264,1.507386312364525
112,399,1.4371816336419394
112,189,0.16467085716849222
112,16,0.0012530910507305613
112,119,0.0
112,20,0.0
112,200,0.0
112,476,0.0
112,310,0.0
112,17,0.0
311,255,0.8195154337284475
311,287,0.38325363681735386
311,200,0.3648987377043943
311,310,0.28371724564842904
311,352,0.09103252201638942
311,264,0.06732282779944049
311,17,0.0
311,16,0.0
311,399,0.0
311,189,0.0
244,119,0.5720981377199247
244,287,0.15766492948098015
244,94,0.0
244,189,0.0
244,200,0.0
244,310,0.0
244,362,0.0
244,17,0.0
244,16,0.0
244,59,0.0
72,119,0.7978725816398349
72,264,0.2100315539787762
72,20,0.0
72,200,0.0
72,476,0.0
72,17,0.0
72,310,0.0
72,189,0.0
72,362,0.0
72,16,0.0
202,94,0.7687144702166208
202,189,0.319871973503951
202,200,0.20342064047386776
202,476,0.0
202,362,0.0
202,16,0.0
202,134,0.0
202,17,0.0
202,59,0.0
202,79,0.0
122,119,0.7978725816398349
122,264,0.2100315539787762
122,20,0.0
122,200,0.0
122,476,0.0
122,17,0.0
122,310,0.0
122,189,0.0
122,362,0.0
122,16,0.0
81,264,1.0767045088318037
81,399,1.0265583097442423
81,189,0.11762204083463731
81,16,8.950650362361151E-4
81,119,0.0
81,20,0.0
81,200,0.0
81,476,0.0
81,310,0.0
81,17,0.0
261,20,0.554678739044145
261,287,0.22523561354425736
261,119,0.14209025701537747
261,59,0.0
261,476,0.0
261,362,0.0
261,16,0.0
261,189,0.0
261,17,0.0
261,310,0.0
264,94,0.6915176950910799
264,20,0.3696853979508318
264,200,0.2660575732146864
264,264,0.12726685421880388
264,476,0.0
264,362,0.0
264,399,0.0
264,17,0.0
264,16,0.0
264,189,0.0
102,94,0.6588981173285321
102,20,0.3415549576846437
102,399,0.26861496931201584
102,189,0.1965632382836165
102,264,0.09413709826063724
102,200,0.0
102,17,0.0
102,362,0.0
102,16,0.0
102,310,0.0
232,119,0.0
232,20,0.0
232,399,0.0
232,476,0.0
232,264,0.0
232,200,0.0
232,189,0.0
232,362,0.0
232,17,0.0
232,16,0.0
263,20,0.22187149561765798
263,287,0.09009424541770295
263,119,0.05683610280615099
263,310,0.0
263,476,0.0
263,189,0.0
263,17,0.0
263,200,0.0
263,362,0.0
263,16,0.0
268,119,0.0
268,20,0.0
268,399,0.0
268,476,0.0
268,264,0.0
268,200,0.0
268,189,0.0
268,362,0.0
268,17,0.0
268,16,0.0
396,287,0.24491316103060745
396,119,0.016707768300683358
396,59,0.0
396,264,0.0
396,476,0.0
396,16,0.0
396,189,0.0
396,362,0.0
396,17,0.0
396,310,0.0
397,287,0.47998754831803986
397,119,0.09192983888354293
397,94,0.0
397,189,0.0
397,476,0.0
397,310,0.0
397,362,0.0
397,17,0.0
397,16,0.0
397,59,0.0
129,20,0.49921086513973045
129,287,0.20271205218983163
129,119,0.12788123131383974
129,310,0.0
129,476,0.0
129,189,0.0
129,17,0.0
129,200,0.0
129,362,0.0
129,16,0.0
333,94,0.5490817644404434
333,399,0.514102185052135
333,189,0.1638026985696804
333,352,0.028266298201986364
333,362,0.0
333,310,0.0
333,200,0.0
333,59,0.0
333,17,0.0
333,16,0.0
369,119,0.0
369,20,0.0
369,399,0.0
369,476,0.0
369,264,0.0
369,200,0.0
369,189,0.0
369,362,0.0
369,17,0.0
369,16,0.0
259,264,1.875194465455486
259,119,0.909845864218309
259,20,0.5964400686316362
259,476,0.0
259,200,0.0
259,189,0.0
259,17,0.0
259,310,0.0
259,362,0.0
259,16,0.0
161,94,0.3951529686234742
161,200,0.1520328989798208
161,264,0.07272391669645936
161,119,0.016707768300683358
161,17,0.0
161,16,0.0
161,476,0.0
161,310,0.0
161,189,0.0
161,362,0.0
403,94,0.5490817644404434
403,189,0.399046780238955
403,287,0.09009424541770295
403,16,0.0017901300724722303
403,476,0.0
403,200,0.0
403,310,0.0
403,17,0.0
403,134,0.0
403,59,0.0
258,94,0.9589601314107092
258,264,0.6344041858290062
258,20,0.49587793023291654
258,399,0.2238458077600132
258,189,0.1638026985696804
258,200,0.1520328989798208
258,17,0.0
258,16,0.0
258,362,0.0
258,310,0.0
215,119,0.025061652451025037
215,399,0.0
215,264,0.0
215,476,0.0
215,17,0.0
215,200,0.0
215,189,0.0
215,362,0.0
215,16,0.0
215,310,0.0
164,119,0.0
164,20,0.0
164,399,0.0
164,476,0.0
164,264,0.0
164,200,0.0
164,189,0.0
164,362,0.0
164,17,0.0
164,16,0.0
357,20,0.49921086513973045
357,287,0.20271205218983163
357,119,0.12788123131383974
357,310,0.0
357,476,0.0
357,189,0.0
357,17,0.0
357,200,0.0
357,362,0.0
357,16,0.0
190,94,0.5490817644404434
190,264,0.2284701204401331
190,189,0.1638026985696804
190,476,0.0
190,362,0.0
190,200,0.0
190,310,0.0
190,17,0.0
190,16,0.0
190,59,0.0
307,119,0.029238594526195878
307,399,0.0
307,264,0.0
307,476,0.0
307,17,0.0
307,200,0.0
307,189,0.0
307,362,0.0
307,16,0.0
307,310,0.0
238,119,0.0
238,20,0.0
238,399,0.0
238,476,0.0
238,264,0.0
238,200,0.0
238,189,0.0
238,362,0.0
238,17,0.0
238,16,0.0
165,94,0.8785308231047094
165,20,0.45540661024619167
165,399,0.3581532924160211
165,189,0.26208431771148866
165,264,0.125516131014183
165,200,0.0
165,17,0.0
165,362,0.0
165,16,0.0
165,310,0.0
225,119,0.0
225,20,0.0
225,399,0.0
225,476,0.0
225,264,0.0
225,200,0.0
225,189,0.0
225,362,0.0
225,17,0.0
225,16,0.0
242,119,0.029238594526195878
242,399,0.0
242,264,0.0
242,476,0.0
242,17,0.0
242,200,0.0
242,189,0.0
242,362,0.0
242,16,0.0
242,310,0.0
338,94,1.0981635288808869
338,189,0.3276053971393608
338,476,0.0
338,17,0.0
338,362,0.0
338,134,0.0
338,16,0.0
338,310,0.0
338,59,0.0
338,79,0.0
326,119,0.020884710375854196
326,399,0.0
326,264,0.0
326,476,0.0
326,17,0.0
326,200,0.0
326,189,0.0
326,362,0.0
326,16,0.0
326,310,0.0
96,119,0.037592478676537554
96,399,0.0
96,264,0.0
96,476,0.0
96,17,0.0
96,200,0.0
96,189,0.0
96,362,0.0
96,16,0.0
96,310,0.0
94,264,0.8613636070654429
94,399,0.8212466477953939
94,189,0.09409763266770985
94,16,7.160520289888921E-4
94,119,0.0
94,20,0.0
94,200,0.0
94,476,0.0
94,310,0.0
94,17,0.0
123,119,0.0
123,20,0.0
123,399,0.0
123,476,0.0
123,264,0.0
123,200,0.0
123,189,0.0
123,362,0.0
123,17,0.0
123,16,0.0
392,79,0.5255239351791682
392,94,0.3951529686234742
392,399,0.2778161595396101
392,119,0.14588248815916127
392,189,0.0
392,310,0.0
392,17,0.0
392,59,0.0
392,362,0.0
392,16,0.0
343,79,0.5255239351791682
343,20,0.5005573169736097
343,287,0.4574639869636141
343,119,0.05683610280615099
343,476,0.0
343,16,0.0
343,362,0.0
343,310,0.0
343,189,0.0
343,17,0.0
120,94,0.7687144702166208
120,20,0.3984807839654177
120,399,0.3133841308640185
120,189,0.22932377799755257
120,264,0.10982661463741011
120,200,0.0
120,17,0.0
120,362,0.0
120,16,0.0
120,310,0.0
344,94,0.9494364031253761
344,310,0.5990050643333433
344,20,0.5970003824148875
344,399,0.504681213223463
344,200,0.43675147268930575
344,287,0.1902263661754152
344,362,0.1264160011391631
344,119,0.09946317991076424
344,255,0.03439452984356389
344,189,0.0
213,264,0.3865861497989459
213,200,0.20342064047386776
213,189,0.09054819550639846
213,119,0.020884710375854196
213,94,0.011780318677433323
213,17,0.0
213,16,0.0
213,476,0.0
213,59,0.0
213,362,0.0
305,119,0.020884710375854196
305,399,0.0
305,264,0.0
305,476,0.0
305,17,0.0
305,200,0.0
305,189,0.0
305,362,0.0
305,16,0.0
305,310,0.0
314,119,0.029238594526195878
314,399,0.0
314,264,0.0
314,476,0.0
314,17,0.0
314,200,0.0
314,189,0.0
314,362,0.0
314,16,0.0
314,310,0.0
75,264,1.4272824955514656
75,20,0.5112343445414025
75,399,0.41672423930941516
75,119,0.09597709935297784
75,476,0.0
75,362,0.0
75,200,0.0
75,17,0.0
75,16,0.0
75,189,0.0
262,119,0.037592478676537554
262,399,0.0
262,264,0.0
262,476,0.0
262,17,0.0
262,200,0.0
262,189,0.0
262,362,0.0
262,16,0.0
262,310,0.0
216,94,0.21963270577617736
216,20,0.11385165256154792
216,399,0.08953832310400528
216,189,0.06552107942787216
216,264,0.03137903275354575
216,200,0.0
216,17,0.0
216,362,0.0
216,16,0.0
216,310,0.0
220,79,0.5255239351791682
220,287,0.3673697415459112
220,20,0.27868582135595177
220,476,0.0
220,362,0.0
220,399,0.0
220,17,0.0
220,264,0.0
220,200,0.0
220,189,0.0
377,264,1.4272824955514656
377,399,0.41672423930941516
377,119,0.1126848676536612
377,476,0.0
377,200,0.0
377,189,0.0
377,17,0.0
377,310,0.0
377,362,0.0
377,16,0.0
316,119,2.725024958405612
316,20,0.9176432670219954
316,264,0.7221144008353395
316,189,0.704275867629717
316,200,0.4152436390223594
316,255,0.23358727675344754
316,17,0.0
316,16,0.0
316,362,0.0
316,310,0.0
209,119,1.9271523767657772
209,20,0.9176432670219954
209,189,0.704275867629717
209,264,0.5120828468565632
209,200,0.4152436390223594
209,255,0.23358727675344754
209,399,0.17586318769034995
209,362,0.0
209,17,0.0
209,16,0.0
265,119,0.0
265,20,0.0
265,399,0.0
265,476,0.0
265,264,0.0
265,200,0.0
265,189,0.0
265,362,0.0
265,17,0.0
265,16,0.0
167,287,0.5475582323813171
167,119,0.13037997391298534
167,59,0.0
167,200,0.0
167,476,0.0
167,16,0.0
167,189,0.0
167,362,0.0
167,17,0.0
167,310,0.0
178,94,0.6588981173285321
178,20,0.3415549576846437
178,399,0.26861496931201584
178,189,0.1965632382836165
178,264,0.09413709826063724
178,200,0.0
178,17,0.0
178,362,0.0
178,16,0.0
178,310,0.0
289,119,0.025061652451025037
289,399,0.0
289,264,0.0
289,476,0.0
289,17,0.0
289,200,0.0
289,189,0.0
289,362,0.0
289,16,0.0
289,310,0.0
287,20,0.2773393695220725
287,287,0.11261780677212868
287,119,0.07104512850768874
287,310,0.0
287,476,0.0
287,189,0.0
287,17,0.0
287,200,0.0
287,362,0.0
287,16,0.0
380,287,0.13514136812655442
380,119,0.11031580666025154
380,59,0.0
380,200,0.0
380,476,0.0
380,16,0.0
380,189,0.0
380,362,0.0
380,17,0.0
380,310,0.0
356,20,0.2773393695220725
356,287,0.11261780677212868
356,119,0.07104512850768874
356,310,0.0
356,476,0.0
356,189,0.0
356,17,0.0
356,200,0.0
356,362,0.0
356,16,0.0
354,287,0.11261780677212868
354,119,0.09192983888354293
354,59,0.0
354,200,0.0
354,476,0.0
354,16,0.0
354,189,0.0
354,362,0.0
354,17,0.0
354,310,0.0
376,264,1.6651629114767097
376,20,0.5964400686316362
376,399,0.48617827919431766
376,119,0.11197328257847414
376,476,0.0
376,362,0.0
376,200,0.0
376,17,0.0
376,16,0.0
376,189,0.0
346,119,0.5699089868855964
346,264,0.1500225385562687
346,20,0.0
346,200,0.0
346,476,0.0
346,17,0.0
346,310,0.0
346,189,0.0
346,362,0.0
346,16,0.0
101,119,0.0
101,20,0.0
101,399,0.0
101,476,0.0
101,264,0.0
101,200,0.0
101,189,0.0
101,362,0.0
101,17,0.0
101,16,0.0
109,255,0.8195154337284475
109,287,0.38325363681735386
109,200,0.3648987377043943
109,310,0.28371724564842904
109,352,0.09103252201638942
109,264,0.06732282779944049
109,17,0.0
109,16,0.0
109,399,0.0
109,189,0.0
191,119,0.0
191,20,0.0
191,399,0.0
191,476,0.0
191,264,0.0
191,200,0.0
191,189,0.0
191,362,0.0
191,17,0.0
191,16,0.0
184,264,0.5741375831192566
184,94,0.5086666091261345
184,20,0.26406099853630843
184,200,0.190041123724776
184,476,0.0
184,362,0.0
184,399,0.0
184,17,0.0
184,16,0.0
184,189,0.0
352,119,0.029238594526195878
352,399,0.0
352,264,0.0
352,476,0.0
352,17,0.0
352,200,0.0
352,189,0.0
352,362,0.0
352,16,0.0
352,310,0.0
231,119,0.0
231,20,0.0
231,399,0.0
231,476,0.0
231,264,0.0
231,189,0.0
231,362,0.0
231,17,0.0
231,16,0.0
231,310,0.0
187,79,0.5255239351791682
187,287,0.3673697415459112
187,20,0.27868582135595177
187,476,0.0
187,362,0.0
187,399,0.0
187,17,0.0
187,264,0.0
187,200,0.0
187,189,0.0
297,20,0.2773393695220725
297,287,0.11261780677212868
297,119,0.07104512850768874
297,310,0.0
297,476,0.0
297,189,0.0
297,17,0.0
297,200,0.0
297,362,0.0
297,16,0.0
228,287,0.09009424541770295
228,119,0.07772081318200519
228,59,0.0
228,200,0.0
228,476,0.0
228,16,0.0
228,189,0.0
228,362,0.0
228,17,0.0
228,310,0.0
308,119,0.6838907842627157
308,264,0.18002704626752247
308,20,0.0
308,200,0.0
308,476,0.0
308,17,0.0
308,310,0.0
308,189,0.0
308,362,0.0
308,16,0.0
139,119,0.0
139,20,0.0
139,399,0.0
139,476,0.0
139,264,0.0
139,200,0.0
139,189,0.0
139,362,0.0
139,17,0.0
139,16,0.0
373,94,0.5927294529352113
373,20,0.3168731982435701
373,200,0.2280493484697312
373,264,0.10908587504468904
373,476,0.0
373,362,0.0
373,399,0.0
373,17,0.0
373,16,0.0
373,189,0.0
168,20,0.332807243426487
168,287,0.13514136812655442
168,119,0.0852541542092265
168,310,0.0
168,476,0.0
168,189,0.0
168,17,0.0
168,200,0.0
168,362,0.0
168,16,0.0
400,264,0.6765257621481553
400,94,0.020615557685508316
400,20,0.0
400,476,0.0
400,399,0.0
400,362,0.0
400,16,0.0
400,200,0.0
400,189,0.0
400,17,0.0
320,94,0.9878824215586856
320,20,0.5281219970726169
320,200,0.380082247449552
320,264,0.18180979174114842
320,476,0.0
320,362,0.0
320,399,0.0
320,17,0.0
320,16,0.0
320,189,0.0
95,119,0.020884710375854196
95,399,0.0
95,264,0.0
95,476,0.0
95,17,0.0
95,200,0.0
95,189,0.0
95,362,0.0
95,16,0.0
95,310,0.0
353,20,0.332807243426487
353,287,0.13514136812655442
353,119,0.0852541542092265
353,310,0.0
353,476,0.0
353,189,0.0
353,17,0.0
353,200,0.0
353,362,0.0
353,16,0.0
260,119,0.0
260,20,0.0
260,399,0.0
260,476,0.0
260,264,0.0
260,200,0.0
260,189,0.0
260,362,0.0
260,17,0.0
260,16,0.0
83,94,0.5490817644404434
83,20,0.2846291314038698
83,399,0.2238458077600132
83,189,0.1638026985696804
83,264,0.07844758188386437
83,200,0.0
83,17,0.0
83,362,0.0
83,16,0.0
83,310,0.0
250,94,0.4392654115523547
250,20,0.22770330512309583
250,399,0.17907664620801056
250,189,0.13104215885574433
250,264,0.0627580655070915
250,200,0.0
250,17,0.0
250,362,0.0
250,16,0.0
250,310,0.0
395,119,0.020884710375854196
395,399,0.0
395,264,0.0
395,476,0.0
395,17,0.0
395,200,0.0
395,189,0.0
395,362,0.0
395,16,0.0
395,310,0.0
183,79,0.5255239351791682
183,287,0.3673697415459112
183,20,0.27868582135595177
183,476,0.0
183,362,0.0
183,399,0.0
183,17,0.0
183,264,0.0
183,200,0.0
183,189,0.0
275,79,0.7006985802388909
275,287,0.4898263220612149
275,20,0.371581095141269
275,476,0.0
275,362,0.0
275,399,0.0
275,17,0.0
275,264,0.0
275,200,0.0
275,189,0.0
173,119,0.016707768300683358
173,399,0.0
173,264,0.0
173,476,0.0
173,17,0.0
173,200,0.0
173,189,0.0
173,362,0.0
173,16,0.0
173,310,0.0
272,255,0.9105727041427194
272,287,0.42583737424150425
272,200,0.40544304189377145
272,310,0.3152413840538101
272,352,0.10114724668487714
272,264,0.07480314199937832
272,17,0.0
272,16,0.0
272,399,0.0
272,189,0.0
304,119,0.029238594526195878
304,399,0.0
304,264,0.0
304,476,0.0
304,17,0.0
304,200,0.0
304,189,0.0
304,362,0.0
304,16,0.0
304,310,0.0
318,119,0.029238594526195878
318,399,0.0
318,264,0.0
318,476,0.0
318,17,0.0
318,200,0.0
318,189,0.0
318,362,0.0
318,16,0.0
318,310,0.0
125,287,0.11261780677212868
125,119,0.08775289680837209
125,59,0.0
125,200,0.0
125,476,0.0
125,16,0.0
125,189,0.0
125,362,0.0
125,17,0.0
125,310,0.0
374,119,0.0
374,20,0.0
374,399,0.0
374,476,0.0
374,264,0.0
374,200,0.0
374,189,0.0
374,362,0.0
374,17,0.0
374,16,0.0
317,94,0.5927294529352113
317,20,0.3168731982435701
317,200,0.2280493484697312
317,264,0.10908587504468904
317,476,0.0
317,362,0.0
317,399,0.0
317,17,0.0
317,16,0.0
317,189,0.0
177,119,0.0
177,20,0.0
177,399,0.0
177,476,0.0
177,264,0.0
177,200,0.0
177,189,0.0
177,362,0.0
177,17,0.0
177,16,0.0
149,20,0.2773393695220725
149,287,0.11261780677212868
149,119,0.07104512850768874
149,310,0.0
149,476,0.0
149,189,0.0
149,17,0.0
149,200,0.0
149,362,0.0
149,16,0.0
327,119,0.0
327,20,0.0
327,399,0.0
327,476,0.0
327,264,0.0
327,200,0.0
327,189,0.0
327,362,0.0
327,17,0.0
327,16,0.0
207,119,0.0
207,20,0.0
207,399,0.0
207,476,0.0
207,264,0.0
207,200,0.0
207,189,0.0
207,362,0.0
207,17,0.0
207,16,0.0
361,20,0.554678739044145
361,287,0.22523561354425736
361,119,0.14209025701537747
361,310,0.0
361,476,0.0
361,189,0.0
361,17,0.0
361,200,0.0
361,362,0.0
361,16,0.0
339,119,0.025061652451025037
339,399,0.0
339,264,0.0
339,476,0.0
339,17,0.0
339,200,0.0
339,189,0.0
339,362,0.0
339,16,0.0
339,310,0.0
351,119,0.0
351,20,0.0
351,399,0.0
351,476,0.0
351,264,0.0
351,200,0.0
351,189,0.0
351,362,0.0
351,17,0.0
351,16,0.0
266,119,0.0
266,20,0.0
266,399,0.0
266,476,0.0
266,264,0.0
266,200,0.0
266,189,0.0
266,362,0.0
266,17,0.0
266,16,0.0
386,119,0.016707768300683358
386,399,0.0
386,264,0.0
386,476,0.0
386,17,0.0
386,200,0.0
386,189,0.0
386,362,0.0
386,16,0.0
386,310,0.0
285,287,0.3673697415459112
285,20,0.27868582135595177
285,399,0.012440217752511674
285,16,0.0
285,476,0.0
285,200,0.0
285,362,0.0
285,264,0.0
285,189,0.0
285,17,0.0
127,119,0.0
127,20,0.0
127,399,0.0
127,476,0.0
127,264,0.0
127,200,0.0
127,189,0.0
127,362,0.0
127,17,0.0
127,16,0.0
341,264,0.3865861497989459
341,94,0.011780318677433323
341,20,0.0
341,476,0.0
341,399,0.0
341,362,0.0
341,16,0.0
341,200,0.0
341,189,0.0
341,17,0.0
130,287,0.3673697415459112
130,20,0.27868582135595177
130,16,0.0
130,476,0.0
130,399,0.0
130,362,0.0
130,264,0.0
130,200,0.0
130,189,0.0
130,17,0.0
364,119,0.025061652451025037
364,399,0.0
364,264,0.0
364,476,0.0
364,17,0.0
364,200,0.0
364,189,0.0
364,362,0.0
364,16,0.0
364,310,0.0
331,20,0.3882751173309015
331,287,0.15766492948098015
331,119,0.09946317991076424
331,310,0.0
331,476,0.0
331,189,0.0
331,17,0.0
331,200,0.0
331,362,0.0
331,16,0.0
332,94,0.9878824215586856
332,20,0.5281219970726169
332,200,0.380082247449552
332,264,0.18180979174114842
332,476,0.0
332,362,0.0
332,399,0.0
332,17,0.0
332,16,0.0
332,189,0.0
389,119,0.0
389,20,0.0
389,399,0.0
389,476,0.0
389,264,0.0
389,189,0.0
389,362,0.0
389,17,0.0
389,16,0.0
389,310,0.0
146,94,0.7687144702166208
146,20,0.3984807839654177
146,399,0.3133841308640185
146,189,0.22932377799755257
146,264,0.10982661463741011
146,200,0.0
146,17,0.0
146,362,0.0
146,16,0.0
146,310,0.0
328,119,0.020884710375854196
328,399,0.0
328,264,0.0
328,476,0.0
328,17,0.0
328,200,0.0
328,189,0.0
328,362,0.0
328,16,0.0
328,310,0.0
322,119,0.025061652451025037
322,399,0.0
322,264,0.0
322,476,0.0
322,17,0.0
322,200,0.0
322,189,0.0
322,362,0.0
322,16,0.0
322,310,0.0
181,119,0.04176942075170839
181,399,0.0
181,264,0.0
181,476,0.0
181,17,0.0
181,200,0.0
181,189,0.0
181,362,0.0
181,16,0.0
181,310,0.0
299,119,0.0
299,20,0.0
299,399,0.0
299,476,0.0
299,264,0.0
299,200,0.0
299,189,0.0
299,362,0.0
299,17,0.0
299,16,0.0
313,119,0.0
313,20,0.0
313,399,0.0
313,476,0.0
313,264,0.0
313,200,0.0
313,189,0.0
313,362,0.0
313,17,0.0
313,16,0.0
245,119,0.0
245,20,0.0
245,399,0.0
245,476,0.0
245,264,0.0
245,200,0.0
245,189,0.0
245,362,0.0
245,17,0.0
245,16,0.0
393,264,0.3865861497989459
393,94,0.011780318677433323
393,20,0.0
393,476,0.0
393,399,0.0
393,362,0.0
393,16,0.0
393,200,0.0
393,189,0.0
393,17,0.0
324,287,0.11261780677212868
324,119,0.09610678095871378
324,59,0.0
324,200,0.0
324,476,0.0
324,16,0.0
324,189,0.0
324,362,0.0
324,17,0.0
324,310,0.0
74,119,0.0
74,20,0.0
74,399,0.0
74,476,0.0
74,264,0.0
74,200,0.0
74,189,0.0
74,362,0.0
74,17,0.0
74,16,0.0
195,119,0.020884710375854196
195,399,0.0
195,264,0.0
195,476,0.0
195,17,0.0
195,200,0.0
195,189,0.0
195,362,0.0
195,16,0.0
195,310,0.0
239,119,0.0
239,20,0.0
239,399,0.0
239,476,0.0
239,264,0.0
239,200,0.0
239,189,0.0
239,362,0.0
239,17,0.0
239,16,0.0
334,119,0.5699089868855964
334,264,0.1500225385562687
334,20,0.0
334,200,0.0
334,476,0.0
334,17,0.0
334,310,0.0
334,189,0.0
334,362,0.0
334,16,0.0
118,264,1.7174178663433013
118,119,0.7978725816398349
118,79,0.4563810357563485
118,189,0.16467085716849222
118,352,0.032977347902317426
118,16,0.0012530910507305613
118,310,0.0
118,59,0.0
118,476,0.0
118,17,0.0
150,200,0.2542758005923347
150,189,0.11318524438299808
150,119,0.0
150,20,0.0
150,399,0.0
150,476,0.0
150,264,0.0
150,362,0.0
150,17,0.0
150,16,0.0
