448,399,1.4998822324182217
448,264,1.0199965247313285
448,255,0.02859016018150836
448,362,0.0
448,17,0.0
448,134,0.0
448,78,0.0
448,59,0.0
448,79,0.0
448,22,0.0
444,20,0.38222443947539286
444,94,0.21439878742100985
444,399,0.07488970183194091
444,189,0.06844643545535499
444,310,0.0
444,264,0.0
444,362,0.0
444,17,0.0
444,200,0.0
444,16,0.0
450,119,1.0156835722920114
450,20,0.947942008515237
450,189,0.3836108267991955
450,200,0.3277470141015749
450,476,0.0
450,16,0.0
450,362,0.0
450,310,0.0
450,59,0.0
450,17,0.0
445,119,0.21310509068643507
445,399,0.0
445,264,0.0
445,476,0.0
445,17,0.0
445,200,0.0
445,189,0.0
445,362,0.0
445,16,0.0
445,310,0.0
446,119,0.0
446,20,0.0
446,399,0.0
446,476,0.0
446,264,0.0
446,200,0.0
446,189,0.0
446,362,0.0
446,17,0.0
446,16,0.0
447,189,1.4831273218576078
447,20,1.211474800886619
447,94,0.5715071540832619
447,264,0.5088014609797286
447,200,0.3623481378782014
447,255,0.04288524027226254
447,287,0.0
447,134,0.0
447,17,0.0
447,59,0.0
449,399,0.758822281779481
449,189,0.5371567705133289
449,264,0.10004033041875715
449,119,0.0
449,20,0.0
449,200,0.0
449,476,0.0
449,310,0.0
449,17,0.0
449,16,0.0
522,352,2.565846090305877
522,264,2.318935234481938
522,22,2.1984377324125806
522,255,1.6147515816287126
522,59,1.0429201764754827
522,16,0.6417970316772201
522,824,0.6417970316772201
522,190,0.0
522,17,0.0
522,134,0.0
524,310,0.8502619507696212
524,119,0.5262269078049099
524,20,0.26900890706984765
524,94,0.22063076615637578
524,255,0.03573770022688545
524,476,0.0
524,59,0.0
524,362,0.0
524,189,0.0
524,17,0.0
516,119,3.499139001724071
516,310,0.33002437026478326
516,476,0.0
516,17,0.0
516,362,0.0
516,134,0.0
516,16,0.0
516,59,0.0
516,79,0.0
516,78,0.0
619,119,3.580925635297377
619,200,1.2140309797056694
619,476,0.0
619,17,0.0
619,59,0.0
619,79,0.0
619,16,0.0
619,134,0.0
619,78,0.0
619,22,0.0
494,119,2.481563133159544
494,264,1.5519146873715988
494,287,0.36882933113626054
494,476,0.0
494,362,0.0
494,16,0.0
494,134,0.0
494,17,0.0
494,59,0.0
494,78,0.0
655,94,1.2166615755471084
655,264,1.0950807777933287
655,287,0.21075961779214888
655,310,0.14667749789545922
655,200,0.10915633802298816
655,476,0.0
655,17,0.0
655,59,0.0
655,16,0.0
655,134,0.0
466,264,0.30976855909759055
466,119,0.24436159362661575
466,189,0.1570410254941384
466,94,0.005142314003725326
466,200,0.0
466,17,0.0
466,476,0.0
466,16,0.0
466,310,0.0
466,362,0.0
523,119,1.4546288279950668
523,264,0.8410210724978723
523,399,0.5206004066827405
523,200,0.46821002014510704
523,189,0.4134088735753036
523,476,0.0
523,17,0.0
523,362,0.0
523,16,0.0
523,310,0.0
620,264,2.18975507152731
620,287,1.335825350841193
620,200,1.3011000199691722
620,255,0.45995092030754725
620,476,0.0
620,17,0.0
620,59,0.0
620,134,0.0
620,16,0.0
620,22,0.0
570,119,0.0
570,20,0.0
570,399,0.0
570,476,0.0
570,264,0.0
570,200,0.0
570,189,0.0
570,362,0.0
570,17,0.0
570,16,0.0
544,189,0.6831134914864604
544,476,0.0
544,17,0.0
544,362,0.0
544,287,0.0
544,16,0.0
544,310,0.0
544,59,0.0
544,134,0.0
544,78,0.0
618,264,1.1465947911060688
618,189,0.7236905327250179
618,476,0.0
618,362,0.0
618,16,0.0
618,59,0.0
618,17,0.0
618,310,0.0
618,134,0.0
618,79,0.0
640,399,2.255269768721455
640,94,1.9532029993111344
640,264,0.7591875988053409
640,287,0.474209140032335
640,310,0.33002437026478326
640,476,0.0
640,362,0.0
640,16,0.0
640,59,0.0
640,17,0.0
487,20,0.6688927690819375
487,94,0.37519787798676724
487,399,0.1310569782058966
487,189,0.11978126204687123
487,310,0.0
487,264,0.0
487,362,0.0
487,17,0.0
487,200,0.0
487,16,0.0
610,119,0.0
610,20,0.0
610,399,0.0
610,476,0.0
610,264,0.0
610,200,0.0
610,189,0.0
610,362,0.0
610,17,0.0
610,16,0.0
492,119,3.7827361002295374
492,20,1.9784008965407665
492,200,0.6669907786823197
492,287,0.474209140032335
492,310,0.33002437026478326
492,476,0.0
492,362,0.0
492,17,0.0
492,59,0.0
492,16,0.0
569,94,2.0455544465857356
569,20,1.5763397281931228
569,264,1.0070024460834133
569,287,0.474209140032335
569,310,0.33002437026478326
569,476,0.0
569,362,0.0
569,16,0.0
569,59,0.0
569,17,0.0
518,20,0.38222443947539286
518,94,0.21439878742100985
518,399,0.07488970183194091
518,189,0.06844643545535499
518,310,0.0
518,264,0.0
518,362,0.0
518,17,0.0
518,200,0.0
518,16,0.0
481,20,0.9555610986884822
481,94,0.5359969685525247
481,399,0.18722425457985226
481,189,0.17111608863838748
481,310,0.0
481,264,0.0
481,362,0.0
481,17,0.0
481,200,0.0
481,16,0.0
624,119,1.7309552307630032
624,399,1.6667273902016455
624,94,1.1749647731287867
624,264,0.5904792435152653
624,20,0.5571492417349357
624,287,0.36882933113626054
624,310,0.25668562131705364
624,200,0.19102359154022927
624,16,0.0
624,362,0.0
514,20,0.8600049888196339
514,94,0.48239727169727215
514,399,0.16850182912186704
514,189,0.15400447977454873
514,310,0.0
514,264,0.0
514,362,0.0
514,17,0.0
514,200,0.0
514,16,0.0
592,20,0.8600049888196339
592,94,0.48239727169727215
592,399,0.16850182912186704
592,189,0.15400447977454873
592,310,0.0
592,264,0.0
592,362,0.0
592,17,0.0
592,200,0.0
592,16,0.0
454,20,2.0463248901034587
454,264,0.756918965248085
454,399,0.6370421951363335
454,189,0.5260724659923219
454,200,0.42138901813059637
454,476,0.0
454,17,0.0
454,362,0.0
454,16,0.0
454,310,0.0
486,20,0.5733366592130893
486,94,0.3215981811315148
486,399,0.11233455274791136
486,189,0.10266965318303248
486,310,0.0
486,264,0.0
486,362,0.0
486,17,0.0
486,200,0.0
486,16,0.0
560,20,1.186319901283825
560,119,1.1173713635777685
560,264,0.756918965248085
560,399,0.46854036601446647
560,200,0.42138901813059637
560,189,0.37206798621777326
560,476,0.0
560,362,0.0
560,17,0.0
560,16,0.0
489,94,0.21245767313481811
489,119,0.1522179219188822
489,264,0.10337758270542786
489,200,0.0
489,17,0.0
489,476,0.0
489,16,0.0
489,310,0.0
489,189,0.0
489,362,0.0
477,399,2.311437045095411
477,94,1.9930662657199978
477,264,0.7591875988053409
477,287,0.474209140032335
477,310,0.33002437026478326
477,200,0.24560176055172336
477,362,0.0
477,59,0.0
477,17,0.0
477,16,0.0
612,20,1.186319901283825
612,119,1.1173713635777685
612,264,0.756918965248085
612,399,0.46854036601446647
612,200,0.42138901813059637
612,189,0.37206798621777326
612,476,0.0
612,362,0.0
612,17,0.0
612,16,0.0
451,20,2.134103880161466
451,94,2.051725223390206
451,310,0.33002437026478326
451,476,0.0
451,17,0.0
451,362,0.0
451,134,0.0
451,16,0.0
451,59,0.0
451,78,0.0
639,20,2.135841456035839
639,264,1.0153629220116547
639,399,0.6370421951363335
639,189,0.5260724659923219
639,200,0.42138901813059637
639,476,0.0
639,17,0.0
639,362,0.0
639,16,0.0
639,310,0.0
654,20,1.8185703150729329
654,189,0.6945950750925994
654,200,0.42138901813059637
654,476,0.0
654,362,0.0
654,17,0.0
654,310,0.0
654,287,0.0
654,16,0.0
654,59,0.0
607,20,1.2620661571672775
607,119,1.1173713635777685
607,399,0.46854036601446647
607,189,0.37206798621777326
607,476,0.0
607,16,0.0
607,362,0.0
607,310,0.0
607,59,0.0
607,17,0.0
471,20,2.0463248901034587
471,264,0.756918965248085
471,399,0.6370421951363335
471,189,0.5260724659923219
471,200,0.42138901813059637
471,476,0.0
471,17,0.0
471,362,0.0
471,16,0.0
471,310,0.0
657,119,1.6421391009576891
657,264,1.1905949479847118
657,189,0.591925421909567
657,476,0.0
657,362,0.0
657,17,0.0
657,310,0.0
657,287,0.0
657,16,0.0
657,59,0.0
632,20,0.6688927690819375
632,94,0.37519787798676724
632,399,0.1310569782058966
632,189,0.11978126204687123
632,310,0.0
632,264,0.0
632,362,0.0
632,17,0.0
632,200,0.0
632,16,0.0
578,264,0.6195371181951811
578,94,0.5462815965599753
578,189,0.48519813962666425
578,476,0.0
578,362,0.0
578,200,0.0
578,310,0.0
578,17,0.0
578,16,0.0
578,59,0.0
660,20,0.033665002614867795
660,119,0.0
660,476,0.0
660,399,0.0
660,17,0.0
660,200,0.0
660,189,0.0
660,362,0.0
660,16,0.0
660,310,0.0
519,20,0.8600049888196339
519,94,0.48239727169727215
519,399,0.16850182912186704
519,189,0.15400447977454873
519,310,0.0
519,264,0.0
519,362,0.0
519,17,0.0
519,200,0.0
519,16,0.0
588,119,0.18266150630265865
588,399,0.0
588,264,0.0
588,476,0.0
588,17,0.0
588,200,0.0
588,189,0.0
588,362,0.0
588,16,0.0
588,310,0.0
605,119,0.273992259453988
605,399,0.0
605,264,0.0
605,476,0.0
605,17,0.0
605,200,0.0
605,189,0.0
605,362,0.0
605,16,0.0
605,310,0.0
540,119,0.273992259453988
540,399,0.0
540,264,0.0
540,476,0.0
540,17,0.0
540,200,0.0
540,189,0.0
540,362,0.0
540,16,0.0
540,310,0.0
653,20,0.05049750392230169
653,119,0.0
653,476,0.0
653,399,0.0
653,17,0.0
653,200,0.0
653,189,0.0
653,362,0.0
653,16,0.0
653,310,0.0
535,20,0.8600049888196339
535,94,0.48239727169727215
535,399,0.16850182912186704
535,189,0.15400447977454873
535,310,0.0
535,264,0.0
535,362,0.0
535,17,0.0
535,200,0.0
535,16,0.0
484,119,1.3913636230317565
484,264,0.756918965248085
484,399,0.46854036601446647
484,200,0.42138901813059637
484,189,0.37206798621777326
484,476,0.0
484,17,0.0
484,362,0.0
484,16,0.0
484,310,0.0
566,20,2.0463248901034587
566,264,1.3145023716237478
566,189,0.808746311881771
566,476,0.0
566,362,0.0
566,17,0.0
566,310,0.0
566,287,0.0
566,16,0.0
566,59,0.0
591,264,0.37172227091710863
591,119,0.29323391235193885
591,189,0.18844923059296606
591,94,0.0061707768044703916
591,200,0.0
591,17,0.0
591,476,0.0
591,16,0.0
591,310,0.0
591,362,0.0
611,94,1.2348457939371444
611,287,0.5744108072059053
611,264,0.46244418191585823
611,399,0.44712730497156467
611,255,0.30663394687169815
611,20,0.26014396653055916
611,79,0.05238856436116191
611,310,0.04332819417002007
611,200,0.0
611,189,0.0
525,20,2.1220711459869115
525,189,0.808746311881771
525,476,0.0
525,362,0.0
525,16,0.0
525,59,0.0
525,17,0.0
525,310,0.0
525,287,0.0
525,134,0.0
635,20,0.38222443947539286
635,94,0.2748666994994569
635,399,0.07488970183194091
635,189,0.06844643545535499
635,264,0.0
635,16,0.0
635,362,0.0
635,310,0.0
635,59,0.0
635,17,0.0
609,94,1.440653426260002
609,287,0.6701459417402228
609,399,0.5216485224668255
609,255,0.35773960468364785
609,20,0.3035012942856523
609,79,0.06111999175468889
609,310,0.05054955986502341
609,264,0.0
609,200,0.0
609,189,0.0
483,119,2.665364736651769
483,94,1.5199251592294312
483,264,1.3167710051810038
483,20,0.7163347393734889
483,287,0.474209140032335
483,310,0.33002437026478326
483,200,0.24560176055172336
483,59,0.0
483,362,0.0
483,17,0.0
458,200,0.6341092412868525
458,20,0.5613411145395686
458,189,0.28594947218034383
458,264,0.10658541751224823
458,119,0.0
458,476,0.0
458,399,0.0
458,362,0.0
458,16,0.0
458,17,0.0
496,200,0.1811740689391007
496,20,0.16038317558273388
496,189,0.08169984919438396
496,264,0.030452976432070924
496,119,0.0
496,476,0.0
496,399,0.0
496,362,0.0
496,16,0.0
496,17,0.0
642,264,0.7915994824180872
642,94,0.10622883656740906
642,20,0.01790331318647603
642,476,0.0
642,362,0.0
642,399,0.0
642,17,0.0
642,16,0.0
642,200,0.0
642,189,0.0
526,119,0.0
526,20,0.0
526,399,0.0
526,476,0.0
526,264,0.0
526,200,0.0
526,189,0.0
526,362,0.0
526,17,0.0
526,16,0.0
459,119,0.0
459,20,0.0
459,399,0.0
459,476,0.0
459,264,0.0
459,200,0.0
459,189,0.0
459,362,0.0
459,17,0.0
459,16,0.0
616,119,0.0
616,20,0.0
616,399,0.0
616,476,0.0
616,264,0.0
616,200,0.0
616,189,0.0
616,362,0.0
616,17,0.0
616,16,0.0
641,94,0.12093582415689416
641,310,0.0
641,20,0.0
641,399,0.0
641,476,0.0
641,264,0.0
641,189,0.0
641,362,0.0
641,17,0.0
641,16,0.0
478,20,0.8600049888196339
478,94,0.5428651837757192
478,399,0.16850182912186704
478,189,0.15400447977454873
478,264,0.0
478,16,0.0
478,362,0.0
478,310,0.0
478,59,0.0
478,17,0.0
493,20,1.186319901283825
493,119,1.1173713635777685
493,264,0.756918965248085
493,399,0.46854036601446647
493,200,0.42138901813059637
493,189,0.37206798621777326
493,476,0.0
493,362,0.0
493,17,0.0
493,16,0.0
553,264,0.557583406375663
553,119,0.43985086852790833
553,189,0.2826738458894491
553,94,0.009256165206705587
553,200,0.0
553,17,0.0
553,476,0.0
553,16,0.0
553,310,0.0
553,362,0.0
601,20,1.3181332236486945
601,119,1.2415237373086316
601,264,0.8410210724978723
601,399,0.5206004066827405
601,200,0.46821002014510704
601,189,0.4134088735753036
601,476,0.0
601,362,0.0
601,17,0.0
601,16,0.0
583,119,0.0
583,20,0.0
583,399,0.0
583,476,0.0
583,264,0.0
583,200,0.0
583,189,0.0
583,362,0.0
583,17,0.0
583,16,0.0
617,20,1.5338467522741026
617,399,0.6364056910373512
617,94,0.48239727169727215
617,189,0.23498788190410716
617,200,0.18511842889231694
617,264,0.1595936009024004
617,17,0.0
617,16,0.0
617,362,0.0
617,310,0.0
576,264,0.557583406375663
576,119,0.43985086852790833
576,189,0.2826738458894491
576,94,0.009256165206705587
576,200,0.0
576,17,0.0
576,476,0.0
576,16,0.0
576,310,0.0
576,362,0.0
464,264,0.30976855909759055
464,119,0.24436159362661575
464,189,0.1570410254941384
464,94,0.005142314003725326
464,200,0.0
464,17,0.0
464,476,0.0
464,16,0.0
464,310,0.0
464,362,0.0
474,119,1.4106052759297074
474,20,1.186319901283825
474,264,1.1286412361651936
474,189,0.5605172168107393
474,200,0.42138901813059637
474,476,0.0
474,17,0.0
474,362,0.0
474,16,0.0
474,310,0.0
662,264,0.3699553455326866
662,119,0.0
662,20,0.0
662,399,0.0
662,476,0.0
662,16,0.0
662,200,0.0
662,189,0.0
662,362,0.0
662,17,0.0
627,119,0.0
627,20,0.0
627,399,0.0
627,476,0.0
627,264,0.0
627,200,0.0
627,189,0.0
627,362,0.0
627,17,0.0
627,16,0.0
561,264,0.557583406375663
561,119,0.43985086852790833
561,189,0.2826738458894491
561,94,0.009256165206705587
561,200,0.0
561,17,0.0
561,476,0.0
561,16,0.0
561,310,0.0
561,362,0.0
557,20,0.7908799341892168
557,119,0.7449142423851789
557,264,0.5046126434987234
557,399,0.3123602440096443
557,200,0.28092601208706425
557,189,0.24804532414518216
557,476,0.0
557,362,0.0
557,17,0.0
557,16,0.0
634,20,0.8600049888196339
634,94,0.48239727169727215
634,399,0.16850182912186704
634,189,0.15400447977454873
634,310,0.0
634,264,0.0
634,362,0.0
634,17,0.0
634,200,0.0
634,16,0.0
606,20,0.8600049888196339
606,94,0.48239727169727215
606,399,0.16850182912186704
606,189,0.15400447977454873
606,310,0.0
606,264,0.0
606,362,0.0
606,17,0.0
606,200,0.0
606,16,0.0
638,20,0.8600049888196339
638,94,0.48239727169727215
638,399,0.16850182912186704
638,189,0.15400447977454873
638,310,0.0
638,264,0.0
638,362,0.0
638,17,0.0
638,200,0.0
638,16,0.0
565,20,1.186319901283825
565,119,1.1173713635777685
565,264,0.756918965248085
565,399,0.46854036601446647
565,200,0.42138901813059637
565,189,0.37206798621777326
565,476,0.0
565,362,0.0
565,17,0.0
565,16,0.0
633,119,0.273992259453988
633,399,0.0
633,264,0.0
633,476,0.0
633,17,0.0
633,200,0.0
633,189,0.0
633,362,0.0
633,16,0.0
633,310,0.0
556,119,0.0
556,20,0.0
556,399,0.0
556,476,0.0
556,264,0.0
556,200,0.0
556,189,0.0
556,362,0.0
556,17,0.0
556,16,0.0
452,94,0.04837432966275766
452,310,0.0
452,20,0.0
452,399,0.0
452,476,0.0
452,264,0.0
452,189,0.0
452,362,0.0
452,17,0.0
452,16,0.0
650,287,0.36882933113626054
650,310,0.25668562131705364
650,476,0.0
650,17,0.0
650,16,0.0
650,79,0.0
650,59,0.0
650,134,0.0
650,78,0.0
650,22,0.0
550,94,1.8334418576789888
550,20,1.5640769846035818
550,287,0.42151923558429777
550,310,0.29335499579091845
550,200,0.21831267604597632
550,476,0.0
550,362,0.0
550,16,0.0
550,59,0.0
550,17,0.0
651,20,2.985765037549312
651,189,0.8772523469633776
651,200,0.6738971633587925
651,476,0.0
651,362,0.0
651,17,0.0
651,310,0.0
651,134,0.0
651,16,0.0
651,59,0.0
521,119,1.236396593402145
521,399,1.1905195644297466
521,94,0.8392605522348475
521,264,0.42177088822518943
521,20,0.3979637440963827
521,287,0.2634495222401861
521,310,0.18334687236932404
521,200,0.1364454225287352
521,16,0.0
521,362,0.0
482,119,0.18266150630265865
482,399,0.0
482,264,0.0
482,476,0.0
482,17,0.0
482,200,0.0
482,189,0.0
482,362,0.0
482,16,0.0
482,310,0.0
479,264,0.30976855909759055
479,119,0.24436159362661575
479,189,0.1570410254941384
479,94,0.005142314003725326
479,200,0.0
479,17,0.0
479,476,0.0
479,16,0.0
479,310,0.0
479,362,0.0
546,264,0.30976855909759055
546,119,0.24436159362661575
546,189,0.1570410254941384
546,94,0.005142314003725326
546,200,0.0
546,17,0.0
546,476,0.0
546,16,0.0
546,310,0.0
546,362,0.0
539,119,0.0
539,20,0.0
539,399,0.0
539,476,0.0
539,264,0.0
539,200,0.0
539,189,0.0
539,362,0.0
539,17,0.0
539,16,0.0
548,119,2.499506127577849
548,399,2.142935215973544
548,94,1.5106689940227256
548,264,0.7591875988053409
548,287,0.474209140032335
548,310,0.33002437026478326
548,200,0.24560176055172336
548,59,0.0
548,362,0.0
548,17,0.0
603,264,0.756918965248085
603,399,0.6370421951363335
603,189,0.5260724659923219
603,476,0.0
603,362,0.0
603,17,0.0
603,310,0.0
603,287,0.0
603,16,0.0
603,59,0.0
554,264,0.557583406375663
554,119,0.43985086852790833
554,189,0.2826738458894491
554,94,0.009256165206705587
554,200,0.0
554,17,0.0
554,476,0.0
554,16,0.0
554,310,0.0
554,362,0.0
513,20,0.9555610986884822
513,94,0.5359969685525247
513,399,0.18722425457985226
513,189,0.17111608863838748
513,310,0.0
513,264,0.0
513,362,0.0
513,17,0.0
513,200,0.0
513,16,0.0
552,399,2.7799774111098774
552,20,2.762659629476948
552,264,1.516106564053426
552,200,0.6669907786823197
552,287,0.474209140032335
552,310,0.33002437026478326
552,16,0.0
552,59,0.0
552,362,0.0
552,17,0.0
500,20,0.9555610986884822
500,94,0.5359969685525247
500,399,0.18722425457985226
500,189,0.17111608863838748
500,310,0.0
500,264,0.0
500,362,0.0
500,17,0.0
500,200,0.0
500,16,0.0
648,119,0.0
648,20,0.0
648,399,0.0
648,476,0.0
648,264,0.0
648,200,0.0
648,189,0.0
648,362,0.0
648,17,0.0
648,16,0.0
520,119,0.9891172747217161
520,399,0.9524156515437974
520,94,0.6714084417878781
520,264,0.33741671058015155
520,20,0.31837099527710616
520,287,0.21075961779214888
520,310,0.14667749789545922
520,200,0.10915633802298816
520,16,0.0
520,362,0.0
555,20,1.186319901283825
555,119,1.1173713635777685
555,264,0.756918965248085
555,399,0.46854036601446647
555,200,0.42138901813059637
555,189,0.37206798621777326
555,476,0.0
555,362,0.0
555,17,0.0
555,16,0.0
460,264,0.4336759827366268
460,119,0.342106231077262
460,189,0.21985743569179372
460,94,0.007199239605215457
460,200,0.0
460,17,0.0
460,476,0.0
460,16,0.0
460,310,0.0
460,362,0.0
506,119,0.9891172747217161
506,399,0.9524156515437974
506,94,0.6714084417878781
506,264,0.33741671058015155
506,20,0.31837099527710616
506,287,0.21075961779214888
506,310,0.14667749789545922
506,200,0.10915633802298816
506,16,0.0
506,362,0.0
649,119,0.06088716876755288
649,399,0.0
649,264,0.0
649,476,0.0
649,17,0.0
649,200,0.0
649,189,0.0
649,362,0.0
649,16,0.0
649,310,0.0
602,20,0.07574625588345255
602,119,0.0
602,476,0.0
602,399,0.0
602,17,0.0
602,200,0.0
602,189,0.0
602,362,0.0
602,16,0.0
602,310,0.0
533,20,1.186319901283825
533,119,1.1173713635777685
533,264,0.756918965248085
533,399,0.46854036601446647
533,200,0.42138901813059637
533,189,0.37206798621777326
533,476,0.0
533,362,0.0
533,17,0.0
533,16,0.0
491,119,0.0
491,20,0.0
491,399,0.0
491,476,0.0
491,264,0.0
491,200,0.0
491,189,0.0
491,362,0.0
491,17,0.0
491,16,0.0
621,189,1.5808305077019869
621,200,0.928085075256613
621,476,0.0
621,17,0.0
621,287,0.0
621,78,0.0
621,59,0.0
621,79,0.0
621,284,0.0
621,352,0.0
498,119,0.0
498,20,0.0
498,399,0.0
498,476,0.0
498,264,0.0
498,200,0.0
498,189,0.0
498,362,0.0
498,17,0.0
498,16,0.0
590,119,1.2391457011128741
590,264,0.756918965248085
590,399,0.46854036601446647
590,200,0.42138901813059637
590,189,0.37206798621777326
590,476,0.0
590,17,0.0
590,362,0.0
590,16,0.0
590,310,0.0
574,20,0.9357512447030865
574,94,0.48239727169727215
574,399,0.16850182912186704
574,189,0.15400447977454873
574,200,0.0
574,16,0.0
574,362,0.0
574,310,0.0
574,59,0.0
574,17,0.0
575,20,0.8600049888196339
575,94,0.48239727169727215
575,399,0.16850182912186704
575,189,0.15400447977454873
575,310,0.0
575,264,0.0
575,362,0.0
575,17,0.0
575,200,0.0
575,16,0.0
453,200,0.6341092412868525
453,20,0.5613411145395686
453,189,0.28594947218034383
453,264,0.10658541751224823
453,119,0.0
453,476,0.0
453,399,0.0
453,362,0.0
453,16,0.0
453,17,0.0
564,20,0.05049750392230169
564,119,0.0
564,476,0.0
564,399,0.0
564,17,0.0
564,200,0.0
564,189,0.0
564,362,0.0
564,16,0.0
564,310,0.0
562,20,1.186319901283825
562,119,1.1173713635777685
562,264,0.756918965248085
562,399,0.46854036601446647
562,200,0.42138901813059637
562,189,0.37206798621777326
562,476,0.0
562,362,0.0
562,17,0.0
562,16,0.0
643,119,1.2391457011128741
643,264,0.756918965248085
643,399,0.46854036601446647
643,200,0.42138901813059637
643,189,0.37206798621777326
643,476,0.0
643,17,0.0
643,362,0.0
643,16,0.0
643,310,0.0
501,119,1.7958161933015604
501,310,0.8502619507696212
501,264,0.756918965248085
501,399,0.46854036601446647
501,200,0.42138901813059637
501,189,0.37206798621777326
501,255,0.03573770022688545
501,17,0.0
501,59,0.0
501,362,0.0
571,264,1.3434371760011175
571,79,1.0262998951703575
571,287,0.6645709633273227
571,255,0.44670823917465186
571,20,0.25221016401546026
571,17,0.0
571,16,0.0
571,399,0.0
571,200,0.0
571,189,0.0
508,119,0.0
508,20,0.0
508,399,0.0
508,476,0.0
508,264,0.0
508,200,0.0
508,189,0.0
508,362,0.0
508,17,0.0
508,16,0.0
656,20,1.186319901283825
656,119,1.1173713635777685
656,264,0.756918965248085
656,399,0.46854036601446647
656,200,0.42138901813059637
656,189,0.37206798621777326
656,476,0.0
656,362,0.0
656,17,0.0
656,16,0.0
499,119,0.0
499,20,0.0
499,399,0.0
499,476,0.0
499,264,0.0
499,200,0.0
499,189,0.0
499,362,0.0
499,17,0.0
499,16,0.0
637,119,0.273992259453988
637,399,0.0
637,264,0.0
637,476,0.0
637,17,0.0
637,200,0.0
637,189,0.0
637,362,0.0
637,16,0.0
637,310,0.0
586,119,0.1522179219188822
586,399,0.0
586,200,0.0
586,476,0.0
586,16,0.0
586,189,0.0
586,362,0.0
586,17,0.0
586,310,0.0
586,59,0.0
527,119,2.225513868123861
527,399,2.142935215973544
527,94,1.5106689940227256
527,264,0.7591875988053409
527,20,0.7163347393734889
527,287,0.474209140032335
527,310,0.33002437026478326
527,200,0.24560176055172336
527,16,0.0
527,362,0.0
626,119,0.0
626,20,0.0
626,399,0.0
626,476,0.0
626,264,0.0
626,200,0.0
626,189,0.0
626,362,0.0
626,17,0.0
626,16,0.0
551,94,0.04837432966275766
551,310,0.0
551,20,0.0
551,399,0.0
551,476,0.0
551,264,0.0
551,189,0.0
551,362,0.0
551,17,0.0
551,16,0.0
502,94,0.04837432966275766
502,310,0.0
502,20,0.0
502,399,0.0
502,476,0.0
502,264,0.0
502,189,0.0
502,362,0.0
502,17,0.0
502,16,0.0
582,119,0.0
582,20,0.0
582,399,0.0
582,476,0.0
582,264,0.0
582,200,0.0
582,189,0.0
582,362,0.0
582,17,0.0
582,16,0.0
511,119,0.1522179219188822
511,399,0.0
511,264,0.0
511,476,0.0
511,17,0.0
511,200,0.0
511,189,0.0
511,362,0.0
511,16,0.0
511,310,0.0
573,20,0.05891375457601864
573,119,0.0
573,476,0.0
573,399,0.0
573,17,0.0
573,200,0.0
573,189,0.0
573,362,0.0
573,16,0.0
573,310,0.0
462,119,0.0
462,20,0.0
462,399,0.0
462,476,0.0
462,264,0.0
462,200,0.0
462,189,0.0
462,362,0.0
462,17,0.0
462,16,0.0
604,119,1.3913636230317565
604,264,0.756918965248085
604,399,0.46854036601446647
604,200,0.42138901813059637
604,189,0.37206798621777326
604,476,0.0
604,17,0.0
604,362,0.0
604,16,0.0
604,310,0.0
473,20,1.186319901283825
473,119,1.1173713635777685
473,264,0.756918965248085
473,399,0.46854036601446647
473,200,0.42138901813059637
473,189,0.37206798621777326
473,476,0.0
473,362,0.0
473,17,0.0
473,16,0.0
488,119,0.12177433753510576
488,399,0.0
488,264,0.0
488,476,0.0
488,17,0.0
488,200,0.0
488,189,0.0
488,362,0.0
488,16,0.0
488,310,0.0
558,20,0.8413774381115184
558,119,0.7449142423851789
558,399,0.3123602440096443
558,200,0.28092601208706425
558,189,0.24804532414518216
558,476,0.0
558,17,0.0
558,362,0.0
558,16,0.0
558,310,0.0
613,119,0.0
613,20,0.0
613,399,0.0
613,476,0.0
613,264,0.0
613,200,0.0
613,189,0.0
613,362,0.0
613,17,0.0
613,16,0.0
547,119,0.0
547,20,0.0
547,399,0.0
547,476,0.0
547,264,0.0
547,200,0.0
547,189,0.0
547,362,0.0
547,17,0.0
547,16,0.0
505,94,0.06046791207844708
505,310,0.0
505,20,0.0
505,399,0.0
505,476,0.0
505,264,0.0
505,189,0.0
505,362,0.0
505,17,0.0
505,16,0.0
595,119,0.0
595,20,0.0
595,399,0.0
595,476,0.0
595,264,0.0
595,200,0.0
595,189,0.0
595,362,0.0
595,17,0.0
595,16,0.0
658,20,0.8600049888196339
658,94,0.48239727169727215
658,399,0.16850182912186704
658,189,0.15400447977454873
658,310,0.0
658,264,0.0
658,362,0.0
658,17,0.0
658,200,0.0
658,16,0.0
646,200,0.1811740689391007
646,20,0.16038317558273388
646,189,0.08169984919438396
646,264,0.030452976432070924
646,119,0.0
646,476,0.0
646,399,0.0
646,362,0.0
646,16,0.0
646,17,0.0
497,119,3.3428852317016293
497,399,2.61147558198801
497,20,1.902654640657314
497,264,1.516106564053426
497,200,0.6669907786823197
497,287,0.474209140032335
497,310,0.33002437026478326
497,17,0.0
497,16,0.0
497,362,0.0
596,119,0.0
596,20,0.0
596,399,0.0
596,476,0.0
596,264,0.0
596,200,0.0
596,189,0.0
596,362,0.0
596,17,0.0
596,16,0.0
628,119,0.21310509068643507
628,399,0.0
628,200,0.0
628,476,0.0
628,16,0.0
628,189,0.0
628,362,0.0
628,17,0.0
628,310,0.0
628,59,0.0
630,20,0.05049750392230169
630,119,0.0
630,476,0.0
630,399,0.0
630,17,0.0
630,200,0.0
630,189,0.0
630,362,0.0
630,16,0.0
630,310,0.0
455,119,0.1522179219188822
455,399,0.0
455,264,0.0
455,476,0.0
455,17,0.0
455,200,0.0
455,189,0.0
455,362,0.0
455,16,0.0
455,310,0.0
622,189,0.8732500528452436
622,119,0.4574666843130508
622,94,0.005142314003725326
622,476,0.0
622,17,0.0
622,200,0.0
622,59,0.0
622,287,0.0
622,16,0.0
622,310,0.0
580,119,0.0
580,20,0.0
580,399,0.0
580,476,0.0
580,264,0.0
580,200,0.0
580,189,0.0
580,362,0.0
580,17,0.0
580,16,0.0
530,20,2.0463248901034587
530,264,0.756918965248085
530,399,0.6370421951363335
530,189,0.5260724659923219
530,200,0.42138901813059637
530,476,0.0
530,17,0.0
530,362,0.0
530,16,0.0
530,310,0.0
532,94,0.48239727169727215
532,399,0.16850182912186704
532,189,0.15400447977454873
532,200,0.0
532,16,0.0
532,264,0.0
532,310,0.0
532,59,0.0
532,362,0.0
532,17,0.0
503,94,0.04837432966275766
503,310,0.0
503,20,0.0
503,399,0.0
503,476,0.0
503,264,0.0
503,189,0.0
503,362,0.0
503,17,0.0
503,16,0.0
652,20,0.6688927690819375
652,94,0.37519787798676724
652,399,0.1310569782058966
652,189,0.11978126204687123
652,310,0.0
652,264,0.0
652,362,0.0
652,17,0.0
652,200,0.0
652,16,0.0
456,94,0.06046791207844708
456,310,0.0
456,20,0.0
456,399,0.0
456,476,0.0
456,264,0.0
456,189,0.0
456,362,0.0
456,17,0.0
456,16,0.0
457,119,0.1522179219188822
457,399,0.0
457,264,0.0
457,476,0.0
457,17,0.0
457,200,0.0
457,189,0.0
457,362,0.0
457,16,0.0
457,310,0.0
468,119,0.0
468,20,0.0
468,399,0.0
468,476,0.0
468,264,0.0
468,200,0.0
468,189,0.0
468,362,0.0
468,17,0.0
468,16,0.0
647,119,0.0
647,20,0.0
647,399,0.0
647,476,0.0
647,264,0.0
647,200,0.0
647,189,0.0
647,362,0.0
647,17,0.0
647,16,0.0
490,94,0.04837432966275766
490,310,0.0
490,20,0.0
490,399,0.0
490,476,0.0
490,264,0.0
490,189,0.0
490,362,0.0
490,17,0.0
490,16,0.0
559,119,0.0
559,20,0.0
559,399,0.0
559,476,0.0
559,264,0.0
559,200,0.0
559,189,0.0
559,362,0.0
559,17,0.0
559,16,0.0
536,119,0.0
536,20,0.0
536,399,0.0
536,476,0.0
536,264,0.0
536,200,0.0
536,189,0.0
536,362,0.0
536,17,0.0
536,16,0.0
470,20,0.7908799341892168
470,119,0.7449142423851789
470,264,0.5046126434987234
470,399,0.3123602440096443
470,200,0.28092601208706425
470,189,0.24804532414518216
470,476,0.0
470,362,0.0
470,17,0.0
470,16,0.0
615,119,0.0
615,20,0.0
615,399,0.0
615,476,0.0
615,264,0.0
615,200,0.0
615,189,0.0
615,362,0.0
615,17,0.0
615,16,0.0
531,119,0.1522179219188822
531,399,0.0
531,264,0.0
531,476,0.0
531,17,0.0
531,200,0.0
531,189,0.0
531,362,0.0
531,16,0.0
531,310,0.0
563,119,0.0
563,20,0.0
563,399,0.0
563,476,0.0
563,264,0.0
563,200,0.0
563,189,0.0
563,362,0.0
563,17,0.0
563,16,0.0
480,119,0.18266150630265865
480,399,0.0
480,264,0.0
480,476,0.0
480,17,0.0
480,200,0.0
480,189,0.0
480,362,0.0
480,16,0.0
480,310,0.0
636,264,0.37172227091710863
636,119,0.29323391235193885
636,189,0.18844923059296606
636,94,0.0061707768044703916
636,200,0.0
636,17,0.0
636,476,0.0
636,16,0.0
636,310,0.0
636,362,0.0
467,119,0.0
467,20,0.0
467,399,0.0
467,476,0.0
467,264,0.0
467,200,0.0
467,189,0.0
467,362,0.0
467,17,0.0
467,16,0.0
567,119,0.0
567,20,0.0
567,399,0.0
567,476,0.0
567,264,0.0
567,200,0.0
567,189,0.0
567,362,0.0
567,17,0.0
567,16,0.0
537,200,0.45293517234775177
537,20,0.4009579389568347
537,189,0.2042496229859599
537,264,0.0761324410801773
537,119,0.0
537,476,0.0
537,399,0.0
537,362,0.0
537,16,0.0
537,17,0.0
543,20,0.05049750392230169
543,119,0.0
543,476,0.0
543,399,0.0
543,17,0.0
543,200,0.0
543,189,0.0
543,362,0.0
543,16,0.0
543,310,0.0
666,78,2.6748971192595494
666,284,1.444043321273745
666,287,0.980710390015546
666,310,0.9002258074588858
666,476,0.0
666,17,0.0
666,190,0.0
666,134,0.0
666,415,0.0
666,89,0.0
670,20,0.5272532894594778
670,119,0.49660949492345263
670,264,0.3364084289991489
670,399,0.2082401626730962
670,200,0.18728400805804282
670,189,0.16536354943012144
670,476,0.0
670,362,0.0
670,17,0.0
670,16,0.0
674,119,1.0902434030095964
674,264,0.6683253835270085
674,189,0.3323372571829625
674,200,0.23410501007255352
674,476,0.0
674,16,0.0
674,362,0.0
674,310,0.0
674,59,0.0
674,17,0.0
663,119,1.634700533211322
663,399,1.368613086179331
663,476,0.0
663,362,0.0
663,16,0.0
663,134,0.0
663,17,0.0
663,59,0.0
663,78,0.0
663,284,0.0
673,119,0.1954892749012926
673,189,0.1256328203953107
673,94,0.06458176328142734
673,20,0.05891375457601864
673,476,0.0
673,362,0.0
673,17,0.0
673,310,0.0
673,16,0.0
673,59,0.0
669,264,0.30976855909759055
669,119,0.24436159362661575
669,189,0.1570410254941384
669,94,0.005142314003725326
669,200,0.0
669,17,0.0
669,476,0.0
669,16,0.0
669,310,0.0
669,362,0.0
672,119,1.8527295682981089
672,399,1.6667273902016455
672,94,1.1749647731287867
672,200,0.643958763887981
672,287,0.36882933113626054
672,476,0.0
672,362,0.0
672,17,0.0
672,59,0.0
672,16,0.0
667,20,0.8600049888196339
667,94,0.48239727169727215
667,399,0.16850182912186704
667,189,0.15400447977454873
667,310,0.0
667,264,0.0
667,362,0.0
667,17,0.0
667,200,0.0
667,16,0.0
675,119,0.1522179219188822
675,399,0.0
675,264,0.0
675,476,0.0
675,17,0.0
675,200,0.0
675,189,0.0
675,362,0.0
675,16,0.0
675,310,0.0
668,119,0.0
668,20,0.0
668,399,0.0
668,476,0.0
668,264,0.0
668,200,0.0
668,189,0.0
668,362,0.0
668,17,0.0
668,16,0.0
439,119,0.1522179219188822
439,399,0.0
439,264,0.0
439,476,0.0
439,17,0.0
439,200,0.0
439,189,0.0
439,362,0.0
439,16,0.0
439,310,0.0
426,20,0.6688927690819375
426,94,0.37519787798676724
426,399,0.1310569782058966
426,189,0.11978126204687123
426,310,0.0
426,264,0.0
426,362,0.0
426,17,0.0
426,200,0.0
426,16,0.0
424,119,0.0
424,20,0.0
424,399,0.0
424,476,0.0
424,264,0.0
424,200,0.0
424,189,0.0
424,362,0.0
424,17,0.0
424,16,0.0
435,20,1.186319901283825
435,119,1.1173713635777685
435,264,0.756918965248085
435,399,0.46854036601446647
435,200,0.42138901813059637
435,189,0.37206798621777326
435,476,0.0
435,362,0.0
435,17,0.0
435,16,0.0
433,119,0.0
433,20,0.0
433,399,0.0
433,476,0.0
433,264,0.0
433,200,0.0
433,189,0.0
433,362,0.0
433,17,0.0
433,16,0.0
432,264,0.46244418191585823
432,119,0.0
432,20,0.0
432,399,0.0
432,476,0.0
432,16,0.0
432,200,0.0
432,189,0.0
432,362,0.0
432,17,0.0
443,119,0.0
443,20,0.0
443,399,0.0
443,476,0.0
443,264,0.0
443,200,0.0
443,189,0.0
443,362,0.0
443,17,0.0
443,16,0.0
440,94,0.07256149449413649
440,310,0.0
440,20,0.0
440,399,0.0
440,476,0.0
440,264,0.0
440,189,0.0
440,362,0.0
440,17,0.0
440,16,0.0
415,399,1.7790619429495569
415,94,1.4965629542603014
415,264,0.5904792435152653
415,287,0.36882933113626054
415,310,0.25668562131705364
415,200,0.19102359154022927
415,362,0.0
415,59,0.0
415,17,0.0
415,16,0.0
429,119,0.0
429,20,0.0
429,399,0.0
429,476,0.0
429,264,0.0
429,200,0.0
429,189,0.0
429,362,0.0
429,17,0.0
429,16,0.0
420,119,4.524022110998695
420,20,4.2438558695422
420,284,1.0108303248916215
420,59,0.7300441235328379
420,16,0.449257922174054
420,824,0.449257922174054
420,17,0.0
420,78,0.0
420,134,0.0
420,415,0.0
411,189,0.7425935771966341
411,399,0.45803241196784444
411,476,0.0
411,362,0.0
411,16,0.0
411,287,0.0
411,17,0.0
411,59,0.0
411,134,0.0
411,79,0.0
430,119,2.225513868123861
430,399,2.142935215973544
430,94,1.5106689940227256
430,264,0.7591875988053409
430,20,0.7163347393734889
430,287,0.474209140032335
430,310,0.33002437026478326
430,200,0.24560176055172336
430,16,0.0
430,362,0.0
422,119,0.4887231872532315
422,189,0.3140820509882768
422,20,0.042081253268584744
422,94,0.010284628007450652
422,200,0.0
422,16,0.0
422,362,0.0
422,310,0.0
422,59,0.0
422,17,0.0
436,119,0.0
436,20,0.0
436,399,0.0
436,476,0.0
436,264,0.0
436,200,0.0
436,189,0.0
436,362,0.0
436,17,0.0
436,16,0.0
417,79,1.0262998951703575
417,287,0.6645709633273227
417,255,0.44670823917465186
417,20,0.3111239185914789
417,17,0.0
417,16,0.0
417,399,0.0
417,200,0.0
417,189,0.0
417,362,0.0
438,20,1.186319901283825
438,119,1.1173713635777685
438,264,0.756918965248085
438,399,0.46854036601446647
438,200,0.42138901813059637
438,189,0.37206798621777326
438,476,0.0
438,362,0.0
438,17,0.0
438,16,0.0
442,119,0.1522179219188822
442,399,0.0
442,264,0.0
442,476,0.0
442,17,0.0
442,200,0.0
442,189,0.0
442,362,0.0
442,16,0.0
442,310,0.0
431,119,0.273992259453988
431,399,0.0
431,264,0.0
431,476,0.0
431,17,0.0
431,200,0.0
431,189,0.0
431,362,0.0
431,16,0.0
431,310,0.0
419,119,0.0
419,20,0.0
419,399,0.0
419,476,0.0
419,264,0.0
419,200,0.0
419,189,0.0
419,362,0.0
419,17,0.0
419,16,0.0
441,399,0.25294076059316034
441,189,0.17905225683777629
441,20,0.033665002614867795
441,119,0.0
441,476,0.0
441,17,0.0
441,16,0.0
441,200,0.0
441,310,0.0
441,59,0.0
414,119,1.7309552307630032
414,399,1.6667273902016455
414,94,1.1749647731287867
414,264,0.5904792435152653
414,20,0.5571492417349357
414,287,0.36882933113626054
414,310,0.25668562131705364
414,200,0.19102359154022927
414,16,0.0
414,362,0.0
410,119,0.1522179219188822
410,399,0.0
410,264,0.0
410,476,0.0
410,17,0.0
410,200,0.0
410,189,0.0
410,362,0.0
410,16,0.0
410,310,0.0
423,119,0.0
423,20,0.0
423,399,0.0
423,476,0.0
423,264,0.0
423,200,0.0
423,189,0.0
423,362,0.0
423,17,0.0
423,16,0.0
418,94,0.012093582415689415
418,310,0.0
418,20,0.0
418,399,0.0
418,476,0.0
418,264,0.0
418,189,0.0
418,362,0.0
418,17,0.0
418,16,0.0
412,20,0.05049750392230169
412,119,0.0
412,476,0.0
412,399,0.0
412,17,0.0
412,200,0.0
412,189,0.0
412,362,0.0
412,16,0.0
412,310,0.0
428,20,0.05049750392230169
428,119,0.0
428,476,0.0
428,399,0.0
428,17,0.0
428,200,0.0
428,189,0.0
428,362,0.0
428,16,0.0
428,310,0.0
437,119,0.0
437,20,0.0
437,399,0.0
437,476,0.0
437,264,0.0
437,200,0.0
437,189,0.0
437,362,0.0
437,17,0.0
437,16,0.0
434,20,0.5733366592130893
434,94,0.3215981811315148
434,399,0.11233455274791136
434,189,0.10266965318303248
434,310,0.0
434,264,0.0
434,362,0.0
434,17,0.0
434,200,0.0
434,16,0.0
413,20,0.042081253268584744
413,119,0.0
413,476,0.0
413,399,0.0
413,17,0.0
413,200,0.0
413,189,0.0
413,362,0.0
413,16,0.0
413,310,0.0
44,399,2.459525371276813
44,79,1.0262998951703575
44,476,0.0
44,17,0.0
44,362,0.0
44,22,0.0
44,59,0.0
44,78,0.0
44,284,0.0
44,416,0.0
57,416,2.222222222154087
57,119,1.7398837384083354
57,287,0.861616210808858
57,189,0.6547418321072224
57,255,0.45995092030754725
57,200,0.42138901813059637
57,79,0.07858284654174287
57,352,0.075594695167226
57,310,0.0649922912550301
57,16,0.0
38,287,0.36882933113626054
38,476,0.0
38,362,0.0
38,17,0.0
38,16,0.0
38,59,0.0
38,134,0.0
38,79,0.0
38,78,0.0
38,22,0.0
45,20,0.879775483766409
45,94,0.5325748710205689
45,119,0.29323391235193885
45,189,0.27843078851469766
45,476,0.0
45,362,0.0
45,17,0.0
45,310,0.0
45,16,0.0
45,59,0.0
28,94,0.48239727169727215
28,399,0.16850182912186704
28,189,0.15400447977454873
28,200,0.0
28,16,0.0
28,264,0.0
28,310,0.0
28,59,0.0
28,362,0.0
28,17,0.0
61,119,2.988601625445051
61,94,1.706466428968731
61,20,1.70165923857261
61,255,0.4752983993561602
61,476,0.0
61,17,0.0
61,134,0.0
61,284,0.0
61,416,0.0
61,78,0.0
36,20,1.7875955105533459
36,264,1.3092469848123454
36,119,1.1173713635777685
36,399,0.46854036601446647
36,200,0.4536455489975553
36,255,0.40273138432594713
36,16,0.390561432047535
36,189,0.37206798621777326
36,310,0.04647184800167538
36,17,0.0
54,119,0.18266150630265865
54,399,0.0
54,264,0.0
54,476,0.0
54,17,0.0
54,200,0.0
54,189,0.0
54,362,0.0
54,16,0.0
54,310,0.0
47,20,0.6688927690819375
47,94,0.37519787798676724
47,399,0.1310569782058966
47,189,0.11978126204687123
47,310,0.0
47,264,0.0
47,362,0.0
47,17,0.0
47,200,0.0
47,16,0.0
29,94,1.9726559159602104
29,20,0.701488210814441
29,264,0.6443826894916371
29,255,0.46985328171360496
29,16,0.4556550040554575
29,310,0.054217156001954606
29,200,0.03763261934478545
29,17,0.0
29,399,0.0
29,189,0.0
26,264,0.12390742363903622
26,119,0.0977446374506463
26,189,0.06281641019765535
26,94,0.0020569256014901305
26,200,0.0
26,17,0.0
26,476,0.0
26,16,0.0
26,310,0.0
26,362,0.0
33,94,1.530006284298386
33,264,1.148062649890928
33,287,0.36882933113626054
33,310,0.25668562131705364
33,476,0.0
33,17,0.0
33,362,0.0
33,16,0.0
33,59,0.0
33,134,0.0
46,20,0.8245449368040846
46,119,0.7449142423851789
46,399,0.3123602440096443
46,189,0.24804532414518216
46,476,0.0
46,16,0.0
46,362,0.0
46,310,0.0
46,59,0.0
46,17,0.0
21,94,1.8134545694003403
21,20,1.0869348614608652
21,287,0.3161394266882233
21,310,0.22001624684318882
21,200,0.16373450703448222
21,476,0.0
21,362,0.0
21,16,0.0
21,17,0.0
21,134,0.0
48,264,0.4336759827366268
48,119,0.342106231077262
48,189,0.21985743569179372
48,94,0.007199239605215457
48,200,0.0
48,17,0.0
48,476,0.0
48,16,0.0
48,310,0.0
48,362,0.0
7,20,0.5733366592130893
7,94,0.3215981811315148
7,399,0.11233455274791136
7,189,0.10266965318303248
7,310,0.0
7,264,0.0
7,362,0.0
7,17,0.0
7,200,0.0
7,16,0.0
53,94,0.02418716483137883
53,310,0.0
53,20,0.0
53,399,0.0
53,476,0.0
53,264,0.0
53,189,0.0
53,362,0.0
53,17,0.0
53,16,0.0
8,119,0.12177433753510576
8,399,0.0
8,264,0.0
8,476,0.0
8,17,0.0
8,200,0.0
8,189,0.0
8,362,0.0
8,16,0.0
8,310,0.0
25,119,0.6183838324585584
25,264,0.3364084289991489
25,399,0.2082401626730962
25,200,0.18728400805804282
25,189,0.16536354943012144
25,476,0.0
25,17,0.0
25,362,0.0
25,16,0.0
25,310,0.0
35,20,2.5217119329580746
35,476,0.0
35,16,0.0
35,17,0.0
35,284,0.0
35,59,0.0
35,134,0.0
35,78,0.0
35,352,0.0
35,416,0.0
19,20,0.5733366592130893
19,94,0.3215981811315148
19,399,0.11233455274791136
19,189,0.10266965318303248
19,310,0.0
19,264,0.0
19,362,0.0
19,17,0.0
19,200,0.0
19,16,0.0
69,94,0.06046791207844708
69,20,0.042081253268584744
69,59,0.0
69,476,0.0
69,399,0.0
69,16,0.0
69,189,0.0
69,362,0.0
69,17,0.0
69,310,0.0
20,94,1.841523340360946
20,264,1.3167710051810038
20,20,1.2896713985865782
20,287,0.474209140032335
20,310,0.33002437026478326
20,200,0.24560176055172336
20,362,0.0
20,59,0.0
20,17,0.0
20,16,0.0
23,264,0.4336759827366268
23,119,0.342106231077262
23,189,0.21985743569179372
23,94,0.007199239605215457
23,200,0.0
23,17,0.0
23,476,0.0
23,16,0.0
23,310,0.0
23,362,0.0
56,264,0.557583406375663
56,119,0.43985086852790833
56,189,0.2826738458894491
56,94,0.009256165206705587
56,200,0.0
56,17,0.0
56,476,0.0
56,16,0.0
56,310,0.0
56,362,0.0
14,119,0.1522179219188822
14,399,0.0
14,264,0.0
14,476,0.0
14,17,0.0
14,200,0.0
14,189,0.0
14,362,0.0
14,16,0.0
14,310,0.0
37,119,0.0
37,20,0.0
37,399,0.0
37,476,0.0
37,264,0.0
37,200,0.0
37,189,0.0
37,362,0.0
37,17,0.0
37,16,0.0
34,264,0.6474218546822016
34,119,0.0
34,20,0.0
34,399,0.0
34,476,0.0
34,16,0.0
34,200,0.0
34,189,0.0
34,362,0.0
34,17,0.0
58,119,0.0
58,20,0.0
58,399,0.0
58,476,0.0
58,264,0.0
58,200,0.0
58,189,0.0
58,362,0.0
58,17,0.0
58,16,0.0
4,119,0.29323391235193885
4,189,0.18844923059296606
4,20,0.042081253268584744
4,94,0.0061707768044703916
4,200,0.0
4,16,0.0
4,362,0.0
4,310,0.0
4,59,0.0
4,17,0.0
24,20,0.033665002614867795
24,119,0.0
24,476,0.0
24,399,0.0
24,17,0.0
24,200,0.0
24,189,0.0
24,362,0.0
24,16,0.0
24,310,0.0
70,200,0.1811740689391007
70,20,0.16038317558273388
70,189,0.08169984919438396
70,264,0.030452976432070924
70,119,0.0
70,476,0.0
70,399,0.0
70,362,0.0
70,16,0.0
70,17,0.0
40,20,0.5733366592130893
40,94,0.3215981811315148
40,399,0.11233455274791136
40,189,0.10266965318303248
40,310,0.0
40,264,0.0
40,362,0.0
40,17,0.0
40,200,0.0
40,16,0.0
6,119,0.0
6,20,0.0
6,399,0.0
6,476,0.0
6,264,0.0
6,200,0.0
6,189,0.0
6,362,0.0
6,17,0.0
6,16,0.0
39,119,0.0
39,20,0.0
39,399,0.0
39,476,0.0
39,264,0.0
39,200,0.0
39,189,0.0
39,362,0.0
39,17,0.0
39,16,0.0
41,119,1.4836759120825742
41,399,1.428623477315696
41,94,1.0071126626818172
41,264,0.5061250658702273
41,20,0.47755649291565927
41,287,0.3161394266882233
41,310,0.22001624684318882
41,200,0.16373450703448222
41,16,0.0
41,362,0.0
66,287,0.3161394266882233
66,310,0.22001624684318882
66,476,0.0
66,362,0.0
66,17,0.0
66,16,0.0
66,78,0.0
66,59,0.0
66,134,0.0
66,79,0.0
17,94,0.5384976766317878
17,20,0.4815228482959768
17,264,0.30873200216739
17,189,0.2042496229859599
17,476,0.0
17,17,0.0
17,399,0.0
17,16,0.0
17,59,0.0
17,362,0.0
43,20,0.44922784230297913
43,399,0.31193590794365617
43,200,0.1234122859282113
43,264,0.10639573393493361
43,189,0.05398893475303895
43,119,0.0
43,476,0.0
43,362,0.0
43,16,0.0
43,17,0.0
11,20,0.5733366592130893
11,94,0.3215981811315148
11,399,0.11233455274791136
11,189,0.10266965318303248
11,310,0.0
11,264,0.0
11,362,0.0
11,17,0.0
11,200,0.0
11,16,0.0
10,94,1.8857838188207234
10,476,0.0
10,362,0.0
10,17,0.0
10,16,0.0
10,255,0.0
10,134,0.0
10,79,0.0
10,78,0.0
10,22,0.0
12,119,0.0
12,20,0.0
12,399,0.0
12,476,0.0
12,264,0.0
12,200,0.0
12,189,0.0
12,362,0.0
12,17,0.0
12,16,0.0
16,94,0.02418716483137883
16,310,0.0
16,20,0.0
16,399,0.0
16,476,0.0
16,264,0.0
16,189,0.0
16,362,0.0
16,17,0.0
16,16,0.0
64,310,0.8502619507696212
64,119,0.5262269078049099
64,20,0.18484640053267817
64,94,0.1601628540779287
64,255,0.03573770022688545
64,362,0.0
64,17,0.0
64,200,0.0
64,264,0.0
64,189,0.0
30,119,0.12177433753510576
30,399,0.0
30,264,0.0
30,476,0.0
30,17,0.0
30,200,0.0
30,189,0.0
30,362,0.0
30,16,0.0
30,310,0.0
32,20,0.008416250653716949
32,119,0.0
32,476,0.0
32,399,0.0
32,17,0.0
32,200,0.0
32,189,0.0
32,362,0.0
32,16,0.0
32,310,0.0
68,119,0.0
68,20,0.0
68,399,0.0
68,476,0.0
68,264,0.0
68,200,0.0
68,189,0.0
68,362,0.0
68,17,0.0
68,16,0.0
9,94,2.021030245622968
9,20,0.701488210814441
9,264,0.6443826894916371
9,255,0.46985328171360496
9,16,0.4556550040554575
9,310,0.054217156001954606
9,17,0.0
9,399,0.0
9,189,0.0
9,362,0.0
27,119,0.1522179219188822
27,399,0.0
27,264,0.0
27,476,0.0
27,17,0.0
27,200,0.0
27,189,0.0
27,362,0.0
27,16,0.0
27,310,0.0
50,79,0.16465645274697974
50,352,0.16196673896801117
50,119,0.027199426031047573
50,264,0.00874621084489817
50,362,0.0
50,17,0.0
50,399,0.0
50,16,0.0
50,200,0.0
50,189,0.0
31,119,0.18266150630265865
31,399,0.0
31,264,0.0
31,476,0.0
31,17,0.0
31,200,0.0
31,189,0.0
31,362,0.0
31,16,0.0
31,310,0.0
2,119,1.236396593402145
2,399,1.1905195644297466
2,94,0.8392605522348475
2,264,0.42177088822518943
2,20,0.3979637440963827
2,287,0.2634495222401861
2,310,0.18334687236932404
2,200,0.1364454225287352
2,16,0.0
2,362,0.0
42,20,0.05891375457601864
42,119,0.0
42,476,0.0
42,399,0.0
42,17,0.0
42,200,0.0
42,189,0.0
42,362,0.0
42,16,0.0
42,310,0.0
49,399,2.4988697338156367
49,119,0.6535907746502222
49,20,0.2804041117653323
49,476,0.0
49,264,0.0
49,200,0.0
49,362,0.0
49,16,0.0
49,189,0.0
49,17,0.0
51,119,0.0
51,20,0.0
51,399,0.0
51,476,0.0
51,264,0.0
51,200,0.0
51,189,0.0
51,362,0.0
51,17,0.0
51,16,0.0
15,119,0.0
15,20,0.0
15,399,0.0
15,476,0.0
15,264,0.0
15,200,0.0
15,189,0.0
15,362,0.0
15,17,0.0
15,16,0.0
688,79,0.23522350392425675
688,352,0.2313810556685874
688,119,0.038856322901496536
688,264,0.012494586921283099
688,362,0.0
688,17,0.0
688,399,0.0
688,16,0.0
688,200,0.0
688,189,0.0
678,20,0.9555610986884822
678,94,0.5359969685525247
678,399,0.18722425457985226
678,189,0.17111608863838748
678,310,0.0
678,264,0.0
678,362,0.0
678,17,0.0
678,200,0.0
678,16,0.0
739,119,0.9891172747217161
739,399,0.9524156515437974
739,94,0.6714084417878781
739,264,0.33741671058015155
739,20,0.31837099527710616
739,287,0.21075961779214888
739,310,0.14667749789545922
739,200,0.10915633802298816
739,16,0.0
739,362,0.0
679,94,0.05311441828370453
679,264,0.025844395676356966
679,20,0.008951656593238015
679,476,0.0
679,362,0.0
679,399,0.0
679,17,0.0
679,16,0.0
679,200,0.0
679,189,0.0
687,310,0.8502619507696212
687,119,0.5262269078049099
687,20,0.18484640053267817
687,94,0.1601628540779287
687,255,0.03573770022688545
687,362,0.0
687,17,0.0
687,200,0.0
687,264,0.0
687,189,0.0
729,399,0.5329221137997854
729,189,0.4433906912772612
729,476,0.0
729,362,0.0
729,16,0.0
729,59,0.0
729,17,0.0
729,310,0.0
729,287,0.0
729,134,0.0
685,94,0.04837432966275766
685,310,0.0
685,20,0.0
685,399,0.0
685,476,0.0
685,264,0.0
685,189,0.0
685,362,0.0
685,17,0.0
685,16,0.0
726,119,0.24436159362661575
726,189,0.1570410254941384
726,20,0.042081253268584744
726,94,0.005142314003725326
726,200,0.0
726,16,0.0
726,362,0.0
726,310,0.0
726,59,0.0
726,17,0.0
750,94,2.3021242131057784
750,264,1.6902795714717016
750,255,0.00714754004537709
750,476,0.0
750,134,0.0
750,17,0.0
750,22,0.0
750,284,0.0
750,79,0.0
750,78,0.0
691,119,1.2711411501900889
691,20,0.975726334721895
691,310,0.8502619507696212
691,264,0.5046126434987234
691,189,0.4555417986593836
691,399,0.3123602440096443
691,200,0.28092601208706425
691,255,0.03573770022688545
691,362,0.0
691,17,0.0
712,119,0.0
712,20,0.0
712,399,0.0
712,476,0.0
712,264,0.0
712,200,0.0
712,189,0.0
712,362,0.0
712,17,0.0
712,16,0.0
701,310,0.8502619507696212
701,119,0.5262269078049099
701,20,0.18484640053267817
701,94,0.1601628540779287
701,255,0.03573770022688545
701,362,0.0
701,17,0.0
701,200,0.0
701,264,0.0
701,189,0.0
690,20,0.042081253268584744
690,119,0.0
690,476,0.0
690,399,0.0
690,17,0.0
690,200,0.0
690,189,0.0
690,362,0.0
690,16,0.0
690,310,0.0
677,200,0.3623481378782014
677,20,0.32076635116546776
677,189,0.16339969838876792
677,264,0.06090595286414185
677,119,0.0
677,476,0.0
677,399,0.0
677,362,0.0
677,16,0.0
677,17,0.0
727,399,3.299870591015971
727,200,1.325613094243757
727,255,0.03573770022688545
727,476,0.0
727,362,0.0
727,59,0.0
727,79,0.0
727,17,0.0
727,134,0.0
727,78,0.0
699,20,0.08416250653716949
699,119,0.0
699,476,0.0
699,399,0.0
699,17,0.0
699,200,0.0
699,189,0.0
699,362,0.0
699,16,0.0
699,310,0.0
707,119,0.273992259453988
707,94,0.06046791207844708
707,59,0.0
707,264,0.0
707,476,0.0
707,16,0.0
707,189,0.0
707,362,0.0
707,17,0.0
707,310,0.0
737,94,1.9726559159602104
737,20,0.701488210814441
737,264,0.6443826894916371
737,255,0.46985328171360496
737,16,0.4556550040554575
737,310,0.054217156001954606
737,200,0.03763261934478545
737,17,0.0
737,399,0.0
737,189,0.0
724,94,0.5359969685525247
724,399,0.18722425457985226
724,189,0.17111608863838748
724,200,0.0
724,16,0.0
724,264,0.0
724,310,0.0
724,59,0.0
724,362,0.0
724,17,0.0
705,119,0.958019333071614
705,399,0.7802641059251285
705,189,0.32902872627474056
705,476,0.0
705,362,0.0
705,17,0.0
705,310,0.0
705,134,0.0
705,16,0.0
705,59,0.0
680,20,0.042081253268584744
680,119,0.0
680,476,0.0
680,399,0.0
680,17,0.0
680,200,0.0
680,189,0.0
680,362,0.0
680,16,0.0
680,310,0.0
722,119,0.06088716876755288
722,399,0.0
722,264,0.0
722,476,0.0
722,17,0.0
722,200,0.0
722,189,0.0
722,362,0.0
722,16,0.0
722,310,0.0
741,119,3.7827361002295374
741,264,2.906089497877634
741,20,1.902654640657314
741,200,0.6669907786823197
741,287,0.474209140032335
741,310,0.33002437026478326
741,16,0.0
741,59,0.0
741,362,0.0
741,17,0.0
719,20,0.9555610986884822
719,94,0.5359969685525247
719,399,0.18722425457985226
719,189,0.17111608863838748
719,310,0.0
719,264,0.0
719,362,0.0
719,17,0.0
719,200,0.0
719,16,0.0
752,20,0.6688927690819375
752,94,0.37519787798676724
752,399,0.1310569782058966
752,189,0.11978126204687123
752,310,0.0
752,264,0.0
752,362,0.0
752,17,0.0
752,200,0.0
752,16,0.0
714,287,0.6645709633273227
714,200,0.45293517234775177
714,119,0.273992259453988
714,94,0.26557209141852267
714,189,0.2042496229859599
714,16,0.0
714,59,0.0
714,476,0.0
714,362,0.0
714,17,0.0
742,94,1.511593004652923
742,287,0.21075961779214888
742,476,0.0
742,17,0.0
742,59,0.0
742,78,0.0
742,284,0.0
742,134,0.0
742,79,0.0
742,22,0.0
730,119,0.0
730,20,0.0
730,399,0.0
730,476,0.0
730,264,0.0
730,200,0.0
730,189,0.0
730,362,0.0
730,17,0.0
730,16,0.0
713,399,1.517644563558962
713,189,1.0743135410266578
713,310,0.8502619507696212
713,119,0.7393319984913449
713,94,0.1601628540779287
713,255,0.03573770022688545
713,200,0.0
713,59,0.0
713,17,0.0
713,287,0.0
720,94,2.0331238280386574
720,20,0.701488210814441
720,264,0.6443826894916371
720,255,0.46985328171360496
720,16,0.4556550040554575
720,310,0.054217156001954606
720,17,0.0
720,399,0.0
720,189,0.0
720,362,0.0
693,119,0.21310509068643507
693,399,0.0
693,264,0.0
693,476,0.0
693,17,0.0
693,200,0.0
693,189,0.0
693,362,0.0
693,16,0.0
693,310,0.0
695,20,0.9976423519570669
695,94,0.5359969685525247
695,399,0.18722425457985226
695,189,0.17111608863838748
695,200,0.0
695,16,0.0
695,362,0.0
695,310,0.0
695,59,0.0
695,17,0.0
694,119,0.21310509068643507
694,399,0.0
694,264,0.0
694,476,0.0
694,17,0.0
694,200,0.0
694,189,0.0
694,362,0.0
694,16,0.0
694,310,0.0
748,264,0.24781484727807243
748,119,0.1954892749012926
748,189,0.1256328203953107
748,94,0.004113851202980261
748,200,0.0
748,17,0.0
748,476,0.0
748,16,0.0
748,310,0.0
748,362,0.0
721,119,0.0
721,20,0.0
721,399,0.0
721,476,0.0
721,264,0.0
721,200,0.0
721,189,0.0
721,362,0.0
721,17,0.0
721,16,0.0
766,189,1.2449788470852086
766,119,0.0
766,20,0.0
766,399,0.0
766,476,0.0
766,264,0.0
766,200,0.0
766,362,0.0
766,17,0.0
766,16,0.0
689,20,0.08416250653716949
689,119,0.0
689,476,0.0
689,399,0.0
689,17,0.0
689,200,0.0
689,189,0.0
689,362,0.0
689,16,0.0
689,310,0.0
684,20,0.6738417634544687
684,399,0.4679038619154842
684,200,0.18511842889231694
684,264,0.1595936009024004
684,189,0.08098340212955843
684,119,0.0
684,476,0.0
684,362,0.0
684,16,0.0
684,17,0.0
692,94,0.02418716483137883
692,310,0.0
692,20,0.0
692,399,0.0
692,476,0.0
692,264,0.0
692,189,0.0
692,362,0.0
692,17,0.0
692,16,0.0
676,20,0.033665002614867795
676,119,0.0
676,476,0.0
676,399,0.0
676,17,0.0
676,200,0.0
676,189,0.0
676,362,0.0
676,16,0.0
676,310,0.0
754,119,0.0
754,20,0.0
754,399,0.0
754,476,0.0
754,264,0.0
754,200,0.0
754,189,0.0
754,362,0.0
754,17,0.0
754,16,0.0
716,119,0.0
716,20,0.0
716,399,0.0
716,476,0.0
716,264,0.0
716,200,0.0
716,189,0.0
716,362,0.0
716,17,0.0
716,16,0.0
732,94,0.04837432966275766
732,310,0.0
732,20,0.0
732,399,0.0
732,476,0.0
732,264,0.0
732,189,0.0
732,362,0.0
732,17,0.0
732,16,0.0
743,20,0.5950061171544364
743,189,0.28594947218034383
743,94,0.04837432966275766
743,119,0.0
743,476,0.0
743,399,0.0
743,16,0.0
743,362,0.0
743,17,0.0
743,59,0.0
718,20,0.042081253268584744
718,119,0.0
718,476,0.0
718,399,0.0
718,17,0.0
718,200,0.0
718,189,0.0
718,362,0.0
718,16,0.0
718,310,0.0
725,20,0.8600049888196339
725,94,0.48239727169727215
725,399,0.16850182912186704
725,189,0.15400447977454873
725,310,0.0
725,264,0.0
725,362,0.0
725,17,0.0
725,200,0.0
725,16,0.0
749,189,1.2449788470852086
749,119,0.0
749,20,0.0
749,399,0.0
749,476,0.0
749,264,0.0
749,200,0.0
749,362,0.0
749,17,0.0
749,16,0.0
683,20,0.3743565352524826
683,399,0.2599465899530468
683,200,0.10284357160684274
683,264,0.08866311161244467
683,189,0.0449907789608658
683,119,0.0
683,476,0.0
683,362,0.0
683,16,0.0
683,17,0.0
755,20,0.08416250653716949
755,119,0.0
755,476,0.0
755,399,0.0
755,17,0.0
755,200,0.0
755,189,0.0
755,362,0.0
755,16,0.0
755,310,0.0
682,119,0.0
682,20,0.0
682,399,0.0
682,476,0.0
682,264,0.0
682,200,0.0
682,189,0.0
682,362,0.0
682,17,0.0
682,16,0.0
740,119,1.236396593402145
740,399,1.1905195644297466
740,94,0.8392605522348475
740,20,0.4821262506335522
740,287,0.2634495222401861
740,310,0.18334687236932404
740,200,0.1364454225287352
740,59,0.0
740,362,0.0
740,17,0.0
733,119,0.0
733,20,0.0
733,399,0.0
733,476,0.0
733,264,0.0
733,200,0.0
733,189,0.0
733,362,0.0
733,17,0.0
733,16,0.0
709,119,0.0
709,20,0.0
709,399,0.0
709,476,0.0
709,264,0.0
709,200,0.0
709,189,0.0
709,362,0.0
709,17,0.0
709,16,0.0
702,119,1.7309552307630032
702,399,1.6667273902016455
702,94,1.1749647731287867
702,264,0.5904792435152653
702,20,0.5571492417349357
702,287,0.36882933113626054
702,310,0.25668562131705364
702,200,0.19102359154022927
702,16,0.0
702,362,0.0
708,119,0.1522179219188822
708,399,0.0
708,264,0.0
708,476,0.0
708,17,0.0
708,200,0.0
708,189,0.0
708,362,0.0
708,16,0.0
708,310,0.0
711,119,0.18266150630265865
711,399,0.0
711,264,0.0
711,476,0.0
711,17,0.0
711,200,0.0
711,189,0.0
711,362,0.0
711,16,0.0
711,310,0.0
765,119,0.0
765,20,0.0
765,399,0.0
765,476,0.0
765,264,0.0
765,200,0.0
765,189,0.0
765,362,0.0
765,17,0.0
765,16,0.0
723,119,0.0
723,20,0.0
723,399,0.0
723,476,0.0
723,264,0.0
723,200,0.0
723,189,0.0
723,362,0.0
723,17,0.0
723,16,0.0
731,399,0.5058815211863207
731,189,0.35810451367555257
731,264,0.06669355361250477
731,119,0.0
731,20,0.0
731,200,0.0
731,476,0.0
731,310,0.0
731,17,0.0
731,16,0.0
703,20,0.4777805493442411
703,94,0.2679984842762623
703,399,0.09361212728992613
703,189,0.08555804431919374
703,310,0.0
703,264,0.0
703,362,0.0
703,17,0.0
703,200,0.0
703,16,0.0
763,119,0.12177433753510576
763,399,0.0
763,264,0.0
763,476,0.0
763,17,0.0
763,200,0.0
763,189,0.0
763,362,0.0
763,16,0.0
763,310,0.0
762,94,0.03628074724706824
762,310,0.0
762,20,0.0
762,399,0.0
762,476,0.0
762,264,0.0
762,189,0.0
762,362,0.0
762,17,0.0
762,16,0.0
761,94,0.10622883656740906
761,264,0.05168879135271393
761,20,0.01790331318647603
761,476,0.0
761,362,0.0
761,399,0.0
761,17,0.0
761,16,0.0
761,200,0.0
761,189,0.0
199,416,3.656509695139927
199,20,2.292124138485636
199,78,1.6620498614272394
199,94,1.1021798890426184
199,255,0.44670823917465186
199,16,0.0
199,22,0.0
199,17,0.0
199,59,0.0
199,134,0.0
206,119,0.0
206,20,0.0
206,399,0.0
206,476,0.0
206,264,0.0
206,200,0.0
206,189,0.0
206,362,0.0
206,17,0.0
206,16,0.0
103,200,0.6341092412868525
103,20,0.5613411145395686
103,189,0.28594947218034383
103,264,0.10658541751224823
103,119,0.0
103,476,0.0
103,399,0.0
103,362,0.0
103,16,0.0
103,17,0.0
286,20,0.05891375457601864
286,119,0.0
286,476,0.0
286,399,0.0
286,17,0.0
286,200,0.0
286,189,0.0
286,362,0.0
286,16,0.0
286,310,0.0
145,264,0.4336759827366268
145,119,0.342106231077262
145,189,0.21985743569179372
145,94,0.007199239605215457
145,200,0.0
145,17,0.0
145,476,0.0
145,16,0.0
145,310,0.0
145,362,0.0
345,20,0.7487130705049652
345,399,0.5198931799060936
345,200,0.20568714321368547
345,264,0.17732622322488933
345,189,0.0899815579217316
345,119,0.0
345,476,0.0
345,362,0.0
345,16,0.0
345,17,0.0
282,119,0.0
282,20,0.0
282,399,0.0
282,476,0.0
282,264,0.0
282,200,0.0
282,189,0.0
282,362,0.0
282,17,0.0
282,16,0.0
143,119,0.3044358438377644
143,399,0.0
143,264,0.0
143,476,0.0
143,17,0.0
143,200,0.0
143,189,0.0
143,362,0.0
143,16,0.0
143,310,0.0
160,119,0.1522179219188822
160,399,0.0
160,264,0.0
160,476,0.0
160,17,0.0
160,200,0.0
160,189,0.0
160,362,0.0
160,16,0.0
160,310,0.0
381,119,0.0
381,20,0.0
381,399,0.0
381,476,0.0
381,264,0.0
381,200,0.0
381,189,0.0
381,362,0.0
381,17,0.0
381,16,0.0
335,287,1.238981770533228
335,189,0.7814487428754828
335,476,0.0
335,17,0.0
335,362,0.0
335,134,0.0
335,16,0.0
335,59,0.0
335,22,0.0
335,284,0.0
398,264,0.30976855909759055
398,119,0.24436159362661575
398,189,0.1570410254941384
398,94,0.005142314003725326
398,200,0.0
398,17,0.0
398,476,0.0
398,16,0.0
398,310,0.0
398,362,0.0
375,20,0.7487130705049652
375,399,0.5198931799060936
375,200,0.20568714321368547
375,264,0.17732622322488933
375,189,0.0899815579217316
375,119,0.0
375,476,0.0
375,362,0.0
375,16,0.0
375,17,0.0
91,119,0.46388056861236776
91,189,0.21985743569179372
91,94,0.21965691274003357
91,476,0.0
91,362,0.0
91,200,0.0
91,310,0.0
91,17,0.0
91,16,0.0
91,59,0.0
172,310,1.1903667310774697
172,119,0.7367176709268738
172,20,0.2587849607457494
172,94,0.22422799570910018
172,255,0.05003278031763963
172,362,0.0
172,17,0.0
172,200,0.0
172,264,0.0
172,189,0.0
144,119,0.342106231077262
144,189,0.21985743569179372
144,20,0.033665002614867795
144,94,0.007199239605215457
144,200,0.0
144,16,0.0
144,362,0.0
144,310,0.0
144,59,0.0
144,17,0.0
405,20,0.08416250653716949
405,119,0.0
405,476,0.0
405,399,0.0
405,17,0.0
405,200,0.0
405,189,0.0
405,362,0.0
405,16,0.0
405,310,0.0
133,119,0.0
133,20,0.0
133,399,0.0
133,476,0.0
133,264,0.0
133,200,0.0
133,189,0.0
133,362,0.0
133,17,0.0
133,16,0.0
329,94,0.5431962081577402
329,264,0.4336759827366268
329,189,0.3909735243301812
329,476,0.0
329,362,0.0
329,200,0.0
329,310,0.0
329,17,0.0
329,16,0.0
329,59,0.0
185,119,0.21310509068643507
185,399,0.0
185,200,0.0
185,476,0.0
185,16,0.0
185,189,0.0
185,362,0.0
185,17,0.0
185,310,0.0
185,59,0.0
283,20,0.9555610986884822
283,264,0.5624297704517999
283,94,0.5359969685525247
283,399,0.18722425457985226
283,189,0.17111608863838748
283,79,0.14113410235455406
283,352,0.13882863340115242
283,16,0.0
283,310,0.0
283,362,0.0
355,20,1.0421428778865613
355,94,0.7543522997674414
355,287,0.6645709633273227
355,399,0.1310569782058966
355,189,0.11978126204687123
355,362,0.0
355,310,0.0
355,17,0.0
355,59,0.0
355,16,0.0
157,119,0.0
157,20,0.0
157,399,0.0
157,476,0.0
157,264,0.0
157,200,0.0
157,189,0.0
157,362,0.0
157,17,0.0
157,16,0.0
347,119,0.18266150630265865
347,94,0.03628074724706824
347,59,0.0
347,264,0.0
347,476,0.0
347,16,0.0
347,189,0.0
347,362,0.0
347,17,0.0
347,310,0.0
115,94,0.5311441828370453
115,264,0.2584439567635697
115,20,0.08951656593238015
115,476,0.0
115,362,0.0
115,399,0.0
115,17,0.0
115,16,0.0
115,200,0.0
115,189,0.0
385,119,0.0
385,20,0.0
385,399,0.0
385,476,0.0
385,264,0.0
385,200,0.0
385,189,0.0
385,362,0.0
385,17,0.0
385,16,0.0
291,94,0.48239727169727215
291,399,0.16850182912186704
291,189,0.15400447977454873
291,200,0.0
291,16,0.0
291,264,0.0
291,310,0.0
291,59,0.0
291,362,0.0
291,17,0.0
89,119,0.0
89,20,0.0
89,399,0.0
89,476,0.0
89,264,0.0
89,200,0.0
89,189,0.0
89,362,0.0
89,17,0.0
89,16,0.0
288,94,0.3718009279859317
288,399,0.3639252259342655
288,264,0.3050391259919213
288,119,0.21310509068643507
288,200,0.14398100024957983
288,189,0.06298709054521212
288,17,0.0
288,16,0.0
288,362,0.0
288,310,0.0
148,94,0.10884224174120474
148,310,0.0
148,20,0.0
148,399,0.0
148,476,0.0
148,264,0.0
148,189,0.0
148,362,0.0
148,17,0.0
148,16,0.0
182,264,1.8305319583235973
182,255,0.44670823917465186
182,119,0.3661359311617215
182,189,0.24702258341587
182,200,0.20568714321368547
182,94,0.005142314003725326
182,310,0.0
182,59,0.0
182,362,0.0
182,17,0.0
237,20,0.4009579389568347
237,189,0.2042496229859599
237,94,0.12093582415689416
237,264,0.0761324410801773
237,476,0.0
237,17,0.0
237,399,0.0
237,16,0.0
237,59,0.0
237,362,0.0
153,94,0.5359969685525247
153,399,0.18722425457985226
153,189,0.17111608863838748
153,200,0.0
153,16,0.0
153,264,0.0
153,310,0.0
153,59,0.0
153,362,0.0
153,17,0.0
359,119,0.5247677373799207
359,264,0.4336759827366268
359,189,0.21985743569179372
359,94,0.007199239605215457
359,200,0.0
359,16,0.0
359,362,0.0
359,310,0.0
359,59,0.0
359,17,0.0
255,20,0.05049750392230169
255,119,0.0
255,476,0.0
255,399,0.0
255,17,0.0
255,200,0.0
255,189,0.0
255,362,0.0
255,16,0.0
255,310,0.0
147,119,0.0
147,20,0.0
147,399,0.0
147,476,0.0
147,264,0.0
147,200,0.0
147,189,0.0
147,362,0.0
147,17,0.0
147,16,0.0
198,310,1.1903667310774697
198,94,0.5994258736958674
198,399,0.39100356815894344
198,189,0.164772041007737
198,200,0.10284357160684274
198,264,0.08866311161244467
198,255,0.05003278031763963
198,59,0.0
198,362,0.0
198,17,0.0
131,119,0.0
131,20,0.0
131,399,0.0
131,476,0.0
131,264,0.0
131,200,0.0
131,189,0.0
131,362,0.0
131,17,0.0
131,16,0.0
280,119,0.0
280,20,0.0
280,399,0.0
280,476,0.0
280,264,0.0
280,200,0.0
280,189,0.0
280,362,0.0
280,17,0.0
280,16,0.0
219,119,0.21310509068643507
219,399,0.0
219,264,0.0
219,476,0.0
219,17,0.0
219,200,0.0
219,189,0.0
219,362,0.0
219,16,0.0
219,310,0.0
92,119,0.5552113217636971
92,189,0.21985743569179372
92,94,0.09185431651504136
92,476,0.0
92,362,0.0
92,16,0.0
92,59,0.0
92,17,0.0
92,310,0.0
92,287,0.0
391,20,0.8600049888196339
391,94,0.48239727169727215
391,399,0.16850182912186704
391,189,0.15400447977454873
391,310,0.0
391,264,0.0
391,362,0.0
391,17,0.0
391,200,0.0
391,16,0.0
366,20,0.4080215378673504
366,119,0.342106231077262
366,189,0.2648482146526595
366,200,0.10284357160684274
366,94,0.007199239605215457
366,16,0.0
366,310,0.0
366,362,0.0
366,59,0.0
366,17,0.0
119,20,0.2994852282019861
119,399,0.20795727196243743
119,264,0.07093048928995574
119,94,0.06046791207844708
119,189,0.03599262316869264
119,476,0.0
119,17,0.0
119,362,0.0
119,16,0.0
119,310,0.0
93,264,0.4336759827366268
93,119,0.342106231077262
93,189,0.21985743569179372
93,94,0.007199239605215457
93,200,0.0
93,17,0.0
93,476,0.0
93,16,0.0
93,310,0.0
93,362,0.0
247,119,0.21310509068643507
247,399,0.0
247,264,0.0
247,476,0.0
247,17,0.0
247,200,0.0
247,189,0.0
247,362,0.0
247,16,0.0
247,310,0.0
221,94,0.5311441828370453
221,264,0.2584439567635697
221,20,0.08951656593238015
221,476,0.0
221,362,0.0
221,399,0.0
221,17,0.0
221,16,0.0
221,200,0.0
221,189,0.0
408,20,1.4213461033592025
408,94,0.6033330958541663
408,189,0.43995395195489256
408,399,0.16850182912186704
408,264,0.10658541751224823
408,476,0.0
408,16,0.0
408,362,0.0
408,59,0.0
408,17,0.0
350,119,0.21310509068643507
350,399,0.0
350,264,0.0
350,476,0.0
350,17,0.0
350,200,0.0
350,189,0.0
350,362,0.0
350,16,0.0
350,310,0.0
406,264,1.3434371760011175
406,287,0.6645709633273227
406,255,0.44670823917465186
406,20,0.25221016401546026
406,362,0.0
406,17,0.0
406,399,0.0
406,16,0.0
406,200,0.0
406,189,0.0
121,94,0.5431962081577402
121,189,0.3909735243301812
121,476,0.0
121,200,0.0
121,16,0.0
121,362,0.0
121,17,0.0
121,310,0.0
121,59,0.0
121,287,0.0
212,264,1.5077207115706872
212,287,0.6645709633273227
212,20,0.60878314155388
212,200,0.3623481378782014
212,94,0.21245767313481811
212,189,0.16339969838876792
212,362,0.0
212,17,0.0
212,399,0.0
212,16,0.0
80,119,0.21310509068643507
80,399,0.0
80,264,0.0
80,476,0.0
80,17,0.0
80,200,0.0
80,189,0.0
80,362,0.0
80,16,0.0
80,310,0.0
140,20,0.07574625588345255
140,119,0.0
140,476,0.0
140,399,0.0
140,17,0.0
140,200,0.0
140,189,0.0
140,362,0.0
140,16,0.0
140,310,0.0
230,20,0.6738417634544687
230,399,0.4679038619154842
230,200,0.18511842889231694
230,264,0.1595936009024004
230,189,0.08098340212955843
230,119,0.0
230,476,0.0
230,362,0.0
230,16,0.0
230,17,0.0
110,264,0.8323995274485448
110,119,0.0
110,20,0.0
110,399,0.0
110,476,0.0
110,16,0.0
110,200,0.0
110,189,0.0
110,362,0.0
110,17,0.0
114,119,0.18266150630265865
114,399,0.0
114,264,0.0
114,476,0.0
114,17,0.0
114,200,0.0
114,189,0.0
114,362,0.0
114,16,0.0
114,310,0.0
111,94,0.5311441828370453
111,264,0.2584439567635697
111,20,0.08951656593238015
111,476,0.0
111,362,0.0
111,399,0.0
111,17,0.0
111,16,0.0
111,200,0.0
111,189,0.0
86,119,2.134625522412297
86,200,0.9618562553884275
86,264,0.6953001682607589
86,189,0.5753356836830563
86,399,0.3644202846779183
86,255,0.0714754004537709
86,17,0.0
86,59,0.0
86,362,0.0
86,287,0.0
203,119,0.4943241529961442
203,189,0.21985743569179372
203,94,0.007199239605215457
203,476,0.0
203,362,0.0
203,200,0.0
203,310,0.0
203,17,0.0
203,16,0.0
203,59,0.0
152,20,1.4828143881479598
152,264,0.8913414472981789
152,399,0.39546441725294845
152,189,0.3364796380685089
152,476,0.0
152,16,0.0
152,362,0.0
152,310,0.0
152,59,0.0
152,17,0.0
211,119,0.0
211,20,0.0
211,399,0.0
211,476,0.0
211,264,0.0
211,200,0.0
211,189,0.0
211,362,0.0
211,17,0.0
211,16,0.0
253,264,0.4336759827366268
253,119,0.342106231077262
253,189,0.21985743569179372
253,94,0.007199239605215457
253,200,0.0
253,17,0.0
253,476,0.0
253,16,0.0
253,310,0.0
253,362,0.0
141,264,0.4336759827366268
141,119,0.342106231077262
141,189,0.21985743569179372
141,94,0.007199239605215457
141,200,0.0
141,17,0.0
141,476,0.0
141,16,0.0
141,310,0.0
141,362,0.0
300,119,0.0
300,20,0.0
300,399,0.0
300,476,0.0
300,264,0.0
300,200,0.0
300,189,0.0
300,362,0.0
300,17,0.0
300,16,0.0
409,94,0.03628074724706824
409,310,0.0
409,20,0.0
409,399,0.0
409,476,0.0
409,264,0.0
409,189,0.0
409,362,0.0
409,17,0.0
409,16,0.0
407,264,1.3434371760011175
407,79,1.0262998951703575
407,287,0.6645709633273227
407,255,0.44670823917465186
407,20,0.25221016401546026
407,17,0.0
407,16,0.0
407,399,0.0
407,200,0.0
407,189,0.0
372,94,0.07256149449413649
372,310,0.0
372,20,0.0
372,399,0.0
372,476,0.0
372,264,0.0
372,189,0.0
372,362,0.0
372,17,0.0
372,16,0.0
174,119,0.0
174,20,0.0
174,399,0.0
174,476,0.0
174,264,0.0
174,200,0.0
174,189,0.0
174,362,0.0
174,17,0.0
174,16,0.0
336,20,0.6688927690819375
336,94,0.37519787798676724
336,399,0.1310569782058966
336,189,0.11978126204687123
336,310,0.0
336,264,0.0
336,362,0.0
336,17,0.0
336,200,0.0
336,16,0.0
387,94,0.48239727169727215
387,399,0.16850182912186704
387,189,0.15400447977454873
387,476,0.0
387,362,0.0
387,200,0.0
387,310,0.0
387,17,0.0
387,16,0.0
387,59,0.0
175,119,0.0
175,20,0.0
175,399,0.0
175,476,0.0
175,264,0.0
175,200,0.0
175,189,0.0
175,362,0.0
175,17,0.0
175,16,0.0
88,94,0.06046791207844708
88,310,0.0
88,20,0.0
88,399,0.0
88,476,0.0
88,264,0.0
88,189,0.0
88,362,0.0
88,17,0.0
88,16,0.0
107,189,0.6224894235426043
107,119,0.0
107,20,0.0
107,399,0.0
107,476,0.0
107,264,0.0
107,200,0.0
107,362,0.0
107,17,0.0
107,16,0.0
281,119,0.273992259453988
281,399,0.0
281,200,0.0
281,476,0.0
281,16,0.0
281,189,0.0
281,362,0.0
281,17,0.0
281,310,0.0
281,59,0.0
97,399,4.009548825638794
97,119,2.4734914369524246
97,310,0.25668562131705364
97,476,0.0
97,17,0.0
97,59,0.0
97,134,0.0
97,16,0.0
97,78,0.0
97,22,0.0
179,119,1.2695892854966506
179,399,0.46854036601446647
179,200,0.42138901813059637
179,189,0.37206798621777326
179,476,0.0
179,16,0.0
179,362,0.0
179,310,0.0
179,59,0.0
179,17,0.0
404,119,0.342106231077262
404,189,0.21985743569179372
404,20,0.042081253268584744
404,94,0.007199239605215457
404,200,0.0
404,16,0.0
404,362,0.0
404,310,0.0
404,59,0.0
404,17,0.0
267,20,0.07574625588345255
267,119,0.0
267,476,0.0
267,399,0.0
267,17,0.0
267,200,0.0
267,189,0.0
267,362,0.0
267,16,0.0
267,310,0.0
270,119,0.0
270,20,0.0
270,399,0.0
270,476,0.0
270,264,0.0
270,200,0.0
270,189,0.0
270,362,0.0
270,17,0.0
270,16,0.0
229,20,0.08416250653716949
229,119,0.0
229,476,0.0
229,399,0.0
229,17,0.0
229,200,0.0
229,189,0.0
229,362,0.0
229,16,0.0
229,310,0.0
252,119,0.21310509068643507
252,399,0.0
252,264,0.0
252,476,0.0
252,17,0.0
252,200,0.0
252,189,0.0
252,362,0.0
252,16,0.0
252,310,0.0
163,119,0.0
163,20,0.0
163,399,0.0
163,476,0.0
163,264,0.0
163,200,0.0
163,189,0.0
163,362,0.0
163,17,0.0
163,16,0.0
321,119,0.1522179219188822
321,399,0.0
321,264,0.0
321,476,0.0
321,17,0.0
321,200,0.0
321,189,0.0
321,362,0.0
321,16,0.0
321,310,0.0
210,200,0.45293517234775177
210,20,0.4009579389568347
210,189,0.2042496229859599
210,264,0.0761324410801773
210,119,0.0
210,476,0.0
210,399,0.0
210,362,0.0
210,16,0.0
210,17,0.0
176,264,0.6474218546822016
176,119,0.0
176,20,0.0
176,399,0.0
176,476,0.0
176,16,0.0
176,200,0.0
176,189,0.0
176,362,0.0
176,17,0.0
194,20,0.08416250653716949
194,119,0.0
194,476,0.0
194,399,0.0
194,17,0.0
194,200,0.0
194,189,0.0
194,362,0.0
194,16,0.0
194,310,0.0
171,20,0.05891375457601864
171,119,0.0
171,476,0.0
171,399,0.0
171,17,0.0
171,200,0.0
171,189,0.0
171,362,0.0
171,16,0.0
171,310,0.0
166,264,1.0810978374188283
166,119,0.342106231077262
166,189,0.21985743569179372
166,94,0.007199239605215457
166,200,0.0
166,17,0.0
166,476,0.0
166,16,0.0
166,310,0.0
166,362,0.0
277,264,1.579054888317836
277,79,1.0262998951703575
277,20,0.7461962892846294
277,399,0.31193590794365617
277,94,0.26557209141852267
277,200,0.1234122859282113
277,189,0.05398893475303895
277,362,0.0
277,17,0.0
277,16,0.0
218,119,0.0
218,20,0.0
218,399,0.0
218,476,0.0
218,264,0.0
218,200,0.0
218,189,0.0
218,362,0.0
218,17,0.0
218,16,0.0
402,352,0.20824295010172866
402,119,0.03497069061134688
402,264,0.011245128229154789
402,476,0.0
402,362,0.0
402,399,0.0
402,17,0.0
402,16,0.0
402,200,0.0
402,189,0.0
360,94,0.38034019199049257
360,264,0.3172653112503604
360,189,0.2768222875410096
360,79,0.14113410235455406
360,352,0.13882863340115242
360,310,0.0
360,59,0.0
360,200,0.0
360,17,0.0
360,16,0.0
365,20,1.9300180139933434
365,94,1.2266677689796701
365,200,0.9058703446955035
365,189,0.528280508018791
365,264,0.4107088389239243
365,399,0.1310569782058966
365,476,0.0
365,17,0.0
365,362,0.0
365,59,0.0
362,20,1.0545065789189556
362,119,0.9932189898469053
362,264,0.6728168579982978
362,399,0.4164803253461924
362,200,0.37456801611608564
362,189,0.3307270988602429
362,476,0.0
362,362,0.0
362,17,0.0
362,16,0.0
363,200,0.3623481378782014
363,20,0.32076635116546776
363,189,0.16339969838876792
363,264,0.06090595286414185
363,119,0.0
363,476,0.0
363,399,0.0
363,362,0.0
363,16,0.0
363,17,0.0
196,20,0.9555610986884822
196,94,0.5359969685525247
196,399,0.18722425457985226
196,189,0.17111608863838748
196,310,0.0
196,264,0.0
196,362,0.0
196,17,0.0
196,200,0.0
196,16,0.0
388,20,0.8600049888196339
388,94,0.48239727169727215
388,399,0.16850182912186704
388,189,0.15400447977454873
388,310,0.0
388,264,0.0
388,362,0.0
388,17,0.0
388,200,0.0
388,16,0.0
390,94,0.2679984842762623
390,399,0.09361212728992613
390,189,0.08555804431919374
390,200,0.0
390,16,0.0
390,264,0.0
390,310,0.0
390,59,0.0
390,362,0.0
390,17,0.0
223,20,0.6688927690819375
223,94,0.37519787798676724
223,399,0.1310569782058966
223,189,0.11978126204687123
223,310,0.0
223,264,0.0
223,362,0.0
223,17,0.0
223,200,0.0
223,16,0.0
301,94,0.5311441828370453
301,264,0.2584439567635697
301,20,0.08951656593238015
301,476,0.0
301,362,0.0
301,399,0.0
301,17,0.0
301,16,0.0
301,200,0.0
301,189,0.0
73,119,0.0
73,20,0.0
73,399,0.0
73,476,0.0
73,264,0.0
73,200,0.0
73,189,0.0
73,362,0.0
73,17,0.0
73,16,0.0
315,119,1.5484303116106024
315,264,1.1673987935990664
315,189,0.7139842329408045
315,476,0.0
315,362,0.0
315,17,0.0
315,59,0.0
315,134,0.0
315,16,0.0
315,287,0.0
306,20,2.0121790058233633
306,399,1.5256177262330657
306,119,0.9932189898469053
306,264,0.7969452142557204
306,200,0.5185490163656654
306,255,0.5110565781194969
306,189,0.393714189405455
306,79,0.08731427393526986
306,310,0.07221365695003344
306,16,0.0
312,20,2.2335088941206127
312,264,1.573167261005704
312,119,1.4594775946550305
312,189,0.6549125124547791
312,200,0.5653700183801762
312,79,0.08731427393526986
312,310,0.07221365695003344
312,17,0.0
312,16,0.0
312,362,0.0
309,20,0.7487130705049652
309,264,0.6110022059615161
309,119,0.342106231077262
309,189,0.3098389936135253
309,200,0.20568714321368547
309,94,0.007199239605215457
309,17,0.0
309,16,0.0
309,362,0.0
309,310,0.0
279,94,0.31394642108128035
279,399,0.31193590794365617
279,119,0.3044358438377644
279,189,0.05398893475303895
279,476,0.0
279,362,0.0
279,17,0.0
279,310,0.0
279,16,0.0
279,59,0.0
358,352,0.13882863340115242
358,119,0.02331379374089792
358,264,0.00749675215276986
358,476,0.0
358,362,0.0
358,399,0.0
358,17,0.0
358,16,0.0
358,200,0.0
358,189,0.0
233,20,0.042081253268584744
233,119,0.0
233,476,0.0
233,399,0.0
233,17,0.0
233,200,0.0
233,189,0.0
233,362,0.0
233,16,0.0
233,310,0.0
348,20,0.008416250653716949
348,119,0.0
348,476,0.0
348,399,0.0
348,17,0.0
348,200,0.0
348,189,0.0
348,362,0.0
348,16,0.0
348,310,0.0
227,119,0.0
227,20,0.0
227,399,0.0
227,476,0.0
227,264,0.0
227,200,0.0
227,189,0.0
227,362,0.0
227,17,0.0
227,16,0.0
273,20,1.186319901283825
273,119,1.1173713635777685
273,264,0.756918965248085
273,399,0.46854036601446647
273,189,0.37206798621777326
273,476,0.0
273,17,0.0
273,362,0.0
273,16,0.0
273,310,0.0
162,94,0.5311441828370453
162,264,0.2584439567635697
162,119,0.1522179219188822
162,200,0.0
162,17,0.0
162,476,0.0
162,16,0.0
162,310,0.0
162,189,0.0
162,362,0.0
106,20,0.6707490832897556
106,399,0.20795727196243743
106,189,0.19939232155746056
106,94,0.06046791207844708
106,119,0.0
106,476,0.0
106,362,0.0
106,16,0.0
106,17,0.0
106,59,0.0
169,264,0.4336759827366268
169,119,0.342106231077262
169,189,0.21985743569179372
169,94,0.007199239605215457
169,200,0.0
169,17,0.0
169,476,0.0
169,16,0.0
169,310,0.0
169,362,0.0
302,119,0.0
302,20,0.0
302,399,0.0
302,476,0.0
302,264,0.0
302,200,0.0
302,189,0.0
302,362,0.0
302,17,0.0
302,16,0.0
310,119,0.0
310,20,0.0
310,399,0.0
310,476,0.0
310,264,0.0
310,200,0.0
310,189,0.0
310,362,0.0
310,17,0.0
310,16,0.0
298,119,0.0
298,20,0.0
298,399,0.0
298,476,0.0
298,264,0.0
298,200,0.0
298,189,0.0
298,362,0.0
298,17,0.0
298,16,0.0
274,79,0.11761175196212838
274,352,0.1156905278342937
274,20,0.07574625588345255
274,119,0.019428161450748268
274,476,0.0
274,17,0.0
274,189,0.0
274,16,0.0
274,200,0.0
274,362,0.0
340,20,0.05049750392230169
340,119,0.0
340,476,0.0
340,399,0.0
340,17,0.0
340,200,0.0
340,189,0.0
340,362,0.0
340,16,0.0
340,310,0.0
246,200,0.45293517234775177
246,189,0.446848692799292
246,94,0.27314079827998766
246,476,0.0
246,362,0.0
246,16,0.0
246,287,0.0
246,17,0.0
246,59,0.0
246,134,0.0
342,119,0.1522179219188822
342,399,0.0
342,264,0.0
342,476,0.0
342,17,0.0
342,200,0.0
342,189,0.0
342,362,0.0
342,16,0.0
342,310,0.0
292,20,0.8497936887652354
292,119,0.7449142423851789
292,399,0.3123602440096443
292,200,0.28092601208706425
292,189,0.24804532414518216
292,476,0.0
292,17,0.0
292,362,0.0
292,16,0.0
292,310,0.0
135,119,0.1522179219188822
135,399,0.0
135,200,0.0
135,476,0.0
135,16,0.0
135,189,0.0
135,362,0.0
135,17,0.0
135,310,0.0
135,59,0.0
214,264,0.4336759827366268
214,94,0.3823971175919827
214,189,0.33963869773866495
214,476,0.0
214,362,0.0
214,200,0.0
214,310,0.0
214,17,0.0
214,16,0.0
214,59,0.0
192,94,1.8563825421086972
192,255,0.9066591594821991
192,119,0.40146457494484916
192,189,0.1706235993561765
192,200,0.10284357160684274
192,310,0.0649922912550301
192,362,0.0
192,59,0.0
192,17,0.0
192,16,0.0
278,264,1.5030307769035178
278,20,0.9260519274699289
278,399,0.4679038619154842
278,255,0.44670823917465186
278,189,0.08098340212955843
278,94,0.04837432966275766
278,17,0.0
278,16,0.0
278,362,0.0
278,310,0.0
319,20,0.042081253268584744
319,119,0.0
319,476,0.0
319,399,0.0
319,17,0.0
319,200,0.0
319,189,0.0
319,362,0.0
319,16,0.0
319,310,0.0
186,189,1.5362103241014398
186,20,0.5745966532757774
186,119,0.342106231077262
186,200,0.14398100024957983
186,94,0.007199239605215457
186,476,0.0
186,310,0.0
186,17,0.0
186,59,0.0
186,16,0.0
234,264,0.6474218546822016
234,119,0.0
234,20,0.0
234,399,0.0
234,476,0.0
234,16,0.0
234,200,0.0
234,189,0.0
234,362,0.0
234,17,0.0
330,264,0.6474218546822016
330,119,0.0
330,20,0.0
330,399,0.0
330,476,0.0
330,16,0.0
330,200,0.0
330,189,0.0
330,362,0.0
330,17,0.0
378,264,0.4336759827366268
378,119,0.342106231077262
378,189,0.21985743569179372
378,94,0.007199239605215457
378,200,0.0
378,17,0.0
378,476,0.0
378,16,0.0
378,310,0.0
378,362,0.0
394,20,0.8600049888196339
394,94,0.48239727169727215
394,399,0.16850182912186704
394,189,0.15400447977454873
394,310,0.0
394,264,0.0
394,362,0.0
394,17,0.0
394,200,0.0
394,16,0.0
295,119,0.0
295,20,0.0
295,399,0.0
295,476,0.0
295,264,0.0
295,200,0.0
295,189,0.0
295,362,0.0
295,17,0.0
295,16,0.0
241,264,0.4336759827366268
241,119,0.342106231077262
241,189,0.21985743569179372
241,94,0.007199239605215457
241,200,0.0
241,17,0.0
241,476,0.0
241,16,0.0
241,310,0.0
241,362,0.0
132,264,0.4411727348893966
132,119,0.36542002481815994
132,189,0.21985743569179372
132,79,0.14113410235455406
132,352,0.13882863340115242
132,94,0.007199239605215457
132,16,0.0
132,310,0.0
132,476,0.0
132,362,0.0
222,310,1.1903667310774697
222,119,0.7367176709268738
222,20,0.2587849607457494
222,94,0.22422799570910018
222,255,0.05003278031763963
222,362,0.0
222,17,0.0
222,200,0.0
222,264,0.0
222,189,0.0
224,310,1.1903667310774697
224,119,0.7367176709268738
224,20,0.2587849607457494
224,94,0.22422799570910018
224,255,0.05003278031763963
224,362,0.0
224,17,0.0
224,200,0.0
224,264,0.0
224,189,0.0
303,20,0.08416250653716949
303,119,0.0
303,476,0.0
303,399,0.0
303,17,0.0
303,200,0.0
303,189,0.0
303,362,0.0
303,16,0.0
303,310,0.0
217,20,0.8600049888196339
217,94,0.48239727169727215
217,399,0.16850182912186704
217,189,0.15400447977454873
217,310,0.0
217,264,0.0
217,362,0.0
217,17,0.0
217,200,0.0
217,16,0.0
293,20,0.3743565352524826
293,399,0.2599465899530468
293,200,0.10284357160684274
293,264,0.08866311161244467
293,189,0.0449907789608658
293,119,0.0
293,476,0.0
293,362,0.0
293,16,0.0
293,17,0.0
240,200,0.45293517234775177
240,20,0.45145544287913636
240,189,0.3612906484800983
240,119,0.24436159362661575
240,94,0.005142314003725326
240,476,0.0
240,16,0.0
240,362,0.0
240,59,0.0
240,17,0.0
158,264,0.4336759827366268
158,119,0.342106231077262
158,189,0.21985743569179372
158,94,0.007199239605215457
158,200,0.0
158,17,0.0
158,476,0.0
158,16,0.0
158,310,0.0
158,362,0.0
204,119,0.1522179219188822
204,399,0.0
204,200,0.0
204,476,0.0
204,16,0.0
204,189,0.0
204,362,0.0
204,17,0.0
204,310,0.0
204,59,0.0
294,20,0.05891375457601864
294,119,0.0
294,476,0.0
294,399,0.0
294,17,0.0
294,200,0.0
294,189,0.0
294,362,0.0
294,16,0.0
294,310,0.0
367,119,0.29323391235193885
367,189,0.18844923059296606
367,20,0.07574625588345255
367,94,0.0061707768044703916
367,200,0.0
367,16,0.0
367,362,0.0
367,310,0.0
367,59,0.0
367,17,0.0
77,287,0.6645709633273227
77,255,0.44670823917465186
77,119,0.342106231077262
77,20,0.3279564198989128
77,189,0.21985743569179372
77,94,0.007199239605215457
77,310,0.0
77,59,0.0
77,362,0.0
77,17,0.0
337,264,2.219741196665664
337,94,1.7636762810109827
337,79,1.0786884595315194
337,399,0.9566539761863657
337,189,0.3617929136425389
337,362,0.0
337,59,0.0
337,17,0.0
337,134,0.0
337,16,0.0
138,399,1.517644563558962
138,189,1.0743135410266578
138,264,0.2000806608375143
138,119,0.0
138,20,0.0
138,200,0.0
138,476,0.0
138,310,0.0
138,17,0.0
138,16,0.0
226,20,0.4777805493442411
226,94,0.2679984842762623
226,399,0.09361212728992613
226,189,0.08555804431919374
226,310,0.0
226,264,0.0
226,362,0.0
226,17,0.0
226,200,0.0
226,16,0.0
399,20,1.186319901283825
399,119,1.1173713635777685
399,264,0.756918965248085
399,399,0.46854036601446647
399,189,0.37206798621777326
399,476,0.0
399,17,0.0
399,362,0.0
399,16,0.0
399,310,0.0
243,94,0.06046791207844708
243,310,0.0
243,20,0.0
243,399,0.0
243,476,0.0
243,264,0.0
243,189,0.0
243,362,0.0
243,17,0.0
243,16,0.0
124,264,0.6474218546822016
124,119,0.18266150630265865
124,399,0.0
124,200,0.0
124,476,0.0
124,17,0.0
124,310,0.0
124,189,0.0
124,362,0.0
124,16,0.0
126,119,0.12177433753510576
126,399,0.0
126,264,0.0
126,476,0.0
126,17,0.0
126,200,0.0
126,189,0.0
126,362,0.0
126,16,0.0
126,310,0.0
276,119,0.0
276,20,0.0
276,399,0.0
276,476,0.0
276,264,0.0
276,200,0.0
276,189,0.0
276,362,0.0
276,17,0.0
276,16,0.0
112,399,1.7705853241521223
112,189,1.253365797864434
112,264,0.2334274376437667
112,119,0.0
112,20,0.0
112,200,0.0
112,476,0.0
112,310,0.0
112,17,0.0
112,16,0.0
311,119,0.0
311,20,0.0
311,399,0.0
311,476,0.0
311,264,0.0
311,200,0.0
311,189,0.0
311,362,0.0
311,17,0.0
311,16,0.0
244,94,0.325712032334495
244,264,0.24781484727807243
244,189,0.22830247357834318
244,476,0.0
244,362,0.0
244,200,0.0
244,310,0.0
244,17,0.0
244,16,0.0
244,59,0.0
72,264,0.4336759827366268
72,119,0.342106231077262
72,189,0.21985743569179372
72,94,0.007199239605215457
72,200,0.0
72,17,0.0
72,476,0.0
72,16,0.0
72,310,0.0
72,362,0.0
202,200,0.4651917094850442
202,399,0.39100356815894344
202,94,0.37519787798676724
202,189,0.3281717393965049
202,476,0.0
202,362,0.0
202,17,0.0
202,59,0.0
202,134,0.0
202,16,0.0
122,264,0.4336759827366268
122,119,0.342106231077262
122,189,0.21985743569179372
122,94,0.007199239605215457
122,200,0.0
122,17,0.0
122,476,0.0
122,16,0.0
122,310,0.0
122,362,0.0
81,399,1.2647038029658018
81,189,0.8952612841888814
81,264,0.16673388403126194
81,119,0.0
81,20,0.0
81,200,0.0
81,476,0.0
81,310,0.0
81,17,0.0
81,16,0.0
261,94,2.1427314001384
261,287,0.9573513453431755
261,399,0.7452121749526077
261,255,0.5110565781194969
261,20,0.4335732775509319
261,310,0.07221365695003344
261,16,0.0
261,264,0.0
261,189,0.0
261,362,0.0
264,119,0.0
264,20,0.0
264,399,0.0
264,476,0.0
264,264,0.0
264,200,0.0
264,189,0.0
264,362,0.0
264,17,0.0
264,16,0.0
102,20,0.5733366592130893
102,94,0.3215981811315148
102,399,0.11233455274791136
102,189,0.10266965318303248
102,310,0.0
102,264,0.0
102,362,0.0
102,17,0.0
102,200,0.0
102,16,0.0
232,119,0.0
232,20,0.0
232,399,0.0
232,476,0.0
232,264,0.0
232,200,0.0
232,189,0.0
232,362,0.0
232,17,0.0
232,16,0.0
263,119,0.1522179219188822
263,399,0.0
263,200,0.0
263,476,0.0
263,16,0.0
263,189,0.0
263,362,0.0
263,17,0.0
263,310,0.0
263,59,0.0
268,119,0.0
268,20,0.0
268,399,0.0
268,476,0.0
268,264,0.0
268,200,0.0
268,189,0.0
268,362,0.0
268,17,0.0
268,16,0.0
396,119,0.12177433753510576
396,399,0.0
396,264,0.0
396,476,0.0
396,17,0.0
396,200,0.0
396,189,0.0
396,362,0.0
396,16,0.0
396,310,0.0
397,287,0.6645709633273227
397,255,0.44670823917465186
397,119,0.1522179219188822
397,94,0.04837432966275766
397,310,0.0
397,59,0.0
397,476,0.0
397,362,0.0
397,17,0.0
397,16,0.0
129,119,0.0
129,20,0.0
129,399,0.0
129,476,0.0
129,264,0.0
129,200,0.0
129,189,0.0
129,362,0.0
129,17,0.0
129,16,0.0
333,189,0.30999989808085243
333,94,0.2741692610807327
333,79,0.14113410235455406
333,352,0.13882863340115242
333,200,0.08227485728547419
333,362,0.0
333,59,0.0
333,16,0.0
333,17,0.0
333,310,0.0
369,264,1.3434371760011175
369,79,1.0262998951703575
369,287,0.6645709633273227
369,255,0.44670823917465186
369,20,0.25221016401546026
369,17,0.0
369,16,0.0
369,399,0.0
369,200,0.0
369,189,0.0
259,264,0.5578043389940494
259,119,0.5552113217636971
259,189,0.28284452623700584
259,200,0.14398100024957983
259,94,0.007199239605215457
259,16,0.0
259,310,0.0
259,362,0.0
259,59,0.0
259,17,0.0
161,94,0.2729255852132652
161,20,0.06947162898781986
161,59,0.0
161,476,0.0
161,399,0.0
161,16,0.0
161,189,0.0
161,362,0.0
161,17,0.0
161,310,0.0
403,20,0.5114455519591089
403,94,0.2679984842762623
403,399,0.09361212728992613
403,189,0.08555804431919374
403,200,0.0
403,16,0.0
403,362,0.0
403,310,0.0
403,59,0.0
403,17,0.0
258,20,0.4777805493442411
258,264,0.46244418191585823
258,94,0.3284663963547094
258,399,0.09361212728992613
258,189,0.08555804431919374
258,16,0.0
258,310,0.0
258,362,0.0
258,59,0.0
258,17,0.0
215,119,0.18266150630265865
215,399,0.0
215,264,0.0
215,476,0.0
215,17,0.0
215,200,0.0
215,189,0.0
215,362,0.0
215,16,0.0
215,310,0.0
164,79,0.16465645274697974
164,352,0.16196673896801117
164,119,0.027199426031047573
164,264,0.00874621084489817
164,362,0.0
164,17,0.0
164,399,0.0
164,16,0.0
164,200,0.0
164,189,0.0
357,20,0.07574625588345255
357,119,0.0
357,476,0.0
357,399,0.0
357,17,0.0
357,200,0.0
357,189,0.0
357,362,0.0
357,16,0.0
357,310,0.0
190,264,0.30976855909759055
190,94,0.27314079827998766
190,189,0.24259906981333212
190,476,0.0
190,362,0.0
190,200,0.0
190,310,0.0
190,17,0.0
190,16,0.0
190,59,0.0
307,119,0.21310509068643507
307,399,0.0
307,264,0.0
307,476,0.0
307,17,0.0
307,200,0.0
307,189,0.0
307,362,0.0
307,16,0.0
307,310,0.0
238,79,0.16465645274697974
238,352,0.16196673896801117
238,119,0.027199426031047573
238,264,0.00874621084489817
238,362,0.0
238,17,0.0
238,399,0.0
238,16,0.0
238,200,0.0
238,189,0.0
165,20,0.7644488789507857
165,94,0.4287975748420197
165,399,0.14977940366388182
165,189,0.13689287091070998
165,310,0.0
165,264,0.0
165,362,0.0
165,17,0.0
165,200,0.0
165,16,0.0
225,20,0.8600049888196339
225,94,0.48239727169727215
225,399,0.16850182912186704
225,189,0.15400447977454873
225,310,0.0
225,264,0.0
225,362,0.0
225,17,0.0
225,200,0.0
225,16,0.0
242,119,0.21310509068643507
242,399,0.0
242,264,0.0
242,476,0.0
242,17,0.0
242,200,0.0
242,189,0.0
242,362,0.0
242,16,0.0
242,310,0.0
338,399,0.3639252259342655
338,119,0.21310509068643507
338,264,0.12412835625742255
338,94,0.10884224174120474
338,189,0.06298709054521212
338,16,0.0
338,310,0.0
338,362,0.0
338,59,0.0
338,17,0.0
326,119,0.1522179219188822
326,399,0.0
326,264,0.0
326,476,0.0
326,17,0.0
326,200,0.0
326,189,0.0
326,362,0.0
326,16,0.0
326,310,0.0
96,119,0.0
96,20,0.0
96,399,0.0
96,476,0.0
96,264,0.0
96,200,0.0
96,189,0.0
96,362,0.0
96,17,0.0
96,16,0.0
94,399,1.0117630423726414
94,189,0.7162090273511051
94,264,0.13338710722500954
94,119,0.0
94,20,0.0
94,200,0.0
94,476,0.0
94,310,0.0
94,17,0.0
94,16,0.0
123,119,0.1522179219188822
123,399,0.0
123,264,0.0
123,476,0.0
123,17,0.0
123,200,0.0
123,189,0.0
123,362,0.0
123,16,0.0
123,310,0.0
392,79,1.0262998951703575
392,94,0.2608320027975758
392,189,0.24024224615465253
392,399,0.20795727196243743
392,119,0.18266150630265865
392,362,0.0
392,59,0.0
392,17,0.0
392,134,0.0
392,16,0.0
343,20,0.033665002614867795
343,119,0.0
343,476,0.0
343,399,0.0
343,17,0.0
343,200,0.0
343,189,0.0
343,362,0.0
343,16,0.0
343,310,0.0
120,20,0.6688927690819375
120,94,0.37519787798676724
120,399,0.1310569782058966
120,189,0.11978126204687123
120,310,0.0
120,264,0.0
120,362,0.0
120,17,0.0
120,200,0.0
120,16,0.0
344,119,0.21310509068643507
344,399,0.0
344,200,0.0
344,476,0.0
344,16,0.0
344,189,0.0
344,362,0.0
344,17,0.0
344,310,0.0
344,59,0.0
213,264,0.3699553455326866
213,119,0.1522179219188822
213,399,0.0
213,200,0.0
213,476,0.0
213,17,0.0
213,310,0.0
213,189,0.0
213,362,0.0
213,16,0.0
305,119,0.1522179219188822
305,399,0.0
305,264,0.0
305,476,0.0
305,17,0.0
305,200,0.0
305,189,0.0
305,362,0.0
305,16,0.0
305,310,0.0
314,119,0.21310509068643507
314,399,0.0
314,264,0.0
314,476,0.0
314,17,0.0
314,200,0.0
314,189,0.0
314,362,0.0
314,16,0.0
314,310,0.0
75,20,0.44922784230297913
75,399,0.31193590794365617
75,200,0.1234122859282113
75,264,0.10639573393493361
75,189,0.05398893475303895
75,119,0.0
75,476,0.0
75,362,0.0
75,16,0.0
75,17,0.0
262,119,0.273992259453988
262,399,0.0
262,264,0.0
262,476,0.0
262,17,0.0
262,200,0.0
262,189,0.0
262,362,0.0
262,16,0.0
262,310,0.0
216,119,0.0
216,20,0.0
216,399,0.0
216,476,0.0
216,264,0.0
216,200,0.0
216,189,0.0
216,362,0.0
216,17,0.0
216,16,0.0
220,264,1.3434371760011175
220,79,1.0262998951703575
220,287,0.6645709633273227
220,255,0.44670823917465186
220,20,0.25221016401546026
220,17,0.0
220,16,0.0
220,399,0.0
220,200,0.0
220,189,0.0
377,399,0.31193590794365617
377,200,0.1234122859282113
377,119,0.12177433753510576
377,264,0.10639573393493361
377,189,0.05398893475303895
377,476,0.0
377,17,0.0
377,362,0.0
377,16,0.0
377,310,0.0
316,399,0.5808749187623778
316,189,0.4747376394008057
316,200,0.42138901813059637
316,476,0.0
316,362,0.0
316,17,0.0
316,310,0.0
316,287,0.0
316,16,0.0
316,59,0.0
209,264,0.4336759827366268
209,119,0.342106231077262
209,189,0.21985743569179372
209,94,0.007199239605215457
209,200,0.0
209,17,0.0
209,476,0.0
209,16,0.0
209,310,0.0
209,362,0.0
265,119,0.0
265,20,0.0
265,399,0.0
265,476,0.0
265,264,0.0
265,200,0.0
265,189,0.0
265,362,0.0
265,17,0.0
265,16,0.0
167,287,0.6645709633273227
167,255,0.44670823917465186
167,20,0.31954016924519585
167,476,0.0
167,17,0.0
167,399,0.0
167,16,0.0
167,200,0.0
167,189,0.0
167,362,0.0
178,119,0.0
178,20,0.0
178,399,0.0
178,476,0.0
178,264,0.0
178,200,0.0
178,189,0.0
178,362,0.0
178,17,0.0
178,16,0.0
289,119,0.18266150630265865
289,399,0.0
289,264,0.0
289,476,0.0
289,17,0.0
289,200,0.0
289,189,0.0
289,362,0.0
289,16,0.0
289,310,0.0
287,20,0.042081253268584744
287,119,0.0
287,476,0.0
287,399,0.0
287,17,0.0
287,200,0.0
287,189,0.0
287,362,0.0
287,16,0.0
287,310,0.0
380,119,0.18266150630265865
380,399,0.0
380,200,0.0
380,476,0.0
380,16,0.0
380,189,0.0
380,362,0.0
380,17,0.0
380,310,0.0
380,59,0.0
356,20,0.042081253268584744
356,119,0.0
356,476,0.0
356,399,0.0
356,17,0.0
356,200,0.0
356,189,0.0
356,362,0.0
356,16,0.0
356,310,0.0
354,119,0.1522179219188822
354,399,0.0
354,200,0.0
354,476,0.0
354,16,0.0
354,189,0.0
354,362,0.0
354,17,0.0
354,310,0.0
354,59,0.0
376,264,0.7715502109396242
376,20,0.5240991493534757
376,399,0.3639252259342655
376,200,0.14398100024957983
376,189,0.06298709054521212
376,119,0.0
376,476,0.0
376,362,0.0
376,16,0.0
376,17,0.0
346,264,0.30976855909759055
346,119,0.24436159362661575
346,189,0.1570410254941384
346,94,0.005142314003725326
346,200,0.0
346,17,0.0
346,476,0.0
346,16,0.0
346,310,0.0
346,362,0.0
101,20,0.4777805493442411
101,94,0.2679984842762623
101,399,0.09361212728992613
101,189,0.08555804431919374
101,310,0.0
101,264,0.0
101,362,0.0
101,17,0.0
101,200,0.0
101,16,0.0
109,94,1.8522686909057169
109,287,0.861616210808858
109,399,0.670690957457347
109,255,0.45995092030754725
109,20,0.39021594979583873
109,79,0.07858284654174287
109,310,0.0649922912550301
109,264,0.0
109,200,0.0
109,189,0.0
191,20,0.042081253268584744
191,119,0.0
191,476,0.0
191,399,0.0
191,17,0.0
191,200,0.0
191,189,0.0
191,362,0.0
191,16,0.0
191,310,0.0
184,94,0.26557209141852267
184,264,0.12922197838178484
184,20,0.044758282966190076
184,476,0.0
184,362,0.0
184,399,0.0
184,17,0.0
184,16,0.0
184,200,0.0
184,189,0.0
352,119,0.21310509068643507
352,399,0.0
352,264,0.0
352,476,0.0
352,17,0.0
352,200,0.0
352,189,0.0
352,362,0.0
352,16,0.0
352,310,0.0
231,119,0.0
231,20,0.0
231,399,0.0
231,476,0.0
231,264,0.0
231,200,0.0
231,189,0.0
231,362,0.0
231,17,0.0
231,16,0.0
187,119,0.0
187,20,0.0
187,399,0.0
187,476,0.0
187,264,0.0
187,200,0.0
187,189,0.0
187,362,0.0
187,17,0.0
187,16,0.0
297,200,0.45293517234775177
297,20,0.44303919222541943
297,189,0.2042496229859599
297,119,0.0
297,476,0.0
297,399,0.0
297,17,0.0
297,59,0.0
297,362,0.0
297,16,0.0
228,119,0.1522179219188822
228,399,0.0
228,200,0.0
228,476,0.0
228,16,0.0
228,189,0.0
228,362,0.0
228,17,0.0
228,310,0.0
228,59,0.0
308,264,0.37172227091710863
308,119,0.29323391235193885
308,189,0.18844923059296606
308,94,0.0061707768044703916
308,200,0.0
308,17,0.0
308,476,0.0
308,16,0.0
308,310,0.0
308,362,0.0
139,20,0.05049750392230169
139,119,0.0
139,476,0.0
139,399,0.0
139,17,0.0
139,200,0.0
139,189,0.0
139,362,0.0
139,16,0.0
139,310,0.0
373,94,0.31868650970222717
373,264,0.1550663740581418
373,20,0.053709939559428085
373,476,0.0
373,362,0.0
373,399,0.0
373,17,0.0
373,16,0.0
373,200,0.0
373,189,0.0
168,20,0.05049750392230169
168,119,0.0
168,476,0.0
168,399,0.0
168,17,0.0
168,200,0.0
168,189,0.0
168,362,0.0
168,16,0.0
168,310,0.0
400,119,0.0
400,20,0.0
400,399,0.0
400,476,0.0
400,264,0.0
400,200,0.0
400,189,0.0
400,362,0.0
400,17,0.0
400,16,0.0
320,94,0.5311441828370453
320,264,0.2584439567635697
320,20,0.08951656593238015
320,476,0.0
320,362,0.0
320,399,0.0
320,17,0.0
320,16,0.0
320,200,0.0
320,189,0.0
95,119,0.1522179219188822
95,399,0.0
95,264,0.0
95,476,0.0
95,17,0.0
95,200,0.0
95,189,0.0
95,362,0.0
95,16,0.0
95,310,0.0
353,119,0.0
353,20,0.0
353,399,0.0
353,476,0.0
353,264,0.0
353,200,0.0
353,189,0.0
353,362,0.0
353,17,0.0
353,16,0.0
260,119,0.0
260,20,0.0
260,399,0.0
260,476,0.0
260,264,0.0
260,200,0.0
260,189,0.0
260,362,0.0
260,17,0.0
260,16,0.0
83,20,0.4777805493442411
83,94,0.2679984842762623
83,399,0.09361212728992613
83,189,0.08555804431919374
83,310,0.0
83,264,0.0
83,362,0.0
83,17,0.0
83,200,0.0
83,16,0.0
250,94,0.21439878742100985
250,399,0.07488970183194091
250,189,0.06844643545535499
250,200,0.0
250,16,0.0
250,264,0.0
250,310,0.0
250,59,0.0
250,362,0.0
250,17,0.0
395,119,0.1522179219188822
395,399,0.0
395,264,0.0
395,476,0.0
395,17,0.0
395,200,0.0
395,189,0.0
395,362,0.0
395,16,0.0
395,310,0.0
183,264,1.3434371760011175
183,79,1.0262998951703575
183,287,0.6645709633273227
183,255,0.44670823917465186
183,20,0.25221016401546026
183,17,0.0
183,16,0.0
183,399,0.0
183,200,0.0
183,189,0.0
275,119,0.0
275,20,0.0
275,399,0.0
275,476,0.0
275,264,0.0
275,200,0.0
275,189,0.0
275,362,0.0
275,17,0.0
275,16,0.0
173,119,0.12177433753510576
173,399,0.0
173,200,0.0
173,476,0.0
173,16,0.0
173,189,0.0
173,362,0.0
173,17,0.0
173,310,0.0
173,59,0.0
272,94,2.0580763232285744
272,287,0.9573513453431755
272,399,0.7452121749526077
272,255,0.5110565781194969
272,20,0.4335732775509319
272,79,0.08731427393526986
272,310,0.07221365695003344
272,264,0.0
272,200,0.0
272,189,0.0
304,119,0.0
304,20,0.0
304,399,0.0
304,476,0.0
304,264,0.0
304,200,0.0
304,189,0.0
304,362,0.0
304,17,0.0
304,16,0.0
318,119,0.0
318,20,0.0
318,399,0.0
318,476,0.0
318,264,0.0
318,200,0.0
318,189,0.0
318,362,0.0
318,17,0.0
318,16,0.0
125,119,0.12177433753510576
125,399,0.0
125,200,0.0
125,476,0.0
125,16,0.0
125,189,0.0
125,362,0.0
125,17,0.0
125,310,0.0
125,59,0.0
374,119,0.0
374,20,0.0
374,399,0.0
374,476,0.0
374,264,0.0
374,200,0.0
374,189,0.0
374,362,0.0
374,17,0.0
374,16,0.0
317,94,0.31868650970222717
317,264,0.1550663740581418
317,20,0.053709939559428085
317,476,0.0
317,362,0.0
317,399,0.0
317,17,0.0
317,16,0.0
317,200,0.0
317,189,0.0
177,94,0.5311441828370453
177,264,0.2584439567635697
177,20,0.08951656593238015
177,476,0.0
177,362,0.0
177,399,0.0
177,17,0.0
177,16,0.0
177,200,0.0
177,189,0.0
149,20,0.042081253268584744
149,119,0.0
149,476,0.0
149,399,0.0
149,17,0.0
149,200,0.0
149,189,0.0
149,362,0.0
149,16,0.0
149,310,0.0
327,94,0.4780297645533408
327,264,0.2325995610872127
327,20,0.08056490933914214
327,476,0.0
327,362,0.0
327,399,0.0
327,17,0.0
327,16,0.0
327,200,0.0
327,189,0.0
207,119,0.21310509068643507
207,399,0.0
207,200,0.0
207,476,0.0
207,16,0.0
207,189,0.0
207,362,0.0
207,17,0.0
207,310,0.0
207,59,0.0
361,20,0.08416250653716949
361,119,0.0
361,476,0.0
361,399,0.0
361,17,0.0
361,200,0.0
361,189,0.0
361,362,0.0
361,16,0.0
361,310,0.0
339,119,0.18266150630265865
339,399,0.0
339,264,0.0
339,476,0.0
339,17,0.0
339,200,0.0
339,189,0.0
339,362,0.0
339,16,0.0
339,310,0.0
351,20,0.2994852282019861
351,399,0.20795727196243743
351,200,0.08227485728547419
351,264,0.07093048928995574
351,189,0.03599262316869264
351,119,0.0
351,476,0.0
351,362,0.0
351,16,0.0
351,17,0.0
266,119,0.0
266,20,0.0
266,399,0.0
266,476,0.0
266,264,0.0
266,200,0.0
266,189,0.0
266,362,0.0
266,17,0.0
266,16,0.0
386,119,0.0
386,20,0.0
386,399,0.0
386,476,0.0
386,264,0.0
386,200,0.0
386,189,0.0
386,362,0.0
386,17,0.0
386,16,0.0
285,264,1.3509339281538872
285,287,0.6645709633273227
285,255,0.44670823917465186
285,119,0.14508813127600367
285,17,0.0
285,16,0.0
285,476,0.0
285,310,0.0
285,189,0.0
285,362,0.0
127,264,0.4336759827366268
127,119,0.342106231077262
127,189,0.21985743569179372
127,94,0.007199239605215457
127,200,0.0
127,17,0.0
127,476,0.0
127,16,0.0
127,310,0.0
127,362,0.0
341,264,0.3699553455326866
341,119,0.12177433753510576
341,399,0.0
341,200,0.0
341,476,0.0
341,17,0.0
341,310,0.0
341,189,0.0
341,362,0.0
341,16,0.0
130,264,1.3434371760011175
130,287,0.6645709633273227
130,255,0.44670823917465186
130,20,0.25221016401546026
130,362,0.0
130,17,0.0
130,399,0.0
130,16,0.0
130,200,0.0
130,189,0.0
364,119,0.18266150630265865
364,399,0.0
364,264,0.0
364,476,0.0
364,17,0.0
364,200,0.0
364,189,0.0
364,362,0.0
364,16,0.0
364,310,0.0
331,119,0.0
331,20,0.0
331,399,0.0
331,476,0.0
331,264,0.0
331,200,0.0
331,189,0.0
331,362,0.0
331,17,0.0
331,16,0.0
332,94,0.5311441828370453
332,264,0.2584439567635697
332,20,0.08951656593238015
332,476,0.0
332,362,0.0
332,399,0.0
332,17,0.0
332,16,0.0
332,200,0.0
332,189,0.0
389,119,0.0
389,20,0.0
389,399,0.0
389,476,0.0
389,264,0.0
389,200,0.0
389,189,0.0
389,362,0.0
389,17,0.0
389,16,0.0
146,119,0.0
146,20,0.0
146,399,0.0
146,476,0.0
146,264,0.0
146,200,0.0
146,189,0.0
146,362,0.0
146,17,0.0
146,16,0.0
328,119,0.0
328,20,0.0
328,399,0.0
328,476,0.0
328,264,0.0
328,200,0.0
328,189,0.0
328,362,0.0
328,17,0.0
328,16,0.0
322,119,0.18266150630265865
322,399,0.0
322,264,0.0
322,476,0.0
322,17,0.0
322,200,0.0
322,189,0.0
322,362,0.0
322,16,0.0
322,310,0.0
181,119,0.0
181,20,0.0
181,399,0.0
181,476,0.0
181,264,0.0
181,200,0.0
181,189,0.0
181,362,0.0
181,17,0.0
181,16,0.0
299,20,0.44922784230297913
299,399,0.31193590794365617
299,200,0.1234122859282113
299,264,0.10639573393493361
299,189,0.05398893475303895
299,119,0.0
299,476,0.0
299,362,0.0
299,16,0.0
299,17,0.0
313,119,0.0
313,20,0.0
313,399,0.0
313,476,0.0
313,264,0.0
313,200,0.0
313,189,0.0
313,362,0.0
313,17,0.0
313,16,0.0
245,20,0.042081253268584744
245,119,0.0
245,476,0.0
245,399,0.0
245,17,0.0
245,200,0.0
245,189,0.0
245,362,0.0
245,16,0.0
245,310,0.0
393,264,0.3699553455326866
393,119,0.0
393,20,0.0
393,399,0.0
393,476,0.0
393,16,0.0
393,200,0.0
393,189,0.0
393,362,0.0
393,17,0.0
324,119,0.18266150630265865
324,399,0.0
324,264,0.0
324,476,0.0
324,17,0.0
324,200,0.0
324,189,0.0
324,362,0.0
324,16,0.0
324,310,0.0
74,264,0.30976855909759055
74,119,0.24436159362661575
74,189,0.1570410254941384
74,94,0.005142314003725326
74,200,0.0
74,17,0.0
74,476,0.0
74,16,0.0
74,310,0.0
74,362,0.0
195,119,0.1522179219188822
195,399,0.0
195,264,0.0
195,476,0.0
195,17,0.0
195,200,0.0
195,189,0.0
195,362,0.0
195,16,0.0
195,310,0.0
239,119,0.18266150630265865
239,399,0.0
239,264,0.0
239,476,0.0
239,17,0.0
239,200,0.0
239,189,0.0
239,362,0.0
239,16,0.0
239,310,0.0
334,119,0.0
334,20,0.0
334,399,0.0
334,476,0.0
334,264,0.0
334,200,0.0
334,189,0.0
334,362,0.0
334,17,0.0
334,16,0.0
118,189,1.4732232335562276
118,264,0.6671034203803935
118,119,0.342106231077262
118,94,0.007199239605215457
118,200,0.0
118,16,0.0
118,476,0.0
118,310,0.0
118,59,0.0
118,17,0.0
150,200,0.45293517234775177
150,20,0.4009579389568347
150,189,0.2042496229859599
150,264,0.0761324410801773
150,119,0.0
150,476,0.0
150,399,0.0
150,362,0.0
150,16,0.0
150,17,0.0
