17,12777,0.0
17,2386,0.0
17,8046,0.0
17,755,0.0
17,2739,0.0
17,16118,0.0
17,19483,0.0
17,16678,0.0
17,19036,0.0
17,18460,0.0
22,15067,3.409351641242686
22,11188,3.3831075405550526
22,9928,3.245267851689481
22,14412,3.0227076724313022
22,397,2.979976317203467
22,14621,2.9372707763260846
22,7531,2.9372707763260846
22,4342,2.857748405599783
22,1709,2.8361033839547614
22,4329,2.783924744187596
5,9454,0.6379111011519114
5,16944,0.6313816347772205
5,11139,0.6313816347772205
5,4068,0.6266908757721336
5,5777,0.6185331534168744
5,1237,0.6185331534168744
5,10257,0.6185331534168744
5,11151,0.6156670382022494
5,17311,0.6018471298684795
5,12931,0.5921648538413155
2,18985,0.09090909090909091
2,4,0.09090909090909091
2,15491,0.09090909090909091
2,10566,0.09090909090909091
2,399,0.09090909090909091
2,7943,0.09090909090909091
2,16398,0.09090909090909091
2,12931,0.09090909090909091
2,8418,0.09090909090909091
2,8587,0.09090909090909091
41,15102,0.557709711833525
41,12262,0.557709711833525
41,11439,0.557709711833525
41,7359,0.5566275829433724
41,6323,0.5235714989236115
41,14084,0.49593371444126855
41,16408,0.4912279846306879
41,12931,0.4912279846306879
41,5777,0.4912279846306879
41,16141,0.48107661323181883
50,15102,3.964345007051562
50,12262,3.5935789955444424
50,16408,3.519561118920151
50,11439,3.5130266365110705
50,3029,3.3885578233361517
50,11630,3.3885578233361517
50,4183,3.371159670241545
50,14084,3.363267115366678
50,6034,3.3570257431564827
50,16950,3.3570257431564827
38,4337,0.09090909090909091
38,16678,0.08658008658008658
38,12231,0.07792207792207792
38,5624,0.0687960687960688
38,1221,0.0687960687960688
38,4183,0.0687960687960688
38,12187,0.04784688995215311
38,16209,0.04784688995215311
38,2044,0.04784688995215311
38,7691,0.04784688995215311
10,12931,0.41706676408168947
10,7753,0.40948118214824125
10,672,0.3594080338266385
10,5777,0.34090909090909094
10,11151,0.33940917661847897
10,15067,0.3267434320065899
10,6323,0.31622549093291863
10,9493,0.31518198960059424
10,19111,0.3055787496086004
10,16141,0.3019093157678928
27,11151,3.8338118084938047
27,1237,3.7300568247577326
27,10257,3.7300568247577326
27,17311,3.707449363844293
27,4068,3.6485039541442057
27,8966,3.639851575452337
27,9454,3.639851575452337
27,322,3.594048965436217
27,8319,3.5266894329576015
27,4548,3.4403295843861375
35,4,1.856917896555773
35,15596,1.8549429101629276
35,5777,1.5875197965726084
35,6323,1.516521245687895
35,19111,1.420163289983487
35,16141,1.4180262488392574
35,13319,1.407390808741146
35,14308,1.407390808741146
35,18739,1.407390808741146
35,4650,1.407390808741146
15,12931,0.5612464045299866
15,7753,0.49714033434963667
15,6323,0.45125312093637887
15,5777,0.40982098854323096
15,12262,0.3884763884763885
15,19111,0.3876507358238936
15,16141,0.3770394976257735
15,11151,0.3627574130814695
15,17311,0.34728985573203475
15,16187,0.34569515323639444
16,16209,0.16666666666666666
16,4183,0.14767932489451474
16,16678,0.14285714285714285
16,8764,0.09090909090909091
16,8707,0.09090909090909091
16,10202,0.09090909090909091
16,11326,0.09090909090909091
16,12187,0.09090909090909091
16,2044,0.09090909090909091
16,14190,0.09090909090909091
30,8530,0.0
30,12777,0.0
30,2386,0.0
30,8046,0.0
30,755,0.0
30,2739,0.0
30,16118,0.0
30,19483,0.0
30,16678,0.0
30,19036,0.0
42,14851,0.09090909090909091
42,14970,0.09090909090909091
42,7385,0.09090909090909091
42,11794,0.09090909090909091
42,5950,0.09090909090909091
42,622,0.09090909090909091
42,16085,0.09090909090909091
42,12187,0.09090909090909091
42,2044,0.09090909090909091
42,4183,0.09090909090909091
44,16209,0.16666666666666666
44,4183,0.14767932489451474
44,16678,0.14285714285714285
44,8764,0.09090909090909091
44,8707,0.09090909090909091
44,10202,0.09090909090909091
44,11326,0.09090909090909091
44,12187,0.09090909090909091
44,2044,0.09090909090909091
44,14190,0.09090909090909091
34,7753,1.372485745916535
34,5777,1.2608701325860088
34,16141,1.2064259517915532
34,19111,1.1720907382469627
34,11188,1.153359456203269
34,7531,1.009185971614978
34,14621,1.009185971614978
34,12725,0.9979211519393312
34,8587,0.9979211519393312
34,9818,0.993005488125443
33,7385,0.09090909090909091
33,5950,0.09090909090909091
33,16085,0.09090909090909091
33,11794,0.09090909090909091
33,2740,0.09090909090909091
33,14970,0.09090909090909091
33,622,0.09090909090909091
33,12187,0.09090909090909091
33,2044,0.09090909090909091
33,14851,0.09090909090909091
48,12931,0.5325184615997539
48,6323,0.5029522322341602
48,19111,0.48241466754434703
48,16141,0.4768840974703733
48,5777,0.4708098777719031
48,15067,0.467000835421888
48,7753,0.466527365594654
48,14412,0.4571110238196507
48,9928,0.4567208573081975
48,397,0.45000517928710726
4,19410,1.5539988893327226
4,11880,1.5455557586705126
4,11151,1.5427150911636784
4,7753,1.5359117133508098
4,11188,1.4789530759680014
4,6189,1.4783194947129374
4,12931,1.4692356823504367
4,7677,1.4009954009954009
4,8402,1.4009954009954009
4,17995,1.4009954009954009
46,12931,0.5043170771997352
46,6323,0.4807428278302065
46,5777,0.41145833333333337
46,7753,0.37781505653093117
46,19111,0.3648339092172556
46,16141,0.35903811615481096
46,15067,0.3565140506669742
46,14412,0.3462494328522561
46,397,0.3412566584569563
46,16408,0.3365800865800866
45,8530,0.0
45,12777,0.0
45,2386,0.0
45,8046,0.0
45,755,0.0
45,2739,0.0
45,16118,0.0
45,19483,0.0
45,16678,0.0
45,19036,0.0
29,8530,0.0
29,12777,0.0
29,2386,0.0
29,8046,0.0
29,755,0.0
29,2739,0.0
29,16118,0.0
29,19483,0.0
29,16678,0.0
29,19036,0.0
37,8530,0.0
37,12777,0.0
37,2386,0.0
37,8046,0.0
37,755,0.0
37,2739,0.0
37,16118,0.0
37,19483,0.0
37,16678,0.0
37,19036,0.0
18,12931,0.23893540669856458
18,15067,0.23458725182863113
18,397,0.23373075012419275
18,6323,0.23373075012419275
18,7531,0.23341156560334642
18,14621,0.23341156560334642
18,11188,0.23341156560334642
18,14412,0.23276175787613074
18,12725,0.23276175787613074
18,8587,0.23276175787613074
36,8530,0.0
36,12777,0.0
36,2386,0.0
36,8046,0.0
36,755,0.0
36,2739,0.0
36,16118,0.0
36,19483,0.0
36,16678,0.0
36,19036,0.0
11,3433,0.16091954022988506
11,11188,0.1540880503144654
11,5189,0.14583333333333331
11,12931,0.13333333333333333
11,18705,0.12878787878787878
11,7753,0.125
11,8405,0.09626436781609195
11,6323,0.09090909090909091
11,11878,0.09090909090909091
11,13159,0.09090909090909091
31,10063,0.09090909090909091
31,3996,0.09090909090909091
31,2386,0.09090909090909091
31,8619,0.09090909090909091
31,12777,0.09090909090909091
31,8620,0.09090909090909091
31,10241,0.09090909090909091
31,8966,0.08879492600422832
31,11335,0.08879492600422832
31,16118,0.08158508158508158
9,8530,0.0
9,12777,0.0
9,2386,0.0
9,8046,0.0
9,755,0.0
9,2739,0.0
9,16118,0.0
9,19483,0.0
9,16678,0.0
9,19036,0.0
1,8530,0.0
1,12777,0.0
1,2386,0.0
1,8046,0.0
1,755,0.0
1,2739,0.0
1,16118,0.0
1,19483,0.0
1,16678,0.0
1,19036,0.0
49,8530,0.0
49,12777,0.0
49,2386,0.0
49,8046,0.0
49,755,0.0
49,2739,0.0
49,16118,0.0
49,19483,0.0
49,16678,0.0
49,19036,0.0
