196,663,4.0395923162866145
186,250,3.3115046248796487
22,195,4.055015041496465
244,215,3.5845636712013578
166,894,2.133826341647681
298,474,4.6943741106553745
115,628,3.679549139349949
253,895,3.62647945397959
305,1074,2.7159956572858315
6,502,3.8886036565066795
62,134,4.1701484555087
286,212,3.6318760491217055
200,280,3.7413064119965695
210,315,4.482193455277793
224,237,3.350307503377871
303,525,3.84103525847193
122,708,3.98087135282213
194,209,3.523216179426879
291,1047,2.811148077152584
234,648,3.5839325264525423
119,87,4.261551934125491
167,675,3.414901526421764
299,346,3.8066545750822396
308,661,4.50556099716934
95,747,3.320808144022274
38,526,4.163632109746522
102,217,2.559520390295085
63,50,3.875862090427879
160,187,4.831416262549164
50,15,3.715502265714865
301,588,3.6954498059894982
225,143,4.930871226544131
290,265,3.9343396670181026
97,526,4.384225447810187
157,405,3.555979222778796
181,743,1.0
278,538,4.409953960261339
276,554,2.749509805782309
7,604,4.254557288770352
10,127,5.0
284,333,3.5916346294407147
201,77,2.5257901901426414
287,313,4.803242463516724
246,98,3.6801520788624664
242,740,4.544682614607976
249,240,3.4222194143905798
99,232,3.5113182392074402
178,506,3.9564025332161266
251,45,4.128632248110382
81,275,3.641319587973948
260,350,3.9873328557913195
25,82,4.103903728720872
59,204,4.272931082203031
72,89,4.163762599154307
87,50,4.6991744795671355
42,1045,3.2660902518594885
292,28,4.377675120313123
20,148,2.9340887640864026
13,806,3.0895286247680183
138,12,5.0
60,12,5.0
57,476,2.9992003110606142
223,682,2.5426662066585295
189,1403,2.830700151720338
243,514,3.9060345399386383
92,135,3.9315027187645057
241,292,3.5879111012707052
254,1060,2.505142146066918
293,1220,2.7807876669201432
127,230,4.608535385678762
222,763,3.0137786181524344
267,1336,2.7499275989318854
11,56,3.7762519017454848
8,233,3.551066359017624
162,208,3.9819383843338163
279,666,2.4127514851559133
145,123,2.9885745266013037
28,282,3.96599087553295
135,229,2.8666114760676393
32,259,2.726663628351424
90,474,4.937655288011053
216,184,3.8448934177074356
250,96,3.9817884462266577
271,529,3.954614490256155
265,284,3.1279491227119705
198,660,3.3618013158790916
168,1047,2.982864898777484
110,1247,1.934699414338875
58,496,4.034864404090231
237,659,4.5466494548322265
94,710,3.6039728080419264
128,427,4.339073425205672
44,252,2.9611925728401887
264,475,4.708407106122189
41,194,4.155183957634839
82,70,3.2862963928747426
262,785,2.7829969047954832
174,99,3.592946861232111
43,88,3.7374349609772293
84,546,3.175490586138106
269,148,2.2258477613395993
259,298,3.9233754088768666
85,659,4.050611274773623
213,582,4.138886368766889
121,347,3.7701736460351363
49,99,2.803521500795052
155,245,2.1343753592265458
68,411,2.4431046358119843
172,657,3.7384574477272148
19,153,3.906742231644445
268,163,2.880813247866491
5,172,3.795903005351086
80,87,4.21698208874269
66,763,3.34063672023782
18,88,3.605390586681859
26,751,2.739695771005918
130,876,3.125290121834699
256,827,3.296203652564688
1,88,3.3428259123295527
56,73,3.7174889648865106
15,286,3.3150019243690063
207,1331,3.100048660905448
232,98,4.498348437382567
52,475,4.70848196864371
161,186,2.7514066661175587
148,185,4.440491494478105
125,1036,2.586938629755655
83,1035,3.092400964987865
272,174,4.9578913298049505
151,747,3.8992744219084354
54,405,3.5581567534294787
16,941,3.9176900176683827
91,483,4.631180135560777
294,222,3.558547792188772
229,315,3.290628676729814
36,873,3.481583236822025
70,169,4.543229859347514
14,498,4.645754202430728
295,53,4.050695034151725
233,9,4.8398235821983056
214,93,4.277054651209932
192,1265,2.89343810538287
100,886,2.852367664753017
307,588,3.8733297567260836
297,100,4.39010824542102
193,693,3.407922371404635
113,273,3.700262821951319
275,473,2.5982079158600095
219,179,4.299235669954079
218,517,3.7251619268399674
123,23,4.488278505558795
158,107,3.7645077586798212
302,307,2.5543147224302625
23,546,2.9132967574975672
296,56,4.4895371509229385
33,313,4.571153812637288
154,185,4.708243916149897
77,201,3.9063748268090124
270,778,4.35458674872767
187,241,4.216064602163418
170,323,3.6282707392376006
101,831,2.115902947678186
184,699,3.73807132332206
112,321,3.3318907787275784
133,300,3.1631100905768506
215,202,3.8866549405347
69,147,3.795259014866556
104,127,3.603549670475619
240,873,3.5285852579175616
144,66,3.5704270972821788
191,288,3.6546525081045234
61,304,3.1212364237319052
142,169,4.569202617451539
177,161,3.3639315812361863
203,93,3.668770197089048
21,816,1.7719420694683223
197,258,3.697754913196762
134,269,3.9807066523821737
180,735,4.351295219567844
236,1401,3.2017237462674863
263,496,4.811016513245241
109,845,3.598307846678833
64,232,3.4003544739996396
114,483,4.471209505719373
239,1065,4.388485395344941
117,1047,3.3874618794972906
65,211,4.349864079379315
137,237,4.494970963093289
257,224,4.5259635654065
111,313,4.035336475394268
285,300,4.067356707656962
96,174,4.891908638734714
116,272,3.915404386178543
73,82,3.6858556744271915
221,578,3.2388021288664675
235,230,3.802534219424344
164,620,3.87652611342288
281,323,2.5894411396476187
182,222,4.036928343110444
129,270,2.6172748268000725
45,756,3.024780172426452
131,275,4.564270675235605
230,673,3.780820260275836
126,678,2.8418312891225406
231,300,3.9914580128800905
280,364,2.7323606599779566
288,357,4.739789691312715
152,220,4.318762026272504
217,144,3.413416477087778
79,283,4.229093974012286
75,100,4.135334366403675
245,94,2.9938837980660553
282,338,2.63295387875457
78,257,3.7034081019805987
118,654,5.0
283,202,4.308011372455482
171,327,3.097158234341555
107,269,3.635970422273015
226,89,4.441556586294746
306,14,4.0963451732302465
173,328,4.25904751909514
185,50,4.94944488995271
150,319,3.6963123426162747
274,591,3.9915189570004728
188,69,4.2438117829812505
48,194,4.356683192937705
311,44,3.6213118685435397
165,187,4.419301661488621
208,211,4.116491120853488
2,280,3.1961238620510564
205,326,2.718829040345931
248,187,4.319851592443753
93,275,3.6223267758480278
159,250,3.5860645864993526
146,313,4.288307039843543
29,98,4.545657281763027
156,180,4.063842827746501
37,127,4.536011773003315
141,313,4.324196967194054
195,496,3.892963285000363
108,281,2.88009167152384
47,323,3.0389615088804502
255,185,3.225879659207493
89,716,3.5698557666027075
140,245,2.9937868309099667
190,974,2.6634756754002944
24,237,4.361580592833008
17,276,3.585777634474511
313,625,3.3282870797861244
53,257,3.9229340115499163
124,1,3.690116817379193
149,346,3.289138867771269
176,286,3.874681858456348
106,582,4.003128891156128
312,968,4.061149787215523
175,483,4.54465435476642
153,79,3.183687370635167
220,332,3.7200076884071365
143,682,3.698509687340237
199,111,2.8954364838397897
202,179,3.0938560591489543
277,221,3.7054572178456198
206,310,2.1810372681526817
76,518,3.8655072889146114
314,1095,2.7624983915885997
136,117,4.195599502050065
179,914,3.251795700303653
4,327,4.3737521762301395
304,763,3.2356461061291317
3,331,2.880810373326625
227,934,2.668770590889056
252,277,4.343864335239123
212,735,4.333237901208777
310,1142,4.453098239379495
35,264,2.206461113992887
147,313,5.0
105,264,2.8152732079435516
34,299,3.2528480224041876
71,50,4.396338704138873
51,692,3.6700960584010143
204,12,4.061303742602594
315,154,4.424761264686132
31,1022,4.381213850065383
316,283,3.6130288489428057
103,222,3.9277249568784103
318,864,3.3152883076003614
30,688,2.1309677743189654
120,148,3.3007470073314673
46,1062,5.0
289,1,3.1958933466509487
209,16,2.871185352073221
261,748,3.9890437710982023
88,286,3.862960865007526
9,487,4.8403252922277575
247,750,4.438239614976429
321,1194,4.179514739132276
266,289,2.770482552593563
74,354,3.48669126513868
238,111,3.162350789672622
319,751,3.5026633872918618
323,546,3.154799228053661
67,273,4.09529330208557
211,687,2.160433527807614
98,517,3.5147228270032076
12,318,5.0
40,345,2.410826299916517
258,288,3.6282155736678106
228,204,3.3544408932073093
325,1487,1.9815264408626039
320,235,3.220008617602337
326,197,3.7710397469252968
327,47,3.5878592528025757
183,274,3.026094293727931
328,480,4.114081500846129
322,528,4.642942021317564
330,1044,4.377265286457878
27,9,3.774973296444419
331,1017,3.5047844623372826
332,54,4.02742890438535
329,276,3.9459311062280484
86,286,3.423416377357928
139,246,4.583635104744506
300,1094,2.3479728892599394
163,357,4.044403533307658
333,315,4.416589668921651
334,1241,3.154832235289409
39,339,3.4416745643302993
324,471,4.447423130682415
132,275,4.140909511054265
336,284,2.682304997739594
335,260,2.9435507622458026
169,134,4.3468558346831285
338,462,4.265417591110753
339,28,4.29222259353411
309,258,3.559517079320793
342,255,2.978154392534793
340,435,4.33456590439587
317,288,3.521547687869532
341,881,3.209280921886414
343,387,3.77094665884324
344,588,3.647951805415688
345,748,2.884883587734332
346,196,3.8054552064711897
347,73,3.6910024183678396
273,347,3.5986325160825334
55,56,3.952913975699527
349,325,2.5436631030661863
348,926,3.3675559193338485
354,958,4.244838352999035
351,754,4.147173034705028
358,1005,4.4117621579437785
352,144,4.064754347496891
360,50,4.730878974983763
363,22,3.594037493171203
355,682,3.959094993879012
362,689,2.8247671535489647
357,928,3.8743682629749703
356,689,3.1635860487680416
361,504,4.34618017815419
365,275,3.871740595314377
350,340,4.723988203456619
367,565,3.4029684821084527
368,670,2.7718947740650317
371,663,4.323979456022065
373,399,3.5543528513205267
370,199,4.41389910003091
374,758,1.7158870927711778
372,12,4.981373409435905
337,742,4.136652481102587
378,141,3.4494725203845538
366,445,4.346983519975278
377,173,4.6229444552488586
375,573,3.262733807577832
359,408,4.873780944049664
379,563,3.0928280734300135
380,708,2.9738454366383924
381,582,3.87971302447559
385,811,3.640361406946537
382,197,4.092885556210898
387,568,3.2955174139570533
364,1048,3.0169539688240374
369,316,4.5861593680742665
388,100,4.711357772847362
386,281,3.3801870082475407
389,525,4.292299411512996
383,182,4.74173757233404
390,331,3.8881750600972063
393,729,3.3988627240988483
392,663,4.425648457855348
376,321,3.4269237955352296
394,89,4.5192072680101
391,544,3.4536621233556013
398,216,4.185222244833642
397,334,3.5114994777225985
399,1219,2.429863635003268
396,281,3.2839087793883834
401,604,3.428109640677069
402,628,3.643742143120533
384,355,3.633122570724706
395,252,3.2845260900125046
353,332,3.0743738093075628
403,127,4.284189742164993
405,1517,1.47000523172901
400,269,3.9883119729448078
406,58,3.631386084073001
407,408,4.501976804038992
409,486,3.609112978482638
404,272,4.072790130492413
413,273,3.660077133724226
416,328,3.9100639693900088
408,748,3.079176633133888
410,898,2.6917262706378517
411,208,4.154057066361625
417,182,3.816312086429275
412,526,4.4105019045014355
420,190,4.615319429499293
422,760,2.5025624006177987
425,124,3.6191740009293207
419,181,4.848797044872111
415,204,4.632127626739517
423,348,3.4419002128619476
429,944,2.731718406022491
428,749,3.7388929409517395
427,680,4.4564873826498745
418,362,2.6870187683337035
424,289,2.6001385444208958
432,293,3.9510918777566095
421,144,4.369044782942683
435,109,3.339675456812505
433,657,3.993373680551547
426,200,4.345151552317637
436,761,3.428564882103574
430,237,3.582002633923878
434,125,3.950852688871612
437,50,4.377725994259657
438,148,3.939005916469771
431,323,2.961135862578598
442,578,2.7278785919970088
440,883,4.8887298194475814
445,50,2.9127099168799946
447,25,3.1928215530938497
449,293,4.169161147222683
450,785,3.621423326684225
446,359,2.6075508131587344
439,246,4.320313008111468
451,264,2.2553072311709625
452,947,3.3353938251124022
454,497,2.9154983543183883
453,17,3.2001670803991487
414,340,4.246157648122091
455,245,3.217585551504985
444,678,3.136062519276101
448,269,3.8880523760610224
457,228,4.554786646963913
456,603,4.2352055930266115
458,181,3.619223934964899
462,315,4.613252382998014
459,264,2.772489767350177
460,149,3.2737258016007615
461,242,3.497741257888395
467,269,4.03507654998564
468,655,4.395028254349346
466,1176,3.556635335511626
472,95,4.5127116201014585
465,132,3.7547500724553413
463,25,2.765829680622673
471,627,3.0973574080999917
474,135,4.735428675301892
469,134,5.0
464,300,3.825572569471067
476,216,3.683101968319818
478,137,3.765010469695776
473,257,4.0336113554022655
470,258,3.6373681828169353
480,152,3.557884968467179
441,338,2.4988295561125087
479,199,4.207496964893399
484,7,4.132924644279196
486,864,2.625296358178231
487,87,4.298136387947375
482,346,3.61335137788155
481,252,3.3364409409337057
492,286,3.4530346473342557
493,56,4.065740090360288
490,302,3.579184278398512
489,989,3.0918154661396495
483,1,3.243741919202915
496,420,3.0697222693122757
494,204,4.043014629547165
495,226,3.8652626398882135
477,553,4.271808816149213
497,840,2.6924129199795903
488,162,3.284470903830526
498,675,3.685890057147796
499,295,3.7414026331132564
491,340,3.9083243073997873
500,94,2.636238061299871
502,294,2.862096753689097
503,747,3.787850497408466
504,1136,3.572686265018664
505,181,3.9468876104956587
506,63,3.203428134516298
443,309,2.52676469350536
507,898,3.9398634668162846
514,680,2.618041125779988
508,154,4.07015088248114
511,1527,2.74382186355112
515,294,2.691487056176184
512,265,4.67545441393958
513,252,3.760853824570539
475,347,3.8416801191724472
523,435,4.687545750303956
518,685,3.6021829550859934
509,892,1.6191886754740705
516,169,5.0
510,330,2.4773806488785493
524,64,4.4060248700674975
501,108,3.5400925149621245
525,411,3.029058251823899
521,721,3.2422386688942453
520,871,2.4205266738157
519,1612,4.904166666666667
528,194,4.266095831818632
532,491,4.318929081675702
530,470,4.183861770633371
531,300,3.3947208740110586
529,873,3.2395285410212664
517,1016,3.370822399137488
527,507,4.290562582985532
485,303,3.2115268350238773
533,528,3.9476016682488204
535,318,4.583524331048553
536,318,4.786016455740032
526,845,2.871024410454962
537,474,3.9617991038828704
534,7,4.379119887671223
541,83,4.3615226763735215
538,202,3.8762688620199826
542,11,3.7593555752899306
545,132,3.884959975166118
539,133,4.088219203427403
547,354,3.5335765404589035
543,303,3.7235887403133683
548,443,4.0002772354748215
546,682,3.3769663118416666
522,205,4.657951075486902
551,735,4.101627324316972
544,258,2.9287097914929836
553,111,3.9126819614243074
552,25,3.012600084109182
540,220,3.387425355506061
554,735,3.8975011704830846
550,121,3.5986598399373237
556,707,4.451740926088684
559,216,3.9071094504906743
560,7,3.782019596281644
561,193,3.5587978975989167
563,172,4.635865361079072
566,154,3.700263431784244
557,180,4.29929026326617
558,275,4.374462364754123
564,597,3.1152374632485524
565,515,5.0
573,478,4.1684664876307655
549,118,3.3175130023088792
567,484,4.744373929867116
569,756,2.5914566412373308
562,98,4.07495287466903
576,475,3.922506513179747
577,443,4.121235856457481
579,179,3.9213674648826524
574,242,3.9759045917379794
555,117,3.8973676080027277
572,1137,4.138978186494186
575,427,3.7758297535072955
584,313,4.293062770209663
588,660,3.916895468491814
587,691,3.154170243404099
568,127,4.279724885308871
586,568,3.4330839387903205
585,730,3.4213832714007077
582,118,2.579821219153411
591,710,3.5846875482773366
581,922,4.604446540926749
592,969,3.87922279652087
580,343,3.3940039691167128
590,248,3.655197469889881
593,71,3.651066937669589
583,663,4.82732600913118
596,288,3.28728865929022
570,358,2.01878614724687
599,284,3.720614247589118
589,288,3.606244130914592
594,520,3.9987445375732733
597,1534,2.79320511765898
578,323,2.240770745275568
601,405,2.8503413199513177
602,9,4.072212088494247
600,92,3.6733504888403856
605,269,4.253633202345416
603,229,3.38894713537634
595,844,3.0955600568994446
606,241,4.02932650879638
608,1262,3.562286325431631
607,238,4.37490083627293
610,288,3.3554599705271175
611,886,3.6037161131794364
617,607,3.125998825664606
618,969,3.4044494207217686
614,287,2.9921919928393628
609,878,1.4340088188038893
615,1065,3.6524404414871854
616,750,4.207694286978938
620,406,2.7325327393653547
571,194,3.9072982679887116
619,117,3.7529228817018225
613,50,5.0
622,480,4.097046767643051
621,73,3.345392452693002
604,5,3.1361668969811296
624,242,4.071744660524455
612,300,3.6384715620446286
627,300,3.219961502956157
623,79,4.205870447286629
628,8,5.0
625,209,3.7939830621573285
629,153,4.158827753152743
633,147,3.2646063859992016
632,54,3.4963845538144738
631,288,2.981900131421823
634,473,2.9648390530600452
639,98,3.6211416461999906
630,195,3.7918139581687185
642,1425,3.137439585381138
637,1051,2.328385723202965
640,1054,3.0391876901440926
626,272,3.3776904329847377
643,428,4.3434027305308
598,690,3.869886994047057
638,4,3.7197977569996277
635,331,3.239800247988397
644,291,4.091104448324068
636,813,4.735080269620772
645,641,4.699188776294063
648,827,2.5925221161397247
647,490,4.297371437295178
650,258,3.7304419229053503
651,515,3.9994147576230823
654,476,3.142494528836694
653,685,2.383601182694958
655,1233,3.4853928846396425
649,282,4.025291397299648
658,433,4.008476323261199
656,344,2.6576431148158375
660,106,1.9453858487966407
659,1044,3.520663013116998
646,272,3.7373934540619986
663,183,4.180285306339207
664,73,3.6328023052352445
657,922,3.3255562221019805
665,393,3.264846005141792
666,945,3.928598789919122
661,480,4.65841484165917
662,246,4.545875525632493
667,651,4.385181368224189
641,511,4.81869046638397
668,82,3.5781738465621187
673,528,4.431345351789666
671,68,3.699667143439237
669,537,3.7788968000539866
676,751,3.734382083943659
674,1620,3.4418060255782548
652,259,2.263060698583213
677,323,3.1845808669377575
682,284,2.8848982682303457
679,63,3.0121844110086053
684,376,2.9556323039018912
685,302,2.726122110198173
683,346,3.763628134672017
691,8,4.635739724549059
672,225,2.5228617049050306
692,294,2.9868804426524442
690,226,3.0468325635024565
689,300,4.136487431033434
686,209,5.0
693,483,3.9532875521127915
688,877,4.086824971230998
697,126,4.049267904839046
698,568,2.9434542773780916
670,945,4.156869571048609
694,663,4.527937463692972
680,285,4.504077142157994
705,275,4.234173757937298
701,269,4.7226697347292985
699,456,1.9241803577350536
704,429,4.1715681768978685
707,525,3.9086531734936187
700,144,4.065729305239208
687,324,3.4104031177559793
695,903,3.3174303052619343
675,244,3.363463993715128
708,300,3.217852518253803
709,823,2.8774822802761375
711,1518,2.954217134380292
710,627,3.175134664278487
712,969,3.678765124151553
715,367,3.4598480721879166
713,313,3.7185087118075395
716,631,3.9731694701526226
681,894,2.049028223610775
678,1,3.8138761811584385
719,50,3.760475673404664
702,1127,2.467152987046164
721,684,3.9518338383048652
714,289,2.970189906609716
717,300,3.683176908181229
718,240,3.112731994202546
696,1126,3.585613476868043
722,118,3.436794769272658
724,342,1.4948409179188153
727,275,3.310618544743835
725,276,4.09603112582286
706,273,3.543161850752495
720,749,3.4050252121640474
729,354,2.671615233240548
726,1014,2.5036354414768063
728,124,4.36021150479783
703,258,3.854684924893954
738,100,4.349373221214459
736,257,3.036471630063203
734,591,3.591752195920729
730,125,2.986068260438774
743,181,4.131670845383607
742,237,3.4853029372698465
737,175,4.394427432364111
733,534,3.052836454889564
745,10,3.317694826729709
740,326,3.208650674369149
735,258,3.7962608344121516
747,427,4.83847740760992
723,322,2.7331027996493233
739,465,3.8182779749464153
749,298,3.8069397147293995
748,402,3.475968016239458
746,449,3.1587044229288472
731,527,3.7657732628312908
750,258,3.649899214436778
741,98,4.39754811138134
751,631,3.5369845380227645
756,50,3.956221426030509
757,1016,3.235470764862364
752,1243,3.015605276500494
758,597,3.245711192543017
732,300,3.994107903155319
762,475,3.2417605316572056
744,657,4.39129515240791
754,292,3.4130680032290446
753,134,4.15261863011228
763,283,3.982396061678678
764,25,3.5512079401516896
767,659,4.926574076616043
769,258,3.427983774623659
755,319,2.941334196247405
771,216,3.914658656518498
768,100,4.062712710961805
773,639,3.367083059247245
765,522,4.500664283549427
772,307,4.256352639793865
766,50,4.211611184823663
774,412,1.0234859988346559
760,451,2.9485017380501155
761,222,3.2389206821865737
777,509,3.9408649122680415
759,591,4.443784765096537
776,276,3.738421954486869
780,210,4.409387383075211
779,71,4.197958555748804
778,226,2.819234597773753
782,750,3.2666994024989933
786,871,2.7816617927884573
784,302,4.415212408748313
770,240,3.7065514354274076
788,96,3.7437660156527937
789,1012,3.7584026602715643
790,365,2.63974154286484
787,310,3.369035906790216
783,300,3.850375860598631
785,288,3.966370300687742
794,19,4.515986318787124
781,179,4.377574191602286
796,271,3.4510834795334917
795,998,2.243125255714265
793,293,3.7786471767117464
798,228,3.779698517996157
791,288,3.964008763740476
802,299,2.8567462216818513
800,476,3.18028535018665
804,196,4.223343298795959
803,271,2.689460144746188
775,329,3.674938127464243
792,742,3.2479289778231735
799,292,4.053573045519806
805,273,3.5763933496304534
806,496,4.040753945357083
807,1483,3.701332445759626
797,298,2.631076691863956
801,890,2.87616064061084
809,340,3.7695929342099026
815,419,4.1345104806599275
817,876,2.6607769505709897
821,121,4.285909100993673
818,258,3.6491000456900395
814,447,3.07800020503526
812,358,2.930769601128346
823,77,3.7069314067672603
825,823,3.1102801849010446
827,326,3.067055876125277
829,845,3.3370318216764256
811,286,3.9769052295334144
830,71,3.9990183590833617
826,260,2.91942659086416
831,284,3.3361392367355696
819,345,3.9518920723936017
828,286,3.1674709515965036
808,346,4.452226208472782
835,234,4.23453620276667
833,264,2.3423273219580136
836,165,4.4176611691236
816,323,3.5750484345217695
838,172,4.908333071827826
839,123,2.7278368910670077
840,506,4.565121516158785
832,181,3.412182756185539
810,323,4.292252869989563
844,90,3.1748454888735695
843,164,2.8168462804240164
834,258,4.1705438314963095
846,33,3.6246216658870685
837,16,2.852195614129624
813,289,2.4988640268375626
842,340,3.901892195485048
847,181,3.8878365152649
848,173,4.852632886610086
822,432,3.295122676134234
852,568,3.5809419563146214
851,1105,2.2991851863093133
849,121,4.941519665770518
854,324,3.139563668312869
850,15,4.937111682596224
858,323,2.5804053561995324
853,288,2.883580275563813
855,1021,3.8734777586808136
824,289,2.095067195757211
845,1022,3.1191186151325576
841,306,4.259691043491048
859,287,3.852053457782999
862,476,3.95745863961319
856,300,3.326861462476415
820,316,3.6427498342639444
863,328,3.2197284419373693
860,262,3.7441346797931687
857,348,3.458738764443952
864,164,4.0042969639283665
865,501,2.130880115540654
868,556,2.283931845825155
867,11,4.592807975313271
861,381,4.06583858143774
870,496,4.112894831774115
871,17,3.294824360935792
875,96,4.509846129275777
876,174,4.956967068082495
872,628,3.4234236752507825
866,303,2.800495501998286
877,164,3.7679309707033144
873,358,2.1338402450656484
880,54,3.1329964471728675
878,170,3.9091801569736178
869,515,3.481666242538738
881,322,3.125937195669637
879,237,3.8586756996681952
883,553,3.306662885551149
882,407,2.9858628413853476
884,275,4.233736655221796
886,710,3.591291872996395
885,225,2.796381398232791
889,294,3.1368725470706056
874,286,4.079603417846506
892,825,3.419988854013108
890,483,4.907389321504363
893,928,2.8780470581750777
887,393,3.7749657595828725
891,280,3.948137215473816
894,1073,4.022847020046315
896,425,3.3210889232543446
897,477,3.542953008447117
901,929,3.0676073298757616
899,214,3.3293962858755877
903,223,4.5562264659048495
904,289,3.5003168290699316
907,739,4.873518325153128
905,301,2.890530442930899
902,8,3.9643050618584748
898,271,3.2371407091949314
895,988,2.6383989495435185
906,284,3.5534172598298412
900,483,3.4691189100175626
908,479,4.168600755824891
916,265,3.562194468684763
911,21,3.1697483258700734
912,653,4.129090318459174
914,197,3.445608790529967
918,161,3.3085599854280607
919,250,3.386197997447779
921,411,2.721046651045163
910,414,3.1098502595360067
913,82,3.8519541416964898
915,752,2.8825639069661384
922,402,3.4516794801336714
923,237,4.130957574907254
928,187,5.0
927,143,3.9414649706597538
924,288,3.9522228147185707
929,32,4.071296537060198
931,302,4.446593382188628
917,591,3.6329925125751052
932,511,4.879314427987461
909,382,4.497128233046315
934,614,3.9631747260311405
933,25,2.2946179509760904
935,148,3.8838751309676036
938,313,3.9713948816784557
940,96,4.029013062949872
888,69,4.679804097763265
925,563,2.6590739064764435
942,423,4.660598143602166
937,300,3.457438008569386
926,286,3.418920135155051
943,151,3.7688725990916128
939,252,3.797508509152611
936,253,3.7756931383076044
930,274,2.7711558718738476
920,340,3.417606303941396
941,222,4.402750706056835
