44,19004,8.44827629926667
44,8342,8.26406575650171
44,19003,8.200788938047427
44,17777,7.2002947977970315
44,4,7.04537183344639
44,18715,6.694971207709141
44,19030,6.641110820182739
44,8543,6.351118907467027
44,8764,6.339998682232503
44,516,6.333696352631248
31,19043,12.544102062549777
31,1112,12.149156196885887
31,17779,11.484635084517235
31,1046,11.48194796804433
31,19534,10.811895436160809
31,2418,10.80979776560037
31,19049,10.697494483687574
31,2993,10.488105768752927
31,8459,10.419287564596857
31,18230,10.214905694842328
4,9657,15.443496423626165
4,19004,13.401371068550958
4,17777,13.172674166114707
4,14412,11.687082868430085
4,18715,11.645604692424858
4,8703,10.940978943561898
4,7974,10.736502595339912
4,8418,10.708024946320979
4,8543,10.65598383959947
4,4144,10.373851620309173
84,8342,14.310164392802932
84,11894,13.440285130762131
84,4,13.091796292915813
84,964,12.213810039690939
84,516,12.073401607426756
84,7974,12.02246429823092
84,19043,11.768885994477234
84,8764,11.530298629003859
84,1112,11.453073277463906
84,9929,10.611978468493497
54,2952,9.158446491037836
54,15067,9.006290959144543
54,16209,7.729894144767752
54,14412,7.326891621865621
54,17777,7.038489826224775
54,4,7.025572566364125
54,12231,6.6215041848434435
54,18715,6.606540934979946
54,19043,6.528364812606113
54,7974,6.370531988334691
136,2952,5.417196262914406
136,7943,5.115007289118644
136,15067,5.064277163148944
136,8461,5.060078221069993
136,8342,4.601432763038962
136,11894,4.372003230400254
136,4,4.219234295923407
136,14412,4.169126131039027
136,1112,4.142375953917686
136,17777,4.0457574010825
67,8461,10.51131298629712
67,8342,9.783748116442306
67,19004,9.615980211179515
67,19003,9.387339143924025
67,16209,9.332051164850403
67,4,8.75213237749736
67,964,8.338344540183492
67,12231,8.045915998722588
67,8543,7.795905780213755
67,8764,7.772229530479195
39,9928,2.3443466322048003
39,6323,2.1326238339760994
39,9657,2.087537344322483
39,15067,2.0172008522598555
39,19001,1.958444372102415
39,8461,1.9506740058050946
39,7943,1.947404869967912
39,19003,1.8644262044899576
39,8342,1.6765413128435593
39,17777,1.625183063767029
18,6323,15.982739026814942
18,11894,12.997546156664507
18,12231,11.912966850999053
18,14412,11.80958567013819
18,8418,11.584767102113132
18,4144,11.108472996792143
18,15335,11.098166461208798
18,19030,11.068926037846659
18,8764,10.60250139962622
18,8587,10.482094786916623
2,19003,14.058008147039653
2,8342,13.926956179055054
2,14412,12.529402674024261
2,17019,11.738716033121278
2,12414,11.708460368672997
2,8587,11.552314985599988
2,19030,11.532375605014527
2,19044,11.343601164454444
2,5878,11.16798886560913
2,5872,10.698310255416212
104,6323,16.20817679599854
104,7943,15.594837089074344
104,19001,14.636623737826902
104,19003,13.876051776392028
104,11894,13.175519430334118
104,8703,11.021264237745212
104,19044,10.724621523851413
104,8418,10.359674948864638
104,7925,10.314460645473112
104,15335,9.861274990724969
134,15067,5.2041767022702725
134,19004,4.659745533029434
134,19003,4.517115723417547
134,8342,4.476142189644705
134,17777,4.343127188773563
134,11894,4.163897613717811
134,14412,4.034868602216148
134,4,3.8528526553870144
134,18715,3.792055837523817
134,12231,3.7415165351765123
32,9928,3.7167996369650105
32,2952,3.527305977805895
32,15067,3.33990597474994
32,7943,3.021069196796291
32,17777,2.9728075257477355
32,19001,2.9054843573524103
32,8342,2.777067702981336
32,16209,2.7707538027469725
32,19004,2.7665363707143698
32,19003,2.7086171903980993
64,7943,4.053225395675902
64,9657,3.954336151143519
64,8461,3.7368935579368956
64,16209,3.5868763087919033
64,19003,3.528004047077056
64,8342,3.4741745243928897
64,11894,3.4283992346997074
64,19004,3.425210816543932
64,17777,3.3098328517618283
64,14412,3.2215637153689696
33,9928,3.0179434803211422
33,6323,2.668154531773658
33,19001,2.5532047175943737
33,2952,2.4812102670499914
33,8461,2.3690710759875233
33,7943,2.3330598409290797
33,8342,2.217964708521728
33,15067,2.178883151638646
33,19043,2.088119904516705
33,12231,2.005085529733891
74,15067,4.990345713551041
74,8461,4.979264136356572
74,19001,4.872861480236816
74,7943,4.8527876616263175
74,16209,4.544880002942351
74,17777,4.154379810842119
74,14412,4.076891145597466
74,11894,4.053390627482555
74,4,3.7364583346761577
74,18715,3.7057839065679574
23,15067,7.919782838111323
23,2952,7.672382143209885
23,19004,6.394368005802064
23,19001,6.388766098953038
23,8342,5.887408722696755
23,11894,5.841713480993007
23,8703,5.78343592591
23,15335,5.614974504054101
23,7925,5.600218310432292
23,12231,5.6001735410753
34,6323,0.747896565494794
34,15067,0.7358404999694161
34,9657,0.7269699541637178
34,19004,0.7244919821288043
34,8461,0.721582805932901
34,2952,0.7079314487463411
34,19003,0.688737764089986
34,19001,0.6818996057943307
34,7943,0.6741260302423187
34,16209,0.6676498621111931
69,9928,1.267129069975169
69,7943,1.254579982919806
69,6323,1.1971084392467635
69,2952,1.1794800133808867
69,19001,1.1365906722300538
69,15067,1.122188366407225
69,8461,1.0960669517989632
69,19003,1.083926615016667
69,16209,1.0651140530988732
69,19004,1.0094590782130566
5,9928,1.8168646535990147
5,9657,1.6810884126156793
5,6323,1.6188858298992106
5,16209,1.5481182075269735
5,2952,1.5250383777461796
5,19003,1.5018495841648605
5,15067,1.4801526969733727
5,7943,1.4703868219695577
5,8461,1.4330829954733433
5,8587,1.3041490278868533
70,9928,1.8377435253649468
70,19004,1.7886337734893714
70,6323,1.7650924279969369
70,2952,1.4777410884409774
70,16209,1.4317073359778958
70,7943,1.4069246668207347
70,8342,1.3610206284730209
70,8461,1.3423934021501762
70,19043,1.2390684811256774
70,15067,1.2308229355497498
135,15067,1.486061440136069
135,2952,1.4643222947044237
135,9657,1.4634594035799877
135,6323,1.3854346461929627
135,7943,1.3520112733177683
135,8461,1.3280780978265196
135,19004,1.3211561707304753
135,19001,1.30105437884734
135,16209,1.2552657443690067
135,19003,1.2524047096306983
37,6323,2.0916489210351967
37,19001,1.9168442116470448
37,8461,1.9049006441982688
37,2952,1.8629282110960366
37,7943,1.858478155406666
37,8342,1.8298285103146212
37,16209,1.8001457793391369
37,15067,1.7793456522468742
37,19043,1.6863667265972948
37,11894,1.6037470137699263
6,6323,3.006074712762019
6,19001,2.741566410675555
6,2952,2.6618589619739397
6,16209,2.6321440761182506
6,8342,2.5994891822533464
6,7943,2.5980453739797937
6,8461,2.5698981464769406
6,15067,2.5647422782477767
6,4,2.239717687956267
6,11894,2.2081546801614844
137,9928,0.5661759839574291
137,6323,0.5595497044126132
137,19004,0.5361679341772004
137,19003,0.530366497605968
137,7943,0.5141268434473824
137,8461,0.5097487476256789
137,19001,0.5066298859815042
137,2952,0.5008913465675118
137,16209,0.46818477282100734
137,8342,0.4357239713267019
38,9928,0.5661759839574291
38,6323,0.5595497044126132
38,19004,0.5361679341772004
38,19003,0.530366497605968
38,7943,0.5141268434473824
38,8461,0.5097487476256789
38,19001,0.5066298859815042
38,2952,0.5008913465675118
38,16209,0.46818477282100734
38,8342,0.4357239713267019
68,9657,1.1023439181346295
68,19003,1.06754970226577
68,6323,1.0335430365866576
68,8461,0.986106582561897
68,15067,0.9797478413451157
68,2952,0.952817213992079
68,19001,0.9503829226549667
68,16209,0.9297525642487966
68,8342,0.9237098419439344
68,19043,0.9228351154941099
60,9928,8.810961693604161
60,15067,7.8925876825789745
60,19004,7.570438545992399
60,8461,7.560443888171754
60,16209,6.466919383180309
60,4,6.308040132083038
60,19030,6.223648882066919
60,17777,6.016964342261457
60,12231,5.684403113388713
60,19043,5.6288567404975165
51,2952,9.308794727982182
51,19001,8.597597278619922
51,16209,7.720236425180496
51,17777,7.241902084055821
51,18715,7.037902257077003
51,8543,6.716139746351956
51,7974,6.690711582431733
51,1112,6.623946152973138
51,12231,6.58439069665128
51,8587,6.579992085245419
19,19001,6.220366994975515
19,16209,5.878266341472116
19,19004,5.832836078256953
19,19003,5.762573788103821
19,11894,5.5610306023141955
19,4,5.171915924064273
19,18715,5.093318121858195
19,8703,4.8846277968526515
19,12231,4.8281695323011355
19,8418,4.798841657316215
71,9928,0.5661759839574291
71,6323,0.5595497044126132
71,19004,0.5361679341772004
71,19003,0.530366497605968
71,7943,0.5141268434473824
71,8461,0.5097487476256789
71,19001,0.5066298859815042
71,2952,0.5008913465675118
71,16209,0.46818477282100734
71,8342,0.4357239713267019
72,9928,0.5661759839574291
72,6323,0.5595497044126132
72,19004,0.5361679341772004
72,19003,0.530366497605968
72,7943,0.5141268434473824
72,8461,0.5097487476256789
72,19001,0.5066298859815042
72,2952,0.5008913465675118
72,16209,0.46818477282100734
72,8342,0.4357239713267019
158,6323,11.861170946946741
158,7943,11.685593568386802
158,9657,11.188674365649801
158,19001,10.308650229436543
158,16209,10.278024036404982
158,19004,10.247992298285878
158,18715,9.423515460966927
158,8543,9.212055642138619
158,4,9.150386619664621
158,17779,8.998472789455423
102,9657,9.009773624796363
102,2952,8.689541304495288
102,7943,8.663174233815973
102,16209,7.458474707863389
102,17777,6.965644975138042
102,18715,6.608741759278917
102,12231,6.448022948418127
102,8587,6.2585155179647165
102,17019,5.961584126815593
102,12414,5.926482488888842
85,9928,2.3146897656722705
85,2952,2.097072934431546
85,9657,2.0686562136361046
85,8461,2.0504536559778046
85,11894,1.847371315466549
85,19001,1.8320356410601473
85,8342,1.8258541186747494
85,17777,1.7821983484108634
85,19004,1.72522947369636
85,14412,1.6405926756130165
110,15067,4.949215094595708
110,8461,4.818696639416038
110,9657,4.790894943220469
110,6323,4.786891559529432
110,8342,4.521112685894124
110,2952,4.499604130791989
110,19001,4.439847703098723
110,19003,4.375453211272122
110,14412,4.0392488932371595
110,19030,3.8990847864377405
106,6323,0.5425875562430404
106,9928,0.5184694931791773
106,9657,0.5066298859815042
106,2952,0.47672100042792903
106,7943,0.4691676310356094
106,19003,0.45983140301057396
106,11894,0.43318520908948094
106,19004,0.4319134294757894
106,15067,0.4312251246479913
106,8461,0.42359934051380443
160,9928,3.561190775411492
160,8461,3.14938295334193
160,9657,3.135544235393807
160,19001,2.87471666064014
160,19003,2.8086135474892977
160,14412,2.707945420163935
160,16209,2.7034353860183615
160,19004,2.680106166882775
160,11894,2.6745040132364926
160,17777,2.6545238369756725
161,6323,1.0850089164566592
161,15067,1.0817736390744073
161,9928,1.0623692848184936
161,9657,1.015018190014894
161,8461,0.9505941366289139
161,19001,0.9458886314635384
161,8342,0.9177662786549099
161,16209,0.8752930083982601
161,11894,0.8670008756321679
161,14412,0.836340547943858
122,9928,2.236229834449016
122,2952,2.1332375678276048
122,9657,2.082518732569894
122,6323,2.0763632797067437
122,15067,2.0672317175841424
122,19001,1.8869961529532662
122,8461,1.8102383106593782
122,19004,1.754347077052085
122,16209,1.7335067268879576
122,8342,1.5970588801191392
111,6323,0.5425875562430404
111,9928,0.5184694931791773
111,9657,0.5066298859815042
111,2952,0.47672100042792903
111,7943,0.4691676310356094
111,19003,0.45983140301057396
111,11894,0.43318520908948094
111,19004,0.4319134294757894
111,15067,0.4312251246479913
111,8461,0.42359934051380443
96,2952,2.5037609029079966
96,6323,2.4978639790247925
96,8461,2.4580999961394934
96,9657,2.3810799489548753
96,17777,2.291412159837423
96,19001,2.171276541178887
96,11894,2.131848584300464
96,16209,2.0953851978450175
96,8342,2.0759036683124212
96,19004,2.0380905160737446
131,9928,1.3777846208133802
131,9657,1.2963740525728018
131,15067,1.2418988619870166
131,8461,1.196934032284115
131,2952,1.1921776213284507
131,19003,1.183583340611108
131,7943,1.1707662393773584
131,19004,1.1529988437897907
131,14412,1.1162530052510218
131,8342,1.0828182827659476
92,15067,4.7973013159514935
92,9657,4.780370387096493
92,7943,4.629550716108846
92,19001,4.473398235301401
92,19004,4.347346515040047
92,11894,4.046975697557384
92,17777,3.6446811641931136
92,19043,3.523303527098897
92,12231,3.51658397983947
92,1112,3.4821397529149376
82,9928,0.4567587727429002
82,19004,0.41037464973212645
82,19043,0.4076363880647904
82,8342,0.4049024005292553
82,15067,0.40262347466414916
82,8461,0.38678592576648857
82,11894,0.37448211971058937
82,19003,0.37152620277867265
82,7943,0.37001502423467836
82,6323,0.3681330435313837
123,8461,0.4002235663575941
123,9928,0.3813042401438456
123,15067,0.37362415573309404
123,6323,0.32868119861461126
123,9657,0.327021657329479
123,7943,0.3242714650625653
123,2952,0.32007690234842834
123,16209,0.3143887309001817
123,17777,0.3097376188015592
123,19044,0.2832420435965136
129,9928,1.3822313389567213
129,2952,1.3575758309583463
129,8461,1.3439918395235355
129,9657,1.3398889459028518
129,7943,1.2758408310746874
129,15067,1.2519644581937717
129,17777,1.2237459237560824
129,19001,1.2113575720641017
129,16209,1.1764800573959637
129,19004,1.0469753834052729
49,15067,0.32718978191140935
49,2952,0.32533669436750784
49,8461,0.2839045414146951
49,18715,0.2768324347078207
49,16209,0.27529534604597994
49,17019,0.27529534604597994
49,8543,0.27465030152424275
49,8342,0.27337066429021856
49,19004,0.2716282270123356
49,7943,0.2710926670690583
140,6323,2.918125873014677
140,2952,2.895952513411106
140,9657,2.806681141880372
140,19001,2.527359298360775
140,16209,2.439052387361045
140,19004,2.434102929119341
140,8342,2.408058913306842
140,11894,2.359701692024697
140,19003,2.335733520553553
140,17777,2.200233627942556
86,9928,2.3437732983785344
86,2952,2.082307969149832
86,7943,2.059175506133236
86,9657,1.9890950941770331
86,8461,1.9663109941891224
86,15067,1.9238817893420044
86,19001,1.9024405137522482
86,16209,1.8701996475296565
86,19003,1.7681665262638662
86,8342,1.6155070225033368
11,9928,1.5453509125221903
11,9657,1.4227931471027069
11,6323,1.2714603562102282
11,8342,1.213784459122687
11,19001,1.2038515898937026
11,4,1.1895372405755895
11,8461,1.1707441352796817
11,16209,1.152453296023034
11,7943,1.1495164470722337
11,15067,1.1307961196892342
93,9928,0.5126002246786473
93,2952,0.496471737748877
93,6323,0.4947344686993839
93,19003,0.470394697043985
93,8461,0.4644312870611927
93,15067,0.464172973446168
93,9657,0.4357239713267019
93,7943,0.4212945409060329
93,19004,0.41110961726528705
93,14412,0.4059318151301789
103,6323,0.4658243668041783
103,7943,0.4654913123049895
103,9928,0.4634597369783316
103,15067,0.43341786767617574
103,19001,0.43318520908948094
103,8342,0.40524823720932135
103,2952,0.4015095633271784
103,9657,0.39822328251814776
103,8461,0.38823549513650124
103,4,0.37448211971058937
159,9928,1.830475308344972
159,6323,1.7591508049742057
159,2952,1.6576651858224556
159,8461,1.637371794266418
159,17777,1.5537678129429922
159,9657,1.5350611092979607
159,19001,1.3882737471707913
159,16209,1.346103242830901
159,8342,1.3307723524699524
159,19004,1.3068530050515303
22,2952,5.325746647185932
22,8461,5.181388583172089
22,7943,4.61537236683836
22,9657,4.38781234084071
22,8703,4.385478387142083
22,19001,4.124789704258232
22,8418,4.120453702446075
22,16209,4.0560071570135925
22,8342,3.995916102277507
22,11894,3.952073217237241
55,9928,0.4039023085166153
55,15067,0.39262354439896097
55,4,0.36768388792744433
55,19004,0.3663495176295519
55,11894,0.36321717761324657
55,17777,0.35051753355869897
55,2952,0.34929620237070375
55,8461,0.34355580661692764
55,19043,0.32987367664809275
55,7943,0.3253242299547307
138,19004,0.5390659294492547
138,9657,0.530366497605968
138,9928,0.5284837728165155
138,6323,0.498556180035926
138,8342,0.470394697043985
138,19001,0.45983140301057396
138,7943,0.42363019233774296
138,2952,0.4092196505364459
138,8461,0.4090453140106929
138,19043,0.4072728957836466
107,9928,1.5441731495672868
107,2952,1.3774861477802594
107,8461,1.369651305419379
107,6323,1.3394267427713717
107,9657,1.3171260787991907
107,7943,1.2767875161801583
107,16209,1.264444772755942
107,19001,1.2461059714054024
107,19004,1.174402118959186
107,964,1.156139110974663
132,9928,0.5642379908553338
132,19003,0.5390659294492547
132,9657,0.5361679341772004
132,19043,0.47020596664376885
132,6323,0.4412040721257069
132,19001,0.4319134294757894
132,16209,0.4274823482565481
132,8461,0.42477776790246646
132,8342,0.41110961726528705
132,4,0.41037464973212645
169,15067,0.8004269149042004
169,8461,0.7908370859726277
169,2952,0.76709243163703
169,6323,0.7590056311276173
169,19004,0.7309046575220004
169,9657,0.7296060965725824
169,11894,0.6929680082915287
169,7943,0.6852350958751421
169,19001,0.685136159845844
169,17777,0.6838217084046918
76,9657,0.0
76,1550,0.0
76,4672,0.0
76,8497,0.0
76,9070,0.0
76,19815,0.0
76,7943,0.0
76,8348,0.0
76,7974,0.0
76,19001,0.0
26,7943,0.32515078570294226
26,9928,0.31739632191098455
26,19003,0.2841852176660476
26,15067,0.2841816063621781
26,8395,0.2837040873113238
26,516,0.2825280389121314
26,2952,0.2776029241433383
26,19001,0.2723178767442148
26,2954,0.2647108143354902
26,19048,0.23076923076923078
139,19004,0.47020596664376885
139,9928,0.452629148850341
139,4,0.4076363880647904
139,19003,0.4072728957836466
139,15067,0.36743864514628527
139,9657,0.35625871531953834
139,8461,0.3369210533665224
139,8342,0.3322801448134149
139,6323,0.3317001040485953
139,11894,0.33168039366428537
42,5878,0.09090909090909091
42,19003,0.09090909090909091
42,19036,0.09090909090909091
42,19001,0.09090909090909091
42,11894,0.09090909090909091
42,4672,0.09090909090909091
42,7943,0.09090909090909091
42,9657,0.09090909090909091
42,7974,0.09090909090909091
42,1359,0.09090909090909091
88,9928,0.5126002246786473
88,2952,0.496471737748877
88,6323,0.4947344686993839
88,19003,0.470394697043985
88,8461,0.4644312870611927
88,15067,0.464172973446168
88,9657,0.4357239713267019
88,7943,0.4212945409060329
88,19004,0.41110961726528705
88,14412,0.4059318151301789
48,9928,0.5923389644609507
48,9657,0.5595497044126132
48,2952,0.548789954233855
48,15067,0.5440427802256474
48,19001,0.5425875562430404
48,7943,0.5362189622228042
48,8461,0.5206500351039185
48,19003,0.498556180035926
48,8342,0.4947344686993839
48,14412,0.4688633375342715
113,9928,2.171439965558801
113,15067,2.1130685679816743
113,2952,1.958910986777043
113,6323,1.876054310944736
113,8703,1.824803350883749
113,7943,1.775207332237198
113,8461,1.7218677693317022
113,9657,1.6951644366206913
113,17810,1.6077529474047498
113,15335,1.5942370483696107
28,9928,0.5923389644609507
28,9657,0.5595497044126132
28,2952,0.548789954233855
28,15067,0.5440427802256474
28,19001,0.5425875562430404
28,7943,0.5362189622228042
28,8461,0.5206500351039185
28,19003,0.498556180035926
28,8342,0.4947344686993839
28,14412,0.4688633375342715
20,9928,1.3270787634878567
20,15067,1.23832281876941
20,9657,1.185391626769368
20,7943,1.1688505615664253
20,8461,1.1468331115129808
20,2952,1.1450293115125547
20,17777,1.1093921028319846
20,19001,1.0767581474158696
20,16209,1.018069676750272
20,19004,0.9893121227098178
124,9928,0.5923389644609507
124,9657,0.5595497044126132
124,2952,0.548789954233855
124,15067,0.5440427802256474
124,19001,0.5425875562430404
124,7943,0.5362189622228042
124,8461,0.5206500351039185
124,19003,0.498556180035926
124,8342,0.4947344686993839
124,14412,0.4688633375342715
27,9928,0.5923389644609507
27,9657,0.5595497044126132
27,2952,0.548789954233855
27,15067,0.5440427802256474
27,19001,0.5425875562430404
27,7943,0.5362189622228042
27,8461,0.5206500351039185
27,19003,0.498556180035926
27,8342,0.4947344686993839
27,14412,0.4688633375342715
3,9928,0.9402919418205283
3,15067,0.8929387910883959
3,7943,0.8533959697285516
3,17777,0.8349106339943537
3,2952,0.8271164195447831
3,9657,0.8201237968628605
3,8461,0.7853337087723702
3,19001,0.7558022504529123
3,17779,0.7538036123171401
3,16209,0.7084283163267875
65,9928,0.5923389644609507
65,9657,0.5595497044126132
65,2952,0.548789954233855
65,15067,0.5440427802256474
65,19001,0.5425875562430404
65,7943,0.5362189622228042
65,8461,0.5206500351039185
65,19003,0.498556180035926
65,8342,0.4947344686993839
65,14412,0.4688633375342715
73,9928,0.5923389644609507
73,9657,0.5595497044126132
73,2952,0.548789954233855
73,15067,0.5440427802256474
73,19001,0.5425875562430404
73,7943,0.5362189622228042
73,8461,0.5206500351039185
73,19003,0.498556180035926
73,8342,0.4947344686993839
73,14412,0.4688633375342715
52,9657,0.0
52,1550,0.0
52,4672,0.0
52,8497,0.0
52,9070,0.0
52,19815,0.0
52,7943,0.0
52,8348,0.0
52,7974,0.0
52,19001,0.0
95,2952,0.5259374939187137
95,9928,0.5009117130361346
95,6323,0.4952690307143681
95,8461,0.47206578711217295
95,16209,0.41900676418351657
95,15067,0.38360341203521936
95,19003,0.37470398387407644
95,9657,0.35803186880101784
95,7943,0.3486595914816307
95,19004,0.3262853209174619
90,9928,0.3700416553645719
90,2952,0.3654756833008488
90,15067,0.3632302770880782
90,7943,0.36167841629113223
90,9657,0.34877964726599253
90,8461,0.3472593064252268
90,1112,0.34428909418401216
90,19001,0.33665754267982634
90,16209,0.33209434420637146
90,8764,0.32518402870164403
141,9928,0.4726636322605856
141,9657,0.4490459695492953
141,16209,0.42462635459658893
141,964,0.4160931196107349
141,15067,0.415589056454326
141,8461,0.4133383990259476
141,9929,0.413210784046915
141,2952,0.4067545957585106
141,7943,0.40356761499089944
141,516,0.3733540299509691
108,9928,0.3700416553645719
108,2952,0.3654756833008488
108,15067,0.3632302770880782
108,7943,0.36167841629113223
108,9657,0.34877964726599253
108,8461,0.3472593064252268
108,1112,0.34428909418401216
108,19001,0.33665754267982634
108,16209,0.33209434420637146
108,8764,0.32518402870164403
56,6323,0.5923389644609507
56,15067,0.5826496616330732
56,9657,0.5661759839574291
56,19004,0.5642379908553338
56,8461,0.5613288146594305
56,2952,0.5438008556100182
56,19003,0.5284837728165155
56,7943,0.5185684292084755
56,19001,0.5184694931791773
56,8342,0.5126002246786473
45,8461,1.2395283722450534
45,2952,1.238288863460241
45,7943,1.16044686454752
45,8342,1.1430449195286458
45,6323,1.1363817446865982
45,9657,1.090423590937372
45,17777,1.0699778789228565
45,19004,1.052245261476467
45,19001,1.0406037087362594
45,11894,0.9877866955635982
87,9928,0.5826496616330732
87,7943,0.5509693444299537
87,6323,0.5440427802256474
87,2952,0.5308042946444534
87,8461,0.5174055873793344
87,8342,0.464172973446168
87,17777,0.4497555949255609
87,11894,0.43341786767617574
87,9657,0.43333851607085205
87,19001,0.4312251246479913
133,9928,0.5613288146594305
133,6323,0.5206500351039185
133,15067,0.5174055873793344
133,9657,0.5097487476256789
133,2952,0.49553516976787604
133,8342,0.4644312870611927
133,16209,0.45656194013251244
133,7943,0.4550589668610378
133,19004,0.42477776790246646
133,19001,0.42359934051380443
80,9657,0.0
80,1550,0.0
80,4672,0.0
80,8497,0.0
80,9070,0.0
80,19815,0.0
80,7943,0.0
80,8348,0.0
80,7974,0.0
80,19001,0.0
143,6323,0.5923389644609507
143,15067,0.5826496616330732
143,9657,0.5661759839574291
143,19004,0.5642379908553338
143,8461,0.5613288146594305
143,2952,0.5438008556100182
143,19003,0.5284837728165155
143,7943,0.5185684292084755
143,19001,0.5184694931791773
143,8342,0.5126002246786473
78,9657,0.0
78,1550,0.0
78,4672,0.0
78,8497,0.0
78,9070,0.0
78,19815,0.0
78,7943,0.0
78,8348,0.0
78,7974,0.0
78,19001,0.0
101,7943,0.40356761499089944
101,9928,0.3817545413514947
101,9657,0.3581368786402044
101,6323,0.33845520366652465
101,16209,0.33371726368749804
101,964,0.32518402870164403
101,15067,0.32467996554523504
101,8461,0.32242930811685666
101,9929,0.32230169313782414
101,2952,0.31584550484941964
7,9657,0.0
7,1550,0.0
7,4672,0.0
7,8497,0.0
7,9070,0.0
7,19815,0.0
7,7943,0.0
7,8348,0.0
7,7974,0.0
7,19001,0.0
35,9928,0.40806999960021834
35,19001,0.40301585888536284
35,16209,0.4013174927762432
35,15067,0.38562629286245725
35,19004,0.3666139573504409
35,2952,0.3646383680317116
35,6323,0.3643955105258309
35,8587,0.35704431536737946
35,9657,0.3543891396855083
35,4144,0.3512898483354171
164,8703,0.5982756401139059
164,7925,0.5982192446761331
164,2952,0.598161543209756
164,17777,0.5935599326395063
164,9928,0.5927411231576843
164,15067,0.5908412393923745
164,8461,0.5905777801882469
164,2418,0.5372923737146665
164,8688,0.5324401464352357
164,19044,0.5313503195367872
148,9657,0.0
148,1550,0.0
148,4672,0.0
148,8497,0.0
148,9070,0.0
148,19815,0.0
148,7943,0.0
148,8348,0.0
148,7974,0.0
148,19001,0.0
83,9657,0.0
83,1550,0.0
83,4672,0.0
83,8497,0.0
83,9070,0.0
83,19815,0.0
83,7943,0.0
83,8348,0.0
83,7974,0.0
83,19001,0.0
77,5878,0.09090909090909091
77,19003,0.09090909090909091
77,19036,0.09090909090909091
77,19001,0.09090909090909091
77,11894,0.09090909090909091
77,4672,0.09090909090909091
77,7943,0.09090909090909091
77,9657,0.09090909090909091
77,7974,0.09090909090909091
77,1359,0.09090909090909091
