9657,20,0.1208275499776913
9657,119,0.08504840893453267
9657,255,0.06041794419775918
9657,78,0.059188501072086584
9657,89,0.05136142329664425
9657,79,0.05113751926220433
9657,22,0.04157307217088203
9657,284,0.011122713549156607
9657,352,0.011122713549156607
9657,416,0.011122713549156607
1550,399,0.18266284818533557
1550,20,0.18027053146989888
1550,264,0.09705122465244562
1550,200,0.08740017344563927
1550,189,0.07401397337439306
1550,94,0.06718301032610549
1550,79,0.06014327057181513
1550,310,0.05014577390726049
1550,287,0.043302230826808355
1550,89,0.03170739248333916
17924,264,0.17165609168312404
17924,20,0.1205884503626494
17924,287,0.09057058394645418
17924,119,0.08305110144291779
17924,189,0.0768032749831867
17924,79,0.07281307058594386
17924,200,0.055035325645632564
17924,362,0.03685852644838777
17924,89,0.03555469610902212
17924,16,0.02591193610022721
4672,20,0.14621306277440566
4672,119,0.12730009354250674
4672,264,0.11918187752161402
4672,79,0.10577813227130553
4672,399,0.09703351886360023
4672,200,0.06788222340194008
4672,94,0.060964302549608794
4672,189,0.039388115637469974
4672,255,0.03698933636750447
4672,22,0.03390271001762793
8497,20,0.14007810385952146
8497,119,0.11425350822178368
8497,94,0.09700489808375673
8497,79,0.08533092305556231
8497,362,0.07325508179092903
8497,16,0.06960257103829183
8497,310,0.06590594861618214
8497,287,0.05550077387154171
8497,189,0.05408517956915526
8497,264,0.049680531869701006
9070,20,0.10894741550199474
9070,94,0.09744604852459167
9070,287,0.09516442558285929
9070,189,0.09026538519055456
9070,119,0.07507380929903448
9070,79,0.07263386386090896
9070,200,0.05777527966714402
9070,89,0.03909074811699887
9070,78,0.01882060936974195
9070,352,0.018470101106374974
16845,20,0.14621306277440566
16845,119,0.12730009354250674
16845,264,0.11918187752161402
16845,79,0.10577813227130553
16845,399,0.09703351886360023
16845,200,0.06788222340194008
16845,94,0.060964302549608794
16845,189,0.039388115637469974
16845,255,0.03698933636750447
16845,22,0.03390271001762793
7943,79,0.09654314773821146
7943,94,0.09552664905820954
7943,310,0.06492498676755408
7943,189,0.05181907911041335
7943,399,0.03585423244395007
7943,255,0.03318067713252677
7943,22,0.023072629142128598
7943,78,0.019771219382763616
7943,134,0.01964729303594658
7943,352,0.019602035903322476
8348,94,0.11237030788790218
8348,399,0.09364507382803726
8348,134,0.08309305477836164
8348,79,0.06539753794153612
8348,416,0.06170717133844812
8348,119,0.056976239490155914
8348,284,0.05693735254098258
8348,287,0.056214383799770604
8348,189,0.05597278033138595
8348,22,0.054069693427488325
7974,20,0.16201074980142272
7974,200,0.08917008473385132
7974,310,0.05969841649617091
7974,89,0.03390993139955866
7974,134,0.021295589740195887
7974,416,0.02084327913157546
7974,362,0.019262756458162996
7974,59,0.0029555530642606832
7974,78,0.0029555530642606832
7974,16,0.0029555530642606832
19001,476,0.0
19001,17,0.0
19001,16,0.0
19001,59,0.0
19001,287,0.0
19001,134,0.0
19001,78,0.0
19001,22,0.0
19001,255,0.0
19001,284,0.0
5878,119,0.0
5878,476,0.0
5878,264,0.0
5878,362,0.0
5878,17,0.0
5878,16,0.0
5878,59,0.0
5878,287,0.0
5878,134,0.0
5878,78,0.0
19049,119,0.0
19049,476,0.0
19049,200,0.0
19049,17,0.0
19049,16,0.0
19049,310,0.0
19049,59,0.0
19049,94,0.0
19049,287,0.0
19049,134,0.0
1359,119,0.0
1359,20,0.0
1359,399,0.0
1359,476,0.0
1359,264,0.0
1359,200,0.0
1359,189,0.0
1359,362,0.0
1359,17,0.0
1359,16,0.0
8347,119,0.0
8347,20,0.0
8347,399,0.0
8347,476,0.0
8347,264,0.0
8347,200,0.0
8347,189,0.0
8347,362,0.0
8347,17,0.0
8347,16,0.0
19003,476,0.0
19003,200,0.0
19003,17,0.0
19003,16,0.0
19003,59,0.0
19003,134,0.0
19003,22,0.0
19003,255,0.0
19003,284,0.0
19003,352,0.0
12415,119,0.0
12415,20,0.0
12415,399,0.0
12415,476,0.0
12415,264,0.0
12415,200,0.0
12415,189,0.0
12415,362,0.0
12415,17,0.0
12415,16,0.0
11894,119,0.0
11894,476,0.0
11894,362,0.0
11894,17,0.0
11894,16,0.0
11894,310,0.0
11894,59,0.0
11894,287,0.0
11894,134,0.0
11894,78,0.0
19000,119,0.0
19000,476,0.0
19000,189,0.0
19000,362,0.0
19000,17,0.0
19000,16,0.0
19000,310,0.0
19000,59,0.0
19000,134,0.0
19000,79,0.0
19030,399,0.0
19030,476,0.0
19030,264,0.0
19030,362,0.0
19030,17,0.0
19030,16,0.0
19030,310,0.0
19030,59,0.0
19030,287,0.0
19030,134,0.0
4729,20,0.0
4729,399,0.0
4729,476,0.0
4729,264,0.0
4729,200,0.0
4729,189,0.0
4729,362,0.0
4729,17,0.0
4729,16,0.0
4729,310,0.0
18257,20,0.0
18257,399,0.0
18257,476,0.0
18257,264,0.0
18257,200,0.0
18257,189,0.0
18257,362,0.0
18257,17,0.0
18257,16,0.0
18257,310,0.0
5872,476,0.0
5872,200,0.0
5872,362,0.0
5872,17,0.0
5872,16,0.0
5872,310,0.0
5872,59,0.0
5872,94,0.0
5872,287,0.0
5872,134,0.0
12414,20,0.0
12414,476,0.0
12414,200,0.0
12414,362,0.0
12414,17,0.0
12414,16,0.0
12414,310,0.0
12414,59,0.0
12414,94,0.0
12414,287,0.0
8173,20,0.0
8173,399,0.0
8173,476,0.0
8173,264,0.0
8173,200,0.0
8173,189,0.0
8173,362,0.0
8173,17,0.0
8173,16,0.0
8173,310,0.0
4588,20,0.0
4588,399,0.0
4588,476,0.0
4588,264,0.0
4588,200,0.0
4588,189,0.0
4588,362,0.0
4588,17,0.0
4588,16,0.0
4588,310,0.0
19008,119,0.0
19008,20,0.0
19008,399,0.0
19008,476,0.0
19008,264,0.0
19008,200,0.0
19008,362,0.0
19008,17,0.0
19008,16,0.0
19008,310,0.0
7796,20,0.0
7796,399,0.0
7796,476,0.0
7796,264,0.0
7796,200,0.0
7796,189,0.0
7796,362,0.0
7796,17,0.0
7796,16,0.0
7796,310,0.0
16513,20,0.0
16513,399,0.0
16513,476,0.0
16513,264,0.0
16513,200,0.0
16513,189,0.0
16513,362,0.0
16513,17,0.0
16513,16,0.0
16513,310,0.0
319,20,0.0
319,399,0.0
319,476,0.0
319,264,0.0
319,200,0.0
319,189,0.0
319,362,0.0
319,17,0.0
319,16,0.0
319,310,0.0
4696,20,0.0
4696,399,0.0
4696,476,0.0
4696,264,0.0
4696,200,0.0
4696,189,0.0
4696,362,0.0
4696,17,0.0
4696,16,0.0
4696,310,0.0
11917,119,0.0
11917,20,0.0
11917,399,0.0
11917,476,0.0
11917,264,0.0
11917,200,0.0
11917,189,0.0
11917,362,0.0
11917,17,0.0
11917,16,0.0
5120,399,0.0
5120,476,0.0
5120,264,0.0
5120,200,0.0
5120,189,0.0
5120,362,0.0
5120,17,0.0
5120,16,0.0
5120,59,0.0
5120,94,0.0
4304,399,0.0
4304,476,0.0
4304,264,0.0
4304,200,0.0
4304,362,0.0
4304,17,0.0
4304,16,0.0
4304,310,0.0
4304,59,0.0
4304,94,0.0
18260,119,0.0
18260,20,0.0
18260,399,0.0
18260,476,0.0
18260,264,0.0
18260,200,0.0
18260,189,0.0
18260,362,0.0
18260,17,0.0
18260,16,0.0
4,476,0.0
4,200,0.0
4,362,0.0
4,17,0.0
4,16,0.0
4,59,0.0
4,134,0.0
4,78,0.0
4,22,0.0
4,255,0.0
19029,119,0.0
19029,20,0.0
19029,399,0.0
19029,476,0.0
19029,264,0.0
19029,200,0.0
19029,189,0.0
19029,362,0.0
19029,17,0.0
19029,16,0.0
8342,476,0.0
8342,362,0.0
8342,17,0.0
8342,59,0.0
8342,94,0.0
8342,287,0.0
8342,134,0.0
8342,79,0.0
8342,78,0.0
8342,22,0.0
19048,20,0.0
19048,476,0.0
19048,189,0.0
19048,362,0.0
19048,17,0.0
19048,16,0.0
19048,310,0.0
19048,59,0.0
19048,287,0.0
19048,134,0.0
18251,119,0.0
18251,20,0.0
18251,476,0.0
18251,189,0.0
18251,362,0.0
18251,17,0.0
18251,16,0.0
18251,310,0.0
18251,59,0.0
18251,287,0.0
2090,20,0.0
2090,399,0.0
2090,476,0.0
2090,264,0.0
2090,200,0.0
2090,189,0.0
2090,362,0.0
2090,17,0.0
2090,16,0.0
2090,310,0.0
19159,476,0.0
19159,264,0.0
19159,189,0.0
19159,362,0.0
19159,17,0.0
19159,16,0.0
19159,310,0.0
19159,59,0.0
19159,287,0.0
19159,134,0.0
19018,20,0.0
19018,399,0.0
19018,476,0.0
19018,264,0.0
19018,200,0.0
19018,189,0.0
19018,362,0.0
19018,17,0.0
19018,16,0.0
19018,310,0.0
14223,476,0.0
14223,264,0.0
14223,200,0.0
14223,362,0.0
14223,17,0.0
14223,16,0.0
14223,310,0.0
14223,59,0.0
14223,287,0.0
14223,134,0.0
19534,20,0.0
19534,399,0.0
19534,476,0.0
19534,200,0.0
19534,189,0.0
19534,362,0.0
19534,17,0.0
19534,16,0.0
19534,310,0.0
19534,59,0.0
8289,20,0.0
8289,399,0.0
8289,476,0.0
8289,264,0.0
8289,200,0.0
8289,189,0.0
8289,362,0.0
8289,17,0.0
8289,16,0.0
8289,310,0.0
15596,119,0.0
15596,399,0.0
15596,476,0.0
15596,264,0.0
15596,200,0.0
15596,189,0.0
15596,362,0.0
15596,17,0.0
15596,16,0.0
15596,310,0.0
18249,399,0.0
18249,476,0.0
18249,264,0.0
18249,200,0.0
18249,189,0.0
18249,362,0.0
18249,17,0.0
18249,16,0.0
18249,310,0.0
18249,59,0.0
10885,119,0.0
10885,399,0.0
10885,476,0.0
10885,264,0.0
10885,200,0.0
10885,189,0.0
10885,362,0.0
10885,17,0.0
10885,16,0.0
10885,310,0.0
19046,119,0.0
19046,20,0.0
19046,399,0.0
19046,476,0.0
19046,200,0.0
19046,189,0.0
19046,362,0.0
19046,17,0.0
19046,16,0.0
19046,310,0.0
10369,119,0.0
10369,20,0.0
10369,399,0.0
10369,476,0.0
10369,264,0.0
10369,200,0.0
10369,189,0.0
10369,362,0.0
10369,17,0.0
10369,16,0.0
4693,399,0.0
4693,476,0.0
4693,264,0.0
4693,200,0.0
4693,189,0.0
4693,362,0.0
4693,17,0.0
4693,16,0.0
4693,310,0.0
4693,59,0.0
12411,20,0.0
12411,476,0.0
12411,264,0.0
12411,189,0.0
12411,362,0.0
12411,17,0.0
12411,16,0.0
12411,310,0.0
12411,59,0.0
12411,287,0.0
16398,20,0.0
16398,476,0.0
16398,264,0.0
16398,200,0.0
16398,189,0.0
16398,362,0.0
16398,17,0.0
16398,16,0.0
16398,310,0.0
16398,59,0.0
18259,119,0.0
18259,20,0.0
18259,399,0.0
18259,476,0.0
18259,264,0.0
18259,200,0.0
18259,189,0.0
18259,362,0.0
18259,17,0.0
18259,16,0.0
8543,20,0.0
8543,476,0.0
8543,189,0.0
8543,362,0.0
8543,17,0.0
8543,16,0.0
8543,310,0.0
8543,59,0.0
8543,287,0.0
8543,134,0.0
19024,399,0.0
19024,476,0.0
19024,264,0.0
19024,189,0.0
19024,362,0.0
19024,17,0.0
19024,16,0.0
19024,310,0.0
19024,59,0.0
19024,94,0.0
18256,119,0.0
18256,20,0.0
18256,399,0.0
18256,476,0.0
18256,264,0.0
18256,200,0.0
18256,189,0.0
18256,362,0.0
18256,17,0.0
18256,16,0.0
4634,20,0.0
4634,476,0.0
4634,264,0.0
4634,200,0.0
4634,362,0.0
4634,17,0.0
4634,16,0.0
4634,310,0.0
4634,59,0.0
4634,94,0.0
465,119,0.0
465,20,0.0
465,399,0.0
465,476,0.0
465,264,0.0
465,200,0.0
465,189,0.0
465,362,0.0
465,17,0.0
465,16,0.0
5924,119,0.0
5924,20,0.0
5924,399,0.0
5924,476,0.0
5924,264,0.0
5924,200,0.0
5924,189,0.0
5924,362,0.0
5924,17,0.0
5924,16,0.0
19034,119,0.0
19034,399,0.0
19034,476,0.0
19034,200,0.0
19034,189,0.0
19034,362,0.0
19034,17,0.0
19034,16,0.0
19034,310,0.0
19034,59,0.0
8773,119,0.0
8773,20,0.0
8773,399,0.0
8773,476,0.0
8773,264,0.0
8773,200,0.0
8773,189,0.0
8773,362,0.0
8773,17,0.0
8773,16,0.0
469,119,0.0
469,20,0.0
469,399,0.0
469,476,0.0
469,264,0.0
469,200,0.0
469,189,0.0
469,362,0.0
469,17,0.0
469,16,0.0
18649,20,0.0
18649,399,0.0
18649,476,0.0
18649,264,0.0
18649,200,0.0
18649,189,0.0
18649,362,0.0
18649,17,0.0
18649,16,0.0
18649,310,0.0
19033,119,0.0
19033,20,0.0
19033,399,0.0
19033,476,0.0
19033,264,0.0
19033,189,0.0
19033,362,0.0
19033,17,0.0
19033,16,0.0
19033,310,0.0
4310,20,0.0
4310,399,0.0
4310,476,0.0
4310,264,0.0
4310,200,0.0
4310,362,0.0
4310,17,0.0
4310,16,0.0
4310,310,0.0
4310,59,0.0
5873,119,0.0
5873,20,0.0
5873,399,0.0
5873,476,0.0
5873,264,0.0
5873,200,0.0
5873,189,0.0
5873,362,0.0
5873,17,0.0
5873,16,0.0
11908,119,0.0
11908,20,0.0
11908,476,0.0
11908,264,0.0
11908,200,0.0
11908,189,0.0
11908,362,0.0
11908,17,0.0
11908,16,0.0
11908,310,0.0
18070,119,0.0
18070,20,0.0
18070,399,0.0
18070,476,0.0
18070,264,0.0
18070,200,0.0
18070,189,0.0
18070,362,0.0
18070,17,0.0
18070,16,0.0
14822,119,0.0
14822,399,0.0
14822,476,0.0
14822,264,0.0
14822,200,0.0
14822,189,0.0
14822,362,0.0
14822,17,0.0
14822,16,0.0
14822,310,0.0
18999,476,0.0
18999,264,0.0
18999,189,0.0
18999,362,0.0
18999,17,0.0
18999,16,0.0
18999,310,0.0
18999,59,0.0
18999,94,0.0
18999,134,0.0
14091,119,0.0
14091,20,0.0
14091,476,0.0
14091,264,0.0
14091,200,0.0
14091,189,0.0
14091,362,0.0
14091,17,0.0
14091,16,0.0
14091,310,0.0
1023,119,0.0
1023,20,0.0
1023,476,0.0
1023,264,0.0
1023,200,0.0
1023,189,0.0
1023,362,0.0
1023,17,0.0
1023,16,0.0
1023,310,0.0
3783,20,0.0
3783,476,0.0
3783,264,0.0
3783,200,0.0
3783,189,0.0
3783,362,0.0
3783,17,0.0
3783,16,0.0
3783,310,0.0
3783,59,0.0
19913,119,0.0
19913,20,0.0
19913,399,0.0
19913,476,0.0
19913,264,0.0
19913,200,0.0
19913,189,0.0
19913,362,0.0
19913,17,0.0
19913,16,0.0
19012,119,0.0
19012,20,0.0
19012,399,0.0
19012,476,0.0
19012,264,0.0
19012,200,0.0
19012,189,0.0
19012,362,0.0
19012,17,0.0
19012,16,0.0
11918,119,0.0
11918,20,0.0
11918,399,0.0
11918,476,0.0
11918,264,0.0
11918,200,0.0
11918,189,0.0
11918,362,0.0
11918,17,0.0
11918,16,0.0
11912,119,0.0
11912,20,0.0
11912,399,0.0
11912,476,0.0
11912,264,0.0
11912,200,0.0
11912,189,0.0
11912,362,0.0
11912,17,0.0
11912,16,0.0
19022,119,0.0
19022,20,0.0
19022,399,0.0
19022,476,0.0
19022,264,0.0
19022,200,0.0
19022,189,0.0
19022,362,0.0
19022,17,0.0
19022,16,0.0
18250,20,0.0
18250,399,0.0
18250,476,0.0
18250,264,0.0
18250,200,0.0
18250,189,0.0
18250,362,0.0
18250,17,0.0
18250,16,0.0
18250,310,0.0
19028,20,0.0
19028,399,0.0
19028,476,0.0
19028,264,0.0
19028,200,0.0
19028,189,0.0
19028,362,0.0
19028,17,0.0
19028,16,0.0
19028,310,0.0
12350,119,0.0
12350,20,0.0
12350,399,0.0
12350,476,0.0
12350,264,0.0
12350,200,0.0
12350,189,0.0
12350,362,0.0
12350,17,0.0
12350,16,0.0
19021,119,0.0
19021,399,0.0
19021,476,0.0
19021,264,0.0
19021,200,0.0
19021,189,0.0
19021,362,0.0
19021,17,0.0
19021,16,0.0
19021,310,0.0
11911,119,0.0
11911,20,0.0
11911,399,0.0
11911,476,0.0
11911,264,0.0
11911,200,0.0
11911,189,0.0
11911,362,0.0
11911,17,0.0
11911,16,0.0
80,119,0.0
80,20,0.0
80,399,0.0
80,476,0.0
80,264,0.0
80,189,0.0
80,362,0.0
80,17,0.0
80,16,0.0
80,310,0.0
19043,20,0.0
19043,476,0.0
19043,17,0.0
19043,16,0.0
19043,310,0.0
19043,59,0.0
19043,287,0.0
19043,134,0.0
19043,79,0.0
19043,78,0.0
11903,20,0.0
11903,476,0.0
11903,264,0.0
11903,200,0.0
11903,362,0.0
11903,17,0.0
11903,16,0.0
11903,310,0.0
11903,59,0.0
11903,94,0.0
19044,20,0.0
19044,476,0.0
19044,200,0.0
19044,189,0.0
19044,362,0.0
19044,17,0.0
19044,16,0.0
19044,310,0.0
19044,59,0.0
19044,94,0.0
8335,119,0.0
8335,20,0.0
8335,399,0.0
8335,476,0.0
8335,264,0.0
8335,200,0.0
8335,362,0.0
8335,17,0.0
8335,16,0.0
8335,310,0.0
4633,119,0.0
4633,399,0.0
4633,476,0.0
4633,264,0.0
4633,200,0.0
4633,189,0.0
4633,362,0.0
4633,17,0.0
4633,16,0.0
4633,310,0.0
4448,119,0.0
4448,20,0.0
4448,476,0.0
4448,264,0.0
4448,200,0.0
4448,189,0.0
4448,362,0.0
4448,17,0.0
4448,16,0.0
4448,310,0.0
11899,119,0.0
11899,20,0.0
11899,399,0.0
11899,476,0.0
11899,264,0.0
11899,200,0.0
11899,189,0.0
11899,362,0.0
11899,17,0.0
11899,16,0.0
10748,119,0.0
10748,20,0.0
10748,399,0.0
10748,476,0.0
10748,264,0.0
10748,200,0.0
10748,362,0.0
10748,17,0.0
10748,16,0.0
10748,310,0.0
11901,119,0.0
11901,20,0.0
11901,399,0.0
11901,476,0.0
11901,264,0.0
11901,200,0.0
11901,362,0.0
11901,17,0.0
11901,16,0.0
11901,310,0.0
18230,476,0.0
18230,264,0.0
18230,189,0.0
18230,362,0.0
18230,17,0.0
18230,16,0.0
18230,310,0.0
18230,59,0.0
18230,287,0.0
18230,134,0.0
11909,119,0.0
11909,20,0.0
11909,476,0.0
11909,264,0.0
11909,200,0.0
11909,189,0.0
11909,362,0.0
11909,17,0.0
11909,16,0.0
11909,310,0.0
7727,20,0.0
7727,399,0.0
7727,476,0.0
7727,264,0.0
7727,200,0.0
7727,189,0.0
7727,362,0.0
7727,17,0.0
7727,16,0.0
7727,310,0.0
11907,119,0.0
11907,20,0.0
11907,399,0.0
11907,476,0.0
11907,264,0.0
11907,200,0.0
11907,362,0.0
11907,17,0.0
11907,16,0.0
11907,310,0.0
6527,20,0.0
6527,399,0.0
6527,476,0.0
6527,264,0.0
6527,200,0.0
6527,189,0.0
6527,362,0.0
6527,17,0.0
6527,16,0.0
6527,310,0.0
19041,119,0.0
19041,20,0.0
19041,399,0.0
19041,476,0.0
19041,264,0.0
19041,200,0.0
19041,189,0.0
19041,362,0.0
19041,17,0.0
19041,16,0.0
8324,119,0.0
8324,20,0.0
8324,399,0.0
8324,476,0.0
8324,264,0.0
8324,200,0.0
8324,362,0.0
8324,17,0.0
8324,16,0.0
8324,310,0.0
11910,119,0.0
11910,20,0.0
11910,399,0.0
11910,476,0.0
11910,264,0.0
11910,200,0.0
11910,189,0.0
11910,362,0.0
11910,17,0.0
11910,16,0.0
502,119,0.0
502,20,0.0
502,476,0.0
502,264,0.0
502,200,0.0
502,189,0.0
502,362,0.0
502,17,0.0
502,16,0.0
502,310,0.0
6973,119,0.0
6973,20,0.0
6973,399,0.0
6973,476,0.0
6973,264,0.0
6973,200,0.0
6973,362,0.0
6973,17,0.0
6973,16,0.0
6973,310,0.0
19042,119,0.0
19042,399,0.0
19042,476,0.0
19042,264,0.0
19042,200,0.0
19042,189,0.0
19042,362,0.0
19042,17,0.0
19042,16,0.0
19042,310,0.0
18185,119,0.0
18185,20,0.0
18185,399,0.0
18185,476,0.0
18185,264,0.0
18185,200,0.0
18185,189,0.0
18185,362,0.0
18185,17,0.0
18185,16,0.0
10265,119,0.0
10265,20,0.0
10265,399,0.0
10265,476,0.0
10265,264,0.0
10265,200,0.0
10265,189,0.0
10265,362,0.0
10265,17,0.0
10265,16,0.0
5606,119,0.0
5606,20,0.0
5606,399,0.0
5606,476,0.0
5606,264,0.0
5606,200,0.0
5606,189,0.0
5606,362,0.0
5606,17,0.0
5606,16,0.0
19004,399,0.0
19004,476,0.0
19004,17,0.0
19004,310,0.0
19004,59,0.0
19004,79,0.0
19004,78,0.0
19004,284,0.0
19004,352,0.0
19004,416,0.0
6128,119,0.0
6128,20,0.0
6128,399,0.0
6128,476,0.0
6128,264,0.0
6128,200,0.0
6128,189,0.0
6128,362,0.0
6128,17,0.0
6128,16,0.0
15717,119,0.0
15717,20,0.0
15717,476,0.0
15717,264,0.0
15717,200,0.0
15717,189,0.0
15717,362,0.0
15717,17,0.0
15717,16,0.0
15717,310,0.0
13880,20,0.0
13880,399,0.0
13880,476,0.0
13880,200,0.0
13880,189,0.0
13880,362,0.0
13880,17,0.0
13880,16,0.0
13880,310,0.0
13880,59,0.0
14062,119,0.0
14062,20,0.0
14062,399,0.0
14062,476,0.0
14062,264,0.0
14062,200,0.0
14062,189,0.0
14062,362,0.0
14062,17,0.0
14062,16,0.0
98,119,0.0
98,20,0.0
98,399,0.0
98,476,0.0
98,264,0.0
98,200,0.0
98,189,0.0
98,362,0.0
98,17,0.0
98,16,0.0
12122,119,0.0
12122,20,0.0
12122,399,0.0
12122,476,0.0
12122,200,0.0
12122,189,0.0
12122,362,0.0
12122,17,0.0
12122,16,0.0
12122,310,0.0
11919,119,0.0
11919,20,0.0
11919,399,0.0
11919,476,0.0
11919,264,0.0
11919,200,0.0
11919,189,0.0
11919,362,0.0
11919,17,0.0
11919,16,0.0
19035,119,0.0
19035,399,0.0
19035,476,0.0
19035,264,0.0
19035,200,0.0
19035,189,0.0
19035,362,0.0
19035,17,0.0
19035,16,0.0
19035,310,0.0
6528,119,0.0
6528,399,0.0
6528,476,0.0
6528,264,0.0
6528,200,0.0
6528,189,0.0
6528,362,0.0
6528,17,0.0
6528,310,0.0
6528,59,0.0
12416,119,0.0
12416,20,0.0
12416,399,0.0
12416,476,0.0
12416,264,0.0
12416,200,0.0
12416,189,0.0
12416,362,0.0
12416,17,0.0
12416,16,0.0
7333,119,0.0
7333,20,0.0
7333,399,0.0
7333,476,0.0
7333,264,0.0
7333,200,0.0
7333,189,0.0
7333,362,0.0
7333,17,0.0
7333,16,0.0
19138,119,0.0
19138,20,0.0
19138,399,0.0
19138,476,0.0
19138,264,0.0
19138,200,0.0
19138,189,0.0
19138,362,0.0
19138,17,0.0
19138,16,0.0
6526,119,0.0
6526,20,0.0
6526,399,0.0
6526,476,0.0
6526,264,0.0
6526,200,0.0
6526,189,0.0
6526,362,0.0
6526,17,0.0
6526,16,0.0
19027,119,0.0
19027,399,0.0
19027,476,0.0
19027,264,0.0
19027,200,0.0
19027,189,0.0
19027,362,0.0
19027,17,0.0
19027,16,0.0
19027,310,0.0
15594,119,0.0
15594,20,0.0
15594,399,0.0
15594,476,0.0
15594,200,0.0
15594,189,0.0
15594,362,0.0
15594,17,0.0
15594,16,0.0
15594,310,0.0
8917,119,0.0
8917,20,0.0
8917,399,0.0
8917,476,0.0
8917,264,0.0
8917,200,0.0
8917,362,0.0
8917,17,0.0
8917,16,0.0
8917,310,0.0
19011,119,0.0
19011,399,0.0
19011,476,0.0
19011,264,0.0
19011,200,0.0
19011,189,0.0
19011,362,0.0
19011,17,0.0
19011,16,0.0
19011,310,0.0
11904,119,0.0
11904,20,0.0
11904,399,0.0
11904,476,0.0
11904,264,0.0
11904,189,0.0
11904,362,0.0
11904,17,0.0
11904,16,0.0
11904,310,0.0
6553,119,0.0
6553,20,0.0
6553,399,0.0
6553,476,0.0
6553,264,0.0
6553,189,0.0
6553,362,0.0
6553,17,0.0
6553,16,0.0
6553,310,0.0
14738,119,0.0
14738,20,0.0
14738,399,0.0
14738,476,0.0
14738,264,0.0
14738,200,0.0
14738,189,0.0
14738,362,0.0
14738,17,0.0
14738,16,0.0
7645,119,0.0
7645,399,0.0
7645,476,0.0
7645,264,0.0
7645,200,0.0
7645,189,0.0
7645,362,0.0
7645,17,0.0
7645,16,0.0
7645,310,0.0
13564,119,0.0
13564,20,0.0
13564,399,0.0
13564,476,0.0
13564,200,0.0
13564,189,0.0
13564,362,0.0
13564,17,0.0
13564,16,0.0
13564,310,0.0
1013,119,0.0
1013,20,0.0
1013,399,0.0
1013,476,0.0
1013,264,0.0
1013,200,0.0
1013,189,0.0
1013,362,0.0
1013,17,0.0
1013,16,0.0
18231,119,0.0
18231,399,0.0
18231,476,0.0
18231,264,0.0
18231,200,0.0
18231,189,0.0
18231,362,0.0
18231,17,0.0
18231,16,0.0
18231,310,0.0
3736,119,0.0
3736,20,0.0
3736,399,0.0
3736,476,0.0
3736,264,0.0
3736,200,0.0
3736,189,0.0
3736,362,0.0
3736,17,0.0
3736,16,0.0
5119,119,0.0
5119,399,0.0
5119,476,0.0
5119,264,0.0
5119,200,0.0
5119,189,0.0
5119,362,0.0
5119,17,0.0
5119,16,0.0
5119,310,0.0
11915,119,0.0
11915,399,0.0
11915,476,0.0
11915,200,0.0
11915,189,0.0
11915,362,0.0
11915,17,0.0
11915,16,0.0
11915,310,0.0
11915,59,0.0
18261,119,0.0
18261,20,0.0
18261,399,0.0
18261,476,0.0
18261,264,0.0
18261,200,0.0
18261,189,0.0
18261,362,0.0
18261,17,0.0
18261,16,0.0
11900,119,0.0
11900,20,0.0
11900,476,0.0
11900,264,0.0
11900,200,0.0
11900,189,0.0
11900,362,0.0
11900,17,0.0
11900,16,0.0
11900,310,0.0
6788,119,0.0
6788,20,0.0
6788,399,0.0
6788,476,0.0
6788,264,0.0
6788,189,0.0
6788,362,0.0
6788,17,0.0
6788,16,0.0
6788,310,0.0
16835,119,0.0
16835,20,0.0
16835,399,0.0
16835,476,0.0
16835,264,0.0
16835,200,0.0
16835,189,0.0
16835,362,0.0
16835,17,0.0
16835,16,0.0
19201,20,0.0
19201,399,0.0
19201,476,0.0
19201,264,0.0
19201,200,0.0
19201,189,0.0
19201,362,0.0
19201,17,0.0
19201,16,0.0
19201,310,0.0
19038,119,0.0
19038,20,0.0
19038,399,0.0
19038,476,0.0
19038,264,0.0
19038,200,0.0
19038,189,0.0
19038,362,0.0
19038,17,0.0
19038,16,0.0
5925,119,0.0
5925,20,0.0
5925,399,0.0
5925,476,0.0
5925,264,0.0
5925,200,0.0
5925,362,0.0
5925,17,0.0
5925,16,0.0
5925,310,0.0
16836,119,0.0
16836,20,0.0
16836,399,0.0
16836,476,0.0
16836,264,0.0
16836,200,0.0
16836,189,0.0
16836,362,0.0
16836,17,0.0
16836,16,0.0
19013,119,0.0
19013,20,0.0
19013,399,0.0
19013,476,0.0
19013,264,0.0
19013,200,0.0
19013,189,0.0
19013,362,0.0
19013,17,0.0
19013,16,0.0
19015,119,0.0
19015,20,0.0
19015,399,0.0
19015,476,0.0
19015,200,0.0
19015,189,0.0
19015,362,0.0
19015,17,0.0
19015,16,0.0
19015,310,0.0
417,119,0.0
417,20,0.0
417,399,0.0
417,476,0.0
417,264,0.0
417,200,0.0
417,189,0.0
417,362,0.0
417,17,0.0
417,16,0.0
19005,119,0.0
19005,476,0.0
19005,200,0.0
19005,189,0.0
19005,17,0.0
19005,16,0.0
19005,310,0.0
19005,59,0.0
19005,94,0.0
19005,287,0.0
14710,119,0.0
14710,20,0.0
14710,399,0.0
14710,476,0.0
14710,264,0.0
14710,200,0.0
14710,189,0.0
14710,362,0.0
14710,17,0.0
14710,16,0.0
9900,20,0.0
9900,399,0.0
9900,476,0.0
9900,264,0.0
9900,200,0.0
9900,189,0.0
9900,362,0.0
9900,17,0.0
9900,16,0.0
9900,310,0.0
10091,399,0.0
10091,476,0.0
10091,264,0.0
10091,200,0.0
10091,189,0.0
10091,362,0.0
10091,17,0.0
10091,16,0.0
10091,310,0.0
10091,59,0.0
6754,119,0.0
6754,20,0.0
6754,399,0.0
6754,476,0.0
6754,264,0.0
6754,189,0.0
6754,362,0.0
6754,17,0.0
6754,16,0.0
6754,310,0.0
19045,20,0.0
19045,399,0.0
19045,476,0.0
19045,264,0.0
19045,200,0.0
19045,189,0.0
19045,362,0.0
19045,17,0.0
19045,16,0.0
19045,310,0.0
418,119,0.0
418,20,0.0
418,399,0.0
418,476,0.0
418,264,0.0
418,189,0.0
418,362,0.0
418,17,0.0
418,16,0.0
418,310,0.0
419,119,0.0
419,399,0.0
419,476,0.0
419,264,0.0
419,200,0.0
419,189,0.0
419,362,0.0
419,17,0.0
419,16,0.0
419,310,0.0
1362,119,0.0
1362,20,0.0
1362,399,0.0
1362,476,0.0
1362,264,0.0
1362,200,0.0
1362,189,0.0
1362,362,0.0
1362,17,0.0
1362,16,0.0
19040,119,0.0
19040,20,0.0
19040,399,0.0
19040,476,0.0
19040,264,0.0
19040,200,0.0
19040,189,0.0
19040,362,0.0
19040,17,0.0
19040,16,0.0
5565,119,0.0
5565,20,0.0
5565,399,0.0
5565,476,0.0
5565,264,0.0
5565,189,0.0
5565,362,0.0
5565,17,0.0
5565,16,0.0
5565,310,0.0
11916,119,0.0
11916,20,0.0
11916,399,0.0
11916,476,0.0
11916,264,0.0
11916,200,0.0
11916,189,0.0
11916,362,0.0
11916,17,0.0
11916,16,0.0
10460,119,0.0
10460,20,0.0
10460,399,0.0
10460,476,0.0
10460,264,0.0
10460,200,0.0
10460,189,0.0
10460,362,0.0
10460,17,0.0
10460,16,0.0
2046,119,0.0
2046,20,0.0
2046,399,0.0
2046,476,0.0
2046,264,0.0
2046,200,0.0
2046,189,0.0
2046,362,0.0
2046,17,0.0
2046,16,0.0
18506,119,0.0
18506,20,0.0
18506,399,0.0
18506,476,0.0
18506,264,0.0
18506,200,0.0
18506,189,0.0
18506,362,0.0
18506,17,0.0
18506,16,0.0
9901,119,0.0
9901,399,0.0
9901,476,0.0
9901,264,0.0
9901,200,0.0
9901,189,0.0
9901,362,0.0
9901,17,0.0
9901,16,0.0
9901,310,0.0
12009,119,0.0
12009,399,0.0
12009,476,0.0
12009,264,0.0
12009,200,0.0
12009,189,0.0
12009,362,0.0
12009,17,0.0
12009,16,0.0
12009,310,0.0
4449,119,0.0
4449,399,0.0
4449,476,0.0
4449,264,0.0
4449,200,0.0
4449,189,0.0
4449,362,0.0
4449,17,0.0
4449,16,0.0
4449,310,0.0
19026,119,0.0
19026,20,0.0
19026,476,0.0
19026,264,0.0
19026,200,0.0
19026,189,0.0
19026,362,0.0
19026,17,0.0
19026,16,0.0
19026,310,0.0
1361,119,0.0
1361,20,0.0
1361,399,0.0
1361,476,0.0
1361,264,0.0
1361,200,0.0
1361,189,0.0
1361,362,0.0
1361,17,0.0
1361,16,0.0
12412,119,0.0
12412,20,0.0
12412,399,0.0
12412,476,0.0
12412,264,0.0
12412,200,0.0
12412,189,0.0
12412,362,0.0
12412,17,0.0
12412,16,0.0
10461,119,0.0
10461,20,0.0
10461,399,0.0
10461,476,0.0
10461,264,0.0
10461,200,0.0
10461,189,0.0
10461,362,0.0
10461,17,0.0
10461,16,0.0
11711,119,0.0
11711,20,0.0
11711,399,0.0
11711,476,0.0
11711,200,0.0
11711,189,0.0
11711,362,0.0
11711,17,0.0
11711,16,0.0
11711,310,0.0
6323,20,0.0
6323,476,0.0
6323,264,0.0
6323,17,0.0
6323,16,0.0
6323,59,0.0
6323,134,0.0
6323,78,0.0
6323,284,0.0
6323,352,0.0
10833,119,0.0
10833,20,0.0
10833,399,0.0
10833,476,0.0
10833,264,0.0
10833,200,0.0
10833,189,0.0
10833,362,0.0
10833,17,0.0
10833,16,0.0
17184,119,0.0
17184,20,0.0
17184,476,0.0
17184,264,0.0
17184,200,0.0
17184,189,0.0
17184,362,0.0
17184,17,0.0
17184,16,0.0
17184,310,0.0
2418,119,0.0
2418,20,0.0
2418,399,0.0
2418,476,0.0
2418,362,0.0
2418,17,0.0
2418,16,0.0
2418,59,0.0
2418,134,0.0
2418,78,0.0
15300,119,0.0
15300,20,0.0
15300,476,0.0
15300,189,0.0
15300,362,0.0
15300,17,0.0
15300,16,0.0
15300,310,0.0
15300,59,0.0
15300,94,0.0
9532,119,0.0
9532,20,0.0
9532,399,0.0
9532,476,0.0
9532,264,0.0
9532,200,0.0
9532,189,0.0
9532,362,0.0
9532,17,0.0
9532,16,0.0
11500,399,0.0
11500,476,0.0
11500,264,0.0
11500,200,0.0
11500,362,0.0
11500,17,0.0
11500,16,0.0
11500,59,0.0
11500,94,0.0
11500,287,0.0
6325,20,0.0
6325,399,0.0
6325,476,0.0
6325,264,0.0
6325,200,0.0
6325,189,0.0
6325,362,0.0
6325,17,0.0
6325,16,0.0
6325,310,0.0
19759,119,0.0
19759,399,0.0
19759,476,0.0
19759,264,0.0
19759,200,0.0
19759,189,0.0
19759,362,0.0
19759,17,0.0
19759,16,0.0
19759,310,0.0
6326,119,0.0
6326,20,0.0
6326,399,0.0
6326,476,0.0
6326,264,0.0
6326,200,0.0
6326,189,0.0
6326,362,0.0
6326,17,0.0
6326,16,0.0
16883,119,0.0
16883,20,0.0
16883,399,0.0
16883,476,0.0
16883,264,0.0
16883,200,0.0
16883,189,0.0
16883,362,0.0
16883,17,0.0
16883,16,0.0
5202,119,0.0
5202,20,0.0
5202,399,0.0
5202,476,0.0
5202,264,0.0
5202,200,0.0
5202,189,0.0
5202,362,0.0
5202,17,0.0
5202,16,0.0
4158,119,0.0
4158,20,0.0
4158,399,0.0
4158,476,0.0
4158,264,0.0
4158,200,0.0
4158,189,0.0
4158,362,0.0
4158,17,0.0
4158,16,0.0
13519,20,0.0
13519,399,0.0
13519,476,0.0
13519,264,0.0
13519,200,0.0
13519,189,0.0
13519,362,0.0
13519,17,0.0
13519,16,0.0
13519,310,0.0
10523,119,0.0
10523,20,0.0
10523,399,0.0
10523,476,0.0
10523,264,0.0
10523,200,0.0
10523,189,0.0
10523,362,0.0
10523,17,0.0
10523,16,0.0
9147,119,0.0
9147,20,0.0
9147,399,0.0
9147,476,0.0
9147,264,0.0
9147,200,0.0
9147,189,0.0
9147,362,0.0
9147,17,0.0
9147,16,0.0
18588,119,0.0
18588,20,0.0
18588,399,0.0
18588,476,0.0
18588,264,0.0
18588,200,0.0
18588,189,0.0
18588,362,0.0
18588,17,0.0
18588,16,0.0
17372,119,0.0
17372,20,0.0
17372,399,0.0
17372,476,0.0
17372,264,0.0
17372,189,0.0
17372,362,0.0
17372,17,0.0
17372,16,0.0
17372,310,0.0
971,399,0.0
971,476,0.0
971,264,0.0
971,200,0.0
971,362,0.0
971,17,0.0
971,16,0.0
971,310,0.0
971,59,0.0
971,94,0.0
7245,119,0.0
7245,20,0.0
7245,399,0.0
7245,476,0.0
7245,264,0.0
7245,200,0.0
7245,189,0.0
7245,362,0.0
7245,17,0.0
7245,16,0.0
2952,476,0.0
2952,189,0.0
2952,17,0.0
2952,16,0.0
2952,310,0.0
2952,59,0.0
2952,134,0.0
2952,78,0.0
2952,284,0.0
2952,416,0.0
964,476,0.0
964,362,0.0
964,17,0.0
964,16,0.0
964,59,0.0
964,94,0.0
964,134,0.0
964,79,0.0
964,78,0.0
964,22,0.0
7250,119,0.0
7250,20,0.0
7250,399,0.0
7250,476,0.0
7250,264,0.0
7250,200,0.0
7250,362,0.0
7250,17,0.0
7250,16,0.0
7250,310,0.0
2954,476,0.0
2954,200,0.0
2954,189,0.0
2954,362,0.0
2954,17,0.0
2954,16,0.0
2954,310,0.0
2954,94,0.0
2954,287,0.0
2954,134,0.0
15304,119,0.0
15304,20,0.0
15304,399,0.0
15304,476,0.0
15304,264,0.0
15304,200,0.0
15304,189,0.0
15304,362,0.0
15304,17,0.0
15304,16,0.0
1103,119,0.0
1103,20,0.0
1103,399,0.0
1103,476,0.0
1103,200,0.0
1103,189,0.0
1103,362,0.0
1103,17,0.0
1103,16,0.0
1103,310,0.0
15924,119,0.0
15924,20,0.0
15924,399,0.0
15924,476,0.0
15924,264,0.0
15924,200,0.0
15924,189,0.0
15924,362,0.0
15924,17,0.0
15924,16,0.0
17949,119,0.0
17949,399,0.0
17949,476,0.0
17949,264,0.0
17949,200,0.0
17949,189,0.0
17949,362,0.0
17949,17,0.0
17949,16,0.0
17949,310,0.0
7908,119,0.0
7908,399,0.0
7908,476,0.0
7908,264,0.0
7908,200,0.0
7908,189,0.0
7908,362,0.0
7908,17,0.0
7908,16,0.0
7908,310,0.0
2052,119,0.0
2052,20,0.0
2052,399,0.0
2052,476,0.0
2052,264,0.0
2052,200,0.0
2052,189,0.0
2052,362,0.0
2052,17,0.0
2052,16,0.0
17577,119,0.0
17577,20,0.0
17577,399,0.0
17577,476,0.0
17577,200,0.0
17577,189,0.0
17577,17,0.0
17577,16,0.0
17577,310,0.0
17577,59,0.0
969,119,0.0
969,20,0.0
969,399,0.0
969,476,0.0
969,264,0.0
969,200,0.0
969,189,0.0
969,362,0.0
969,17,0.0
969,16,0.0
567,119,0.0
567,399,0.0
567,476,0.0
567,264,0.0
567,200,0.0
567,189,0.0
567,362,0.0
567,17,0.0
567,16,0.0
567,310,0.0
3009,119,0.0
3009,20,0.0
3009,399,0.0
3009,476,0.0
3009,264,0.0
3009,200,0.0
3009,189,0.0
3009,362,0.0
3009,17,0.0
3009,16,0.0
1575,119,0.0
1575,20,0.0
1575,399,0.0
1575,476,0.0
1575,264,0.0
1575,189,0.0
1575,362,0.0
1575,17,0.0
1575,16,0.0
1575,310,0.0
967,119,0.0
967,20,0.0
967,399,0.0
967,476,0.0
967,200,0.0
967,189,0.0
967,362,0.0
967,17,0.0
967,16,0.0
967,310,0.0
7103,119,0.0
7103,20,0.0
7103,399,0.0
7103,476,0.0
7103,200,0.0
7103,189,0.0
7103,362,0.0
7103,17,0.0
7103,16,0.0
7103,310,0.0
15305,119,0.0
15305,20,0.0
15305,399,0.0
15305,476,0.0
15305,264,0.0
15305,200,0.0
15305,189,0.0
15305,362,0.0
15305,17,0.0
15305,16,0.0
11612,20,0.0
11612,399,0.0
11612,476,0.0
11612,264,0.0
11612,200,0.0
11612,189,0.0
11612,362,0.0
11612,17,0.0
11612,16,0.0
11612,310,0.0
968,119,0.0
968,20,0.0
968,399,0.0
968,476,0.0
968,200,0.0
968,189,0.0
968,362,0.0
968,17,0.0
968,16,0.0
968,310,0.0
9928,476,0.0
9928,189,0.0
9928,17,0.0
9928,310,0.0
9928,79,0.0
9928,78,0.0
9928,284,0.0
9928,416,0.0
9928,190,0.0
9928,415,0.0
14412,20,0.0
14412,399,0.0
14412,476,0.0
14412,200,0.0
14412,362,0.0
14412,17,0.0
14412,16,0.0
14412,310,0.0
14412,59,0.0
14412,287,0.0
8587,399,0.0
8587,476,0.0
8587,200,0.0
8587,189,0.0
8587,17,0.0
8587,16,0.0
8587,59,0.0
8587,287,0.0
8587,134,0.0
8587,79,0.0
9929,20,0.0
9929,476,0.0
9929,189,0.0
9929,362,0.0
9929,17,0.0
9929,16,0.0
9929,310,0.0
9929,59,0.0
9929,94,0.0
9929,287,0.0
8026,399,0.0
8026,476,0.0
8026,264,0.0
8026,200,0.0
8026,362,0.0
8026,17,0.0
8026,16,0.0
8026,310,0.0
8026,59,0.0
8026,94,0.0
15067,20,0.0
15067,399,0.0
15067,476,0.0
15067,17,0.0
15067,134,0.0
15067,78,0.0
15067,255,0.0
15067,284,0.0
15067,416,0.0
15067,190,0.0
8464,119,0.0
8464,399,0.0
8464,476,0.0
8464,264,0.0
8464,200,0.0
8464,189,0.0
8464,362,0.0
8464,17,0.0
8464,16,0.0
8464,310,0.0
13970,119,0.0
13970,399,0.0
13970,476,0.0
13970,264,0.0
13970,200,0.0
13970,189,0.0
13970,362,0.0
13970,17,0.0
13970,16,0.0
13970,310,0.0
10542,119,0.0
10542,20,0.0
10542,399,0.0
10542,476,0.0
10542,264,0.0
10542,200,0.0
10542,189,0.0
10542,362,0.0
10542,17,0.0
10542,16,0.0
8076,119,0.0
8076,20,0.0
8076,399,0.0
8076,476,0.0
8076,264,0.0
8076,200,0.0
8076,189,0.0
8076,362,0.0
8076,17,0.0
8076,16,0.0
7874,119,0.0
7874,20,0.0
7874,476,0.0
7874,264,0.0
7874,200,0.0
7874,189,0.0
7874,362,0.0
7874,17,0.0
7874,16,0.0
7874,310,0.0
8459,476,0.0
8459,264,0.0
8459,189,0.0
8459,362,0.0
8459,17,0.0
8459,16,0.0
8459,310,0.0
8459,59,0.0
8459,94,0.0
8459,134,0.0
9992,119,0.0
9992,20,0.0
9992,399,0.0
9992,476,0.0
9992,200,0.0
9992,189,0.0
9992,362,0.0
9992,17,0.0
9992,16,0.0
9992,310,0.0
4144,399,0.0
4144,476,0.0
4144,200,0.0
4144,189,0.0
4144,362,0.0
4144,17,0.0
4144,16,0.0
4144,310,0.0
4144,94,0.0
4144,287,0.0
10638,119,0.0
10638,20,0.0
10638,476,0.0
10638,264,0.0
10638,200,0.0
10638,189,0.0
10638,362,0.0
10638,17,0.0
10638,16,0.0
10638,310,0.0
1090,119,0.0
1090,20,0.0
1090,399,0.0
1090,476,0.0
1090,264,0.0
1090,200,0.0
1090,189,0.0
1090,362,0.0
1090,17,0.0
1090,16,0.0
13717,119,0.0
13717,20,0.0
13717,399,0.0
13717,476,0.0
13717,264,0.0
13717,200,0.0
13717,189,0.0
13717,362,0.0
13717,17,0.0
13717,16,0.0
1110,119,0.0
1110,399,0.0
1110,476,0.0
1110,264,0.0
1110,200,0.0
1110,189,0.0
1110,362,0.0
1110,17,0.0
1110,16,0.0
1110,310,0.0
7852,119,0.0
7852,20,0.0
7852,399,0.0
7852,476,0.0
7852,264,0.0
7852,200,0.0
7852,189,0.0
7852,362,0.0
7852,17,0.0
7852,16,0.0
8461,476,0.0
8461,189,0.0
8461,17,0.0
8461,16,0.0
8461,59,0.0
8461,134,0.0
8461,78,0.0
8461,284,0.0
8461,352,0.0
8461,416,0.0
3955,119,0.0
3955,20,0.0
3955,399,0.0
3955,476,0.0
3955,264,0.0
3955,200,0.0
3955,189,0.0
3955,362,0.0
3955,17,0.0
3955,16,0.0
19436,119,0.0
19436,20,0.0
19436,399,0.0
19436,476,0.0
19436,189,0.0
19436,362,0.0
19436,17,0.0
19436,16,0.0
19436,310,0.0
19436,59,0.0
3959,20,0.0
3959,476,0.0
3959,264,0.0
3959,200,0.0
3959,362,0.0
3959,17,0.0
3959,16,0.0
3959,310,0.0
3959,59,0.0
3959,94,0.0
4305,119,0.0
4305,20,0.0
4305,476,0.0
4305,264,0.0
4305,200,0.0
4305,189,0.0
4305,362,0.0
4305,17,0.0
4305,16,0.0
4305,310,0.0
14402,119,0.0
14402,20,0.0
14402,476,0.0
14402,264,0.0
14402,200,0.0
14402,189,0.0
14402,362,0.0
14402,17,0.0
14402,16,0.0
14402,310,0.0
2262,119,0.0
2262,399,0.0
2262,476,0.0
2262,264,0.0
2262,200,0.0
2262,189,0.0
2262,362,0.0
2262,17,0.0
2262,16,0.0
2262,310,0.0
8479,119,0.0
8479,20,0.0
8479,399,0.0
8479,476,0.0
8479,200,0.0
8479,189,0.0
8479,362,0.0
8479,17,0.0
8479,16,0.0
8479,310,0.0
8460,119,0.0
8460,20,0.0
8460,399,0.0
8460,476,0.0
8460,264,0.0
8460,200,0.0
8460,189,0.0
8460,362,0.0
8460,17,0.0
8460,16,0.0
14414,119,0.0
14414,20,0.0
14414,399,0.0
14414,476,0.0
14414,264,0.0
14414,200,0.0
14414,189,0.0
14414,362,0.0
14414,17,0.0
14414,16,0.0
750,119,0.0
750,20,0.0
750,476,0.0
750,264,0.0
750,200,0.0
750,189,0.0
750,362,0.0
750,17,0.0
750,16,0.0
750,310,0.0
6928,119,0.0
6928,20,0.0
6928,399,0.0
6928,476,0.0
6928,200,0.0
6928,189,0.0
6928,362,0.0
6928,17,0.0
6928,16,0.0
6928,310,0.0
19589,119,0.0
19589,20,0.0
19589,399,0.0
19589,476,0.0
19589,264,0.0
19589,200,0.0
19589,189,0.0
19589,362,0.0
19589,17,0.0
19589,16,0.0
8665,20,0.0
8665,399,0.0
8665,476,0.0
8665,264,0.0
8665,200,0.0
8665,189,0.0
8665,362,0.0
8665,17,0.0
8665,16,0.0
8665,310,0.0
752,119,0.0
752,20,0.0
752,399,0.0
752,476,0.0
752,200,0.0
752,189,0.0
752,362,0.0
752,17,0.0
752,16,0.0
752,310,0.0
8664,119,0.0
8664,20,0.0
8664,476,0.0
8664,264,0.0
8664,200,0.0
8664,189,0.0
8664,362,0.0
8664,17,0.0
8664,310,0.0
8664,287,0.0
8666,119,0.0
8666,20,0.0
8666,399,0.0
8666,476,0.0
8666,264,0.0
8666,200,0.0
8666,362,0.0
8666,17,0.0
8666,16,0.0
8666,310,0.0
18715,399,0.0
18715,476,0.0
18715,264,0.0
18715,362,0.0
18715,17,0.0
18715,16,0.0
18715,310,0.0
18715,59,0.0
18715,287,0.0
18715,134,0.0
2810,119,0.0
2810,20,0.0
2810,399,0.0
2810,476,0.0
2810,264,0.0
2810,189,0.0
2810,362,0.0
2810,17,0.0
2810,16,0.0
2810,310,0.0
9479,119,0.0
9479,20,0.0
9479,399,0.0
9479,476,0.0
9479,264,0.0
9479,200,0.0
9479,189,0.0
9479,362,0.0
9479,17,0.0
9479,16,0.0
1113,119,0.0
1113,20,0.0
1113,399,0.0
1113,476,0.0
1113,264,0.0
1113,200,0.0
1113,189,0.0
1113,362,0.0
1113,17,0.0
1113,16,0.0
1112,476,0.0
1112,362,0.0
1112,17,0.0
1112,16,0.0
1112,94,0.0
1112,134,0.0
1112,79,0.0
1112,78,0.0
1112,22,0.0
1112,255,0.0
1114,119,0.0
1114,20,0.0
1114,399,0.0
1114,476,0.0
1114,264,0.0
1114,200,0.0
1114,189,0.0
1114,362,0.0
1114,17,0.0
1114,16,0.0
2643,119,0.0
2643,20,0.0
2643,399,0.0
2643,476,0.0
2643,264,0.0
2643,189,0.0
2643,362,0.0
2643,17,0.0
2643,16,0.0
2643,310,0.0
17051,119,0.0
17051,20,0.0
17051,399,0.0
17051,476,0.0
17051,264,0.0
17051,200,0.0
17051,189,0.0
17051,362,0.0
17051,17,0.0
17051,310,0.0
8250,119,0.0
8250,399,0.0
8250,476,0.0
8250,264,0.0
8250,200,0.0
8250,189,0.0
8250,362,0.0
8250,17,0.0
8250,16,0.0
8250,310,0.0
8447,119,0.0
8447,20,0.0
8447,399,0.0
8447,476,0.0
8447,200,0.0
8447,189,0.0
8447,362,0.0
8447,17,0.0
8447,16,0.0
8447,310,0.0
18754,119,0.0
18754,20,0.0
18754,399,0.0
18754,476,0.0
18754,264,0.0
18754,200,0.0
18754,189,0.0
18754,362,0.0
18754,17,0.0
18754,16,0.0
1111,119,0.0
1111,20,0.0
1111,399,0.0
1111,476,0.0
1111,264,0.0
1111,189,0.0
1111,362,0.0
1111,17,0.0
1111,16,0.0
1111,59,0.0
7875,119,0.0
7875,20,0.0
7875,399,0.0
7875,476,0.0
7875,264,0.0
7875,200,0.0
7875,189,0.0
7875,362,0.0
7875,17,0.0
7875,16,0.0
12369,119,0.0
12369,20,0.0
12369,399,0.0
12369,476,0.0
12369,264,0.0
12369,200,0.0
12369,189,0.0
12369,362,0.0
12369,17,0.0
12369,16,0.0
8446,119,0.0
8446,399,0.0
8446,476,0.0
8446,264,0.0
8446,200,0.0
8446,189,0.0
8446,362,0.0
8446,17,0.0
8446,16,0.0
8446,310,0.0
748,119,0.0
748,20,0.0
748,399,0.0
748,476,0.0
748,264,0.0
748,200,0.0
748,362,0.0
748,17,0.0
748,16,0.0
748,310,0.0
9078,119,0.0
9078,20,0.0
9078,399,0.0
9078,476,0.0
9078,200,0.0
9078,189,0.0
9078,362,0.0
9078,17,0.0
9078,16,0.0
9078,310,0.0
10805,119,0.0
10805,20,0.0
10805,399,0.0
10805,476,0.0
10805,264,0.0
10805,200,0.0
10805,189,0.0
10805,362,0.0
10805,17,0.0
10805,16,0.0
12506,119,0.0
12506,20,0.0
12506,399,0.0
12506,476,0.0
12506,264,0.0
12506,200,0.0
12506,189,0.0
12506,362,0.0
12506,17,0.0
12506,16,0.0
2285,20,0.0
2285,399,0.0
2285,476,0.0
2285,264,0.0
2285,200,0.0
2285,189,0.0
2285,362,0.0
2285,17,0.0
2285,16,0.0
2285,310,0.0
8613,119,0.0
8613,20,0.0
8613,399,0.0
8613,476,0.0
8613,264,0.0
8613,200,0.0
8613,189,0.0
8613,362,0.0
8613,17,0.0
8613,16,0.0
2860,20,0.0
2860,399,0.0
2860,476,0.0
2860,264,0.0
2860,200,0.0
2860,189,0.0
2860,362,0.0
2860,17,0.0
2860,16,0.0
2860,310,0.0
12003,119,0.0
12003,20,0.0
12003,399,0.0
12003,476,0.0
12003,264,0.0
12003,200,0.0
12003,362,0.0
12003,17,0.0
12003,16,0.0
12003,310,0.0
3154,119,0.0
3154,20,0.0
3154,399,0.0
3154,476,0.0
3154,200,0.0
3154,189,0.0
3154,362,0.0
3154,17,0.0
3154,16,0.0
3154,310,0.0
8471,119,0.0
8471,20,0.0
8471,399,0.0
8471,476,0.0
8471,264,0.0
8471,200,0.0
8471,189,0.0
8471,362,0.0
8471,17,0.0
8471,310,0.0
8909,20,0.0
8909,399,0.0
8909,476,0.0
8909,200,0.0
8909,189,0.0
8909,362,0.0
8909,17,0.0
8909,16,0.0
8909,310,0.0
8909,59,0.0
8469,119,0.0
8469,20,0.0
8469,399,0.0
8469,476,0.0
8469,264,0.0
8469,200,0.0
8469,189,0.0
8469,362,0.0
8469,17,0.0
8469,16,0.0
8710,119,0.0
8710,20,0.0
8710,399,0.0
8710,476,0.0
8710,200,0.0
8710,189,0.0
8710,362,0.0
8710,17,0.0
8710,16,0.0
8710,310,0.0
16209,399,0.0
16209,476,0.0
16209,17,0.0
16209,134,0.0
16209,79,0.0
16209,22,0.0
16209,255,0.0
16209,284,0.0
16209,352,0.0
16209,416,0.0
8695,20,0.0
8695,399,0.0
8695,476,0.0
8695,264,0.0
8695,200,0.0
8695,189,0.0
8695,362,0.0
8695,17,0.0
8695,16,0.0
8695,310,0.0
8681,119,0.0
8681,20,0.0
8681,399,0.0
8681,476,0.0
8681,264,0.0
8681,200,0.0
8681,189,0.0
8681,362,0.0
8681,17,0.0
8681,310,0.0
8618,119,0.0
8618,20,0.0
8618,399,0.0
8618,476,0.0
8618,200,0.0
8618,189,0.0
8618,362,0.0
8618,17,0.0
8618,16,0.0
8618,310,0.0
2847,119,0.0
2847,20,0.0
2847,399,0.0
2847,476,0.0
2847,264,0.0
2847,200,0.0
2847,189,0.0
2847,362,0.0
2847,17,0.0
2847,16,0.0
8764,476,0.0
8764,264,0.0
8764,362,0.0
8764,17,0.0
8764,59,0.0
8764,134,0.0
8764,79,0.0
8764,78,0.0
8764,255,0.0
8764,284,0.0
8676,119,0.0
8676,20,0.0
8676,399,0.0
8676,476,0.0
8676,200,0.0
8676,189,0.0
8676,362,0.0
8676,17,0.0
8676,16,0.0
8676,310,0.0
8690,119,0.0
8690,399,0.0
8690,476,0.0
8690,264,0.0
8690,189,0.0
8690,362,0.0
8690,17,0.0
8690,310,0.0
8690,59,0.0
8690,94,0.0
11312,119,0.0
11312,20,0.0
11312,399,0.0
11312,476,0.0
11312,264,0.0
11312,200,0.0
11312,189,0.0
11312,362,0.0
11312,17,0.0
11312,16,0.0
8707,119,0.0
8707,399,0.0
8707,476,0.0
8707,264,0.0
8707,200,0.0
8707,189,0.0
8707,362,0.0
8707,17,0.0
8707,16,0.0
8707,310,0.0
8688,119,0.0
8688,399,0.0
8688,476,0.0
8688,189,0.0
8688,362,0.0
8688,17,0.0
8688,16,0.0
8688,310,0.0
8688,59,0.0
8688,134,0.0
5492,119,0.0
5492,20,0.0
5492,399,0.0
5492,476,0.0
5492,200,0.0
5492,189,0.0
5492,362,0.0
5492,17,0.0
5492,16,0.0
5492,310,0.0
8705,119,0.0
8705,399,0.0
8705,476,0.0
8705,264,0.0
8705,200,0.0
8705,189,0.0
8705,362,0.0
8705,17,0.0
8705,16,0.0
8705,310,0.0
12205,20,0.0
12205,476,0.0
12205,200,0.0
12205,362,0.0
12205,17,0.0
12205,16,0.0
12205,310,0.0
12205,59,0.0
12205,287,0.0
12205,134,0.0
8702,20,0.0
8702,399,0.0
8702,476,0.0
8702,264,0.0
8702,200,0.0
8702,189,0.0
8702,362,0.0
8702,17,0.0
8702,16,0.0
8702,310,0.0
16213,20,0.0
16213,399,0.0
16213,476,0.0
16213,264,0.0
16213,200,0.0
16213,189,0.0
16213,362,0.0
16213,17,0.0
16213,16,0.0
16213,310,0.0
8697,119,0.0
8697,399,0.0
8697,476,0.0
8697,200,0.0
8697,189,0.0
8697,362,0.0
8697,17,0.0
8697,16,0.0
8697,59,0.0
8697,287,0.0
12231,399,0.0
12231,476,0.0
12231,264,0.0
12231,17,0.0
12231,310,0.0
12231,59,0.0
12231,94,0.0
12231,287,0.0
12231,79,0.0
12231,78,0.0
8919,119,0.0
8919,20,0.0
8919,399,0.0
8919,476,0.0
8919,264,0.0
8919,200,0.0
8919,189,0.0
8919,362,0.0
8919,17,0.0
8919,16,0.0
8696,119,0.0
8696,399,0.0
8696,476,0.0
8696,200,0.0
8696,189,0.0
8696,362,0.0
8696,17,0.0
8696,310,0.0
8696,59,0.0
8696,94,0.0
8703,399,0.0
8703,476,0.0
8703,264,0.0
8703,189,0.0
8703,362,0.0
8703,17,0.0
8703,16,0.0
8703,310,0.0
8703,59,0.0
8703,94,0.0
8668,119,0.0
8668,399,0.0
8668,476,0.0
8668,264,0.0
8668,200,0.0
8668,189,0.0
8668,362,0.0
8668,17,0.0
8668,16,0.0
8668,310,0.0
8671,20,0.0
8671,399,0.0
8671,476,0.0
8671,200,0.0
8671,189,0.0
8671,362,0.0
8671,17,0.0
8671,16,0.0
8671,310,0.0
8671,59,0.0
8669,119,0.0
8669,20,0.0
8669,399,0.0
8669,476,0.0
8669,264,0.0
8669,200,0.0
8669,189,0.0
8669,362,0.0
8669,17,0.0
8669,16,0.0
15528,119,0.0
15528,20,0.0
15528,399,0.0
15528,476,0.0
15528,264,0.0
15528,200,0.0
15528,189,0.0
15528,362,0.0
15528,17,0.0
15528,16,0.0
8704,119,0.0
8704,20,0.0
8704,399,0.0
8704,476,0.0
8704,264,0.0
8704,200,0.0
8704,189,0.0
8704,362,0.0
8704,17,0.0
8704,16,0.0
19628,119,0.0
19628,20,0.0
19628,399,0.0
19628,476,0.0
19628,264,0.0
19628,200,0.0
19628,189,0.0
19628,362,0.0
19628,17,0.0
19628,16,0.0
8617,119,0.0
8617,20,0.0
8617,399,0.0
8617,476,0.0
8617,200,0.0
8617,189,0.0
8617,362,0.0
8617,17,0.0
8617,16,0.0
8617,310,0.0
8275,119,0.0
8275,20,0.0
8275,399,0.0
8275,476,0.0
8275,264,0.0
8275,200,0.0
8275,189,0.0
8275,362,0.0
8275,17,0.0
8275,16,0.0
8667,119,0.0
8667,20,0.0
8667,399,0.0
8667,476,0.0
8667,264,0.0
8667,189,0.0
8667,362,0.0
8667,17,0.0
8667,16,0.0
8667,310,0.0
2132,119,0.0
2132,20,0.0
2132,399,0.0
2132,476,0.0
2132,200,0.0
2132,189,0.0
2132,362,0.0
2132,17,0.0
2132,16,0.0
2132,310,0.0
16229,119,0.0
16229,20,0.0
16229,399,0.0
16229,476,0.0
16229,264,0.0
16229,200,0.0
16229,189,0.0
16229,17,0.0
16229,16,0.0
16229,310,0.0
8699,119,0.0
8699,20,0.0
8699,399,0.0
8699,476,0.0
8699,264,0.0
8699,200,0.0
8699,189,0.0
8699,362,0.0
8699,17,0.0
8699,16,0.0
9776,119,0.0
9776,20,0.0
9776,399,0.0
9776,476,0.0
9776,264,0.0
9776,189,0.0
9776,362,0.0
9776,17,0.0
9776,16,0.0
9776,310,0.0
14543,119,0.0
14543,20,0.0
14543,399,0.0
14543,476,0.0
14543,189,0.0
14543,362,0.0
14543,17,0.0
14543,16,0.0
14543,59,0.0
14543,94,0.0
8701,119,0.0
8701,20,0.0
8701,399,0.0
8701,476,0.0
8701,264,0.0
8701,200,0.0
8701,189,0.0
8701,362,0.0
8701,17,0.0
8701,16,0.0
8708,119,0.0
8708,20,0.0
8708,399,0.0
8708,476,0.0
8708,264,0.0
8708,200,0.0
8708,189,0.0
8708,362,0.0
8708,17,0.0
8708,16,0.0
16132,119,0.0
16132,20,0.0
16132,399,0.0
16132,476,0.0
16132,264,0.0
16132,200,0.0
16132,189,0.0
16132,362,0.0
16132,17,0.0
16132,16,0.0
7323,119,0.0
7323,20,0.0
7323,399,0.0
7323,476,0.0
7323,264,0.0
7323,200,0.0
7323,189,0.0
7323,362,0.0
7323,17,0.0
7323,16,0.0
16304,119,0.0
16304,20,0.0
16304,399,0.0
16304,476,0.0
16304,264,0.0
16304,200,0.0
16304,189,0.0
16304,362,0.0
16304,17,0.0
16304,16,0.0
6309,119,0.0
6309,20,0.0
6309,399,0.0
6309,476,0.0
6309,200,0.0
6309,189,0.0
6309,362,0.0
6309,17,0.0
6309,16,0.0
6309,310,0.0
12176,119,0.0
12176,20,0.0
12176,399,0.0
12176,476,0.0
12176,200,0.0
12176,362,0.0
12176,17,0.0
12176,16,0.0
12176,310,0.0
12176,59,0.0
10125,119,0.0
10125,20,0.0
10125,399,0.0
10125,476,0.0
10125,264,0.0
10125,200,0.0
10125,189,0.0
10125,362,0.0
10125,17,0.0
10125,16,0.0
8692,119,0.0
8692,20,0.0
8692,399,0.0
8692,476,0.0
8692,264,0.0
8692,200,0.0
8692,189,0.0
8692,362,0.0
8692,17,0.0
8692,16,0.0
8682,119,0.0
8682,20,0.0
8682,399,0.0
8682,476,0.0
8682,264,0.0
8682,200,0.0
8682,362,0.0
8682,17,0.0
8682,16,0.0
8682,310,0.0
8691,119,0.0
8691,20,0.0
8691,399,0.0
8691,476,0.0
8691,264,0.0
8691,200,0.0
8691,189,0.0
8691,362,0.0
8691,17,0.0
8691,16,0.0
8694,119,0.0
8694,399,0.0
8694,476,0.0
8694,264,0.0
8694,200,0.0
8694,189,0.0
8694,362,0.0
8694,17,0.0
8694,16,0.0
8694,310,0.0
19158,119,0.0
19158,20,0.0
19158,399,0.0
19158,476,0.0
19158,264,0.0
19158,200,0.0
19158,189,0.0
19158,362,0.0
19158,17,0.0
19158,16,0.0
8706,119,0.0
8706,20,0.0
8706,399,0.0
8706,476,0.0
8706,264,0.0
8706,200,0.0
8706,189,0.0
8706,362,0.0
8706,17,0.0
8706,16,0.0
9572,119,0.0
9572,20,0.0
9572,399,0.0
9572,476,0.0
9572,264,0.0
9572,200,0.0
9572,189,0.0
9572,17,0.0
9572,16,0.0
9572,310,0.0
8685,20,0.0
8685,399,0.0
8685,476,0.0
8685,189,0.0
8685,17,0.0
8685,16,0.0
8685,310,0.0
8685,59,0.0
8685,94,0.0
8685,287,0.0
18194,119,0.0
18194,399,0.0
18194,476,0.0
18194,264,0.0
18194,200,0.0
18194,189,0.0
18194,362,0.0
18194,17,0.0
18194,16,0.0
18194,310,0.0
18177,119,0.0
18177,20,0.0
18177,399,0.0
18177,476,0.0
18177,264,0.0
18177,189,0.0
18177,362,0.0
18177,17,0.0
18177,16,0.0
18177,310,0.0
16678,119,0.0
16678,20,0.0
16678,399,0.0
16678,476,0.0
16678,264,0.0
16678,200,0.0
16678,189,0.0
16678,362,0.0
16678,17,0.0
16678,16,0.0
8418,119,0.0
8418,476,0.0
8418,17,0.0
8418,59,0.0
8418,94,0.0
8418,134,0.0
8418,78,0.0
8418,22,0.0
8418,255,0.0
8418,416,0.0
8435,20,0.0
8435,399,0.0
8435,476,0.0
8435,264,0.0
8435,200,0.0
8435,189,0.0
8435,362,0.0
8435,17,0.0
8435,16,0.0
8435,310,0.0
745,119,0.0
745,20,0.0
745,476,0.0
745,264,0.0
745,200,0.0
745,189,0.0
745,362,0.0
745,17,0.0
745,16,0.0
745,59,0.0
15416,119,0.0
15416,20,0.0
15416,399,0.0
15416,476,0.0
15416,264,0.0
15416,189,0.0
15416,362,0.0
15416,17,0.0
15416,16,0.0
15416,310,0.0
2702,119,0.0
2702,20,0.0
2702,476,0.0
2702,264,0.0
2702,200,0.0
2702,189,0.0
2702,362,0.0
2702,17,0.0
2702,16,0.0
2702,310,0.0
17788,119,0.0
17788,20,0.0
17788,399,0.0
17788,476,0.0
17788,264,0.0
17788,200,0.0
17788,189,0.0
17788,362,0.0
17788,17,0.0
17788,16,0.0
15362,119,0.0
15362,20,0.0
15362,399,0.0
15362,476,0.0
15362,264,0.0
15362,200,0.0
15362,189,0.0
15362,362,0.0
15362,17,0.0
15362,16,0.0
2693,119,0.0
2693,399,0.0
2693,476,0.0
2693,264,0.0
2693,200,0.0
2693,189,0.0
2693,362,0.0
2693,17,0.0
2693,16,0.0
2693,310,0.0
3089,119,0.0
3089,399,0.0
3089,476,0.0
3089,264,0.0
3089,200,0.0
3089,189,0.0
3089,362,0.0
3089,17,0.0
3089,16,0.0
3089,310,0.0
18318,119,0.0
18318,399,0.0
18318,476,0.0
18318,264,0.0
18318,200,0.0
18318,189,0.0
18318,362,0.0
18318,17,0.0
18318,16,0.0
18318,310,0.0
17777,399,0.0
17777,476,0.0
17777,189,0.0
17777,362,0.0
17777,17,0.0
17777,16,0.0
17777,59,0.0
17777,134,0.0
17777,284,0.0
17777,416,0.0
18752,119,0.0
18752,20,0.0
18752,476,0.0
18752,264,0.0
18752,200,0.0
18752,189,0.0
18752,362,0.0
18752,17,0.0
18752,16,0.0
18752,310,0.0
18108,119,0.0
18108,20,0.0
18108,399,0.0
18108,476,0.0
18108,200,0.0
18108,189,0.0
18108,362,0.0
18108,17,0.0
18108,16,0.0
18108,310,0.0
510,119,0.0
510,20,0.0
510,399,0.0
510,476,0.0
510,200,0.0
510,189,0.0
510,362,0.0
510,17,0.0
510,16,0.0
510,310,0.0
3891,119,0.0
3891,20,0.0
3891,399,0.0
3891,476,0.0
3891,264,0.0
3891,200,0.0
3891,189,0.0
3891,362,0.0
3891,17,0.0
3891,310,0.0
2694,119,0.0
2694,20,0.0
2694,399,0.0
2694,476,0.0
2694,200,0.0
2694,189,0.0
2694,362,0.0
2694,17,0.0
2694,16,0.0
2694,310,0.0
19108,119,0.0
19108,20,0.0
19108,399,0.0
19108,476,0.0
19108,200,0.0
19108,189,0.0
19108,362,0.0
19108,17,0.0
19108,16,0.0
19108,310,0.0
2573,119,0.0
2573,20,0.0
2573,399,0.0
2573,476,0.0
2573,264,0.0
2573,200,0.0
2573,189,0.0
2573,362,0.0
2573,17,0.0
2573,16,0.0
17771,399,0.0
17771,476,0.0
17771,264,0.0
17771,200,0.0
17771,189,0.0
17771,362,0.0
17771,17,0.0
17771,16,0.0
17771,310,0.0
17771,59,0.0
6346,119,0.0
6346,20,0.0
6346,399,0.0
6346,476,0.0
6346,264,0.0
6346,200,0.0
6346,189,0.0
6346,362,0.0
6346,17,0.0
6346,16,0.0
15398,20,0.0
15398,399,0.0
15398,476,0.0
15398,264,0.0
15398,200,0.0
15398,189,0.0
15398,362,0.0
15398,17,0.0
15398,16,0.0
15398,310,0.0
17798,20,0.0
17798,399,0.0
17798,476,0.0
17798,189,0.0
17798,362,0.0
17798,17,0.0
17798,16,0.0
17798,310,0.0
17798,59,0.0
17798,94,0.0
2998,119,0.0
2998,20,0.0
2998,399,0.0
2998,476,0.0
2998,264,0.0
2998,200,0.0
2998,189,0.0
2998,362,0.0
2998,17,0.0
2998,16,0.0
17790,119,0.0
17790,399,0.0
17790,476,0.0
17790,264,0.0
17790,189,0.0
17790,362,0.0
17790,17,0.0
17790,16,0.0
17790,310,0.0
17790,59,0.0
1147,119,0.0
1147,20,0.0
1147,399,0.0
1147,476,0.0
1147,264,0.0
1147,200,0.0
1147,189,0.0
1147,362,0.0
1147,17,0.0
1147,16,0.0
18357,119,0.0
18357,20,0.0
18357,476,0.0
18357,264,0.0
18357,200,0.0
18357,189,0.0
18357,362,0.0
18357,17,0.0
18357,16,0.0
18357,310,0.0
15543,399,0.0
15543,476,0.0
15543,264,0.0
15543,200,0.0
15543,189,0.0
15543,362,0.0
15543,17,0.0
15543,16,0.0
15543,310,0.0
15543,59,0.0
403,20,0.0
403,399,0.0
403,476,0.0
403,264,0.0
403,200,0.0
403,189,0.0
403,362,0.0
403,17,0.0
403,16,0.0
403,310,0.0
15517,119,0.0
15517,20,0.0
15517,399,0.0
15517,476,0.0
15517,264,0.0
15517,200,0.0
15517,189,0.0
15517,362,0.0
15517,17,0.0
15517,16,0.0
2987,119,0.0
2987,20,0.0
2987,476,0.0
2987,264,0.0
2987,189,0.0
2987,362,0.0
2987,17,0.0
2987,16,0.0
2987,310,0.0
2987,59,0.0
5504,119,0.0
5504,20,0.0
5504,399,0.0
5504,476,0.0
5504,264,0.0
5504,200,0.0
5504,189,0.0
5504,362,0.0
5504,17,0.0
5504,16,0.0
11469,119,0.0
11469,20,0.0
11469,399,0.0
11469,476,0.0
11469,264,0.0
11469,200,0.0
11469,189,0.0
11469,362,0.0
11469,17,0.0
11469,16,0.0
2994,399,0.0
2994,476,0.0
2994,264,0.0
2994,200,0.0
2994,189,0.0
2994,362,0.0
2994,17,0.0
2994,16,0.0
2994,310,0.0
2994,59,0.0
17802,119,0.0
17802,476,0.0
17802,264,0.0
17802,200,0.0
17802,189,0.0
17802,362,0.0
17802,17,0.0
17802,16,0.0
17802,310,0.0
17802,59,0.0
13583,119,0.0
13583,20,0.0
13583,399,0.0
13583,476,0.0
13583,200,0.0
13583,189,0.0
13583,362,0.0
13583,17,0.0
13583,16,0.0
13583,310,0.0
2986,119,0.0
2986,20,0.0
2986,476,0.0
2986,264,0.0
2986,200,0.0
2986,189,0.0
2986,362,0.0
2986,17,0.0
2986,16,0.0
2986,310,0.0
8395,476,0.0
8395,264,0.0
8395,200,0.0
8395,189,0.0
8395,362,0.0
8395,17,0.0
8395,310,0.0
8395,59,0.0
8395,94,0.0
8395,134,0.0
2423,119,0.0
2423,20,0.0
2423,399,0.0
2423,476,0.0
2423,264,0.0
2423,200,0.0
2423,189,0.0
2423,362,0.0
2423,17,0.0
2423,16,0.0
15338,119,0.0
15338,20,0.0
15338,476,0.0
15338,264,0.0
15338,200,0.0
15338,189,0.0
15338,362,0.0
15338,17,0.0
15338,16,0.0
15338,310,0.0
9636,119,0.0
9636,399,0.0
9636,476,0.0
9636,264,0.0
9636,200,0.0
9636,189,0.0
9636,362,0.0
9636,17,0.0
9636,16,0.0
9636,310,0.0
511,119,0.0
511,476,0.0
511,264,0.0
511,189,0.0
511,362,0.0
511,17,0.0
511,16,0.0
511,310,0.0
511,59,0.0
511,94,0.0
18675,20,0.0
18675,399,0.0
18675,476,0.0
18675,264,0.0
18675,200,0.0
18675,189,0.0
18675,362,0.0
18675,17,0.0
18675,16,0.0
18675,310,0.0
17818,119,0.0
17818,20,0.0
17818,476,0.0
17818,200,0.0
17818,189,0.0
17818,362,0.0
17818,17,0.0
17818,16,0.0
17818,310,0.0
17818,59,0.0
1324,119,0.0
1324,20,0.0
1324,399,0.0
1324,476,0.0
1324,264,0.0
1324,189,0.0
1324,362,0.0
1324,17,0.0
1324,16,0.0
1324,310,0.0
512,119,0.0
512,20,0.0
512,476,0.0
512,264,0.0
512,200,0.0
512,189,0.0
512,362,0.0
512,17,0.0
512,16,0.0
512,310,0.0
12055,119,0.0
12055,399,0.0
12055,476,0.0
12055,264,0.0
12055,200,0.0
12055,189,0.0
12055,362,0.0
12055,17,0.0
12055,16,0.0
12055,310,0.0
9638,119,0.0
9638,20,0.0
9638,399,0.0
9638,476,0.0
9638,264,0.0
9638,200,0.0
9638,189,0.0
9638,362,0.0
9638,17,0.0
9638,16,0.0
19346,20,0.0
19346,399,0.0
19346,476,0.0
19346,264,0.0
19346,189,0.0
19346,362,0.0
19346,17,0.0
19346,16,0.0
19346,310,0.0
19346,59,0.0
17793,119,0.0
17793,399,0.0
17793,476,0.0
17793,264,0.0
17793,200,0.0
17793,189,0.0
17793,362,0.0
17793,17,0.0
17793,16,0.0
17793,310,0.0
19308,119,0.0
19308,20,0.0
19308,399,0.0
19308,476,0.0
19308,264,0.0
19308,200,0.0
19308,189,0.0
19308,362,0.0
19308,17,0.0
19308,16,0.0
1326,119,0.0
1326,399,0.0
1326,476,0.0
1326,200,0.0
1326,189,0.0
1326,362,0.0
1326,17,0.0
1326,16,0.0
1326,310,0.0
1326,59,0.0
8540,119,0.0
8540,20,0.0
8540,399,0.0
8540,476,0.0
8540,264,0.0
8540,200,0.0
8540,189,0.0
8540,362,0.0
8540,17,0.0
8540,16,0.0
157,119,0.0
157,399,0.0
157,476,0.0
157,264,0.0
157,200,0.0
157,189,0.0
157,362,0.0
157,17,0.0
157,16,0.0
157,310,0.0
2688,119,0.0
2688,20,0.0
2688,399,0.0
2688,476,0.0
2688,200,0.0
2688,189,0.0
2688,362,0.0
2688,17,0.0
2688,16,0.0
2688,310,0.0
10298,119,0.0
10298,20,0.0
10298,399,0.0
10298,476,0.0
10298,264,0.0
10298,200,0.0
10298,189,0.0
10298,362,0.0
10298,17,0.0
10298,16,0.0
1123,119,0.0
1123,20,0.0
1123,399,0.0
1123,476,0.0
1123,264,0.0
1123,200,0.0
1123,189,0.0
1123,362,0.0
1123,17,0.0
1123,16,0.0
1136,119,0.0
1136,399,0.0
1136,476,0.0
1136,264,0.0
1136,200,0.0
1136,189,0.0
1136,362,0.0
1136,17,0.0
1136,16,0.0
1136,310,0.0
1124,119,0.0
1124,20,0.0
1124,476,0.0
1124,264,0.0
1124,200,0.0
1124,189,0.0
1124,362,0.0
1124,17,0.0
1124,16,0.0
1124,310,0.0
352,119,0.0
352,399,0.0
352,476,0.0
352,264,0.0
352,200,0.0
352,189,0.0
352,362,0.0
352,17,0.0
352,310,0.0
352,59,0.0
8422,476,0.0
8422,264,0.0
8422,189,0.0
8422,362,0.0
8422,17,0.0
8422,16,0.0
8422,310,0.0
8422,59,0.0
8422,94,0.0
8422,287,0.0
2993,119,0.0
2993,20,0.0
2993,399,0.0
2993,476,0.0
2993,264,0.0
2993,189,0.0
2993,362,0.0
2993,17,0.0
2993,16,0.0
2993,310,0.0
8539,119,0.0
8539,20,0.0
8539,399,0.0
8539,476,0.0
8539,264,0.0
8539,200,0.0
8539,189,0.0
8539,362,0.0
8539,17,0.0
8539,16,0.0
13511,119,0.0
13511,20,0.0
13511,476,0.0
13511,264,0.0
13511,200,0.0
13511,189,0.0
13511,362,0.0
13511,17,0.0
13511,16,0.0
13511,310,0.0
2689,119,0.0
2689,20,0.0
2689,476,0.0
2689,264,0.0
2689,200,0.0
2689,189,0.0
2689,362,0.0
2689,17,0.0
2689,16,0.0
2689,310,0.0
16633,119,0.0
16633,20,0.0
16633,399,0.0
16633,476,0.0
16633,264,0.0
16633,200,0.0
16633,189,0.0
16633,362,0.0
16633,17,0.0
16633,16,0.0
19347,119,0.0
19347,20,0.0
19347,399,0.0
19347,476,0.0
19347,264,0.0
19347,200,0.0
19347,189,0.0
19347,362,0.0
19347,17,0.0
19347,16,0.0
19312,119,0.0
19312,20,0.0
19312,399,0.0
19312,476,0.0
19312,264,0.0
19312,200,0.0
19312,189,0.0
19312,362,0.0
19312,17,0.0
19312,16,0.0
18105,119,0.0
18105,20,0.0
18105,399,0.0
18105,476,0.0
18105,264,0.0
18105,200,0.0
18105,189,0.0
18105,362,0.0
18105,17,0.0
18105,16,0.0
4073,119,0.0
4073,20,0.0
4073,399,0.0
4073,476,0.0
4073,264,0.0
4073,200,0.0
4073,189,0.0
4073,362,0.0
4073,17,0.0
4073,16,0.0
17778,20,0.0
17778,399,0.0
17778,476,0.0
17778,264,0.0
17778,200,0.0
17778,189,0.0
17778,362,0.0
17778,17,0.0
17778,16,0.0
17778,310,0.0
18669,399,0.0
18669,476,0.0
18669,200,0.0
18669,189,0.0
18669,362,0.0
18669,17,0.0
18669,16,0.0
18669,310,0.0
18669,59,0.0
18669,94,0.0
4105,119,0.0
4105,20,0.0
4105,399,0.0
4105,476,0.0
4105,264,0.0
4105,200,0.0
4105,189,0.0
4105,362,0.0
4105,17,0.0
4105,16,0.0
358,119,0.0
358,20,0.0
358,399,0.0
358,476,0.0
358,264,0.0
358,189,0.0
358,362,0.0
358,17,0.0
358,16,0.0
358,310,0.0
1047,119,0.0
1047,20,0.0
1047,399,0.0
1047,476,0.0
1047,264,0.0
1047,200,0.0
1047,189,0.0
1047,362,0.0
1047,17,0.0
1047,16,0.0
15342,119,0.0
15342,399,0.0
15342,476,0.0
15342,200,0.0
15342,189,0.0
15342,362,0.0
15342,17,0.0
15342,16,0.0
15342,310,0.0
15342,59,0.0
516,476,0.0
516,200,0.0
516,362,0.0
516,17,0.0
516,59,0.0
516,134,0.0
516,78,0.0
516,22,0.0
516,255,0.0
516,284,0.0
4638,119,0.0
4638,399,0.0
4638,476,0.0
4638,200,0.0
4638,189,0.0
4638,362,0.0
4638,17,0.0
4638,16,0.0
4638,310,0.0
4638,59,0.0
19107,119,0.0
19107,20,0.0
19107,476,0.0
19107,264,0.0
19107,200,0.0
19107,189,0.0
19107,362,0.0
19107,17,0.0
19107,16,0.0
19107,310,0.0
14253,119,0.0
14253,20,0.0
14253,399,0.0
14253,476,0.0
14253,200,0.0
14253,189,0.0
14253,362,0.0
14253,17,0.0
14253,16,0.0
14253,310,0.0
14905,119,0.0
14905,20,0.0
14905,399,0.0
14905,476,0.0
14905,264,0.0
14905,200,0.0
14905,189,0.0
14905,362,0.0
14905,17,0.0
14905,16,0.0
10289,119,0.0
10289,20,0.0
10289,399,0.0
10289,476,0.0
10289,200,0.0
10289,189,0.0
10289,362,0.0
10289,17,0.0
10289,16,0.0
10289,310,0.0
12841,119,0.0
12841,476,0.0
12841,264,0.0
12841,200,0.0
12841,189,0.0
12841,362,0.0
12841,17,0.0
12841,16,0.0
12841,310,0.0
12841,59,0.0
3281,119,0.0
3281,20,0.0
3281,399,0.0
3281,476,0.0
3281,264,0.0
3281,189,0.0
3281,362,0.0
3281,17,0.0
3281,16,0.0
3281,310,0.0
17097,119,0.0
17097,20,0.0
17097,399,0.0
17097,476,0.0
17097,264,0.0
17097,200,0.0
17097,189,0.0
17097,362,0.0
17097,17,0.0
17097,16,0.0
8538,119,0.0
8538,20,0.0
8538,399,0.0
8538,476,0.0
8538,264,0.0
8538,200,0.0
8538,189,0.0
8538,362,0.0
8538,17,0.0
8538,16,0.0
4162,119,0.0
4162,20,0.0
4162,399,0.0
4162,476,0.0
4162,264,0.0
4162,200,0.0
4162,189,0.0
4162,362,0.0
4162,17,0.0
4162,16,0.0
8118,119,0.0
8118,20,0.0
8118,399,0.0
8118,476,0.0
8118,200,0.0
8118,189,0.0
8118,362,0.0
8118,17,0.0
8118,16,0.0
8118,310,0.0
3888,119,0.0
3888,20,0.0
3888,399,0.0
3888,476,0.0
3888,200,0.0
3888,189,0.0
3888,362,0.0
3888,17,0.0
3888,16,0.0
3888,310,0.0
3869,119,0.0
3869,20,0.0
3869,476,0.0
3869,264,0.0
3869,200,0.0
3869,189,0.0
3869,362,0.0
3869,17,0.0
3869,16,0.0
3869,310,0.0
15232,119,0.0
15232,20,0.0
15232,399,0.0
15232,476,0.0
15232,264,0.0
15232,200,0.0
15232,189,0.0
15232,362,0.0
15232,17,0.0
15232,16,0.0
9635,119,0.0
9635,20,0.0
9635,399,0.0
9635,476,0.0
9635,264,0.0
9635,200,0.0
9635,189,0.0
9635,362,0.0
9635,17,0.0
9635,16,0.0
19104,119,0.0
19104,20,0.0
19104,399,0.0
19104,476,0.0
19104,264,0.0
19104,200,0.0
19104,189,0.0
19104,362,0.0
19104,17,0.0
19104,16,0.0
17803,476,0.0
17803,264,0.0
17803,200,0.0
17803,189,0.0
17803,362,0.0
17803,17,0.0
17803,16,0.0
17803,310,0.0
17803,59,0.0
17803,94,0.0
17810,119,0.0
17810,20,0.0
17810,399,0.0
17810,476,0.0
17810,264,0.0
17810,189,0.0
17810,362,0.0
17810,17,0.0
17810,310,0.0
17810,59,0.0
17807,119,0.0
17807,20,0.0
17807,399,0.0
17807,476,0.0
17807,264,0.0
17807,200,0.0
17807,189,0.0
17807,362,0.0
17807,17,0.0
17807,16,0.0
17808,119,0.0
17808,20,0.0
17808,399,0.0
17808,476,0.0
17808,264,0.0
17808,200,0.0
17808,189,0.0
17808,362,0.0
17808,17,0.0
17808,16,0.0
8290,20,0.0
8290,399,0.0
8290,476,0.0
8290,264,0.0
8290,200,0.0
8290,189,0.0
8290,362,0.0
8290,17,0.0
8290,16,0.0
8290,310,0.0
18670,20,0.0
18670,399,0.0
18670,476,0.0
18670,264,0.0
18670,200,0.0
18670,189,0.0
18670,362,0.0
18670,17,0.0
18670,16,0.0
18670,310,0.0
18674,20,0.0
18674,399,0.0
18674,476,0.0
18674,189,0.0
18674,362,0.0
18674,17,0.0
18674,16,0.0
18674,310,0.0
18674,59,0.0
18674,94,0.0
9640,20,0.0
9640,399,0.0
9640,476,0.0
9640,264,0.0
9640,200,0.0
9640,189,0.0
9640,362,0.0
9640,17,0.0
9640,16,0.0
9640,310,0.0
16888,119,0.0
16888,20,0.0
16888,399,0.0
16888,476,0.0
16888,264,0.0
16888,200,0.0
16888,189,0.0
16888,362,0.0
16888,17,0.0
16888,16,0.0
42,119,0.0
42,20,0.0
42,476,0.0
42,264,0.0
42,200,0.0
42,189,0.0
42,362,0.0
42,17,0.0
42,16,0.0
42,310,0.0
17018,119,0.0
17018,476,0.0
17018,264,0.0
17018,189,0.0
17018,362,0.0
17018,17,0.0
17018,16,0.0
17018,59,0.0
17018,287,0.0
17018,134,0.0
17009,119,0.0
17009,20,0.0
17009,399,0.0
17009,476,0.0
17009,264,0.0
17009,200,0.0
17009,189,0.0
17009,362,0.0
17009,17,0.0
17009,16,0.0
17015,119,0.0
17015,20,0.0
17015,476,0.0
17015,264,0.0
17015,200,0.0
17015,189,0.0
17015,362,0.0
17015,17,0.0
17015,16,0.0
17015,310,0.0
17012,119,0.0
17012,20,0.0
17012,476,0.0
17012,264,0.0
17012,200,0.0
17012,189,0.0
17012,362,0.0
17012,17,0.0
17012,16,0.0
17012,310,0.0
15335,119,0.0
15335,399,0.0
15335,476,0.0
15335,264,0.0
15335,189,0.0
15335,362,0.0
15335,17,0.0
15335,16,0.0
15335,310,0.0
15335,59,0.0
17801,119,0.0
17801,20,0.0
17801,399,0.0
17801,476,0.0
17801,264,0.0
17801,200,0.0
17801,189,0.0
17801,362,0.0
17801,17,0.0
17801,16,0.0
11208,119,0.0
11208,20,0.0
11208,399,0.0
11208,476,0.0
11208,264,0.0
11208,200,0.0
11208,189,0.0
11208,362,0.0
11208,17,0.0
11208,16,0.0
17791,119,0.0
17791,20,0.0
17791,399,0.0
17791,476,0.0
17791,200,0.0
17791,189,0.0
17791,362,0.0
17791,17,0.0
17791,16,0.0
17791,310,0.0
10272,119,0.0
10272,20,0.0
10272,399,0.0
10272,476,0.0
10272,264,0.0
10272,200,0.0
10272,189,0.0
10272,362,0.0
10272,17,0.0
10272,16,0.0
15034,119,0.0
15034,20,0.0
15034,399,0.0
15034,476,0.0
15034,264,0.0
15034,189,0.0
15034,362,0.0
15034,17,0.0
15034,310,0.0
15034,59,0.0
3224,119,0.0
3224,399,0.0
3224,476,0.0
3224,264,0.0
3224,200,0.0
3224,189,0.0
3224,362,0.0
3224,17,0.0
3224,16,0.0
3224,310,0.0
1046,119,0.0
1046,399,0.0
1046,476,0.0
1046,200,0.0
1046,189,0.0
1046,362,0.0
1046,17,0.0
1046,16,0.0
1046,59,0.0
1046,94,0.0
3885,119,0.0
3885,20,0.0
3885,399,0.0
3885,476,0.0
3885,264,0.0
3885,200,0.0
3885,189,0.0
3885,362,0.0
3885,17,0.0
3885,16,0.0
17005,119,0.0
17005,20,0.0
17005,399,0.0
17005,476,0.0
17005,264,0.0
17005,200,0.0
17005,189,0.0
17005,362,0.0
17005,17,0.0
17005,16,0.0
17013,119,0.0
17013,20,0.0
17013,399,0.0
17013,476,0.0
17013,264,0.0
17013,200,0.0
17013,189,0.0
17013,362,0.0
17013,17,0.0
17013,16,0.0
16285,119,0.0
16285,20,0.0
16285,399,0.0
16285,476,0.0
16285,264,0.0
16285,200,0.0
16285,189,0.0
16285,362,0.0
16285,17,0.0
16285,16,0.0
15061,119,0.0
15061,20,0.0
15061,399,0.0
15061,476,0.0
15061,264,0.0
15061,200,0.0
15061,189,0.0
15061,362,0.0
15061,17,0.0
15061,16,0.0
17782,20,0.0
17782,399,0.0
17782,476,0.0
17782,264,0.0
17782,200,0.0
17782,189,0.0
17782,362,0.0
17782,17,0.0
17782,16,0.0
17782,310,0.0
11847,476,0.0
11847,200,0.0
11847,189,0.0
11847,362,0.0
11847,17,0.0
11847,16,0.0
11847,59,0.0
11847,94,0.0
11847,134,0.0
11847,79,0.0
17784,119,0.0
17784,399,0.0
17784,476,0.0
17784,264,0.0
17784,200,0.0
17784,189,0.0
17784,362,0.0
17784,17,0.0
17784,16,0.0
17784,310,0.0
15663,119,0.0
15663,20,0.0
15663,399,0.0
15663,476,0.0
15663,200,0.0
15663,189,0.0
15663,362,0.0
15663,17,0.0
15663,16,0.0
15663,310,0.0
2651,119,0.0
2651,399,0.0
2651,476,0.0
2651,264,0.0
2651,200,0.0
2651,189,0.0
2651,362,0.0
2651,17,0.0
2651,16,0.0
2651,310,0.0
8623,476,0.0
8623,264,0.0
8623,200,0.0
8623,189,0.0
8623,362,0.0
8623,17,0.0
8623,16,0.0
8623,310,0.0
8623,59,0.0
8623,94,0.0
7925,119,0.0
7925,476,0.0
7925,200,0.0
7925,189,0.0
7925,362,0.0
7925,17,0.0
7925,16,0.0
7925,310,0.0
7925,59,0.0
7925,94,0.0
15334,119,0.0
15334,399,0.0
15334,476,0.0
15334,264,0.0
15334,189,0.0
15334,362,0.0
15334,17,0.0
15334,16,0.0
15334,310,0.0
15334,59,0.0
17022,119,0.0
17022,20,0.0
17022,399,0.0
17022,476,0.0
17022,200,0.0
17022,189,0.0
17022,362,0.0
17022,17,0.0
17022,16,0.0
17022,310,0.0
6347,119,0.0
6347,20,0.0
6347,476,0.0
6347,200,0.0
6347,189,0.0
6347,362,0.0
6347,17,0.0
6347,16,0.0
6347,310,0.0
6347,59,0.0
11209,119,0.0
11209,20,0.0
11209,399,0.0
11209,476,0.0
11209,264,0.0
11209,200,0.0
11209,189,0.0
11209,362,0.0
11209,17,0.0
11209,16,0.0
17772,119,0.0
17772,20,0.0
17772,399,0.0
17772,476,0.0
17772,264,0.0
17772,200,0.0
17772,189,0.0
17772,362,0.0
17772,17,0.0
17772,16,0.0
18111,119,0.0
18111,20,0.0
18111,476,0.0
18111,264,0.0
18111,200,0.0
18111,189,0.0
18111,362,0.0
18111,17,0.0
18111,16,0.0
18111,310,0.0
18678,20,0.0
18678,399,0.0
18678,476,0.0
18678,264,0.0
18678,200,0.0
18678,189,0.0
18678,362,0.0
18678,17,0.0
18678,16,0.0
18678,310,0.0
15993,119,0.0
15993,20,0.0
15993,399,0.0
15993,476,0.0
15993,264,0.0
15993,200,0.0
15993,189,0.0
15993,362,0.0
15993,17,0.0
15993,16,0.0
11609,119,0.0
11609,20,0.0
11609,476,0.0
11609,264,0.0
11609,200,0.0
11609,189,0.0
11609,362,0.0
11609,17,0.0
11609,16,0.0
11609,310,0.0
2456,119,0.0
2456,20,0.0
2456,399,0.0
2456,476,0.0
2456,264,0.0
2456,200,0.0
2456,189,0.0
2456,362,0.0
2456,17,0.0
2456,16,0.0
9639,119,0.0
9639,20,0.0
9639,399,0.0
9639,476,0.0
9639,264,0.0
9639,200,0.0
9639,189,0.0
9639,362,0.0
9639,17,0.0
9639,310,0.0
9641,119,0.0
9641,20,0.0
9641,399,0.0
9641,476,0.0
9641,264,0.0
9641,200,0.0
9641,189,0.0
9641,362,0.0
9641,17,0.0
9641,310,0.0
17006,119,0.0
17006,20,0.0
17006,399,0.0
17006,476,0.0
17006,200,0.0
17006,189,0.0
17006,362,0.0
17006,17,0.0
17006,16,0.0
17006,310,0.0
9634,119,0.0
9634,20,0.0
9634,399,0.0
9634,476,0.0
9634,264,0.0
9634,200,0.0
9634,189,0.0
9634,362,0.0
9634,17,0.0
9634,16,0.0
15991,119,0.0
15991,20,0.0
15991,399,0.0
15991,476,0.0
15991,264,0.0
15991,200,0.0
15991,189,0.0
15991,362,0.0
15991,17,0.0
15991,16,0.0
11608,119,0.0
11608,399,0.0
11608,476,0.0
11608,200,0.0
11608,189,0.0
11608,362,0.0
11608,17,0.0
11608,16,0.0
11608,59,0.0
11608,94,0.0
3011,119,0.0
3011,20,0.0
3011,476,0.0
3011,264,0.0
3011,200,0.0
3011,189,0.0
3011,362,0.0
3011,17,0.0
3011,16,0.0
3011,310,0.0
8429,119,0.0
8429,399,0.0
8429,476,0.0
8429,200,0.0
8429,189,0.0
8429,362,0.0
8429,17,0.0
8429,16,0.0
8429,310,0.0
8429,59,0.0
15992,119,0.0
15992,20,0.0
15992,399,0.0
15992,476,0.0
15992,200,0.0
15992,189,0.0
15992,362,0.0
15992,17,0.0
15992,16,0.0
15992,310,0.0
17820,119,0.0
17820,20,0.0
17820,476,0.0
17820,200,0.0
17820,189,0.0
17820,362,0.0
17820,17,0.0
17820,16,0.0
17820,310,0.0
17820,59,0.0
79,119,0.0
79,20,0.0
79,476,0.0
79,200,0.0
79,189,0.0
79,362,0.0
79,17,0.0
79,16,0.0
79,310,0.0
79,59,0.0
17779,20,0.0
17779,399,0.0
17779,476,0.0
17779,200,0.0
17779,189,0.0
17779,362,0.0
17779,17,0.0
17779,16,0.0
17779,59,0.0
17779,94,0.0
2686,119,0.0
2686,20,0.0
2686,399,0.0
2686,476,0.0
2686,264,0.0
2686,200,0.0
2686,189,0.0
2686,17,0.0
2686,16,0.0
2686,310,0.0
10251,20,0.0
10251,399,0.0
10251,476,0.0
10251,264,0.0
10251,200,0.0
10251,189,0.0
10251,362,0.0
10251,17,0.0
10251,16,0.0
10251,310,0.0
18954,119,0.0
18954,399,0.0
18954,476,0.0
18954,264,0.0
18954,189,0.0
18954,362,0.0
18954,17,0.0
18954,16,0.0
18954,310,0.0
18954,59,0.0
11611,20,0.0
11611,399,0.0
11611,476,0.0
11611,264,0.0
11611,189,0.0
11611,362,0.0
11611,17,0.0
11611,16,0.0
11611,310,0.0
11611,59,0.0
1435,119,0.0
1435,399,0.0
1435,476,0.0
1435,264,0.0
1435,200,0.0
1435,189,0.0
1435,362,0.0
1435,17,0.0
1435,16,0.0
1435,310,0.0
1437,119,0.0
1437,399,0.0
1437,476,0.0
1437,200,0.0
1437,189,0.0
1437,362,0.0
1437,17,0.0
1437,16,0.0
1437,310,0.0
1437,59,0.0
15231,119,0.0
15231,20,0.0
15231,399,0.0
15231,476,0.0
15231,264,0.0
15231,200,0.0
15231,189,0.0
15231,362,0.0
15231,17,0.0
15231,16,0.0
1125,119,0.0
1125,20,0.0
1125,399,0.0
1125,476,0.0
1125,264,0.0
1125,200,0.0
1125,189,0.0
1125,362,0.0
1125,17,0.0
1125,16,0.0
17014,119,0.0
17014,20,0.0
17014,399,0.0
17014,476,0.0
17014,264,0.0
17014,200,0.0
17014,189,0.0
17014,362,0.0
17014,17,0.0
17014,16,0.0
11613,476,0.0
11613,200,0.0
11613,189,0.0
11613,362,0.0
11613,17,0.0
11613,16,0.0
11613,310,0.0
11613,59,0.0
11613,94,0.0
11613,287,0.0
41,119,0.0
41,20,0.0
41,476,0.0
41,264,0.0
41,200,0.0
41,189,0.0
41,362,0.0
41,17,0.0
41,16,0.0
41,310,0.0
8421,476,0.0
8421,200,0.0
8421,189,0.0
8421,362,0.0
8421,17,0.0
8421,16,0.0
8421,59,0.0
8421,94,0.0
8421,134,0.0
8421,79,0.0
1327,119,0.0
1327,20,0.0
1327,476,0.0
1327,264,0.0
1327,200,0.0
1327,189,0.0
1327,362,0.0
1327,17,0.0
1327,16,0.0
1327,310,0.0
174,119,0.0
174,20,0.0
174,399,0.0
174,476,0.0
174,264,0.0
174,200,0.0
174,189,0.0
174,17,0.0
174,16,0.0
174,310,0.0
13983,119,0.0
13983,20,0.0
13983,399,0.0
13983,476,0.0
13983,189,0.0
13983,362,0.0
13983,17,0.0
13983,16,0.0
13983,310,0.0
13983,59,0.0
13986,119,0.0
13986,20,0.0
13986,399,0.0
13986,476,0.0
13986,264,0.0
13986,200,0.0
13986,189,0.0
13986,362,0.0
13986,17,0.0
13986,16,0.0
744,20,0.0
744,399,0.0
744,476,0.0
744,264,0.0
744,200,0.0
744,189,0.0
744,362,0.0
744,17,0.0
744,16,0.0
744,310,0.0
11207,119,0.0
11207,20,0.0
11207,399,0.0
11207,476,0.0
11207,264,0.0
11207,200,0.0
11207,189,0.0
11207,362,0.0
11207,17,0.0
11207,16,0.0
13985,119,0.0
13985,399,0.0
13985,476,0.0
13985,200,0.0
13985,189,0.0
13985,362,0.0
13985,17,0.0
13985,16,0.0
13985,310,0.0
13985,59,0.0
14343,119,0.0
14343,20,0.0
14343,399,0.0
14343,476,0.0
14343,264,0.0
14343,200,0.0
14343,189,0.0
14343,362,0.0
14343,17,0.0
14343,16,0.0
18680,119,0.0
18680,399,0.0
18680,476,0.0
18680,264,0.0
18680,189,0.0
18680,362,0.0
18680,17,0.0
18680,16,0.0
18680,310,0.0
18680,59,0.0
18681,119,0.0
18681,399,0.0
18681,476,0.0
18681,189,0.0
18681,362,0.0
18681,17,0.0
18681,16,0.0
18681,310,0.0
18681,59,0.0
18681,94,0.0
1476,119,0.0
1476,20,0.0
1476,399,0.0
1476,476,0.0
1476,200,0.0
1476,189,0.0
1476,362,0.0
1476,17,0.0
1476,16,0.0
1476,310,0.0
17775,20,0.0
17775,476,0.0
17775,200,0.0
17775,189,0.0
17775,362,0.0
17775,17,0.0
17775,16,0.0
17775,310,0.0
17775,59,0.0
17775,94,0.0
17822,119,0.0
17822,20,0.0
17822,399,0.0
17822,476,0.0
17822,264,0.0
17822,200,0.0
17822,189,0.0
17822,362,0.0
17822,17,0.0
17822,16,0.0
13981,119,0.0
13981,476,0.0
13981,264,0.0
13981,200,0.0
13981,189,0.0
13981,362,0.0
13981,17,0.0
13981,16,0.0
13981,310,0.0
13981,59,0.0
3134,119,0.0
3134,20,0.0
3134,399,0.0
3134,476,0.0
3134,264,0.0
3134,189,0.0
3134,362,0.0
3134,17,0.0
3134,16,0.0
3134,310,0.0
19106,476,0.0
19106,200,0.0
19106,189,0.0
19106,17,0.0
19106,16,0.0
19106,310,0.0
19106,59,0.0
19106,94,0.0
19106,287,0.0
19106,134,0.0
13980,119,0.0
13980,20,0.0
13980,399,0.0
13980,476,0.0
13980,264,0.0
13980,200,0.0
13980,189,0.0
13980,362,0.0
13980,17,0.0
13980,16,0.0
8625,119,0.0
8625,399,0.0
8625,476,0.0
8625,264,0.0
8625,200,0.0
8625,189,0.0
8625,362,0.0
8625,17,0.0
8625,16,0.0
8625,310,0.0
3828,119,0.0
3828,20,0.0
3828,399,0.0
3828,476,0.0
3828,264,0.0
3828,200,0.0
3828,189,0.0
3828,362,0.0
3828,17,0.0
3828,16,0.0
17800,119,0.0
17800,20,0.0
17800,399,0.0
17800,476,0.0
17800,200,0.0
17800,189,0.0
17800,362,0.0
17800,17,0.0
17800,16,0.0
17800,310,0.0
7649,476,0.0
7649,264,0.0
7649,200,0.0
7649,189,0.0
7649,362,0.0
7649,17,0.0
7649,16,0.0
7649,310,0.0
7649,59,0.0
7649,94,0.0
17010,119,0.0
17010,20,0.0
17010,399,0.0
17010,476,0.0
17010,264,0.0
17010,200,0.0
17010,189,0.0
17010,362,0.0
17010,17,0.0
17010,16,0.0
11470,119,0.0
11470,20,0.0
11470,399,0.0
11470,476,0.0
11470,264,0.0
11470,200,0.0
11470,189,0.0
11470,362,0.0
11470,17,0.0
11470,16,0.0
3829,119,0.0
3829,20,0.0
3829,399,0.0
3829,476,0.0
3829,264,0.0
3829,200,0.0
3829,189,0.0
3829,362,0.0
3829,17,0.0
3829,16,0.0
10250,20,0.0
10250,399,0.0
10250,476,0.0
10250,264,0.0
10250,200,0.0
10250,189,0.0
10250,362,0.0
10250,17,0.0
10250,16,0.0
10250,310,0.0
11610,119,0.0
11610,399,0.0
11610,476,0.0
11610,264,0.0
11610,200,0.0
11610,189,0.0
11610,362,0.0
11610,17,0.0
11610,16,0.0
11610,310,0.0
17780,476,0.0
17780,189,0.0
17780,362,0.0
17780,17,0.0
17780,16,0.0
17780,310,0.0
17780,59,0.0
17780,94,0.0
17780,134,0.0
17780,79,0.0
17672,119,0.0
17672,399,0.0
17672,476,0.0
17672,264,0.0
17672,200,0.0
17672,189,0.0
17672,362,0.0
17672,17,0.0
17672,16,0.0
17672,310,0.0
515,119,0.0
515,399,0.0
515,476,0.0
515,264,0.0
515,200,0.0
515,189,0.0
515,362,0.0
515,17,0.0
515,16,0.0
515,310,0.0
513,119,0.0
513,20,0.0
513,399,0.0
513,476,0.0
513,264,0.0
513,200,0.0
513,189,0.0
513,362,0.0
513,17,0.0
513,16,0.0
1328,119,0.0
1328,399,0.0
1328,476,0.0
1328,264,0.0
1328,200,0.0
1328,189,0.0
1328,362,0.0
1328,17,0.0
1328,16,0.0
1328,310,0.0
18676,119,0.0
18676,399,0.0
18676,476,0.0
18676,200,0.0
18676,189,0.0
18676,362,0.0
18676,17,0.0
18676,16,0.0
18676,59,0.0
18676,94,0.0
17785,119,0.0
17785,20,0.0
17785,399,0.0
17785,476,0.0
17785,189,0.0
17785,362,0.0
17785,17,0.0
17785,16,0.0
17785,310,0.0
17785,59,0.0
1325,119,0.0
1325,20,0.0
1325,399,0.0
1325,476,0.0
1325,264,0.0
1325,200,0.0
1325,189,0.0
1325,362,0.0
1325,17,0.0
1325,16,0.0
17786,119,0.0
17786,399,0.0
17786,476,0.0
17786,200,0.0
17786,189,0.0
17786,362,0.0
17786,17,0.0
17786,310,0.0
17786,59,0.0
17786,94,0.0
8622,119,0.0
8622,399,0.0
8622,476,0.0
8622,264,0.0
8622,200,0.0
8622,189,0.0
8622,362,0.0
8622,17,0.0
8622,16,0.0
8622,59,0.0
17008,119,0.0
17008,399,0.0
17008,476,0.0
17008,264,0.0
17008,200,0.0
17008,189,0.0
17008,362,0.0
17008,17,0.0
17008,16,0.0
17008,310,0.0
17017,119,0.0
17017,399,0.0
17017,476,0.0
17017,264,0.0
17017,200,0.0
17017,189,0.0
17017,362,0.0
17017,17,0.0
17017,16,0.0
17017,310,0.0
65,119,0.0
65,20,0.0
65,399,0.0
65,476,0.0
65,264,0.0
65,200,0.0
65,189,0.0
65,362,0.0
65,17,0.0
65,16,0.0
13984,119,0.0
13984,399,0.0
13984,476,0.0
13984,264,0.0
13984,200,0.0
13984,189,0.0
13984,362,0.0
13984,17,0.0
13984,16,0.0
13984,310,0.0
9487,20,0.0
9487,399,0.0
9487,476,0.0
9487,264,0.0
9487,200,0.0
9487,189,0.0
9487,362,0.0
9487,17,0.0
9487,16,0.0
9487,310,0.0
9637,119,0.0
9637,20,0.0
9637,399,0.0
9637,476,0.0
9637,264,0.0
9637,200,0.0
9637,189,0.0
9637,362,0.0
9637,17,0.0
9637,16,0.0
18110,119,0.0
18110,399,0.0
18110,476,0.0
18110,264,0.0
18110,200,0.0
18110,189,0.0
18110,362,0.0
18110,17,0.0
18110,16,0.0
18110,310,0.0
17019,119,0.0
17019,399,0.0
17019,476,0.0
17019,200,0.0
17019,189,0.0
17019,362,0.0
17019,17,0.0
17019,16,0.0
17019,310,0.0
17019,59,0.0
8537,119,0.0
8537,20,0.0
8537,476,0.0
8537,264,0.0
8537,200,0.0
8537,189,0.0
8537,362,0.0
8537,17,0.0
8537,16,0.0
8537,310,0.0
13987,119,0.0
13987,20,0.0
13987,399,0.0
13987,476,0.0
13987,264,0.0
13987,200,0.0
13987,189,0.0
13987,362,0.0
13987,17,0.0
13987,16,0.0
3883,119,0.0
3883,399,0.0
3883,476,0.0
3883,200,0.0
3883,189,0.0
3883,362,0.0
3883,17,0.0
3883,16,0.0
3883,310,0.0
3883,59,0.0
4520,20,0.0
4520,399,0.0
4520,476,0.0
4520,264,0.0
4520,200,0.0
4520,189,0.0
4520,362,0.0
4520,17,0.0
4520,16,0.0
4520,310,0.0
15526,119,0.0
15526,399,0.0
15526,476,0.0
15526,264,0.0
15526,200,0.0
15526,189,0.0
15526,362,0.0
15526,17,0.0
15526,16,0.0
15526,310,0.0
15498,119,0.0
15498,20,0.0
15498,399,0.0
15498,476,0.0
15498,200,0.0
15498,189,0.0
15498,362,0.0
15498,17,0.0
15498,16,0.0
15498,310,0.0
18200,119,0.0
18200,399,0.0
18200,476,0.0
18200,200,0.0
18200,189,0.0
18200,362,0.0
18200,17,0.0
18200,16,0.0
18200,310,0.0
18200,59,0.0
17799,119,0.0
17799,20,0.0
17799,399,0.0
17799,476,0.0
17799,264,0.0
17799,200,0.0
17799,189,0.0
17799,362,0.0
17799,17,0.0
17799,16,0.0
17797,119,0.0
17797,399,0.0
17797,476,0.0
17797,200,0.0
17797,189,0.0
17797,362,0.0
17797,17,0.0
17797,16,0.0
17797,310,0.0
17797,59,0.0
18109,119,0.0
18109,20,0.0
18109,399,0.0
18109,476,0.0
18109,264,0.0
18109,200,0.0
18109,189,0.0
18109,362,0.0
18109,17,0.0
18109,16,0.0
17789,119,0.0
17789,20,0.0
17789,399,0.0
17789,476,0.0
17789,264,0.0
17789,200,0.0
17789,189,0.0
17789,362,0.0
17789,17,0.0
17789,16,0.0
743,20,0.0
743,399,0.0
743,476,0.0
743,264,0.0
743,200,0.0
743,189,0.0
743,362,0.0
743,17,0.0
743,16,0.0
743,310,0.0
1121,119,0.0
1121,20,0.0
1121,399,0.0
1121,476,0.0
1121,264,0.0
1121,200,0.0
1121,189,0.0
1121,362,0.0
1121,17,0.0
1121,16,0.0
7924,119,0.0
7924,20,0.0
7924,399,0.0
7924,476,0.0
7924,200,0.0
7924,189,0.0
7924,362,0.0
7924,17,0.0
7924,16,0.0
7924,310,0.0
6296,119,0.0
6296,20,0.0
6296,399,0.0
6296,476,0.0
6296,264,0.0
6296,200,0.0
6296,189,0.0
6296,362,0.0
6296,17,0.0
6296,16,0.0
17795,119,0.0
17795,399,0.0
17795,476,0.0
17795,264,0.0
17795,200,0.0
17795,189,0.0
17795,362,0.0
17795,17,0.0
17795,16,0.0
17795,310,0.0
10651,119,0.0
10651,20,0.0
10651,399,0.0
10651,476,0.0
10651,264,0.0
10651,189,0.0
10651,362,0.0
10651,17,0.0
10651,16,0.0
10651,310,0.0
7123,119,0.0
7123,20,0.0
7123,399,0.0
7123,476,0.0
7123,264,0.0
7123,200,0.0
7123,189,0.0
7123,362,0.0
7123,17,0.0
7123,16,0.0
16169,119,0.0
16169,20,0.0
16169,399,0.0
16169,476,0.0
16169,200,0.0
16169,189,0.0
16169,362,0.0
16169,17,0.0
16169,16,0.0
16169,310,0.0
10286,119,0.0
10286,399,0.0
10286,476,0.0
10286,200,0.0
10286,189,0.0
10286,362,0.0
10286,17,0.0
10286,16,0.0
10286,310,0.0
10286,59,0.0
17011,119,0.0
17011,20,0.0
17011,476,0.0
17011,264,0.0
17011,200,0.0
17011,189,0.0
17011,362,0.0
17011,17,0.0
17011,16,0.0
17011,310,0.0
2687,119,0.0
2687,20,0.0
2687,399,0.0
2687,476,0.0
2687,264,0.0
2687,200,0.0
2687,189,0.0
2687,362,0.0
2687,17,0.0
2687,16,0.0
18106,119,0.0
18106,20,0.0
18106,399,0.0
18106,476,0.0
18106,264,0.0
18106,200,0.0
18106,189,0.0
18106,362,0.0
18106,17,0.0
18106,16,0.0
3884,119,0.0
3884,20,0.0
3884,399,0.0
3884,476,0.0
3884,200,0.0
3884,189,0.0
3884,362,0.0
3884,17,0.0
3884,16,0.0
3884,310,0.0
18955,119,0.0
18955,20,0.0
18955,399,0.0
18955,476,0.0
18955,264,0.0
18955,200,0.0
18955,189,0.0
18955,362,0.0
18955,17,0.0
18955,16,0.0
17023,119,0.0
17023,20,0.0
17023,399,0.0
17023,476,0.0
17023,264,0.0
17023,200,0.0
17023,189,0.0
17023,362,0.0
17023,17,0.0
17023,16,0.0
514,119,0.0
514,399,0.0
514,476,0.0
514,264,0.0
514,200,0.0
514,189,0.0
514,362,0.0
514,17,0.0
514,16,0.0
514,310,0.0
17796,119,0.0
17796,20,0.0
17796,399,0.0
17796,476,0.0
17796,200,0.0
17796,189,0.0
17796,362,0.0
17796,17,0.0
17796,16,0.0
17796,310,0.0
13982,119,0.0
13982,20,0.0
13982,399,0.0
13982,476,0.0
13982,264,0.0
13982,200,0.0
13982,189,0.0
13982,362,0.0
13982,17,0.0
13982,16,0.0
201,20,0.0
201,399,0.0
201,476,0.0
201,264,0.0
201,200,0.0
201,189,0.0
201,362,0.0
201,17,0.0
201,16,0.0
201,310,0.0
12059,20,0.0
12059,399,0.0
12059,476,0.0
12059,264,0.0
12059,200,0.0
12059,189,0.0
12059,362,0.0
12059,17,0.0
12059,16,0.0
12059,310,0.0
18679,119,0.0
18679,399,0.0
18679,476,0.0
18679,264,0.0
18679,200,0.0
18679,189,0.0
18679,362,0.0
18679,17,0.0
18679,16,0.0
18679,310,0.0
5660,119,0.0
5660,20,0.0
5660,399,0.0
5660,476,0.0
5660,264,0.0
5660,200,0.0
5660,189,0.0
5660,362,0.0
5660,17,0.0
5660,16,0.0
15230,119,0.0
15230,20,0.0
15230,399,0.0
15230,476,0.0
15230,264,0.0
15230,200,0.0
15230,189,0.0
15230,362,0.0
15230,17,0.0
15230,16,0.0
3904,119,0.0
3904,399,0.0
3904,476,0.0
3904,264,0.0
3904,200,0.0
3904,189,0.0
3904,362,0.0
3904,17,0.0
3904,16,0.0
3904,310,0.0
15033,119,0.0
15033,20,0.0
15033,399,0.0
15033,476,0.0
15033,264,0.0
15033,200,0.0
15033,189,0.0
15033,362,0.0
15033,17,0.0
15033,16,0.0
17007,119,0.0
17007,399,0.0
17007,476,0.0
17007,264,0.0
17007,200,0.0
17007,189,0.0
17007,362,0.0
17007,17,0.0
17007,16,0.0
17007,310,0.0
17021,119,0.0
17021,399,0.0
17021,476,0.0
17021,264,0.0
17021,200,0.0
17021,189,0.0
17021,362,0.0
17021,17,0.0
17021,16,0.0
17021,310,0.0
1436,119,0.0
1436,399,0.0
1436,476,0.0
1436,200,0.0
1436,189,0.0
1436,362,0.0
1436,17,0.0
1436,16,0.0
1436,310,0.0
1436,59,0.0
18107,119,0.0
18107,20,0.0
18107,399,0.0
18107,476,0.0
18107,264,0.0
18107,200,0.0
18107,189,0.0
18107,362,0.0
18107,17,0.0
18107,16,0.0
17020,119,0.0
17020,20,0.0
17020,399,0.0
17020,476,0.0
17020,264,0.0
17020,200,0.0
17020,189,0.0
17020,362,0.0
17020,17,0.0
17020,16,0.0
4182,119,0.0
4182,20,0.0
4182,399,0.0
4182,476,0.0
4182,264,0.0
4182,200,0.0
4182,189,0.0
4182,362,0.0
4182,17,0.0
4182,16,0.0
2988,119,0.0
2988,20,0.0
2988,399,0.0
2988,476,0.0
2988,200,0.0
2988,189,0.0
2988,362,0.0
2988,17,0.0
2988,16,0.0
2988,310,0.0
17685,119,0.0
17685,20,0.0
17685,399,0.0
17685,476,0.0
17685,264,0.0
17685,200,0.0
17685,189,0.0
17685,362,0.0
17685,17,0.0
17685,16,0.0
8494,119,0.0
8494,20,0.0
8494,399,0.0
8494,476,0.0
8494,264,0.0
8494,200,0.0
8494,189,0.0
8494,362,0.0
8494,17,0.0
8494,16,0.0
17804,119,0.0
17804,20,0.0
17804,399,0.0
17804,476,0.0
17804,200,0.0
17804,189,0.0
17804,362,0.0
17804,17,0.0
17804,16,0.0
17804,310,0.0
17781,119,0.0
17781,399,0.0
17781,476,0.0
17781,264,0.0
17781,200,0.0
17781,189,0.0
17781,362,0.0
17781,17,0.0
17781,16,0.0
17781,310,0.0
17794,119,0.0
17794,20,0.0
17794,399,0.0
17794,476,0.0
17794,264,0.0
17794,200,0.0
17794,189,0.0
17794,362,0.0
17794,17,0.0
17794,16,0.0
13989,119,0.0
13989,20,0.0
13989,399,0.0
13989,476,0.0
13989,264,0.0
13989,200,0.0
13989,189,0.0
13989,362,0.0
13989,17,0.0
13989,16,0.0
18566,119,0.0
18566,399,0.0
18566,476,0.0
18566,264,0.0
18566,200,0.0
18566,189,0.0
18566,362,0.0
18566,17,0.0
18566,16,0.0
18566,310,0.0
15415,119,0.0
15415,20,0.0
15415,399,0.0
15415,476,0.0
15415,264,0.0
15415,200,0.0
15415,189,0.0
15415,362,0.0
15415,17,0.0
15415,16,0.0
1438,119,0.0
1438,20,0.0
1438,399,0.0
1438,476,0.0
1438,264,0.0
1438,200,0.0
1438,189,0.0
1438,362,0.0
1438,17,0.0
1438,16,0.0
17783,119,0.0
17783,20,0.0
17783,399,0.0
17783,476,0.0
17783,264,0.0
17783,200,0.0
17783,189,0.0
17783,362,0.0
17783,17,0.0
17783,16,0.0
2358,119,0.0
2358,20,0.0
2358,399,0.0
2358,476,0.0
2358,264,0.0
2358,200,0.0
2358,189,0.0
2358,362,0.0
2358,17,0.0
2358,16,0.0
17809,119,0.0
17809,399,0.0
17809,476,0.0
17809,264,0.0
17809,200,0.0
17809,189,0.0
17809,362,0.0
17809,17,0.0
17809,16,0.0
17809,310,0.0
17773,119,0.0
17773,20,0.0
17773,399,0.0
17773,476,0.0
17773,200,0.0
17773,189,0.0
17773,362,0.0
17773,17,0.0
17773,16,0.0
17773,310,0.0
17774,119,0.0
17774,20,0.0
17774,399,0.0
17774,476,0.0
17774,264,0.0
17774,200,0.0
17774,189,0.0
17774,362,0.0
17774,17,0.0
17774,16,0.0
18671,119,0.0
18671,20,0.0
18671,399,0.0
18671,476,0.0
18671,264,0.0
18671,189,0.0
18671,362,0.0
18671,17,0.0
18671,16,0.0
18671,310,0.0
2842,20,0.0
2842,399,0.0
2842,476,0.0
2842,264,0.0
2842,200,0.0
2842,189,0.0
2842,362,0.0
2842,17,0.0
2842,16,0.0
2842,310,0.0
17770,119,0.0
17770,399,0.0
17770,476,0.0
17770,264,0.0
17770,200,0.0
17770,189,0.0
17770,362,0.0
17770,17,0.0
17770,16,0.0
17770,310,0.0
17194,119,0.0
17194,399,0.0
17194,476,0.0
17194,264,0.0
17194,200,0.0
17194,189,0.0
17194,362,0.0
17194,17,0.0
17194,16,0.0
17194,310,0.0
4938,119,0.0
4938,399,0.0
4938,476,0.0
4938,264,0.0
4938,200,0.0
4938,189,0.0
4938,362,0.0
4938,17,0.0
4938,16,0.0
4938,310,0.0
16286,119,0.0
16286,20,0.0
16286,399,0.0
16286,476,0.0
16286,264,0.0
16286,200,0.0
16286,189,0.0
16286,362,0.0
16286,17,0.0
16286,16,0.0
17016,119,0.0
17016,20,0.0
17016,399,0.0
17016,476,0.0
17016,264,0.0
17016,200,0.0
17016,189,0.0
17016,362,0.0
17016,17,0.0
17016,16,0.0
11614,119,0.0
11614,20,0.0
11614,399,0.0
11614,476,0.0
11614,264,0.0
11614,200,0.0
11614,189,0.0
11614,362,0.0
11614,17,0.0
11614,16,0.0
18677,119,0.0
18677,20,0.0
18677,399,0.0
18677,476,0.0
18677,264,0.0
18677,200,0.0
18677,189,0.0
18677,362,0.0
18677,17,0.0
18677,16,0.0
17490,119,0.0
17490,399,0.0
17490,476,0.0
17490,200,0.0
17490,189,0.0
17490,362,0.0
17490,17,0.0
17490,16,0.0
17490,310,0.0
17490,59,0.0
64,119,0.0
64,20,0.0
64,399,0.0
64,476,0.0
64,264,0.0
64,200,0.0
64,189,0.0
64,362,0.0
64,17,0.0
64,16,0.0
8278,119,0.0
8278,399,0.0
8278,476,0.0
8278,264,0.0
8278,200,0.0
8278,189,0.0
8278,362,0.0
8278,17,0.0
8278,16,0.0
8278,310,0.0
11481,119,0.0
11481,20,0.0
11481,399,0.0
11481,476,0.0
11481,264,0.0
11481,200,0.0
11481,189,0.0
11481,362,0.0
11481,17,0.0
11481,16,0.0
17776,119,0.0
17776,20,0.0
17776,476,0.0
17776,264,0.0
17776,200,0.0
17776,189,0.0
17776,362,0.0
17776,17,0.0
17776,16,0.0
17776,310,0.0
1323,119,0.0
1323,20,0.0
1323,476,0.0
1323,264,0.0
1323,200,0.0
1323,189,0.0
1323,17,0.0
1323,16,0.0
1323,310,0.0
1323,59,0.0
2989,119,0.0
2989,20,0.0
2989,399,0.0
2989,476,0.0
2989,264,0.0
2989,200,0.0
2989,189,0.0
2989,362,0.0
2989,17,0.0
2989,16,0.0
