17,12777,0.0
17,2386,0.0
17,8046,0.0
17,755,0.0
17,2739,0.0
17,16118,0.0
17,19483,0.0
17,16678,0.0
17,19036,0.0
17,18460,0.0
22,15067,33.920407816553066
22,11188,33.638695003087854
22,9928,32.867301123520036
22,4342,31.90024984479165
22,397,31.750944471688417
22,14412,31.67171095587065
22,1709,30.90024984479165
22,12287,30.835202688952208
22,19683,30.835202688952208
22,19470,30.80313506345177
5,322,7.0
5,19111,7.0
5,5777,7.0
5,1237,7.0
5,16141,7.0
5,4548,7.0
5,10257,7.0
5,11139,7.0
5,16944,7.0
5,9454,7.0
2,111,1.0
2,7753,1.0
2,16398,1.0
2,19001,1.0
2,8347,1.0
2,8039,1.0
2,17052,1.0
2,18460,1.0
2,19036,1.0
2,17036,1.0
41,12931,5.999954651610978
41,16408,5.999954651610978
41,5777,5.999954651610978
41,3029,5.99580949552015
41,7753,5.99580949552015
41,11630,5.99580949552015
41,6034,5.984783558817937
41,12262,5.984783558817937
41,15102,5.984783558817937
41,16950,5.984783558817937
50,12262,38.712647837560816
50,4183,37.82702193769184
50,16408,37.82534892582963
50,11630,37.81613199101855
50,3029,37.81613199101855
50,16950,37.712647837560816
50,6034,37.712647837560816
50,11439,37.712647837560816
50,15102,37.678878982267115
50,12235,37.627567206510555
38,4337,1.0
38,12187,1.0
38,1221,1.0
38,5624,1.0
38,7691,1.0
38,2044,1.0
38,4183,1.0
38,16209,1.0
38,16678,1.0
38,12231,1.0
10,9493,4.0
10,672,4.0
10,11151,4.0
10,15067,4.0
10,12931,3.9863939238321437
10,7753,3.964763821237732
10,8418,3.0
10,16944,3.0
10,10257,3.0
10,4548,3.0
27,11151,43.49491471885725
27,8319,38.949827980692
27,17311,38.93109546292295
27,8966,38.925744733582114
27,16944,38.925744733582114
27,1237,38.925744733582114
27,4548,38.925744733582114
27,10257,38.925744733582114
27,11139,38.925744733582114
27,322,38.925744733582114
35,4,23.0
35,15596,23.0
35,2974,16.0
35,1356,16.0
35,441,16.0
35,2093,16.0
35,10213,16.0
35,7651,16.0
35,18593,16.0
35,16129,16.0
15,11151,5.0
15,12262,5.0
15,12931,4.998280211304266
15,7753,4.984183323973696
15,11139,4.0
15,4187,4.0
15,8319,4.0
15,16944,4.0
15,10257,4.0
15,4548,4.0
16,12235,1.0
16,14084,1.0
16,2044,1.0
16,12185,1.0
16,7753,1.0
16,12187,1.0
16,12931,1.0
16,16209,1.0
16,5624,1.0
16,11973,1.0
30,8530,0.0
30,12777,0.0
30,2386,0.0
30,8046,0.0
30,755,0.0
30,2739,0.0
30,16118,0.0
30,19483,0.0
30,16678,0.0
30,19036,0.0
42,18275,1.0
42,9320,1.0
42,8339,1.0
42,7753,1.0
42,12187,1.0
42,2386,1.0
42,12931,1.0
42,8046,1.0
42,12777,1.0
42,8075,1.0
44,12235,1.0
44,14084,1.0
44,2044,1.0
44,12185,1.0
44,7753,1.0
44,12187,1.0
44,12931,1.0
44,16209,1.0
44,5624,1.0
44,11973,1.0
34,11151,8.751168364114363
34,7753,8.70637109910833
34,3433,8.0
34,19754,7.9922778767136675
34,17311,7.989611600305233
34,5189,7.9647638212377325
34,18705,7.9647638212377325
34,8319,7.961418118461249
34,12262,7.947917871472967
34,16950,7.947917871472967
33,18275,1.0
33,9320,1.0
33,8339,1.0
33,7753,1.0
33,12187,1.0
33,2386,1.0
33,12931,1.0
33,8046,1.0
33,12777,1.0
33,8075,1.0
48,16141,5.0
48,1237,5.0
48,10257,5.0
48,11139,5.0
48,11151,5.0
48,16944,5.0
48,4548,5.0
48,7753,5.0
48,8319,5.0
48,4068,5.0
4,6189,18.0
4,11151,18.0
4,11188,18.0
4,19410,18.0
4,7753,18.0
4,12931,18.0
4,11880,18.0
4,17995,16.0
4,1337,16.0
4,9646,16.0
46,12262,3.0
46,11139,3.0
46,1237,3.0
46,8319,3.0
46,4548,3.0
46,11151,3.0
46,16950,3.0
46,10257,3.0
46,16944,3.0
46,4068,3.0
45,8530,0.0
45,12777,0.0
45,2386,0.0
45,8046,0.0
45,755,0.0
45,2739,0.0
45,16118,0.0
45,19483,0.0
45,16678,0.0
45,19036,0.0
29,8530,0.0
29,12777,0.0
29,2386,0.0
29,8046,0.0
29,755,0.0
29,2739,0.0
29,16118,0.0
29,19483,0.0
29,16678,0.0
29,19036,0.0
37,8530,0.0
37,12777,0.0
37,2386,0.0
37,8046,0.0
37,755,0.0
37,2739,0.0
37,16118,0.0
37,19483,0.0
37,16678,0.0
37,19036,0.0
18,7691,2.0
18,14201,2.0
18,11973,2.0
18,12185,2.0
18,16408,2.0
18,14084,2.0
18,12235,2.0
18,16209,2.0
18,16678,2.0
18,10679,2.0
36,8530,0.0
36,12777,0.0
36,2386,0.0
36,8046,0.0
36,755,0.0
36,2739,0.0
36,16118,0.0
36,19483,0.0
36,16678,0.0
36,19036,0.0
11,16408,1.0
11,11973,1.0
11,14084,1.0
11,12185,1.0
11,12235,1.0
11,7691,1.0
11,9646,1.0
11,16209,1.0
11,16678,1.0
11,14201,1.0
31,12135,1.0
31,8620,1.0
31,6311,1.0
31,6792,1.0
31,8619,1.0
31,2386,1.0
31,16118,1.0
31,12777,1.0
31,12064,1.0
31,14326,1.0
9,8530,0.0
9,12777,0.0
9,2386,0.0
9,8046,0.0
9,755,0.0
9,2739,0.0
9,16118,0.0
9,19483,0.0
9,16678,0.0
9,19036,0.0
1,8530,0.0
1,12777,0.0
1,2386,0.0
1,8046,0.0
1,755,0.0
1,2739,0.0
1,16118,0.0
1,19483,0.0
1,16678,0.0
1,19036,0.0
49,8530,0.0
49,12777,0.0
49,2386,0.0
49,8046,0.0
49,755,0.0
49,2739,0.0
49,16118,0.0
49,19483,0.0
49,16678,0.0
49,19036,0.0
